8
0
8
27
41
36
5
-30
-44
-29
-5
15
22
15
-9
-33
-37
-20
-2
-2
-13
-26
-36
-39
-31
-15
-2
0
0
3
6
7
3
-5
-16
-26
-35
-49
-62
-66
-50
-23
-1
9
6
-9
-31
-42
-36
-30
-51
-89
-108
-87
-47
-26
-30
-35
-27
-20
-28
-38
-30
-9
-1
-9
-15
-6
6
15
24
28
12
-15
-21
2
29
35
29
30
28
6
-26
-43
-36
-20
-14
-18
-22
-19
-5
5
-8
-38
-67
-73
-63
-53
-53
-55
-50
-40
-31
-30
-37
-50
-62
-58
-38
-19
-15
-23
-31
-29
-26
-22
-15
-5
1
-1
-1
7
15
20
27
34
30
18
18
34
47
41
33
43
53
42
16
-4
-6
-3
0
11
24
29
30
32
29
18
18
43
74
81
60
35
23
21
27
33
25
8
2
14
33
42
40
30
1
-31
-35
-5
22
16
-2
3
34
61
60
36
12
13
43
76
80
60
44
44
48
48
47
38
12
-12
-6
19
32
26
22
27
25
17
24
45
53
42
34
39
45
47
52
54
38
15
14
35
45
38
29
36
45
50
50
41
17
-6
-4
20
35
30
25
36
52
55
41
22
11
17
32
29
0
-33
-39
-16
11
22
9
-19
-38
-30
-7
-6
-31
-43
-19
13
8
-22
-33
-11
17
26
20
17
28
40
33
-10
-66
-84
-44
15
32
5
-18
-1
31
39
13
-14
-13
16
39
26
-21
-59
-55
-19
13
17
10
6
9
11
10
7
4
5
19
35
30
-3
-39
-53
-44
-32
-27
-21
-16
-19
-21
-6
22
44
48
38
22
-5
-31
-38
-23
-10
-18
-38
-42
-34
-27
-16
15
54
60
13
-42
-48
0
45
44
5
-25
-30
-24
-31
-47
-52
-38
-17
-8
-10
-13
-8
-3
-10
-27
-41
-49
-57
-67
-70
-65
-67
-75
-74
-54
-28
-22
-35
-43
-34
-14
2
5
-7
-24
-24
-3
21
26
13
6
13
21
18
9
4
2
-2
-1
10
23
21
7
-6
-10
-4
7
16
11
-5
-22
-25
-26
-37
-52
-50
-34
-29
-38
-36
-16
-9
-33
-64
-68
-55
-49
-56
-63
-71
-88
-99
-83
-50
-26
-28
-43
-55
-54
-42
-29
-29
-39
-41
-28
-23
-39
-57
-61
-58
-61
-63
-52
-41
-41
-45
-42
-40
-47
-55
-51
-40
-28
-19
-12
-12
-11
7
34
42
23
1
5
26
40
35
18
2
-5
0
15
30
46
66
74
60
38
30
41
56
70
77
72
58
50
61
71
63
52
59
78
84
71
55
48
43
42
48
56
62
59
49
32
16
14
20
20
23
44
73
79
58
43
42
31
-1
-21
-10
9
9
1
6
14
11
2
2
9
11
9
5
-3
-14
-20
-12
-2
2
-7
-26
-48
-51
-20
23
44
32
14
13
20
24
23
26
30
27
19
22
39
53
46
25
17
32
47
41
27
31
52
60
45
25
19
24
32
39
38
20
3
8
27
37
28
19
21
32
44
52
53
49
39
23
-5
-38
-47
-24
6
6
-13
-21
-10
-6
-20
-34
-29
-20
-30
-55
-67
-48
-22
-19
-46
-73
-70
-39
-12
-9
-21
-24
-14
-7
-21
-49
-64
-51
-29
-27
-42
-53
-42
-24
-16
-19
-19
-10
6
20
22
10
4
13
28
30
19
11
13
20
30
45
50
40
28
31
40
26
-3
-13
8
34
42
37
25
7
-6
2
31
50
42
19
9
13
22
33
42
35
5
-25
-21
12
36
28
12
11
15
0
-24
-24
1
13
-8
-37
-45
-36
-31
-33
-31
-28
-29
-24
-15
-20
-41
-55
-55
-60
-76
-74
-43
-21
-38
-71
-71
-36
-8
-8
-27
-44
-51
-43
-24
-9
-8
-16
-27
-47
-70
-73
-51
-36
-54
-86
-94
-70
-44
-32
-29
-27
-22
-16
-8
0
0
-15
-46
-71
-71
-46
-19
-12
-24
-40
-45
-33
-3
29
32
8
-17
-18
-8
-3
5
16
16
-5
-17
2
24
14
-16
-20
8
30
27
18
14
6
-4
0
25
50
57
49
34
22
24
48
70
63
29
11
25
47
46
24
10
17
28
26
17
13
25
46
56
46
23
12
23
40
41
28
14
6
1
1
11
24
25
18
18
30
34
25
16
18
29
38
45
48
49
53
63
64
44
21
17
30
36
29
32
54
70
53
18
-7
-9
3
11
7
-3
-5
5
11
3
-5
-1
2
-13
-31
-26
0
17
12
-2
-13
-14
-2
13
19
8
2
16
24
12
-5
4
30
40
30
18
11
3
-1
9
15
-7
-38
-42
-16
11
21
28
33
22
0
-13
-11
-10
-18
-16
9
33
36
26
27
38
36
12
-9
-3
28
55
61
51
40
37
39
41
40
35
25
12
7
18
33
35
18
5
12
33
42
30
18
19
23
15
0
-11
-15
-23
-34
-37
-31
-25
-29
-43
-58
-66
-62
-50
-45
-54
-75
-87
-79
-52
-26
-20
-33
-39
-27
-9
-6
-10
-9
-7
-18
-37
-47
-58
-75
-78
-46
-4
4
-23
-36
-16
8
5
-20
-45
-59
-59
-49
-50
-71
-81
-45
13
32
-4
-46
-47
-21
-3
-3
-10
-10
-2
-2
-23
-68
-95
-72
-18
15
6
-12
-6
17
28
13
-16
-35
-31
-17
-29
-71
-105
-91
-39
2
4
-13
-22
-24
-28
-28
-18
2
23
32
20
-10
-34
-31
-10
0
-9
-12
4
14
-8
-46
-59
-40
-24
-36
-61
-70
-64
-50
-32
-6
15
21
21
23
21
7
0
19
50
54
29
7
15
47
80
91
70
35
21
44
77
78
49
29
34
36
14
-6
6
39
53
38
14
1
-2
-5
-10
-12
-6
2
6
7
12
12
5
-1
6
26
43
43
28
17
23
42
55
52
45
49
59
49
21
5
20
47
55
37
8
-20
-29
-10
26
45
34
25
37
47
25
-16
-31
-12
16
36
46
34
-4
-39
-38
-4
19
8
-11
-11
8
19
0
-35
-61
-57
-31
-13
-11
-9
7
22
15
-9
-29
-35
-30
-20
-10
-6
-9
-11
-2
13
22
22
21
23
24
19
13
10
11
14
23
35
43
41
25
9
2
6
21
41
54
50
32
17
16
20
16
7
1
2
7
15
24
31
34
34
24
-8
-46
-64
-43
-14
-3
-8
-7
1
3
-6
-13
-16
-19
-22
-21
-19
-23
-27
-24
-14
-7
-5
-8
-21
-44
-65
-70
-60
-43
-29
-18
-15
-14
-8
2
1
-15
-32
-31
-17
-8
-4
4
15
15
0
-10
-6
2
-4
-16
-22
-17
-18
-30
-36
-29
-14
-7
-6
-1
10
17
11
-1
-8
0
17
23
5
-19
-21
-2
11
0
-6
16
46
56
47
43
48
41
22
11
22
40
47
42
28
13
1
-5
-6
-6
-2
8
15
13
12
19
27
20
-1
-24
-38
-42
-31
-4
22
27
10
-17
-41
-54
-52
-45
-50
-68
-84
-77
-60
-53
-56
-40
-6
14
-3
-36
-51
-45
-39
-45
-46
-27
-2
-5
-43
-73
-59
-13
18
7
-16
-18
-4
-10
-35
-42
-17
10
5
-17
-16
9
17
-13
-53
-59
-31
-3
0
-11
-15
-5
8
10
7
13
30
37
17
-11
-11
14
31
25
17
31
49
41
10
-8
3
27
40
35
16
-6
-24
-28
-20
-4
18
39
44
36
34
48
61
54
36
32
38
35
25
31
56
61
25
-23
-38
-13
14
12
-3
0
26
47
42
20
8
11
9
-4
-11
11
45
50
11
-31
-37
-16
-12
-36
-56
-50
-34
-29
-34
-26
-7
2
-13
-40
-54
-39
-5
17
4
-38
-68
-59
-25
5
19
26
38
53
64
72
74
62
28
-15
-44
-43
-14
10
0
-34
-50
-20
21
21
-24
-65
-65
-44
-33
-35
-37
-36
-42
-50
-45
-28
-8
3
4
-5
-25
-48
-55
-44
-27
-20
-27
-36
-27
1
28
25
-9
-36
-34
-14
-6
-13
-19
-15
-16
-31
-41
-35
-25
-25
-21
-2
22
32
24
17
22
32
35
24
7
-4
10
38
52
42
29
35
51
52
39
35
52
70
69
56
48
52
60
64
63
64
80
106
119
101
67
48
44
30
4
3
54
128
170
160
114
68
38
26
24
24
23
30
42
41
23
6
12
31
35
18
7
10
14
-2
-28
-36
-14
23
39
19
-17
-40
-40
-36
-39
-39
-18
8
12
-11
-32
-34
-32
-43
-56
-48
-21
-1
0
-8
-9
-11
-21
-34
-42
-48
-62
-78
-77
-51
-12
14
19
13
13
10
-16
-57
-70
-37
8
19
5
3
19
11
-32
-61
-43
-11
-19
-68
-100
-85
-47
-29
-46
-75
-85
-65
-43
-46
-65
-66
-41
-23
-33
-51
-47
-33
-37
-48
-39
-11
2
-18
-47
-59
-54
-43
-29
-14
-11
-23
-39
-45
-37
-26
-15
-13
-21
-33
-31
-19
-23
-52
-78
-69
-32
-4
-3
-18
-28
-29
-23
-16
-21
-42
-60
-52
-28
-16
-30
-52
-61
-59
-60
-67
-70
-61
-34
-1
14
-4
-32
-30
7
40
40
19
2
-13
-43
-79
-91
-70
-38
-16
-9
-2
12
29
40
31
4
-23
-31
-23
-21
-36
-49
-29
20
59
62
47
44
56
58
40
13
1
6
12
6
-7
-10
9
39
59
64
66
70
66
47
35
47
61
55
36
32
38
29
4
-4
20
56
72
58
26
-1
-4
15
36
47
53
55
42
23
27
60
79
51
8
8
47
69
51
22
15
24
32
34
27
15
9
26
54
65
47
14
-10
-21
-13
15
42
52
46
40
38
27
2
-17
-13
-1
1
-14
-28
-27
-13
-2
0
-2
8
21
24
13
-1
-5
-4
-7
-17
-26
-24
-17
-13
-12
-10
-2
7
3
-16
-28
-12
24
51
53
39
21
6
-7
-18
-18
-9
0
3
-2
-2
10
27
31
16
-7
-12
8
36
52
54
55
59
61
60
63
70
70
56
39
35
47
58
56
35
11
7
31
63
72
56
38
36
31
13
5
31
67
72
39
8
7
22
33
34
30
19
4
-5
1
19
35
42
39
32
26
30
39
44
39
30
25
23
22
20
22
30
32
21
7
6
13
7
-20
-41
-39
-20
-5
-1
-2
-9
-23
-36
-33
-21
-13
-14
-20
-35
-63
-81
-61
-14
23
31
17
-3
-26
-44
-49
-41
-34
-36
-47
-61
-75
-87
-95
-96
-92
-81
-69
-63
-64
-67
-70
-72
-76
-79
-76
-72
-69
-68
-69
-68
-65
-58
-51
-43
-33
-24
-30
-49
-58
-44
-24
-27
-50
-68
-65
-49
-36
-41
-57
-68
-62
-47
-45
-47
-29
13
39
24
-9
-20
-9
-10
-27
-39
-28
-9
1
-4
-11
-12
-5
-3
-14
-33
-41
-32
-19
-21
-37
-55
-61
-55
-43
-32
-26
-22
-22
-27
-28
-21
-16
-22
-30
-16
11
16
-8
-24
-11
-2
-26
-58
-53
-14
26
49
60
59
38
13
2
1
-4
-9
-2
6
0
-11
-13
-15
-34
-47
-28
10
24
8
-4
7
20
14
-6
-14
1
32
62
74
57
26
7
12
33
49
45
25
8
19
54
83
73
30
-12
-29
-25
-9
17
52
71
56
17
-7
9
45
61
45
25
36
77
110
104
65
32
31
55
81
90
84
70
53
34
22
16
7
-13
-32
-35
-22
-8
-2
4
21
29
8
-38
-64
-38
23
68
64
28
-4
-12
-6
-3
-11
-24
-30
-25
-13
0
13
18
3
-31
-56
-47
-20
-19
-56
-95
-100
-75
-47
-30
-30
-43
-56
-53
-29
0
20
25
14
-12
-25
-5
31
38
10
-21
-26
-16
-6
10
27
23
-3
-24
-22
-14
-20
-32
-32
-29
-26
-12
9
14
0
-5
12
29
33
40
62
67
39
14
32
72
77
34
-8
-17
-4
1
-4
-9
1
23
40
44
40
41
56
67
59
33
15
18
38
58
63
59
56
50
37
19
10
4
-14
-39
-42
-12
21
25
9
8
25
29
7
-16
-16
7
35
58
66
53
21
-11
-31
-38
-34
-20
7
40
61
58
36
9
-12
-22
-24
-18
-5
8
14
14
10
3
-4
-11
-19
-21
-16
-12
-15
-24
-30
-25
-16
-16
-27
-37
-35
-20
-6
-9
-31
-56
-63
-54
-50
-55
-51
-30
-13
-19
-33
-33
-27
-39
-63
-70
-47
-18
-9
-19
-34
-43
-44
-35
-19
-5
1
2
5
11
18
22
19
11
0
-5
3
21
36
37
23
10
5
-2
-20
-42
-45
-25
2
26
45
56
52
36
26
28
30
25
22
32
45
54
50
34
3
-30
-43
-31
-7
10
18
24
21
5
-16
-32
-38
-40
-40
-32
-11
11
28
33
24
2
-18
-21
-15
-25
-52
-65
-38
6
24
10
-10
-18
-21
-19
-15
-25
-56
-72
-39
17
36
7
-15
4
25
8
-37
-67
-71
-64
-54
-42
-39
-45
-43
-33
-35
-52
-54
-25
10
14
-4
-9
4
5
-31
-91
-139
-145
-109
-59
-31
-20
0
32
58
62
48
37
31
30
26
7
-24
-33
-1
51
81
86
84
87
83
72
68
70
68
61
58
58
59
68
86
94
72
38
24
36
51
55
49
31
14
15
36
38
-4
-54
-55
-6
40
49
30
7
-15
-39
-57
-62
-53
-44
-51
-72
-78
-43
18
54
32
-21
-53
-42
-20
-12
-19
-19
-4
13
12
-6
-13
4
29
33
19
15
33
48
38
11
-6
-3
14
44
76
89
68
27
7
23
49
47
13
-15
-8
26
57
77
89
92
82
64
54
60
74
89
92
73
40
23
40
70
74
49
31
37
52
61
58
44
18
1
17
57
73
40
-11
-32
-12
24
40
31
10
5
23
48
60
53
35
13
-11
-30
-35
-27
-17
-17
-25
-36
-42
-39
-33
-32
-27
-8
25
53
63
61
59
52
34
10
-6
-8
6
28
45
44
31
29
44
57
51
30
16
17
28
41
51
44
21
-1
5
38
71
76
58
38
35
47
61
58
35
14
8
12
1
-35
-85
-128
-161
-176
-167
-133
-88
-48
-16
11
25
21
8
-8
-30
-62
-100
-138
-177
-218
-246
-250
-238
-218
-187
-134
-73
-32
-10
8
23
20
-8
-43
-74
-104
-133
-149
-145
-128
-103
-64
-2
73
149
217
266
283
261
206
142
84
33
-16
-56
-73
-54
-6
57
127
199
270
339
395
428
423
376
302
212
99
-41
-180
-282
-322
-313
-269
-198
-100
27
174
306
373
353
267
155
23
-139
-317
-471
-572
-616
-607
-540
-429
-296
-154
-9
121
206
228
196
116
-17
-187
-351
-471
-539
-571
-571
-526
-420
-256
-60
131
278
360
372
336
279
197
71
-86
-229
-320
-357
-346
-272
-132
32
169
275
372
454
489
469
424
369
295
210
131
60
-10
-64
-68
-12
73
159
243
320
379
411
419
393
327
233
138
59
-11
-69
-108
-124
-119
-89
-45
-5
24
57
100
121
91
12
-84
-183
-283
-369
-426
-455
-468
-456
-403
-320
-238
-178
-136
-103
-83
-92
-147
-236
-326
-386
-415
-431
-432
-397
-320
-218
-109
-2
88
138
146
131
109
76
34
-13
-63
-107
-116
-67
23
119
211
312
420
505
548
560
550
511
427
316
213
150
132
138
148
160
191
243
294
321
330
336
338
330
314
299
276
234
170
95
21
-43
-86
-110
-133
-161
-179
-161
-106
-44
-18
-41
-93
-135
-152
-166
-202
-259
-321
-377
-416
-425
-396
-345
-300
-265
-231
-191
-150
-107
-72
-73
-123
-191
-232
-245
-260
-290
-308
-287
-231
-161
-88
-18
38
73
90
92
82
63
47
46
63
92
128
172
216
246
248
229
203
181
155
117
80
67
81
106
132
152
168
180
197
221
244
247
229
203
185
167
143
113
87
70
53
32
8
-10
-24
-42
-66
-95
-121
-133
-126
-100
-72
-56
-48
-34
-18
-22
-59
-119
-176
-222
-252
-266
-265
-266
-269
-247
-188
-118
-78
-75
-87
-102
-130
-171
-219
-261
-287
-285
-252
-207
-162
-111
-38
40
93
109
105
95
78
55
35
24
3
-34
-64
-53
-3
51
70
63
61
87
117
121
89
56
52
74
102
119
124
125
123
118
105
83
55
29
14
13
25
41
50
48
48
63
77
67
37
18
25
38
35
31
54
96
130
148
173
208
225
206
167
129
93
55
22
-1
-22
-40
-37
-14
8
23
44
70
70
29
-18
-40
-52
-92
-147
-182
-190
-199
-209
-203
-178
-167
-181
-198
-208
-215
-222
-221
-210
-202
-199
-188
-168
-148
-142
-156
-180
-199
-200
-192
-187
-173
-119
-25
65
128
185
255
309
315
277
219
157
100
61
34
0
-26
9
117
240
320
366
418
479
513
494
424
323
229
171
139
98
57
67
145
236
288
316
360
413
429
383
286
175
85
33
-12
-85
-167
-196
-141
-53
10
36
51
69
75
64
27
-40
-124
-208
-281
-341
-386
-411
-416
-412
-410
-410
-412
-407
-391
-380
-395
-426
-438
-418
-403
-408
-397
-346
-287
-273
-294
-302
-280
-252
-233
-215
-197
-182
-147
-70
39
133
191
229
267
298
310
301
294
297
297
269
221
198
239
318
372
386
404
471
579
688
770
816
822
780
689
549
380
220
89
-31
-148
-219
-191
-82
42
157
292
445
549
556
494
416
320
175
-15
-200
-351
-473
-581
-661
-684
-630
-517
-388
-281
-185
-80
13
33
-49
-188
-335
-487
-659
-825
-925
-932
-871
-782
-676
-552
-420
-311
-251
-235
-241
-254
-285
-333
-372
-369
-324
-271
-238
-219
-201
-188
-188
-200
-215
-225
-216
-182
-134
-90
-45
31
147
282
426
579
726
836
897
938
958
895
712
452
207
17
-116
-156
-47
207
532
857
1158
1410
1563
1585
1481
1261
935
537
142
-188
-418
-534
-515
-361
-101
208
509
748
901
967
941
806
577
300
0
-338
-701
-994
-1138
-1151
-1089
-941
-680
-373
-140
-19
33
19
-109
-331
-538
-672
-776
-900
-1006
-1041
-1032
-1039
-1069
-1080
-1061
-1041
-1045
-1047
-1002
-882
-704
-510
-329
-181
-93
-92
-170
-290
-430
-578
-704
-757
-708
-577
-390
-154
121
395
626
777
817
748
620
495
394
313
298
403
612
828
989
1126
1285
1436
1489
1403
1225
1032
844
642
443
337
400
606
865
1132
1403
1645
1780
1762
1599
1313
937
550
225
-32
-220
-260
-95
183
426
610
797
947
931
729
441
101
-332
-803
-1148
-1299
-1327
-1268
-1076
-773
-488
-300
-183
-141
-240
-459
-690
-918
-1230
-1607
-1875
-1925
-1843
-1755
-1658
-1500
-1305
-1165
-1142
-1211
-1287
-1301
-1285
-1335
-1450
-1508
-1447
-1354
-1296
-1200
-1001
-787
-658
-570
-445
-329
-283
-243
-137
-32
-9
2
81
158
162
195
376
620
779
901
1125
1415
1611
1692
1780
1889
1903
1788
1651
1556
1459
1343
1275
1317
1450
1628
1829
2036
2215
2331
2352
2248
2020
1702
1342
989
691
471
306
187
171
300
520
734
928
1138
1304
1279
997
542
25
-511
-1044
-1507
-1823
-1952
-1898
-1700
-1432
-1152
-858
-555
-321
-266
-412
-681
-996
-1344
-1719
-2061
-2300
-2411
-2438
-2426
-2372
-2233
-2007
-1764
-1571
-1439
-1360
-1363
-1472
-1651
-1839
-2014
-2161
-2229
-2188
-2075
-1917
-1659
-1272
-851
-508
-222
54
233
181
-47
-245
-318
-343
-335
-172
204
649
978
1164
1282
1354
1352
1300
1278
1349
1522
1775
2071
2358
2608
2838
3067
3273
3396
3383
3233
3001
2732
2432
2096
1797
1644
1655
1714
1732
1761
1894
2100
2273
2377
2442
2429
2237
1837
1314
763
245
-154
-328
-270
-90
108
289
405
359
101
-325
-872
-1520
-2197
-2747
-3075
-3205
-3152
-2850
-2315
-1764
-1426
-1297
-1227
-1207
-1380
-1786
-2246
-2571
-2782
-3012
-3274
-3416
-3315
-3045
-2783
-2599
-2392
-2078
-1739
-1511
-1402
-1329
-1296
-1410
-1703
-2073
-2408
-2650
-2734
-2589
-2235
-1764
-1215
-584
47
536
868
1133
1323
1318
1110
873
729
611
454
358
442
649
852
1048
1342
1780
2315
2859
3339
3720
4024
4259
4333
4126
3686
3208
2780
2316
1804
1457
1500
1891
2422
2947
3424
3787
3945
3865
3577
3138
2657
2263
1969
1655
1279
980
870
834
705
498
346
251
142
64
160
437
734
894
824
433
-349
-1440
-2603
-3616
-4349
-4731
-4715
-4329
-3706
-3008
-2330
-1718
-1242
-1015
-1105
-1447
-1913
-2443
-3026
-3574
-3950
-4157
-4337
-4530
-4604
-4453
-4101
-3550
-2727
-1706
-774
-145
184
214
-191
-1015
-1936
-2641
-3106
-3365
-3281
-2739
-1892
-983
-98
713
1254
1356
1090
637
89
-466
-803
-726
-249
473
1303
2117
2776
3212
3433
3418
3122
2622
2107
1693
1376
1171
1163
1377
1740
2155
2535
2814
3026
3304
3694
4066
4325
4563
4849
4999
4775
4196
3502
2851
2235
1640
1130
797
686
743
802
757
725
892
1200
1400
1456
1638
2111
2656
2933
2839
2499
1998
1275
232
-1088
-2415
-3432
-4094
-4642
-5173
-5395
-5033
-4273
-3539
-2926
-2236
-1432
-763
-427
-439
-746
-1263
-1830
-2386
-3061
-3877
-4547
-4855
-5014
-5260
-5339
-4825
-3795
-2721
-1797
-844
135
827
1076
1041
795
140
-1023
-2435
-3708
-4589
-4922
-4585
-3591
-2132
-481
1096
2351
3139
3505
3554
3276
2580
1536
412
-530
-1202
-1625
-1782
-1594
-1056
-338
333
882
1396
1944
2462
2875
3158
3265
3105
2689
2142
1529
867
331
236
682
1446
2332
3356
4427
5160
5251
4782
3975
2917
1756
896
656
962
1581
2457
3521
4422
4732
4288
3168
1514
-372
-1993
-2939
-3048
-2247
-571
1539
3338
4455
5135
5630
5750
5297
4466
3438
1959
-246
-2920
-5551
-7860
-9647
-10501
-10160
-8884
-7039
-4602
-1575
1391
3432
4349
4426
3581
1414
-1862
-5250
-7904
-9637
-10398
-9861
-7937
-5166
-2277
315
2292
3195
2846
1707
357
-1121
-2814
-4292
-4892
-4609
-4112
-3748
-3123
-1899
-496
422
791
1030
1285
1278
847
240
-215
-426
-456
-353
-127
251
887
1821
2843
3607
3941
3880
3458
2672
1641
604
-243
-787
-962
-861
-776
-866
-911
-660
-216
228
816
1774
2913
3876
4671
5457
5985
5908
5428
4922
4108
2458
333
-1249
-1986
-2410
-2559
-1673
498
3166
5608
7808
9628
10373
9647
7728
4791
775
-3631
-7012
-8650
-8907
-7869
-4919
-147
5072
9525
12969
15078
14945
12261
7739
1905
-5116
-12178
-17199
-19338
-19480
-17968
-13813
-7062
58
5616
9800
13079
14403
12705
8612
3280
-2963
-9579
-15085
-18686
-21055
-22268
-20845
-16244
-10352
-4842
985
7804
13594
15680
14083
10655
6137
302
-5954
-10888
-13765
-14763
-13728
-10671
-6726
-3057
484
4181
6864
7217
5895
4664
3959
2962
1640
977
1260
1620
1397
815
194
-521
-1256
-1589
-1260
-413
749
2161
3664
4902
5546
5539
5080
4409
3609
2714
1952
1592
1545
1463
1275
1153
873
-117
-1707
-2931
-3134
-2639
-1808
-181
2746
6369
9335
10806
10895
10037
8349
5651
2035
-1671
-4325
-5542
-5868
-5633
-4295
-1465
2105
5235
7403
8570
8814
8751
9263
10114
10017
8606
6692
3857
-1812
-10137
-17395
-20477
-20243
-18517
-14318
-6217
3621
11328
15950
18849
19778
17141
11404
4774
-1980
-9225
-15665
-19193
-20124
-20364
-19717
-16396
-11010
-6498
-3805
-961
2974
6163
7160
7014
6934
6112
3274
-1199
-5957
-10299
-14010
-16442
-16762
-14764
-10952
-6055
-812
3908
7085
7997
6898
4958
3202
1865
1084
1393
2728
3811
3557
2338
786
-1510
-4714
-7362
-8050
-7405
-6510
-4668
-884
3614
6785
8687
10519
11796
11054
8513
5556
2453
-1028
-3756
-4462
-3770
-2808
-1150
1542
3541
3369
2397
2456
2700
1715
799
1933
4178
5268
5226
5357
5331
4201
2719
1927
1239
224
49
875
645
-1107
-1472
1192
4280
5395
5944
7430
8372
8044
8702
10899
11520
9657
8381
7167
107
-13113
-22665
-21953
-17445
-16625
-14444
-2875
12837
20481
19167
18084
19577
16839
7792
-1532
-8262
-15530
-22846
-24963
-22087
-20296
-19756
-13661
-1788
6305
6101
5390
10861
17029
15707
8703
3146
-49
-5211
-13134
-20166
-23917
-24549
-22104
-16878
-10960
-5940
-640
5955
11348
12197
9019
5451
3560
2256
-12
-2922
-4881
-4926
-3755
-3049
-3786
-5346
-6420
-6494
-6268
-6855
-8403
-9146
-6740
-1585
2572
3289
3035
5102
7533
5621
-189
-4256
-4165
-3746
-6030
-8397
-7410
-4103
-1412
228
1878
3559
5136
7175
9087
9087
7466
6967
8408
9034
6847
3512
1215
-440
-2499
-4172
-4039
-1813
2205
7455
12325
15183
16506
17661
17772
14694
9081
4225
1604
-149
-1541
-1037
1624
4258
5554
6634
8127
8431
6516
4237
4028
5577
6462
5568
4356
4260
3705
-583
-8550
-15131
-15891
-12731
-10509
-9288
-4931
2633
7709
7151
4722
4322
4070
830
-3979
-7328
-9467
-11605
-12172
-9781
-6764
-5458
-3868
387
4711
5102
2862
2451
4178
4314
1728
-729
-1515
-2474
-4888
-7272
-8101
-7709
-6558
-4254
-1171
1336
3191
5887
9476
11352
9453
5085
909
-2588
-6600
-10693
-12507
-11120
-8615
-7256
-6822
-5982
-4689
-3537
-2167
-236
1335
1968
2721
3784
2765
-1515
-5851
-7356
-8932
-14776
-22264
-24907
-22473
-20676
-20531
-16276
-5917
4313
9495
12536
16829
19329
16227
9688
3483
-2976
-10850
-16945
-18150
-16587
-15025
-11454
-3777
4341
8442
10515
14974
20531
22544
21056
19900
19402
16342
10433
5068
1827
-705
-2723
-2420
464
4234
8383
13529
18377
20349
19355
17795
16610
14452
11057
8403
7631
7321
5986
4432
4233
5070
5047
3297
1055
-33
265
1323
3166
6051
8897
9901
8918
7360
5516
2429
-1081
-2490
-2087
-3859
-9469
-14803
-15797
-14438
-14749
-15499
-12088
-4311
2947
6458
7491
7665
6194
2109
-4042
-11345
-18660
-23539
-23969
-21352
-18777
-16310
-11365
-4143
1104
1695
221
428
1856
1089
-3088
-8427
-12637
-15787
-18901
-21719
-22774
-21084
-17142
-12549
-9054
-7559
-7468
-7207
-5966
-4708
-4715
-5474
-5266
-3920
-3359
-4677
-6147
-5442
-2738
-80
1593
3097
4882
5945
5284
3309
1251
-119
-691
-451
754
3008
6246
10273
14575
18186
20240
20724
20229
18775
15693
11260
7584
6701
8307
10606
12911
15855
19149
20888
19603
15935
11892
9181
8305
8728
9974
12512
16617
20560
21834
20416
18266
15338
9665
2198
-3052
-5340
-8234
-12028
-11847
-7202
-5699
-11032
-15087
-10336
-2780
-2024
-4978
-2263
3839
2469
-6724
-12558
-10915
-9839
-13765
-16618
-14652
-13176
-15263
-15555
-11151
-7713
-8480
-7659
-1825
1997
-2194
-8486
-8594
-5065
-5496
-9124
-9089
-4715
-2221
-4398
-7330
-7443
-5781
-4641
-4332
-3908
-2310
1166
5636
8724
9513
9829
10897
10750
7228
1658
-2901
-5544
-7190
-7771
-6477
-3946
-1631
582
3728
6998
8190
7126
5935
5013
1481
-6202
-14318
-17746
-16738
-16151
-17886
-18147
-13766
-7380
-3340
-1296
2375
8296
12996
13500
9907
3756
-3346
-9726
-14706
-19116
-22643
-22235
-16259
-8562
-4068
-1417
4887
15115
22830
24079
22402
21974
20809
14878
5464
-2009
-4549
-3382
-619
2725
6279
10201
14668
18366
19395
18615
19013
20404
18852
13605
9827
10943
13197
12415
11164
13330
16207
15057
11783
11491
13459
13247
11069
10138
9412
6215
3188
4112
6137
5183
4484
7022
5110
-8478
-23781
-24875
-14876
-10793
-14478
-10287
5529
15840
10389
1359
923
2391
-3894
-12844
-16284
-17537
-21070
-21055
-13576
-7282
-8359
-7691
2365
10964
5307
-6329
-6661
2959
5941
-2438
-9854
-8637
-6118
-10076
-16787
-18576
-14565
-9148
-5276
-2929
-1024
1552
5136
8436
9403
7288
3538
648
-360
-1402
-4593
-7838
-6579
-1144
2282
501
-2348
-2649
-3125
-5969
-7223
-4529
-3588
-8903
-14525
-12941
-7193
-4324
-2457
4398
13054
14664
9087
4132
1965
-2428
-9542
-13122
-10836
-7534
-6026
-3236
2178
6296
7152
8753
13932
18536
17380
12416
9776
10307
8411
1273
-5646
-5785
-742
3006
4887
10689
21548
30151
31021
27575
24560
20225
11763
2553
-2540
-4224
-4922
-2702
4359
12193
15884
17019
19563
22123
20694
15891
11434
8007
3723
-1543
-6174
-8937
-8969
-6777
-6010
-9402
-12938
-10580
-4591
-2753
-5054
-3366
3959
8319
4952
-86
-1497
-2886
-8122
-14025
-17133
-19400
-22267
-22936
-20672
-18986
-18001
-12881
-3241
4294
6370
7319
9807
9533
3346
-4928
-10784
-14556
-17451
-18367
-17331
-16359
-15020
-10750
-4561
-473
1334
4529
9226
11016
8297
4593
2522
800
-1891
-4755
-7261
-9703
-11164
-10195
-7209
-3656
111
4014
7080
8821
9557
8486
4725
500
-1594
-4599
-13685
-25701
-30364
-24338
-15457
-9474
-1976
10925
22761
25289
20169
14313
9033
1550
-6990
-12665
-15122
-16249
-15039
-9762
-2882
2038
6295
13036
19921
21044
16001
11129
10613
11437
9255
5107
3065
3970
5209
5554
6592
9298
12240
14017
14877
15000
13740
11789
11402
12879
13553
12203
11454
13294
15243
14262
11792
11176
12113
11484
8219
3891
-240
-3770
-6012
-6860
-7403
-7847
-6971
-5286
-5591
-8253
-9481
-6975
-3761
-3430
-5045
-5883
-5878
-6158
-6276
-5907
-6282
-7512
-7768
-7253
-8988
-13373
-16375
-15766
-14424
-14347
-12349
-5785
1829
5469
5351
4590
3241
-588
-5853
-9344
-10277
-10498
-10946
-10872
-9921
-8389
-5867
-1830
2728
6123
8222
10060
11262
9908
5742
1666
269
139
-1914
-5534
-6964
-4921
-2641
-2515
-2522
-432
2132
2890
2678
2812
2417
1464
1699
1003
-6708
-20532
-28815
-24120
-14858
-12104
-11706
-2486
12644
19178
13334
6500
5723
4352
-3805
-13905
-19205
-20187
-19057
-14542
-7364
-2206
660
6900
16367
19453
11885
3908
5923
12576
11577
3100
-1194
3578
9554
9754
7976
11095
18402
23692
23893
20935
17340
14035
11340
8967
5942
2962
3356
8767
15381
18033
16927
16193
16611
14714
9301
3726
616
-943
-1745
-894
592
-388
-3789
-6082
-6860
-9921
-15409
-17331
-12598
-6383
-4039
-3426
-384
3360
3464
-26
-4324
-8870
-13720
-16650
-16692
-16952
-19277
-20081
-16352
-11712
-10810
-11414
-8316
-2249
1537
1729
1764
3220
3950
2566
68
-3002
-7112
-11470
-14294
-15114
-14268
-11035
-4987
1789
6560
9213
11186
12262
11141
8333
5732
3810
1630
-822
-2558
-3382
-3740
-3393
-2186
-1276
-1460
-1231
1062
4129
5598
5798
6140
4726
-1754
-11534
-18212
-18869
-16838
-14653
-9892
-1230
6736
9448
8726
8208
6634
1451
-4707
-7687
-8865
-11661
-13936
-11465
-6485
-4380
-3692
1307
9164
12442
10514
10601
14536
15283
9815
4993
5974
8320
7225
6014
9102
13967
16594
18345
21016
21339
17001
12346
11337
10416
5698
1940
5778
13995
17712
16000
15982
19924
21382
15879
7568
2156
-638
-3782
-6879
-7683
-6516
-5219
-3957
-2734
-4037
-9533
-15237
-14975
-8979
-4034
-3624
-3249
1209
5509
2938
-5057
-10791
-11692
-12934
-18219
-24242
-26396
-24659
-21247
-16814
-11791
-7684
-4407
44
4778
5024
-650
-6204
-5819
-2504
-3552
-9396
-13262
-11811
-9814
-12067
-15772
-14864
-8807
-2609
662
2975
6674
10520
11949
10514
7302
3174
-611
-2214
-1774
-1985
-3870
-4460
-1670
1360
898
-815
1095
5956
8670
8145
7846
7729
3037
-6817
-15164
-17124
-15512
-14005
-10561
-2706
5778
9466
8946
8178
7233
3489
-2268
-6728
-9347
-11393
-11387
-7247
-1710
583
774
4060
10221
12918
10008
7537
10300
14523
14322
10587
8299
8510
8334
6936
6547
8406
11615
15446
19381
21655
20911
18575
16636
14172
9465
4504
3393
6509
10191
12361
14588
17851
20064
19222
15982
11681
6473
865
-3372
-5365
-6319
-7351
-8045
-8192
-8959
-11101
-13680
-15472
-15941
-14313
-9925
-4328
-622
392
907
1788
434
-5111
-12540
-18300
-22040
-25251
-27303
-26011
-21321
-15630
-10822
-7127
-4436
-2729
-1677
-1433
-2957
-5901
-7596
-6338
-4316
-4620
-6583
-7230
-6470
-7107
-9668
-10933
-8542
-4061
-187
2656
5500
8463
10525
10637
8476
5069
2569
2079
2115
972
-147
1107
3792
4257
1545
-1049
-886
594
949
550
1117
2255
1595
-2402
-8847
-14635
-15906
-11093
-3159
3053
6154
8535
10944
10281
4639
-2816
-7829
-10370
-12812
-14916
-14266
-10565
-5986
-1758
2638
7229
11225
14648
17753
19289
17922
14964
12892
11448
8269
3404
-7
39
2485
6109
11163
17103
21680
23720
24274
23779
20863
15465
10349
7490
5506
2927
1514
3651
8334
12501
14905
16031
15659
13237
9649
6104
2302
-2043
-5328
-6357
-7084
-10088
-14530
-17713
-19241
-20082
-18798
-13145
-5029
597
2106
2262
2516
714
-4392
-10600
-15899
-20785
-25167
-26731
-24576
-21106
-18112
-14217
-8521
-3391
-916
273
1656
1424
-2020
-5919
-6597
-5084
-5157
-7246
-8592
-8584
-9417
-11386
-11751
-9119
-5413
-2293
1142
5569
9143
10028
9217
8718
8422
6944
4545
2928
2414
1514
-452
-2254
-2917
-3189
-3746
-3573
-1729
648
2087
3303
5316
5929
1782
-5817
-10998
-10653
-7943
-6431
-4631
122
5605
7127
4339
1118
-533
-2270
-5293
-8396
-10318
-10720
-8788
-4146
942
3766
5498
9385
14468
15856
12513
9868
11959
15206
13862
8585
4999
5264
5886
4147
2516
4869
11066
17656
22408
25618
27490
26835
23044
17376
11316
5372
611
-773
1691
5186
7254
9049
12118
14140
12018
7559
5069
4337
1665
-2642
-4427
-3801
-5834
-11437
-15093
-14541
-14872
-18731
-20171
-14295
-6119
-2803
-2938
-1328
621
-2099
-8403
-13042
-15552
-19000
-22041
-20726
-16723
-15186
-15396
-12078
-5635
-2255
-3297
-3382
-624
-188
-4873
-9865
-10471
-8590
-7781
-7541
-6366
-5613
-6388
-6570
-4518
-2261
-1844
-1597
847
4487
6755
7185
6846
5958
4190
1855
-609
-2976
-4297
-3374
-772
1457
2360
2574
2321
1176
-196
-454
413
1570
3015
4102
1781
-5700
-14078
-16601
-12325
-6470
-2272
2365
8829
13613
12942
7859
2020
-2619
-5687
-6770
-6192
-5117
-3337
490
5112
6696
4622
3690
7618
13440
15953
15203
15370
17661
18632
15544
9863
4833
2199
2059
4000
7488
12109
17644
23109
26293
25604
21978
17600
13095
7629
1570
-2765
-3443
-725
3731
8351
12059
14223
14488
12235
6702
-1334
-8776
-12793
-13773
-13955
-13731
-11941
-9639
-10105
-13858
-16800
-15342
-10903
-7052
-4516
-1859
615
797
-2203
-7457
-13764
-19567
-22683
-22696
-22175
-22650
-21142
-14508
-5623
-422
530
2037
5498
6100
802
-6251
-9590
-9484
-9456
-10104
-9517
-7549
-5756
-4444
-3080
-2441
-3232
-3647
-1415
2451
4980
5776
7080
9345
9953
7172
2825
-344
-2052
-3731
-5699
-6786
-6260
-4632
-2578
-285
1856
3094
3511
4144
4798
2964
-2995
-10199
-13476
-11459
-7646
-4705
-1146
4470
9378
9879
6543
2767
-98
-2737
-4508
-4019
-2233
-1248
-574
1666
4509
5382
5353
8388
14682
19438
19822
18723
19278
19620
16196
9452
3059
-575
-1219
1033
5811
11723
17722
24094
30190
32766
29274
21787
14855
9887
4646
-1515
-5101
-2801
3745
9632
12130
12419
12309
11415
8320
3032
-2915
-7992
-11338
-12709
-12970
-14021
-16834
-19806
-20409
-18203
-14731
-10801
-5981
-1023
1541
250
-3553
-7939
-12658
-17919
-22481
-24661
-24303
-22392
-19563
-16283
-13492
-11546
-9265
-5590
-1612
629
899
658
427
-894
-3801
-6967
-9035
-10294
-11528
-12106
-10553
-6679
-1957
2212
5524
7876
8706
7931
6497
5108
3287
821
-802
-33
2306
3992
4384
4424
3891
1218
-3488
-7518
-8599
-7100
-4488
-1507
1359
3336
3990
2889
-1207
-8288
-14274
-13827
-7067
18
3378
5289
8643
10849
7410
-867
-8310
-10981
-9578
-6615
-3615
-784
2583
7008
11059
12165
10444
9644
12361
16410
18215
17697
17042
16322
13625
8746
3970
1414
1642
4513
9503
15407
20975
25517
28221
27926
24434
19060
13284
7980
4179
2776
3115
3740
4766
7279
10249
10877
8490
5160
1931
-2329
-7521
-11261
-12468
-12731
-13009
-12382
-11169
-11415
-12856
-12432
-9531
-7585
-8373
-9049
-7429
-6080
-7996
-11871
-15000
-17475
-20123
-21384
-19794
-16954
-14785
-12372
-8689
-5748
-5605
-6661
-6381
-5475
-5821
-6276
-4423
-1151
159
-1636
-4578
-6941
-8743
-10162
-10542
-9058
-5256
458
6171
9491
10063
9707
9458
8239
5251
1690
-914
-2274
-2462
-1423
-60
257
-45
840
2862
3810
2816
1435
454
-1418
-4605
-7280
-8148
-7828
-6382
-2577
2934
6799
7096
5513
3729
743
-4105
-8347
-9300
-7529
-5043
-2212
1083
3234
2736
1047
1077
3600
7122
10430
13363
15621
16579
16032
14065
10662
6288
2264
-102
-154
2590
8301
15634
21828
24916
25110
23576
20909
17314
13285
9430
6329
4785
5350
7389
9479
10818
11365
10876
9072
6640
4548
2395
-991
-5201
-8133
-8603
-7542
-6312
-5506
-5943
-8830
-13579
-16868
-15571
-10257
-4640
-1826
-1895
-3043
-4234
-6342
-10738
-16918
-21988
-22993
-19644
-14390
-9988
-7575
-6856
-7233
-8329
-9841
-11335
-12234
-12030
-10581
-8140
-5112
-2071
22
179
-1730
-4824
-8048
-10677
-11833
-10443
-6412
-1356
2639
4813
5764
6070
5688
4634
3487
2862
2745
2604
2010
1034
129
-292
-188
203
750
1562
2574
3052
1792
-1789
-6636
-10424
-11329
-9362
-5744
-1290
3847
8915
12103
11999
9009
4731
357
-3704
-6985
-8635
-8178
-6191
-4014
-2805
-2729
-2834
-1759
1266
5987
11434
16352
19481
19996
18000
14417
10265
6238
2967
1272
1810
4486
8282
11742
13881
14793
15286
15900
16655
17657
19084
20202
19392
16039
11824
9141
8613
9039
9252
8867
7556
5013
1795
-931
-2736
-4141
-5327
-5562
-4436
-3009
-3204
-6143
-10997
-15158
-15822
-12158
-6114
-842
1668
1281
-1256
-5209
-9869
-14400
-17904
-19599
-19197
-17298
-15145
-13714
-13235
-13435
-13653
-12802
-10188
-6625
-3814
-2437
-1787
-1503
-2322
-4604
-7464
-10063
-12470
-14412
-14586
-12365
-9030
-6118
-3630
-1064
934
1479
1131
1120
1568
1912
2436
3804
5413
5789
4495
2424
330
-1706
-3451
-4307
-4023
-2793
-736
1877
4005
4324
2432
-965
-4836
-8091
-9317
-7266
-2081
4291
9166
10773
9177
5798
1996
-1724
-4938
-6370
-4818
-1002
2508
3503
1691
-1652
-4465
-4402
-185
6859
13658
18263
20904
22013
20825
16820
11304
6437
3490
2808
4419
7645
10899
12942
13808
13924
13275
12265
12316
14288
16997
18581
18817
18782
18596
16989
13219
8258
3763
715
-734
-861
-244
344
263
-816
-2816
-5018
-6260
-6102
-5745
-7030
-10150
-12890
-12702
-9437
-5602
-3893
-4741
-6521
-7782
-8696
-10211
-12438
-14435
-15311
-14902
-13493
-11620
-10320
-10870
-13599
-17037
-18655
-16770
-11929
-6598
-3318
-2792
-3687
-4404
-4828
-5979
-8229
-10553
-11663
-11231
-9722
-7657
-5567
-4243
-4216
-4942
-5016
-3454
-617
2188
3861
4267
4104
4098
4229
3715
1921
-722
-2908
-3625
-2922
-1498
85
1486
2172
1493
-661
-3522
-5909
-6913
-6193
-3918
-653
2774
5529
7008
6974
5683
3888
2475
1941
2220
2969
3763
3971
2845
216
-2877
-4565
-3430
482
5830
11031
15195
18234
20311
21311
20883
18947
16063
13221
11203
10163
9791
9832
10311
11210
12072
12276
11845
11821
13417
16591
19623
20391
18264
14674
11722
10260
9428
8006
5859
3859
2598
1653
231
-1841
-4057
-5888
-7008
-6977
-5419
-3065
-2195
-5021
-11081
-16652
-17609
-13268
-7107
-3488
-3797
-6061
-7902
-9082
-10836
-13499
-15741
-16231
-15248
-14098
-13401
-12781
-12192
-12619
-14701
-17101
-17244
-14047
-9359
-6133
-5417
-5708
-5253
-4238
-4242
-5997
-8438
-10016
-10247
-9538
-8111
-5928
-3689
-2947
-4479
-6825
-7289
-4631
-331
3108
4704
5308
5705
5339
3384
495
-1372
-993
858
2446
2909
2571
1786
354
-1634
-3055
-2643
-588
1450
2095
1513
496
-1156
-4349
-8554
-10853
-8169
-617
7904
12779
12257
8090
3345
233
-346
1574
4956
7739
8003
5659
2602
848
790
1736
3821
8393
15964
24249
29122
27904
21512
13491
7360
5004
6637
11015
15447
16769
13701
8408
4937
5516
8648
11215
12087
12899
15242
18001
18244
14519
8534
3424
997
976
2176
3362
3063
-123
-5892
-11300
-12817
-10034
-6733
-7328
-12122
-16689
-16283
-10547
-3620
-42
-1094
-4856
-8660
-10837
-10743
-8575
-5742
-4620
-6790
-11284
-15217
-16630
-16378
-16767
-18459
-19403
-17154
-11880
-6607
-4460
-5940
-8818
-10222
-8669
-4643
-34
2815
2340
-1100
-5131
-7022
-5964
-3748
-2989
-4602
-7097
-8248
-7195
-4887
-2874
-1993
-2109
-2551
-2501
-1277
1207
4043
5754
5471
3748
2016
1217
1057
613
-599
-2336
-4197
-6051
-7775
-8844
-8559
-6741
-3977
-1114
1357
3312
4639
5241
5471
6208
8099
10610
12094
11044
7393
2635
-1249
-3004
-2521
-457
2382
5412
8350
11038
13219
14545
14971
15128
16046
18146
20472
21172
19079
14892
10758
8614
8851
10379
11686
11791
10560
8612
7063
6968
8564
10924
12573
12624
11324
9492
7653
5843
4135
2898
2315
1843
506
-2154
-5527
-8388
-9821
-9674
-8463
-7186
-7172
-9496
-13919
-18402
-20137
-17639
-12071
-6546
-4009
-5435
-9465
-13295
-14124
-10700
-4316
1596
3575
590
-5298
-10756
-13699
-14117
-12910
-10605
-7527
-4699
-3712
-5331
-8542
-11372
-12541
-12065
-10439
-7895
-4830
-2474
-2303
-4470
-7219
-8298
-6922
-4111
-1267
1033
2708
3249
1907
-1110
-4206
-5653
-5154
-3823
-2689
-1699
-375
995
1368
179
-1868
-3469
-3926
-3435
-2427
-1097
299
1158
996
133
-482
-275
391
851
1098
1761
3147
4664
5416
5147
4331
3463
2644
1961
1855
2712
4178
5337
5735
5983
7029
8979
10961
12218
12976
13990
15410
16486
16479
15553
14545
14022
13842
13605
13182
12633
11870
10783
9702
9376
10215
11662
12583
12367
11475
10842
10814
10812
9990
8071
5590
3435
2244
2001
1991
1144
-1255
-4868
-8230
-9621
-8341
-5451
-3299
-4117
-8516
-14877
-20104
-21431
-18250
-12625
-8022
-7063
-9932
-14492
-17801
-17831
-14428
-9255
-4929
-3646
-5905
-10150
-13759
-14736
-12791
-9065
-5100
-2137
-1028
-2181
-5157
-8485
-10345
-9800
-7400
-4592
-2638
-2118
-3099
-5247
-7594
-8638
-7324
-4148
-1023
272
-420
-1758
-2379
-2036
-1321
-627
247
1582
3180
4538
5368
5732
5729
5359
4772
4370
4348
4181
2909
155
-3170
-5430
-5610
-4154
-2521
-2004
-2903
-4552
-5891
-6033
-4623
-1973
1030
3288
4008
3093
1195
-522
-880
736
3995
7735
10604
11808
11445
10298
9383
9511
10904
12953
14414
14227
12424
10220
9029
9272
10184
10745
10628
10184
9692
8945
7642
5982
4651
4221
4738
5788
6780
7065
6168
4281
2592
2671
5043
8314
9965
8365
4159
-229
-2430
-1659
1076
3846
4923
3619
603
-2523
-4340
-4692
-4726
-5739
-7896
-10118
-11180
-10865
-10084
-10021
-11267
-13500
-15696
-16602
-15427
-12511
-9402
-7943
-8938
-11576
-14137
-15231
-14427
-12034
-8712
-5420
-3338
-3243
-4730
-6240
-6188
-4162
-1080
1707
3306
3449
2283
354
-1313
-1669
-516
1140
1889
1193
-232
-1320
-1753
-2040
-2631
-3274
-3358
-2705
-1787
-1212
-1180
-1532
-2087
-2720
-3144
-2949
-2069
-1136
-1088
-2272
-3966
-4901
-4299
-2434
-239
1454
2293
2252
1444
246
-513
132
2490
5663
7926
7871
5424
1922
-728
-1085
1162
5062
8726
10155
8424
4554
1175
855
4228
9502
13778
15065
13336
10106
7253
6108
7073
9537
12049
12982
11541
8350
4998
2887
2449
3241
4527
5603
5802
4704
2615
713
331
1836
4227
5870
5685
3738
983
-1361
-2315
-1527
439
2266
2697
1485
-463
-1971
-2575
-2644
-2668
-2748
-2785
-2911
-3418
-4311
-5183
-5660
-5745
-5598
-5139
-4190
-3048
-2540
-3203
-4508
-5212
-4596
-3170
-2031
-1728
-1979
-2374
-2935
-3799
-4652
-4909
-4455
-3889
-3804
-4071
-4105
-3779
-3679
-4322
-5356
-5894
-5591
-5068
-5150
-5887
-6559
-6551
-5927
-5121
-4345
-3562
-2877
-2611
-2850
-3160
-3002
-2402
-2001
-2368
-3368
-4309
-4596
-4139
-3203
-2090
-1048
-323
-59
-122
-149
135
705
1356
1955
2500
2959
3228
3288
3307
3452
3680
3810
3846
4043
4574
5188
5378
4898
4016
3220
2765
2616
2719
3093
3604
3846
3505
2840
2571
3169
4300
5111
5053
4317
3475
2886
2555
2431
2581
2987
3360
3344
2890
2288
1811
1458
1160
1073
1476
2300
2910
2539
987
-1111
-2706
-3012
-1923
-11
1760
2478
1729
-130
-2161
-3435
-3590
-2936
-2107
-1612
-1615
-1971
-2391
-2610
-2524
-2194
-1728
-1170
-541
31
302
132
-311
-630
-510
45
777
1413
1781
1822
1579
1237
1060
1165
1357
1272
731
-62
-704
-968
-954
-928
-1075
-1422
-1904
-2437
-2917
-3231
-3316
-3214
-3030
-2850
-2703
-2583
-2493
-2436
-2413
-2406
-2342
-2114
-1651
-1044
-532
-301
-236
32
778
1858
2768
3055
2653
1841
993
411
343
924
1965
2885
3059
2368
1372
831
1053
1726
2369
2806
3131
3345
3214
2573
1662
990
878
1214
1666
2007
2131
1876
1060
-196
-1312
-1627
-1008
-38
495
262
-439
-1073
-1316
-1181
-880
-687
-857
-1482
-2359
-3074
-3308
-3111
-2804
-2661
-2717
-2855
-2978
-3050
-3051
-2996
-2978
-3084
-3240
-3215
-2876
-2397
-2121
-2217
-2525
-2773
-2833
-2705
-2334
-1622
-667
142
414
148
-264
-427
-272
22
309
569
763
778
568
285
130
120
94
-4
35
462
1223
1917
2133
1788
1116
434
-32
-137
189
855
1566
1977
1934
1523
916
213
-500
-1015
-1060
-556
213
765
802
426
16
-106
134
594
1065
1371
1427
1287
1141
1207
1546
2002
2362
2573
2778
3113
3521
3793
3808
3674
3613
3727
3916
3988
3832
3483
3079
2814
2858
3245
3786
4144
4078
3645
3123
2761
2591
2479
2314
2096
1879
1667
1417
1095
722
369
123
45
104
144
-48
-576
-1331
-2055
-2522
-2706
-2769
-2942
-3354
-3933
-4430
-4573
-4275
-3742
-3322
-3235
-3438
-3727
-3941
-4066
-4142
-4187
-4185
-4132
-4036
-3882
-3664
-3445
-3335
-3362
-3406
-3301
-3006
-2631
-2312
-2060
-1799
-1499
-1226
-1075
-1062
-1114
-1124
-988
-652
-159
338
652
702
579
445
400
433
492
552
614
667
688
661
561
349
26
-319
-535
-535
-374
-199
-106
-108
-197
-403
-736
-1105
-1348
-1351
-1122
-754
-341
29
267
335
308
334
489
686
770
694
572
558
697
927
1164
1376
1555
1712
1887
2154
2541
2984
3355
3589
3738
3888
4056
4189
4254
4299
4404
4595
4809
4965
5005
4910
4681
4340
3946
3592
3341
3180
3040
2851
2608
2355
2132
1941
1753
1572
1416
1272
1064
709
212
-322
-785
-1149
-1469
-1797
-2133
-2457
-2775
-3108
-3447
-3754
-4013
-4246
-4483
-4713
-4918
-5102
-5286
-5447
-5507
-5393
-5107
-4718
-4311
-3966
-3754
-3705
-3740
-3687
-3409
-2946
-2466
-2115
-1893
-1721
-1542
-1331
-1040
-626
-161
148
117
-217
-596
-754
-608
-249
175
536
712
622
317
14
-59
143
453
647
620
408
119
-124
-204
-66
223
495
592
469
191
-156
-508
-815
-1021
-1096
-1063
-967
-810
-565
-259
0
109
76
16
38
164
358
584
808
977
1046
1055
1124
1358
1759
2217
2608
2875
3039
3157
3274
3419
3618
3893
4235
4611
4980
5313
5590
5774
5803
5634
5287
4848
4431
4103
3855
3635
3406
3150
2843
2465
2047
1678
1425
1249
1025
656
147
-435
-1028
-1588
-2062
-2406
-2629
-2802
-3000
-3232
-3457
-3646
-3808
-3954
-4062
-4124
-4184
-4317
-4553
-4838
-5099
-5293
-5392
-5358
-5166
-4878
-4622
-4485
-4440
-4395
-4292
-4125
-3882
-3521
-3021
-2448
-1918
-1508
-1213
-988
-786
-557
-242
182
655
1056
1298
1381
1374
1353
1384
1527
1798
2131
2387
2458
2346
2143
1951
1822
1775
1815
1898
1926
1810
1572
1347
1259
1294
1325
1217
918
456
-92
-610
-978
-1118
-1048
-861
-664
-523
-453
-437
-458
-504
-552
-587
-604
-616
-634
-654
-654
-600
-448
-163
235
668
1051
1341
1527
1609
1608
1595
1662
1850
2113
2369
2573
2726
2867
3050
3329
3713
4122
4404
4398
4058
3504
2969
2652
2613
2762
2933
2968
2776
2384
1927
1554
1330
1205
1078
861
500
-3
-578
-1103
-1477
-1697
-1824
-1942
-2100
-2321
-2601
-2897
-3147
-3298
-3356
-3381
-3457
-3614
-3817
-4006
-4149
-4245
-4299
-4313
-4295
-4260
-4210
-4138
-4055
-3971
-3859
-3649
-3298
-2851
-2410
-2050
-1786
-1598
-1446
-1275
-1015
-643
-218
147
385
528
667
862
1100
1330
1526
1676
1757
1737
1630
1502
1435
1464
1579
1738
1895
2000
2020
1963
1874
1792
1723
1644
1523
1338
1090
814
569
417
370
388
426
480
564
668
753
792
793
778
740
656
518
357
203
81
11
21
126
298
477
606
675
705
715
696
639
573
535
547
604
709
859
1020
1135
1187
1224
1311
1448
1572
1603
1510
1312
1068
843
692
644
692
787
852
820
690
522
366
226
70
-130
-393
-729
-1115
-1491
-1778
-1932
-1945
-1857
-1734
-1659
-1668
-1730
-1780
-1780
-1738
-1686
-1662
-1695
-1788
-1918
-2055
-2193
-2327
-2434
-2482
-2453
-2350
-2183
-1981
-1781
-1610
-1466
-1331
-1186
-1013
-795
-546
-324
-172
-59
88
315
595
872
1111
1294
1402
1421
1370
1298
1253
1248
1251
1212
1112
983
873
821
840
936
1084
1218
1269
1216
1094
945
794
656
539
431
307
167
54
18
69
181
318
458
577
660
702
721
743
779
804
780
700
588
480
399
355
363
436
557
681
758
770
729
672
625
593
557
500
432
384
379
414
471
543
621
688
704
638
499
325
148
-32
-230
-442
-647
-821
-956
-1049
-1106
-1143
-1170
-1188
-1193
-1211
-1282
-1424
-1609
-1805
-1991
-2165
-2306
-2374
-2341
-2221
-2066
-1925
-1809
-1683
-1514
-1315
-1129
-989
-905
-885
-932
-1018
-1091
-1100
-1024
-872
-682
-515
-415
-378
-350
-287
-184
-52
95
239
353
428
490
582
730
946
1222
1526
1808
2030
2186
2281
2318
2306
2268
2208
2128
2039
1961
1893
1810
1701
1587
1497
1428
1367
1304
1235
1144
1013
833
618
389
182
29
-66
-128
-181
-228
-273
-328
-392
-426
-404
-346
-307
-317
-366
-435
-513
-587
-634
-637
-594
-522
-448
-384
-323
-249
-160
-75
-5
61
135
206
249
262
255
239
226
240
296
386
475
541
579
588
558
487
396
311
244
181
94
-36
-199
-359
-486
-568
-611
-627
-634
-667
-763
-939
-1166
-1386
-1553
-1657
-1731
-1803
-1876
-1934
-1963
-1958
-1913
-1817
-1679
-1535
-1433
-1393
-1402
-1432
-1465
-1485
-1476
-1420
-1323
-1212
-1116
-1034
-942
-817
-665
-494
-308
-126
26
127
203
291
416
573
761
983
1232
1481
1701
1872
1993
2073
2127
2170
2204
2226
2233
2217
2174
2111
2053
2021
2011
2006
1993
1963
1900
1799
1679
1563
1447
1313
1170
1043
939
839
725
613
534
503
510
522
503
439
347
254
163
68
-17
-66
-88
-119
-185
-271
-346
-396
-425
-440
-443
-438
-424
-410
-414
-442
-469
-461
-416
-363
-321
-284
-240
-188
-130
-65
-3
31
21
-28
-106
-205
-315
-415
-501
-581
-668
-757
-847
-947
-1056
-1157
-1235
-1298
-1367
-1446
-1539
-1648
-1770
-1890
-1989
-2048
-2067
-2056
-2028
-1993
-1944
-1871
-1778
-1683
-1598
-1512
-1423
-1334
-1251
-1163
-1059
-939
-811
-673
-519
-359
-217
-108
-21
57
141
231
327
430
533
621
687
744
827
961
1135
1315
1474
1612
1736
1843
1923
1979
2024
2079
2145
2203
2227
2207
2149
2074
1993
1919
1857
1800
1730
1621
1467
1282
1094
921
765
609
438
258
91
-56
-184
-302
-409
-511
-604
-675
-704
-691
-676
-692
-737
-781
-795
-784
-759
-727
-680
-610
-522
-424
-337
-265
-203
-142
-83
-30
14
38
31
0
-24
-13
39
114
195
257
274
244
199
181
190
193
149
57
-59
-170
-260
-329
-388
-432
-450
-442
-438
-473
-554
-662
-779
-895
-998
-1075
-1133
-1192
-1266
-1343
-1406
-1439
-1443
-1432
-1425
-1439
-1472
-1512
-1551
-1578
-1577
-1540
-1475
-1394
-1299
-1181
-1048
-917
-799
-681
-546
-389
-222
-67
58
151
237
349
509
707
916
1113
1287
1441
1585
1732
1880
2026
2163
2291
2403
2494
2575
2660
2753
2834
2881
2882
2847
2795
2728
2642
2532
2409
2294
2198
2096
1948
1739
1498
1268
1067
883
690
474
242
2
-234
-450
-637
-790
-923
-1049
-1171
-1276
-1361
-1439
-1522
-1615
-1706
-1786
-1849
-1887
-1893
-1877
-1855
-1843
-1843
-1841
-1830
-1826
-1847
-1891
-1926
-1918
-1872
-1815
-1769
-1721
-1647
-1537
-1406
-1275
-1155
-1042
-931
-824
-731
-652
-576
-495
-407
-317
-223
-114
12
139
245
317
357
373
371
354
323
278
228
184
149
115
70
14
-40
-89
-135
-191
-260
-335
-399
-446
-481
-508
-515
-483
-414
-330
-251
-167
-64
56
172
265
346
436
539
644
737
830
948
1099
1261
1395
1488
1561
1635
1712
1772
1814
1850
1893
1937
1964
1963
1942
1921
1913
1917
1920
1911
1887
1851
1807
1756
1702
1644
1588
1542
1500
1448
1366
1245
1100
947
793
629
451
267
94
-65
-221
-385
-550
-698
-822
-936
-1058
-1192
-1324
-1445
-1555
-1664
-1764
-1840
-1873
-1863
-1834
-1812
-1816
-1840
-1866
-1872
-1856
-1833
-1818
-1810
-1794
-1756
-1699
-1634
-1568
-1488
-1384
-1261
-1149
-1070
-1023
-990
-961
-939
-917
-876
-802
-703
-606
-522
-437
-316
-158
1
116
176
205
225
235
221
180
139
117
110
96
55
-12
-94
-182
-268
-345
-402
-441
-480
-539
-616
-679
-694
-652
-567
-469
-371
-273
-169
-61
40
133
224
328
448
577
696
799
897
1012
1151
1303
1446
1565
1657
1721
1754
1761
1763
1782
1823
1862
1865
1825
1765
1723
1708
1705
1697
1684
1683
1698
1712
1708
1686
1662
1650
1649
1643
1627
1600
1555
1482
1370
1225
1072
933
813
700
573
420
242
55
-124
-286
-434
-580
-727
-872
-1008
-1140
-1276
-1419
-1543
-1624
-1655
-1661
-1679
-1729
-1802
-1872
-1924
-1949
-1945
-1910
-1854
-1797
-1756
-1724
-1678
-1596
-1484
-1372
-1292
-1247
-1223
-1204
-1189
-1183
-1184
-1175
-1142
-1085
-1022
-971
-932
-891
-835
-763
-686
-618
-565
-522
-489
-460
-432
-395
-342
-277
-213
-161
-125
-98
-79
-70
-77
-91
-96
-81
-54
-36
-33
-32
-15
28
86
143
195
243
283
310
323
336
362
408
466
525
585
649
715
782
849
924
1018
1126
1231
1314
1370
1413
1453
1498
1542
1579
1608
1628
1641
1648
1649
1647
1645
1645
1645
1642
1631
1611
1582
1551
1523
1502
1485
1468
1440
1396
1338
1267
1187
1101
1007
908
809
708
602
478
337
187
46
-73
-176
-279
-390
-510
-630
-754
-884
-1016
-1137
-1240
-1334
-1434
-1547
-1656
-1749
-1823
-1887
-1948
-1992
-2006
-1994
-1977
-1970
-1971
-1961
-1933
-1893
-1857
-1826
-1790
-1743
-1685
-1624
-1562
-1498
-1428
-1354
-1279
-1208
-1145
-1094
-1050
-1004
-946
-876
-808
-752
-701
-646
-583
-522
-469
-420
-363
-298
-242
-210
-197
-185
-161
-127
-93
-50
8
86
173
253
319
382
448
521
593
662
726
789
852
916
980
1036
1078
1103
1121
1142
1168
1192
1211
1238
1286
1346
1392
1411
1415
1428
1463
1501
1524
1534
1550
1581
1613
1624
1611
1594
1585
1584
1582
1579
1585
1592
1582
1544
1487
1437
1405
1380
1342
1287
1219
1143
1058
959
849
734
605
457
296
143
14
-102
-226
-365
-497
-606
-696
-796
-917
-1045
-1151
-1229
-1295
-1373
-1460
-1549
-1628
-1698
-1761
-1812
-1850
-1879
-1906
-1933
-1947
-1947
-1937
-1924
-1908
-1881
-1841
-1799
-1761
-1728
-1692
-1653
-1613
-1573
-1526
-1471
-1421
-1392
-1373
-1338
-1267
-1176
-1093
-1034
-978
-898
-788
-676
-584
-507
-426
-332
-234
-146
-72
-8
41
73
97
134
197
276
347
394
428
467
521
582
643
698
745
779
799
819
856
911
963
994
1005
1018
1047
1082
1111
1124
1136
1158
1200
1256
1323
1391
1445
1473
1484
1504
1553
1619
1665
1671
1644
1620
1623
1646
1666
1668
1647
1614
1582
1558
1543
1529
1497
1437
1359
1288
1240
1204
1150
1063
952
848
766
698
622
521
396
265
150
57
-16
-90
-174
-266
-354
-428
-492
-561
-642
-731
-820
-906
-994
-1084
-1170
-1252
-1329
-1410
-1497
-1579
-1649
-1712
-1777
-1848
-1916
-1963
-1986
-1998
-2010
-2028
-2040
-2039
-2025
-2004
-1980
-1954
-1920
-1880
-1832
-1780
-1723
-1659
-1584
-1502
-1416
-1331
-1246
-1162
-1077
-995
-921
-848
-768
-682
-597
-524
-473
-439
-411
-376
-335
-297
-267
-238
-204
-155
-97
-43
1
33
71
126
200
277
342
393
437
484
541
604
667
734
809
892
974
1050
1124
1200
1276
1342
1391
1430
1473
1518
1554
1576
1587
1595
1605
1618
1633
1645
1642
1623
1594
1569
1554
1545
1539
1534
1528
1522
1508
1488
1466
1446
1428
1401
1361
1312
1269
1240
1209
1159
1087
1005
931
863
795
718
634
550
463
365
251
130
11
-106
-230
-354
-466
-560
-650
-750
-858
-960
-1049
-1136
-1228
-1317
-1384
-1421
-1444
-1478
-1530
-1573
-1585
-1573
-1567
-1584
-1615
-1636
-1632
-1608
-1580
-1560
-1555
-1554
-1541
-1505
-1457
-1412
-1376
-1342
-1302
-1253
-1196
-1142
-1103
-1076
-1049
-1022
-999
-972
-920
-842
-773
-747
-746
-720
-649
-566
-515
-493
-463
-400
-319
-254
-221
-205
-178
-126
-65
-22
1
26
75
142
203
245
278
320
381
455
528
584
624
668
744
848
939
992
1022
1070
1150
1230
1281
1317
1374
1456
1532
1580
1606
1633
1670
1707
1729
1728
1712
1705
1719
1732
1711
1658
1616
1609
1608
1572
1502
1436
1397
1368
1317
1235
1131
1025
933
855
781
692
585
479
386
300
201
79
-50
-166
-264
-363
-480
-612
-735
-836
-922
-1011
-1104
-1180
-1238
-1292
-1354
-1415
-1460
-1490
-1518
-1548
-1571
-1574
-1552
-1520
-1496
-1488
-1484
-1460
-1408
-1347
-1293
-1252
-1215
-1171
-1122
-1073
-1022
-966
-900
-832
-776
-732
-682
-611
-525
-452
-403
-362
-314
-265
-232
-212
-190
-161
-136
-116
-95
-67
-41
-26
-9
17
42
54
63
83
112
130
131
131
148
182
212
227
227
231
261
315
368
391
395
412
458
514
553
581
621
668
703
722
748
796
853
904
943
975
992
994
993
999
1011
1020
1032
1052
1074
1082
1065
1032
999
975
960
942
914
878
834
776
698
611
533
470
406
326
239
162
98
35
-33
-107
-188
-276
-360
-427
-479
-538
-620
-712
-791
-849
-895
-942
-995
-1049
-1098
-1140
-1174
-1196
-1189
-1164
-1143
-1147
-1160
-1150
-1111
-1061
-1018
-980
-942
-901
-854
-799
-742
-690
-630
-548
-460
-402
-381
-358
-298
-220
-163
-130
-92
-36
19
57
87
116
135
141
151
177
198
190
166
156
164
165
147
130
134
148
143
114
87
80
91
100
95
78
54
31
10
-12
-34
-39
-10
40
78
81
72
78
98
118
142
189
255
312
355
394
439
475
499
531
585
648
700
743
789
826
850
872
903
938
959
973
997
1026
1039
1030
1019
1012
1004
982
947
900
841
782
736
702
659
600
530
459
384
309
243
186
128
59
-20
-113
-211
-300
-371
-431
-501
-583
-657
-717
-778
-843
-903
-948
-986
-1021
-1054
-1081
-1107
-1125
-1125
-1110
-1097
-1097
-1095
-1081
-1063
-1049
-1029
-980
-904
-828
-778
-747
-709
-649
-579
-519
-462
-384
-288
-211
-174
-149
-99
-34
4
10
30
82
143
189
229
269
288
280
271
281
301
317
340
379
402
387
358
351
352
335
305
298
316
328
321
309
305
301
292
285
287
292
307
329
340
330
320
337
369
380
370
370
389
412
432
462
499
524
534
554
586
609
619
641
676
691
673
659
677
706
709
692
673
656
627
596
583
573
541
490
440
399
354
302
255
208
148
71
-10
-80
-144
-213
-291
-376
-458
-531
-597
-665
-736
-804
-870
-941
-1009
-1054
-1072
-1085
-1121
-1170
-1213
-1242
-1267
-1285
-1285
-1273
-1267
-1273
-1274
-1253
-1210
-1159
-1115
-1075
-1027
-963
-891
-823
-759
-683
-597
-517
-453
-394
-329
-259
-190
-122
-54
12
91
195
301
368
399
434
502
573
617
647
684
719
733
737
752
775
788
792
796
793
778
765
771
780
768
734
696
656
614
590
588
578
537
494
484
487
466
431
419
417
381
320
289
295
293
267
258
286
306
291
277
308
354
363
342
338
361
383
389
386
380
370
363
367
372
374
386
415
440
439
420
396
370
342
318
291
242
176
132
111
69
-19
-101
-124
-125
-173
-266
-332
-354
-392
-470
-543
-574
-597
-659
-738
-792
-823
-861
-908
-938
-950
-961
-979
-995
-1007
-1014
-1017
-1017
-1018
-1017
-1001
-973
-943
-910
-862
-811
-776
-726
-609
-459
-381
-394
-376
-245
-108
-92
-119
-15
197
296
213
155
282
466
504
443
476
619
688
616
545
594
680
684
641
666
761
829
815
773
772
828
891
904
860
816
814
802
708
577
544
626
666
558
412
377
411
372
269
230
271
272
198
148
159
133
47
27
118
160
42
-76
-18
109
80
-48
-9
219
350
252
149
257
436
443
319
285
362
369
249
136
100
49
-70
-173
-204
-230
-293
-320
-272
-245
-326
-448
-504
-513
-571
-687
-774
-795
-800
-841
-897
-921
-894
-835
-772
-718
-680
-674
-706
-747
-753
-733
-751
-826
-901
-928
-946
-1014
-1103
-1142
-1103
-1001
-876
-801
-833
-888
-818
-667
-670
-857
-898
-588
-241
-271
-544
-555
-191
125
102
-50
-27
165
365
495
522
471
536
848
1121
953
551
574
1115
1446
1135
746
905
1298
1251
877
797
1054
1156
1048
1148
1435
1388
980
859
1271
1583
1306
868
859
1083
978
569
370
548
752
693
442
200
92
193
474
731
743
487
148
-42
37
231
217
-39
-103
261
503
32
-672
-541
467
1276
1330
1191
1168
717
-217
-684
-424
-563
-1486
-1787
-995
-1408
-4603
-7717
-6774
-2918
-1209
-2956
-3800
-1039
1636
-2
-3651
-3691
423
3640
2776
212
-627
37
-86
-1443
-2258
-1092
1453
3248
2578
12
-2013
-2148
-1730
-2269
-2829
-2151
-1974
-4855
-9309
-11092
-9532
-8238
-8525
-7071
-2485
751
-1047
-4176
-2857
1788
4067
3220
3872
7124
8190
4715
1109
1430
3321
3093
2239
3820
5847
4184
79
-1265
965
2194
360
-1001
505
1573
-1248
-5461
-6239
-3569
-1450
-1359
-888
1273
3038
2642
1578
2176
4341
6383
7623
8498
8954
8364
6777
5109
4106
3836
4069
4507
4691
4217
3112
1707
336
-598
-604
324
1346
1594
1177
794
518
-158
-963
-630
1340
3532
4212
3546
3083
3330
3306
2690
2793
4421
6165
6218
4939
3936
3293
1853
29
-144
1608
2736
1487
-543
-1263
-1512
-3161
-5206
-4853
-2083
-11
-353
-1412
-1426
-1132
-1588
-1808
-558
1247
1969
1749
1595
1191
-233
-1753
-1762
-621
-101
-527
-763
-823
-1970
-3955
-4707
-3517
-2232
-2252
-2576
-2194
-2258
-3921
-5717
-5407
-3353
-1839
-1657
-1595
-1044
-889
-1527
-1946
-1397
-470
99
461
807
621
-450
-1758
-2385
-2193
-1651
-1168
-1006
-1344
-2020
-2605
-2916
-3024
-2753
-1864
-846
-672
-1494
-2372
-2617
-2520
-2413
-1992
-1166
-603
-729
-987
-900
-984
-1679
-2198
-1609
-436
43
-323
-671
-773
-1186
-1881
-2069
-1543
-993
-834
-809
-872
-1289
-1671
-1206
-128
339
-65
-116
798
1531
1062
215
244
799
747
163
-33
118
-234
-1078
-1536
-1423
-1385
-1463
-997
-95
211
-327
-646
-112
464
233
-326
-315
168
434
358
300
310
174
-76
-265
-386
-355
90
793
1007
376
-436
-679
-571
-739
-1117
-1169
-864
-614
-538
-531
-779
-1396
-1794
-1299
-251
336
153
-187
-266
-351
-651
-882
-734
-187
665
1480
1511
395
-944
-1139
-214
463
240
37
648
1337
957
-333
-1365
-1454
-789
191
1058
1347
954
372
5
-343
-834
-952
-215
867
1343
1040
520
108
-251
-372
60
842
1424
1667
1745
1507
751
-48
-170
259
509
478
627
751
87
-1156
-1707
-1126
-457
-400
-202
719
1385
777
-288
-310
620
1233
1266
1554
2155
2092
1137
298
176
204
9
175
973
1489
946
-40
-438
-274
-204
-223
156
815
1093
783
267
-191
-572
-644
-108
762
1284
1236
1011
891
722
421
270
507
1001
1447
1591
1228
382
-466
-771
-600
-468
-442
-58
670
879
28
-1104
-1326
-621
-31
-75
-157
266
753
561
-263
-1010
-1185
-796
-45
757
1154
931
496
375
457
249
-166
-88
724
1552
1614
994
307
-114
-296
-243
51
391
591
730
852
679
43
-614
-667
-131
419
675
801
871
675
213
-138
-133
91
376
732
1030
948
473
27
-132
-220
-374
-274
262
741
597
53
-199
5
178
45
-89
70
353
447
302
41
-247
-452
-435
-240
-115
-173
-251
-217
-157
-151
-97
38
52
-206
-530
-604
-418
-222
-182
-270
-407
-515
-511
-430
-421
-467
-301
185
606
529
105
-152
-127
-189
-478
-623
-372
-61
-129
-503
-834
-1042
-1234
-1294
-1015
-581
-440
-682
-957
-1065
-1203
-1494
-1680
-1560
-1362
-1354
-1357
-1082
-737
-802
-1236
-1424
-1018
-381
-15
68
103
80
-116
-322
-319
-283
-525
-830
-652
-36
243
-250
-933
-1037
-676
-545
-796
-889
-546
-198
-301
-717
-1045
-1160
-1146
-995
-704
-457
-407
-420
-307
-168
-208
-341
-275
18
262
293
256
298
339
226
-9
-196
-217
-95
20
-14
-167
-253
-199
-199
-442
-777
-892
-757
-606
-536
-433
-327
-422
-684
-770
-563
-396
-477
-477
-65
441
449
-37
-422
-356
-72
139
297
454
489
375
326
422
410
158
-14
212
602
670
378
139
148
154
-42
-220
-92
245
426
311
111
84
226
340
288
139
47
68
137
187
205
155
-16
-237
-322
-206
-52
-12
15
181
364
316
71
-56
86
291
339
301
352
480
541
473
327
185
164
381
756
995
902
635
478
480
488
454
489
602
625
465
254
164
193
222
201
197
302
501
668
669
537
464
566
744
856
928
1050
1133
1017
784
722
900
1037
921
728
737
901
914
659
346
210
259
343
342
241
108
33
27
-3
-137
-295
-287
-51
256
408
331
176
142
277
447
531
597
776
1004
1045
831
582
512
558
556
523
553
576
443
199
15
-97
-240
-345
-242
-24
-19
-285
-488
-420
-308
-405
-536
-401
-85
56
-60
-185
-145
2
173
333
382
236
63
132
388
468
231
-36
-57
39
-27
-261
-446
-482
-451
-421
-397
-419
-525
-665
-759
-793
-758
-601
-350
-197
-282
-461
-493
-372
-273
-224
-88
146
296
267
188
175
153
51
-28
37
175
226
159
49
-76
-223
-337
-354
-291
-214
-134
-64
-84
-230
-377
-377
-277
-242
-292
-277
-130
17
28
-67
-150
-169
-139
-56
66
169
186
110
-18
-144
-215
-217
-208
-261
-336
-340
-294
-333
-489
-602
-550
-442
-446
-530
-532
-444
-425
-529
-609
-544
-428
-415
-498
-551
-511
-424
-343
-268
-211
-196
-210
-211
-200
-221
-259
-227
-92
44
43
-108
-290
-380
-357
-275
-207
-183
-190
-207
-250
-360
-516
-610
-564
-440
-359
-352
-368
-394
-479
-604
-653
-562
-397
-257
-162
-104
-116
-200
-252
-188
-64
12
58
157
280
290
165
48
45
97
111
102
117
126
83
4
-93
-238
-394
-414
-236
-46
-66
-227
-272
-150
-70
-138
-163
12
249
333
306
346
441
429
320
319
505
709
776
752
724
669
562
483
497
532
502
447
426
376
212
4
-97
-76
-48
-45
3
103
156
111
55
87
185
282
365
455
543
587
584
550
502
472
502
590
669
684
653
617
565
473
375
333
341
342
316
293
273
197
66
-24
-1
75
111
128
210
327
348
251
183
249
368
409
386
401
465
468
355
202
104
82
100
117
99
38
-38
-88
-125
-185
-247
-246
-177
-114
-101
-104
-89
-89
-123
-139
-74
43
138
188
224
252
247
219
219
257
285
282
276
287
268
182
70
5
-1
1
-27
-64
-87
-98
-114
-144
-177
-182
-127
-33
30
30
18
56
110
107
68
88
166
201
154
123
164
192
114
3
-10
56
77
27
-11
-13
-48
-134
-182
-152
-132
-183
-226
-166
-55
-26
-100
-162
-120
-19
51
72
98
153
184
136
36
-20
11
66
61
1
-41
-34
-30
-74
-132
-149
-120
-95
-95
-107
-120
-140
-169
-181
-167
-145
-132
-109
-57
-4
7
-21
-25
22
64
42
-23
-63
-59
-47
-61
-94
-138
-189
-234
-258
-277
-307
-318
-281
-227
-225
-270
-291
-259
-228
-229
-211
-138
-60
-40
-58
-61
-51
-61
-67
-25
41
61
32
22
41
22
-67
-146
-134
-60
-21
-40
-64
-69
-90
-138
-159
-113
-37
6
22
56
114
153
149
126
126
153
187
206
202
181
140
75
-8
-71
-79
-63
-94
-180
-241
-231
-220
-292
-394
-405
-327
-280
-316
-346
-297
-230
-227
-250
-205
-96
-15
-8
-16
21
80
104
84
70
101
144
135
66
-1
-22
-25
-64
-121
-142
-131
-143
-194
-231
-217
-180
-157
-132
-76
-17
4
-9
-5
51
138
211
240
233
220
218
214
192
170
181
212
203
131
43
-5
-19
-43
-91
-129
-136
-138
-164
-209
-246
-256
-241
-195
-121
-47
-11
-14
-14
21
74
121
170
238
299
313
287
274
301
325
310
272
246
238
220
184
150
138
139
142
140
143
153
161
148
118
107
135
169
164
136
142
197
243
235
202
199
230
257
263
258
245
214
168
131
108
73
8
-56
-77
-56
-50
-100
-173
-207
-188
-156
-143
-144
-150
-166
-188
-195
-178
-165
-167
-158
-124
-100
-122
-167
-176
-138
-93
-67
-49
-32
-31
-65
-121
-174
-190
-156
-93
-48
-51
-75
-77
-50
-34
-51
-74
-61
-11
34
34
0
-25
-13
16
29
22
14
12
1
-24
-47
-57
-59
-62
-65
-72
-83
-95
-100
-97
-87
-65
-34
-11
-9
-10
16
56
76
66
55
67
94
121
140
141
118
88
80
88
88
68
49
46
49
43
21
-11
-43
-51
-27
6
10
-5
-2
44
101
134
144
163
201
240
256
256
264
287
301
284
259
260
279
270
214
151
109
69
9
-50
-76
-89
-130
-201
-254
-271
-276
-302
-342
-373
-375
-355
-330
-318
-312
-297
-263
-223
-187
-154
-130
-118
-113
-100
-81
-73
-78
-84
-86
-98
-124
-144
-151
-161
-186
-212
-225
-235
-255
-276
-281
-270
-254
-242
-239
-235
-211
-166
-121
-96
-70
-18
42
70
68
82
128
175
190
183
179
173
157
134
120
115
107
89
56
11
-32
-63
-89
-122
-148
-139
-105
-87
-114
-158
-176
-153
-106
-63
-36
-20
-4
9
15
25
56
111
165
202
218
217
199
178
180
200
203
183
176
202
219
188
142
131
155
163
142
127
135
146
137
121
113
112
108
99
94
96
102
102
89
77
79
88
73
28
-12
-16
-7
-16
-48
-77
-88
-94
-99
-104
-109
-119
-135
-151
-164
-169
-165
-154
-147
-147
-151
-162
-177
-182
-163
-132
-116
-118
-115
-100
-88
-92
-99
-96
-82
-60
-40
-36
-55
-73
-59
-25
-3
0
16
50
74
66
49
51
64
72
74
85
104
111
104
95
91
95
104
110
110
106
100
91
79
73
80
87
84
77
79
83
75
61
58
66
62
44
34
49
73
85
80
69
51
34
32
56
92
107
94
74
74
91
104
99
82
65
50
41
55
92
116
94
41
7
15
42
56
55
47
21
-22
-53
-48
-31
-35
-53
-62
-53
-49
-61
-74
-79
-78
-80
-79
-70
-65
-70
-78
-80
-67
-48
-37
-49
-82
-125
-153
-159
-153
-153
-168
-189
-203
-202
-190
-183
-191
-211
-228
-235
-235
-239
-245
-246
-238
-229
-219
-206
-191
-182
-178
-165
-131
-78
-30
3
18
12
-11
-31
-27
1
23
23
12
15
35
52
52
40
35
41
55
67
74
81
88
88
82
84
106
133
137
112
82
83
118
161
182
175
157
146
139
126
118
132
153
144
92
35
21
44
63
51
17
-18
-42
-50
-38
-9
23
39
32
14
12
34
58
59
36
21
34
68
95
99
83
56
28
11
11
16
10
-10
-37
-55
-51
-34
-28
-47
-81
-113
-136
-150
-143
-119
-99
-105
-119
-111
-82
-56
-47
-44
-36
-24
-5
21
31
3
-42
-66
-70
-80
-105
-119
-110
-104
-113
-117
-100
-82
-92
-125
-158
-174
-170
-151
-124
-101
-84
-71
-59
-39
-2
47
83
88
82
90
109
122
128
138
146
131
100
83
91
99
92
74
63
63
73
85
87
76
55
30
4
-6
11
44
65
74
98
142
176
181
171
170
172
170
175
192
207
200
184
176
170
159
148
139
115
83
73
98
119
104
67
44
40
43
55
69
67
41
17
15
23
22
18
19
17
5
2
16
24
4
-33
-64
-78
-81
-82
-85
-99
-122
-143
-153
-155
-152
-148
-153
-163
-160
-130
-99
-100
-123
-127
-103
-86
-94
-101
-86
-63
-54
-57
-58
-56
-59
-66
-72
-75
-74
-70
-78
-104
-124
-119
-92
-75
-83
-102
-111
-100
-71
-37
-22
-30
-48
-50
-32
-9
11
24
22
10
5
19
38
53
62
63
41
11
3
29
52
43
20
10
6
-5
-9
10
35
39
26
26
42
50
40
24
20
36
66
94
95
73
60
76
99
107
99
95
95
88
76
67
57
52
59
75
76
55
40
56
85
82
39
-4
-10
13
28
11
-28
-51
-38
-4
16
4
-20
-32
-29
-23
-19
-11
-1
2
-20
-70
-126
-147
-118
-70
-49
-65
-86
-77
-45
-21
-30
-70
-104
-107
-88
-84
-103
-123
-124
-114
-112
-104
-87
-81
-105
-138
-149
-139
-128
-126
-131
-141
-147
-125
-75
-39
-51
-80
-74
-35
-11
-16
-20
-5
11
18
34
67
88
79
65
77
105
115
102
87
78
67
46
25
18
29
43
43
25
14
29
64
82
67
41
40
69
97
96
73
55
59
75
86
84
80
90
113
129
122
97
76
71
74
77
71
56
37
23
15
10
4
-1
8
24
34
19
-10
-26
-8
31
48
25
-13
-22
11
55
75
67
47
33
25
19
15
14
15
15
16
16
17
15
-1
-28
-52
-46
-17
3
-5
-22
-20
-5
-5
-20
-27
-16
-9
-19
-29
-18
7
16
-3
-36
-58
-60
-55
-55
-58
-56
-54
-64
-89
-107
-110
-104
-102
-99
-83
-63
-49
-40
-30
-19
-10
6
31
47
41
27
31
51
70
78
79
70
45
17
9
24
38
41
45
57
64
50
20
0
6
27
42
43
43
49
56
54
52
69
102
125
121
105
95
90
86
88
93
86
60
37
40
56
63
60
55
42
13
-14
-19
-6
-1
-10
-16
-14
-17
-33
-52
-59
-55
-45
-39
-43
-52
-47
-25
-7
-12
-30
-39
-33
-27
-39
-63
-92
-111
-109
-86
-66
-64
-73
-65
-39
-21
-33
-61
-75
-67
-55
-49
-50
-46
-40
-35
-38
-47
-55
-56
-50
-45
-46
-48
-50
-50
-58
-74
-82
-72
-57
-57
-66
-71
-76
-86
-99
-98
-84
-74
-77
-84
-81
-73
-65
-54
-40
-34
-41
-44
-37
-32
-42
-55
-51
-33
-19
-22
-41
-69
-88
-76
-37
1
10
-8
-30
-36
-30
-20
-16
-17
-22
-22
-6
23
51
63
52
31
21
32
51
59
53
44
42
46
53
68
84
93
89
86
94
109
119
117
103
89
81
76
68
59
63
79
88
72
48
46
61
66
56
46
47
49
43
38
43
53
55
48
37
25
16
18
25
28
22
23
40
68
92
97
82
56
38
37
43
37
24
22
36
42
27
0
-16
-7
18
39
38
17
-1
-1
9
4
-16
-39
-55
-64
-70
-73
-79
-88
-93
-92
-89
-89
-84
-75
-73
-75
-60
-26
-9
-30
-60
-52
-17
-3
-23
-40
-35
-30
-43
-53
-38
-15
-5
-13
-28
-45
-57
-52
-33
-17
-10
4
28
36
18
0
10
31
32
20
22
47
73
85
88
86
75
64
69
93
115
111
81
45
31
54
91
106
84
49
34
37
34
19
3
0
-2
-13
-23
-17
5
25
31
27
25
29
35
35
33
33
34
30
14
-5
-19
-21
-11
6
25
34
26
2
-29
-43
-37
-17
-5
-4
-3
4
5
-8
-19
-8
15
21
0
-20
-12
14
29
21
4
-7
-2
19
43
49
29
3
-6
-6
-13
-27
-29
-21
-20
-34
-47
-43
-38
-45
-59
-59
-42
-20
-11
-13
-23
-32
-38
-40
-42
-47
-55
-60
-54
-45
-45
-63
-90
-107
-106
-92
-78
-66
-57
-56
-72
-89
-91
-73
-49
-31
-28
-37
-50
-54
-42
-19
1
7
-2
-20
-24
-1
36
55
41
19
13
23
32
36
39
32
9
-15
-19
-6
1
2
13
37
54
55
48
36
16
2
14
48
73
67
48
40
46
54
56
51
34
8
-3
13
37
37
12
-13
-16
-4
10
21
25
17
-6
-28
-30
-14
-1
-6
-18
-19
-11
-6
-15
-29
-39
-41
-36
-27
-15
-3
9
19
13
-9
-32
-30
-4
20
26
22
25
34
33
12
-18
-39
-37
-17
6
16
17
20
23
19
9
0
-6
-13
-18
-11
3
10
4
-9
-24
-40
-50
-49
-38
-27
-11
12
28
8
-34
-56
-35
0
10
-8
-23
-24
-25
-30
-33
-16
9
16
-7
-41
-53
-34
-5
10
13
18
23
14
-11
-43
-66
-65
-32
15
45
43
35
41
45
24
-17
-45
-42
-24
-12
-10
-20
-32
-34
-19
1
11
12
21
32
33
28
32
43
40
20
12
26
44
39
12
-12
-16
-3
11
12
9
15
32
49
59
63
65
60
49
42
51
67
78
78
63
38
17
14
26
36
36
33
35
37
39
46
50
33
5
-6
12
33
29
7
-8
-15
-27
-46
-57
-54
-36
-13
4
-7
-44
-70
-57
-14
21
23
-3
-34
-52
-58
-64
-82
-95
-74
-24
14
6
-35
-63
-58
-34
-16
-13
-14
-2
25
51
53
37
26
26
19
3
-8
-4
-2
-17
-42
-55
-52
-39
-22
-8
-8
-24
-43
-48
-39
-23
-11
-13
-30
-45
-35
3
39
43
19
-7
-4
23
45
40
15
0
10
31
42
39
32
21
5
-11
-12
1
16
26
31
28
17
6
1
-5
-20
-35
-35
-25
-20
-18
-13
-6
-8
-18
-21
-20
-29
-43
-47
-31
-10
-4
-11
-15
-10
-2
-4
-16
-18
-2
15
14
-6
-25
-29
-26
-25
-17
0
17
22
11
3
5
18
29
32
24
20
29
44
48
44
55
79
91
73
48
44
59
68
57
34
13
3
8
23
40
45
38
27
20
18
13
2
-7
-3
16
29
21
1
-11
-12
-15
-25
-34
-38
-40
-46
-51
-52
-43
-26
-8
-4
-12
-13
5
27
29
14
9
17
15
-2
-13
-4
13
15
-3
-24
-37
-37
-31
-26
-28
-39
-48
-48
-43
-45
-59
-81
-91
-75
-45
-24
-25
-40
-49
-44
-29
-12
-5
-15
-32
-38
-32
-35
-46
-46
-23
1
3
-8
-6
12
27
31
32
37
45
47
42
26
9
8
28
41
21
-20
-34
-1
48
66
47
19
10
7
-1
-13
-10
10
22
13
-4
-4
11
18
9
1
13
31
34
14
-19
-44
-52
-44
-38
-45
-54
-48
-28
-13
-10
-10
-4
1
2
5
16
23
17
8
13
27
38
43
56
74
83
71
50
36
35
42
50
62
75
80
74
62
50
41
30
26
39
68
92
90
60
21
1
11
39
58
51
24
5
2
8
11
9
8
2
-10
-17
-8
7
4
-26
-66
-88
-79
-54
-38
-45
-67
-79
-67
-40
-18
-11
-17
-30
-49
-64
-61
-31
2
6
-29
-68
-72
-40
-7
1
-9
-25
-37
-46
-47
-35
-19
-9
-9
-13
-18
-20
-21
-24
-34
-47
-44
-23
-3
0
-5
-3
4
4
3
12
27
20
-9
-33
-28
-3
5
-12
-35
-44
-35
-17
-4
-2
-14
-38
-63
-66
-43
-12
-2
-15
-33
-40
-36
-26
-14
-7
-13
-29
-36
-30
-19
-14
-16
-21
-25
-12
21
58
64
41
27
48
77
83
66
53
50
42
29
26
43
62
60
37
15
19
47
74
76
55
34
31
36
37
37
41
46
45
42
46
55
64
66
57
38
20
11
9
-3
-24
-42
-43
-39
-30
-11
18
38
30
8
-9
-15
-20
-27
-30
-26
-18
-11
-11
-23
-34
-37
-30
-20
-11
-2
0
-12
-32
-40
-32
-21
-18
-19
-20
-25
-35
-32
-11
5
-4
-26
-38
-32
-21
-19
-26
-37
-37
-25
-7
-1
-14
-25
-18
-3
2
-5
-12
-17
-24
-36
-38
-23
-8
-12
-35
-53
-50
-29
-14
-11
-13
-9
1
2
-5
-10
-7
8
32
57
65
45
16
5
19
41
54
64
71
60
30
13
28
52
47
14
-10
-5
16
36
53
67
68
53
35
29
37
44
42
34
29
30
42
56
61
50
34
25
