28
49
71
72
54
42
54
74
73
44
15
22
61
91
81
48
32
43
57
55
40
17
-7
-20
-4
27
37
16
-14
-22
-14
-14
-23
-20
2
22
19
-4
-29
-41
-43
-35
-22
-2
13
10
-13
-36
-43
-31
-9
7
16
18
20
21
17
11
7
8
6
-6
-18
-23
-25
-36
-53
-59
-37
9
54
74
61
35
20
23
24
18
7
-7
-30
-54
-55
-29
-1
7
3
5
13
20
25
23
9
-7
1
32
47
19
-31
-55
-46
-34
-41
-56
-63
-58
-50
-42
-29
-10
7
3
-20
-41
-47
-49
-55
-50
-24
0
-5
-22
-18
-3
-11
-39
-38
2
35
31
15
11
7
-13
-26
-8
22
26
-1
-24
-19
1
10
6
5
16
29
30
26
32
43
36
6
-20
-26
-19
-15
-15
-14
-19
-32
-42
-40
-27
-10
9
23
19
3
-4
4
13
13
12
13
10
8
18
29
24
9
7
20
27
24
35
61
77
76
77
89
85
49
12
8
31
45
33
8
-14
-17
-2
20
27
16
8
15
31
41
39
30
17
1
-15
-29
-39
-38
-26
-16
-17
-24
-23
-16
-15
-25
-36
-27
-2
19
18
0
-8
2
6
-16
-45
-46
-13
21
25
6
-5
1
13
7
-18
-46
-50
-24
5
13
1
-5
-2
-6
-24
-38
-31
-13
-13
-31
-34
-8
26
29
4
-15
-1
22
19
-11
-37
-42
-33
-25
-26
-39
-55
-59
-45
-38
-54
-75
-71
-45
-31
-42
-55
-46
-24
-7
-7
-15
-20
-17
-19
-42
-72
-74
-34
3
-4
-36
-36
7
42
36
11
2
5
4
4
16
29
27
17
17
21
17
12
21
36
39
30
33
51
60
43
19
14
36
67
90
95
75
43
24
27
34
40
52
62
38
-31
-92
-88
-30
13
9
-6
14
59
93
93
73
54
43
36
28
18
8
0
-10
-20
-20
-6
12
31
46
49
39
21
12
10
3
-8
-8
5
16
15
14
12
-1
-16
-18
-11
-20
-41
-42
-10
24
40
39
22
-11
-41
-39
-8
13
11
10
17
7
-23
-35
-12
10
-5
-40
-61
-62
-50
-26
2
9
-13
-38
-39
-19
0
4
-22
-69
-94
-65
-10
8
-22
-57
-64
-60
-62
-56
-34
-11
-12
-29
-49
-56
-47
-28
-12
-11
-14
-7
8
23
40
59
63
45
32
43
52
25
-24
-58
-70
-80
-83
-65
-39
-40
-68
-85
-70
-40
-20
-11
-9
-19
-33
-34
-22
-17
-28
-35
-17
16
37
27
-4
-23
-19
-7
-11
-28
-29
-2
32
41
22
2
6
34
65
71
50
22
19
45
72
70
40
15
31
82
126
121
68
18
13
50
88
99
86
70
65
66
58
46
45
60
75
66
39
20
26
44
45
24
3
7
34
56
56
44
36
25
4
-20
-24
-9
5
5
-5
-20
-39
-50
-42
-24
-22
-43
-58
-46
-12
27
57
60
36
3
-7
1
-1
-22
-36
-27
-13
-4
11
33
36
11
-10
0
31
50
52
52
57
63
68
71
60
32
3
-9
1
12
5
-21
-47
-52
-31
0
20
26
18
-8
-47
-84
-104
-106
-102
-100
-103
-105
-96
-70
-41
-32
-40
-44
-34
-22
-25
-41
-64
-92
-113
-113
-102
-102
-111
-104
-76
-54
-54
-58
-44
-23
-16
-27
-48
-69
-79
-68
-44
-30
-35
-42
-30
-9
-7
-27
-47
-48
-37
-25
-17
-15
-22
-31
-31
-15
0
-6
-19
-7
27
41
15
-7
13
47
46
24
31
73
97
74
30
-12
-45
-58
-33
10
34
32
35
48
36
-3
-20
15
76
111
101
56
12
10
60
108
104
73
72
107
121
95
69
69
71
47
20
18
35
49
58
65
62
51
42
39
36
35
46
71
96
113
110
89
69
72
86
72
21
-17
-12
10
7
-12
-11
8
15
-2
-25
-33
-13
28
51
15
-59
-95
-56
8
32
17
-10
-46
-82
-81
-39
-9
-24
-38
-4
44
44
10
-3
4
-10
-47
-67
-63
-61
-71
-78
-79
-87
-91
-73
-40
-19
-17
-26
-41
-58
-62
-53
-57
-81
-91
-58
-9
8
-7
-21
-17
-9
-10
-15
-22
-31
-41
-49
-61
-71
-59
-22
18
28
8
-21
-34
-20
10
27
12
-11
-3
30
38
-1
-50
-60
-37
-17
-25
-48
-61
-42
3
36
28
-1
-6
20
39
33
24
33
44
44
39
37
26
8
18
63
94
77
39
31
49
55
38
22
16
-1
-28
-39
-23
-5
-13
-38
-53
-42
-18
-5
-13
-26
-18
13
33
23
8
19
53
73
65
42
25
17
26
46
60
51
22
-4
-27
-53
-70
-55
-19
-1
-21
-53
-55
-22
24
55
57
38
20
17
20
13
8
17
36
50
51
43
23
-2
-11
4
17
1
-32
-51
-54
-55
-55
-40
-20
-19
-32
-39
-34
-26
-15
1
9
-1
-10
-2
5
-19
-59
-72
-51
-32
-27
-24
-20
-28
-48
-61
-67
-80
-95
-97
-83
-72
-71
-71
-67
-61
-47
-25
-17
-37
-59
-50
-20
-4
-12
-18
-12
-2
0
-11
-31
-46
-41
-23
-19
-32
-31
9
59
78
70
60
56
44
30
33
47
60
65
63
52
25
1
-7
-5
-6
-14
-26
-36
-36
-22
1
14
13
14
26
35
31
23
20
21
28
42
51
38
9
-9
-8
-7
-12
-7
7
6
-19
-38
-30
2
31
37
17
-15
-31
-16
7
10
-1
-4
5
10
7
14
30
45
56
65
64
50
41
59
83
81
58
46
57
69
66
58
53
42
19
-6
-17
-11
4
18
32
46
58
67
72
78
88
93
83
61
38
22
5
-15
-25
-18
-3
11
16
2
-19
-15
32
86
89
38
-9
-13
4
11
11
18
23
9
-17
-31
-29
-21
-23
-38
-62
-72
-53
-25
-25
-55
-77
-63
-32
-18
-32
-55
-68
-66
-51
-35
-39
-68
-101
-109
-89
-63
-55
-63
-73
-77
-67
-48
-17
14
26
12
-14
-28
-24
-13
-9
-15
-31
-48
-45
-6
46
71
61
45
43
48
50
61
78
76
38
-8
-21
1
34
54
60
62
61
56
43
21
10
27
58
75
68
65
81
89
69
46
56
87
91
56
11
-3
11
36
57
70
67
42
9
-5
17
50
57
21
-30
-59
-57
-43
-35
-37
-51
-70
-82
-78
-69
-66
-60
-34
8
38
45
44
52
54
37
14
5
9
10
2
-5
-8
-6
-1
9
21
36
51
62
55
29
1
-19
-30
-33
-26
-8
0
-12
-26
-17
12
36
40
32
19
-2
-22
-31
-27
-30
-51
-72
-68
-44
-28
-32
-38
-29
-14
-14
-29
-32
-11
22
39
28
0
-30
-44
-37
-18
-11
-26
-53
-78
-90
-88
-66
-41
-35
-55
-77
-83
-76
-68
-56
-42
-45
-68
-81
-56
-15
2
-10
-26
-31
-35
-33
-22
-20
-41
-64
-54
-19
2
-5
-12
-9
-12
-24
-23
-7
4
6
17
42
59
58
58
68
71
58
40
27
18
20
34
37
7
-39
-53
-25
0
-7
-22
-8
23
46
51
47
35
17
1
-8
-18
-30
-25
3
31
39
27
8
-10
-23
-25
-18
-10
-3
9
17
5
-27
-52
-54
-44
-42
-53
-70
-78
-64
-29
0
-8
-42
-66
-59
-38
-27
-38
-64
-86
-83
-47
-7
2
-23
-43
-35
-11
16
46
84
119
129
108
68
36
39
74
106
102
75
60
70
83
79
64
59
67
76
68
43
26
37
71
94
88
66
50
45
44
45
40
25
12
21
45
53
25
-18
-47
-50
-33
-11
-9
-37
-73
-80
-65
-61
-70
-56
-13
16
7
-5
10
34
26
-8
-43
-67
-80
-69
-27
18
42
45
40
18
-19
-39
-20
10
16
7
9
21
23
23
38
53
43
16
10
32
49
45
36
26
3
-31
-45
-24
4
13
5
-10
-34
-67
-85
-71
-42
-33
-46
-60
-59
-46
-32
-19
-5
1
-14
-49
-87
-107
-106
-106
-119
-136
-138
-116
-84
-58
-54
-72
-102
-122
-119
-100
-76
-48
-21
-9
-19
-35
-43
-48
-55
-48
-24
-7
-15
-30
-27
-14
-12
-14
6
36
43
23
4
2
13
20
12
-17
-51
-56
-15
40
65
64
63
67
62
52
52
57
53
45
52
64
69
64
59
41
15
11
39
60
39
-3
-12
18
45
44
35
42
71
100
103
69
28
20
36
29
-9
-23
17
62
61
32
24
35
33
19
18
28
30
26
31
35
24
12
21
42
42
21
1
-10
-20
-29
-28
-22
-15
-2
18
28
20
12
22
41
39
15
-7
-16
-18
-17
-6
13
25
23
14
12
18
21
21
27
44
58
56
40
27
25
28
28
26
25
15
-4
-21
-27
-30
-38
-41
-26
0
14
9
-2
-6
-10
-21
-32
-30
-17
-5
-4
-12
-16
-11
2
19
32
43
42
26
4
-12
-18
-29
-50
-64
-55
-28
0
19
29
27
10
-4
5
30
43
37
33
44
55
55
50
42
16
-20
-36
-16
13
17
3
-3
3
6
8
11
4
-14
-24
-12
7
15
26
50
67
61
42
25
3
-20
-10
27
43
14
-16
-4
23
22
11
23
36
15
-22
-29
-13
-9
-16
-2
20
21
5
5
23
29
18
7
-7
-31
-46
-41
-31
-36
-42
-27
-6
-9
-20
-19
-20
-41
-67
-71
-62
-67
-75
-57
-23
-4
-3
-5
-11
-34
-61
-68
-55
-37
-22
-18
-37
-68
-75
-50
-28
-44
-74
-73
-46
-25
-17
-5
7
3
0
26
71
90
71
52
56
60
44
25
15
1
-32
-53
-40
-10
4
6
18
27
6
-26
-16
29
42
-14
-86
-103
-62
-17
-2
-21
-60
-98
-106
-78
-45
-39
-54
-66
-73
-76
-65
-37
-18
-33
-66
-80
-61
-25
10
28
21
-1
-9
11
32
26
-2
-23
-34
-40
-37
-13
18
38
37
33
31
33
40
54
64
53
28
18
30
42
33
15
11
26
35
22
0
-14
-19
-24
-27
-19
0
19
27
24
20
27
43
47
16
-36
-59
-33
11
29
19
11
14
16
12
10
9
3
3
19
39
43
28
16
10
-1
-18
-21
-7
9
11
3
0
4
16
31
46
52
41
22
12
25
50
66
65
60
53
40
26
27
45
55
39
16
14
31
52
70
83
78
52
37
44
50
37
23
36
53
46
18
2
1
-2
-4
2
6
-1
3
38
71
64
36
25
33
20
-16
-37
-34
-37
-58
-78
-80
-84
-98
-98
-69
-33
-15
-21
-36
-49
-54
-44
-26
-18
-25
-43
-53
-46
-23
-2
-6
-34
-55
-45
-17
-2
-5
-16
-26
-47
-74
-81
-59
-28
-12
-9
-5
1
7
16
22
6
-26
-47
-32
4
25
22
14
6
-15
-43
-54
-35
-12
-13
-31
-41
-32
-11
13
26
18
-11
-36
-35
-15
4
8
1
-9
-10
7
35
48
28
-8
-21
6
39
38
6
-24
-25
-12
-9
-15
-12
3
14
14
12
13
19
30
42
38
4
-44
-63
-41
-10
-9
-31
-36
-1
55
91
82
42
8
5
19
17
-16
-47
-43
-4
31
31
8
4
30
58
53
28
25
47
50
1
-66
-103
-90
-46
2
33
36
25
26
44
45
15
-14
-5
21
14
-40
-96
-105
-68
-25
-10
-24
-41
-38
-20
-16
-34
-52
-41
-5
24
29
12
-4
-4
3
3
-2
-1
9
15
11
8
14
25
30
23
5
-12
-19
-5
20
34
38
38
33
11
-20
-33
-21
-6
-13
-37
-53
-41
0
37
40
12
-12
-5
17
30
30
18
-14
-62
-92
-84
-66
-70
-81
-69
-45
-29
-12
20
47
46
28
17
9
-7
-10
6
17
4
-7
7
33
39
31
21
3
-20
-23
-1
9
-12
-31
-19
-2
-12
-32
-29
-10
-4
-14
-24
-23
-17
-4
7
7
5
21
50
57
36
7
-10
-20
-16
9
32
24
4
14
48
54
21
-2
10
32
37
36
39
35
24
26
46
67
90
116
126
100
63
59
86
99
90
81
72
37
-13
-29
5
44
48
35
30
39
48
60
69
57
19
-22
-34
-16
2
-3
-26
-38
-22
5
16
13
17
34
39
23
-2
-20
-31
-28
-6
22
25
-1
-29
-36
-33
-30
-25
-17
-10
-16
-25
-25
-16
-7
-8
-25
-51
-64
-48
-16
8
13
11
14
21
23
21
20
21
13
-9
-39
-60
-60
-50
-35
-20
-6
-6
-24
-45
-51
-33
-11
3
15
27
34
31
16
-8
-34
-45
-30
8
44
56
41
15
5
19
41
44
28
11
5
5
7
17
40
55
47
21
-3
-7
12
38
47
32
7
-2
13
35
44
31
1
-30
-40
-26
-3
8
2
-11
-26
-41
-50
-48
-32
-8
16
27
18
1
-9
-11
-11
-9
-6
-20
-55
-80
-67
-33
-29
-60
-85
-73
-42
-14
8
25
22
7
4
22
39
28
2
-19
-29
-30
-23
-6
7
4
-12
-33
-48
-49
-40
-40
-57
-67
-46
-6
10
-7
-23
-14
8
19
13
-6
-32
-57
-59
-38
-18
-19
-27
-20
-4
-4
-29
-54
-55
-39
-24
-20
-14
-6
-5
-13
-16
-6
7
12
12
11
1
-10
-5
14
21
5
-17
-22
-18
-23
-29
-30
-34
-45
-46
-26
-9
-11
-18
-14
-12
-22
-14
22
54
42
9
1
17
22
8
-8
-20
-35
-38
-11
22
17
-21
-53
-62
-62
-58
-40
-6
17
22
8
-14
-30
-17
24
54
40
-9
-45
-55
-45
-25
-10
-24
-68
-100
-81
-31
2
3
-8
-17
-27
-29
-13
4
-2
-29
-45
-34
-10
6
10
1
-15
-17
5
39
57
47
17
-14
-26
-4
46
81
68
26
3
16
35
38
34
39
41
35
35
51
65
58
48
58
78
77
57
46
47
36
14
7
27
47
44
27
15
15
24
47
66
54
8
-24
-6
36
61
66
69
70
53
31
24
27
17
-2
-12
-16
-27
-39
-29
-4
10
16
35
57
57
28
-3
-25
-50
-80
-82
-50
-15
-7
-18
-23
-23
-23
-21
-14
-18
-47
-73
-67
-34
-2
8
9
6
-5
-27
-49
-67
-81
-87
-81
-66
-57
-59
-56
-41
-20
-5
3
3
-8
-30
-49
-55
-51
-40
-25
-14
-25
-49
-59
-38
-10
-1
-5
3
12
-1
-30
-46
-37
-31
-35
-39
-31
-27
-37
-45
-36
-15
-4
0
9
23
35
38
33
21
4
-6
-5
4
9
5
-6
-16
-16
-1
13
15
6
5
18
34
35
20
8
12
34
59
74
72
57
32
1
-28
-37
-19
18
55
73
61
34
18
32
58
63
46
33
41
59
71
74
67
45
21
16
30
41
39
35
33
23
11
24
61
76
45
2
-10
0
6
10
27
39
32
16
11
6
-12
-21
3
28
15
-17
-15
15
18
-24
-70
-82
-70
-51
-29
-9
-7
-13
-6
10
4
-23
-37
-19
4
-2
-31
-58
-66
-54
-34
-27
-43
-56
-41
-12
-5
-19
-20
-2
6
-14
-44
-56
-42
-6
38
60
40
9
10
35
36
3
-15
14
52
50
9
-28
-36
-15
22
50
52
33
23
37
60
68
65
69
84
101
109
95
54
11
-2
17
29
16
3
15
35
38
30
40
72
91
79
46
16
0
0
15
34
38
23
11
18
32
33
25
20
15
4
-1
17
44
42
10
-8
15
51
60
44
27
14
-3
-10
7
33
40
28
17
9
-5
-9
14
46
50
24
4
7
13
8
2
-3
-21
-51
-61
-33
5
23
24
26
26
15
-3
-5
13
33
31
8
-11
-12
-6
-11
-28
-34
-18
7
20
13
-6
-27
-32
-18
4
18
19
12
-4
-27
-43
-36
-15
-4
-6
-13
-18
-25
-28
-18
-8
-19
-43
-59
-62
-62
-56
-37
-25
-41
-60
-40
2
16
-11
-25
-2
21
11
-7
-8
-9
-28
-40
-22
5
14
13
19
21
10
-2
10
29
29
10
-9
-17
-16
-8
2
-3
-16
-13
13
35
40
47
57
48
13
-11
-6
5
-5
-26
-34
-37
-42
-37
-13
-2
-17
-30
-18
-9
-35
-71
-73
-48
-33
-39
-42
-37
-34
-39
-48
-61
-77
-73
-36
2
8
-4
0
18
18
-7
-26
-28
-22
-14
-5
4
7
15
31
34
5
-36
-46
-20
6
6
2
14
40
52
41
22
12
21
31
21
-14
-50
-56
-32
1
22
29
30
23
5
-18
-39
-45
-36
-26
-27
-37
-40
-33
-22
-9
2
-7
-33
-50
-31
3
10
-6
-15
3
25
34
39
43
29
6
0
15
20
-2
-26
-31
-30
-37
-31
1
34
36
20
19
34
38
30
24
28
28
21
25
43
57
45
12
-23
-40
-33
-16
-4
-1
4
11
7
-7
-12
4
24
21
0
-13
-9
-7
-15
-23
-15
1
8
3
-4
-7
-5
-6
-11
-21
-31
-33
-22
-4
9
15
23
36
43
38
32
37
43
32
9
-3
7
14
-3
-35
-48
-33
-9
-1
-11
-25
-36
-52
-76
-95
-86
-54
-24
-8
-3
-6
-18
-36
-42
-34
-26
-25
-21
-7
5
4
1
9
12
1
-14
-21
-26
-37
-43
-29
-9
7
22
44
59
50
40
60
104
135
131
111
93
73
46
22
7
4
4
0
-19
-42
-37
8
61
72
41
10
12
33
45
39
23
10
9
24
38
36
22
12
10
8
7
15
20
2
-31
-44
-19
13
14
-10
-30
-30
-21
-12
-1
0
-19
-51
-70
-59
-29
-2
8
3
-10
-29
-43
-42
-22
0
4
-5
-11
-4
1
-13
-31
-37
-34
-33
-27
-12
-6
-28
-65
-78
-64
-51
-52
-55
-54
-53
-47
-20
14
18
-15
-40
-30
-5
14
24
29
21
6
5
15
18
16
36
68
69
39
22
33
33
3
-9
21
50
30
-13
-25
-10
-4
0
28
62
61
33
15
12
-5
-28
-19
27
64
56
22
0
6
31
57
64
53
39
36
35
27
10
-20
-60
-84
-69
-31
-12
-9
11
53
77
68
51
39
13
-17
-16
15
31
16
5
19
19
-16
-40
-13
25
25
-3
-23
-30
-35
-21
11
25
3
-14
7
33
27
19
39
53
22
-17
-3
42
57
28
-12
-34
-20
37
84
55
-9
-5
42
8
-93
-107
-11
22
-67
-109
-21
43
-30
-122
-117
-75
-56
5
120
155
68
-16
-26
-17
13
125
240
189
21
-51
0
16
-29
-25
-1
-80
-190
-162
-44
-9
-24
32
70
-49
-171
-77
100
101
-9
-3
62
-28
-180
-149
12
58
-9
-13
15
-59
-125
4
198
174
-29
-135
-83
-50
-81
-31
118
193
123
35
43
77
33
-32
27
192
234
5
-282
-302
-80
76
56
45
109
105
59
181
365
239
-169
-349
-127
73
-6
-50
142
233
1
-223
-149
3
8
24
117
-1
-373
-535
-249
93
131
39
11
-96
-298
-233
218
618
608
376
193
5
-238
-323
-117
164
242
60
-269
-500
-365
75
362
246
64
137
205
-40
-314
-224
18
6
-109
36
290
273
70
-1
4
-121
-230
-113
21
-77
-180
19
321
343
154
78
129
67
-147
-310
-235
104
515
630
278
-212
-380
-221
-50
38
141
181
40
-114
-103
-91
-237
-310
-106
140
192
213
296
151
-256
-385
22
436
384
142
68
-31
-340
-578
-584
-629
-752
-592
-195
-104
-353
-325
173
627
774
831
775
444
200
382
463
-21
-328
286
1095
1221
1172
1090
-718
-4654
-7075
-4468
943
3970
3664
2920
1882
-2158
-7918
-9426
-4109
3578
8505
9895
8215
2702
-4832
-8684
-5634
846
5693
7783
7540
3628
-3760
-9925
-10573
-7180
-3636
-367
3783
6476
4119
-1805
-5595
-4575
-1402
998
2900
5235
6888
6249
3513
104
-2871
-4588
-4117
-1299
2364
4550
4007
1372
-1766
-4215
-5425
-4936
-2598
582
2881
3562
3094
1414
-2070
-5790
-5858
-957
4657
6030
3720
1679
550
-2197
-5925
-6174
-1609
3237
4270
2582
540
-2310
-6007
-6954
-2588
3505
5801
4141
2292
1255
-670
-2369
-532
3943
5908
3575
927
782
756
-1165
-2132
524
3804
3248
-243
-2424
-2296
-1903
-1277
1158
3917
3477
185
-1690
-542
674
243
470
2601
3639
1333
-1578
-1725
-457
-769
-1693
-483
1547
645
-2721
-4074
-2003
13
-207
-489
760
1354
-226
-1366
229
2194
1531
-59
674
2507
1855
-657
-1068
1067
2041
417
-1061
-886
-1096
-2545
-2678
-374
1272
-109
-2168
-1932
-565
-570
-1122
-135
1356
952
-591
-707
281
-52
-1473
-1341
459
1013
-644
-1967
-1378
-635
-1185
-1522
-291
922
339
-792
-400
841
953
249
494
1426
1196
-80
-278
1045
1832
1013
67
136
180
-544
-627
947
2470
1955
362
-56
666
886
626
1316
2682
2843
1543
575
639
485
-242
-100
1272
1980
919
-415
-570
-294
-411
121
1950
3253
2317
545
347
1443
1910
1651
1995
2623
1953
266
-407
394
1002
603
186
143
-516
-1831
-2214
-1100
-110
-441
-1114
-1054
-942
-1504
-1744
-662
671
667
-270
-706
-703
-1345
-2332
-2258
-1147
-657
-1545
-2764
-3456
-4054
-4747
-4605
-3295
-2244
-2792
-4243
-5004
-4833
-4569
-4363
-3762
-3174
-3575
-4757
-5396
-5086
-4878
-5381
-5793
-5464
-5120
-5592
-6390
-6580
-6206
-5813
-5271
-4243
-3285
-3227
-3704
-3494
-2213
-681
385
1026
1375
1307
1054
1323
2417
3765
4607
4727
4382
3984
4077
5107
6896
8574
9318
9093
8659
8972
10455
12561
14100
14299
13557
12966
13200
14050
14833
14938
14184
13033
12315
12338
12430
11788
10616
9861
9946
10309
10208
9445
8345
7523
7644
8710
9543
8752
6462
4408
3970
4703
5114
4188
1824
-1378
-4123
-5070
-4404
-4220
-6324
-10033
-13124
-14499
-14774
-14711
-14661
-15429
-17819
-20864
-22237
-21219
-19760
-19730
-20738
-21754
-23037
-24702
-25067
-22902
-20224
-20130
-22385
-23889
-23209
-21716
-20203
-17849
-15257
-14874
-16722
-17027
-13474
-8886
-6920
-6830
-5807
-4044
-3426
-2975
-290
3397
4436
2943
2881
5460
7343
6808
6707
9009
11039
10342
9219
10622
12966
13273
12652
13954
16121
15949
14160
14524
17335
18857
17604
16338
16898
17595
17217
17377
18862
19437
17716
16032
16831
18881
19669
19228
19035
19071
18604
18274
18925
19723
19578
19039
18814
17992
15832
13771
13396
13879
13494
12034
9730
5932
1452
-282
2180
4631
2045
-4489
-9687
-11313
-11079
-9970
-8218
-8902
-15138
-23287
-25541
-20812
-16775
-18917
-23958
-27066
-28869
-30863
-30343
-25962
-23065
-26422
-31642
-31292
-26388
-23738
-24162
-22389
-17945
-16517
-19131
-19202
-13489
-7650
-6674
-7384
-5676
-4062
-5467
-5722
-292
6034
5083
-1648
-4728
-681
4519
6046
5687
5151
2475
-1474
-729
6468
12416
9947
2817
-99
2865
6388
7723
8525
8555
5338
658
204
4820
8304
6492
2888
2077
2883
2362
1945
4296
7285
6868
4053
3449
5919
8085
8642
9645
11257
10873
8727
8919
12683
15546
14103
11207
11006
12807
13717
13868
14623
14594
12327
10513
12369
15641
15640
12898
11992
13541
13678
11607
11074
13127
13867
11499
9378
9353
8373
5209
4161
7272
8841
3809
-3410
-5361
-2744
-1792
-3830
-5608
-7536
-12562
-17875
-17255
-12300
-11880
-18483
-24290
-23955
-22169
-23911
-25957
-24403
-22902
-25706
-28845
-26705
-22354
-22201
-24345
-22070
-16392
-14654
-17328
-16838
-10713
-5731
-6110
-7005
-3972
-347
109
329
3447
5797
3619
1284
4733
10660
10873
5263
1838
4477
8759
10416
10237
9146
5891
2235
3559
10356
14890
11106
3399
469
3929
8225
9270
7592
4465
608
-1533
520
4541
5118
1095
-2571
-1960
742
1600
787
906
2129
2665
2495
3080
4197
4423
4356
5875
8134
7958
5112
3590
5868
9011
8967
6233
4360
4711
5842
6725
7280
6629
4342
2926
5249
9394
10136
6450
3442
5166
9335
11484
10819
9026
6685
4561
5357
9724
12713
9273
2034
-1516
876
4179
4109
1647
-1296
-4942
-8282
-8165
-4880
-3882
-8221
-13516
-14596
-13097
-13555
-15527
-15584
-14548
-16087
-19328
-19634
-16669
-15118
-16553
-17100
-14902
-13442
-14633
-14689
-10875
-7006
-7357
-9429
-8256
-4476
-2319
-2156
-1128
536
221
-865
1234
5655
6727
3029
266
2627
6794
7860
6329
5274
4798
3868
4205
7233
9661
7465
2770
1408
4269
6418
4896
2161
814
-53
-1443
-1910
-958
-1172
-3981
-6556
-6032
-4102
-4028
-5389
-5540
-4463
-4198
-4538
-3401
-1079
-119
-818
-619
1371
2888
2616
2372
3629
4913
4627
3861
4260
5256
5552
5465
5704
5645
4975
5267
7472
9525
9135
7602
7926
10187
11889
12181
12509
13349
13514
12900
12903
13736
14042
13557
13359
13147
11401
8806
8109
9509
9631
6700
3381
2393
2528
1556
31
-766
-1937
-4597
-6770
-6395
-5442
-7037
-10116
-11206
-10359
-10677
-12602
-13484
-12810
-12933
-14070
-13617
-11523
-11266
-13574
-14255
-11004
-7622
-7971
-9942
-9567
-7412
-6325
-5952
-4507
-3450
-4950
-6588
-4444
-377
-34
-3771
-5818
-3327
-194
-84
-1418
-1830
-2234
-3255
-2544
485
1718
-1433
-4747
-3259
674
1068
-2334
-4515
-3690
-3001
-3932
-4322
-3753
-4931
-7949
-8777
-5981
-3880
-5756
-8476
-7766
-4919
-3774
-4165
-3347
-1645
-1430
-1892
-156
2965
3688
1937
1935
5075
7429
6417
5068
6640
9239
9569
8619
9333
11132
11350
10481
11289
13548
14337
13383
13514
15364
16170
14986
14635
16634
18281
17310
15737
15992
16592
15251
13522
14088
15494
14147
10455
8347
9014
9621
8450
6946
5895
3868
914
-321
854
1154
-1750
-5569
-7324
-7832
-9190
-10689
-10861
-11237
-13933
-17172
-17529
-15605
-15072
-16624
-17376
-16368
-15951
-16873
-16555
-13943
-11859
-12295
-13081
-11833
-9814
-8996
-8412
-6751
-5744
-7089
-8379
-6425
-2956
-2368
-4793
-6171
-4893
-3494
-3379
-2790
-1239
-1190
-3223
-3892
-1156
1819
1485
-670
-1137
-53
138
-440
48
814
-544
-3235
-3920
-2271
-1618
-3392
-5046
-4766
-4312
-5219
-5771
-4347
-2789
-3370
-4705
-3950
-1488
-55
-191
54
1308
2104
2124
3053
5319
6782
6011
4668
5037
6852
8308
8841
9132
9294
8961
8733
9737
11730
13114
13074
12534
12646
13446
14421
15417
16269
16325
15378
14616
15483
17434
17987
15803
12921
12621
15151
17033
15272
11104
8377
8926
10908
11429
9403
5855
2791
1916
3064
3681
1343
-2924
-5668
-5770
-5897
-8138
-10775
-11464
-11315
-12856
-15528
-16627
-15851
-15405
-15902
-15781
-14983
-15358
-16633
-15910
-12677
-10542
-11737
-13447
-12373
-9760
-8535
-8358
-7400
-6632
-7797
-8881
-6632
-2703
-2036
-5122
-7120
-5420
-2885
-2129
-1787
-772
-1175
-3607
-4208
-538
3325
2382
-1558
-2910
-867
596
-108
-794
-919
-2535
-5206
-5530
-3173
-2301
-4900
-7426
-6730
-4911
-4984
-5738
-4773
-3376
-3894
-4792
-3048
200
1169
-251
-448
1834
3894
4127
4333
5771
6769
6101
5535
6827
8732
9177
8419
7983
8118
8351
9085
10627
11760
11294
10238
10581
12460
14207
14791
14637
14328
13944
13747
14295
15601
16727
16400
14131
11231
10408
12983
16345
16078
11427
6779
6418
9510
11866
10958
7404
3155
442
956
3576
4167
316
-4960
-7125
-6361
-6349
-8080
-9333
-9899
-12204
-15955
-17311
-15178
-13604
-15424
-17978
-18162
-17410
-17908
-17884
-15334
-12999
-14295
-16867
-15894
-12058
-10199
-11149
-11206
-9511
-9284
-10856
-10177
-6274
-3936
-5947
-8368
-7201
-4540
-3782
-3582
-1666
-421
-2694
-5268
-3115
1894
3225
-262
-3129
-2234
-363
-84
-153
129
-1248
-4248
-5059
-2250
-80
-2090
-5459
-5735
-3679
-2912
-3591
-3252
-2026
-2080
-2908
-1893
730
1928
1053
865
2721
4544
4689
4414
5099
5917
5909
5923
6774
7523
7212
6631
6884
7634
8116
8533
9226
9737
9814
10162
11216
12336
13089
13992
15130
15545
15001
14857
16078
17713
18415
18023
16843
15151
14299
15960
18855
18874
14655
10464
10702
13782
14808
12448
9369
7245
5566
4592
5058
5128
2094
-2668
-4885
-4115
-4519
-7865
-10842
-11294
-11960
-15012
-17694
-17339
-16497
-18444
-21174
-21065
-19503
-20168
-21960
-20899
-17742
-17141
-19405
-19748
-16519
-13780
-13997
-14332
-12676
-11488
-12335
-12104
-8809
-6241
-7883
-10410
-8833
-4795
-3604
-5406
-5756
-3665
-2525
-3240
-2861
-806
-321
-2197
-2797
-560
894
-898
-2818
-1708
78
-975
-3248
-3004
-1035
-1096
-3273
-4073
-2525
-1295
-1682
-1952
-1225
-865
-1029
212
2936
4250
2965
2046
4044
7016
7739
6663
6547
7800
8428
7842
7628
8561
9432
9228
8511
8177
8404
9158
10398
11406
11248
10302
10181
11642
13596
14631
14648
14456
14531
14835
15382
16315
17456
18092
17470
15762
14450
15039
17009
17873
16044
12944
11226
11534
12262
12013
10723
8665
6109
4078
3646
4034
3058
78
-3130
-5047
-6208
-7525
-8720
-9735
-11743
-15005
-17389
-17217
-16191
-17037
-19313
-20348
-19682
-19415
-20177
-20050
-18249
-16797
-17166
-17854
-17037
-15333
-14053
-12847
-11239
-10543
-11643
-12404
-10334
-6844
-5650
-7345
-8804
-8059
-6550
-5800
-5137
-4102
-4095
-5629
-6417
-4619
-2103
-1780
-3211
-3729
-2868
-2509
-3097
-2984
-1885
-1773
-3361
-4537
-3783
-2652
-2978
-3791
-3273
-2072
-1990
-2553
-1742
390
1735
1755
2224
3871
5099
5108
5597
7672
9450
8992
7730
8282
10197
10852
9906
9620
10725
11187
10007
9200
10413
12082
12034
10962
10956
12081
12887
13261
14118
15022
14875
14573
15974
18194
18266
16158
15625
18355
20665
18803
14882
13880
16369
18098
16361
12986
10697
9878
9836
10176
9704
6787
2364
-49
784
1490
-1140
-5471
-7985
-8793
-10546
-13251
-14475
-14353
-15958
-19855
-22443
-21502
-19746
-20435
-22517
-23096
-22226
-21853
-21761
-20300
-18137
-17530
-18181
-17439
-14813
-12732
-12175
-11191
-8936
-7576
-8204
-8241
-5654
-2907
-3274
-5427
-5567
-3547
-2674
-3925
-4708
-3791
-3299
-4465
-5208
-3936
-2552
-3148
-4381
-3971
-2665
-2599
-3395
-3207
-2466
-3077
-4479
-4239
-2547
-2351
-4314
-5335
-3543
-1321
-1262
-2076
-1243
707
1684
2028
3598
5921
6727
6032
6318
8389
10153
10219
9855
10263
10599
10145
10067
11205
12115
11333
10000
10065
11164
11581
11315
11759
12859
13161
12629
12988
14836
16581
17016
17035
17792
18786
19058
19012
19642
20698
20923
19776
18003
16733
16561
17125
17090
15147
11692
8913
8422
9223
8858
6224
2505
-446
-1887
-2447
-3363
-5472
-8554
-11613
-13922
-15498
-16543
-17183
-18029
-19947
-22543
-23916
-23035
-21468
-21362
-22442
-22695
-21546
-20324
-19676
-18592
-16557
-14683
-13837
-13228
-11855
-9956
-8087
-6164
-4409
-3758
-4119
-3777
-2003
-647
-1303
-2497
-2150
-1443
-3001
-5970
-6575
-4062
-2433
-4801
-8925
-10450
-8418
-5496
-4369
-5851
-9030
-11375
-10178
-6090
-3753
-6405
-11104
-12252
-9021
-5895
-6001
-7593
-7880
-6848
-5614
-3957
-1670
-98
-5
340
2590
5377
6426
6351
7509
9879
11115
10578
10340
11677
13260
13715
13616
13794
13815
13502
14009
15726
16835
15893
14513
15236
17722
19381
19312
19180
20173
21466
22296
23366
25103
26289
25825
24693
24686
25870
26602
25693
23446
20912
19062
18399
18335
17152
13716
9302
6516
6127
5997
3741
-442
-4390
-6759
-8148
-9757
-11998
-14693
-17704
-20745
-23065
-24108
-24416
-25260
-27157
-29204
-30138
-29693
-28634
-27751
-27293
-27128
-26877
-25902
-23820
-21176
-19094
-17983
-17083
-15523
-13309
-10927
-8600
-6488
-5057
-4424
-3770
-2308
-590
147
-180
-496
-439
-873
-2055
-2733
-2093
-1443
-2555
-4926
-6229
-5361
-3705
-3188
-4207
-5730
-6492
-5835
-4261
-3430
-4621
-6822
-7507
-5861
-4041
-4293
-5860
-6177
-4424
-2271
-1265
-1075
-590
637
2512
4824
6895
7822
7793
8315
10324
12758
13940
13756
13475
13875
14668
15519
16390
16871
16381
15346
15110
16179
17437
17713
17288
17199
17759
18613
19677
21035
22221
22660
22756
23554
25181
26491
26558
25795
25173
24967
24702
23840
22142
19770
17418
15831
14771
12969
9700
5981
3434
2213
895
-1649
-5050
-8235
-10632
-12369
-13913
-15876
-18633
-21741
-24137
-25307
-25906
-26889
-28377
-29737
-30430
-30370
-29784
-29118
-28770
-28501
-27506
-25557
-23607
-22537
-21712
-19792
-16796
-14227
-12949
-12024
-10147
-7376
-4795
-3106
-2205
-1636
-873
357
1515
1588
530
-307
-21
322
-820
-2969
-4114
-3626
-3131
-4107
-5938
-7032
-6777
-5734
-4823
-4939
-6407
-8045
-7848
-5642
-3994
-5104
-7647
-8392
-6501
-4338
-3976
-4800
-5075
-4205
-2576
-568
1298
2323
2745
3914
6385
8793
9783
10085
11249
13096
14155
14199
14500
15504
16130
15769
15311
15492
15709
15395
15218
15841
16584
16599
16479
17328
18875
19973
20544
21529
23049
24216
24837
25788
27274
28129
27587
26560
26229
26260
25461
23562
21320
19276
17348
15380
13245
10583
7308
4207
2127
613
-1671
-5048
-8284
-10333
-11732
-13698
-16476
-19281
-21483
-23135
-24501
-25698
-26841
-28000
-28966
-29396
-29283
-29000
-28772
-28375
-27512
-26267
-24996
-23817
-22422
-20467
-18085
-15843
-14111
-12576
-10596
-8023
-5435
-3462
-2108
-914
389
1603
2391
2681
2728
2793
2732
2026
488
-1133
-1762
-1454
-1652
-3456
-5987
-7217
-6387
-4895
-4633
-5985
-7695
-8236
-7130
-5348
-4592
-5738
-7706
-8405
-7122
-5457
-5380
-6814
-7883
-7257
-5465
-3888
-3178
-2878
-2102
-365
1955
3877
4859
5501
6803
8767
10374
11006
11200
11653
12192
12255
11906
11682
11751
11817
11759
11780
12024
12486
13221
14220
15171
15839
16554
17845
19615
21242
22503
23770
25209
26399
26993
27237
27508
27747
27612
26845
25339
23270
21308
20047
18961
16654
12756
8825
6555
5545
3877
644
-3116
-6056
-8040
-9798
-11915
-14526
-17409
-19979
-21726
-22914
-24273
-25870
-26978
-27396
-27927
-28996
-29695
-29095
-27813
-27157
-27166
-26675
-25110
-23032
-20949
-18772
-16637
-14990
-13516
-11121
-7659
-4579
-3058
-2350
-951
1283
3233
4197
4393
4123
3537
3062
2977
2618
1095
-1158
-2707
-3126
-3540
-4787
-6217
-6945
-7181
-7501
-7715
-7496
-7362
-7894
-8489
-8118
-7110
-6874
-7837
-8854
-8891
-8276
-7844
-7764
-7722
-7500
-6852
-5434
-3447
-1775
-868
39
1912
4489
6649
7945
8982
10302
11686
12694
13245
13424
13262
12985
13054
13583
14081
14110
13984
14386
15447
16589
17283
17664
18280
19461
21066
22698
24060
25182
26373
27861
29405
30378
30446
30100
30166
30662
30528
28855
26195
24036
22898
21572
18656
14400
10452
7885
6104
3745
238
-3753
-7119
-9425
-11308
-13807
-17126
-20269
-22203
-23213
-24455
-26295
-27847
-28421
-28557
-29085
-29819
-29982
-29484
-28882
-28330
-27418
-26037
-24576
-23145
-21375
-19207
-17121
-15324
-13394
-11085
-8815
-6941
-5155
-3183
-1462
-487
65
789
1524
1595
861
-236
-1432
-2696
-3720
-4307
-5136
-7022
-9288
-10119
-9038
-7912
-8617
-10526
-11382
-10183
-8141
-7011
-7340
-8324
-8654
-7529
-5534
-4402
-5160
-6619
-6593
-4641
-2586
-2029
-2392
-2004
-294
1945
3847
5210
6231
7306
8943
11161
13133
14051
14201
14521
15211
15576
15289
14943
15042
15225
14968
14538
14634
15386
16212
16563
16430
16238
16542
17662
19327
20781
21562
22064
23036
24603
26095
26834
26814
26537
26368
26160
25462
24112
22513
21119
19651
17268
13756
10107
7438
5586
3305
-169
-4237
-7655
-9778
-11088
-12766
-15608
-19077
-21594
-22301
-22253
-23191
-25266
-26950
-27238
-26869
-26954
-27442
-27682
-27590
-27331
-26518
-24826
-22946
-21785
-20988
-19370
-16758
-14213
-12375
-10781
-9005
-7290
-5665
-3605
-1185
517
950
1055
1849
2872
3074
2452
1679
744
-701
-2131
-2750
-3084
-4414
-6573
-7893
-7722
-7450
-8292
-9440
-9439
-8398
-7594
-7594
-7861
-7819
-7360
-6593
-5952
-6165
-7235
-7874
-6979
-5348
-4753
-5443
-5793
-4622
-2642
-1177
-476
136
1208
2848
4866
6712
7782
8221
8902
10216
11487
12013
12074
12350
12942
13582
14293
15139
15782
15991
16214
16939
17877
18486
18967
19900
21212
22404
23516
24928
26405
27384
28073
29103
30150
30211
29368
28868
29056
28656
26807
24434
22642
20979
18510
15534
12884
10316
7086
3522
516
-2129
-5257
-8624
-11229
-13249
-15824
-18837
-20780
-21344
-22183
-24296
-26398
-27094
-27067
-27669
-28638
-28909
-28646
-28681
-28663
-27643
-26049
-25136
-24693
-23250
-20657
-18473
-17376
-16121
-13826
-11480
-10132
-9133
-7505
-5767
-4908
-4543
-3651
-2450
-1998
-2357
-2672
-2750
-3093
-3559
-3571
-3561
-4543
-6084
-6435
-5263
-4537
-5704
-7430
-7437
-5643
-3972
-3675
-4154
-4213
-3321
-1763
-471
-509
-1838
-2821
-2020
-225
486
-346
-970
-24
1686
2685
2891
3219
3987
4807
5552
6380
7122
7508
7784
8289
8693
8519
8189
8547
9452
9905
9724
9893
10954
12134
12681
13070
14039
15294
16171
16981
18549
20735
22561
23691
24765
26189
27646
28898
30034
30757
30478
29547
29219
29716
29448
27132
23760
21257
19842
18094
15246
11943
8815
5749
2789
341
-1958
-5179
-9332
-12897
-14975
-16683
-19360
-22462
-24616
-25868
-27333
-29109
-30254
-30613
-31028
-31640
-31617
-30817
-30158
-29840
-28829
-26802
-25040
-24318
-23376
-20877
-17687
-15552
-14410
-12821
-10507
-8568
-7387
-6205
-4846
-4101
-4050
-3735
-2961
-2788
-3566
-4158
-4023
-4407
-6153
-7819
-7655
-6430
-6359
-7863
-9175
-8955
-7627
-6196
-5306
-5385
-6153
-5992
-3521
-60
1352
-12
-1364
-186
2449
3732
2944
1784
1757
2886
4516
5883
6210
5598
5543
7194
9396
9994
8951
8408
9514
10900
10965
10013
9201
8730
8234
7909
7987
7899
7206
6730
7481
8942
9746
9800
10327
11892
13714
15147
16550
18291
20057
21697
23684
26058
27855
28477
28858
30186
32022
32767
32074
30845
30027
29207
27545
24992
22075
19088
16022
12929
9836
6591
3225
213
-2187
-4601
-7863
-11629
-14519
-15945
-17118
-19538
-22946
-25633
-26668
-26924
-27702
-29147
-30492
-31175
-31112
-30371
-29318
-28654
-28551
-28042
-26187
-23604
-21763
-20804
-19320
-16610
-13796
-12047
-10875
-9229
-7269
-5833
-4885
-3868
-3067
-3129
-3543
-3235
-2585
-3174
-5188
-6842
-7014
-6853
-7784
-9336
-10214
-10341
-10365
-10128
-9216
-8331
-8360
-8482
-7044
-4260
-2167
-1669
-1401
-104
1596
2642
3229
3899
4221
3745
3313
3946
5079
5352
4764
4582
5295
6103
6487
6903
7611
8086
8076
8160
8669
8959
8471
7711
7428
7426
7036
6328
6018
6362
6894
7252
7635
8370
9469
10737
12002
13230
14549
16157
18008
19743
21136
22442
24053
25925
27598
28691
29230
29598
30212
31011
31206
29994
27724
25701
24466
22891
19683
15295
11393
8722
6449
3571
34
-3607
-6770
-8969
-10286
-11831
-14742
-18430
-20943
-21542
-21810
-23439
-25984
-27824
-28486
-28728
-28976
-29047
-29105
-29480
-29625
-28605
-26694
-25182
-24388
-23216
-21063
-18809
-17237
-15757
-13598
-11238
-9531
-8247
-6687
-5082
-4131
-3595
-2676
-1580
-1338
-2033
-2542
-2297
-2072
-2591
-3426
-3915
-4211
-4692
-5095
-5045
-4850
-4925
-4914
-4252
-3257
-2742
-2702
-2319
-1252
-127
452
616
758
973
1263
1732
2226
2239
1588
838
635
908
1089
916
607
416
415
638
1069
1504
1736
1852
2095
2431
2584
2520
2581
2998
3564
3940
4116
4396
5049
6150
7601
9140
10443
11458
12555
14174
16272
18351
20040
21424
22757
24109
25434
26781
28141
29225
29724
29749
29733
29844
29790
29263
28259
26824
24850
22403
19913
17692
15434
12636
9372
6196
3368
683
-1964
-4413
-6765
-9426
-12364
-14878
-16530
-17840
-19543
-21568
-23321
-24619
-25702
-26560
-26998
-27282
-27892
-28598
-28583
-27688
-26754
-26390
-26141
-25307
-23977
-22630
-21300
-19789
-18276
-16970
-15519
-13528
-11474
-10202
-9614
-8715
-7076
-5410
-4442
-3974
-3456
-2785
-2082
-1272
-422
-1
-210
-439
-2
866
1391
1407
1436
1749
2054
2172
2344
2703
2993
3048
3073
3228
3354
3355
3460
3761
3882
3462
2735
2218
2031
1847
1412
757
3
-713
-1171
-1246
-1157
-1239
-1470
-1496
-1119
-507
130
777
1479
2188
2887
3682
4648
5699
6733
7758
8828
9949
11147
12472
13862
15127
16170
17145
18257
19500
20664
21572
22232
22805
23447
24152
24719
24943
24852
24673
24519
24266
23743
22933
21914
20734
19422
17993
16359
14389
12150
9930
7863
5718
3229
515
-2075
-4381
-6509
-8554
-10526
-12482
-14434
-16156
-17400
-18311
-19333
-20618
-21843
-22715
-23363
-24047
-24787
-25469
-26097
-26685
-27085
-27191
-27166
-27196
-27147
-26742
-25974
-25071
-24134
-23085
-21925
-20728
-19384
-17702
-15787
-14025
-12561
-11115
-9411
-7538
-5730
-4079
-2621
-1438
-464
597
1886
3116
3945
4424
4820
5170
5363
5511
5829
6185
6207
5902
5737
5975
6292
6268
5941
5597
5302
4926
4455
3964
3393
2692
2069
1737
1481
847
-147
-896
-971
-666
-558
-753
-865
-589
29
837
1763
2704
3506
4191
5045
6295
7800
9205
10333
11261
12095
12838
13520
14238
14968
15486
15656
15700
15961
16442
16779
16750
16573
16552
16632
16529
16210
15953
15925
15973
15882
15626
15245
14721
14129
13700
13495
13168
12368
11264
10371
9828
9193
8031
6422
4719
3075
1451
-138
-1664
-3253
-5020
-6770
-8181
-9267
-10419
-11863
-13389
-14702
-15826
-16967
-18169
-19336
-20480
-21693
-22908
-23943
-24758
-25494
-26206
-26727
-26886
-26740
-26452
-26077
-25533
-24748
-23731
-22540
-21255
-19942
-18569
-16986
-15090
-12980
-10910
-9059
-7379
-5671
-3803
-1861
-113
1223
2197
3078
4036
4938
5515
5683
5599
5467
5376
5302
5171
4912
4557
4278
4232
4323
4259
3900
3456
3231
3275
3352
3231
2898
2534
2372
2518
2848
3084
3072
2964
3074
3543
4202
4773
5131
5402
5822
6514
7369
8152
8749
9270
9873
10567
11223
11750
12112
12285
12285
12232
12239
12244
12070
11684
11237
10861
10544
10256
10025
9821
9519
9107
8803
8797
8962
9006
8848
8676
8664
8784
8937
9085
9214
9302
9381
9520
9676
9691
9489
9198
8962
8704
8201
7354
6297
5241
4253
3217
1954
403
-1293
-2895
-4291
-5593
-7004
-8596
-10277
-11909
-13436
-14898
-16391
-17962
-19508
-20839
-21871
-22731
-23573
-24340
-24831
-24982
-24940
-24850
-24693
-24379
-23871
-23161
-22214
-21065
-19859
-18697
-17501
-16129
-14584
-12975
-11330
-9593
-7810
-6147
-4657
-3188
-1609
-46
1247
2164
2820
3375
3891
4368
4758
4959
4901
4681
4514
4495
4484
4319
4067
3954
4060
4220
4254
4178
4150
4265
4477
4680
4788
4779
4748
4881
5287
5819
6185
6272
6276
6453
6828
7213
7463
7596
7698
7817
7976
8188
8384
8453
8376
8271
8239
8236
8163
8040
7966
7954
7912
7783
7608
7432
7237
7025
6868
6802
6750
6618
6456
6417
6570
6830
7078
7276
7462
7680
7991
8428
8918
9261
9322
9209
9160
9249
9285
9051
8567
8020
7520
7028
6462
5774
4914
3863
2705
1570
440
-856
-2369
-3901
-5264
-6563
-8037
-9656
-11119
-12247
-13185
-14141
-15113
-15992
-16732
-17301
-17599
-17647
-17704
-17976
-18266
-18201
-17762
-17323
-17118
-16951
-16544
-15932
-15315
-14723
-14063
-13355
-12673
-11937
-11028
-10079
-9348
-8797
-8075
-7022
-5911
-5064
-4429
-3734
-2896
-2035
-1223
-452
187
570
795
1128
1646
2109
2308
2341
2432
2640
2896
3213
3638
4094
4460
4783
5243
5858
6425
6795
7080
7450
7890
8253
8467
8560
8559
8503
8484
8526
8463
8088
7461
6917
6687
6628
6443
6039
5579
5247
5109
5143
5246
5256
5099
4937
5014
5329
5605
5638
5565
5632
5852
6029
6047
5979
5936
5954
6055
6243
6411
6417
6298
6289
6515
6797
6879
6750
6610
6575
6571
6508
6385
6193
5872
5424
4959
4550
4133
3613
3018
2428
1829
1137
358
-402
-1086
-1745
-2429
-3104
-3713
-4268
-4808
-5323
-5771
-6170
-6598
-7106
-7661
-8180
-8608
-8943
-9220
-9498
-9824
-10199
-10566
-10861
-11093
-11340
-11657
-11997
-12241
-12341
-12378
-12455
-12573
-12640
-12584
-12430
-12246
-12066
-11871
-11608
-11208
-10642
-9978
-9336
-8738
-8069
-7207
-6191
-5176
-4252
-3355
-2388
-1350
-329
597
1406
2125
2814
3533
4270
4923
5412
5777
6156
6613
7062
7371
7516
7601
7725
7891
8028
8064
7967
7755
7481
7210
6947
6631
6188
5643
5120
4716
4403
4073
3675
3264
2924
2691
2544
2435
2320
2185
2083
2124
2364
2710
2996
3160
3306
3568
3942
4294
4499
4546
4513
4475
4454
4413
4280
4016
3679
3395
3231
3109
2895
2567
2260
2109
2086
2037
1863
1616
1413
1315
1289
1258
1154
959
747
617
598
592
496
336
241
280
380
428
402
369
387
443
493
500
457
399
373
379
336
153
-164
-527
-872
-1235
-1707
-2324
-3039
-3763
-4430
-5038
-5651
-6324
-7035
-7693
-8235
-8685
-9106
-9509
-9847
-10080
-10216
-10285
-10310
-10292
-10200
-9985
-9639
-9228
-8845
-8511
-8146
-7653
-7030
-6365
-5741
-5168
-4587
-3923
-3141
-2279
-1429
-653
62
793
1585
2397
3144
3773
4307
4799
5265
5672
5958
6106
6159
6200
6269
6333
6325
6219
6069
5960
5925
5917
5859
5713
5504
5300
5154
5065
4976
4835
4647
4471
4343
4229
4075
3864
3629
3391
3123
2805
2448
2077
1702
1334
997
701
419
127
-145
-342
-472
-607
-781
-944
-1047
-1126
-1254
-1430
-1593
-1704
-1781
-1846
-1891
-1916
-1949
-1967
-1891
-1680
-1412
-1191
-1005
-741
-339
130
571
976
1393
1843
2318
2813
3312
3751
4076
4332
4615
4929
5148
5167
5041
4903
4803
4678
4460
4142
3762
3363
3000
2710
2444
2085
1592
1057
602
213
-229
-799
-1449
-2085
-2661
-3187
-3692
-4220
-4803
-5406
-5935
-6344
-6704
-7112
-7564
-7950
-8189
-8307
-8371
-8416
-8432
-8395
-8276
-8045
-7730
-7414
-7145
-6868
-6487
-6000
-5502
-5059
-4644
-4190
-3676
-3116
-2515
-1881
-1252
-639
11
756
1566
2348
3061
3756
4468
5153
5745
6248
6704
7111
7440
7685
7872
7987
7989
7874
7697
7484
7185
6748
6204
5627
5031
4386
3693
3000
2332
1663
971
278
-381
-1011
-1623
-2201
-2729
-3246
-3799
-4368
-4870
-5259
-5565
-5835
-6063
-6215
-6272
-6232
-6099
-5885
-5625
-5336
-4983
-4531
-4002
-3478
-2990
-2493
-1930
-1312
-700
-140
360
816
1267
1755
2277
2753
3105
3352
3588
3864
4129
4307
4402
4481
4593
4736
4891
5029
5122
5166
5219
5342
5499
5576
5508
5368
5270
5230
5164
5002
4765
4511
4283
4093
3923
3724
3433
3061
2693
2392
2102
1709
1194
652
173
-261
-734
-1286
-1885
-2468
-2989
-3436
-3854
-4320
-4866
-5418
-5849
-6116
-6306
-6533
-6798
-7005
-7063
-6965
-6777
-6557
-6320
-6032
-5633
-5103
-4492
-3882
-3299
-2689
-1996
-1248
-537
69
591
1110
1692
2322
2921
3399
3741
4012
4292
4578
4776
4802
4671
4472
4280
4091
3846
3485
3006
2466
1945
1469
987
426
-216
-855
-1411
-1895
-2380
-2903
-3430
-3890
-4250
-4526
-4765
-5000
-5225
-5382
-5415
-5335
-5235
-5195
-5195
-5136
-4949
-4674
-4407
-4199
-4027
-3832
-3577
-3270
-2958
-2684
-2454
-2217
-1924
-1588
-1283
-1058
-879
-664
-376
-56
227
450
650
891
1206
1572
1936
2255
2543
2853
3223
3627
4005
4321
4607
4913
5253
5595
5894
6137
6351
6570
6797
6990
7102
7119
7081
7033
6982
6891
6725
6493
6238
5989
5748
5484
5170
4803
4420
4057
3718
3370
2980
2558
2150
1781
1423
1048
656
284
-39
-313
-565
-812
-1060
-1292
-1479
-1602
-1689
-1794
-1936
-2078
-2165
-2194
-2210
-2257
-2326
-2381
-2401
-2397
-2391
-2404
-2445
-2507
-2564
-2603
-2640
-2708
-2811
-2915
-2985
-3027
-3074
-3139
-3203
-3241
-3251
-3254
-3268
-3300
-3352
-3416
-3485
-3555
-3638
-3743
-3862
-3972
-4061
-4142
-4241
-4360
-4480
-4580
-4660
-4733
-4806
-4868
-4905
-4913
-4904
-4890
-4874
-4843
-4785
-4688
-4558
-4410
-4261
-4102
-3906
-3655
-3359
-3062
-2791
-2539
-2272
-1966
-1618
-1241
-844
-428
4
451
906
1360
1806
2244
2686
3134
3570
3960
4295
4593
4887
5178
5439
5641
5790
5906
6009
6096
6158
6190
6194
6179
6155
6120
6062
5967
5847
5740
5673
5627
5565
5467
5361
5283
5243
5213
5167
5106
5056
5045
5075
5129
5171
5186
5196
5237
5322
5418
5483
5511
5532
5572
5618
5628
5565
5433
5264
5084
4878
4606
4243
3802
3324
2833
2321
1756
1117
418
-303
-1010
-1706
-2420
-3175
-3947
-4686
-5365
-6004
-6631
-7246
-7813
-8301
-8713
-9067
-9382
-9666
-9907
-10076
-10146
-10131
-10073
-10000
-9888
-9703
-9440
-9136
-8826
-8517
-8198
-7863
-7508
-7133
-6748
-6373
-6028
-5714
-5420
-5154
-4927
-4733
-4546
-4348
-4157
-4001
-3888
-3802
-3718
-3616
-3485
-3331
-3175
-3032
-2886
-2710
-2489
-2234
-1967
-1692
-1403
-1092
-751
-380
12
412
818
1232
1649
2047
2410
2746
3081
3422
3751
4046
4304
4526
4716
4875
5006
5111
5181
5218
5245
5277
5304
5294
5246
5197
5177
5178
5170
5144
5123
5130
5170
5239
5330
5427
5514
5599
5707
5847
5994
6121
6237
6371
6520
6643
6712
6741
6771
6819
6865
6877
6831
6724
6572
6408
6242
6052
5800
5481
5131
4787
4448
4080
3665
3219
2776
2355
1949
1533
1091
629
175
-247
-641
-1033
-1441
-1849
-2234
-2581
-2907
-3233
-3570
-3911
-4238
-4540
-4828
-5127
-5451
-5784
-6092
-6359
-6604
-6857
-7128
-7402
-7658
-7884
-8080
-8258
-8428
-8594
-8736
-8832
-8878
-8902
-8931
-8957
-8951
-8891
-8779
-8635
-8474
-8300
-8111
-7889
-7611
-7280
-6930
-6595
-6273
-5929
-5540
-5127
-4716
-4322
-3936
-3551
-3165
-2775
-2381
-1997
-1640
-1314
-1004
-698
-401
-120
154
429
698
946
1175
1407
1665
1950
2242
2526
2804
3089
3399
3735
4077
4397
4700
5008
5343
5695
6031
6334
6619
6909
7214
7517
7785
8002
8172
8326
8483
8631
8737
8789
8807
8814
8800
8737
8615
8449
8260
8047
7797
7503
7168
6796
6399
5984
5548
5081
4580
4067
3574
3107
2646
2173
1691
1227
806
430
94
-217
-516
-799
-1049
-1245
-1389
-1505
-1612
-1705
-1759
-1765
-1741
-1712
-1684
-1641
-1573
-1490
-1409
-1338
-1270
-1202
-1140
-1089
-1052
-1040
-1061
-1114
-1184
-1266
-1383
-1559
-1793
-2053
-2324
-2618
-2961
-3356
-3783
-4212
-4633
-5046
-5468
-5905
-6345
-6759
-7118
-7431
-7727
-8020
-8289
-8494
-8621
-8691
-8734
-8759
-8747
-8679
-8549
-8372
-8165
-7931
-7667
-7368
-7041
-6695
-6332
-5950
-5546
-5127
-4697
-4262
-3825
-3382
-2928
-2463
-2001
-1552
-1117
-686
-251
182
599
994
1370
1741
2125
2528
2934
3319
3675
4026
4414
4848
5299
5727
6120
6496
6884
7293
7709
8108
8464
8772
9043
9290
9515
9702
9833
9899
9905
9858
9753
9577
9332
9032
8698
8325
7893
7399
6865
6322
5769
5189
4568
3923
3278
2645
2027
1417
805
191
-408
-974
-1498
-1997
-2476
-2918
-3300
-3620
-3894
-4125
-4300
-4412
-4468
-4479
-4444
-4358
-4224
-4046
-3827
-3568
-3280
-2970
-2639
-2289
-1938
-1597
-1266
-928
-587
-264
26
294
558
811
1034
1218
1370
1499
1604
1686
1747
1781
1779
1737
1656
1542
1383
1175
927
652
345
-11
-426
-890
-1379
-1869
-2353
-2837
-3337
-3855
-4370
-4857
-5311
-5752
-6185
-6586
-6921
-7182
-7403
-7615
-7808
-7937
-7969
-7923
-7844
-7761
-7650
-7479
-7236
-6945
-6632
-6302
-5942
-5536
-5078
-4582
-4066
-3543
-3000
-2422
-1806
-1176
-562
29
612
1193
1766
2327
2876
3406
3901
4351
4766
5157
5528
5870
6180
6462
6719
6949
7153
7332
7493
7635
7755
7846
7899
7913
7897
7859
7791
7675
7499
7277
7025
6743
6420
6045
5618
5140
4616
4057
3478
2885
2279
1660
1036
408
-217
-824
-1397
-1937
-2453
-2947
-3409
-3830
-4213
-4561
-4860
-5100
-5285
-5423
-5510
-5530
-5485
-5388
-5246
-5047
-4777
-4445
-4066
-3644
-3174
-2659
-2113
-1549
-968
-367
244
852
1445
2021
2572
3095
3583
4026
4413
4739
5009
5231
5406
5528
5585
5579
5519
5423
5298
5131
4911
4637
4324
3983
3611
3204
2762
2291
1792
1268
722
158
-425
-1024
-1623
-2215
-2806
-3395
-3967
-4500
-4992
-5463
-5917
-6335
-6692
-6994
-7254
-7471
-7639
-7759
-7842
-7882
-7869
-7807
-7714
-7596
-7441
-7239
-7001
-6744
-6467
-6156
-5812
-5447
-5062
-4644
-4189
-3709
-3218
-2713
-2183
-1630
-1057
-473
107
668
1204
1724
2232
2727
3192
3619
4003
4341
4635
4890
5119
5317
5469
5562
5602
5604
5578
5522
5426
5284
5104
4891
4648
4368
4051
3703
3330
2929
2492
2024
1549
1079
613
136
-352
-837
-1301
-1731
-2117
-2457
-2758
-3024
-3240
-3384
-3451
-3451
-3399
-3299
-3143
-2934
-2681
-2389
-2062
-1697
-1303
-884
-451
-11
436
895
1365
1827
2274
2707
3135
3554
3949
4318
4668
5005
5320
5603
5855
6076
6263
6411
6520
6595
6638
6647
6624
6568
6477
6347
6189
6020
5844
5640
5400
5131
4847
4555
4254
3944
3618
3266
2888
2496
2098
1675
1205
686
140
-427
-1025
-1657
-2299
-2938
-3584
-4253
-4932
-5593
-6218
-6815
-7385
-7919
-8403
-8835
-9221
-9555
-9821
-10015
-10134
-10185
-10168
-10088
-9949
-9751
-9496
-9187
-8833
-8442
-8021
-7568
-7080
-6560
-6023
-5481
-4936
-4383
-3822
-3258
-2702
-2170
-1674
-1212
-767
-333
74
430
726
978
1199
1385
1525
1625
1699
1753
1783
1783
1759
1733
1713
1706
1711
1727
1742
1752
1766
1803
1867
1941
2016
2099
2191
2282
2358
2426
2499
2575
2641
2687
2717
2730
2723
2697
2662
2629
2598
2575
2553
2527
2486
2439
2409
2406
2414
2420
2429
2450
2474
2492
2516
2569
2653
2744
2820
2890
2984
3129
3316
3516
3700
3876
4072
4306
4564
4819
5062
5296
5524
5741
5940
6126
6300
6448
6548
6594
6592
6556
6482
6357
6175
5940
5660
5342
4991
4608
4189
3726
3219
2688
2147
1601
1040
459
-144
-763
-1394
-2025
-2642
-3244
-3844
-4453
-5068
-5676
-6254
-6784
-7264
-7709
-8131
-8528
-8887
-9190
-9435
-9630
-9789
-9921
-10019
-10061
-10041
-9976
-9890
-9785
-9650
-9480
-9285
-9078
-8864
-8650
-8436
-8208
-7950
-7663
-7368
-7070
-6759
-6431
-6097
-5758
-5394
-4995
-4573
-4144
-3704
-3238
-2745
-2244
-1744
-1240
-726
-206
311
823
1333
1842
2343
2829
3299
3756
4205
4639
5048
5427
5774
6089
6373
6624
6835
6999
7118
7202
7252
7258
7214
7122
6994
6829
6623
6378
6102
5796
5463
5113
4766
4429
4101
3777
3462
3159
2876
2624
2404
2212
2046
1904
1791
1699
1627
1581
1568
1587
1626
1680
1749
1827
1904
1987
2085
2194
2306
2419
2534
2650
2768
2884
3001
3106
3189
3255
3318
3377
3417
3429
3414
3379
3322
3241
3140
3020
2871
2690
2483
2263
2031
1779
1499
1186
845
490
131
-238
-626
-1033
-1458
-1903
-2367
-2846
-3332
-3828
-4342
-4875
-5408
-5924
-6424
-6915
-7400
-7870
-8308
-8708
-9084
-9444
-9778
-10059
-10269
-10423
-10533
-10596
-10604
-10556
-10460
-10317
-10126
-9896
-9621
-9293
-8913
-8503
-8084
-7647
-7164
-6626
-6051
-5459
-4864
-4268
-3669
-3050
-2403
-1734
-1069
-425
205
833
1466
2097
2705
3269
3792
4297
4801
5289
5739
6146
6516
6849
7139
7386
7603
7794
7955
8080
8166
8212
8219
8194
8139
8053
7930
7770
7583
7372
7139
6881
6593
6268
5915
5554
5196
4830
4442
4045
3659
3296
2942
2586
2233
1900
1599
1330
1083
856
654
491
362
254
163
97
66
66
88
131
187
251
326
426
547
666
770
873
994
1128
1245
1336
1411
1481
1543
1585
1605
1607
1596
1569
1514
1423
1301
1167
1025
860
661
433
188
-72
-344
-616
-882
-1156
-1451
-1761
-2068
-2371
-2679
-2994
-3301
-3589
-3859
-4125
-4397
-4675
-4943
-5181
-5386
-5577
-5765
-5943
-6101
-6241
-6370
-6486
-6580
-6651
-6698
-6721
-6727
-6721
-6699
-6644
-6550
-6431
-6304
-6165
-6002
-5811
-5603
-5374
-5109
-4799
-4451
-4084
-3717
-3355
-2983
-2580
-2145
-1689
-1223
-747
-267
206
671
1149
1644
2130
2577
2985
3376
3757
4117
4441
4722
4967
5187
5390
5577
5728
5821
5851
5835
5795
5740
5665
5547
5375
5176
4984
4805
4604
4360
4095
3842
3607
3368
3119
2869
2636
2417
2210
2013
1827
1659
1516
1396
1286
1182
1090
1012
942
879
834
805
781
757
743
737
722
690
652
618
579
526
466
409
354
299
247
191
125
45
-36
-111
-184
-259
-337
-419
-499
-562
-596
-613
-637
-672
-694
-696
-693
-691
-678
-645
-607
-584
-573
-558
-533
-502
-470
-445
-429
-418
-408
-405
-424
-459
-495
-529
-573
-640
-722
-813
-909
-1011
-1117
-1231
-1356
-1483
-1597
-1701
-1809
-1930
-2054
-2168
-2272
-2372
-2463
-2542
-2612
-2673
-2726
-2767
-2792
-2801
-2799
-2795
-2784
-2748
-2680
-2602
-2533
-2469
-2387
-2277
-2156
-2038
-1919
-1790
-1641
-1473
-1297
-1123
-956
-785
-602
-407
-205
1
215
436
653
858
1052
1241
1438
1647
1862
2061
2229
2381
2547
2733
2907
3045
3153
3246
3326
3384
3425
3454
3474
3477
3458
3413
3338
3246
3149
3045
2920
2770
2607
2439
2255
2055
1850
1648
1441
1219
990
769
562
368
182
-3
-194
-384
-552
-691
-817
-944
-1066
-1173
-1264
-1340
-1397
-1433
-1453
-1464
-1470
-1473
-1466
-1439
-1391
-1336
-1286
-1231
-1149
-1041
-929
-828
-730
-632
-532
-430
-320
-195
-60
88
242
385
510
638
785
937
1072
1190
1308
1425
1533
1637
1742
1844
1930
2005
2073
2127
2155
2166
2168
2147
2092
2017
1943
1871
1779
1658
1509
1328
1118
898
680
454
205
-58
-322
-593
-880
-1174
-1463
-1748
-2036
-2326
-2609
-2886
-3154
-3402
-3622
-3820
-4002
-4166
-4311
-4439
-4550
-4630
-4675
-4695
-4691
-4657
-4594
-4506
-4397
-4261
-4100
-3921
-3726
-3515
-3293
-3061
-2807
-2522
-2219
-1919
-1626
-1329
-1033
-747
-466
-180
105
376
629
870
1096
1303
1501
1699
1888
2051
2186
2304
2410
2498
2568
2618
2642
2641
2631
2622
2603
2559
2502
2450
2403
2337
2238
2124
2017
1926
1835
1725
1588
1439
1306
1198
1103
999
879
753
635
532
439
353
268
185
108
39
-15
-51
-77
-102
-126
-146
-155
-145
-103
-26
72
163
245
336
458
616
796
972
1136
1291
1458
1652
1872
2104
2337
2563
2777
2977
3174
3378
3584
3761
3889
3974
4046
4126
4200
4236
4215
4144
4043
3923
3781
3608
3393
3123
2801
2448
2085
1710
1305
851
353
-171
-691
-1191
-1687
-2208
-2748
-3281
-3788
-4281
-4764
-5219
-5637
-6033
-6423
-6788
-7104
-7362
-7567
-7725
-7842
-7926
-7971
-7960
-7891
-7781
-7641
-7464
-7241
-6976
-6670
-6328
-5963
-5586
-5195
-4768
-4301
-3818
-3335
-2858
-2375
-1892
-1413
-941
-472
-11
438
863
1264
1647
2025
2393
2728
3022
3290
3547
3784
3985
4148
4283
4396
4485
4553
4596
4607
4597
4577
4545
4478
4373
4248
4112
3955
3780
3605
3435
3249
3042
2823
2605
2377
2136
1903
1689
1485
1283
1087
898
710
530
377
250
133
25
-57
-104
-132
-145
-128
-76
-7
70
162
285
437
615
808
1005
1206
1423
1662
1912
2160
2405
2653
2899
3136
3367
3594
3806
3984
4126
4238
4334
4420
4494
4537
4528
4465
4367
4237
4072
3871
3646
3391
3090
2744
2366
1959
1508
1015
505
-10
-540
-1087
-1640
-2193
-2754
-3326
-3901
-4473
-5038
-5584
-6095
-6578
-7049
-7499
-7899
-8243
-8547
-8821
-9052
-9230
-9362
-9455
-9497
-9479
-9405
-9284
-9122
-8917
-8670
-8372
-8020
-7623
-7193
-6735
-6243
-5719
-5172
-4612
-4041
-3457
-2861
-2260
-1661
-1062
-465
125
696
1252
1799
2334
2840
3304
3730
4134
4522
4884
5214
5501
5740
5935
6101
6247
6362
6435
6472
6489
6490
6467
6415
6328
6203
6038
5847
5647
5442
5228
5009
4787
4552
4292
4011
3735
3485
3253
3015
2753
2479
2217
1985
1780
1585
1392
1198
1019
870
754
650
542
446
384
359
353
357
374
399
423
449
496
563
643
736
840
944
1036
1127
1235
1349
1438
1496
1546
1609
1674
1716
1719
1681
1618
1558
1510
1450
1348
1205
1044
879
699
492
256
-6
-286
-577
-880
-1201
-1531
-1858
-2185
-2519
-2862
-3200
-3527
-3852
-4178
-4491
-4780
-5047
-5299
-5541
-5777
-5998
-6188
-6330
-6442
-6541
-6617
-6650
-6643
-6615
-6568
-6488
-6368
-6225
-6065
-5884
-5678
-5442
-5169
-4862
-4554
-4262
-3965
-3631
-3259
-2878
-2494
-2105
-1719
-1346
-974
-590
-209
148
488
826
1162
1484
1788
2077
2345
2589
2826
3065
3293
3489
3656
3799
3919
4015
4093
4163
4215
4246
4265
4280
4282
4263
4231
4185
4126
4061
3996
3923
3832
3729
3630
3529
3419
3307
3207
3107
2986
2854
2739
2648
2557
2454
2347
2244
2149
2065
1989
1900
1789
1680
1600
1534
1460
1373
1294
1225
1155
1084
1020
962
900
831
753
662
568
487
428
368
287
191
94
1
-87
-161
-232
-322
-438
-555
-659
-760
-869
-980
-1088
-1199
-1320
-1431
-1526
-1624
-1737
-1857
-1969
-2072
-2173
-2263
-2343
-2422
-2501
-2567
-2623
-2679
-2742
-2797
-2831
-2845
-2848
-2839
-2816
-2786
-2757
-2732
-2696
-2635
-2543
-2438
-2346
-2268
-2178
-2059
-1928
-1803
-1677
-1533
-1377
-1231
-1094
-958
-822
-686
-548
-409
-278
-156
-28
110
234
323
401
493
590
663
714
772
842
900
937
967
999
1024
1033
1037
1045
1054
1061
1069
1079
1083
1074
1058
1043
1030
1018
1017
1030
1047
1053
1048
1043
1039
1035
1034
1041
1060
1081
1090
1083
1076
1081
1094
1105
1112
1119
1121
1111
1092
1080
1079
1079
1070
1048
1021
988
947
906
868
828
787
749
707
647
563
472
393
325
252
167
73
-25
-125
-223
-321
-430
-552
-673
-779
-876
-978
-1089
-1197
-1297
-1396
-1499
-1596
-1680
-1749
-1807
-1859
-1904
-1940
-1956
-1951
-1939
-1929
-1909
-1858
-1782
-1704
-1632
-1546
-1424
-1268
-1097
-928
-766
-604
-430
-238
-29
184
391
589
783
975
1164
1354
1547
1739
1916
2075
2209
2316
2398
2466
2535
2604
2662
2689
2684
2655
2608
2541
2451
2349
2248
2143
2021
1873
1713
1545
1363
1160
951
752
571
394
209
15
-186
-382
-565
-735
-906
-1082
-1245
-1371
-1465
-1559
-1671
-1783
-1875
-1951
-2018
-2076
-2114
-2136
-2136
-2115
-2082
-2066
-2071
-2065
-2012
-1920
-1829
-1761
-1709
-1652
-1580
-1489
-1387
-1282
-1181
-1085
-992
-905
-818
-722
-619
-518
-431
-363
-311
-265
-216
-164
-120
-86
-49
-8
18
13
-12
-37
-63
-98
-128
-141
-161
-217
-298
-367
-409
-446
-491
-538
-587
-642
-690
-711
-712
-718
-729
-721
-686
-646
-607
-555
-482
-402
-322
-224
-94
59
221
384
542
696
868
1068
1286
1491
1667
1826
1989
2176
2390
2607
2789
2932
3066
3210
3353
3479
3583
3664
3713
3743
3783
3838
3869
3848
3793
3727
3654
3572
3486
3397
3282
3135
2974
2812
2631
2422
2212
2018
1824
1609
1389
1176
959
717
460
211
-19
-236
-445
-657
-878
-1097
-1294
-1473
-1660
-1862
-2058
-2228
-2377
-2512
-2629
-2727
-2822
-2923
-3021
-3105
-3168
-3208
-3226
-3241
-3267
-3292
-3284
-3248
-3210
-3176
-3132
-3074
-3015
-2958
-2888
-2801
-2711
-2623
-2534
-2449
-2375
-2308
-2230
-2140
-2047
-1956
-1862
-1775
-1704
-1641
-1567
-1492
-1435
-1398
-1359
-1305
-1239
-1168
-1099
-1044
-1007
-974
-926
-866
-807
-750
-690
-632
-579
-517
-434
-342
-263
-196
-119
-23
81
179
274
379
490
595
693
789
890
1004
1123
1238
1346
1447
1547
1648
1751
1854
1948
2032
2113
2193
2265
2330
2397
2474
2545
2593
2623
2660
2713
2775
2830
2866
2879
2877
2879
2894
2905
2900
2886
2883
2886
2872
2831
2783
2745
2705
2648
2573
2494
2417
2331
2230
2131
2043
1949
1824
1666
1496
1338
1197
1062
920
758
570
376
193
20
-157
-336
-507
-676
-861
-1061
-1245
-1401
-1558
-1734
-1912
-2060
-2177
-2297
-2434
-2579
-2707
-2807
-2886
-2968
-3065
-3166
-3243
-3282
-3298
-3318
-3342
-3363
-3371
-3369
-3369
-3371
-3354
-3302
-3222
-3141
-3073
-3005
-2922
-2833
-2743
-2639
-2517
-2391
-2263
-2115
-1941
-1768
-1614
-1461
-1289
-1108
-936
-771
-606
-444
-283
-103
102
303
474
627
782
941
1092
1237
1381
1515
1628
1717
1790
1855
1931
2031
2135
2191
2179
2141
2142
2199
2270
2299
2266
2199
2136
2095
2056
2001
1947
1918
1900
1856
1777
1678
1581
1499
1445
1417
1394
1358
1316
1276
1226
1150
1066
1002
964
942
934
937
936
916
882
845
805
769
754
757
757
751
768
811
837
815
762
711
668
628
608
619
636
633
606
559
485
393
319
288
275
239
170
85
-11
-125
-259
-409
-567
-705
-799
-864
-945
-1070
-1224
-1387
-1562
-1755
-1938
-2080
-2181
-2269
-2368
-2482
-2610
-2745
-2885
-3021
-3135
-3209
-3236
-3239
-3238
-3232
-3218
-3206
-3209
-3209
-3168
-3069
-2934
-2795
-2658
-2515
-2356
-2186
-2011
-1841
-1673
-1488
-1265
-1010
-746
-490
-243
-12
193
372
557
776
1026
1274
1485
1658
1808
1951
2086
2202
2296
2376
2456
2545
2636
2711
2752
2755
2729
2683
2616
2535
2449
2373
2304
2235
2148
2038
1903
1752
1594
1435
1278
1128
991
866
745
613
467
309
145
-15
-156
-266
-337
-381
-431
-508
-600
-681
-738
-780
-810
-822
-812
-790
-759
-713
-654
-598
-556
-523
-483
-427
-349
-251
-143
-38
60
149
219
259
287
333
412
502
582
648
708
753
766
745
701
653
617
608
622
637
619
550
441
319
214
134
62
-12
-82
-141
-207
-302
-425
-544
-646
-738
-828
-901
-952
-989
-1027
-1066
-1105
-1152
-1204
-1241
-1250
-1238
-1214
-1177
-1122
-1065
-1022
-993
-972
-950
-912
-842
-735
-611
-495
-396
-312
-249
-202
-149
-74
19
120
232
355
456
502
507
521
568
622
654
673
706
753
792
807
797
767
725
685
657
639
627
610
572
501
408
318
246
184
129
82
49
18
-24
-80
-148
-222
-299
-368
-418
-445
-452
-454
-464
-485
-512
-529
-526
-506
-474
-443
-419
-397
-371
-338
-301
-259
-216
-176
-140
-89
-12
80
160
216
255
285
306
330
371
430
483
511
523
541
569
596
611
611
606
611
626
626
594
543
499
470
442
409
383
371
358
327
280
226
173
129
103
88
72
45
8
-27
-53
-73
-93
-114
-124
-112
-84
-60
-50
-42
-32
-30
-37
-39
-16
40
108
157
171
161
156
169
192
215
251
304
349
361
345
328
314
285
240
198
182
193
209
200
147
63
-22
-91
-150
-205
-246
-283
-333
-404
-475
-538
-614
-723
-840
-925
-966
-983
-996
-1012
-1039
-1077
-1132
-1202
-1275
-1314
-1299
-1248
-1209
-1202
-1204
-1195
-1181
-1177
-1173
-1152
-1097
-1001
-873
-750
-672
-640
-625
-604
-575
-524
-435
-314
-200
-113
-45
17
66
93
109
133
185
270
375
464
508
505
479
449
430
432
458
495
526
544
555
554
536
503
467
433
406
406
438
481
499
485
454
421
387
355
342
366
422
485
535
559
564
559
546
533
543
591
675
771
847
881
876
852
844
870
921
977
1030
1081
1130
1167
1179
1161
1129
1100
1091
1096
1108
1128
1152
1153
1108
1029
950
884
820
754
704
682
669
631
552
437
306
181
77
-9
-90
-160
-215
-277
-379
-527
-682
-802
-881
-943
-1011
-1089
-1165
-1233
-1298
-1380
-1491
-1612
-1714
-1776
-1804
-1820
-1842
-1873
-1901
-1923
-1954
-2004
-2060
-2086
-2067
-2023
-1977
-1932
-1887
-1854
-1843
-1845
-1839
-1807
-1743
-1642
-1519
-1404
-1320
-1261
-1201
-1132
-1050
-951
-828
-689
-552
-426
-316
-220
-141
-75
0
103
235
378
515
639
758
866
955
1022
1080
1148
1231
1319
1403
1481
1550
1604
1644
1671
1689
1699
1718
1757
1811
1857
1883
1889
1873
1837
1792
1758
1742
1728
1704
1684
1681
1672
1624
1532
1432
1359
1318
1302
1303
1303
1281
1227
1150
1065
983
915
865
830
797
770
754
733
682
599
521
474
450
426
404
397
392
363
303
235
179
135
88
40
3
-5
7
5
-40
-128
-224
-303
-362
-408
-441
-459
-471
-495
-550
-645
-768
-881
-947
-969
-992
-1048
-1124
-1186
-1238
-1318
-1441
-1569
-1650
-1675
-1679
-1695
-1733
-1787
-1850
-1916
-1981
-2049
-2117
-2158
-2151
-2113
-2090
-2091
-2086
-2069
-2074
-2121
-2160
-2132
-2038
-1923
-1811
-1706
-1618
-1561
-1518
-1460
-1381
-1289
-1169
-1001
-810
-658
-567
-497
-401
-268
-114
48
215
388
570
751
901
1000
1065
1140
1238
1351
1472
1605
1744
1857
1933
1986
2034
2070
2086
2093
2118
2163
2210
2241
2254
2237
2173
2066
1963
1900
1865
1822
1763
1707
1647
1547
1406
1267
1160
1069
970
876
804
741
662
561
442
302
157
42
-22
-54
-84
-122
-171
-238
-314
-368
-395
-418
-451
-469
-449
-415
-396
-389
-383
-385
-400
-412
-401
-369
-330
-284
-227
-177
-148
-136
-135
-141
-145
-127
-88
-46
-26
-24
-40
-75
-132
-188
-223
-237
-252
-278
-316
-359
-403
-460
-533
-617
-692
-754
-814
-877
-926
-962
-1009
-1091
-1192
-1280
-1345
-1389
-1414
-1424
-1431
-1440
-1442
-1435
-1445
-1482
-1518
-1517
-1475
-1412
-1343
-1265
-1189
-1131
-1085
-1031
-962
-880
-790
-689
-575
-451
-326
-213
-114
-22
71
167
270
385
509
624
713
783
853
925
988
1037
1084
1141
1207
1265
1297
1300
1289
1284
1280
1265
1242
1228
1223
1210
1180
1145
1097
1017
916
833
784
745
695
645
602
550
482
422
376
324
259
210
195
181
136
82
58
63
67
61
55
50
41
42
71
116
146
153
160
183
223
270
315
344
352
354
369
393
409
414
424
445
464
462
436
401
374
351
329
306
275
229
164
96
42
-6
-69
-151
-231
-301
-374
-458
-542
-616
-683
-745
-794
-837
-886
-944
-992
-1026
-1058
-1097
-1132
-1156
-1168
-1171
-1160
-1137
-1111
-1081
-1035
-975
-916
-861
-802
-735
-670
-600
-513
-409
-308
-226
-152
-75
6
94
190
286
367
434
504
577
639
683
719
758
790
809
828
846
855
845
821
796
771
742
705
652
582
503
438
388
341
283
216
137
50
-37
-109
-166
-223
-285
-348
-413
-488
-566
-622
-641
-641
-646
-660
-665
-661
-662
-668
-662
-633
-598
-573
-555
-522
-467
-403
-342
-283
-220
-155
-92
-27
42
111
176
240
305
366
414
448
473
497
535
591
657
706
728
735
737
735
729
720
711
698
676
650
625
600
566
524
477
434
403
381
354
315
273
240
202
146
86
51
36
11
-36
-75
-89
-99
-123
-142
-134
-121
-132
-159
-168
-149
-130
-128
-133
-135
-131
-119
-93
-68
-62
-68
-61
-30
7
28
29
24
15
3
-1
15
37
37
4
-37
-58
-54
-48
-64
-103
-147
-180
-197
-207
-219
-240
-279
-331
-379
-417
-450
-493
-539
-577
-604
-634
-665
-685
-696
-711
-738
-768
-784
-784
-777
-776
-790
-817
-838
-837
-812
-780
-749
-714
-679
-650
-630
-600
-555
-507
-469
-437
-395
-339
-282
-230
-178
-121
-56
8
66
121
179
246
313
379
443
500
536
555
586
638
696
740
784
838
886
905
907
919
940
952
955
965
984
991
982
968
957
941
923
913
906
889
859
825
788
742
695
662
643
612
557
498
458
435
411
377
337
298
261
227
189
139
83
39
21
17
7
-21
-57
-83
-97
-110
-135
-168
-194
-203
-201
-206
-232
-270
-303
-315
-314
-317
-331
-346
-351
-350
-357
-377
-397
-410
-419
-436
-470
-514
-549
-563
-562
-571
-592
-621
-651
-682
-710
-724
-728
-735
-751
-770
-790
-814
-834
-837
-828
-825
-837
-850
-851
-843
-834
-831
-828
-822
-804
-764
-712
-668
-643
-621
-590
-546
-502
-468
-443
-409
-352
-280
-217
-175
-133
-74
-6
56
112
165
210
248
292
353
407
441
466
502
539
567
604
663
722
747
740
734
750
777
810
846
863
845
815
808
828
847
847
838
827
810
793
791
792
782
758
738
725
711
694
680
665
640
615
608
615
613
591
563
543
528
505
465
423
400
405
411
390
342
301
278
258
225
192
172
154
125
95
75
52
10
-38
-73
-101
-136
-181
-218
-241
-263
-300
-353
-413
-461
-485
-490
-505
-546
-597
-634
-656
-674
-684
-684
-681
-703
-757
-816
-849
-851
-843
-843
-847
-842
-829
-817
-812
-814
-823
-830
-818
-783
-748
-747
-775
-785
-753
-702
-664
-641
-618
-596
-578
-552
-511
-471
-448
-433
-401
-359
-325
-299
-269
-234
-206
-176
-133
-89
-60
-45
-26
9
57
115
171
206
213
225
267
326
370
396
421
443
447
445
469
523
578
605
603
591
592
625
675
703
687
660
667
706
743
754
745
724
695
675
681
699
702
688
676
672
665
649
628
607
583
559
542
525
504
482
464
445
415
380
355
343
329
306
275
243
216
195
171
123
59
9
-8
-8
-22
-49
-79
-109
-143
-175
-198
-223
-260
-294
-311
-317
-333
-358
-377
-385
-396
-420
-450
-473
-484
-490
-499
-515
-527
-526
-512
-505
-519
-541
-548
-533
-511
-509
-527
-543
-532
-498
-466
-456
-458
-446
-418
-390
-380
-382
-382
-378
-369
-355
-333
-314
-305
-304
-296
-280
-264
-249
-230
-205
-184
-171
-163
-155
-149
-145
-138
-124
-111
-111
-120
-122
-109
-92
-83
-84
-81
-72
-57
-39
-20
-10
-8
-3
11
26
33
42
65
92
107
117
139
172
198
210
222
242
268
299
338
378
392
384
383
409
445
468
484
514
555
586
599
603
615
637
660
673
669
661
661
675
685
679
658
639
629
616
586
543
512
502
501
488
461
430
401
365
320
278
245
211
173
133
90
37
-17
-54
-73
-96
-137
-181
-215
-246
-281
-310
-328
-352
-393
-425
-431
-427
-440
-464
-473
-469
-473
-491
-499
-494
-489
-489
-480
-458
-437
-427
-422
-417
-415
-414
-405
-388
-370
-357
-346
-338
-339
-339
-322
-296
-283
-287
-290
-283
-280
-286
-286
-269
-246
-242
-261
-286
-296
-293
-292
-302
-321
-339
-341
-333
-325
-328
-339
-348
-350
-344
-330
-306
-275
-245
-235
-249
-263
-245
-195
-144
-117
-98
-64
-18
20
45
67
91
118
156
211
278
335
373
401
433
481
538
594
632
655
679
709
730
736
738
757
785
804
806
797
779
750
727
723
725
709
669
625
590
556
519
486
454
413
354
290
224
159
98
60
40
7
-61
-136
-180
-192
-210
-263
-327
-368
-380
-384
-399
-425
-456
-482
-493
-486
-466
-448
-438
-433
-420
-394
-355
-317
-295
-288
-270
-222
-161
-121
-111
-99
-67
-34
-19
-5
46
128
187
189
158
147
174
215
237
235
225
221
220
211
198
197
201
186
140
88
64
67
58
16
-49
-111
-154
-171
-168
-174
-217
-287
-339
-346
-336
-343
-373
-413
-448
-473
-474
-452
-435
-444
-464
-466
-447
-422
-398
-373
-353
-343
-332
-300
-252
-213
-186
-156
-115
-69
-26
16
52
85
121
168
216
243
255
277
319
363
399
433
469
496
501
486
463
443
435
442
446
432
411
404
409
401
377
357
349
343
327
313
300
265
199
128
90
82
74
51
17
-11
-27
-35
-44
-66
-92
-101
-92
-84
-96
-109
-107
-92
-84
-87
-99
-109
-105
-76
-36
-10
-9
-14
-6
9
25
46
68
76
67
72
106
140
138
109
93
103
120
122
113
107
108
112
107
89
65
51
44
25
-11
-41
-55
-65
-91
-121
-140
-153
-179
-211
-234
-252
-273
-287
-279
-267
-276
-306
-325
-322
-319
-332
-346
-342
-318
-288
-263
-254
-257
-258
-237
-201
-174
-164
-152
-125
-94
-82
-85
-77
-42
7
46
68
83
97
109
120
145
184
212
209
181
162
163
172
176
174
163
145
122
105
98
94
85
66
36
-5
-40
-60
-68
-85
-114
-140
-153
-164
-183
-202
-215
-229
-250
-279
-305
-320
-324
-324
-322
-318
-312
-309
-318
-329
-323
-294
-251
-209
-173
-148
-136
-123
-89
-35
11
39
64
97
126
135
140
164
205
250
291
328
350
363
393
442
474
458
422
418
450
474
462
431
406
396
399
404
387
341
300
291
293
264
210
176
165
127
44
-43
-84
-95
-118
-157
-182
-183
-186
-212
-249
-282
-307
-324
-330
-326
-329
-354
-390
-405
-390
-358
-329
-308
-293
-285
-275
-251
-212
-169
-134
-105
-79
-55
-32
-1
35
67
94
135
190
231
242
242
256
277
288
296
316
343
358
363
371
378
361
326
292
268
242
216
203
200
181
134
81
42
22
8
-8
-37
-82
-128
-160
-175
-191
-218
-245
-266
-291
-327
-366
-386
-387
-392
-406
-416
-404
-378
-362
-362
-352
-313
-266
-241
-237
-221
-181
-141
-121
-114
-97
-56
1
51
77
86
104
144
185
206
217
242
282
313
333
350
362
357
349
362
385
385
353
328
332
336
313
276
251
240
219
187
147
105
67
45
34
16
-25
-68
-93
-106
-126
-159
-193
-218
-234
-244
-254
-270
-288
-303
-314
-319
-315
-301
-291
-296
-306
-293
-260
-227
-208
-195
-180
-163
-142
-110
-69
-35
-14
4
34
74
115
150
173
187
198
211
220
223
230
244
257
262
267
279
285
270
247
242
252
253
232
207
192
179
152
108
54
7
-21
-32
-46
-77
-112
-137
-154
-184
-220
-246
-267
-296
-326
-338
-332
-332
-347
-363
-368
-369
-373
-369
-353
-335
-326
-314
-294
-270
-246
-218
-182
-146
-115
-82
-41
-6
14
34
71
132
190
230
252
270
295
324
357
388
419
454
495
529
543
539
537
549
562
560
547
540
545
546
529
504
478
449
416
393
386
370
323
267
240
243
229
173
112
87
91
85
45
-5
-43
-71
-105
-144
-178
-199
-209
-217
-227
-244
-262
-275
-282
-285
-289
-285
-268
-248
-241
-251
-263
-259
-241
-224
-214
-203
-189
-172
-156
-143
-133
-126
-119
-116
-116
-119
-120
-119
-118
-118
-114
-112
-119
-137
-150
-149
-147
-152
-165
-178
-197
-225
-250
-264
-274
-292
-319
-342
-361
-382
-406
-432
-461
-491
-517
-527
-522
-519
-532
-550
-554
-538
-515
-502
-496
-482
-454
-429
-415
-405
-383
-353
-328
-309
-280
-238
-195
-163
-130
-80
-11
54
100
132
172
226
285
340
394
448
498
536
570
612
656
692
726
771
812
826
819
832
872
903
894
867
861
880
891
877
852
832
817
804
791
775
753
722
680
626
572
531
505
485
454
413
364
315
269
227
188
146
98
44
-9
-50
-70
-86
-115
-164
-205
-217
-217
-229
-257
-282
-298
-311
-327
-338
-337
-328
-322
-331
-359
-383
-386
-371
-367
-380
-383
-367
-345
-339
-339
-336
-337
-345
-345
-331
-319
-329
-348
-356
-351
-337
-318
-303
-315
-346
-365
-355
-334
-330
-344
-358
-369
-384
-395
-402
-415
-439
-456
-449
-425
-405
-401
-411
-428
-440
-436
-418
-404
-392
-372
-338
-311
-301
-292
-276
-262
-262
-268
-256
-221
-180
-149
-132
-119
-99
-68
-28
12
44
64
78
105
159
225
270
283
284
294
315
341
378
420
443
436
424
437
464
481
483
489
500
503
500
499
504
506
504
507
517
522
521
517
509
489
459
432
423
426
424
398
356
313
288
280
276
268
252
233
213
198
187
173
154
133
117
102
85
64
50
46
51
53
45
29
15
5
-9
-32
-57
-65
-58
-57
-69
-83
-87
-91
-100
-106
-100
-87
-84
-92
-99
-98
-91
-87
-89
-99
-112
-125
-137
-146
-146
-133
-120
-123
-140
-159
-175
-188
-195
-188
-177
-176
-182
-179
-168
-173
-204
-239
-246
-225
-201
-192
-201
-220
-240
-250
-239
-213
-192
-192
-213
-238
-247
-239
-219
-203
-197
-202
-210
-214
-213
-209
-206
-201
-192
-183
-169
-150
-132
-123
-128
-134
-123
-96
-67
-53
-54
-60
-63
-59
-53
-46
-41
-38
-31
-23
-18
-20
-24
-13
7
26
34
40
50
61
66
65
71
76
73
64
65
76
83
80
83
98
108
95
69
55
65
91
112
114
97
79
78
93
94
83
85
112
143
147
135
135
149
146
112
67
43
59
98
131
138
128
117
115
112
109
112
123
132
134
133
130
114
87
73
89
118
134
132
120
108
104
117
143
154
133
99
81
85
91
83
72
72
87
104
107
96
90
99
108
97
73
56
51
44
33
35
57
71
50
9
-20
-21
-5
17
38
55
51
16
-30
-51
-31
2
5
-32
-71
-79
-63
-55
-62
-68
-65
-71
-93
-113
-114
-107
-106
-108
-101
-89
-96
-128
-160
-167
-148
-124
-115
-122
-142
-162
-175
-178
-182
-193
-199
-189
-168
-160
-173
-193
-206
-208
-204
-197
-188
-182
-177
-173
-173
-183
-194
-187
-164
-147
-149
-154
-146
-131
-125
-128
-125
-108
-86
-72
-63
-51
-24
7
23
20
10
12
26
41
51
59
70
91
117
146
165
174
180
193
207
218
227
240
249
249
252
266
277
270
256
260
279
288
277
265
259
259
260
267
274
265
240
226
238
254
255
237
212
194
187
184
174
146
114
105
122
136
126
102
86
79
66
37
12
4
6
2
-21
-51
-71
-70
-61
-60
-72
-94
-112
-126
-131
-133
-137
-149
-165
-175
-184
-202
-233
-258
-260
-241
-229
-241
-274
-300
-303
-292
-290
-305
-324
-331
-323
-317
-319
-321
-317
-313
-315
-321
-331
-341
-345
-330
-301
-277
-276
-289
-297
-287
-266
-249
-240
-230
-217
-199
-180
-167
-154
-140
-131
-123
-106
-69
-23
6
7
2
16
48
79
97
107
110
115
127
155
185
207
220
234
260
290
316
333
343
343
336
329
329
340
360
387
409
415
402
386
387
405
417
415
404
398
402
402
398
396
395
389
377
368
365
363
357
345
329
303
273
254
248
242
220
192
170
155
137
119
109
100
81
55
40
36
30
16
1
-12
-37
-72
-110
-138
-155
-165
-169
-173
-184
-199
-218
-234
-251
-269
-289
-307
-317
-316
-307
-300
-300
-303
-309
-321
-337
-347
-345
-341
-344
-350
-352
-344
-330
-315
-312
-326
-346
-340
-306
-274
-268
-276
-282
-283
-287
-285
