-32
-50
-84
-98
-80
-56
-50
-60
-77
-89
-83
-56
-17
11
17
-1
-33
-63
-75
-73
-76
-89
-86
-54
-20
-14
-27
-29
-21
-25
-38
-37
-22
-20
-49
-90
-115
-105
-64
-26
-24
-56
-78
-66
-49
-55
-61
-40
-10
-5
-17
-18
-9
-2
2
4
-11
-41
-54
-17
41
74
70
52
32
16
25
64
102
99
55
11
-2
10
28
31
25
28
51
72
71
51
39
39
41
50
75
101
97
71
58
64
65
53
46
50
53
53
64
83
89
79
64
57
62
79
96
90
50
4
-8
15
44
54
49
40
41
53
57
34
4
5
29
35
16
11
38
57
34
-2
-7
21
49
58
45
16
-20
-51
-76
-97
-101
-66
-12
22
23
17
18
8
-15
-28
-26
-23
-25
-14
7
12
-2
-8
5
16
9
0
4
15
21
28
36
41
38
38
42
44
45
47
44
30
13
13
23
29
22
13
9
4
-7
-22
-34
-34
-25
-12
-5
-4
2
14
17
-2
-33
-51
-43
-21
-8
-13
-28
-38
-39
-40
-45
-40
-14
14
20
0
-21
-28
-29
-33
-39
-41
-36
-27
-19
-16
-18
-21
-27
-42
-60
-56
-20
17
19
-11
-38
-32
-3
25
44
52
50
38
23
9
1
6
22
41
41
22
1
-2
10
23
28
26
23
22
22
22
20
19
16
13
8
12
26
36
25
0
-15
-12
-1
4
1
-7
-23
-43
-49
-37
-21
-18
-18
-10
5
5
-21
-66
-107
-116
-85
-39
-19
-33
-48
-33
-3
5
-19
-49
-57
-45
-28
-22
-30
-39
-31
-13
-19
-62
-108
-111
-73
-46
-65
-107
-114
-69
-13
5
-22
-56
-57
-31
-6
-1
-3
5
10
-4
-42
-86
-108
-91
-44
-2
9
4
20
59
77
38
-25
-48
-14
29
29
-10
-48
-60
-46
-17
9
21
17
16
29
42
37
19
6
2
-5
-18
-24
-22
-25
-33
-28
5
39
40
11
-16
-10
25
52
45
12
-12
-6
18
41
48
46
37
28
30
41
44
34
33
52
65
44
7
0
30
58
58
40
29
37
58
84
96
86
69
57
46
22
2
13
48
78
89
91
79
50
22
21
39
41
24
23
51
79
71
37
7
7
35
64
60
16
-32
-40
-15
10
17
18
18
13
7
6
6
1
4
21
34
21
6
14
33
26
1
-3
22
40
31
18
17
15
3
-5
-4
-14
-42
-60
-45
-11
12
19
16
6
-11
-20
-20
-20
-25
-27
-21
-21
-26
-27
-16
-7
-11
-12
-4
0
-14
-31
-33
-29
-36
-44
-34
-11
2
-4
-10
-1
13
22
24
33
46
50
34
8
-9
-10
-6
0
10
23
27
15
-3
-7
-2
1
-7
-19
-30
-42
-53
-58
-64
-71
-74
-64
-48
-38
-36
-35
-42
-59
-74
-71
-54
-40
-30
-10
19
33
19
-5
-24
-32
-36
-35
-21
-2
9
10
15
29
44
42
25
14
18
25
14
0
1
18
23
9
-8
-14
-10
-5
-3
-7
-21
-31
-22
-8
-13
-31
-32
-5
20
20
4
-10
-22
-35
-40
-32
-22
-21
-22
-14
-3
1
-5
-12
-19
-21
-15
-11
-18
-35
-42
-32
-15
-4
-2
-8
-22
-33
-24
-1
8
-9
-31
-30
-8
8
6
1
10
24
29
23
16
14
11
4
-6
-11
-14
-23
-38
-51
-52
-40
-33
-46
-72
-78
-55
-32
-45
-78
-83
-44
-3
1
-23
-45
-57
-62
-51
-22
-3
-24
-58
-61
-29
-4
-8
-13
1
12
0
-18
-9
17
29
16
1
9
43
72
72
40
3
-16
-17
-19
-35
-52
-57
-49
-30
-8
11
19
19
17
10
1
-5
-1
1
0
0
8
11
2
-6
7
31
34
10
-16
-15
9
37
51
49
42
39
44
45
31
15
18
42
70
85
79
51
15
0
13
33
40
41
53
69
65
41
24
23
26
22
24
48
83
102
91
60
37
38
61
79
75
59
49
46
45
43
42
38
21
-2
-12
4
39
75
95
91
76
62
63
77
83
61
18
-16
-12
19
43
50
52
55
37
2
-12
19
54
43
4
-8
24
59
70
62
47
28
19
40
72
72
31
-11
-26
-24
-15
4
28
36
14
-22
-50
-59
-52
-38
-37
-59
-81
-69
-31
-7
-16
-37
-46
-48
-48
-43
-33
-23
-14
-9
-19
-36
-37
-9
18
18
3
8
28
33
21
7
-6
-25
-40
-30
-7
0
-15
-26
-25
-17
-4
17
26
-1
-39
-44
-15
4
-12
-36
-43
-37
-34
-37
-37
-39
-39
-36
-22
-5
5
-3
-27
-54
-66
-59
-46
-35
-29
-29
-41
-55
-49
-25
-8
-9
-7
16
35
22
-10
-25
-20
-16
-18
-19
-16
-12
-4
11
17
0
-23
-23
-7
-4
-17
-27
-26
-29
-36
-31
-15
-16
-43
-64
-55
-31
-25
-38
-56
-72
-85
-89
-77
-62
-70
-95
-111
-105
-86
-67
-51
-43
-44
-47
-45
-41
-42
-44
-39
-35
-41
-48
-39
-15
2
13
30
47
43
17
-8
-16
-12
-7
3
18
19
6
-4
7
27
35
21
-2
-15
-5
19
30
5
-33
-45
-21
10
24
25
21
16
18
36
57
52
16
-13
-6
28
56
61
43
14
-8
-11
8
27
25
9
-7
-12
-7
3
14
20
22
25
34
37
23
-3
-24
-19
13
55
68
33
-18
-31
6
44
35
-7
-27
-10
14
15
-2
-13
-10
4
19
18
-2
-18
-1
47
81
76
50
34
28
18
3
-3
6
28
59
76
56
11
-6
24
57
51
25
23
48
57
29
-16
-47
-52
-25
19
46
41
25
30
52
64
55
43
33
17
-9
-36
-61
-66
-37
15
45
32
9
10
24
20
5
16
50
74
75
66
55
31
5
0
20
45
58
62
54
35
23
35
58
60
36
6
-5
10
39
67
79
78
85
96
84
44
17
41
87
98
59
17
14
41
67
72
58
36
19
15
16
10
1
1
6
1
-19
-35
-32
-14
6
21
38
54
59
51
37
29
20
4
-15
-14
10
37
42
27
7
-4
-11
-19
-30
-33
-21
2
21
24
11
-1
-6
0
11
21
27
24
19
25
37
38
21
4
9
27
27
-2
-38
-56
-53
-49
-53
-48
-27
-5
-5
-27
-48
-48
-25
4
23
20
-2
-20
-24
-22
-28
-37
-34
-24
-22
-28
-30
-27
-34
-49
-56
-50
-43
-42
-36
-24
-23
-44
-61
-52
-31
-25
-36
-43
-34
-21
-20
-23
-20
-12
-10
-16
-23
-26
-28
-42
-72
-107
-126
-111
-69
-31
-21
-36
-52
-57
-63
-70
-65
-38
-8
3
-5
-13
-16
-18
-25
-30
-31
-28
-22
-16
-20
-34
-43
-36
-26
-23
-24
-15
3
15
14
8
-1
-10
-10
1
16
24
19
6
-13
-30
-31
-18
-6
-8
-12
-9
-8
-17
-22
-13
3
9
0
-9
-13
-14
-15
-18
-22
-17
0
13
8
-5
-6
5
8
-2
-10
-4
14
32
46
51
37
11
-6
-7
2
10
14
13
6
0
-3
-13
-31
-41
-29
-7
-2
-16
-31
-38
-34
-22
-8
-1
1
7
14
3
-25
-42
-26
5
19
18
20
28
32
30
28
25
19
19
35
54
59
51
44
39
32
24
24
36
53
61
54
37
29
34
35
16
-11
-12
20
55
60
37
8
-8
-7
10
32
44
34
4
-27
-39
-25
7
26
16
-12
-27
-15
7
8
-15
-39
-43
-40
-53
-85
-111
-105
-74
-41
-17
0
9
-1
-30
-63
-81
-77
-58
-31
-4
17
29
28
18
3
-1
7
17
20
16
13
11
12
13
8
-12
-38
-49
-28
11
37
40
28
19
18
12
-2
-12
-1
26
45
36
8
-15
-13
13
46
65
52
23
3
7
20
27
29
34
34
26
20
21
14
-6
-19
-6
24
44
50
53
52
37
17
8
19
37
45
37
19
5
5
16
22
13
-3
-12
-13
-10
-2
16
36
31
-9
-62
-82
-51
-1
26
21
6
-7
-21
-36
-38
-28
-22
-25
-22
-5
12
13
-4
-31
-58
-70
-61
-48
-50
-62
-63
-45
-26
-12
-1
3
-10
-34
-48
-43
-31
-25
-20
-14
-6
3
14
10
-17
-54
-72
-65
-51
-37
-18
1
7
-2
-10
-18
-31
-46
-47
-33
-18
-14
-23
-36
-42
-26
-1
10
-2
-8
9
28
20
-10
-24
-9
18
38
44
39
33
35
43
44
30
15
9
9
7
11
29
45
41
21
7
12
23
20
1
-19
-19
5
33
40
31
26
32
32
20
11
24
51
62
41
12
3
27
61
72
49
16
4
20
43
50
43
43
53
59
47
32
29
39
40
21
-2
-8
9
32
44
40
28
20
22
30
37
45
54
59
52
37
26
24
26
24
24
30
39
45
44
32
12
-8
-16
-10
3
18
25
24
17
13
19
30
29
11
-6
-10
-3
7
10
4
-12
-32
-47
-49
-32
-3
23
24
-4
-42
-58
-38
2
27
20
-10
-34
-33
-11
10
6
-18
-37
-34
-10
15
25
27
29
32
29
21
15
12
8
4
0
2
6
18
33
41
35
23
16
9
-9
-30
-33
-13
18
37
33
6
-24
-32
-14
7
7
1
14
38
43
17
-17
-31
-18
7
21
8
-16
-15
14
33
11
-33
-55
-44
-25
-18
-26
-39
-43
-27
-5
-8
-43
-74
-69
-41
-26
-29
-31
-28
-30
-52
-96
-146
-162
-115
-27
33
33
19
37
74
82
47
4
-14
2
31
41
15
-20
-29
-11
-1
-15
-23
-7
14
16
6
8
20
30
32
26
12
-4
-5
6
12
9
7
12
4
-23
-47
-50
-38
-27
-26
-34
-44
-45
-27
-9
-10
-27
-31
-13
4
-1
-18
-19
9
47
58
26
-26
-52
-29
8
13
-16
-39
-24
9
23
10
-4
4
25
36
29
17
18
36
59
74
74
58
40
34
43
60
72
66
42
14
-6
-11
-11
-8
5
27
41
29
5
-1
22
50
50
17
-18
-22
5
30
22
-9
-26
-19
-19
-47
-81
-82
-54
-29
-24
-32
-38
-36
-23
-11
-11
-26
-33
-20
0
12
8
-5
-26
-43
-42
-15
15
26
20
14
12
3
-12
-25
-31
-28
-18
-5
2
11
26
36
21
-7
-14
7
24
16
-3
-10
-4
5
12
9
-10
-32
-31
-9
8
0
-18
-27
-30
-34
-37
-30
-15
-6
-5
-8
-7
7
27
37
28
16
17
24
25
22
21
16
-4
-22
-15
9
20
12
2
0
-2
-10
-11
0
15
23
23
13
-3
-16
-22
-25
-31
-30
-13
10
24
19
-1
-23
-36
-33
-26
-28
-40
-40
-28
-27
-44
-59
-50
-27
-16
-27
-46
-60
-62
-58
-56
-69
-88
-98
-87
-67
-50
-37
-24
-8
5
15
15
1
-18
-26
-19
-13
-15
-21
-25
-29
-24
-2
29
38
13
-32
-66
-70
-47
-20
-12
-30
-46
-37
-10
5
-1
-13
-13
-2
9
15
14
8
1
-3
-8
-13
-8
11
27
28
16
9
11
16
19
22
21
16
16
25
28
10
-17
-28
-17
-3
-3
-11
-13
2
23
32
16
-14
-34
-36
-32
-30
-26
-9
18
39
44
30
3
-18
-14
9
29
36
39
45
43
30
19
21
26
21
21
37
61
71
61
47
43
44
46
45
44
41
32
25
35
68
96
84
36
-2
6
35
42
31
36
69
93
80
41
5
-16
-30
-36
-32
-26
-19
-12
-5
-8
-26
-49
-63
-62
-53
-43
-34
-21
2
28
40
25
-10
-42
-47
-17
34
72
72
47
30
30
22
-4
-23
-10
24
47
51
55
66
64
43
15
9
22
38
40
26
8
-5
-5
9
30
47
46
26
1
-6
12
36
38
14
-8
0
35
56
32
-20
-52
-44
-22
-20
-28
-16
14
22
-11
-51
-52
-25
-9
-25
-51
-54
-40
-31
-32
-33
-35
-40
-45
-33
-1
28
29
1
-33
-49
-44
-34
-33
-43
-55
-54
-37
-21
-16
-23
-32
-34
-34
-33
-27
-14
-6
-15
-37
-54
-53
-44
-43
-49
-51
-43
-35
-31
-26
-26
-35
-53
-57
-37
-18
-31
-70
-90
-70
-31
-10
-20
-39
-43
-38
-35
-34
-26
-7
4
-8
-33
-36
-5
37
53
39
18
16
29
38
36
26
20
15
5
-9
-18
-15
-2
9
14
12
3
-9
-19
-21
-18
-9
8
35
50
35
-2
-23
-10
12
4
-33
-58
-48
-21
-9
-11
-8
1
-7
-36
-64
-61
-38
-30
-44
-52
-26
20
45
28
-9
-33
-31
-18
-7
-4
3
17
24
9
-18
-31
-16
12
29
23
8
-4
-14
-22
-23
-13
-2
1
-2
2
9
7
-13
-36
-43
-37
-35
-41
-40
-19
8
18
6
-6
0
18
28
21
8
5
9
6
-11
-26
-20
6
28
23
-8
-30
-22
13
45
46
18
-13
-20
3
34
49
39
10
-15
-18
-8
-4
-14
-24
-16
-3
1
-2
1
13
16
7
2
16
34
39
27
16
20
39
58
64
48
19
-3
3
38
81
101
89
69
68
88
103
88
58
46
66
92
102
91
73
64
75
96
104
86
56
43
55
65
50
30
46
91
113
79
18
-17
-11
5
2
-15
-16
10
41
48
24
-2
1
33
60
59
38
21
20
22
7
-31
-76
-98
-69
-7
38
37
13
10
25
24
1
-15
-1
23
26
0
-32
-43
-26
5
25
21
0
-22
-36
-42
-40
-34
-26
-24
-25
-26
-30
-45
-64
-81
-87
-79
-61
-43
-42
-54
-66
-69
-70
-60
-37
-12
-12
-39
-58
-45
-15
-4
-15
-19
-11
-4
-16
-31
-17
22
50
37
3
0
37
71
58
21
11
36
57
45
19
12
23
39
42
29
8
-1
16
39
43
31
28
32
25
12
16
32
27
-5
-27
-14
13
20
11
7
11
7
-16
-50
-71
-67
-44
-30
-39
-50
-40
-15
-6
-20
-35
-34
-31
-34
-31
-20
-27
-58
-73
-46
-16
-35
-80
-87
-47
-20
-45
-76
-66
-35
-31
-56
-72
-65
-48
-32
-13
-5
-22
-45
-49
-39
-43
-58
-57
-43
-46
-75
-94
-73
-29
1
5
-6
-15
-11
3
4
-16
-39
-38
-18
-8
-18
-29
-33
-36
-39
-34
-16
1
5
0
-16
-35
-47
-34
-12
-4
-15
-21
-17
-19
-26
-24
-8
5
0
-10
-12
-7
-5
-7
-9
-4
5
9
3
-4
-4
4
1
-17
-27
-11
19
36
33
25
25
36
48
52
45
42
56
80
90
78
61
56
59
60
61
61
55
45
43
51
51
36
20
14
13
7
2
7
15
14
3
-7
-5
10
32
43
29
-1
-18
-22
-31
-53
-59
-40
-20
-23
-37
-35
-24
-20
-20
-3
19
22
5
-7
3
18
24
25
25
20
16
29
52
55
29
3
8
30
45
52
63
74
73
70
76
76
54
21
7
15
21
17
17
29
44
51
52
45
27
10
11
23
27
23
24
31
29
26
38
61
69
59
43
27
12
6
23
47
46
23
8
16
23
10
-7
-7
10
31
44
40
23
8
6
5
-9
-19
-5
20
25
11
12
39
61
46
5
-30
-45
-44
-32
-15
-3
2
0
-3
-3
2
6
1
-16
-37
-43
-35
-23
-21
-33
-45
-42
-24
-9
-12
-21
-21
-12
-6
-3
0
-8
-30
-47
-38
-15
-13
-35
-53
-47
-34
-33
-39
-38
-27
-16
-19
-32
-41
-28
-2
7
-15
-42
-46
-32
-23
-30
-38
-42
-41
-33
-9
19
34
25
-3
-30
-37
-19
7
11
-8
-22
-12
6
9
3
8
17
14
-4
-12
4
24
22
-12
-46
-44
-8
25
22
-6
-27
-33
-30
-20
0
14
6
-13
-18
-8
4
6
3
-11
-29
-31
-2
26
23
3
7
38
60
52
26
4
-11
-21
-25
-29
-33
-23
-5
-2
-26
-42
-25
2
2
-22
-37
-37
-45
-53
-43
-22
-18
-27
-26
-16
-21
-41
-54
-57
-64
-66
-48
-24
-27
-49
-52
-29
-16
-23
-26
-10
1
-15
-37
-37
-19
-9
-14
-14
4
27
34
11
-26
-52
-58
-56
-55
-44
-25
-14
-14
-8
8
12
-6
-17
1
24
22
7
13
33
38
26
19
17
7
-6
-3
11
19
28
48
62
50
32
35
48
37
12
11
26
21
-2
-3
27
49
48
53
81
106
105
94
87
74
53
44
52
56
44
40
57
79
79
57
32
21
30
58
79
72
53
48
57
53
31
24
46
74
76
56
43
54
80
90
63
19
2
26
55
53
25
3
-2
1
6
12
17
29
55
82
70
22
-9
5
25
10
-17
-13
7
1
-23
-29
-8
4
-5
-24
-44
-60
-56
-22
13
19
13
25
35
9
-41
-61
-38
-8
7
21
49
69
60
30
5
1
17
36
43
33
27
36
40
23
3
6
28
43
44
43
45
37
17
-2
-7
2
15
24
16
-7
-24
-16
-1
-11
-44
-62
-38
7
30
11
-24
-38
-23
-18
-49
-93
-97
-48
4
4
-39
-70
-58
-27
-12
-20
-34
-35
-20
-1
-1
-32
-68
-60
-14
10
-36
-112
-141
-103
-53
-43
-65
-75
-49
-14
-15
-68
-128
-130
-67
-9
-9
-34
-29
-3
-13
-69
-113
-107
-63
-19
5
0
-23
-32
-20
-23
-62
-93
-65
-1
28
6
-18
-12
2
0
-7
-11
-13
-7
12
28
21
11
18
24
3
-31
-48
-48
-50
-43
-16
11
20
28
54
65
34
-8
-21
-14
-15
-15
-3
4
-5
-1
22
18
-25
-40
12
68
52
-10
-48
-62
-91
-124
-126
-106
-92
-74
-45
-35
-60
-71
-37
-5
-20
-40
-17
10
-4
-34
-32
-26
-46
-60
-30
4
-6
-28
-16
14
17
7
11
6
-23
-48
-52
-77
-139
-175
-135
-79
-68
-72
-39
13
31
16
-2
-17
-26
-11
13
-2
-44
-43
13
40
-4
-48
-28
16
18
-12
-23
-12
7
37
64
65
53
77
119
105
36
-5
19
41
18
6
47
94
97
83
82
75
48
39
61
70
50
45
74
95
90
92
115
119
90
73
79
58
1
-31
-2
38
47
46
64
85
89
90
91
81
76
104
139
125
74
59
91
104
69
36
44
63
54
24
-3
-16
-4
41
86
90
71
72
88
65
7
-18
18
73
108
131
150
151
131
112
90
55
27
41
89
124
129
128
132
129
116
102
82
46
23
35
57
40
-16
-56
-59
-59
-84
-114
-106
-48
27
73
66
28
12
23
19
-32
-80
-61
13
59
30
-34
-68
-55
-43
-69
-107
-96
-24
45
45
-15
-61
-52
-25
-36
-82
-102
-64
-6
8
-35
-78
-65
-17
2
-25
-49
-32
-1
-2
-44
-86
-97
-72
-36
-17
-16
-6
29
53
29
-22
-46
-40
-37
-53
-60
-54
-54
-65
-68
-63
-66
-67
-43
-11
-10
-33
-50
-61
-90
-123
-130
-124
-132
-140
-118
-91
-95
-105
-73
-24
-18
-47
-59
-54
-74
-111
-120
-91
-59
-23
17
32
10
-3
26
48
22
13
80
158
144
62
16
18
-2
-59
-106
-115
-99
-64
-28
-35
-75
-54
51
119
62
-23
-4
70
63
-29
-83
-48
14
32
-10
-88
-134
-80
35
85
51
76
221
326
235
30
-97
-115
-133
-193
-235
-209
-115
16
115
101
12
-13
54
77
-18
-111
-68
50
106
85
47
7
-38
-61
-66
-108
-152
-82
110
252
230
138
100
82
-6
-133
-205
-196
-120
9
139
184
153
148
197
196
81
-63
-124
-99
-50
-22
-20
-4
90
249
327
221
37
-38
-9
-47
-207
-347
-318
-153
-5
20
-31
-14
120
217
105
-129
-234
-145
-48
-52
-28
127
312
383
332
191
-29
-236
-283
-176
-60
36
223
475
573
404
99
-168
-350
-444
-436
-352
-231
-67
95
106
-80
-279
-328
-312
-337
-291
-87
75
-7
-184
-218
-208
-366
-545
-428
-85
103
5
-143
-188
-253
-431
-605
-641
-532
-335
-145
-115
-313
-590
-771
-900
-1109
-1331
-1366
-1165
-862
-562
-277
2
322
736
1112
1130
709
214
-27
-200
-617
-1041
-919
-241
358
469
377
492
780
1037
1325
1841
2561
3277
3732
3584
2582
999
-460
-1395
-1996
-2355
-2021
-693
1051
2273
2712
2822
2921
2848
2374
1585
784
213
-180
-745
-1639
-2345
-2107
-930
415
1519
2707
4026
4668
3989
2433
817
-636
-1984
-2913
-3149
-3008
-2876
-2645
-2236
-2051
-2237
-2130
-1165
189
1170
1766
2263
2304
1302
-608
-2721
-4535
-5770
-6107
-5484
-4256
-2675
-755
1061
1909
1604
889
194
-867
-2337
-3361
-3433
-3112
-2881
-2383
-1482
-925
-1157
-1579
-1730
-2081
-2847
-3165
-2386
-1132
-189
623
1591
2151
1732
704
-314
-1212
-1820
-1570
-432
795
1731
2812
3936
4051
2883
1714
1504
1535
987
572
1274
2505
3005
2820
2986
3714
4214
4090
3749
3464
2980
2142
1207
473
116
360
1261
2347
2940
2938
2789
2660
2198
1413
1222
2422
4402
5697
5766
5235
4243
1848
-2182
-6181
-8327
-8710
-8356
-7100
-4180
-381
2358
3425
3830
4004
3203
1368
-292
-1173
-2073
-3536
-4943
-5942
-7204
-8941
-10093
-9876
-8880
-7696
-5739
-2507
1017
3370
4263
4243
3374
1233
-2106
-5864
-9071
-10943
-11159
-10118
-8495
-6394
-3521
-359
1749
2112
1583
1366
1527
1290
406
-485
-760
-613
-862
-2033
-3671
-4663
-4392
-3345
-2285
-1110
886
3726
6373
7795
7917
7358
6613
5763
4694
3408
2257
1935
2901
4674
6061
6405
6291
6567
6914
6099
3843
1698
1486
3227
5333
6702
7856
9685
11680
12011
9437
4878
838
-960
-1146
-1377
-1553
414
5301
10305
11767
9641
7258
6553
5747
2825
-714
-1624
498
2550
1877
-932
-3798
-6142
-8849
-11964
-13837
-12797
-8830
-3306
2213
6451
8401
7668
4702
215
-5313
-10952
-14757
-15062
-12311
-8639
-5592
-3286
-1777
-1880
-4062
-7416
-10255
-11161
-9431
-5480
-967
2404
4248
4796
3251
-1393
-7888
-12999
-14786
-13926
-11444
-7267
-1895
2581
4511
4189
2355
-920
-4674
-6440
-4951
-1909
588
2668
4918
5767
3196
-1912
-6473
-8717
-8960
-7467
-3782
1749
7432
11462
12803
11188
7349
2844
-1125
-4235
-5905
-4911
-1196
3207
6375
8488
10364
11383
10573
8734
7568
7348
7076
6367
5575
4603
3050
1196
-306
-1201
-1216
259
3078
5942
8087
10084
11913
11898
9204
5805
3940
2907
716
-2056
-2708
-481
2269
3354
3402
4454
6904
8629
7189
2820
-1469
-3649
-5574
-9996
-15274
-16443
-12221
-7102
-4652
-2592
2329
7974
9627
7033
4039
2343
128
-3400
-6459
-8096
-9393
-10620
-10604
-9609
-9476
-9934
-8177
-3496
946
2780
3803
6278
8481
7004
1904
-3434
-6824
-8991
-11035
-12536
-12406
-10123
-6090
-1872
418
378
229
1767
3283
1942
-1367
-2751
-1160
-12
-1718
-4050
-4144
-3069
-3330
-4335
-3926
-2591
-2225
-2041
25
2712
2862
1182
1579
4268
4829
1587
-1366
-950
116
-1375
-3441
-2632
192
2130
3408
5835
8438
9090
8671
9299
10007
8481
5722
4551
4578
3212
926
781
2886
4110
3719
4604
7766
9951
8745
6368
5891
6442
5089
1877
14
1276
3617
4166
3142
3068
4451
4645
2260
203
1432
3742
3122
876
1420
3186
-711
-10562
-17034
-14741
-10895
-13162
-16038
-9353
4265
12096
9989
6573
7792
8423
2745
-5794
-10731
-11203
-9517
-6315
-2866
-2538
-5379
-6530
-4397
-4519
-10009
-14143
-9410
675
6430
5501
3686
4111
3442
-1048
-7207
-11812
-13621
-12076
-7354
-2140
743
2415
5488
7948
4796
-3545
-10029
-10294
-8010
-7807
-7638
-3093
3860
6562
3318
-559
-1361
-2039
-5721
-9086
-7113
-1520
1288
-380
-1887
-352
1273
-204
-3351
-5169
-5046
-3447
-306
3199
4776
4735
5889
8165
7813
3965
1151
2618
5862
7655
8729
10329
10907
9486
7846
6629
4086
981
916
3336
2934
-1071
-2509
1350
5100
5191
6073
11060
15689
16280
16581
19195
19008
12555
5565
3419
2303
-2257
-6518
-6316
-4964
-5135
-2565
3302
3472
-5181
-10537
-4146
2744
-2064
-8854
-1682
12282
12098
-2878
-12249
-7786
-4119
-11908
-21416
-20658
-12753
-6341
-2569
-39
-894
-4196
-3749
633
136
-7943
-12889
-6552
3306
5099
432
-1400
464
-1172
-8523
-15941
-18583
-16374
-10726
-3708
1024
2131
3591
8505
12624
10237
4039
1837
4758
6374
3490
185
-180
90
-1556
-3635
-4668
-6303
-9189
-10350
-7944
-4693
-3293
-2219
528
2997
2507
422
-212
427
20
-1815
-3938
-6386
-9439
-11570
-11325
-9757
-8281
-5937
-1708
2258
2863
165
-3385
-6248
-7822
-7029
-3782
-209
2191
4865
8987
12079
11039
6879
3163
1130
-373
-1119
969
6556
13499
18698
20062
17292
12004
6469
1679
-2352
-4357
-1953
5306
14619
22192
25634
24556
20460
15526
10450
5005
1303
2483
6489
7077
4451
6824
15130
15996
1188
-15138
-14662
-3718
-3645
-14874
-14578
5464
22885
18078
2813
-828
5838
4803
-8176
-19339
-19027
-11747
-5420
-3362
-6117
-11008
-11297
-4676
231
-4885
-13739
-13123
-2505
5576
4386
896
2742
7142
6811
120
-8549
-14181
-14542
-11555
-10086
-12209
-13404
-8620
-830
2205
-675
-2476
965
5035
4217
222
-1925
-1675
-2032
-3590
-4436
-4735
-6632
-9781
-11363
-11117
-12004
-14392
-14112
-9253
-4702
-5398
-8235
-6640
-1321
595
-2897
-5643
-3944
-2718
-6810
-12508
-13439
-10205
-7884
-7319
-5284
-1185
2353
4314
5523
5363
3105
1175
2250
4535
4809
4542
7530
12814
15730
15133
13782
12218
8355
3158
856
3027
7565
13282
20101
25220
25162
21397
17961
14247
7199
-174
-936
4965
10843
14807
21163
28789
29405
21077
12407
8410
3568
-4985
-9264
-3805
3945
6305
7453
11569
10204
-3952
-20171
-23477
-18080
-18451
-22250
-13609
7260
20073
14676
4923
4145
4807
-5464
-21594
-28648
-23012
-13624
-7628
-5138
-4573
-4866
-4934
-6396
-12953
-22624
-26130
-18498
-6738
7
2441
6342
10820
9575
1321
-8437
-14869
-17186
-15840
-11709
-7298
-4189
-429
5480
9786
7738
1474
-1922
-232
1539
-123
-1643
1386
6486
7435
3059
-1964
-4736
-7531
-12221
-15954
-15488
-12234
-9154
-5716
-507
3834
4023
2510
3937
6395
3796
-3090
-6449
-3901
-2533
-6982
-11693
-10197
-5243
-3588
-5841
-7533
-6477
-3843
-858
1338
1420
615
2323
6434
8332
6201
4344
5988
8024
6739
3909
3024
3979
5440
8174
12253
15250
16635
19300
23377
23862
18405
12120
10070
10078
8071
5782
7328
11857
15408
17370
19705
21773
20883
16901
12402
9090
6934
5844
5863
6466
7023
6962
5245
1557
-2327
-4890
-7692
-12233
-15210
-12160
-5384
-1960
-3224
-3158
704
2122
-3965
-12722
-16313
-14990
-14953
-17827
-18750
-14607
-8807
-6634
-9287
-13863
-17147
-18117
-17793
-17480
-16864
-13916
-7384
693
6052
6292
3138
-152
-2914
-7088
-13047
-17451
-16658
-11098
-4554
271
3688
6783
9046
8877
5661
899
-2735
-3734
-3000
-2173
-1419
-276
287
-994
-3337
-5634
-9278
-15142
-19009
-16010
-9229
-6468
-7664
-4434
5023
10505
5090
-3358
-4233
-191
-1084
-7231
-9696
-4935
958
2541
1223
356
541
964
958
-108
-1377
17
5185
11062
14425
15788
16726
16552
14512
11921
9622
7042
5657
8514
14329
17891
18498
21149
26614
28380
23505
18229
17650
17922
14838
12270
14927
19560
20673
19038
17710
15217
9260
1967
-4210
-10268
-15549
-15661
-10551
-6887
-6980
-4014
5198
12280
10394
5934
7207
9833
4885
-5187
-11006
-12015
-15735
-23960
-30612
-32147
-30778
-28069
-23105
-16366
-9232
-1229
7041
11165
8561
3345
10
-3573
-10774
-18424
-21410
-20987
-21296
-21337
-17877
-12833
-9979
-7457
-1628
4417
4842
1551
1594
4974
4398
-2005
-6819
-4869
-744
-607
-2710
-1454
3078
5420
2997
-1042
-3504
-5237
-7635
-8605
-5611
-907
829
-334
76
2458
1197
-5643
-11067
-9048
-4164
-4006
-6531
-4167
2271
4165
-710
-4867
-3652
-1562
-2944
-4911
-3635
-669
1189
2349
3103
1531
-1920
-3236
-1240
471
707
3382
9637
14027
12944
10407
10569
10706
7406
4031
5411
9642
11889
12564
15043
18363
19080
18132
19133
21282
20475
16745
14338
14420
13575
10317
7745
8178
9659
9889
9972
11710
13777
13364
10241
6715
4053
1358
-1661
-2977
-908
2906
5462
6417
7044
5543
-1931
-13952
-22699
-23645
-21618
-22216
-21986
-14570
-3336
1455
-2475
-6834
-6516
-6545
-11556
-16752
-15343
-9051
-4860
-5216
-7309
-9378
-12325
-16332
-19977
-21824
-20258
-13593
-3028
6506
11123
11672
10318
6291
-1517
-9999
-14083
-12669
-8863
-5016
-927
3308
5996
5992
3766
37
-4404
-7479
-7303
-5544
-6279
-9982
-11922
-9356
-7029
-10630
-16818
-16557
-8751
-2801
-4427
-6814
-2218
4428
2909
-5423
-9255
-4767
-276
-1734
-4301
-2421
845
191
-3270
-5303
-4971
-2893
1803
8312
12718
13666
14600
16984
17008
12879
9281
10068
12376
12765
13371
16817
20611
21882
22386
23826
23658
20623
18678
20244
21483
19616
18541
21380
24096
22815
20626
20396
18198
11469
5850
5092
2309
-7981
-17026
-14117
-5194
-3979
-8880
-5800
6723
13106
5269
-4698
-4039
1833
245
-8472
-13294
-10364
-7694
-12584
-22375
-29379
-30171
-27650
-25943
-25110
-21327
-12383
-1804
4386
4477
2076
215
-2488
-8434
-16268
-21619
-21787
-18205
-14419
-12350
-10752
-7559
-3463
-1722
-3631
-5950
-4805
-961
1401
738
81
2271
5787
7025
5141
2521
841
-1188
-5270
-10062
-12084
-9986
-6032
-2507
1389
7089
12635
14257
11617
8034
4939
-68
-7864
-14413
-16044
-15009
-15373
-15591
-10833
-1992
3944
3899
2995
5789
8840
6921
2140
483
1821
454
-5050
-9655
-10389
-10347
-11858
-11706
-6776
512
6471
11768
18314
23990
25281
22779
19372
14930
7622
-748
-5578
-5301
-2220
2197
8694
16662
23111
26220
26938
26260
23675
19226
14734
11797
10207
9204
8859
9430
10471
11324
11805
11910
11313
9763
7857
6887
7459
8620
9273
10077
12140
13900
12255
7532
3385
-66
-7817
-20886
-31217
-32003
-28104
-27781
-28199
-20180
-5617
2552
-540
-5036
-3096
-667
-5577
-13594
-15300
-10481
-6958
-8941
-13806
-18013
-20525
-21999
-24076
-27282
-28016
-21754
-10640
-2245
1013
4346
9989
12150
6897
-702
-4774
-6855
-10012
-11598
-8556
-4030
-1954
-369
3301
5666
2942
-1626
-2849
-1965
-3152
-5352
-4132
1197
7765
13423
16418
14605
8924
3106
-3225
-14437
-27899
-31912
-21363
-6751
1078
6580
18579
31124
29883
14564
276
-3992
-5048
-10535
-15877
-12382
-922
8991
10435
4893
-1547
-4970
-6443
-8262
-8280
-1222
12938
26108
30956
28805
24594
18254
7212
-5477
-12482
-10995
-4562
3246
11496
18507
21308
19486
15623
11336
6495
2513
2428
6658
11839
15063
16821
18508
19093
16162
9751
3401
370
-613
-3617
-8902
-11242
-7567
-2810
-3119
-5870
-3586
3291
6229
2476
-183
3502
7174
3238
-4874
-8767
-8281
-9907
-14867
-17529
-15196
-11850
-11185
-11814
-11017
-8713
-6108
-3641
-1675
-954
-1498
-2654
-4390
-7236
-11095
-15178
-18465
-19591
-17615
-13672
-10069
-7040
-2780
2392
5084
3722
1199
411
196
-1639
-4154
-5189
-5047
-5298
-5971
-6555
-7600
-8830
-8058
-4582
-1135
120
772
2643
4176
3331
888
-2266
-7328
-13342
-15053
-9983
-3557
-1292
151
6625
14469
14159
5361
-1356
286
4155
2667
-1590
-981
5169
9895
8110
2074
-2399
-2247
702
2755
3257
5684
12404
19685
21103
15693
8974
5309
3227
11
-2724
-926
6338
15612
22432
24584
22907
19713
15965
10508
3346
-1777
-1003
4053
8014
9031
10345
13791
16203
14467
10410
7720
6806
5819
4653
4683
5762
6407
6284
5930
4267
-1017
-10015
-19137
-24089
-23664
-19825
-14397
-7045
2345
10340
11867
6371
-701
-4646
-7209
-12485
-19303
-22217
-19378
-14792
-12271
-11318
-10177
-9130
-8982
-9245
-9527
-10114
-9910
-6750
-1449
1491
-519
-4582
-6929
-8597
-12933
-18878
-20932
-16250
-8532
-3258
-1224
911
4589
6737
4222
-1284
-5230
-5957
-5687
-5933
-5370
-3171
-1019
-56
925
2102
1032
-2689
-5057
-4020
-4329
-10337
-16962
-15132
-4996
4100
7469
10787
18987
26719
25371
15186
4521
-1026
-3654
-7698
-12859
-14554
-9746
-1234
4599
4645
2443
3190
6943
9653
9858
10371
13086
16078
16869
15142
11169
5078
-1028
-3756
-2761
-904
1362
7322
17217
24713
24326
18844
14581
12056
7091
-218
-4066
-1269
4457
8629
11890
16678
21380
21971
18016
13125
9465
5321
-791
-6513
-8436
-6857
-5093
-4778
-4677
-4281
-5278
-7945
-8942
-5481
232
3846
4803
5645
6094
2575
-5264
-12108
-13776
-12903
-14286
-17299
-17293
-13194
-8997
-7606
-7445
-6352
-5136
-5330
-6273
-6674
-6945
-7733
-7959
-6863
-6406
-8737
-12293
-13576
-12358
-11655
-12236
-10918
-5830
-140
2009
915
-204
-436
-1533
-3834
-5267
-4754
-3671
-3181
-2726
-2166
-2867
-5090
-6617
-5856
-4303
-3746
-3134
-1274
-828
-5238
-12045
-14065
-8538
-716
4086
7640
13798
19677
18083
8272
-1724
-5298
-4796
-5845
-8136
-6568
148
6803
8121
4575
601
-684
524
2691
5265
8969
14199
19267
20888
17249
10202
3493
-791
-2747
-2194
2147
10328
19641
26514
28980
26769
20552
12360
5445
1944
1261
2106
5051
10921
17395
20195
18160
14460
11753
8866
4252
101
-191
2739
4993
4998
4768
5248
4074
-487
-6493
-11372
-15264
-18580
-18733
-13273
-5041
175
1117
1848
4117
3712
-2708
-11073
-14748
-13844
-14442
-18745
-21297
-17115
-9362
-5299
-6851
-9314
-8865
-7332
-8190
-10788
-11151
-7497
-2540
-44
-858
-3269
-6134
-9998
-14938
-18851
-19075
-15298
-9606
-3806
1811
6699
8872
7087
3090
-192
-2137
-4067
-5796
-5282
-2387
-143
-573
-1693
-1047
-110
-1812
-5212
-6960
-7663
-11611
-18563
-20984
-13306
-164
9577
14439
19675
25768
25164
13447
-2247
-11185
-11851
-11114
-12527
-12050
-6203
1373
4593
2560
-741
-1973
-470
3626
9767
15966
20139
22338
23309
21385
14048
3039
-5388
-6923
-3389
1291
6722
14642
23579
28679
27205
21458
15544
11436
9094
8325
8943
10325
12154
14626
16923
16752
13023
8005
4939
4024
2739
39
-1960
-1107
1807
4291
5034
4379
2841
442
-2899
-7116
-11575
-14366
-13260
-8607
-4225
-3509
-5327
-6005
-5044
-5919
-10322
-14629
-14467
-10833
-8585
-9691
-11228
-10497
-9047
-9933
-13062
-15398
-14854
-12058
-8683
-5780
-3858
-3184
-3601
-4902
-7397
-11139
-14608
-15584
-13750
-11128
-9176
-6852
-2786
1737
3912
3146
1684
1199
675
-1278
-3604
-4051
-2535
-1340
-1846
-2767
-2342
-957
-337
-940
-1757
-2661
-5278
-10455
-15757
-16980
-12261
-3747
5036
12273
17514
19417
15957
7460
-2093
-8150
-9535
-8310
-6299
-3387
454
3297
2896
-363
-3519
-3988
-1417
3377
9928
17710
24930
28817
27336
20473
10212
-239
-7570
-9666
-6276
1469
11863
22552
30287
32182
27923
20178
12320
6174
2338
1655
4889
10947
16792
19853
19826
17623
13551
7703
1599
-2170
-2427
-462
1835
3827
5202
4438
138
-6159
-10543
-11048
-9809
-9439
-8691
-4299
3063
7818
5986
328
-3681
-5529
-9661
-17533
-23664
-22260
-15293
-10253
-10523
-11888
-9632
-5514
-4844
-8582
-11912
-10698
-6353
-3180
-3008
-4299
-5351
-6374
-8394
-11503
-14608
-16229
-15407
-12484
-9052
-6533
-4748
-2557
38
1377
228
-2333
-3890
-3139
-789
1580
2776
2323
515
-1627
-3086
-3816
-4488
-5162
-4956
-3570
-2549
-4105
-8644
-13930
-16785
-15321
-9701
-1442
7505
15122
19270
18021
10907
272
-9268
-13745
-12589
-8185
-2978
2066
6166
7530
4888
-235
-4100
-3785
1110
9406
19339
28018
31549
27616
17908
6855
-2016
-7497
-8809
-4410
5873
18498
27908
31018
29112
25102
20160
13957
7445
3664
5029
10425
15761
17553
15659
12498
10009
7877
4876
1422
-134
1788
5602
7877
7052
4615
2070
-1753
-8488
-15915
-18670
-14491
-7617
-3694
-2668
8
5234
7346
1526
-8838
-15870
-16929
-16345
-17289
-16721
-11147
-3896
-2111
-7445
-14013
-16106
-14225
-11924
-10014
-6845
-2469
780
1319
-714
-5197
-11818
-17866
-19287
-15449
-10475
-7999
-6664
-3272
1326
2940
303
-2891
-3220
-1852
-1841
-3364
-4031
-2679
-418
1499
2617
2373
467
-1860
-3023
-3747
-6059
-9070
-8783
-3851
1197
1305
-2638
-6251
-8991
-13945
-20017
-20092
-10254
3355
11494
12968
13351
13991
9382
-2518
-13767
-15251
-8407
-2346
-1053
159
4854
8696
6122
-520
-3501
454
7558
13629
18530
22826
24327
20902
14399
8745
5442
3716
4118
8540
16203
22701
24609
23041
21000
18982
15569
11378
9462
11249
14305
15383
14189
12711
11903
10970
9675
9248
10194
10681
8674
5058
2816
2735
1545
-4173
-12924
-19018
-18815
-14658
-11272
-9502
-5956
1005
7560
8522
3740
-2067
-5582
-8321
-12811
-17760
-19511
-17429
-15204
-16263
-19805
-22352
-21752
-18339
-13332
-7872
-3243
-228
1840
3783
4112
-95
-8678
-16591
-18743
-15739
-12487
-11472
-10363
-7005
-3633
-3542
-5517
-5104
-1078
2835
3634
3244
4819
7293
6924
3291
123
-372
-619
-3416
-7183
-8210
-6226
-4490
-4568
-4205
-1554
1073
-80
-5075
-10102
-12055
-11208
-9205
-6449
-2590
1664
4664
5355
3840
801
-2732
-5267
-5627
-4077
-2023
-426
747
1349
378
-2608
-5871
-6372
-2533
4350
11491
16880
19958
20721
18969
14744
9280
5007
4123
6848
11235
14985
17305
18706
19384
18765
16929
15478
16014
18132
19889
20152
19475
18537
16915
14109
10854
8442
7278
7123
8240
10749
12916
11977
7502
2392
-881
-3705
-8783
-14816
-16745
-12333
-5876
-3076
-3852
-3407
-51
1802
-1884
-8326
-11243
-9379
-7924
-10837
-15350
-16514
-14785
-15351
-20225
-24752
-23614
-17648
-12048
-9188
-6572
-2134
1682
1112
-3531
-8274
-10653
-11869
-13459
-14354
-12909
-10145
-8688
-8989
-8850
-6945
-4683
-3555
-2476
397
4267
6360
5833
4786
4738
4232
1474
-2164
-3622
-2659
-2440
-5011
-8193
-8431
-5402
-2001
-316
434
1583
2312
423
-4703
-10704
-13701
-11142
-3940
3723
7372
5886
1971
-1299
-3546
-5790
-7202
-5465
-635
3614
4004
1404
-1176
-3059
-5746
-8622
-7888
-1248
8386
15765
18666
18445
16478
12881
8753
6688
7698
9790
11270
13569
18282
22762
22120
15970
10010
9354
12709
15367
16003
17254
20157
21736
19427
15132
12601
12371
11913
10288
9879
12649
16611
17567
13651
6997
1130
-2415
-4937
-8518
-13139
-15862
-13624
-7271
-1780
-1281
-4462
-6484
-5199
-3383
-4177
-6551
-7297
-6153
-6192
-9068
-12569
-14130
-14777
-17460
-22292
-25708
-24650
-20008
-15213
-12494
-11308
-9774
-6814
-3255
-1326
-2651
-6166
-8502
-7325
-4035
-2331
-4196
-8204
-11676
-13227
-12809
-10654
-7427
-4611
-3242
-2360
-54
3759
6826
7326
6012
4789
4067
2744
341
-2222
-4044
-5243
-6175
-6604
-6252
-5432
-4539
-3536
-2620
-2709
-4196
-5601
-4717
-1230
2906
5929
7829
8836
7766
3495
-2380
-6172
-5851
-3096
-1058
-1049
-2139
-3158
-3942
-4795
-5640
-5776
-3945
1002
8520
15515
18396
16639
13471
12225
12817
12858
11598
11112
13265
16916
19041
17966
14647
11255
9412
9642
11497
13895
15793
16758
16710
15416
12957
10592
10036
11373
12616
12154
10905
10871
11946
11716
8794
4959
3028
3382
3636
1385
-3634
-9768
-14706
-16609
-15250
-12540
-11065
-11485
-12113
-11493
-10354
-10010
-9821
-8012
-4797
-2721
-3263
-4917
-5988
-7765
-12694
-19856
-24778
-24544
-21229
-18833
-18157
-16639
-12762
-8420
-6281
-6408
-6669
-5630
-3775
-2200
-1329
-1136
-1769
-3404
-5792
-8163
-9426
-8634
-5820
-2504
-638
-683
-1214
-896
-237
-564
-1691
-1816
90
2836
4552
4775
4214
3131
1216
-1042
-2205
-1587
-248
321
-253
-1737
-4497
-8733
-12573
-12526
-6933
1703
8722
11374
10260
7329
3966
1364
1200
4319
8854
11034
8581
2869
-2696
-5963
-7151
-7081
-5393
-1145
5248
11460
14935
15018
13334
12309
13403
16449
20071
22471
22170
18766
13508
8963
7514
9592
13248
15661
15310
12885
10254
8710
8279
8407
8939
10207
12302
14475
15352
13846
10103
5763
3116
3457
5946
8236
8482
6594
3381
-1030
-7082
-14015
-19315
-20916
-19551
-17834
-17009
-15884
-13602
-11993
-13383
-16376
-16095
-9836
-1121
3648
2195
-1864
-4504
-6321
-10411
-16554
-20324
-18665
-14205
-12226
-14313
-17135
-17500
-16361
-16394
-17156
-15144
-8944
-2188
153
-2429
-5553
-5258
-2108
700
1906
3136
5547
7399
6068
1550
-3315
-5991
-6464
-6090
-5430
-4214
-2859
-2672
-4147
-5903
-5951
-3683
-124
3437
6314
8067
8235
6927
5091
3481
1619
-1397
-4980
-6873
-5485
-2024
515
432
-1261
-2561
-2714
-2087
-542
2680
7082
10099
9417
5893
3021
3064
4591
4657
2858
1934
4134
8189
10846
10816
9895
10162
11423
12303
12851
14481
17247
18771
17008
13331
11465
13176
16203
17112
15290
13039
12043
11280
9052
6012
4754
6490
9377
10713
9972
8722
8053
7399
6250
5712
7115
9423
9516
5690
44
-3618
-4028
-3643
-5458
-9624
-13879
-16632
-18339
-19734
-20011
-17850
-13827
-10543
-9932
-11256
-12409
-12639
-12869
-13365
-12448
-8619
-3486
-1134
-3956
-9757
-13785
-13371
-9896
-6431
-4590
-4255
-5338
-8203
-12119
-14614
-13611
-9969
-6889
-6507
-7750
-8026
-6406
-4268
-2969
-2010
-160
2274
3380
1999
-654
-2272
-1930
-654
283
778
1263
1403
348
-1726
-3195
-2640
-543
1281
1815
1759
2107
2512
1671
-867
-4030
-6426
-7556
-7399
-5500
-1536
3129
5539
3727
-963
-4776
-4881
-1405
3585
8140
10940
10768
7110
1701
-1727
-483
4315
8753
10015
8652
6926
5913
5132
4531
5364
8493
12654
15428
15804
14942
14326
14049
13552
13332
14695
17569
19573
18191
13691
9122
7250
8025
9318
9515
8688
7494
6066
4535
3895
5188
7745
9141
7589
4038
1194
593
1293
1558
883
-290
-2200
-5781
-10770
-14869
-15800
-13886
-11722
-11298
-12321
-13606
-15053
-17173
-19145
-18858
-15493
-11134
-8803
-9213
-10383
-10453
-9734
-9435
-9324
-7952
-5108
-2816
-3153
-5716
-8119
-8802
-8418
-8276
-8355
-7706
-6410
-5980
-7379
-9349
-9500
-6979
-3408
-980
-219
-63
230
162
-826
-1980
-1841
-123
1748
2262
1498
683
421
150
-523
-735
701
3551
6142
7237
7304
7520
7996
7652
5762
2948
415
-1216
-1900
-1513
-24
1641
1713
-773
-4634
-7310
-7054
-4210
-535
2231
3118
1979
-457
-2636
-2953
-953
2254
4968
6287
6536
6585
7034
8036
9543
11427
13371
14839
15315
14629
13113
11443
10279
9941
10313
10976
11349
10869
9297
7098
5367
5049
6064
7295
7540
6441
4506
2501
1060
694
1618
3323
4618
4502
3055
1283
90
-380
-469
-461
-530
-928
-1813
-2896
-3615
-3790
-3871
-4415
-5468
-6656
-7678
-8441
-8835
-8744
-8406
-8437
-9263
-10632
-11900
-12647
-12796
-12260
-10947
-9236
-8079
-8210
-9326
-10303
-10253
-9174
-7631
-6174
-5213
-5103
-5911
-7085
-7702
-7200
-5781
-4025
-2310
-697
783
1965
2672
2860
2676
2469
2679
3463
4348
4481
3398
1495
-358
-1561
-1988
-1682
-742
413
1079
901
355
263
861
1603
1929
1891
1880
1981
1941
1686
1528
1764
2297
2765
2905
2645
2059
1394
1091
1486
2433
3392
3906
3874
3384
2584
1836
1719
2489
3616
4194
3918
3347
3082
2981
2499
1608
930
944
1435
1926
2292
2663
2921
2783
2376
2350
3137
4324
5019
4757
3868
3001
2563
2585
2844
2939
2456
1312
-52
-995
-1207
-867
-329
167
508
637
599
519
428
195
-226
-599
-648
-454
-409
-760
-1389
-2112
-2923
-3766
-4259
-4036
-3313
-2757
-2710
-2814
-2611
-2217
-2040
-2028
-1655
-770
6
22
-522
-817
-468
120
420
410
331
120
-495
-1444
-2219
-2424
-2161
-1750
-1288
-685
8
559
820
839
708
485
287
269
401
403
73
-438
-869
-1254
-1872
-2758
-3513
-3728
-3440
-3018
-2727
-2604
-2641
-2835
-3005
-2843
-2269
-1615
-1273
-1261
-1298
-1217
-1065
-878
-594
-299
-253
-518
-737
-562
-207
-244
-831
-1446
-1522
-1089
-563
-108
440
1050
1335
1071
601
469
786
1233
1579
1888
2173
2169
1682
957
473
439
700
1069
1507
1946
2199
2178
2061
2025
1974
1729
1423
1444
1911
2463
2666
2469
2118
1775
1492
1434
1802
2429
2722
2242
1221
288
-215
-454
-691
-911
-1003
-1024
-1099
-1156
-1013
-726
-607
-834
-1188
-1286
-993
-506
-104
37
-137
-559
-1034
-1345
-1421
-1352
-1195
-932
-626
-491
-647
-908
-996
-906
-870
-938
-862
-516
-216
-369
-911
-1359
-1445
-1363
-1311
-1075
-380
516
949
620
-61
-512
-602
-539
-372
31
530
637
73
-805
-1336
-1246
-773
-220
352
928
1327
1387
1252
1273
1616
2107
2466
2574
2470
2247
2043
2024
2260
2607
2817
2758
2499
2190
1972
1951
2151
2421
2536
2463
2475
2851
3505
4028
4105
3763
3197
2540
1903
1473
1367
1392
1169
563
-145
-632
-919
-1266
-1755
-2184
-2370
-2371
-2334
-2300
-2274
-2376
-2714
-3139
-3313
-3100
-2728
-2508
-2496
-2534
-2537
-2569
-2686
-2870
-3155
-3657
-4360
-4988
-5240
-5123
-4914
-4822
-4831
-4864
-4949
-5091
-5113
-4814
-4224
-3615
-3194
-2937
-2747
-2628
-2595
-2507
-2161
-1553
-925
-496
-243
-6
290
596
892
1215
1559
1813
1889
1828
1756
1747
1782
1831
1886
1938
1948
1874
1712
1510
1384
1489
1887
2442
2872
2976
2771
2414
2036
1740
1679
2003
2641
3266
3551
3438
3100
2698
2316
2099
2275
2886
3601
3937
3714
3198
2803
2752
3048
3616
4322
4916
5128
4938
4626
4485
4513
4463
4172
3728
3317
2990
2660
2260
1817
1378
965
631
493
617
877
1007
839
462
118
-32
-35
-24
-70
-159
-297
-563
-1020
-1617
-2217
-2720
-3125
-3473
-3767
-4014
-4309
-4816
-5571
-6378
-6906
-6957
-6595
-6049
-5521
-5122
-4908
-4905
-5037
-5124
-5003
-4665
-4236
-3827
-3460
-3134
-2929
-2942
-3150
-3380
-3430
-3224
-2809
-2284
-1754
-1347
-1173
-1222
-1337
-1324
-1116
-785
-433
-92
234
504
670
779
959
1290
1716
2106
2401
2648
2884
3054
3072
2947
2786
2654
2487
2175
1725
1272
948
762
648
567
528
497
382
134
-157
-318
-257
-39
200
368
458
496
525
591
727
918
1119
1303
1474
1631
1753
1824
1859
1869
1831
1740
1665
1715
1929
2246
2571
2870
3141
3356
3464
3467
3427
3396
3380
3384
3427
3492
3469
3242
2827
2379
2049
1885
1845
1861
1834
1635
1216
706
333
193
163
50
-191
-447
-598
-640
-637
-646
-683
-761
-899
-1119
-1432
-1824
-2249
-2647
-2998
-3327
-3642
-3912
-4136
-4402
-4787
-5204
-5437
-5378
-5170
-5038
-5011
-4909
-4588
-4083
-3497
-2867
-2230
-1755
-1614
-1733
-1778
-1483
-911
-352
-16
73
-44
-335
-684
-862
-706
-309
57
191
90
-169
-535
-929
-1166
-1058
-597
20
554
897
1069
1120
1089
1024
992
1030
1113
1167
1129
988
791
604
454
322
200
140
208
367
465
392
204
55
13
11
-10
17
192
468
678
737
757
897
1160
1417
1598
1758
1939
2068
2065
1996
2035
2251
2534
2754
2925
3134
3378
3543
3582
3587
3673
3828
3946
3962
3898
3780
3577
3284
2993
2823
2778
2735
2569
2254
1838
1374
905
484
147
-120
-381
-679
-998
-1282
-1498
-1649
-1773
-1908
-2055
-2166
-2185
-2126
-2082
-2139
-2304
-2516
-2731
-2950
-3159
-3310
-3374
-3400
-3469
-3607
-3784
-3969
-4165
-4355
-4477
-4465
-4332
-4142
-3944
-3751
-3559
-3372
-3173
-2921
-2592
-2203
-1791
-1380
-982
-613
-287
-2
250
444
535
519
440
360
314
339
477
735
1033
1253
1346
1359
1372
1417
1495
1615
1774
1920
1984
1940
1834
1724
1637
1583
1579
1624
1674
1672
1603
1488
1335
1130
873
604
381
240
204
285
453
625
715
705
659
646
688
779
912
1068
1186
1208
1121
969
807
675
602
603
651
687
679
651
651
695
775
887
1025
1133
1136
1016
854
738
701
712
748
795
813
754
619
467
331
188
8
-172
-297
-383
-504
-670
-804
-838
-810
-798
-813
-794
-720
-651
-637
-658
-685
-760
-959
-1278
-1615
-1873
-2041
-2155
-2219
-2215
-2160
-2105
-2078
-2043
-1948
-1789
-1616
-1480
-1401
-1371
-1362
-1347
-1303
-1233
-1155
-1083
-1001
-893
-763
-626
-493
-353
-203
-75
-13
-40
-124
-203
-216
-131
52
291
521
675
728
707
668
650
663
699
737
755
734
677
612
560
532
533
593
738
952
1176
1351
1453
1481
1434
1317
1174
1063
1012
1015
1062
1157
1280
1372
1374
1295
1200
1145
1146
1188
1250
1297
1286
1197
1073
972
910
864
813
757
686
570
406
239
125
67
26
-18
-56
-97
-179
-320
-478
-591
-637
-634
-611
-592
-625
-747
-934
-1115
-1248
-1370
-1518
-1657
-1716
-1689
-1648
-1645
-1650
-1618
-1552
-1480
-1387
-1239
-1062
-918
-835
-768
-685
-632
-651
-698
-686
-595
-497
-452
-447
-448
-455
-476
-475
-406
-282
-161
-72
22
139
252
335
426
588
811
1022
1169
1251
1282
1259
1184
1090
1008
925
814
670
511
333
121
-110
-309
-438
-500
-512
-484
-426
-370
-345
-348
-362
-383
-409
-407
-333
-182
4
190
371
531
626
646
642
680
750
785
762
735
752
780
754
670
598
597
669
790
945
1119
1278
1393
1470
1528
1557
1524
1422
1285
1171
1112
1110
1138
1171
1191
1201
1200
1159
1054
885
696
518
348
166
-32
-235
-445
-678
-932
-1165
-1339
-1459
-1557
-1657
-1762
-1876
-2026
-2228
-2474
-2723
-2932
-3079
-3163
-3180
-3128
-3018
-2889
-2781
-2700
-2599
-2429
-2194
-1949
-1746
-1591
-1457
-1333
-1225
-1126
-1007
-837
-615
-359
-93
162
383
556
678
766
837
916
1011
1120
1222
1301
1364
1430
1513
1611
1729
1867
2016
2148
2243
2298
2309
2258
2158
2054
1996
1967
1907
1785
1640
1514
1396
1265
1144
1089
1099
1100
1029
898
752
600
426
243
98
10
-52
-120
-189
-245
-300
-375
-450
-490
-487
-478
-482
-479
-456
-438
-449
-466
-449
-402
-362
-340
-290
-180
-43
58
113
166
251
349
422
471
518
563
586
586
586
610
639
651
635
588
500
357
171
-22
-199
-367
-543
-731
-933
-1158
-1402
-1630
-1798
-1894
-1933
-1936
-1915
-1883
-1867
-1881
-1906
-1908
-1883
-1850
-1823
-1800
-1787
-1804
-1855
-1914
-1943
-1930
-1884
-1801
-1666
-1482
-1284
-1104
-951
-821
-718
-646
-586
-507
-409
-305
-202
-86
40
157
254
350
468
610
756
890
1011
1123
1237
1363
1514
1689
1866
2034
2192
2334
2431
2473
2484
2495
2497
2447
2320
2127
1894
1627
1340
1070
866
735
643
567
504
459
414
357
295
255
246
260
283
313
335
326
284
232
204
209
238
288
367
462
539
574
575
561
540
510
472
436
400
350
277
207
160
135
121
128
178
264
350
404
432
448
441
393
325
286
285
284
238
154
69
-11
-109
-224
-328
-411
-511
-672
-887
-1124
-1369
-1624
-1866
-2053
-2173
-2256
-2324
-2360
-2350
-2323
-2319
-2339
-2355
-2360
-2390
-2457
-2528
-2565
-2574
-2571
-2535
-2430
-2263
-2064
-1856
-1624
-1366
-1113
-888
-670
-439
-211
-27
112
239
368
473
547
624
743
897
1052
1195
1333
1461
1551
1589
1596
1600
1620
1654
1709
1783
1866
1943
2016
2094
2174
2242
2295
2341
2378
2388
2354
2283
2183
2055
1891
1702
1515
1342
1178
1014
861
734
631
539
444
349
251
130
-28
-217
-410
-581
-720
-830
-914
-965
-981
-970
-941
-900
-854
-808
-768
-735
-704
-679
-662
-651
-638
-626
-607
-563
-469
-328
-177
-52
51
159
273
361
405
414
400
361
291
216
168
149
132
108
91
82
61
14
-44
-112
-213
-359
-513
-617
-672
-733
-828
-922
-977
-1008
-1051
-1100
-1128
-1133
-1149
-1196
-1255
-1304
-1346
-1393
-1447
-1506
-1576
-1642
-1664
-1624
-1557
-1512
-1484
-1419
-1296
-1155
-1042
-952
-859
-758
-672
-588
-465
-292
-106
47
172
299
444
595
740
878
1004
1108
1194
1282
1369
1434
1468
1496
1551
1637
1730
1822
1925
2039
2148
2238
2314
2376
2414
2417
2393
2352
2296
2224
2141
2052
1952
1836
1711
1589
1463
1318
1153
987
828
656
474
305
171
54
-65
-188
-297
-383
-455
-516
-567
-620
-693
-785
-867
-925
-971
-1019
-1061
-1089
-1108
-1121
-1116
-1086
-1051
-1043
-1064
-1082
-1080
-1074
-1089
-1130
-1183
-1243
-1311
-1385
-1455
-1508
-1537
-1545
-1541
-1545
-1565
-1582
-1581
-1561
-1535
-1500
-1442
-1360
-1278
-1221
-1188
-1158
-1115
-1067
-1026
-998
-970
-936
-894
-848
-804
-765
-732
-698
-660
-614
-563
-511
-449
-362
-243
-113
5
107
212
336
462
569
657
747
852
969
1085
1203
1328
1461
1595
1718
1821
1900
1970
2048
2130
2190
2201
2169
2120
2065
1999
1922
1855
1815
1790
1753
1700
1654
1627
1611
1588
1558
1523
1485
1441
1403
1381
1362
1325
1267
1205
1152
1087
993
876
757
639
503
345
188
45
-90
-230
-370
-496
-611
-722
-828
-920
-996
-1069
-1147
-1232
-1317
-1399
-1469
-1525
-1572
-1618
-1659
-1682
-1673
-1634
-1578
-1524
-1489
-1469
-1443
-1393
-1335
-1304
-1309
-1320
-1310
-1287
-1280
-1288
-1297
-1303
-1311
-1316
-1308
-1290
-1273
-1249
-1198
-1124
-1058
-1014
-959
-866
-761
-688
-645
-583
-482
-371
-299
-272
-263
-246
-218
-193
-186
-200
-214
-200
-155
-108
-84
-70
-30
40
107
149
180
232
309
377
417
442
488
569
667
756
828
900
982
1073
1168
1256
1334
1402
1473
1556
1632
1673
1678
1685
1726
1782
1805
1779
1728
1676
1617
1541
1467
1415
1383
1349
1301
1261
1246
1253
1261
1249
1217
1181
1161
1152
1126
1060
972
894
834
769
678
569
462
360
252
140
33
-59
-142
-222
-312
-423
-546
-656
-737
-802
-887
-994
-1100
-1180
-1246
-1322
-1419
-1514
-1588
-1627
-1643
-1654
-1669
-1678
-1667
-1642
-1616
-1598
-1572
-1527
-1466
-1411
-1373
-1352
-1346
-1350
-1355
-1359
-1365
-1377
-1385
-1377
-1358
-1347
-1347
-1341
-1304
-1236
-1157
-1082
-1024
-973
-915
-837
-739
-642
-563
-505
-458
-415
-374
-339
-311
-283
-253
-216
-172
-117
-53
25
113
199
275
354
451
565
675
765
839
916
1001
1087
1160
1222
1281
1344
1407
1469
1526
1572
1603
1620
1641
1681
1730
1769
1791
1807
1827
1841
1829
1794
1753
1724
1706
1686
1652
1609
1561
1513
1460
1402
1348
1305
1275
1244
1204
1164
1135
1109
1067
1009
959
921
873
796
708
635
575
500
395
276
157
49
-44
-111
-165
-230
-315
-404
-483
-569
-677
-791
-891
-979
-1078
-1194
-1307
-1405
-1501
-1604
-1711
-1818
-1924
-2016
-2075
-2098
-2102
-2106
-2109
-2102
-2094
-2092
-2090
-2070
-2031
-1985
-1945
-1912
-1886
-1860
-1828
-1784
-1744
-1719
-1698
-1663
-1611
-1558
-1507
-1447
-1375
-1301
-1230
-1154
-1074
-1009
-964
-915
-845
-770
-717
-683
-641
-582
-525
-472
-402
-296
-167
-40
76
192
320
467
633
802
951
1077
1202
1344
1487
1601
1692
1784
1882
1960
2004
2034
2077
2130
2166
2179
2196
2247
2326
2399
2443
2466
2487
2513
2532
2537
2533
2528
2516
2482
2428
2365
2308
2259
2222
2192
2152
2079
1980
1886
1815
1750
1668
1569
1473
1387
1288
1156
1002
844
691
531
356
169
-18
-198
-370
-543
-721
-893
-1051
-1199
-1350
-1506
-1652
-1762
-1837
-1898
-1979
-2090
-2216
-2333
-2424
-2499
-2575
-2661
-2744
-2815
-2871
-2911
-2924
-2911
-2895
-2893
-2894
-2862
-2777
-2658
-2539
-2437
-2346
-2257
-2160
-2047
-1918
-1786
-1668
-1563
-1451
-1317
-1173
-1047
-950
-868
-780
-673
-553
-434
-331
-237
-141
-40
60
144
212
268
322
371
407
433
456
480
501
523
559
612
668
711
748
804
887
977
1057
1138
1238
1342
1421
1478
1544
1623
1678
1682
1669
1691
1744
1773
1743
1693
1675
1691
1693
1657
1614
1608
1633
1655
1658
1659
1678
1702
1703
1685
1674
1687
1706
1706
1690
1672
1651
1608
1541
1476
1439
1423
1405
1359
1281
1188
1097
1019
935
827
696
567
446
314
159
1
-139
-284
-468
-679
-868
-1005
-1120
-1260
-1421
-1566
-1669
-1737
-1791
-1848
-1921
-2003
-2069
-2099
-2100
-2108
-2140
-2188
-2231
-2268
-2291
-2288
-2250
-2201
-2175
-2170
-2147
-2078
-1977
-1886
-1828
-1785
-1723
-1631
-1533
-1446
-1359
-1246
-1115
-999
-912
-832
-736
-631
-541
-466
-380
-275
-174
-93
-24
53
135
214
288
360
416
449
471
494
509
500
472
453
453
451
430
401
389
401
425
458
504
554
593
624
660
709
753
778
801
848
919
986
1024
1042
1060
1092
1133
1180
1231
1282
1323
1350
1374
1405
1443
1485
1523
1552
1571
1580
1581
1577
1566
1546
1522
1498
1467
1419
1362
1312
1276
1241
1199
1158
1131
1101
1045
965
889
839
795
717
594
455
334
230
115
-37
-220
-397
-529
-620
-708
-835
-1000
-1166
-1293
-1372
-1422
-1463
-1505
-1551
-1607
-1670
-1724
-1750
-1735
-1698
-1674
-1686
-1717
-1720
-1665
-1577
-1517
-1508
-1512
-1472
-1377
-1273
-1208
-1180
-1154
-1110
-1064
-1033
-1007
-959
-877
-792
-742
-743
-764
-764
-712
-625
-543
-493
-464
-432
-388
-345
-306
-256
-189
-120
-80
-75
-82
-74
-46
-9
24
44
45
37
36
48
68
94
134
182
216
207
176
176
244
355
449
493
509
540
614
725
853
972
1060
1117
1171
1258
1396
1565
1720
1811
1824
1790
1770
1810
1895
1963
1952
1864
1761
1702
1692
1686
1649
1577
1483
1375
1263
1166
1101
1052
975
847
692
553
457
394
332
243
115
-38
-187
-308
-408
-506
-610
-706
-780
-837
-894
-959
-1029
-1100
-1173
-1240
-1297
-1349
-1406
-1467
-1516
-1551
-1595
-1668
-1741
-1756
-1692
-1604
-1556
-1538
-1481
-1359
-1229
-1159
-1124
-1039
-880
-721
-638
-610
-550
-423
-293
-228
-218
-188
-98
16
91
107
90
81
104
153
210
250
262
255
241
225
202
182
183
203
203
147
54
-16
-20
13
23
-15
-70
-97
-82
-46
-7
26
42
39
28
32
62
105
145
177
202
213
214
233
292
367
404
397
402
482
616
728
782
811
860
928
990
1057
1155
1262
1311
1268
1185
1142
1158
1185
1178
1133
1062
965
842
726
651
607
542
432
300
180
68
-60
-207
-345
-458
-551
-637
-719
-799
-883
-969
-1038
-1082
-1127
-1205
-1294
-1344
-1345
-1353
-1414
-1500
-1542
-1521
-1480
-1455
-1432
-1385
-1329
-1294
-1277
-1237
-1149
-1033
-926
-856
-820
-780
-692
-546
-396
-307
-278
-232
-111
51
180
263
351
459
550
607
676
797
918
961
941
960
1060
1166
1192
1165
1176
1245
1301
1280
1211
1153
1126
1111
1104
1110
1103
1040
921
799
724
696
689
672
614
487
311
169
121
131
91
-52
-241
-377
-428
-428
-414
-394
-389
-421
-473
-489
-442
-366
-310
-273
-226
-184
-193
-249
-274
-210
-97
-29
-34
-64
-83
-106
-143
-159
-116
-48
-28
-70
-114
-108
-67
-25
16
68
99
73
24
29
95
126
46
-86
-148
-101
-24
7
-2
-19
-70
-183
-302
-334
-275
-241
-322
-485
-625
-696
-721
-722
-697
-666
-666
-699
-709
-661
-598
-580
-595
-585
-533
-483
-448
-394
-309
-245
-233
-210
-92
81
157
63
-87
-119
-1
136
156
56
-73
-153
-164
-112
-2
140
268
336
334
300
306
407
578
713
736
688
691
797
921
946
874
829
902
1041
1109
1038
892
786
765
767
706
570
432
362
344
306
222
143
120
107
27
-99
-134
6
218
291
142
-88
-198
-132
-11
30
-31
-118
-176
-208
-248
-307
-374
-425
-452
-460
-469
-498
-541
-590
-657
-769
-904
-959
-853
-644
-509
-557
-691
-710
-544
-331
-228
-228
-204
-117
-60
-106
-200
-230
-182
-127
-99
-60
-2
14
-55
-152
-188
-154
-113
-103
-117
-170
-284
-400
-388
-201
31
137
107
78
139
246
339
432
540
595
539
438
409
454
462
396
348
379
391
282
112
20
4
-69
-235
-348
-302
-204
-214
-309
-323
-224
-147
-176
-191
-61
145
246
200
125
105
102
91
150
328
509
536
409
287
272
305
296
240
184
126
42
-30
-19
50
71
-3
-85
-46
138
378
555
598
489
292
146
174
373
594
684
606
443
301
247
292
382
426
350
172
-16
-149
-250
-379
-552
-716
-811
-826
-783
-714
-655
-640
-678
-724
-702
-574
-389
-249
-215
-261
-310
-314
-291
-278
-279
-263
-189
-68
18
-27
-214
-399
-404
-216
-35
-50
-214
-343
-395
-497
-664
-668
-347
77
226
88
30
234
407
277
117
427
1143
1578
1271
563
104
70
180
297
540
866
963
713
400
243
67
-261
-443
-199
157
172
100
490
881
-54
-2383
-3836
-2141
1773
4276
3165
113
-1772
-1720
-1287
-1197
-230
2177
3983
2713
-1030
-3817
-3276
-563
1418
1286
69
-499
243
1469
1590
-325
-3213
-4441
-2427
1259
3385
2704
938
-200
-1332
-3415
-4681
-2125
3690
7714
5857
21
-4141
-3807
-1304
91
281
1090
2613
2950
1196
-1224
-2553
-2613
-2074
-1008
767
2540
3056
1908
-209
-2438
-4084
-4146
-1827
1956
4557
4055
1303
-1232
-2251
-2278
-1859
-558
1728
3618
3521
1607
-482
-1681
-2284
-2603
-2020
-50
2323
3306
2155
-198
-2294
-3308
-3057
-1634
479
2302
2879
1981
142
-1797
-2995
-2800
-1165
1055
2614
2860
2076
869
-412
-1501
-1911
-1221
338
1907
2630
2144
635
-1254
-2587
-2655
-1543
-26
1179
1851
1891
1037
-629
-2166
-2413
-1220
392
1407
1696
1563
994
-108
-1223
-1488
-706
439
1284
1775
1957
1456
57
-1523
-2115
-1404
-223
522
719
635
218
-671
-1632
-1932
-1350
-382
422
900
984
495
-437
-1143
-1048
-375
201
497
872
1359
1352
485
-602
-898
-247
552
795
588
384
274
28
-411
-811
-946
-757
-292
265
563
343
-205
-600
-621
-485
-372
-103
477
1025
988
354
-264
-349
-38
221
273
286
355
358
199
-68
-374
-672
-817
-620
-167
116
-83
-581
-932
-976
-908
-873
-754
-469
-208
-195
-344
-355
-126
120
156
11
-90
21
328
642
689
345
-173
-424
-205
213
401
269
67
-44
-172
-398
-528
-361
-56
10
-248
-474
-324
104
418
399
203
121
279
579
834
917
827
657
502
390
333
380
533
646
517
160
-153
-195
-72
-66
-256
-436
-437
-349
-334
-365
-305
-168
-120
-201
-225
-16
323
523
455
242
95
113
260
438
540
510
388
274
229
228
227
211
162
36
-153
-276
-209
-10
105
5
-199
-294
-189
30
234
351
358
274
176
164
255
356
382
365
398
502
599
614
540
414
273
168
161
247
311
224
-35
-343
-552
-607
-550
-470
-445
-503
-605
-692
-731
-740
-741
-719
-647
-525
-392
-282
-224
-240
-312
-361
-289
-85
134
216
100
-143
-378
-487
-442
-308
-203
-204
-288
-388
-474
-553
-589
-500
-271
-25
90
56
-26
-72
-77
-37
94
313
504
537
417
257
131
27
-46
-19
110
209
146
-42
-203
-264
-306
-401
-463
-359
-101
129
149
-59
-340
-488
-394
-119
153
279
270
217
133
-48
-283
-362
-137
231
396
210
-111
-269
-227
-177
-221
-232
-66
209
376
320
134
-11
-31
54
193
358
529
660
687
563
335
152
177
434
779
1004
1010
839
596
386
296
375
581
774
830
734
572
420
299
218
213
301
424
481
422
284
131
3
-96
-150
-123
1
171
279
241
68
-133
-237
-187
-29
133
197
105
-116
-366
-533
-573
-522
-432
-331
-256
-296
-500
-760
-854
-666
-341
-139
-156
-248
-260
-216
-246
-348
-358
-167
116
275
231
100
27
15
-29
-131
-192
-94
152
388
433
233
-82
-312
-334
-170
68
286
439
489
385
129
-153
-275
-156
89
258
256
162
88
30
-98
-306
-476
-493
-376
-250
-189
-181
-214
-345
-597
-862
-946
-783
-500
-304
-279
-371
-487
-582
-638
-619
-511
-350
-212
-145
-145
-169
-179
-153
-91
-14
54
110
179
269
336
335
285
278
370
499
538
444
316
276
326
364
328
282
300
348
318
180
39
-7
22
48
63
124
226
253
123
-89
-237
-251
-178
-80
21
84
34
-142
-326
-386
-334
-290
-318
-351
-314
-247
-236
-282
-322
-336
-370
-412
-374
-210
-28
25
-56
-136
-113
-27
34
58
87
126
135
121
151
262
397
461
414
305
211
200
292
444
565
574
483
378
330
332
332
310
297
317
351
357
329
294
268
231
151
46
-14
31
154
237
179
-7
-199
-294
-292
-268
-262
-260
-246
-259
-327
-408
-421
-343
-241
-194
-205
-225
-220
-204
-187
-149
-79
-9
22
14
-3
-17
-35
-34
27
138
216
196
119
77
89
86
28
-19
19
121
193
191
159
135
99
29
-27
10
144
283
334
280
167
53
-16
-6
76
166
195
156
101
71
57
33
14
23
59
77
42
-37
-128
-200
-243
-259
-246
-207
-168
-180
-271
-400
-474
-431
-304
-183
-125
-116
-120
-128
-148
-154
-101
19
152
243
296
349
392
379
305
234
231
292
363
405
407
361
262
141
56
36
58
85
109
135
149
128
79
44
59
104
124
99
62
61
92
111
99
80
71
44
-38
-158
-246
-247
-184
-128
-126
-166
-217
-276
-361
-453
-495
-457
-369
-291
-242
-215
-219
-274
-359
-406
-372
-280
-173
-60
50
115
89
-5
-86
-97
-53
12
104
237
358
373
253
82
-24
-26
36
119
216
297
305
214
80
-12
-33
-14
11
52
113
164
161
103
28
-28
-49
-32
22
91
119
71
-28
-103
-114
-94
-93
-111
-105
-67
-44
-76
-136
-162
-137
-110
-119
-134
-102
-33
-7
-69
-157
-172
-94
9
65
63
22
-42
-90
-77
3
83
110
97
99
120
114
71
48
93
165
178
116
47
38
69
81
66
67
100
119
92
45
20
11
-7
-29
-30
-21
-30
-53
-59
-48
-67
-120
-142
-77
42
120
102
14
-84
-154
-180
-150
-61
44
101
76
1
-64
-91
-83
-48
11
76
112
101
62
22
-18
-54
-64
-31
34
89
104
80
27
-42
-97
-105
-55
17
50
21
-27
-35
0
23
-7
-58
-68
-22
23
17
-26
-52
-41
-30
-49
-75
-63
-17
12
-10
-54
-72
-53
-32
-28
-39
-57
-86
-111
-107
-77
-54
-57
-68
-61
-43
-39
-56
-69
-61
-41
-23
-12
-1
13
17
6
-2
23
66
88
70
44
39
45
36
21
22
40
55
58
57
49
25
-7
-28
-31
-25
-15
-2
6
1
-14
-25
-30
-24
-2
29
49
45
21
-18
-68
-109
-110
-67
-19
-4
-15
-28
-38
-61
-86
-80
-33
24
55
53
49
67
95
93
55
25
44
94
118
99
72
57
40
6
-17
-7
16
17
-6
-30
-46
-66
-90
-97
-76
-43
-23
-17
-10
4
5
-21
-56
-59
-21
23
38
28
11
-5
-27
-41
-27
7
23
4
-34
-61
-72
-77
-82
-76
-57
-38
-35
-50
-59
-47
-26
-16
-17
-9
14
39
55
66
78
83
75
61
52
52
52
46
39
38
49
57
51
30
12
-3
-28
-58
-65
-41
-15
-20
-45
-51
-28
-9
-7
-6
19
52
65
47
24
25
50
70
66
55
68
99
108
82
52
46
52
39
9
-14
-16
-8
-1
-2
-19
-46
-61
-56
-43
-42
-49
-46
-27
-9
-6
-13
-17
-7
12
26
26
28
46
70
68
45
31
47
73
80
72
68
63
44
20
17
33
45
40
29
34
50
58
44
17
6
24
50
55
40
29
36
43
37
31
33
29
4
-22
-21
1
10
-9
-36
-38
-13
16
28
20
10
7
5
-9
-29
-31
-10
16
25
29
38
46
38
25
29
53
73
74
63
51
43
35
31
31
39
53
68
74
67
52
39
23
5
-6
-5
-5
-15
-27
-26
-17
-13
-20
-23
-15
-3
-2
-13
-26
-28
-17
-17
-44
-80
-85
-47
-8
-7
-38
-59
-47
-22
-16
-36
-58
-64
-60
-63
-66
-55
-34
-28
-48
-64
-47
-10
9
-4
-22
-28
-26
-29
-29
-12
15
36
40
31
21
21
23
18
13
26
57
84
78
50
25
14
15
23
38
59
75
78
59
18
-23
-36
-17
4
-2
-23
-32
-26
-21
-28
-40
-52
-59
-49
-19
13
22
2
-27
-48
-52
-37
-8
15
20
12
6
4
4
1
-3
-8
-7
2
9
6
-4
-7
-5
-8
-17
-18
-11
-10
-25
-46
-59
-60
-43
-9
19
18
0
-1
25
46
37
18
11
12
6
-7
-17
-27
-36
-38
-35
-35
-36
-33
-33
-45
-66
-82
-86
-96
-110
-112
-100
-95
-108
-124
-124
-109
-96
-89
-88
-85
-69
-40
-16
-16
-32
-45
-51
-57
-51
-22
17
35
33
35
47
49
30
1
-18
-21
-10
12
35
40
24
6
1
15
41
64
71
57
37
30
42
62
76
80
79
84
96
105
99
80
59
37
20
20
36
42
22
-8
-14
1
5
-12
-27
-24
-10
2
9
7
-6
-15
-11
-2
-8
-24
-29
-20
-10
5
34
64
68
52
44
60
83
90
79
57
36
26
30
35
32
27
28
37
56
86
109
102
63
36
48
84
106
104
82
49
19
13
38
64
59
29
0
-13
-16
-13
-14
-27
-43
-48
-33
-15
-11
-22
-41
-60
-73
-71
-63
-63
-74
-81
-78
-67
-56
-45
-40
-47
-54
-47
-30
-20
-30
-52
-70
-71
-43
1
18
-14
-64
-83
-71
-70
-89
-96
-75
-44
-22
-12
-20
-51
-89
-98
-68
-32
-25
-31
-21
2
5
-15
-34
-26
-3
5
-15
-37
-34
-4
22
13
-29
-63
-52
-4
35
34
9
-1
15
22
-9
-64
-90
-57
7
52
59
55
67
85
78
50
35
54
79
77
51
24
1
-15
-8
27
62
63
38
25
38
54
54
52
59
73
78
66
39
12
2
10
20
16
6
-1
-11
-31
-56
-66
-53
-24
2
0
-29
-58
-54
-28
-22
-43
-61
-54
-44
-58
-84
-91
-76
-58
-52
-55
-55
-46
-38
-50
-77
-92
-67
-21
3
-12
-47
-70
-65
-31
10
29
20
5
9
18
9
-11
-25
-33
-44
-38
-7
25
26
7
2
16
25
26
39
66
78
57
21
-7
-18
-16
-5
-1
-13
-34
-39
-30
-23
-25
-23
-9
8
20
24
20
11
-1
-5
1
10
15
11
3
-1
1
10
18
26
35
40
35
24
15
13
14
12
7
1
-1
2
12
21
20
8
-6
-10
-1
13
21
20
16
23
36
46
45
33
15
-2
-6
7
24
26
11
-1
3
21
31
27
16
16
27
34
23
3
-4
8
17
-1
-36
-60
-53
-33
-17
-10
-5
-9
-26
-47
-55
-46
-32
-27
-29
-31
-30
-30
-30
-22
-13
-14
-28
-38
-42
-42
-44
-38
-30
-28
-26
-3
31
38
1
-38
-36
-2
23
25
25
33
37
35
37
42
36
19
13
32
62
77
68
53
49
62
78
83
71
51
36
30
34
40
36
22
14
23
34
30
15
13
25
33
26
20
33
58
75
71
54
36
35
50
62
58
48
52
68
71
51
30
33
52
63
49
30
24
32
38
44
51
52
29
-11
-43
-50
-44
-38
-28
-13
-2
-1
4
15
18
-4
-32
-34
-21
-21
-43
-56
-45
-32
-38
-50
-47
-33
-23
-25
-28
-28
-36
-61
-90
-100
-88
-74
-77
-84
-77
-56
-35
-25
-21
-21
-27
-31
-24
-15
-16
-29
-40
-53
-76
-105
-112
-89
-54
-28
-14
-4
4
7
5
1
-5
-5
2
6
2
-4
-12
-25
-38
-35
-17
-7
-24
-46
-34
6
30
19
0
2
19
25
10
-10
-18
-8
11
28
27
11
-12
-32
-43
-36
-13
8
13
4
-8
-18
-29
-39
-32
-13
-3
-11
-17
-3
31
58
68
66
62
59
55
47
41
36
35
38
38
27
11
3
7
8
-2
-6
11
37
42
27
16
28
47
46
26
4
-10
-20
-28
-27
-18
-13
-21
-38
-56
-72
-81
-77
-64
-62
-79
-99
-103
-98
-100
-102
-85
-60
-51
-65
-71
-55
-39
-41
-48
-42
-25
-14
-7
-2
-7
-30
-54
-57
-38
-19
-15
-31
-59
-80
-76
-54
-38
-37
-32
-14
1
4
6
13
8
-13
-29
-23
1
28
55
73
67
43
30
40
50
41
27
31
38
25
-1
-14
-6
9
25
41
57
65
62
51
43
43
49
49
33
18
21
34
33
18
11
15
10
-10
-18
3
32
35
13
-12
-16
0
24
41
45
42
49
61
72
76
77
81
87
92
92
91
95
104
112
109
100
90
83
75
72
76
78
68
53
46
47
42
28
22
28
36
40
43
43
29
10
9
23
30
24
22
29
25
5
-4
13
28
18
0
1
14
17
11
8
4
-8
-21
-16
-3
-2
-15
-21
-15
-10
-13
-8
7
21
30
38
45
40
23
10
17
33
43
40
31
22
16
20
37
59
71
62
45
37
48
63
65
51
32
24
23
17
1
-18
-31
-39
-47
-50
-46
-41
-44
-55
-61
-52
-36
-28
-36
-51
-64
-69
-57
-38
-27
-31
-34
-26
-15
-28
-61
-78
-63
-44
-47
-60
-58
-45
-43
-54
-63
-65
-69
-70
-57
-38
-35
-53
-68
-62
-49
-54
-72
-77
-50
-5
16
-7
-55
-84
-76
-55
-52
-67
-78
-70
-56
-52
-70
-98
-113
-96
-63
-50
-70
-84
-63
-21
0
-14
-41
-56
-57
-51
-50
-58
-69
-60
-31
-6
-13
-37
-49
-37
-21
-15
-16
-21
-25
-25
-24
-35
-60
-75
-49
