20
25
43
44
22
5
14
31
27
1
-14
-3
11
3
-21
-28
-9
9
-6
-45
-67
-49
-15
-3
-19
-41
-60
-84
-107
-110
-84
-59
-66
-91
-103
-92
-80
-84
-100
-109
-110
-104
-87
-67
-51
-42
-35
-31
-31
-37
-35
-23
-12
-24
-56
-81
-77
-56
-47
-59
-70
-61
-43
-25
-4
12
1
-39
-65
-44
0
23
12
-6
-13
-12
-3
16
31
25
0
-23
-24
-10
6
9
-2
-10
-1
18
22
7
-6
-6
-3
5
22
40
32
6
-3
19
42
39
26
21
16
-3
-19
-10
11
14
-1
-7
2
16
14
-5
-23
-21
-6
2
-7
-21
-25
-24
-28
-29
-19
-5
-2
-3
1
7
9
14
24
27
15
6
6
2
-10
-9
15
39
34
18
21
38
49
49
49
45
36
33
46
56
51
40
33
24
14
17
37
47
34
14
6
5
-4
-11
-8
-3
-1
0
10
16
16
15
16
12
7
9
19
18
1
-18
-23
-15
-4
3
0
-9
-19
-23
-23
-24
-21
-13
-11
-21
-34
-44
-57
-73
-74
-55
-35
-33
-36
-32
-28
-29
-26
-10
5
2
-7
-9
-3
-1
-1
2
3
-2
4
24
39
29
4
-13
-15
-11
-8
-8
-8
-9
-5
9
22
25
23
24
31
33
32
37
42
31
13
13
41
74
86
76
64
64
67
64
56
47
37
30
34
54
74
76
58
43
59
98
129
122
75
29
21
54
85
72
25
-11
-8
16
33
33
25
14
0
-12
-8
6
14
17
27
39
34
15
4
13
13
-14
-48
-47
-15
6
-10
-53
-95
-112
-92
-51
-28
-50
-84
-75
-27
4
-10
-31
-22
1
-5
-43
-73
-70
-41
-13
-1
1
0
-3
-11
-34
-60
-72
-67
-55
-49
-57
-65
-55
-21
12
15
-8
-22
-5
21
31
30
31
31
26
21
26
28
13
-14
-30
-29
-15
5
15
-3
-41
-64
-55
-29
-10
-1
1
-6
-21
-27
-15
-3
-8
-22
-35
-44
-54
-62
-60
-50
-39
-30
-30
-35
-26
6
32
14
-32
-55
-35
-7
-8
-34
-54
-57
-48
-33
-24
-29
-43
-46
-27
-2
5
-6
-14
-4
20
34
25
2
-3
19
42
41
29
33
55
72
68
56
49
45
40
32
26
26
32
43
46
35
19
10
10
15
24
36
38
21
-1
-10
0
13
21
27
32
35
35
36
34
27
20
18
14
-3
-22
-27
-19
-20
-36
-47
-31
0
23
27
21
18
22
32
43
49
46
41
38
42
43
40
38
45
59
61
39
9
-1
18
36
31
15
16
35
53
61
70
78
69
45
30
36
45
39
26
23
28
33
35
41
43
32
17
16
36
55
49
21
0
3
13
4
-15
-14
11
26
8
-15
-6
20
19
-18
-48
-43
-21
-12
-19
-25
-20
-12
-12
-22
-36
-35
-18
-2
-2
-8
-1
13
10
-20
-53
-65
-55
-35
-22
-26
-38
-43
-38
-31
-29
-22
-8
-4
-18
-32
-27
-17
-15
-14
1
18
17
0
-9
-6
-11
-33
-51
-46
-24
-5
6
8
6
-1
-10
-13
-9
-5
-12
-26
-33
-22
-6
4
10
15
19
11
5
15
30
33
29
34
43
38
23
26
44
48
28
10
10
9
-8
-21
-20
-19
-37
-54
-46
-33
-37
-47
-32
-2
8
-12
-33
-30
-10
1
-4
-16
-20
-12
-1
-3
-24
-46
-50
-40
-34
-38
-42
-39
-36
-43
-53
-51
-36
-26
-44
-84
-111
-105
-83
-68
-61
-42
-17
-6
-12
-18
-17
-17
-18
-18
-19
-18
-9
10
16
1
-11
7
34
29
5
4
30
34
4
-16
0
23
13
-15
-23
-9
2
1
0
-2
-12
-24
-24
-7
7
0
-23
-38
-26
3
16
-1
-20
-18
-8
-17
-34
-30
-8
5
-3
-9
3
16
15
4
-11
-28
-38
-35
-21
-13
-16
-23
-27
-31
-31
-18
0
8
-2
-23
-32
-19
9
31
30
17
6
1
-1
6
31
57
56
37
30
44
51
37
27
44
65
65
52
48
52
44
23
5
-6
-12
-6
19
49
61
50
28
10
4
12
21
12
-8
-14
9
34
22
-23
-62
-63
-37
-11
6
19
29
31
29
35
49
49
24
-6
-16
-9
-2
-4
1
18
29
26
20
24
26
14
2
10
29
32
23
30
55
68
51
31
41
74
97
92
66
41
33
41
50
39
12
-2
9
27
31
26
32
43
42
35
38
48
45
28
16
14
15
10
8
10
12
9
2
-2
-1
16
46
61
41
0
-22
-14
1
4
1
4
10
13
13
15
19
16
1
-21
-32
-11
25
38
17
-8
-9
7
13
7
-2
-14
-28
-36
-30
-22
-26
-36
-42
-44
-40
-20
4
5
-20
-38
-24
4
13
2
-11
-17
-18
-13
-3
-3
-15
-29
-33
-30
-29
-24
-13
-7
-11
-21
-26
-25
-14
8
25
20
-6
-28
-30
-21
-23
-41
-60
-60
-42
-21
-24
-46
-64
-63
-52
-40
-28
-21
-29
-46
-48
-25
1
11
16
29
33
14
-18
-31
-27
-28
-37
-47
-54
-65
-69
-49
-17
-4
-20
-50
-61
-44
-15
1
-2
-11
-16
-14
-7
3
9
0
-20
-29
-15
1
-10
-37
-53
-44
-31
-27
-36
-53
-69
-69
-50
-30
-30
-40
-30
-2
17
7
-11
-18
-16
-24
-34
-33
-17
0
14
27
32
13
-22
-38
-11
39
59
33
-5
-9
25
53
36
-7
-25
18
81
101
61
23
42
95
112
70
11
-14
-4
11
3
-28
-61
-67
-37
5
29
28
16
6
-8
-24
-32
-28
-15
-1
-2
-24
-53
-61
-40
-20
-25
-43
-50
-38
-18
1
9
-2
-24
-25
5
32
29
10
3
7
9
10
19
22
6
-15
-21
-12
0
11
22
25
19
19
41
65
68
48
22
5
4
18
40
56
55
45
40
47
65
82
82
61
40
42
56
63
52
38
26
14
5
3
6
0
-8
-3
19
37
42
36
22
3
-12
-12
1
9
5
0
-2
-10
-27
-38
-29
-7
2
-18
-46
-50
-21
18
39
34
17
3
2
13
16
1
-20
-14
18
36
14
-24
-32
-8
19
29
30
39
46
41
22
5
2
16
37
50
52
51
55
63
65
63
59
53
51
53
54
42
18
-2
-7
5
21
34
45
54
52
38
27
40
68
82
66
40
34
41
35
9
-16
-21
-13
-6
-2
-4
-13
-24
-34
-37
-31
-10
10
3
-34
-64
-62
-40
-35
-49
-58
-50
-33
-18
-11
-15
-29
-38
-34
-33
-47
-62
-60
-49
-49
-66
-89
-103
-103
-90
-78
-78
-83
-73
-46
-23
-18
-26
-35
-36
-19
9
16
-18
-52
-39
1
4
-34
-48
-3
50
58
31
12
7
2
3
22
44
50
44
36
30
25
28
42
58
62
54
41
26
12
1
-5
-4
0
4
-4
-23
-40
-36
-18
1
12
17
14
0
-15
-17
-9
-4
-7
-16
-32
-49
-54
-40
-23
-19
-19
-15
-10
-13
-20
-19
-7
-2
-6
-14
-19
-22
-31
-44
-46
-32
-8
8
11
8
10
17
21
24
24
18
6
-3
4
19
25
17
1
-8
-5
11
26
23
2
-15
-12
10
27
29
22
24
44
69
80
72
49
17
-19
-44
-50
-39
-30
-32
-38
-37
-30
-19
-5
12
19
12
1
-3
-4
-10
-22
-31
-37
-40
-34
-13
12
17
-5
-26
-15
15
26
4
-15
1
34
41
24
20
37
42
21
4
15
35
34
16
10
19
26
22
18
18
21
25
34
49
64
64
45
18
5
9
5
-22
-47
-36
0
21
14
1
1
2
-2
0
14
25
23
18
16
14
6
-5
-16
-29
-36
-28
-12
-5
-1
9
27
32
21
7
-2
-11
-22
-27
-22
-6
14
26
14
-16
-37
-33
-17
-8
-4
-3
-12
-31
-42
-29
-5
5
2
0
0
-7
-20
-24
-19
-16
-16
-2
25
43
35
12
-2
8
29
38
23
-4
-28
-39
-40
-36
-28
-17
-5
4
8
6
1
-4
-5
-8
-22
-40
-47
-34
-8
15
23
16
6
1
-2
-9
-22
-32
-32
-23
-9
6
14
12
9
14
26
32
23
14
15
25
34
38
37
27
11
-2
-2
10
22
20
12
9
15
17
3
-20
-37
-46
-47
-40
-15
15
29
13
-18
-38
-37
-25
-15
-13
-21
-35
-54
-67
-68
-58
-48
-43
-44
-44
-43
-41
-37
-27
-14
1
15
23
15
-11
-34
-34
-20
-15
-26
-35
-27
-14
-15
-28
-38
-37
-34
-34
-31
-17
8
29
32
15
-8
-21
-16
-4
-3
-25
-58
-71
-46
-4
16
5
-13
-14
-11
-13
-17
-11
-13
-39
-77
-90
-78
-64
-65
-69
-57
-35
-18
-19
-28
-35
-33
-22
-14
-13
-17
-20
-17
-10
-11
-26
-47
-52
-30
2
14
0
-11
4
34
49
37
22
25
47
64
63
52
51
66
79
66
33
5
2
18
36
44
42
30
17
12
18
29
28
17
11
18
34
41
36
34
41
50
47
34
28
34
37
27
18
25
37
29
0
-20
-5
33
59
55
35
22
18
15
8
2
-5
-13
-17
-10
4
9
-5
-22
-21
-5
3
-3
-1
22
48
40
-7
-51
-50
-20
-7
-35
-69
-62
-15
26
26
0
-14
-2
17
23
18
16
23
31
31
20
4
-4
7
43
80
93
79
58
50
49
39
26
36
71
96
71
12
-24
-5
44
76
75
56
47
46
45
38
29
23
21
23
32
43
39
15
-17
-30
-19
2
14
7
-11
-31
-44
-40
-19
6
17
9
-9
-19
-19
-10
-2
0
-5
-17
-34
-49
-50
-31
-10
-10
-29
-43
-31
-1
12
-13
-58
-86
-73
-32
-2
-10
-49
-83
-80
-43
-4
4
-17
-30
-7
38
59
34
-1
2
36
51
28
-3
-4
18
26
6
-18
-21
-2
24
33
16
-18
-38
-21
23
56
47
10
-18
-14
0
-6
-28
-35
-10
23
32
16
-7
-23
-34
-41
-40
-36
-37
-46
-51
-46
-36
-30
-29
-28
-26
-25
-22
-20
-19
-21
-22
-22
-20
-19
-14
-9
-12
-29
-53
-69
-64
-42
-19
-12
-22
-40
-47
-38
-24
-11
-5
-3
-2
1
13
26
29
20
9
0
-8
-22
-29
-17
0
0
-21
-40
-35
-22
-24
-43
-60
-57
-42
-26
-21
-26
-38
-46
-35
-8
11
9
-3
-4
-1
-3
-12
-19
-21
-25
-27
-22
-12
-7
-10
-19
-32
-46
-53
-48
-35
-28
-33
-41
-45
-42
-32
-19
-13
-17
-26
-34
-39
-42
-31
-9
6
-14
-51
-67
-46
-15
0
6
16
28
30
21
11
1
-8
-9
6
25
26
9
-7
-4
13
22
13
6
19
47
62
57
50
61
83
94
85
67
49
40
46
67
86
86
73
65
64
58
44
39
49
67
75
72
65
53
38
27
28
37
34
14
-12
-16
7
36
43
23
-3
-21
-34
-42
-33
-11
2
-10
-33
-37
-22
-10
-8
-10
-11
-12
-4
20
41
28
-10
-35
-34
-29
-39
-50
-43
-24
-10
-6
-6
-4
0
7
8
-8
-31
-34
-3
35
42
14
-11
-2
28
45
35
22
33
65
85
72
39
21
25
28
15
-1
-6
-7
-18
-31
-27
-3
14
12
10
23
38
33
23
31
61
79
66
42
31
29
22
13
15
21
19
9
10
26
43
50
54
57
55
44
34
34
44
56
65
62
48
36
33
32
17
-3
-6
5
7
-7
-22
-15
4
16
14
7
0
-5
-13
-20
-20
-9
4
4
-17
-45
-57
-47
-29
-14
-1
10
14
5
-11
-21
-12
11
24
11
-19
-34
-19
4
7
-9
-26
-33
-30
-9
26
54
52
31
18
19
13
-3
-12
-8
-4
-9
-5
13
34
41
35
25
9
-13
-23
-17
-6
-12
-33
-52
-57
-47
-30
-15
-8
-5
1
6
5
-7
-22
-35
-39
-36
-34
-52
-85
-108
-96
-66
-53
-67
-83
-82
-70
-60
-51
-39
-27
-21
-22
-32
-45
-58
-66
-69
-73
-76
-78
-73
-59
-36
-19
-27
-56
-74
-54
-20
-12
-34
-51
-46
-32
-29
-33
-29
-16
-6
-3
-4
-5
-2
8
10
-10
-40
-52
-30
2
13
2
-10
-11
-8
-9
-14
-19
-16
-4
10
17
14
12
16
20
14
9
22
51
68
57
32
22
30
33
16
-7
-19
-17
-11
-8
-8
-15
-25
-25
-20
-29
-59
-86
-84
-63
-44
-41
-41
-39
-42
-52
-51
-35
-11
4
3
-10
-22
-21
-6
5
1
-5
-5
-3
-8
-14
-16
-20
-31
-39
-29
-12
0
6
14
17
15
23
54
81
75
46
36
52
65
59
53
55
53
40
34
45
51
40
27
38
60
64
38
8
3
26
54
70
73
69
59
39
13
-1
5
19
22
15
10
15
25
35
36
20
-2
-12
5
42
73
72
41
2
-18
-9
8
16
22
44
71
73
38
-2
-14
-3
9
5
-10
-24
-23
5
42
60
51
39
48
63
60
41
26
13
-8
-24
-18
-4
-7
-16
5
51
69
32
-15
-20
6
8
-29
-63
-51
-4
34
31
1
-23
-18
2
11
2
-6
1
6
-15
-51
-73
-65
-38
-5
25
42
35
18
8
7
-3
-24
-23
13
48
33
-21
-60
-50
-21
-15
-33
-46
-40
-25
-10
5
16
13
1
-7
-10
-22
-43
-55
-51
-42
-40
-42
-40
-41
-46
-48
-47
-51
-57
-55
-44
-44
-58
-66
-43
1
30
24
-5
-35
-46
-36
-15
6
15
13
1
-5
6
33
49
33
6
0
19
35
38
30
14
-12
-28
-16
7
1
-31
-39
0
47
57
31
3
-5
4
18
25
18
9
18
34
29
0
-22
-15
1
-8
-35
-53
-52
-39
-29
-29
-44
-60
-50
-9
30
36
18
15
37
60
55
23
-12
-22
-8
9
6
-5
0
27
45
32
5
-6
2
7
4
-2
-4
-6
-1
23
47
46
24
18
42
64
51
17
1
19
44
49
33
17
11
8
3
-2
4
14
17
8
-9
-19
-20
-19
-19
-17
-15
-19
-30
-37
-32
-13
10
28
28
10
-11
-20
-21
-34
-52
-52
-20
15
21
0
-18
-16
6
27
33
24
17
21
32
28
8
-13
-15
-6
-5
-15
-21
-12
10
30
35
24
12
6
7
1
-16
-30
-22
2
18
15
5
3
8
9
6
11
20
22
10
-9
-33
-54
-63
-49
-25
-11
-13
-16
-9
2
9
14
22
28
23
0
-32
-57
-60
-43
-27
-26
-28
-19
-9
-20
-42
-53
-47
-41
-41
-35
-22
-14
-15
-13
-6
-7
-15
-16
0
21
31
30
21
10
6
16
35
46
45
35
27
25
34
39
25
2
-3
16
28
9
-14
-8
19
36
38
37
40
40
39
36
27
17
19
33
39
28
20
24
30
20
9
7
9
12
24
49
72
78
76
75
72
64
58
48
23
-1
-2
12
14
6
16
38
29
-22
-68
-62
-24
-2
-5
-12
-2
9
8
-6
-24
-37
-38
-27
-13
-2
-6
-21
-39
-38
-20
-7
-19
-43
-57
-55
-43
-30
-23
-24
-26
-16
-3
-5
-18
-22
-12
-6
-13
-10
12
32
24
1
-7
1
6
-2
-12
-8
11
30
34
23
10
0
-20
-40
-33
1
25
8
-24
-30
-10
-2
-21
-43
-47
-35
-17
3
14
10
-1
-9
-16
-33
-51
-53
-46
-48
-59
-59
-47
-48
-70
-92
-92
-71
-52
-44
-34
-18
-10
-23
-43
-48
-31
-10
1
0
-4
-10
-12
4
28
35
12
-16
-22
-8
4
8
14
19
10
-7
-12
9
43
66
63
51
58
86
105
92
66
64
87
100
88
75
82
97
93
67
44
41
54
57
37
11
12
43
71
72
59
50
37
8
-19
-22
-3
13
16
8
-3
-11
-8
2
1
-9
-13
-8
-13
-37
-57
-57
-52
-48
-32
-3
12
-5
-28
-29
-15
-7
-6
-6
-13
-30
-31
-10
9
-1
-25
-35
-33
-39
-50
-44
-21
-6
-12
-26
-25
-11
3
5
-5
-20
-29
-33
-28
-11
10
17
8
-2
1
12
17
12
8
11
22
29
20
-6
-28
-25
-5
15
26
32
29
17
4
6
6
-15
-39
-29
3
13
1
5
33
43
21
3
14
25
6
-19
-22
-13
-13
-16
-7
1
-3
-7
-1
0
-17
-27
-8
19
24
9
-5
-8
-11
-12
-3
9
12
5
-4
-11
-16
-13
-5
-5
-13
-25
-30
-29
-18
3
20
12
-12
-21
-3
18
20
10
4
6
12
28
56
76
69
43
26
27
37
35
17
-13
-35
-33
-7
15
9
-21
-49
-54
-37
-11
8
8
-3
-6
5
10
-5
-26
-32
-23
-16
-10
5
17
5
-15
-7
27
36
-3
-49
-54
-26
-3
5
3
-9
-25
-28
-23
-36
-66
-69
-32
-3
-17
-46
-55
-62
-82
-77
-29
14
-2
-45
-44
-10
-7
-38
-46
-10
25
24
-6
-43
-70
-63
-18
23
11
-31
-40
-6
13
-5
-21
-4
19
4
-48
-97
-109
-80
-38
-19
-26
-28
-4
25
21
-13
-43
-39
-5
30
33
0
-33
-30
2
18
3
-20
-29
-26
-17
-5
0
-13
-21
1
34
32
-5
-30
-20
2
19
36
43
20
-16
-21
9
29
14
-6
-17
-30
-49
-47
-28
-20
-32
-30
-12
-7
-24
-31
-13
3
4
2
0
-11
-14
20
61
54
0
-33
-10
28
38
35
40
36
15
13
41
51
12
-32
-19
33
58
35
3
-1
9
11
3
0
12
40
62
58
21
-13
-5
39
64
38
5
13
51
65
44
26
31
36
19
0
2
11
11
16
35
44
26
4
3
9
0
-6
9
27
16
-11
-15
-3
-2
-9
-3
9
3
-13
-7
16
26
15
9
14
10
1
11
32
30
5
0
33
73
83
66
42
20
4
6
17
17
5
6
23
28
3
-26
-32
-26
-28
-38
-41
-36
-32
-32
-31
-33
-44
-61
-72
-73
-68
-65
-64
-57
-37
-12
-2
-12
-22
-13
5
-2
-35
-64
-64
-44
-36
-41
-45
-41
-41
-50
-58
-54
-43
-39
-48
-59
-49
-23
-12
-28
-52
-56
-50
-59
-64
-35
12
22
-9
-25
-8
-1
-29
-49
-24
21
43
47
61
73
63
31
13
21
41
53
59
71
86
88
69
47
44
54
53
39
41
73
104
107
96
94
96
78
61
71
89
76
40
43
81
89
49
21
31
34
7
-15
-15
-24
-37
-20
12
8
-11
3
23
-12
-62
-54
-16
-23
-52
-41
-31
-67
-88
-41
-9
-47
-59
14
44
-38
-93
-18
60
20
-43
-27
-8
-40
-33
40
51
-27
-49
14
27
-30
-22
50
25
-78
-82
8
24
-33
-16
40
-2
-74
-19
74
39
-36
16
96
30
-67
-11
82
22
-83
-48
34
7
-42
2
40
-18
-48
12
15
-86
-107
-5
18
-86
-100
22
57
-37
-41
75
82
-44
-81
-2
-8
-93
-72
16
-21
-107
-48
44
-44
-171
-84
79
46
-82
-50
51
3
-85
-25
54
-21
-90
7
98
23
-43
42
113
74
86
175
123
-48
-43
136
160
-1
-33
93
88
-38
9
185
172
15
23
139
91
-11
79
176
20
-128
45
240
82
-148
-42
160
89
-30
102
199
-20
-205
-55
91
-29
-61
180
225
-115
-261
72
294
40
-169
26
157
-97
-285
-119
8
-104
-78
130
68
-210
-126
246
215
-175
-159
266
289
-172
-307
67
243
0
-108
83
138
4
36
192
197
208
356
229
-279
-426
99
408
-39
-399
-45
212
-269
-651
-217
273
79
-190
32
150
-195
-327
-59
-220
-800
-611
406
713
-176
-788
-260
413
451
433
696
621
79
-262
-262
-284
-111
412
438
-398
-758
201
980
288
-500
119
915
310
-622
-363
156
-314
-745
-122
263
-532
-955
-20
529
-357
-757
520
1421
369
-941
-766
26
414
837
975
-261
-1647
-744
1444
1606
-74
-445
488
-100
-1711
-1101
1146
1256
-717
-1142
295
625
-223
19
505
-724
-1351
1167
2941
-602
-5307
-3982
1280
2560
-562
-1703
210
362
-1619
-1299
1349
2089
812
695
794
-1444
-2909
322
3926
1508
-3358
-2420
2710
3330
-1007
-2239
1677
3937
1318
-1308
-376
1551
1770
834
-539
-1854
-1066
1929
2627
-1273
-4230
-1075
3604
2499
-2259
-3121
210
1676
-110
-1075
-160
-71
-949
-812
-528
-1608
-1739
894
2408
-569
-3679
-1615
2238
1560
-1662
-1045
2434
2455
-1222
-2849
-734
1378
1687
1445
419
-1794
-2305
605
2846
899
-1484
63
2308
678
-1780
-322
2170
871
-1564
-549
1242
-285
-1822
505
2294
-842
-3505
-41
3946
1428
-2751
-1024
2652
992
-2338
-497
2631
456
-2694
-305
2728
-237
-3609
-262
3734
630
-3331
-18
4047
274
-4483
-905
4234
1085
-3979
-1277
2782
-898
-4812
210
4925
-1177
-7407
-614
8300
2798
-8149
-5461
5585
5732
-3252
-3995
3352
3216
-4700
-5316
3206
6749
810
-4010
-2124
918
1842
2644
2219
-926
-1944
1997
3796
-1127
-4271
1059
5806
726
-5921
-2484
5132
3919
-3712
-5110
1224
5103
1759
-3197
-3760
28
3608
1991
-4001
-5965
686
6734
1751
-7401
-6036
3643
5881
-1727
-5090
1039
5083
253
-4711
-2214
2722
3343
661
-1903
-2902
-881
2965
2697
-2773
-4332
2508
6840
-88
-7475
-2066
7831
5455
-5561
-7286
2450
7705
1116
-6339
-4394
2630
4783
-17
-4725
-2186
4985
5748
-3257
-8795
126
11350
6074
-8903
-9800
4632
10520
-625
-8676
-998
7125
1651
-6442
-2811
5834
5663
-1765
-5485
-2160
3160
4762
207
-5902
-4054
5154
6627
-5291
-12077
135
12987
4141
-12472
-8484
9217
9870
-7141
-11814
3399
12045
927
-9929
-4710
4607
4090
-990
-2106
-1241
-354
2834
4402
-1259
-6502
-459
8844
5364
-5775
-5708
4679
6501
-2888
-6091
2002
6173
-299
-4861
-216
3739
134
-3146
88
3461
1218
-2084
-1588
73
-2
-24
732
-94
-2125
-1972
277
1046
-266
-847
55
422
-432
-975
-46
1705
2049
-653
-3739
-1969
3546
4130
-2608
-6075
492
6459
968
-6664
-2214
7118
4365
-6175
-5685
5059
6706
-3449
-6726
2425
6614
-2040
-7804
-595
6541
2230
-4157
-2066
2201
720
-1288
1224
2234
-1391
-1847
3269
3939
-2929
-5443
1557
5789
-73
-4665
547
5263
238
-5215
-1201
4421
1889
-2272
519
3605
-997
-5620
-1245
4492
1261
-4443
-1814
3725
1146
-5147
-3767
2594
3049
-1481
-1884
1424
1107
-1870
-1320
844
-874
-2935
747
5083
1537
-5384
-4629
2414
4691
358
-1940
869
2818
1104
-491
-311
-533
-663
1365
3035
841
-2204
-1285
1062
-316
-2676
92
5107
3902
-2849
-5290
-67
4527
1946
-3075
-2989
1263
2949
-172
-3535
-2789
704
2375
603
-1526
-771
1656
1939
-589
-2273
-543
2077
1587
-1385
-2292
318
2158
-180
-3211
-1663
2540
2816
-1036
-2215
1179
2625
-869
-2965
161
2221
-1171
-3246
1216
4326
-1332
-7373
-2826
5839
4951
-2808
-3755
2425
3414
-2524
-4009
1959
4932
436
-2930
-161
2086
-641
-2557
608
3660
1787
-1347
-960
1165
1214
-385
-1064
-221
1132
1828
935
-1079
-2189
-1523
-405
402
1435
1776
-271
-3061
-2921
-75
1718
1207
130
-1068
-2347
-1379
2052
2768
-1667
-4762
-1213
3335
2051
-1198
-490
445
-2580
-3181
3301
7118
6
-7259
-1815
7503
4458
-5837
-5773
3948
6603
-1031
-5054
96
4013
302
-3793
-1375
3807
4602
-171
-5118
-3680
3654
6891
-475
-8555
-4045
6859
6662
-3962
-7276
491
4353
-588
-2177
2687
2391
-3918
-3188
4381
3913
-4283
-3991
4395
3492
-5775
-4108
7295
6121
-7832
-9329
5451
10579
-2047
-8889
573
6780
-320
-4685
993
2463
-3657
-2556
5569
3344
-7105
-5274
6443
5097
-7128
-5267
8680
7372
-8097
-8054
8231
9371
-7748
-10716
6545
11830
-3973
-10561
2922
8892
-3257
-7759
4750
8891
-3744
-7455
5555
8635
-6061
-10478
4554
10317
-4111
-10191
4297
10666
-5049
-13819
1648
13729
1567
-11028
-1741
9679
1235
-10225
-3109
8382
3195
-7189
-2918
6629
2831
-6605
-3891
5302
4314
-3383
-2979
3661
3620
-2579
-4006
123
1683
-159
149
1999
524
-2663
-1957
1808
2745
-216
-2247
-552
2069
1832
-914
-2382
-681
1187
-24
-1862
74
3501
2097
-3052
-3940
826
3347
171
-2262
91
2212
412
-1418
-713
-697
-1745
495
4581
3105
-3265
-4706
848
3723
-210
-2917
63
2141
-435
-1844
518
841
-2337
-2443
1566
2548
-419
-400
2171
-400
-5698
-2912
5772
6098
-2811
-5975
538
3558
-1322
-2423
3225
3291
-4019
-4006
5588
7213
-3947
-8565
2117
9107
-77
-8316
-317
9353
2983
-8624
-6234
4994
7486
932
-2863
-2043
-1570
68
3856
2649
-4509
-5445
3495
6828
-3278
-9879
36
10434
2968
-10182
-6797
7361
9428
-2255
-8675
-2807
3743
3561
965
-1072
-3320
-2669
2416
4235
-1835
-5662
1336
8350
2120
-8389
-5660
6138
7977
-1973
-6950
-714
4774
2051
-1965
-1666
-550
-455
1436
3081
-235
-4096
-593
5190
1667
-7035
-5251
6372
9147
-2416
-10185
-2554
6680
2994
-4797
-2275
4947
3067
-4411
-3960
3096
3980
-1832
-2811
2497
3423
-1983
-3315
1982
3286
-3009
-5643
1424
7327
2622
-4920
-4320
956
1756
-528
490
2646
328
-3339
-2095
1233
319
-2163
-103
3133
663
-3639
-1233
4382
2641
-4502
-4656
3295
6656
529
-4680
-2020
1504
-296
-2006
1309
3999
791
-3008
-1390
1682
488
-1904
-309
2565
1576
-1395
-1596
34
-97
-1142
-350
1236
1222
359
142
-248
-1136
-755
858
1163
154
477
1415
-375
-3249
-1985
2191
2457
-1250
-1597
2194
2058
-3464
-4815
1587
5533
370
-4834
-943
5168
2659
-4609
-5126
1191
4481
1514
-1626
-1344
-309
-321
-78
488
327
452
1600
1313
-1519
-2854
114
2956
832
-2818
-1761
2290
2494
-1612
-3606
-731
2533
2306
400
-264
-297
-1314
-2217
-983
1476
2074
42
-1682
-843
476
-650
-2287
-146
4337
4562
-684
-4102
-1214
2259
204
-3405
-1709
3007
3550
-48
-2018
-1348
-1432
-1770
673
3792
3053
-41
-930
-839
-3312
-4942
-266
6360
5492
-1772
-4762
-133
3793
1267
-2935
-2512
1849
5441
4759
-730
-6798
-6528
253
4299
587
-2574
2161
6481
6
-9358
-6470
4998
7666
-650
-4496
1699
5206
-1261
-7444
-4401
1938
3942
3640
3531
433
-4567
-4022
1752
2837
-2257
-2559
4781
7179
-1329
-8227
-3827
2526
604
-2530
2245
7367
2308
-6178
-5552
818
1641
-1291
1108
5560
2154
-5302
-4573
2427
2525
-4339
-4344
4858
8633
388
-7113
-3587
2753
1514
-2238
699
6182
4397
-2682
-5056
-1277
1248
-31
-319
1953
2403
-513
-2639
-1748
-720
-1177
-560
2027
2995
373
-2345
-1847
-196
-575
-1542
62
2999
3160
84
-2372
-1779
161
1149
1290
1468
1270
117
-1187
-1497
-974
-480
-178
264
650
492
-117
-726
-1238
-1518
-789
1237
2818
1624
-1681
-3255
-948
2334
2436
-135
-1185
659
2125
774
-1396
-1658
-640
-170
151
1181
1429
-549
-2722
-2097
656
2388
2081
1037
-185
-1531
-1547
504
1941
150
-2485
-1707
1612
2579
-17
-2246
-1451
693
2013
2297
1520
-340
-1650
-1021
-130
-752
-867
1386
2580
-608
-3762
-908
4093
2689
-3133
-3082
3351
4891
-2063
-6422
-1383
3681
-134
-5457
-1915
5150
3770
-3996
-5807
438
4695
2212
-827
-1
1121
-265
-1354
-348
403
38
625
1679
471
-1594
-603
1647
-215
-4258
-2696
3949
5347
-1928
-7490
-3429
3090
2294
-2271
-1292
3634
3415
-2149
-4148
-38
2749
239
-1964
483
3178
1327
-2076
-2116
-8
538
193
1391
2614
1108
-1550
-2040
-993
-931
-963
993
2902
1434
-1590
-1725
408
518
-1144
-192
3195
3606
-206
-2782
-1174
466
-1136
-2593
-382
2698
2492
111
-1127
-1209
-1461
-960
864
1799
836
471
1491
533
-3071
-3923
595
4245
1511
-2701
-1192
2969
1868
-3147
-3744
907
3195
538
-1120
1124
2360
-373
-2721
-1200
1113
1040
462
1109
700
-1698
-2541
-119
1709
150
-1626
-474
1213
491
-737
-81
404
-1325
-2420
-141
2396
1182
-1596
-1411
838
1163
-15
701
2595
1939
-690
-852
1866
2739
-279
-3195
-2252
906
2450
1355
-651
-1715
-1145
171
311
-1104
-1681
239
2295
1430
-987
-1393
-111
-353
-1847
-999
2290
3639
1327
-990
-585
366
-437
-1332
-270
1486
2010
1580
651
-1327
-3081
-1789
1658
2506
-208
-1430
1159
2362
-1640
-5752
-3840
1088
2230
261
663
2836
1322
-3327
-4391
-260
2889
1420
-727
119
1539
390
-1833
-2375
-1384
104
2157
3715
2515
-724
-2168
-663
635
9
-190
1307
1826
-332
-2595
-2549
-1516
-990
342
3038
4328
2321
-627
-1730
-1662
-1848
-1320
743
2503
2385
1579
1119
-257
-2764
-3580
-1097
2048
2987
2389
1693
270
-1829
-2221
-435
267
-1438
-1875
1124
3440
1253
-2149
-1837
557
526
-973
-30
2062
851
-2561
-2692
829
2557
526
-1039
298
1388
-104
-1628
-905
117
-495
-968
469
1954
1179
-799
-1671
-1252
-486
534
1567
1531
482
59
607
382
-1100
-1717
-357
1020
768
255
1003
1654
372
-1686
-1961
-321
1041
820
-166
-617
-337
-224
-1087
-2265
-1942
252
1938
1092
-643
-372
1175
749
-1672
-2369
59
2318
1792
374
545
1159
207
-1099
-460
1248
1362
-125
-800
72
691
-104
-1237
-1363
-583
217
485
108
-677
-1268
-1134
-365
423
632
94
-678
-775
14
665
264
-472
-107
1328
2303
1831
399
-944
-1380
-577
673
752
-594
-1345
-102
1418
959
-584
-813
32
-41
-714
-53
1221
453
-1833
-2073
307
1579
-132
-1847
-974
665
599
-181
138
648
-57
-787
15
1168
871
-73
63
786
643
51
277
944
888
278
-121
-489
-1061
-1196
-900
-1333
-2309
-1638
1130
2947
1606
-690
-874
349
523
-127
194
1025
597
-600
-684
62
-230
-1503
-1891
-867
357
1067
1300
690
-625
-1055
135
981
-176
-1547
-802
737
417
-863
-275
1627
1775
126
-372
769
928
-426
-670
860
1397
-121
-897
651
1785
75
-2324
-2089
233
1596
1004
-67
-490
-387
-91
84
-203
-613
-324
473
726
522
938
1529
536
-1623
-2041
76
1552
111
-1811
-909
1652
2134
2
-1617
-822
814
1163
344
-156
233
599
-134
-1621
-2159
-889
619
378
-861
-682
850
1003
-964
-2188
-797
1009
752
-348
-25
828
12
-1681
-1626
206
1333
822
168
308
460
29
-603
-1168
-1541
-1078
283
967
-218
-1798
-1580
-27
739
449
510
925
369
-872
-992
157
760
236
112
1138
1923
1202
-399
-1521
-1451
-193
1414
1850
691
-377
-23
320
-1158
-2993
-2303
424
1873
1025
151
483
572
-324
-730
55
586
99
-178
355
497
-191
-378
414
888
648
912
1611
949
-937
-1236
959
2686
1719
-23
-45
736
230
-1041
-1247
-408
299
751
1215
1094
246
-138
340
254
-874
-1148
392
1583
590
-905
-625
488
352
-454
-169
589
98
-958
-556
989
1586
943
618
966
836
13
-541
-682
-1056
-1359
-762
202
198
-710
-1272
-1123
-889
-673
-151
281
66
-287
-100
38
-688
-1614
-1652
-1323
-1867
-2937
-3052
-2013
-1089
-976
-1077
-739
-22
615
593
-356
-1460
-1464
-476
-18
-590
-895
-403
-584
-2126
-3053
-1696
352
681
-124
161
1428
1593
309
-554
-78
577
515
366
725
1023
607
-199
-592
-162
880
1817
1987
1584
1462
1883
2228
2190
2203
2351
2157
1887
2491
3641
3641
2153
1080
1613
2405
2062
1422
1662
2060
1646
1344
2217
3122
2432
899
423
988
1197
947
1213
1790
1573
747
500
806
550
-328
-684
-151
463
668
642
214
-940
-2156
-2343
-1645
-1197
-1306
-1238
-720
-354
-455
-720
-1098
-1809
-2483
-2375
-1631
-1323
-2045
-3215
-3966
-4045
-3731
-3409
-3334
-3423
-3323
-2941
-2665
-2806
-3150
-3382
-3532
-3693
-3761
-3759
-3908
-4094
-3855
-3224
-2864
-3044
-3218
-3035
-2913
-3087
-2966
-2186
-1465
-1572
-2076
-2015
-1342
-801
-696
-609
-189
416
902
1102
1035
889
875
950
956
1020
1376
1808
1891
1868
2519
3912
5071
5290
5078
5264
5786
5998
5805
5768
6263
7042
7629
7806
7665
7384
7060
6747
6601
6761
7024
6950
6482
6102
6068
5907
5181
4295
3841
3547
2827
2112
2431
3575
3985
2966
1788
1717
2027
1244
-335
-950
-37
994
958
363
11
-472
-1613
-2684
-2698
-2118
-2101
-2519
-2276
-1380
-1125
-2137
-3671
-4964
-5857
-6068
-5472
-5242
-6786
-9225
-10030
-8846
-8340
-10051
-11795
-11032
-8727
-7533
-7763
-7727
-7027
-6810
-7226
-7191
-6632
-6765
-7896
-8777
-8527
-7745
-7385
-7633
-8059
-7974
-6813
-4968
-3851
-4211
-4913
-4475
-3201
-2519
-2789
-3144
-3091
-2917
-2787
-2598
-2437
-2218
-1374
139
1291
1484
1659
2654
3606
3537
3411
4646
6474
6979
6261
6241
7495
8500
8275
7775
8173
9325
10450
11099
11094
10578
10302
10918
11936
12268
11724
11067
10807
10830
10961
11014
10625
9912
9784
10643
11450
11112
10135
9672
9654
9275
8711
8694
8762
7679
5609
4263
4526
5189
4599
2745
1127
853
1242
514
-1924
-4345
-4740
-3648
-3436
-4739
-5664
-5271
-5544
-8244
-11635
-12600
-10987
-9584
-10135
-11432
-11512
-10212
-9007
-9087
-10005
-10195
-8923
-7330
-6771
-6766
-6161
-5761
-7292
-9725
-9856
-7484
-6539
-9055
-11364
-9375
-4927
-3062
-4735
-6348
-5719
-4443
-4138
-4047
-3302
-2641
-2666
-2601
-1919
-1493
-2124
-3244
-3878
-3795
-3160
-2099
-1065
-688
-906
-1019
-784
-646
-834
-1040
-1057
-1017
-974
-935
-1110
-1503
-1583
-1089
-670
-841
-898
24
1313
1584
753
119
468
1325
2043
2450
2426
2003
1871
2644
3618
3516
2577
2540
4166
6081
6764
6525
6604
7206
7543
7334
7151
7332
7487
7311
7212
7745
8821
9872
10563
10965
11113
10876
10409
10279
10840
11727
12298
12388
12231
11859
11049
9830
8586
7613
6967
6747
7074
7654
7809
7100
5731
4248
3064
2307
1831
1308
516
-389
-1025
-1274
-1603
-2853
-5476
-8671
-10601
-10217
-8788
-8586
-9835
-10299
-8636
-6682
-6919
-8766
-9482
-8258
-7076
-7232
-7406
-6347
-5442
-6670
-9125
-9865
-8071
-6311
-6999
-9161
-9910
-8290
-6214
-5699
-6460
-6796
-5983
-4929
-4755
-5530
-6493
-6899
-6488
-5535
-4658
-4298
-4279
-4084
-3608
-3316
-3611
-4329
-4966
-5184
-5092
-5118
-5521
-5934
-5706
-4952
-4722
-5596
-6673
-6703
-5822
-5121
-4830
-4155
-2895
-1930
-1744
-1656
-1116
-744
-1300
-2288
-2446
-1389
-67
408
22
-156
738
2219
2989
2748
2774
4200
6473
8340
9629
10862
11732
11446
10302
9376
8762
7727
6688
7212
9570
11979
13015
13337
14148
15244
15690
15470
15368
15799
16568
17297
17492
16705
15114
13469
12179
11051
10066
9628
9803
10136
10455
10935
11235
10629
9297
8254
7635
6312
3848
1509
426
-63
-1129
-2477
-2912
-2370
-2203
-3603
-6466
-9643
-11816
-12518
-12608
-13289
-14356
-14298
-12621
-10996
-11121
-12292
-12457
-11203
-10156
-10355
-10760
-10116
-9179
-9742
-11778
-13035
-12098
-10664
-11340
-13619
-14005
-10728
-6479
-4957
-6076
-6752
-5816
-5479
-7511
-10342
-11296
-10056
-8333
-7103
-5871
-4243
-2762
-2043
-2082
-2636
-3537
-4446
-4882
-4763
-4516
-4377
-3950
-2901
-2009
-2868
-6032
-9777
-11463
-10262
-7757
-5606
-3642
-1074
1480
2539
1999
1278
1193
1106
578
452
1456
2761
2986
2142
1546
2012
2922
3227
2856
2915
4617
8025
11836
14526
15644
15758
15357
14381
12915
11640
11172
11389
11835
12427
13300
14250
14886
15266
15872
16826
17512
17276
16339
15704
16090
17089
17610
16996
15489
13606
11513
9298
7495
6829
7467
8885
10341
11197
10908
9276
6759
4117
1722
-409
-2022
-2791
-3122
-3921
-5170
-5694
-5139
-5291
-8015
-12263
-14842
-14514
-13644
-14732
-16708
-16520
-13748
-11391
-11681
-13176
-13301
-12187
-11999
-13169
-13706
-12563
-11508
-12343
-13869
-13529
-11350
-10080
-11199
-12766
-12228
-9896
-8173
-8064
-8202
-7299
-6008
-5705
-6460
-7188
-7241
-6913
-6520
-5829
-4618
-3243
-2326
-2158
-2580
-3194
-3535
-3287
-2564
-1849
-1438
-1103
-441
558
1514
2025
1844
884
-620
-2078
-3118
-4065
-5314
-6223
-5430
-2700
258
1622
1655
2150
3797
5279
5324
4541
4309
4651
4428
3419
2766
3053
3225
2313
1311
2050
4538
6829
7823
8804
11296
14306
15137
12851
9653
8247
8749
9121
8215
7230
7886
10016
11837
12281
12225
13093
14855
16052
15677
14364
13490
13582
14093
14410
14408
13997
12887
11175
9618
8743
8047
6790
5362
4916
5529
5748
4563
2930
2314
2326
1227
-1261
-3221
-3266
-2588
-3096
-4573
-5501
-6231
-9054
-14392
-19017
-19768
-17770
-16771
-17735
-17658
-14434
-10460
-9488
-11288
-12034
-9852
-7431
-8076
-11102
-13019
-12350
-11135
-11550
-12960
-13307
-12195
-11138
-11113
-11207
-10006
-7483
-4946
-3561
-3460
-4091
-4931
-5701
-6216
-6290
-5860
-5111
-4355
-3713
-2987
-2005
-1008
-454
-422
-479
-283
33
286
711
1497
2145
1937
1060
476
435
-37
-1515
-2839
-2515
-1178
-1187
-3397
-5689
-5658
-3748
-2292
-1919
-813
2125
5150
5926
4764
3950
4292
4193
2530
699
595
1680
1703
45
-1282
-358
2197
4401
5638
7090
9692
12772
14921
15432
14487
12581
10339
8491
7415
6811
6286
6180
7209
9249
11149
12095
12650
13840
15529
16472
16041
15114
14803
14897
14309
12799
11322
10499
9652
8028
6327
5917
6667
6783
5334
3802
4010
5195
4754
1955
-819
-1478
-1335
-3065
-6356
-8073
-7203
-7111
-11073
-17171
-20331
-18986
-16792
-16899
-17368
-14599
-9453
-6543
-7659
-9293
-8064
-5767
-6400
-9922
-12400
-12134
-12050
-14572
-17121
-15552
-10525
-7008
-7408
-8477
-6431
-2533
-1007
-2797
-4502
-3596
-1864
-2283
-4545
-5795
-4883
-3534
-3247
-3149
-1876
-25
782
516
738
2026
2934
2183
723
533
1888
3082
2892
2178
2401
3330
3273
1527
-418
-640
802
1997
1596
330
-244
93
35
-1423
-3696
-5405
-5868
-5290
-3888
-1628
1129
3472
4812
5459
5912
5943
4982
3241
1728
1038
734
226
-328
-437
-119
398
1515
3924
7331
10376
12210
13404
14592
14952
13133
9594
6697
5997
6429
6080
5082
5454
8147
11504
13260
13185
12837
13172
13477
12757
11240
9949
9279
8668
7527
5991
4642
3889
3743
3999
4416
4855
5301
5670
5588
4590
2654
304
-2030
-4496
-7269
-9650
-10422
-9507
-8767
-10362
-14195
-17657
-18377
-16826
-15521
-15760
-16046
-14266
-10724
-7966
-7580
-8271
-7817
-6167
-5406
-6749
-8879
-9923
-10028
-10765
-12360
-13056
-11662
-9397
-8169
-7766
-6235
-2959
118
984
166
-264
351
651
-361
-1700
-1817
-716
330
719
1107
2027
2969
3260
3122
3240
3689
4000
4075
4285
4649
4636
4114
3829
4377
5084
4692
3134
1830
1891
2605
2332
692
-920
-1226
-923
-2009
-5268
-9003
-10595
-9154
-6189
-3667
-1937
-62
2197
3621
3149
1529
460
240
-684
-3401
-6617
-8018
-7123
-5632
-4742
-3357
118
5013
8798
10250
10836
12252
13677
12787
9187
5378
3815
4100
4073
3078
2854
5000
8688
11663
12893
13312
14019
14692
14207
12272
9841
8041
7175
6810
6446
5947
5522
5467
5782
6030
5791
5334
5413
6135
6417
5139
2693
573
-666
-2100
-4477
-6441
-6151
-4507
-5047
-9721
-15915
-19191
-18504
-16920
-16948
-17161
-14810
-10381
-7226
-6782
-6569
-4075
-813
-431
-3585
-7075
-8438
-9084
-11401
-14400
-14669
-11371
-7770
-6788
-6990
-4829
89
4305
5201
4257
4379
5545
5072
1852
-1762
-2952
-1825
-577
-180
550
2631
5178
6620
6675
6233
5804
5139
4277
3888
4262
4696
4475
3920
3788
3931
3379
1794
62
-878
-1218
-1747
-2592
-3129
-3044
-2728
-2612
-2776
-3482
-5346
-8267
-10641
-10643
-8387
-5930
-4814
-4350
-3065
-1169
-423
-1558
-3079
-3278
-2566
-2736
-4260
-5592
-5402
-4315
-3614
-3015
-1007
2704
6365
8301
8892
9534
10291
9850
7827
5814
5407
6087
6091
5061
4569
5818
7929
9235
9521
9947
11015
11763
11284
10079
9230
8848
8214
7194
6582
6883
7570
7929
8008
8148
8126
7524
6664
6256
6085
5037
2819
700
-167
-404
-1291
-2520
-2658
-2026
-3304
-7997
-13519
-15712
-13947
-11693
-11567
-11915
-9816
-5940
-3850
-4744
-5621
-3812
-1123
-1292
-4484
-7072
-7023
-6722
-8964
-12262
-12727
-9832
-7333
-7808
-8807
-6408
-1033
2883
2836
1246
1509
3119
2827
-272
-3229
-3272
-1365
-450
-1294
-1864
-602
1386
2093
1365
780
1278
2105
2230
1835
1817
2344
2666
2198
1199
191
-781
-1968
-3272
-4186
-4403
-4144
-3778
-3367
-2798
-2313
-2598
-4206
-6910
-9701
-11440
-11544
-10196
-8056
-5791
-3757
-2001
-523
488
715
46
-1199
-2512
-3657
-4780
-5967
-6794
-6480
-4593
-1488
2010
5313
8343
11101
13166
13818
12764
10608
8438
6896
5789
4698
3826
3922
5350
7531
9575
11239
12849
14368
15106
14645
13564
12707
11963
10536
8462
7045
7277
8437
9042
8848
8894
9536
9612
8244
6495
6042
6641
6318
4294
2265
2016
2886
2971
2023
1374
907
-1734
-7717
-14276
-17296
-16145
-13964
-13043
-12062
-9014
-5026
-3046
-3451
-3477
-1483
414
-641
-4142
-7168
-8665
-10414
-13374
-15409
-14157
-10704
-8320
-7936
-7038
-3538
1036
3526
3158
1974
1571
1134
-790
-3802
-5973
-6123
-4864
-3503
-2682
-2200
-1593
-634
439
1032
747
-71
-632
-601
-294
65
734
1667
1954
798
-1191
-2582
-3054
-3766
-5388
-6772
-6505
-5118
-4431
-4837
-4701
-3039
-1470
-2314
-5416
-8287
-9269
-9117
-9060
-8705
-6958
-4208
-2133
-1491
-1349
-800
-260
-445
-970
-987
-716
-1174
-2403
-3060
-2100
17
2324
4715
7484
10019
11116
10605
9675
9254
8954
8116
7158
6966
7430
7687
7810
9048
11902
14866
16039
15471
14881
15142
15165
13683
11235
9490
9092
9143
8841
8674
9445
10724
11116
10014
8435
7758
8022
7972
6743
4991
4006
3967
3691
2326
660
37
66
-1536
-6167
-12032
-15666
-15709
-14100
-13133
-12519
-10477
-7060
-4619
-4639
-5642
-5361
-4040
-3959
-5932
-8054
-8570
-8472
-9823
-12284
-13137
-10949
-7612
-5780
-5393
-4162
-1164
1677
2153
639
-657
-722
-760
-2072
-3992
-4670
-3442
-1598
-725
-952
-1215
-844
-290
-257
-646
-787
-466
-176
-240
-211
432
1266
1251
101
-1286
-2116
-2847
-4397
-6470
-7631
-7181
-6124
-5693
-5632
-4873
-3600
-3450
-5358
-8191
-10206
-11119
-11754
-12111
-11125
-8573
-5971
-4768
-4429
-3400
-1582
-625
-1580
-3410
-4449
-4542
-4792
-5578
-5897
-4780
-2487
80
2559
5150
7822
10066
11358
11475
10514
8976
7708
7248
7253
7148
7345
9044
12434
15847
17520
17714
18110
19204
19547
17999
15584
14151
13880
13426
12362
12039
13473
15528
16161
14972
13414
12672
12357
11524
10091
8706
7755
7068
6346
5449
4500
3959
4130
4065
1629
-4239
-11446
-16250
-17213
-16474
-16335
-15999
-13319
-8920
-6118
-6297
-6768
-4791
-1996
-2322
-6236
-9939
-10868
-11238
-14152
-18171
-18798
-14887
-10452
-9097
-9258
-7086
-2417
963
710
-1189
-1864
-1647
-2823
-5578
-7464
-6842
-4883
-3495
-2839
-1959
-829
-340
-637
-819
-448
-196
-606
-1107
-885
-85
591
1031
1574
1946
1252
-710
-2894
-4178
-4558
-4754
-5065
-5200
-4993
-4645
-4272
-3819
-3497
-3818
-4975
-6602
-8278
-9800
-10685
-10104
-7961
-5619
-4587
-4628
-4159
-2713
-1835
-2796
-4408
-4492
-3096
-2600
-4232
-5989
-5172
-1982
981
2504
4219
7705
11631
13235
11968
10124
9703
10098
9620
8303
7926
9522
12065
13981
15107
16440
18368
19968
20149
18937
17317
16075
15168
14165
13025
12272
12465
13529
14683
15063
14496
13590
12958
12420
11206
9000
6567
5009
4455
3897
2571
1121
811
1514
1186
-2070
-7687
-13070
-16369
-18045
-19307
-19879
-18457
-15145
-12074
-10876
-10538
-8925
-6012
-4200
-5155
-7650
-9458
-10437
-12284
-15428
-17807
-17397
-14849
-12458
-11084
-9408
-6309
-2710
-418
80
-208
-444
-832
-1801
-3105
-4110
-4501
-4336
-3717
-2799
-1908
-1211
-435
686
1778
2135
1697
1241
1390
1887
2216
2470
3054
3690
3429
1823
-451
-2365
-3529
-4091
-4105
-3529
-2674
-2032
-1653
-1183
-629
-537
-1242
-2442
-3899
-5956
-8650
-10768
-10790
-8884
-6944
-6215
-5798
-4342
-2424
-1908
-3083
-4001
-3293
-2274
-3020
-5089
-5854
-4103
-1640
-532
-105
1867
5646
8901
9819
9315
9296
9867
9630
8270
7327
8032
9632
10681
11179
12339
14495
16394
16875
16363
16069
16247
16031
14887
13466
12791
13076
13695
14039
13998
13704
13207
12510
11705
10903
10098
9210
8229
7271
6471
5845
5229
4447
3563
2835
2183
780
-2412
-7392
-12640
-16241
-17484
-17061
-15796
-13764
-10920
-8014
-6166
-5598
-5467
-5151
-5156
-6306
-8447
-10574
-12106
-13359
-14561
-15087
-14168
-12062
-9897
-8376
-7178
-5756
-4238
-3172
-2732
-2618
-2650
-2982
-3651
-4283
-4468
-4170
-3589
-2828
-1993
-1443
-1544
-2138
-2586
-2480
-2047
-1628
-1048
127
1780
3114
3539
3361
3284
3347
2756
892
-1755
-3911
-4739
-4537
-4133
-3852
-3322
-2285
-1241
-1001
-1732
-2849
-3919
-5221
-7059
-8799
-9269
-8208
-6753
-6088
-6033
-5539
-4375
-3536
-3782
-4509
-4634
-4122
-3880
-4220
-4244
-3018
-738
1716
3928
6023
7869
8940
9076
8764
8417
7901
7119
6602
6956
8009
9140
10358
12315
15068
17520
18594
18476
18099
17740
16813
15032
13035
11627
10995
10985
11607
12754
13829
14236
14046
13565
12482
10249
7307
5011
3946
3230
2105
1318
1797
2621
1916
-228
-1592
-1408
-2355
-7175
-14269
-18978
-19299
-17988
-18006
-18165
-15432
-10246
-6570
-6441
-7257
-5895
-3423
-3418
-6673
-10239
-11858
-12766
-14853
-16996
-16329
-12414
-7985
-5383
-4000
-1985
880
3140
3741
2936
1437
-289
-1821
-2800
-3290
-3526
-3225
-1908
-82
878
538
218
1108
2353
2235
857
109
759
1238
168
-1282
-1095
391
811
-770
-2635
-3203
-3300
-4367
-5733
-5557
-3917
-2940
-3593
-4295
-3654
-2981
-4476
-7847
-10595
-11421
-11460
-11712
-11146
-8545
-4970
-2700
-2207
-1851
-601
543
412
-406
-615
-317
-713
-2004
-2801
-1846
655
3690
6610
9163
11107
12440
13554
14508
14567
13204
11248
10104
9963
9824
9450
10072
12440
15222
16488
16213
15986
16433
16441
15237
13800
13280
13161
12276
10967
10675
11561
12139
11583
10867
10833
10493
8627
6027
4435
3670
1879
-1175
-3178
-2658
-1463
-2035
-3581
-3510
-2264
-3684
-9489
-15982
-18461
-17265
-16588
-17876
-17816
-13856
-8730
-6984
-8681
-9674
-7847
-5946
-7086
-10031
-11201
-9978
-9258
-10772
-12455
-11584
-8667
-6433
-5793
-4825
-1880
1939
4226
4164
2982
1997
1269
272
-959
-1769
-1619
-529
1017
2376
3123
3321
3394
3569
3582
3092
2265
1694
1685
1897
1820
1426
1156
1256
1339
747
-693
-2433
-3850
-4984
-6377
-8119
-9439
-9596
-8954
-8626
-8967
-9057
-8083
-6669
-6105
-6489
-6617
-5939
-5588
-6738
-8629
-9370
-8526
-7633
-7817
-8081
-6866
-4500
-2721
-2018
-899
1744
4835
6628
7157
7855
9060
9456
8326
6992
7028
7979
8174
7455
7575
9572
12102
13288
13331
14007
15876
17414
17217
15927
15128
15119
14866
13895
13071
13165
13641
13524
12897
12646
12926
12826
11763
10412
9719
9488
8697
7021
5258
4100
3186
1849
265
-830
-1342
-1932
-2867
-3603
-4005
-5231
-8462
-12950
-16399
-17516
-17261
-17010
-16375
-14049
-10438
-7901
-7871
-8946
-8888
-7709
-7395
-8763
-10245
-10340
-9855
-10443
-11750
-11663
-9404
-6763
-5597
-5337
-4123
-1687
359
941
821
1011
1102
116
-1672
-2879
-2791
-2002
-1216
-353
818
1971
2741
3364
4118
4506
3813
2336
1172
713
209
-828
-1640
-1367
-589
-725
-2054
-3346
-3620
-3395
-3706
-4636
-5576
-6461
-7780
-9397
-10299
-9826
-8526
-7373
-6613
-5910
-5220
-4876
-4902
-4927
-4859
-5074
-5710
-6278
-6327
-6055
-5792
-5217
-3706
-1395
788
2324
3743
5710
7914
9389
9714
9339
8756
7948
6851
5915
5814
6777
8486
10491
12489
14293
15848
17242
18420
18917
18247
16634
15044
14243
14070
13891
13512
13240
13177
12987
12489
12022
11928
11982
11679
10921
10000
8979
7571
5732
3947
2655
1635
307
-1516
-3443
-4942
-5662
-5478
-4758
-4611
-6255
-9690
-13339
-15521
-16054
-15895
-15435
-14057
-11635
-9531
-9210
-10275
-10884
-10123
-9001
-8752
-9128
-9178
-9010
-9527
-10532
-10429
-8397
-5821
-4607
-4672
-4260
-2536
-616
326
711
1485
2228
1683
-96
-1414
-1085
150
977
1359
2102
3129
3436
2768
2168
2416
2845
2437
1431
912
1120
1191
595
-144
-553
-1175
-2706
-4709
-5962
-5973
-5420
-5155
-5469
-6440
-8157
-10160
-11266
-10643
-8810
-6976
-5631
-4426
-3345
-3112
-4136
-5706
-6812
-7298
-7650
-7922
-7608
-6507
-5050
-3612
-2070
-358
1093
1947
2632
3889
5754
7489
8446
8541
7903
6646
5199
4340
4522
5467
6793
8675
11397
14492
16967
18356
18974
18965
17847
15407
12589
10856
10810
11869
13152
14127
14485
14048
13055
12074
11353
10626
9730
8946
8328
7248
5253
3024
1673
1217
655
-372
-1041
-857
-655
-1230
-1929
-1931
-2448
-5790
-11904
-17515
-19737
-19210
-18261
-17085
-13925
-8872
-5007
-4641
-6205
-6633
-5658
-5654
-7562
-9411
-9605
-9528
-11227
-13776
-14125
-11289
-7654
-5568
-4382
-2070
1390
3908
4217
3340
2783
2516
1574
-99
-1399
-1460
-516
703
1823
2811
3608
4112
4361
4442
4322
3960
3504
3156
2866
2369
1576
769
307
160
-152
-1091
-2579
-4035
-4992
-5597
-6321
-7210
-7787
-7823
-7844
-8417
-9158
-9076
-7983
-6888
-6633
-6690
-6050
-4938
-4688
-5776
-6944
-6856
-5955
-5781
-6724
-7466
-6812
-5207
-3881
-3109
-2087
-271
1925
3850
5368
6602
7402
7535
7143
6667
6371
6302
6622
7576
9044
10470
11440
12124
12963
14071
15197
16101
16670
16703
15972
14683
13659
13680
14619
15467
15329
14252
12953
11834
10638
9160
7948
7784
8487
8752
7556
5389
3577
2569
1547
-108
-1751
-2422
-2311
-2403
-2897
-3030
-2785
-3675
-6961
-11642
-15283
-16675
-16619
-16027
-14531
-11757
-8930
-7878
-8645
-9369
-8749
-7544
-7116
-7465
-7664
-7611
-8087
-9134
-9595
-8701
-7229
-6408
-6256
-5820
-4679
-3285
-1886
-143
1861
3050
2533
912
-300
-407
4
260
482
997
1524
1532
1114
898
1157
1491
1484
1243
1102
1143
1236
1373
1612
1806
1627
839
-578
-2479
-4484
-5993
-6656
-6851
-7325
-8171
-8557
-7811
-6500
-5884
-6362
-7023
-6950
-6360
-6019
-5891
-5161
-3642
-2400
-2546
-3835
-5061
-5627
-6024
-6626
-6734
-5402
-2861
-392
1242
2602
4528
6774
8274
8529
8127
7783
7484
6907
6289
6317
7262
8750
10402
12246
14232
15772
16203
15576
14609
13888
13462
13202
13163
13367
13578
13627
13734
14182
14743
14813
14127
12967
11583
9816
7566
5324
3804
3167
2966
2831
2763
2707
2313
1445
565
161
-53
-815
-2222
-3477
-4031
-4503
-6006
-8732
-11721
-14007
-15448
-16217
-16009
-14367
-11680
-9240
-8049
-7861
-7692
-7074
-6401
-6100
-5944
-5486
-4906
-4937
-5899
-7139
-7703
-7357
-6683
-6206
-5786
-4955
-3575
-1902
-165
1534
2888
3317
2507
920
-503
-1144
-1106
-848
-650
-504
-387
-421
-752
-1348
-1977
-2344
-2249
-1661
-716
293
965
992
434
-320
-1036
-2007
-3575
-5291
-6057
-5538
-5032
-6216
-9029
-11577
-12408
-12106
-11953
-11728
-10056
-6822
-3856
-2622
-2340
-1476
-302
-483
-2279
-3797
-3673
-3112
-4059
-6185
-7256
-6275
-4665
-3864
-3147
-863
3064
7075
10026
12008
13170
13004
11345
9138
7506
6629
6227
6592
8203
10578
12531
13637
14497
15355
15444
14339
13080
13019
13970
14548
14206
13823
14069
14267
13455
11825
10295
9169
8126
7257
7086
7493
7533
6680
5544
4883
4511
3794
2660
1437
32
-1825
-3666
-4548
-4338
-3846
-3420
-2472
-1069
-997
-3934
-8944
-13092
-14645
-14424
-13728
-12380
-9857
-7200
-6154
-6696
-6981
-5974
-4727
-4409
-4362
-3373
-1997
-2063
-3930
-5748
-5907
-5071
-4935
-5796
-6380
-5730
-4182
-2456
-788
695
1517
1342
502
-409
-1168
-1728
-1774
-1110
-326
-333
-1171
-1938
-2157
-2520
-3747
-5250
-5720
-4897
-3913
-3686
-3741
-3125
-1991
-1511
-2320
-3748
-4832
-5519
-6388
-7435
-7840
-7137
-6174
-6363
-8009
-9854
-10550
-10224
-10064
-10428
-10075
-7722
-3942
-789
479
578
886
1604
1875
1292
432
-176
-771
-1647
-2344
-2204
-1387
-619
-5
1196
3420
6084
8405
10417
12618
14847
16192
16038
14660
12682
10528
8669
7860
8495
9918
10960
11227
11393
12074
12907
13136
12757
12575
13121
13949
14179
13433
11992
10218
8193
5982
3997
2808
2600
2962
3338
3603
3993
4489
4514
3488
1574
-422
-1889
-2822
-3342
-3201
-2140
-526
779
1120
211
-2281
-6567
-11781
-15810
-16859
-15113
-12277
-9540
-6755
-3706
-1246
-373
-731
-1019
-774
-794
-1546
-2195
-1882
-1292
-1893
-3833
-5668
-6374
-6628
-7420
-8140
-7116
-3931
-239
2028
2569
2365
1998
1116
-544
-2400
-3643
-4195
-4635
-5302
-5880
-5947
-5631
-5508
-5930
-6644
-7117
-7126
-6862
-6487
-5831
-4750
-3688
-3509
-4583
-6258
-7495
-7933
-8027
-8234
-8489
-8602
-8742
-9100
-9307
-8719
-7328
-5930
-5197
-4936
-4518
-3731
-2762
-1578
97
2070
3490
3703
2993
2087
1207
104
-1029
-1336
-242
1763
3707
5268
6859
8688
10207
10737
10260
9358
8597
8276
8646
9882
11718
13371
14072
13625
12394
10931
9742
9201
9352
9817
10129
10205
10268
10297
9880
8874
7887
7686
8184
8453
7912
7061
6741
6945
6894
6200
5365
4891
4383
3084
1113
-467
-976
-998
-1539
-2606
-3201
-2742
-1893
-1636
-1868
-1547
-219
1145
1165
-361
-2392
-4055
-5581
-7578
-9759
-10964
-10475
-8807
-7020
-5560
-4173
-2756
-1707
-1289
-1109
-626
0
36
-804
-1894
-2415
-2317
-2260
-2730
-3547
-4239
-4623
-4862
-5115
-5285
-5103
-4368
-3224
-2224
-1996
-2650
-3609
-4187
-4265
-4245
-4401
-4641
-4939
-5603
-6788
-8015
-8616
-8597
-8648
-9163
-9712
-9696
-9142
-8446
-7566
-6099
-4211
-2914
-3078
-4474
-6162
-7574
-8752
-9642
-9754
-8800
-7275
-6024
-5360
-4928
-4358
-3648
-2852
-1695
182
2688
5171
6845
7270
6503
4953
3144
1537
482
292
1209
3188
5743
8139
9825
10631
10657
10158
9577
9430
9952
10873
11731
12354
12851
13123
12693
11191
8971
7012
6216
6808
8323
10000
11177
11511
11004
9872
8429
7089
6333
6443
7180
7869
7909
7164
5849
4267
2794
1900
1814
2186
2388
2206
1941
1723
1129
-162
-1620
-2296
-1958
-1263
-713
-3
1210
2344
2314
756
-1695
-4332
-6928
-9187
-10323
-9776
-8056
-6283
-4994
-3926
-2940
-2445
-2626
-2854
-2388
-1372
-585
-393
-526
-881
-1849
-3599
-5557
-6997
-7781
-8065
-7633
-6214
-4339
-3151
-3117
-3529
-3653
-3823
-4790
-6330
-7251
-6830
-5587
-4446
-3747
-3450
-3800
-5123
-7149
-9121
-10579
-11508
-11697
-10573
-8069
-5214
-3379
-3077
-3837
-4982
-6031
-6486
-5966
-4773
-3811
-3585
-3677
-3606
-3762
-4822
-6407
-7157
-6319
-4576
-2916
-1301
879
3444
5398
6272
6645
7021
6929
5770
4102
3219
3533
4109
4012
3452
3215
3505
3991
4692
6051
8032
9805
10649
10750
10712
10641
10216
9529
9188
9445
9696
9211
8033
6797
5866
5140
4649
4798
5739
6919
7621
7770
7779
7724
7181
6049
5035
4908
5481
5840
5517
4962
4698
4521
3908
2918
2115
1675
1192
536
326
1023
1923
1775
403
-921
-1014
-122
707
1139
1678
2402
2467
1229
-766
-2530
-3948
-5595
-7336
-8003
-6889
-4914
-3718
-3818
-4314
-4307
-3919
-3698
-3640
-3326
-2744
-2442
-2831
-3708
-4563
-5074
-5184
-5001
-4781
-4833
-5235
-5773
-6292
-6908
-7690
-8335
-8521
-8458
-8652
-9066
-8991
-8033
-6790
-6145
-6124
-6064
-5821
-6120
-7418
-8964
-9541
-8930
-8036
-7598
-7344
-6624
-5427
-4349
-3769
-3491
-3159
-2703
-2274
-2009
-1925
-1913
-1736
-1225
-557
-180
-287
-547
-498
-32
729
1892
3686
5880
7698
8541
8555
8222
7651
6700
5656
5232
5700
6413
6541
6063
5679
5824
6177
6209
5886
5606
5667
6032
6476
6738
6567
5932
5205
4917
5177
5457
5130
4125
2957
2170
1930
2138
2671
3384
3954
4006
3448
2662
2212
2344
2812
3200
3374
3521
3755
3884
3698
3379
3337
3592
3601
2920
1855
1187
1294
1855
2413
2867
3216
3192
2600
1902
1951
3002
4357
5146
5167
4670
3643
1833
-551
-2679
-3869
-4174
-4022
-3574
-2832
-2106
-1854
-2019
-1998
-1483
-928
-883
-1156
-1147
-872
-1140
-2490
-4367
-5659
-5902
-5623
-5598
-6060
-6700
-7149
-7320
-7400
-7609
-7918
-8000
-7604
-6981
-6727
-7068
-7505
-7471
-7121
-7127
-7679
-8176
-8092
-7746
-7761
-8024
-7792
-6847
-5949
-5774
-5892
-5383
-4266
-3585
-3895
-4316
-3715
-2486
-2342
-4109
-6298
-6473
-3877
-233
2138
2561
2118
1968
2190
2376
2752
4076
6452
8749
9553
8507
6451
4383
2685
1443
1034
1829
3434
4757
5123
5010
5291
5898
5780
4383
2715
2452
4027
6066
6898
6272
5252
4653
4139
3027
1527
697
1234
2715
4130
4866
4930
4489
3628
2578
1804
1591
1766
2017
2358
2990
3747
4074
3724
3188
3155
3670
4156
4254
4295
4778
5615
6146
5822
4697
3296
2263
2092
2875
4108
4949
4917
4361
4022
4158
4267
3723
2483
1060
-58
-799
-1423
-2194
-3131
-3956
-4300
-4074
-3639
-3429
-3385
-3011
-2103
-1204
-1072
-1773
-2635
-3131
-3466
-4123
-5090
-5872
-6189
-6276
-6460
-6741
-6999
-7361
-8005
-8720
-8993
-8646
-8120
-7958
-8159
-8255
-7951
-7440
-7096
-7038
-7113
-7146
-7058
-6804
-6366
-5828
-5317
-4854
-4345
-3769
-3270
-2983
-2840
-2674
-2465
-2339
-2263
-1957
-1269
-590
-612
-1549
-2693
-2977
-1969
-201
1503
2824
3946
4954
5576
5630
5443
5543
6000
6356
6256
5873
5536
5160
4414
3444
3017
3666
4891
5554
5081
4001
3185
2833
2477
1811
1141
908
1089
1322
1458
1657
1956
2049
1723
1312
1423
2178
2963
3041
2329
1448
1071
1366
2006
2548
2737
2575
2281
2163
2394
2883
3388
3780
4131
4525
4876
5003
4838
4474
4025
3561
3207
3177
3590
4285
4938
5342
5503
5451
5111
4492
3871
3619
3778
3975
3819
3275
2551
1677
461
-1080
-2477
-3177
-3183
-3111
-3539
-4400
-5101
-5208
-4867
-4571
-4644
-5011
-5395
-5586
-5556
-5424
-5395
-5643
-6146
-6646
-6865
-6834
-6948
-7592
-8674
-9586
-9700
-8958
-7944
-7376
-7502
-7982
-8306
-8229
-7824
-7215
-6427
-5527
-4756
-4368
-4302
-4160
-3601
-2705
-1858
-1273
-771
-70
799
1515
1852
1946
2101
2467
2964
3482
4004
4541
5070
5593
6184
6836
7326
7385
7071
6832
7079
7680
8046
7723
6873
6080
5754
5802
5853
5723
5610
5859
6527
7143
6924
5402
2991
868
69
509
948
60
-2347
-5112
-6658
-6157
-4016
-1515
-79
-564
-2750
-5366
-6859
-6523
-5025
-3739
-3521
-4174
-5002
-5636
-6142
-6519
-6437
-5605
-4183
-2678
-1494
-775
-590
-947
-1485
-1416
-189
1744
3092
2910
1596
557
884
2454
4247
5358
5574
5228
4789
4635
4959
5662
6368
6743
6825
6918
7127
7135
6597
5660
4899
4680
4708
4344
3325
2046
1140
872
999
1098
907
419
-195
-684
-865
-834
-987
-1716
-2970
-4212
-4893
-4953
-4825
-4933
-5285
-5578
-5602
-5446
-5326
-5345
-5468
-5632
-5780
-5807
-5606
-5255
-5075
-5354
-6004
-6563
-6565
-5929
-4914
-3794
-2667
-1583
-724
-306
-315
-407
-175
535
1546
2542
3262
3555
3387
2906
2451
2369
2755
3377
3892
4124
4141
4113
4168
4368
4706
5070
5216
4924
4198
3318
2645
2341
2303
2300
2161
1842
1383
861
340
-162
-676
-1206
-1670
-1956
-2063
-2143
-2370
-2744
-3079
-3194
-3093
-2946
-2913
-3034
-3255
-3500
-3684
-3722
-3568
-3262
-2903
-2561
-2251
-1992
-1855
-1909
-2082
-2154
-1912
-1309
-505
233
679
740
510
238
209
562
1195
1868
2376
2650
2702
2568
2330
2174
2319
2861
3672
4483
5051
5244
5047
4567
4047
3791
3944
4317
4482
4097
3167
1992
921
154
-268
-383
-288
-134
-54
-78
-170
-367
-818
-1594
-2458
-2947
-2770
-2154
-1720
-1963
-2830
-3782
-4252
-4053
-3432
-2819
-2520
-2557
-2700
-2671
-2404
-2155
-2293
-2901
-3600
-3814
-3289
-2336
-1552
-1310
-1511
-1784
-1822
-1545
-1030
-410
184
673
1070
1445
1785
1958
1894
1797
2046
2799
3730
4252
4050
3363
2745
2580
2870
3341
3693
3717
3386
2902
2615
2728
3066
3214
2957
2505
2213
2121
1897
1293
541
174
451
1049
1346
976
88
-839
-1364
-1346
-1010
-818
-1180
-2089
-3044
-3413
-2999
-2250
-1868
-2192
-2946
-3538
-3570
-3061
-2333
-1761
-1585
-1828
-2298
-2700
-2829
-2701
-2486
-2322
-2190
-1963
-1570
-1074
-641
-411
-374
-330
-13
666
1445
1847
1586
876
331
484
1362
2487
3269
3406
3003
2419
2016
1957
2164
2398
2451
2299
2059
1835
1595
1246
799
417
264
333
435
362
50
-412
-882
-1233
-1375
-1268
-980
-718
-740
-1171
-1874
-2516
-2790
-2614
-2167
-1742
-1580
-1765
-2219
-2728
-3015
-2859
-2217
-1291
-443
-16
-139
-659
-1217
-1425
-1065
-234
701
1328
1471
1300
1166
1299
1637
1928
1983
1840
1688
1676
1780
1840
1716
1433
1211
1337
1931
2791
3443
3451
2755
1759
1062
1026
1515
2052
2207
1932
1556
1465
1757
2131
2135
1559
640
-90
-216
228
789
919
367
-697
-1838
-2661
-3020
-3013
-2832
-2621
-2435
-2300
-2256
-2338
-2515
-2687
-2756
-2716
-2632
-2551
-2435
-2205
-1857
-1534
-1442
-1680
-2112
-2423
-2314
-1722
-877
-151
198
187
57
62
285
635
961
1182
1285
1262
1076
728
343
141
302
807
1418
1846
1971
1916
1926
2123
2411
2589
2589
2569
2762
3186
3538
3402
2650
1643
1010
1129
1764
2225
1975
1135
395
300
557
73
-2143
-5865
-9347
-10296
-7550
-2193
2872
4754
2553
-1989
-5716
-6255
-3594
127
2340
1905
-346
-2626
-3755
-3889
-3892
-4114
-3850
-2050
1371
4953
6525
4901
975
-2752
-3948
-2153
945
2844
2104
-648
-3315
-3962
-2217
596
2592
2755
1567
411
338
1252
2143
2088
1108
138
160
1304
2710
3259
2548
1231
454
872
2103
3065
2915
1772
610
417
1347
2574
3004
2217
807
-145
-13
881
1651
1719
1302
1035
1087
694
-1265
-5026
-9169
-11192
-9270
-3876
2126
5241
3789
-782
-4844
-5186
-1361
4028
7336
6604
2851
-1020
-2694
-2142
-1193
-1464
-2680
-2938
-681
3465
6819
6772
3089
-1640
-3967
-2377
1431
3873
2424
-2255
-6764
-7680
-4365
441
2782
708
-4093
-7604
-6722
-1798
3641
5738
3392
-969
-3501
-2115
1952
5363
5556
2757
-471
-1614
-352
1362
1259
-1062
-3700
-4136
-1555
2286
4432
3213
-348
-3413
-3743
-1518
965
1416
-478
-2936
-3847
-2703
-939
-438
-1677
-3256
-3246
-1047
1937
3456
2348
-456
-2715
-2732
-669
1734
2731
1976
613
66
716
1684
1830
962
43
207
1564
2983
3124
1715
-147
-986
-288
1078
1718
1030
-290
-957
-316
1078
1986
1585
149
-1228
-1553
-670
710
1646
1667
1013
321
62
222
451
471
365
446
883
1441
1647
1236
445
-141
-90
498
1073
1111
546
-194
-556
-319
251
608
349
-465
-1319
-1597
-1038
28
886
959
256
-632
-1024
-691
-11
414
283
-186
-515
-422
-40
258
219
-76
-316
-241
154
632
921
919
754
638
662
703
568
235
-76
-98
149
288
-98
-1018
-1954
-2257
-1731
-812
-194
-219
-656
-1020
-1067
-944
-899
-955
-909
-658
-415
-537
-1128
-1862
-2235
-2032
-1522
-1229
-1482
-2165
-2850
-3139
-2920
-2363
-1731
-1210
-866
-712
-781
-1090
-1542
-1876
-1797
-1208
-356
318
531
417
394
744
1307
1644
1522
1213
1248
1833
2545
2672
1912
735
-6
168
921
1452
1244
525
-2
144
766
1201
966
215
-400
-346
294
887
842
184
-450
-400
367
1163
1220
428
-501
-688
69
1088
1452
896
52
-183
474
1444
1888
1511
781
411
669
1209
1501
1361
1067
1009
1309
1748
1992
1872
1466
1009
731
750
1007
1313
1479
1462
1392
1416
1530
1555
1351
1011
827
1034
1564
2093
2298
2098
1636
1107
636
293
152
246
448
477
86
-715
-1618
-2246
-2428
-2296
-2123
-2091
-2192
-2325
-2442
-2606
-2908
-3336
-3735
-3907
-3787
-3532
-3423
-3640
-4079
-4414
-4370
-3954
-3420
-3004
-2720
-2431
-2099
-1878
-1917
-2090
-2043
-1575
-944
-691
-1088
-1776
-2064
-1613
-805
-358
-585
-1057
-1059
-341
639
1221
1238
1145
1461
2168
2725
2668
2128
1717
1916
2603
3192
3200
2675
2094
1906
2173
2611
2900
2939
2839
2723
2585
2308
1830
1261
833
705
801
844
581
21
-564
-853
-748
-422
-140
-31
-35
-31
22
69
61
3
-76
-164
-258
-319
-306
-266
-337
-612
-969
-1113
-822
-184
464
856
1031
1237
1603
1980
2114
1963
1768
1792
2030
2232
2199
1997
1843
1833
1854
1782
1700
1812
2141
2396
2233
1660
1114
1052
1467
1849
1673
931
148
-129
137
448
274
-428
-1185
-1460
-1180
-807
-928
-1705
-2692
-3194
-2863
-2038
-1494
-1805
-2836
-3855
-4161
-3689
-3037
-2904
-3463
-4243
-4612
-4346
-3778
-3422
-3500
-3792
-3922
-3702
-3258
-2870
-2726
-2807
-2917
-2836
-2472
-1961
-1612
-1680
-2101
-2458
-2282
-1469
-432
235
271
-28
-105
333
1065
1630
1786
1717
1777
2112
2523
2698
2549
2301
2278
2603
3083
3368
3240
2799
2412
2436
2932
3571
3872
3595
2956
2447
2389
2643
2757
2432
1823
1372
1349
1571
1588
1144
419
-156
-313
-160
-28
-155
-499
-828
-929
-745
-397
-108
-93
-402
-831
-1002
-655
87
740
828
307
-377
-653
-305
372
879
938
681
450
466
671
858
899
861
916
1153
1475
1654
1518
1135
803
847
1332
1959
2266
1998
1319
689
490
742
1140
1340
1207
848
461
181
32
-42
-139
-331
-606
-843
-921
-865
-888
-1207
-1787
-2317
-2477
-2283
-2103
-2292
-2809
-3241
-3221
-2826
-2500
-2598
-3032
-3389
-3367
-3068
-2845
-2924
-3218
-3488
-3610
-3637
-3635
-3549
-3271
-2836
-2444
-2270
-2267
-2199
-1888
-1399
-949
-672
-483
-208
189
528
579
328
33
34
444
1032
1405
1335
972
728
919
1477
2009
2156
1930
1689
1765
2102
2302
2037
1408
888
872
1300
1751
1864
1672
1512
1645
2004
2302
2330
2126
1870
1690
1585
1498
1385
1213
945
596
308
280
584
1027
1275
1140
752
431
378
520
641
634
582
598
661
636
465
271
256
485
817
1052
1114
1085
1062
1036
924
699
463
367
481
742
1019
1210
1283
1243
1113
939
807
814
998
1278
1476
1410
1022
435
-108
-420
-504
-546
-718
-1003
-1199
-1156
-987
-1011
-1436
-2084
-2505
-2389
-1912
-1607
-1866
-2562
-3157
-3222
-2835
-2475
-2531
-2932
-3245
-3109
-2570
-2012
-1791
-1942
-2198
-2249
-1998
-1618
-1388
-1476
-1807
-2117
-2143
-1836
-1405
-1137
-1130
-1195
-1030
-534
64
405
353
129
96
400
821
1001
798
425
237
401
770
1057
1106
1008
970
1108
1355
1547
1577
1486
1403
1426
1533
1608
1546
1354
1157
1091
1182
1311
1323
1174
968
848
845
858
764
554
353
278
321
349
231
-40
-353
-580
-668
-654
-601
-562
-543
-517
-430
-249
-6
198
268
213
158
238
454
664
725
649
592
693
925
1125
1187
1174
1243
1457
1699
1801
1731
1630
1668
1860
2057
2108
2010
1889
1865
1941
2021
2015
1912
1751
1577
1419
1289
1186
1072
896
639
353
124
-15
-122
-294
-566
-876
-1133
-1300
-1412
-1518
-1625
-1711
-1778
-1860
-1983
-2125
-2242
-2312
-2352
-2385
-2407
-2410
-2419
-2486
-2630
-2784
-2850
-2788
-2654
-2536
-2459
-2382
-2279
-2186
-2154
-2152
-2061
-1806
-1457
-1197
-1133
-1191
-1182
-1003
-728
-514
-421
-364
-222
13
232
337
338
327
373
466
563
645
718
768
767
719
689
748
884
1001
1016
954
920
976
1061
1054
916
731
624
633
678
651
519
339
195
134
158
235
306
307
208
59
-39
-22
67
132
125
113
183
328
429
387
255
204
356
658
929
1038
1008
955
953
992
1044
1126
1278
1488
1674
1763
1775
1794
1876
1981
2045
2066
2102
2190
2276
2268
2143
1982
1889
1875
1858
1754
1572
1390
1270
1202
1132
1024
880
707
502
274
59
-113
-263
-447
-689
-942
-1127
-1234
-1339
-1532
-1803
-2044
-2163
-2188
-2227
-2357
-2542
-2686
-2751
-2786
-2861
-2977
-3064
-3060
-2978
-2874
-2781
-2696
-2604
-2514
-2441
-2368
-2255
-2091
-1914
-1766
-1642
-1500
-1320
-1142
-1021
-960
-893
-762
-585
-430
-332
-246
-112
62
194
225
202
238
404
640
822
880
857
842
881
939
967
963
958
979
1011
1025
1011
979
935
881
833
824
855
873
801
627
443
369
447
590
667
626
525
463
464
475
435
352
293
302
347
352
268
114
-39
-122
-106
-12
105
182
190
162
160
224
332
420
454
473
546
704
899
1046
1103
1103
1122
1211
1357
1507
1608
1647
1645
1643
1669
1733
1806
1841
1803
1708
1616
1579
1581
1550
1431
1255
1120
1080
1093
1052
904
704
551
478
423
297
78
-173
-381
-523
-641
-789
-990
-1214
-1410
-1540
-1609
-1653
-1713
-1800
-1893
-1962
-1997
-2013
-2028
-2047
-2054
-2033
-1975
-1901
-1835
-1801
-1794
-1784
-1732
-1630
-1501
-1382
-1300
-1250
-1217
-1185
-1146
-1090
-1003
-875
-718
-572
-475
-433
-412
-361
-263
-141
-38
30
82
144
214
255
243
188
135
129
173
238
279
268
205
112
22
-44
-86
-116
-143
-164
-171
-166
-173
-224
-319
-414
-439
-376
-274
-219
-253
-335
-381
-355
-287
-234
-211
-189
-138
-67
-4
40
77
121
178
252
357
495
638
741
794
833
923
1083
1269
1413
1486
1525
1589
1702
1827
1912
1937
1935
1953
2008
2070
2101
2085
2042
1990
1938
1887
1841
1803
1754
1673
1562
1459
1392
1339
1250
1098
921
783
697
611
461
238
4
-175
-289
-378
-490
-642
-817
-988
-1137
-1254
-1346
-1434
-1545
-1682
-1811
-1893
-1924
-1950
-2015
-2108
-2162
-2128
-2042
-1984
-1998
-2035
-2014
-1910
-1783
-1694
-1645
-1580
-1472
-1354
-1268
-1206
-1121
-995
-865
-776
-714
-618
-456
-275
-152
-114
-100
-27
125
301
423
474
498
547
626
690
708
697
697
729
769
784
770
742
703
640
548
458
404
383
349
267
164
92
72
64
14
-78
-163
-199
-199
-213
-264
-327
-366
-369
-362
-369
-390
-403
-390
-352
-298
-238
-180
-137
-111
-90
-45
36
136
220
272
311
378
486
614
727
814
895
983
1075
1149
1202
1250
1310
1384
1445
1470
1457
1429
1412
1410
1413
1402
1369
1331
1302
1284
1263
1214
1129
1015
901
816
774
748
695
585
444
325
255
201
116
-5
-117
-187
-244
-347
-507
-671
-779
-834
-883
-949
-1005
-1024
-1027
-1065
-1148
-1234
-1271
-1254
-1220
-1197
-1176
-1144
-1103
-1078
-1075
-1079
-1066
-1019
-947
-864
-788
-733
-694
-659
-613
-558
-498
-435
-365
-291
-231
-195
-176
-159
-132
-99
-67
-29
18
57
67
46
16
2
-1
-17
-63
-124
-175
-207
-231
-266
-320
-382
-440
-491
-534
-567
-592
-610
-630
-656
-687
-718
-740
-748
-738
-712
-675
-639
-617
-610
-597
-560
-492
-412
-339
-277
-208
-121
-21
64
124
172
240
349
490
633
750
836
912
995
1091
1187
1271
1350
1435
1525
1606
1663
1697
1719
1735
1746
1756
1774
1800
1811
1788
1735
1682
1648
1624
1584
1519
1436
1347
1253
1150
1042
930
810
680
549
438
345
246
121
-24
-158
-271
-378
-496
-611
-702
-772
-847
-949
-1064
-1162
-1232
-1283
-1330
-1370
-1395
-1403
-1403
-1400
-1397
-1392
-1383
-1367
-1338
-1300
-1257
-1215
-1171
-1124
-1078
-1035
-982
-911
-822
-733
-659
-598
-533
-464
-403
-360
-328
-289
-240
-192
-150
-110
-70
-45
-44
-57
-60
-41
-17
-9
-16
-30
-46
-74
-120
-171
-211
-233
-248
-270
-300
-330
-358
-391
-434
-477
-506
-513
-509
-509
-520
-535
-541
-535
-523
-510
-493
-463
-410
-334
-255
-194
-156
-124
-80
-14
66
152
244
343
446
541
620
685
749
828
925
1023
1111
1191
1265
1324
1351
1354
1368
1420
1495
1551
1569
1566
1567
1571
1556
1510
1451
1403
1369
1335
1285
1222
1148
1062
966
868
778
694
610
523
440
359
265
153
39
-54
-126
-198
-289
-394
-484
-553
-611
-677
-745
-798
-829
-844
-846
-838
-834
-852
-892
-925
-923
-891
-856
-824
-784
-730
-685
-666
-654
-617
-542
-457
-399
-369
-335
-275
-197
-130
-88
-60
-33
0
41
91
144
181
183
167
160
177
197
199
180
156
138
121
95
68
41
10
-32
-84
-137
-182
-221
-261
-314
-382
-451
-499
-528
-552
-585
-625
-663
-696
-726
-744
-749
-753
-772
-799
-815
-810
-791
-774
-758
-731
-683
-616
-549
-496
-449
-392
-325
-262
-198
-119
-26
48
87
122
192
297
401
481
548
622
700
777
847
906
953
990
1020
1047
1074
1110
1147
1166
1160
1145
1133
1114
1076
1031
1000
980
949
903
848
786
710
625
547
480
414
345
276
209
135
50
-43
-135
-227
-314
-389
-443
-482
-520
-564
-613
-660
-705
-751
-788
-807
-802
-790
-784
-784
-778
-765
-751
-745
-737
-714
-674
-627
-579
-524
-455
-385
-334
-304
-281
-243
-201
-164
-128
-74
-7
50
81
97
116
138
163
192
218
230
230
234
241
232
204
175
156
136
103
63
24
-11
-39
-53
-59
-70
-89
-103
-117
-155
-217
-273
-297
-305
-319
-340
-358
-368
-369
-361
-343
-332
-333
-324
-287
-231
-180
-139
-101
-63
-27
8
47
85
123
173
235
295
343
391
456
529
589
628
657
683
714
754
789
806
805
810
835
860
862
844
829
823
810
782
744
704
662
614
563
505
439
370
302
236
170
107
57
17
-33
-109
-196
-268
-317
-361
-417
-487
-555
-613
-658
-692
-713
-728
-744
-760
-771
-773
-767
-763
-764
-770
-769
-747
-710
-667
-625
-575
-519
-469
-429
-388
-340
-291
-246
-200
-140
-74
-17
28
70
114
155
188
216
248
283
318
346
360
367
375
389
404
406
398
389
386
381
355
300
235
188
165
137
78
-1
-55
-65
-53
-59
-100
-154
-190
-204
-221
-265
-325
-370
-386
-400
-433
-477
-500
-498
-480
-459
-434
-406
-387
-372
-350
-316
-280
-244
-197
-140
-95
-79
-76
-51
10
90
158
204
239
280
331
384
428
456
480
512
558
603
629
633
631
633
638
647
661
671
658
617
571
539
519
503
489
470
433
376
321
284
244
186
116
58
12
-35
-82
-122
-155
-193
-237
-283
-321
-344
-350
-357
-388
-432
-453
-440
-429
-449
-485
-499
-493
-478
-454
-421
-395
-382
-356
-296
-232
-203
-195
-172
-127
-93
-76
-57
-19
27
66
92
108
124
158
207
245
248
231
229
252
275
284
286
285
282
276
276
275
256
218
176
151
141
123
82
34
3
-8
-25
-67
-114
-135
-141
-162
-205
-242
-252
-259
-284
-319
-342
-351
-357
-366
-374
-379
-379
-372
-364
-362
-360
-344
-313
-285
-268
-244
-201
-150
-120
-111
-95
-45
22
68
84
93
121
160
194
222
252
278
289
298
328
371
400
408
413
422
417
392
368
359
347
320
294
280
272
259
245
219
166
91
35
20
17
-12
-68
-120
-155
-184
-216
-247
-281
-317
-344
-354
-360
-374
-394
-407
-413
-417
-417
-407
-392
-379
-369
-356
-336
-308
-270
-227
-195
-180
-168
-136
-84
-27
28
78
122
157
189
221
252
278
309
350
393
418
426
433
453
469
468
460
466
480
477
448
417
405
405
395
368
331
293
253
209
167
124
82
40
5
-30
-71
-119
-165
-209
-252
-292
-320
-344
-381
-429
-458
-453
-439
-451
-486
-505
-494
-477
-479
-489
-481
-458
-447
-451
-450
-426
-384
-336
-287
-242
-204
-168
-128
-83
-45
-13
19
57
98
128
150
172
196
223
259
300
335
357
370
380
389
397
401
392
372
360
368
378
360
314
276
264
262
240
199
155
116
78
44
29
27
13
-33
-98
-150
-172
-179
-199
-229
-248
-250
-257
-286
-319
-329
-319
-314
-327
-335
-319
-284
-252
-224
-191
-154
-129
-125
-126
-106
-59
-11
14
30
69
134
189
217
241
286
342
383
405
421
434
437
440
455
481
501
507
506
504
499
481
452
422
406
403
387
338
272
234
233
226
170
81
5
-42
-70
-102
-146
-201
-259
-305
-337
-366
-403
-448
-491
-530
-559
-567
-563
-572
-601
-627
-628
-609
-591
-579
-560
-527
-497
-490
-499
-489
-432
-348
-285
-260
-234
-171
-90
-31
4
42
84
115
144
197
268
318
342
365
406
444
462
476
500
521
526
521
521
519
507
489
470
444
418
398
379
337
266
195
155
140
122
89
50
8
-46
-111
-176
-227
-273
-325
-379
-411
-411
-399
-410
-443
-471
-479
-485
-505
-524
-528
-518
-503
-479
-449
-426
-413
-388
-340
-281
-229
-176
-115
-62
-39
-31
-4
49
109
166
217
260
292
326
376
434
479
500
510
522
538
558
579
587
576
559
551
547
532
502
474
452
424
383
338
297
257
216
172
127
80
30
-17
-62
-112
-165
-221
-271
-313
-348
-385
-425
-466
-497
-512
-518
-526
-544
-565
-578
-569
-538
-504
-494
-507
-513
-491
-452
-413
-375
-332
-283
-231
-175
-122
-84
-60
-21
45
119
174
215
258
306
341
360
382
417
456
497
538
574
583
564
546
553
576
587
566
526
489
466
446
419
389
359
323
270
206
148
103
58
4
-46
-90
-134
-186
-242
-291
-331
-366
-398
-436
-483
-521
-529
-521
-535
-580
-618
-618
-599
-588
-583
-561
-527
-499
-479
-443
-389
-334
-297
-276
-258
-225
-168
-97
-36
-1
29
82
159
237
295
328
345
361
391
432
468
485
494
511
533
550
556
551
539
522
508
496
472
428
375
335
312
293
261
206
139
77
38
15
-16
-67
-128
-185
-231
-273
-319
-374
-435
-480
-494
-495
-510
-534
-538
-519
-512
-544
-581
-581
-538
-495
-484
-501
-514
-486
-412
-335
-305
-307
-281
-193
-89
-32
-14
18
88
154
181
180
189
231
301
375
435
474
500
527
558
579
580
568
567
588
608
593
545
505
503
518
507
463
415
380
351
311
263
205
143
91
64
44
-3
-85
-168
-224
-255
-275
-288
-305
-345
-408
-460
-480
-487
-502
-526
-545
-555
-556
-540
-509
-483
-476
-470
-442
-401
-369
-352
-325
-275
-215
-176
-160
-140
-83
4
78
106
114
147
216
288
330
352
374
399
424
445
456
450
438
446
482
519
521
485
439
413
413
409
380
329
285
263
235
170
84
26
11
9
-15
-65
-119
-170
-219
-268
-316
-356
-378
-388
-403
-432
-457
-461
-460
-470
-483
-476
-457
-455
-471
-472
-435
-388
-351
-320
-276
-225
-188
-167
-146
-106
-49
9
55
90
131
182
233
271
297
321
354
397
441
470
471
462
472
504
526
520
504
498
493
477
458
444
424
385
343
316
286
240
190
155
122
67
-3
-54
-79
-100
-131
-170
-214
-272
-336
-377
-391
-401
-429
-467
-493
-497
-489
-491
-511
-540
-553
-535
-497
-460
-438
-429
-421
-401
-366
-323
-288
-258
-220
-169
-114
-56
6
58
78
78
99
155
222
272
311
347
376
397
425
465
491
486
475
487
510
521
517
507
490
454
408
376
365
359
346
321
282
231
175
123
76
33
-7
-49
-97
-147
-191
-231
-273
-312
-337
-357
-390
-432
-455
-451
-451
-476
-506
-515
-513
-513
-513
-494
-463
-435
-419
-400
-363
-306
-247
-208
-190
-166
-115
-49
-5
9
27
77
147
213
260
288
307
330
371
413
436
448
470
501
515
507
497
493
484
461
441
433
415
374
322
287
267
246
211
164
115
73
38
-2
-52
-102
-135
-160
-203
-266
-323
-355
-378
-412
-447
-462
-455
-443
-444
-461
-475
-474
-460
-443
-429
-404
-367
-344
-349
-358
-332
-272
-210
-167
-131
-92
-58
-24
22
83
136
162
177
199
234
268
294
315
332
354
381
403
405
396
396
404
402
385
375
378
372
338
295
277
275
257
208
157
131
119
94
51
5
-28
-51
-72
-95
-120
-149
-180
-205
-214
-221
-244
-284
-313
-310
-284
-267
-282
-312
-330
-320
-287
-257
-241
-239
-234
-213
-182
-152
-131
-118
-110
-98
-69
-24
18
32
28
35
63
94
111
128
165
212
237
228
209
207
223
242
253
253
242
224
212
220
230
220
187
161
163
179
175
147
117
107
103
82
41
-1
-30
-43
-46
-50
-62
-84
-105
-116
-128
-145
-160
-157
-147
-157
-192
-219
-209
-178
-161
-166
-177
-184
-189
-184
-156
-120
-101
-102
-102
-85
-63
-47
-30
-5
12
17
19
35
59
73
79
87
102
115
127
142
158
168
168
159
149
140
138
147
155
151
132
107
91
86
80
61
33
22
38
54
37
-7
-31
-20
-12
-42
-91
-116
-110
-100
-105
-116
-121
-124
-132
-147
-161
-166
-154
-129
-111
-112
-121
-109
-81
-62
-74
-100
-111
-96
-73
-54
-41
-28
-14
-2
8
22
42
57
58
49
54
81
111
121
113
112
120
121
109
99
105
115
113
104
102
112
116
104
86
72
62
54
53
56
46
13
-25
-36
-19
-8
-25
-57
-80
-94
-107
-116
-116
-112
-114
-120
-123
-127
-144
-163
-161
-137
-118
-125
-144
-152
-142
-127
-122
-127
-131
-122
-100
-76
-62
-53
-37
-13
5
6
-2
2
22
42
51
58
74
98
120
125
118
105
99
105
124
148
158
152
136
125
120
121
122
120
112
106
108
115
118
106
81
54
31
16
1
-17
-31
-36
-38
-52
-76
-93
-99
-111
-134
-146
-128
-104
-111
-143
-158
-142
-119
-113
-120
-128
-132
-130
-118
-100
-91
-82
-60
-32
-22
-30
-31
-10
12
25
47
80
108
123
148
193
221
200
159
150
184
221
227
209
202
231
282
311
287
239
224
253
275
246
192
163
163
158
125
78
38
16
18
36
50
36
-3
-46
-80
-111
-137
-141
-124
-118
-160
-241
-304
-300
-246
-206
-218
-255
-269
-246
-218
-204
-201
-203
-207
-206
-189
-158
-136
-130
-123
-106
-86
-72
-57
-38
-16
-2
14
40
77
116
147
156
143
134
146
171
184
178
170
174
179
172
159
154
157
150
120
81
63
81
108
101
51
-3
-29
-32
-37
-53
-80
-124
-170
-187
-163
-141
-162
-202
-210
-181
-159
-169
-190
-201
-198
-191
-183
-180
-189
-197
-182
-154
-138
-134
-118
-83
-46
-26
-15
-5
3
16
45
75
84
77
84
116
144
148
149
170
202
215
204
188
184
189
193
190
185
188
198
202
186
152
123
109
102
87
63
36
14
1
-1
-3
-17
-42
-72
-92
-95
-85
-74
-79
-103
-126
-132
-125
-124
-137
-149
-149
-142
-133
-123
-113
-106
-105
-105
-104
-103
-102
-95
-78
-49
-18
3
8
6
17
43
64
70
66
67
76
79
72
65
70
85
106
120
120
111
111
124
135
126
98
74
69
73
70
55
36
19
11
12
12
2
-19
-43
-58
-67
-78
-88
-89
-80
-80
-99
-129
-141
-128
-105
-91
-88
-85
-74
-65
-66
-76
-85
-84
-77
-71
-66
-57
-47
-46
-48
-44
-28
-14
-5
7
31
55
63
61
74
106
137
149
141
131
126
129
139
147
146
138
132
127
118
108
107
117
123
116
100
85
74
68
69
72
61
29
-9
-31
-27
-10
6
10
3
-11
-24
-40
-61
-70
-66
-72
-105
-153
-175
-157
-125
-106
-99
-92
-87
-88
-90
-88
-86
-84
-77
-67
-63
-64
-49
-19
-4
-21
-45
-40
-6
27
42
49
48
39
33
45
69
81
77
72
85
105
119
121
110
91
83
95
119
129
120
102
86
68
54
51
56
53
38
29
32
27
4
-27
-49
-64
-80
-90
-81
-60
-50
-58
-75
-89
-97
-106
-116
-123
-123
-123
-120
-114
-101
-88
-89
-109
-129
-132
-121
-113
-115
-113
-102
-87
-72
-50
-24
-5
0
0
3
5
10
26
50
64
64
60
57
46
34
51
100
143
145
120
105
105
104
97
99
109
104
81
59
53
55
49
28
-3
-35
-47
-33
-17
-29
-57
-65
-42
-21
-30
-60
-82
-93
-99
-96
-82
-73
-85
-115
-146
-170
-178
-166
-139
-118
-125
-148
-157
-140
-108
-85
-77
-77
-72
-58
-39
-25
-15
1
24
48
65
74
81
95
117
137
141
136
142
163
176
161
129
119
138
160
166
163
165
169
167
165
162
147
126
124
144
152
120
67
40
44
46
33
15
0
-17
-35
-43
-38
-35
-46
-64
-81
-96
-106
-101
-90
-93
-111
-128
-132
-133
-141
-142
-131
-125
-143
-167
-161
-118
-66
-38
-35
-42
-43
-36
-22
0
24
40
47
47
44
47
60
78
90
84
67
56
63
82
95
95
93
98
107
114
118
116
107
93
89
96
100
87
65
49
37
18
-5
-17
-16
-22
-42
-63
-73
-79
-87
-89
-87
-98
-125
-147
-145
-132
-126
-126
-117
-109
-121
-142
-143
-117
-92
-88
-96
-100
-96
-88
-75
-52
-29
-12
2
17
27
25
23
33
56
70
65
51
56
84
123
145
143
129
125
133
141
142
143
151
159
156
146
139
135
124
107
93
94
96
86
67
55
50
42
19
-11
-29
-29
-23
-22
-25
-27
-33
-45
-63
-74
-79
-86
-99
-114
-124
-133
-145
-159
-167
-165
-162
-164
-165
-151
-123
-91
-72
-63
-54
-40
-25
-14
-9
-9
-11
-10
0
16
35
47
53
59
69
82
88
83
78
82
96
101
85
65
69
93
111
105
80
58
47
42
43
51
56
47
35
33
33
16
-14
-23
-8
-8
-55
-129
-164
-132
-77
-66
-112
-160
-154
-105
-72
-93
-139
-154
-118
-72
-62
-87
-109
-104
-84
-77
-94
-118
-123
-97
-50
-7
18
27
34
47
58
57
55
67
95
115
104
72
54
77
125
162
158
131
115
127
151
159
139
112
98
100
106
104
96
81
60
42
36
34
19
-8
-31
-41
-48
-62
-73
-73
-78
-105
-142
-161
-150
-137
-144
-167
-182
-182
-175
-163
-143
-121
-109
-114
-129
-133
-119
-98
-86
-87
-85
-67
-38
-20
-16
-15
-9
-1
9
24
46
65
73
84
106
127
128
110
99
106
126
145
159
169
172
170
163
156
146
143
154
170
163
124
80
60
62
60
41
22
25
46
61
55
29
-3
-35
-64
-78
-74
-65
-74
-107
-138
-140
-121
-111
-121
-128
-118
-105
-105
-110
-99
-76
-68
-82
-97
-89
-61
-31
-13
-2
10
29
55
77
83
70
51
44
54
78
104
121
127
127
129
136
145
149
150
147
140
130
125
135
150
151
128
99
79
67
52
43
51
69
72
51
20
-7
-28
-51
-70
-73
-64
-58
-59
-71
-91
-118
-134
-129
-108
-94
-99
-111
-121
-127
-130
-126
-118
-114
-118
-120
-119
-118
-110
-86
-54
-39
-47
-51
-34
-9
-2
-3
14
47
69
72
80
106
128
122
103
102
121
139
141
135
129
120
110
109
118
123
118
108
102
87
58
32
28
41
