0
0
0
0
0
0
0
0
0
-1
-1
-1
0
1
1
0
0
0
0
0
0
0
0
0
0
-1
-1
0
-1
-1
-1
0
0
-1
1
1
1
0
-1
-1
0
0
1
1
0
1
0
0
-1
0
1
0
-2
-2
-1
0
-1
-1
-1
0
-1
-1
0
1
1
1
1
0
0
-1
0
0
-1
-2
-2
-1
-1
-1
-2
-1
0
-1
1
1
0
0
0
0
0
0
-1
0
-1
0
0
-1
-1
-1
0
0
0
0
0
0
-1
-2
-2
-1
1
1
-1
-3
-2
0
1
-1
-2
-1
0
1
-1
-1
1
0
0
0
0
0
-2
-4
-3
-2
0
0
-1
0
0
0
0
0
-1
-1
-1
0
1
0
-1
-1
-1
0
0
0
0
0
0
0
-2
0
1
1
1
0
0
0
0
1
0
0
1
0
0
-2
-1
0
1
-1
-2
-1
0
0
0
0
0
1
1
-1
0
0
3
3
1
-1
0
1
-1
-2
-2
-1
1
0
1
0
0
-1
-2
-1
0
0
0
0
-1
0
0
1
0
1
-1
-1
-2
-1
1
1
2
2
1
-1
-1
-2
0
1
1
2
0
-1
-1
-1
-1
0
0
0
-1
-1
0
0
0
0
1
1
0
-2
0
4
4
2
0
-1
-2
-3
-3
-1
2
1
0
-2
-2
-3
-3
-1
1
1
0
0
0
-1
-3
-2
-2
-2
-1
1
1
-1
-3
-2
1
2
0
-1
0
1
0
0
1
1
1
0
1
1
1
0
1
1
1
0
-2
-2
-1
-1
-2
-1
-1
1
0
1
2
4
3
0
-1
-1
1
2
3
3
2
2
1
0
0
1
1
2
2
0
-1
-1
1
2
1
-1
-2
-2
-1
-1
0
0
-1
-2
-2
-1
0
1
0
-1
0
-1
-1
0
1
1
0
0
1
1
1
1
-1
-3
-4
-5
-3
-2
-2
-1
-1
-1
-3
-5
-5
-2
0
1
-2
-6
-8
-5
-3
-2
-2
-1
0
-2
-4
-5
-4
-2
-1
-1
-2
-3
-5
-4
-2
-1
-3
-7
-9
-6
-2
1
1
0
-2
-4
-6
-5
-2
1
3
4
4
3
2
1
1
3
4
4
4
4
3
1
-2
-1
0
2
2
0
1
1
2
1
-1
-3
-3
0
3
3
1
0
0
-1
0
1
3
3
0
-4
-5
-5
-3
-2
0
3
4
2
0
-2
0
2
3
1
1
0
-1
-1
0
1
0
0
2
2
3
3
6
8
6
2
0
3
4
4
3
2
2
1
0
0
4
5
5
4
5
5
4
3
1
0
2
5
7
6
4
5
4
3
3
2
3
4
3
0
0
0
-1
1
3
4
1
-1
-3
0
2
4
5
3
0
-3
-3
-1
-1
-1
-1
-2
-3
-5
-5
-3
-2
-3
-3
-3
-4
-5
-2
2
4
1
-1
-1
1
0
-1
2
5
5
2
-2
-3
-2
-1
0
-1
0
0
1
2
4
4
4
2
0
0
1
3
3
2
1
0
-1
0
4
5
4
1
0
-1
-2
0
3
3
0
-5
-2
1
2
-3
-4
-2
2
2
1
1
1
1
0
1
-1
-3
-3
-1
1
-1
-1
2
3
0
-3
-2
0
0
-2
0
3
2
-3
-4
-3
-1
-1
-1
1
1
-3
-6
-6
-5
-2
1
2
-1
-6
-8
-6
-3
-3
-3
-3
-4
-7
-9
-8
-5
-4
-2
1
3
2
2
3
3
-1
-3
-1
3
2
-1
-2
-1
-1
-2
-1
2
1
0
0
-1
-4
-10
-12
-10
-7
-5
-3
-3
-6
-9
-9
-4
0
1
1
0
-2
-3
-3
-2
-6
-9
-9
-4
-2
-2
-3
-3
-4
-6
-6
-2
-1
-4
-5
-5
-3
-3
-2
2
4
4
3
1
-1
-5
-5
-1
3
0
-6
-8
-6
-4
-1
5
10
10
3
-1
2
8
11
10
7
3
-2
-3
2
9
12
11
8
6
6
6
8
8
5
1
0
1
4
3
3
2
3
1
-2
-3
-1
1
3
4
0
-4
-10
-12
-13
-8
-2
3
3
-1
-3
-2
1
3
3
3
2
0
-1
1
4
3
2
4
5
8
8
7
4
2
6
13
15
13
8
8
8
5
3
5
8
8
2
-3
-4
-3
0
1
0
-1
-1
2
3
0
-1
0
2
2
3
5
5
1
-3
-3
0
3
2
1
-1
-1
-1
-1
-1
-1
-2
-3
-5
-5
-3
0
0
0
1
3
6
5
4
3
1
-1
-3
-4
-3
-1
2
4
2
-1
-2
0
0
-1
-1
1
3
2
2
2
-1
-4
-5
-4
-3
-1
0
1
1
-1
0
4
5
2
0
0
0
-2
-4
-4
-2
-2
-4
-4
-1
-1
-3
-7
-7
-4
0
0
-1
-1
0
-1
-4
-5
-2
0
1
0
-1
-1
-1
-1
-3
-6
-7
-5
-1
2
0
-3
-3
-4
-4
-1
4
7
4
1
-2
-2
-1
1
3
3
-1
-3
0
2
2
3
5
6
4
0
-1
-1
0
3
3
4
2
3
6
6
3
1
4
5
6
7
8
6
2
-2
-4
-7
-8
-6
0
1
-3
-3
1
1
-4
-9
-7
-5
-4
-4
0
3
2
-1
-4
-5
-4
-4
-1
0
1
3
3
-1
-4
-4
-2
-5
-11
-13
-6
1
2
-3
-9
-11
-12
-10
-6
1
6
4
-1
-5
-3
1
2
0
-3
-5
-7
-5
0
5
2
-7
-14
-16
-14
-12
-7
-2
2
-1
-3
-5
-5
-5
-4
-2
-1
0
2
8
10
10
9
7
3
-3
-6
-2
3
4
4
4
3
0
-2
-4
-6
-10
-7
-1
3
1
-1
-2
-1
0
1
5
7
5
4
3
2
2
2
5
5
0
-2
2
5
3
0
0
-2
-7
-9
-6
-1
1
2
6
9
7
2
1
4
7
7
4
1
0
0
4
6
6
3
3
2
3
3
9
18
21
16
6
1
3
4
4
2
3
2
-3
-6
-3
3
6
2
0
3
5
6
4
-2
-5
-6
-5
-3
0
8
16
17
5
-3
-1
4
-1
-9
-7
8
22
20
9
0
-4
-3
1
7
9
6
-2
-10
-13
-8
1
5
-1
-7
-4
7
12
11
10
12
13
5
-3
-3
1
3
-1
-6
-8
-9
-8
-5
-1
0
-5
-10
-7
1
4
-1
-7
-10
-13
-17
-16
-6
8
14
8
-1
-4
-2
3
0
-7
-10
-7
-1
-1
-4
-3
2
-1
-10
-11
-3
1
-6
-14
-14
-13
-22
-28
-22
-15
-12
-11
-9
-11
-21
-21
-6
8
2
-7
-7
-2
-7
-13
-6
9
7
-7
-13
-9
-4
-2
5
14
12
-2
-8
-2
10
18
21
15
4
-2
4
11
13
16
23
16
-7
-14
8
27
8
-25
-20
19
39
17
-10
-10
6
9
2
-3
-2
3
19
34
30
12
9
28
41
29
9
6
12
13
14
21
18
-3
-22
-8
20
24
-3
-23
-7
26
38
21
-2
-16
-17
-12
-2
7
5
-12
-29
-28
-10
4
0
-12
-16
-7
0
0
-4
-6
-8
-4
5
7
-2
-16
-16
-3
3
-3
-8
-5
-2
-7
-9
-6
-4
-12
-20
-15
-4
-4
-21
-34
-36
-30
-22
-12
-6
-17
-40
-52
-36
-9
2
-8
-15
-9
-7
-17
-24
-10
14
22
12
3
3
2
0
9
25
29
18
12
11
7
-4
-5
7
12
2
-7
2
9
-6
-27
-18
13
25
4
-19
-16
11
35
44
37
19
5
8
27
43
47
39
29
20
13
16
28
34
19
-8
-17
-2
14
9
-12
-23
-18
-17
-30
-44
-36
-14
-1
-7
-16
-19
-20
-19
-7
19
36
29
7
-4
3
25
48
56
34
-6
-23
-1
30
33
9
-4
0
-4
-26
-42
-33
-15
-8
-13
-17
-22
-32
-37
-26
-8
1
-1
-2
-3
-10
-17
-4
21
31
12
-11
-8
9
8
-6
-6
15
21
-3
-29
-24
2
16
10
0
-7
-17
-24
-12
8
10
-12
-29
-26
-13
-11
-12
-9
-11
-21
-26
-10
12
15
-1
-8
6
21
21
12
11
19
28
25
10
-10
-16
3
34
41
9
-36
-51
-26
9
25
17
0
-23
-50
-52
-9
46
45
-23
-77
-52
13
34
-2
-26
-12
4
-2
-6
5
0
-27
-26
23
59
29
-26
-31
12
43
38
25
23
24
33
48
40
3
-12
34
86
55
-36
-74
-16
53
51
1
-27
-23
-16
-8
10
22
10
-7
-6
10
25
26
20
7
-4
1
15
25
22
12
-7
-32
-37
-4
30
17
-26
-39
-14
-10
-39
-38
12
43
3
-56
-61
-22
3
4
6
2
-22
-45
-40
-21
-13
-6
12
9
-31
-64
-39
15
31
7
-3
10
10
-7
-6
25
51
49
27
3
-11
-3
30
47
25
-8
-11
4
0
-12
3
26
10
-35
-50
-16
15
12
-5
-14
-25
-39
-26
11
25
-5
-35
-26
-5
-7
-19
-8
10
7
-18
-29
-13
6
5
-4
-1
9
2
-22
-30
-1
32
18
-30
-50
-17
23
18
-17
-37
-29
-12
2
12
7
-15
-27
-13
5
3
-4
4
15
8
-5
-10
-14
-12
19
62
51
-25
-72
-22
60
72
28
4
6
-10
-21
30
94
67
-27
-53
23
82
42
-18
-14
18
16
7
30
43
-3
-50
-25
42
61
20
-14
-7
2
-1
7
32
40
14
-16
-16
9
30
22
-3
-12
11
37
29
1
-8
12
25
20
21
37
36
5
-19
-8
20
32
27
12
-14
-40
-41
-19
2
3
-3
-16
-44
-67
-49
2
28
4
-33
-43
-32
-16
5
16
-4
-36
-39
-25
-29
-42
-29
-12
-45
-100
-91
-23
2
-46
-78
-48
-26
-52
-62
-21
2
-36
-65
-42
-29
-70
-97
-68
-57
-87
-78
-44
-135
-331
-338
-34
221
46
-368
-499
-226
82
158
98
10
-143
-254
-69
336
498
226
-52
68
352
344
128
160
480
623
356
26
30
288
480
486
386
216
8
-77
102
403
482
208
-172
-309
-119
174
276
94
-204
-355
-252
-36
70
-11
-168
-255
-227
-130
-34
6
-40
-124
-150
-72
34
58
-5
-58
-42
-1
4
-20
-44
-72
-100
-96
-64
-77
-159
-218
-175
-102
-124
-208
-225
-153
-112
-147
-158
-91
-42
-92
-152
-99
21
60
-12
-72
-28
65
106
72
21
8
38
81
108
103
71
37
30
59
85
63
4
-25
6
37
-5
-102
-171
-147
-46
27
-67
-350
-579
-441
13
282
-2
-560
-758
-385
137
325
126
-208
-412
-316
82
481
489
130
-106
81
386
387
195
227
502
607
363
86
106
345
530
545
422
200
-14
-21
236
511
499
189
-136
-197
26
317
397
164
-193
-347
-175
114
221
80
-144
-270
-242
-103
50
106
3
-179
-278
-208
-42
61
20
-94
-154
-142
-150
-215
-237
-130
-3
-46
-256
-416
-365
-179
-46
-55
-177
-334
-415
-325
-108
42
-5
-156
-229
-180
-92
-15
51
69
1
-78
-55
40
73
22
8
76
92
-26
-132
-56
133
204
79
-82
-109
-14
87
122
86
12
-46
-34
38
97
90
49
17
-8
-30
-4
83
144
85
-35
-61
46
148
126
38
8
55
94
92
90
105
104
83
80
103
108
83
78
104
98
30
-21
27
115
111
4
-72
-26
71
92
26
-32
-31
-9
-5
6
46
63
0
-83
-78
3
36
-25
-62
2
55
-36
-167
-124
79
173
15
-206
-238
-92
38
64
27
-45
-149
-200
-108
45
75
-47
-150
-127
-63
-60
-72
-27
19
-26
-122
-144
-70
4
14
0
0
-14
-65
-97
-39
76
117
1
-173
-211
-54
123
115
-60
-197
-174
-69
-1
25
28
-40
-183
-252
-112
122
179
-14
-215
-190
15
167
149
46
-21
-19
31
108
171
165
104
66
104
162
159
119
125
185
205
137
63
86
182
236
192
112
71
74
94
122
153
150
87
6
-15
54
140
142
45
-49
-43
36
69
9
-59
-47
2
-7
-66
-86
-53
-53
-106
-122
-58
-30
-131
-256
-226
-64
18
-87
-241
-269
-184
-113
-103
-113
-134
-193
-242
-193
-70
-14
-85
-165
-133
-47
-37
-94
-87
14
81
26
-63
-56
37
108
122
120
112
61
3
40
178
271
194
31
-29
71
196
205
116
45
45
73
75
57
47
44
32
13
1
-10
-35
-64
-58
-9
22
-29
-127
-163
-91
6
20
-44
-97
-93
-70
-59
-35
14
33
-13
-71
-62
7
57
63
69
86
61
-11
-36
54
171
177
71
-12
5
66
101
120
144
126
33
-52
-18
104
170
113
21
-5
15
18
11
49
103
90
5
-61
-46
7
41
62
82
46
-75
-181
-126
66
188
94
-120
-237
-168
-15
85
74
-32
-170
-237
-160
-3
67
-23
-152
-173
-102
-65
-93
-92
-26
13
-53
-152
-157
-62
30
49
19
-31
-85
-101
-25
106
156
55
-82
-88
36
134
105
27
6
37
40
11
14
62
89
56
9
2
24
35
35
41
37
4
-25
-1
52
59
11
-23
9
55
43
-9
-26
11
42
28
-3
-11
-2
-1
-5
3
17
10
-15
-33
-24
-6
-3
-16
-25
-19
-14
-25
-42
-34
4
34
11
-48
-71
-22
47
55
7
-24
-3
28
28
24
42
56
27
-12
2
60
86
49
8
7
26
30
32
39
18
-39
-63
0
75
43
-73
-126
-55
29
16
-48
-67
-52
-64
-78
-32
37
24
-72
-119
-53
25
15
-36
-33
7
1
-53
-66
-8
52
51
9
-28
-51
-46
5
76
84
-4
-100
-96
0
73
57
-6
-51
-60
-44
-6
37
37
-26
-91
-79
-7
34
-3
-57
-57
-13
12
-5
-30
-31
-14
1
6
-1
-18
-22
2
29
18
-18
-21
24
55
27
-19
-13
33
56
40
25
29
24
6
16
58
80
46
2
4
42
65
60
55
54
35
8
9
43
72
63
28
-4
-12
8
50
78
57
-5
-43
-14
46
71
36
-13
-24
2
24
18
1
5
24
16
-30
-67
-44
19
46
1
-66
-94
-72
-31
1
8
-27
-91
-124
-84
-10
15
-33
-90
-100
-76
-59
-50
-34
-21
-35
-71
-87
-68
-34
-8
5
-3
-35
-68
-58
4
62
54
-8
-52
-35
17
49
45
27
12
1
-7
4
28
45
34
6
-12
-6
13
26
21
11
7
8
3
-2
7
29
38
16
-13
-11
22
48
42
22
12
10
7
14
36
46
21
-12
-13
16
33
19
4
6
13
6
-4
2
14
16
8
5
7
2
-4
2
23
31
12
-14
-14
13
36
34
17
8
8
9
15
34
51
38
1
-16
12
52
57
26
-6
-16
-7
16
43
39
-18
-78
-66
13
59
14
-61
-82
-50
-21
-11
-1
-2
-37
-76
-62
-9
12
-15
-31
-10
-2
-41
-71
-29
43
55
-4
-61
-60
-18
24
43
30
-13
-57
-53
-2
46
42
-2
-40
-42
-15
12
15
-5
-22
-22
-11
-9
-14
-12
-8
-14
-25
-19
0
4
-15
-29
-16
6
11
5
3
3
-5
-9
8
35
43
23
0
-2
12
26
34
36
31
14
-1
2
19
35
37
27
15
7
4
12
30
45
39
12
-13
-11
16
43
47
24
-8
-26
-7
34
58
31
-19
-36
0
43
44
7
-19
-9
19
31
21
-1
-15
-4
20
30
6
-29
-34
2
35
23
-28
-65
-48
8
41
12
-50
-81
-50
4
24
-1
-38
-55
-46
-22
3
8
-13
-40
-40
-17
-3
-13
-21
-10
1
-10
-29
-26
-1
17
12
-5
-17
-21
-10
10
26
18
-10
-30
-23
4
26
27
3
-30
-44
-20
23
43
15
-37
-63
-39
9
40
30
-11
-45
-46
-13
28
44
24
-14
-33
-17
16
34
29
20
15
5
-11
-6
28
61
52
6
-24
-12
24
46
47
32
7
-13
-8
26
55
43
4
-21
-8
20
32
24
8
-4
-10
-6
8
26
29
11
-16
-24
-1
32
42
21
-10
-19
-4
18
30
26
10
-8
-17
-11
4
15
15
2
-12
-22
-30
-35
-27
-3
17
0
-48
-76
-49
1
18
-7
-35
-42
-40
-39
-19
13
18
-17
-46
-34
-10
-12
-21
0
31
18
-32
-51
-16
25
32
19
7
-14
-41
-35
16
56
35
-19
-43
-28
-6
9
23
27
0
-35
-35
1
25
18
3
-1
-8
-18
-14
9
21
6
-10
-5
2
-5
-8
7
25
18
-3
-8
3
12
14
18
18
3
-13
-4
21
29
10
-8
-3
12
18
15
8
0
-3
8
26
27
8
-10
-2
18
29
22
6
-6
-6
8
25
26
6
-9
-3
14
20
15
15
20
16
5
4
16
21
14
10
14
13
-4
-16
-5
14
7
-18
-30
-23
-19
-30
-32
-16
-6
-23
-45
-43
-19
-5
-9
-12
-12
-21
-35
-30
-4
13
3
-15
-17
-11
-13
-17
-5
15
20
4
-14
-19
-11
8
31
39
17
-19
-33
-10
26
40
28
1
-24
-32
-15
15
27
12
-16
-30
-29
-24
-14
-1
7
-6
-28
-38
-31
-15
-2
5
2
-15
-32
-29
-7
16
22
11
-5
-12
-7
9
27
33
27
16
12
16
25
32
32
24
17
20
25
22
13
9
16
20
19
15
12
6
5
15
30
34
21
8
12
25
31
25
18
16
19
25
29
25
15
11
18
23
18
6
0
0
1
8
11
0
-23
-34
-21
-7
-14
-32
-34
-27
-32
-47
-45
-23
-12
-26
-40
-39
-35
-38
-31
-7
7
-15
-48
-48
-15
8
4
-8
-13
-24
-36
-30
0
20
3
-26
-36
-25
-15
-4
11
13
-10
-37
-34
-4
17
10
1
2
-1
-15
-17
7
26
15
-10
-19
-14
-15
-13
10
33
18
-25
-44
-17
14
19
11
14
16
-3
-19
-1
32
40
21
11
16
11
-5
3
41
60
31
-8
-11
9
20
23
38
45
17
-23
-20
24
51
38
18
14
6
-12
-9
32
62
40
-2
-10
9
14
7
22
45
32
-13
-33
-2
34
33
19
18
13
-14
-26
7
51
45
2
-18
-2
9
-3
-2
21
27
-5
-31
-19
5
0
-14
-3
14
-3
-38
-36
-1
13
-11
-28
-17
-12
-36
-49
-23
1
-18
-53
-53
-32
-33
-51
-39
-4
-3
-41
-59
-34
-9
-17
-24
-1
14
-12
-41
-21
24
31
3
-5
12
10
-11
-5
39
60
27
-10
-1
25
21
10
29
51
25
-24
-30
13
35
13
-6
1
-4
-38
-49
-6
33
11
-37
-45
-23
-19
-30
-10
26
17
-33
-51
-11
30
22
5
18
29
2
-21
12
64
64
21
4
27
38
20
21
56
65
18
-20
4
46
43
12
12
28
10
-23
-9
40
50
5
-25
-1
25
11
-1
24
44
11
-27
-7
41
43
5
-5
19
18
-15
-19
20
34
-7
-37
-14
16
2
-23
-13
6
-16
-48
-27
26
29
-25
-60
-40
-15
-23
-28
-2
10
-35
-84
-69
-10
11
-23
-49
-40
-36
-55
-51
-2
33
3
-48
-49
-14
5
9
37
64
32
-32
-33
42
100
83
43
28
17
-4
14
83
115
54
-25
-26
23
39
28
40
53
11
-47
-38
19
33
8
14
41
7
-68
-71
22
96
66
-11
-48
-46
-33
-3
44
64
24
-47
-91
-65
19
83
55
-36
-68
-6
44
10
-23
30
95
66
-8
-5
67
116
130
143
138
97
91
172
262
258
180
111
93
139
242
301
197
4
-57
66
189
182
117
58
-31
-105
-39
100
96
-44
-70
47
41
-162
-245
-30
189
101
-155
-255
-161
-49
14
46
0
-136
-215
-134
1
49
28
-4
-78
-200
-224
-67
101
51
-177
-305
-179
39
54
-193
-424
-342
-3
212
50
-305
-458
-248
139
411
397
139
-138
-160
142
524
643
390
-20
-259
-157
154
340
176
-194
-389
-232
31
44
-198
-379
-308
-158
-163
-271
-291
-238
-285
-394
-323
-53
107
-22
-214
-203
-43
98
221
308
198
-62
-93
238
480
277
-25
57
311
224
-76
-25
383
555
248
-111
-142
46
225
337
311
77
-190
-201
2
99
-16
-165
-234
-243
-163
41
220
229
185
266
397
462
599
940
1241
1168
844
743
1097
1631
1856
1520
855
426
555
930
997
621
46
-586
-1206
-1511
-1312
-1073
-1429
-2242
-2834
-2968
-2865
-2540
-2114
-2452
-4085
-5617
-4940
-2400
-992
-2556
-5295
-6258
-4988
-3330
-2632
-2777
-3429
-4477
-5218
-4625
-2891
-1591
-1753
-2612
-2918
-2686
-2681
-2684
-1645
254
1042
-536
-2860
-3081
-610
2270
3214
2016
40
-1100
-132
2936
5827
5613
2331
-452
177
3050
4939
4577
3049
1507
526
833
2476
3763
3047
1129
-90
-686
-1902
-2805
-1115
2230
2866
-993
-5306
-5230
-1159
2629
3435
1682
-1154
-3089
-1516
3708
7753
5515
-918
-3730
409
5829
5970
2149
460
2664
4895
4472
3340
4083
6149
7415
7074
5740
4489
4648
6783
9156
8926
5738
2549
2110
4066
6145
6610
4849
1461
-1208
-433
3479
6537
5387
1303
-1478
-532
2865
5711
5864
3367
537
203
2786
5567
5764
3671
1763
1411
1821
1812
1221
386
-651
-1921
-2973
-3126
-2436
-2149
-3482
-5723
-6516
-4938
-3115
-3346
-4876
-5851
-7106
-10310
-12940
-10293
-3804
-1899
-8960
-18008
-19260
-12730
-6785
-6543
-9852
-13397
-15919
-15356
-9936
-3600
-3501
-9524
-12907
-8782
-3371
-3663
-6340
-4229
1178
2461
-968
-2043
2141
6379
6772
6223
7605
8418
6484
5295
8523
13087
12952
7722
2935
2890
6597
10024
9843
5828
1349
377
2892
5128
4826
3034
-18
-5697
-11308
-9885
-634
5922
409
-11592
-16338
-10116
-1941
719
-694
-3239
-6958
-9101
-3974
6354
10266
2407
-6630
-4742
4235
7503
2891
-109
3070
6313
4909
2724
3823
5779
5816
6202
8471
8717
4471
940
3876
9996
11195
6069
917
433
3167
5864
6990
5754
2321
-328
1099
5100
6603
3994
1080
1062
2593
3434
4114
5452
5792
3860
2079
3589
7240
8740
6326
2713
1333
2681
4657
5007
3043
-65
-2357
-2889
-2418
-2221
-2860
-4287
-6124
-7375
-7030
-5636
-4979
-5455
-5379
-4039
-3557
-5737
-8597
-8596
-5520
-2622
-2312
-4113
-6597
-8641
-8724
-5837
-1951
-1011
-4121
-7736
-7950
-4947
-1931
-1232
-2822
-5267
-6656
-5667
-3084
-1442
-2161
-3940
-4774
-4287
-3151
-1714
-446
-216
-774
-481
1077
2037
1519
1712
4255
6621
5445
1994
653
2723
5412
6407
5716
3462
109
-1424
1103
3802
281
-7845
-10830
-4582
2062
-655
-9641
-14216
-11162
-6490
-4618
-4455
-5547
-9094
-11796
-7669
1212
4420
-1960
-8308
-5453
1765
3145
-586
-459
4860
7224
3310
158
3416
8895
10458
9064
8543
8342
6733
6589
10936
15629
13765
6355
1802
4409
9389
10597
7858
4494
2159
1075
1964
4415
5532
3208
-573
-2098
-504
1974
3217
2696
828
-1020
-742
2095
4639
3807
600
-1019
541
2815
3300
2382
1215
-492
-2579
-2780
99
2879
1395
-3286
-5626
-3051
885
2023
840
-3
-123
-285
562
3046
4043
421
-4707
-4885
14
2706
-1055
-6420
-7266
-5037
-4954
-7240
-8086
-7065
-7282
-8976
-9083
-7385
-7193
-8919
-8828
-6020
-4862
-7519
-9479
-6675
-2427
-2192
-4947
-5483
-2947
-1095
-1250
-1020
157
-5
-1338
-499
2863
4410
2010
-441
819
3603
3896
2290
1943
2834
2740
2008
2401
2404
-1002
-6029
-7042
-2955
324
-2048
-7588
-10903
-10674
-9110
-7588
-6569
-7430
-10393
-12099
-9337
-4348
-2425
-4533
-6371
-5022
-2408
-1000
-112
1502
2699
2332
2070
3936
6811
8218
8237
8765
9928
10246
9874
10559
12346
13206
12421
11616
11665
11228
9591
8417
8947
9535
8122
5620
4505
5070
5424
4631
3573
2891
2287
1953
2606
3676
3476
1906
1123
2448
4254
4305
2938
2256
3043
4183
4717
4826
4798
4529
4281
4678
5450
5327
3810
2126
1642
2010
1802
577
-698
-1226
-1390
-1900
-2693
-3253
-3514
-3823
-4278
-4760
-5422
-6371
-6964
-6441
-5489
-6006
-8563
-11107
-11312
-9514
-8086
-8381
-9712
-10927
-11356
-10401
-8096
-6278
-7093
-9708
-10611
-8250
-5287
-4826
-6407
-7632
-7833
-7713
-6985
-5351
-4620
-6566
-9248
-9000
-5944
-3925
-4583
-5403
-4653
-4110
-4966
-4975
-2594
-481
-1317
-2984
-1966
735
1531
359
-15
268
-1414
-4124
-3550
582
2829
81
-3735
-4027
-2001
-1010
-662
753
1479
-595
-2457
318
5722
7336
4014
1353
2726
5032
5256
5267
6939
7846
6023
4612
6936
10390
10515
8443
8610
10855
11025
8836
8750
12140
14568
12898
9892
9039
9439
9071
9017
10371
10459
6836
2684
3116
7292
9260
6428
2464
1229
2270
3609
4876
5660
4321
1101
-400
2150
5762
5814
2404
-136
666
2947
4057
3620
2470
1076
126
663
2269
2633
422
-2494
-3196
-1469
83
-538
-2609
-4145
-4265
-3516
-2717
-2339
-2648
-3573
-4365
-4113
-2945
-2177
-2765
-4050
-4709
-4614
-4769
-5466
-5760
-5173
-4727
-5410
-6545
-6830
-6271
-5855
-5818
-5698
-5737
-6590
-7664
-7485
-6129
-5548
-6785
-8455
-8939
-8601
-8581
-8744
-8377
-7915
-8215
-8775
-8408
-7262
-6498
-6214
-5476
-4349
-4018
-4574
-4493
-2928
-1001
-76
-74
-283
-504
-543
150
1314
1459
-204
-2327
-3052
-2274
-1237
-750
-951
-1983
-3488
-4085
-2867
-936
-95
-447
-741
-552
-380
4
1289
2785
2936
1936
1799
3362
5222
6288
7216
8381
8734
8111
8510
11086
13745
14016
12754
12501
13434
13819
13519
13840
14266
12837
10034
8846
10055
10784
9099
6922
6396
6411
5248
4004
4300
4717
3049
590
372
2024
2328
605
-432
419
1109
480
360
1765
2559
1183
-294
443
2026
1824
324
-126
518
388
-623
-889
-402
-913
-2610
-3581
-3125
-2932
-4102
-5340
-5254
-4531
-4562
-5365
-6120
-6583
-6884
-6855
-6514
-6513
-7259
-8144
-8260
-7460
-6370
-5816
-6304
-7430
-7794
-6434
-4320
-3430
-4288
-5515
-5864
-5384
-4506
-3487
-3115
-4266
-6121
-6540
-5113
-4114
-5194
-6844
-6855
-5747
-5643
-6744
-7337
-6789
-6124
-5744
-5002
-4256
-4843
-6261
-5901
-2961
-400
-1029
-3403
-3950
-1887
513
1678
1868
1005
-1326
-3314
-1808
2797
5619
3415
-863
-2178
121
2831
4036
4139
3079
621
-951
1303
5879
7601
4666
1182
1089
3228
4658
5269
6135
6296
4870
4108
6473
10139
11213
9494
8345
9318
10624
10950
11210
11902
11945
11024
10431
10656
10520
9563
9035
9557
9878
9007
7739
7122
6996
6815
6418
5434
3525
1633
1246
2028
2088
903
-146
-450
-956
-1719
-1455
-414
-814
-3043
-4342
-3067
-1463
-2006
-3634
-4132
-3856
-4172
-4372
-3357
-2586
-3858
-5568
-4855
-2507
-1887
-3460
-4347
-3386
-2662
-3322
-3641
-2576
-1866
-2810
-3844
-3292
-2122
-1936
-2273
-2045
-1840
-2565
-3242
-2521
-1296
-1513
-3061
-4093
-3990
-3869
-4295
-4576
-4491
-4843
-5862
-6626
-6580
-6359
-6595
-7085
-7577
-8226
-8852
-8815
-8160
-7821
-8134
-8253
-7634
-6989
-6950
-6872
-5980
-4761
-4128
-3963
-3600
-3011
-2402
-1392
113
997
414
-427
292
2199
3252
2812
2187
2142
2062
1910
2691
4166
4378
2659
1153
1800
3524
4094
3330
2631
2479
2420
2640
3520
4192
3563
2495
2960
5009
6493
6208
5546
6195
7648
8178
7454
6867
7439
8511
8842
8271
7639
7458
7485
7566
7845
7888
6769
4771
3723
4494
5311
4156
1770
351
189
-73
-602
-553
-700
-2677
-5429
-5804
-3480
-1977
-3523
-6042
-6786
-5981
-5019
-3942
-2863
-3169
-4906
-5458
-3314
-811
-577
-1572
-1462
-604
-502
-400
1115
2786
2503
1166
1216
2484
2965
2711
3294
4206
3574
2018
1987
3436
3907
2945
2631
3380
3096
1351
623
2021
3152
1965
-190
-1170
-1162
-1306
-1412
-1062
-1235
-2765
-4487
-4749
-3850
-3394
-3968
-4868
-5551
-6044
-6216
-5741
-4837
-4366
-4961
-6220
-6905
-6198
-4780
-4127
-4563
-4848
-4139
-3210
-2916
-2711
-1900
-1160
-1312
-1637
-1059
-57
364
596
1399
1967
1274
424
1135
2588
2573
1303
1091
2319
2857
1849
1020
1477
2053
1795
1486
1596
1254
443
739
2439
3360
2140
591
899
2361
2926
2390
1933
1773
1427
1396
2466
3843
3895
2554
1404
1474
2263
2844
2786
1997
732
-185
-32
804
1130
330
-1030
-1963
-2002
-1462
-1100
-1467
-2402
-3237
-3558
-3517
-3416
-3381
-3529
-3971
-4459
-4445
-3732
-2765
-2091
-1824
-1688
-1371
-791
-164
227
486
1036
1894
2492
2583
2794
3683
4750
5154
4972
4926
5222
5540
5828
6144
6067
5312
4661
5081
6043
6021
4711
3465
3250
3437
3096
2334
1653
942
-60
-962
-1241
-1211
-1725
-3004
-4347
-4990
-4907
-4674
-4813
-5384
-6114
-6709
-6953
-6718
-6177
-5873
-6136
-6502
-6234
-5384
-4688
-4351
-3828
-3014
-2640
-2969
-3040
-1997
-427
471
453
201
281
863
1946
3085
3416
2719
1994
2205
2983
3302
2916
2319
1841
1594
1801
2316
2355
1549
732
781
1262
1226
746
539
571
272
-233
-359
-259
-546
-1001
-829
-152
32
-506
-848
-441
111
147
-118
-212
-168
-198
-205
-104
-160
-600
-1173
-1424
-1221
-849
-731
-1123
-1882
-2493
-2505
-1998
-1508
-1557
-2249
-3164
-3571
-3040
-2034
-1565
-2064
-2843
-2950
-2231
-1303
-752
-678
-789
-664
-85
685
1167
1320
1592
2210
2817
3074
3184
3506
4036
4561
4967
5121
4854
4399
4386
4993
5487
5114
4115
3367
3276
3530
3706
3607
3117
2296
1573
1411
1700
1803
1268
300
-482
-638
-280
19
-211
-872
-1468
-1674
-1528
-1191
-902
-1033
-1674
-2204
-1878
-917
-333
-552
-947
-944
-790
-801
-709
-324
-142
-579
-1166
-1207
-794
-491
-446
-447
-489
-610
-523
-41
437
415
21
-260
-272
-157
-13
49
-117
-317
-110
404
574
303
330
933
1314
942
510
725
1093
892
487
541
743
507
187
344
501
-63
-859
-941
-588
-834
-1686
-2235
-2262
-2352
-2627
-2697
-2711
-3138
-3688
-3674
-3299
-3322
-3626
-3462
-2945
-2897
-3276
-3209
-2582
-2183
-2178
-1908
-1315
-1088
-1128
-432
1023
1842
1342
752
1349
2588
3114
2730
2272
2184
2311
2634
3177
3453
2950
2102
1917
2566
3077
2667
1760
1299
1515
1812
1706
1364
1157
1100
996
884
997
1305
1461
1287
1049
1101
1410
1671
1745
1790
1954
2157
2285
2416
2663
2901
2874
2617
2447
2475
2424
2127
1847
1751
1473
728
26
47
497
418
-410
-1227
-1549
-1758
-2209
-2641
-2890
-3325
-4066
-4548
-4413
-4161
-4305
-4579
-4609
-4675
-5022
-5101
-4380
-3423
-3187
-3571
-3647
-3088
-2430
-2006
-1605
-1181
-994
-895
-343
602
1108
798
388
647
1298
1559
1315
1044
925
714
402
281
292
-8
-652
-1057
-922
-811
-1336
-2208
-2650
-2514
-2378
-2641
-3064
-3283
-3268
-3148
-2965
-2763
-2626
-2508
-2228
-1721
-1142
-655
-282
37
360
713
1042
1290
1548
1928
2253
2201
1924
2055
2790
3456
3434
3058
3020
3271
3239
2827
2458
2260
1999
1726
1717
1769
1371
636
311
642
979
777
312
62
4
-40
65
401
616
425
183
402
955
1279
1206
1092
1197
1443
1763
2182
2531
2554
2420
2614
3200
3626
3520
3189
3046
2998
2775
2476
2306
2123
1723
1297
1119
1003
612
55
-349
-690
-1246
-1858
-2155
-2269
-2680
-3439
-4134
-4552
-4761
-4677
-4211
-3762
-3844
-4281
-4422
-4114
-3804
-3723
-3661
-3519
-3386
-3111
-2464
-1705
-1332
-1306
-1150
-760
-445
-263
10
323
424
414
595
885
992
1001
1165
1313
1150
902
972
1181
1078
766
684
793
735
595
719
957
850
450
228
307
418
466
548
548
356
251
536
966
1060
782
473
372
558
1050
1547
1538
1033
731
1083
1668
1917
1882
1849
1787
1668
1773
2153
2323
1966
1477
1311
1330
1220
1059
1014
942
713
530
540
524
278
-95
-460
-801
-948
-671
-179
-28
-368
-775
-904
-785
-467
42
419
276
-156
-181
406
1097
1435
1462
1371
1278
1377
1769
2112
1950
1401
1041
1129
1386
1473
1244
686
20
-285
-76
124
-241
-1001
-1600
-1892
-2121
-2358
-2535
-2794
-3271
-3726
-3865
-3840
-3975
-4233
-4368
-4389
-4443
-4458
-4299
-4111
-4130
-4319
-4461
-4442
-4213
-3751
-3212
-2864
-2699
-2428
-1973
-1601
-1433
-1211
-750
-232
129
344
460
468
526
896
1493
1884
1858
1701
1733
1940
2146
2260
2251
2131
2017
2001
1954
1727
1457
1382
1440
1388
1223
1144
1191
1256
1375
1658
2002
2217
2358
2593
2830
2845
2703
2716
2975
3250
3366
3393
3466
3625
3845
4048
4121
4041
3945
3930
3911
3766
3479
3079
2595
2151
1903
1781
1517
1046
641
490
435
243
-78
-416
-771
-1150
-1451
-1628
-1799
-2027
-2175
-2147
-2094
-2230
-2544
-2819
-2867
-2666
-2408
-2382
-2672
-2958
-2838
-2353
-1966
-1974
-2184
-2244
-2061
-1780
-1593
-1620
-1842
-2009
-1830
-1356
-986
-1005
-1272
-1480
-1538
-1569
-1689
-1894
-2119
-2280
-2338
-2359
-2442
-2565
-2626
-2646
-2783
-3092
-3401
-3510
-3406
-3240
-3164
-3224
-3311
-3224
-2870
-2426
-2161
-2080
-1905
-1440
-821
-335
-91
45
271
675
1173
1573
1759
1820
1964
2298
2727
3075
3246
3265
3262
3353
3517
3625
3638
3654
3712
3692
3538
3428
3527
3688
3628
3325
3028
2913
2952
3075
3219
3264
3119
2882
2722
2648
2550
2409
2265
2071
1800
1627
1718
1927
1944
1712
1442
1248
1059
881
829
868
799
589
457
543
680
638
405
161
42
36
30
-70
-263
-465
-632
-781
-927
-1071
-1250
-1482
-1653
-1650
-1589
-1704
-1976
-2140
-2104
-2089
-2253
-2475
-2628
-2764
-2871
-2761
-2396
-2070
-2047
-2220
-2340
-2351
-2319
-2229
-2093
-2058
-2191
-2299
-2179
-1936
-1869
-2108
-2472
-2661
-2528
-2230
-2098
-2298
-2644
-2825
-2782
-2675
-2616
-2612
-2689
-2863
-2998
-2915
-2629
-2321
-2137
-2122
-2235
-2280
-2011
-1487
-1138
-1254
-1586
-1678
-1425
-1046
-705
-461
-383
-415
-289
127
549
659
601
753
1153
1518
1728
1933
2220
2472
2622
2754
2946
3183
3458
3783
4128
4415
4614
4762
4905
5050
5148
5151
5121
5186
5324
5300
4972
4545
4307
4270
4258
4216
4163
3980
3579
3164
3020
3076
3012
2707
2304
1910
1539
1301
1276
1257
953
417
1
-101
-17
44
-45
-339
-734
-929
-757
-491
-566
-1011
-1416
-1466
-1260
-1086
-1081
-1181
-1282
-1376
-1517
-1652
-1597
-1266
-874
-720
-804
-874
-826
-804
-930
-1159
-1445
-1763
-1983
-1983
-1897
-1975
-2179
-2240
-2142
-2191
-2522
-2878
-3020
-3056
-3192
-3412
-3564
-3590
-3529
-3414
-3304
-3307
-3436
-3524
-3389
-3051
-2723
-2568
-2505
-2334
-2049
-1887
-1966
-2061
-1925
-1689
-1646
-1738
-1640
-1323
-1107
-1147
-1235
-1212
-1189
-1230
-1209
-1110
-1126
-1292
-1351
-1162
-919
-818
-778
-685
-582
-501
-351
-147
-46
-23
215
812
1468
1781
1737
1675
1865
2274
2693
2987
3212
3496
3838
4105
4234
4335
4499
4688
4879
5144
5459
5628
5542
5362
5281
5258
5120
4819
4442
4107
3890
3774
3609
3279
2896
2633
2407
1995
1404
840
356
-143
-569
-727
-737
-945
-1381
-1705
-1761
-1775
-1895
-1946
-1824
-1712
-1760
-1842
-1789
-1604
-1356
-1081
-863
-771
-689
-464
-210
-163
-282
-277
-72
93
40
-123
-209
-170
-71
-55
-263
-633
-867
-800
-686
-860
-1247
-1496
-1520
-1563
-1792
-2065
-2193
-2187
-2169
-2193
-2224
-2223
-2205
-2196
-2166
-2074
-2000
-2086
-2268
-2271
-2017
-1820
-1916
-2057
-1901
-1569
-1411
-1395
-1242
-1023
-1058
-1289
-1309
-1037
-848
-937
-1074
-1086
-1092
-1149
-1120
-1016
-1064
-1299
-1453
-1395
-1302
-1288
-1252
-1195
-1306
-1576
-1678
-1441
-1119
-1014
-1059
-983
-698
-319
46
373
653
868
1046
1283
1668
2177
2652
2961
3144
3330
3543
3730
3911
4112
4221
4135
4017
4098
4276
4233
3924
3595
3317
2930
2474
2238
2249
2140
1692
1130
704
354
-45
-424
-718
-1014
-1325
-1507
-1539
-1621
-1854
-2076
-2149
-2156
-2204
-2270
-2345
-2492
-2670
-2715
-2554
-2269
-1941
-1619
-1438
-1480
-1575
-1424
-988
-541
-329
-347
-427
-379
-118
242
452
430
380
507
761
975
1073
1044
895
762
832
1029
1016
652
215
9
7
39
47
2
-154
-333
-319
-151
-166
-507
-849
-857
-627
-475
-511
-637
-780
-893
-887
-729
-522
-381
-344
-411
-519
-511
-315
-138
-268
-667
-983
-946
-625
-306
-262
-568
-985
-1130
-913
-671
-708
-900
-955
-863
-787
-726
-578
-390
-264
-132
95
310
406
511
780
1093
1249
1305
1458
1704
1864
1878
1853
1912
2116
2431
2663
2626
2426
2373
2529
2622
2501
2356
2342
2295
2049
1733
1543
1441
1294
1123
999
854
606
326
127
-21
-242
-581
-968
-1293
-1503
-1669
-1908
-2193
-2352
-2331
-2301
-2367
-2361
-2143
-1882
-1817
-1895
-1923
-1861
-1741
-1479
-1074
-777
-727
-624
-135
523
845
764
705
930
1257
1441
1511
1597
1713
1804
1863
1913
1985
2122
2317
2476
2507
2406
2229
2041
1886
1768
1612
1379
1157
1030
899
611
231
-13
-58
-62
-147
-286
-438
-612
-793
-940
-1082
-1227
-1285
-1216
-1182
-1334
-1565
-1679
-1698
-1789
-1964
-2072
-2069
-2043
-2041
-2030
-1964
-1798
-1516
-1233
-1119
-1125
-1011
-746
-611
-741
-871
-755
-519
-364
-212
67
336
426
460
636
892
1078
1230
1403
1450
1254
1025
1027
1185
1233
1147
1129
1273
1488
1670
1764
1710
1551
1492
1678
1943
1968
1653
1198
845
641
450
146
-239
-551
-724
-873
-1110
-1382
-1565
-1649
-1668
-1604
-1475
-1436
-1581
-1757
-1756
-1622
-1548
-1574
-1576
-1494
-1389
-1283
-1144
-988
-859
-743
-611
-488
-352
-111
225
462
490
494
722
1132
1453
1537
1489
1490
1617
1828
2019
2122
2163
2211
2248
2215
2152
2160
2216
2187
2064
2013
2120
2248
2235
2071
1833
1558
1284
1094
1015
950
790
551
325
152
-28
-259
-478
-577
-599
-768
-1192
-1657
-1878
-1940
-2177
-2639
-2963
-2914
-2705
-2656
-2763
-2845
-2859
-2876
-2892
-2857
-2745
-2502
-2090
-1678
-1573
-1789
-1964
-1835
-1578
-1484
-1560
-1622
-1573
-1392
-1075
-760
-668
-753
-643
-154
407
674
723
849
1091
1264
1348
1469
1621
1686
1669
1671
1655
1494
1229
1051
1013
973
832
654
522
432
356
290
192
-21
-338
-636
-815
-924
-1054
-1185
-1242
-1243
-1287
-1364
-1330
-1118
-890
-854
-1013
-1168
-1154
-971
-731
-576
-593
-686
-620
-297
69
213
182
236
446
633
701
777
978
1251
1497
1687
1767
1673
1513
1521
1724
1856
1734
1542
1571
1822
2049
2105
2065
2036
2031
2036
2077
2161
2214
2167
2046
1949
1930
1923
1841
1698
1572
1455
1243
908
595
454
424
311
27
-311
-542
-629
-671
-771
-941
-1095
-1169
-1202
-1277
-1393
-1466
-1459
-1457
-1568
-1786
-1991
-2067
-2008
-1925
-1930
-2013
-2042
-1929
-1736
-1604
-1581
-1591
-1521
-1319
-1044
-851
-831
-865
-738
-455
-271
-292
-283
-26
309
424
368
452
747
1000
1047
1002
998
1013
1031
1120
1250
1271
1164
1109
1170
1175
1014
852
836
829
654
421
348
390
332
153
27
8
-27
-131
-232
-326
-482
-638
-642
-531
-521
-659
-736
-640
-532
-562
-623
-570
-447
-340
-202
-4
120
100
127
364
635
640
398
212
246
422
669
984
1249
1277
1123
1093
1354
1718
1905
1871
1766
1719
1767
1879
1978
1995
1954
1935
1963
1996
2046
2142
2200
2078
1813
1620
1601
1608
1477
1231
981
764
588
487
429
285
1
-311
-563
-818
-1132
-1402
-1521
-1556
-1618
-1667
-1620
-1546
-1556
-1593
-1554
-1515
-1641
-1871
-1965
-1851
-1712
-1684
-1731
-1806
-1938
-2068
-2032
-1791
-1540
-1440
-1452
-1501
-1617
-1789
-1843
-1668
-1424
-1359
-1498
-1680
-1805
-1867
-1838
-1720
-1634
-1678
-1723
-1577
-1319
-1261
-1497
-1757
-1772
-1615
-1508
-1490
-1425
-1274
-1157
-1159
-1211
-1173
-972
-658
-372
-248
-286
-341
-303
-211
-172
-193
-201
-169
-135
-97
-20
45
-7
-166
-265
-177
34
243
410
540
570
459
320
315
426
503
531
670
941
1089
901
549
398
550
778
877
886
912
947
946
976
1111
1311
1489
1624
1738
1821
1888
2043
2330
2603
2669
2572
2551
2714
2888
2854
2618
2359
2196
2117
2058
1975
1864
1756
1688
1630
1486
1228
967
814
714
517
197
-73
-121
-2
48
-137
-485
-778
-883
-845
-790
-829
-1045
-1439
-1860
-2074
-2033
-1946
-1987
-2045
-1941
-1751
-1670
-1658
-1508
-1232
-1102
-1241
-1478
-1650
-1776
-1869
-1850
-1783
-1888
-2182
-2368
-2258
-2066
-2027
-2028
-1853
-1577
-1411
-1350
-1272
-1246
-1395
-1578
-1541
-1303
-1094
-954
-730
-447
-323
-384
-383
-196
-26
-70
-211
-207
-22
172
212
89
-69
-102
26
182
235
257
419
736
1057
1303
1519
1688
1703
1588
1552
1689
1801
1666
1345
1072
944
861
749
653
614
589
526
436
343
263
217
245
354
495
601
652
688
778
934
1069
1077
988
944
1046
1261
1511
1768
2013
2190
2270
2293
2337
2428
2524
2544
2416
2171
1954
1866
1830
1734
1656
1787
2107
2339
2277
1990
1638
1292
1018
943
1068
1169
1060
833
658
514
307
140
190
358
353
107
-151
-272
-370
-565
-782
-912
-970
-1019
-1074
-1178
-1392
-1663
-1846
-1915
-1997
-2148
-2256
-2215
-2089
-2026
-2085
-2177
-2146
-1929
-1682
-1646
-1857
-2112
-2272
-2380
-2482
-2496
-2380
-2199
-1991
-1778
-1689
-1817
-1950
-1786
-1403
-1157
-1143
-1127
-995
-861
-765
-621
-484
-449
-376
-94
238
366
374
469
557
480
443
699
1054
1151
1013
868
737
589
562
652
593
382
370
574
521
134
-14
265
347
-109
-487
-222
292
425
204
-70
-389
-695
-636
-166
186
72
-211
-273
-114
143
450
652
579
361
214
80
-79
25
477
770
534
200
282
561
629
670
998
1354
1361
1173
1077
1021
971
1142
1509
1730
1786
1929
1931
1355
595
526
1066
1349
1238
1332
1516
1047
125
-255
-20
-41
-398
-334
67
-106
-849
-1236
-1149
-1334
-1779
-1727
-1263
-1178
-1375
-1124
-693
-997
-1796
-1971
-1386
-883
-681
-387
-229
-712
-1408
-1489
-1071
-778
-614
-368
-364
-699
-717
-254
-195
-813
-971
-69
804
755
494
721
836
463
505
1454
2277
2124
1546
1132
642
211
551
1325
1198
85
-617
-395
-120
-28
520
1138
729
-215
-143
689
572
-480
-713
154
574
94
-151
56
-257
-986
-1000
-342
-24
24
446
642
-150
-980
-827
-700
-1580
-2067
-969
-32
-821
-1406
-166
-103
-4340
-9469
-9107
-2842
3826
7459
8940
8475
4639
-965
-3663
-1773
1720
4357
6620
8162
6380
886
-4181
-4738
-1424
2012
3173
2450
1286
353
-783
-2437
-3464
-2112
1596
5605
8092
8290
5336
-758
-6667
-7740
-3531
1783
5080
6626
6302
2509
-3526
-7195
-6253
-2912
925
5253
7817
4939
-1449
-4481
-2722
-2601
-7135
-9965
-5460
2343
6460
6323
4763
1579
-3536
-6491
-3549
2670
6920
7897
7027
4235
-951
-6663
-10096
-9586
-4458
3771
9809
8791
2473
-3198
-5856
-6695
-4502
2641
10563
12148
7308
1965
-2095
-7298
-10919
-6408
4488
11145
8065
683
-4645
-7447
-7900
-3950
3102
7613
6987
4028
946
-2557
-4959
-3473
749
3929
5343
6003
4260
-623
-4035
-2833
-2519
-8733
-15924
-14629
-6256
64
1738
2536
1715
-4154
-10671
-9380
-1149
5530
8090
10320
11037
4897
-5451
-9966
-5216
2103
6104
6875
4886
-268
-5168
-5089
-1482
344
-92
557
1631
-361
-4288
-5819
-4808
-4141
-3323
-448
1880
3
-3655
-4103
-2055
-1611
-2276
-604
2462
3069
1368
366
-58
-1702
-2821
-659
2792
3538
2127
1797
2274
1128
-632
3
2378
3211
2125
1414
1359
283
-1452
-1570
224
1727
1472
55
-1422
-2242
-1830
-249
1354
1790
1023
-85
-652
-295
561
981
711
617
1340
2229
2304
1506
430
-321
-253
549
1072
673
268
798
1384
865
26
65
200
-617
-1169
-69
1283
971
59
475
1316
680
-635
-780
-307
-596
-819
165
945
-162
-1931
-2277
-1451
-742
-186
320
55
-678
-423
560
376
-768
-522
1300
2332
2010
2057
2439
1409
-302
-164
1311
1337
166
431
1568
477
-2465
-3572
-2005
-509
-230
108
259
-1280
-3448
-3727
-2520
-2217
-2808
-2559
-1752
-1800
-2075
-1353
-706
-1413
-2040
-955
417
134
-832
-761
-307
-570
-646
179
408
-926
-2064
-1364
34
397
-39
-310
-418
-555
-533
-629
-1212
-1519
-617
794
1403
1279
1116
771
231
402
1357
1723
1114
810
983
215
-1301
-1474
-84
807
748
1191
1697
390
-1673
-1498
502
1246
683
1227
2156
639
-2129
-2066
889
3024
3317
3684
3800
1801
-872
-1167
371
1347
2227
4066
4502
1623
-1481
-1459
-92
253
1574
4949
6017
2110
-1856
-1284
505
-576
-1273
2172
5610
3809
-145
-643
771
-108
-1258
1360
5154
4785
1117
-1148
-1456
-2185
-2630
-652
2223
2843
1305
-401
-1990
-3482
-3217
-643
1699
1702
428
-649
-1924
-3427
-3610
-2113
-794
-658
-628
-205
-550
-2067
-3420
-3494
-2444
-848
496
591
-449
-1144
-910
-827
-1131
-387
1521
2379
1150
-377
-850
-1165
-1670
-981
850
1402
-230
-1783
-1469
-309
315
491
365
-297
-744
-133
490
-146
-803
114
1135
117
-1510
-1030
744
1261
999
1767
2183
-2
-2715
-2086
1050
2371
822
-774
-1074
-1403
-2112
-1966
-942
-263
-132
-40
-269
-900
-904
-62
245
-289
-91
1045
1182
99
94
1393
1070
-1493
-2663
-539
1626
837
-1082
-1422
-1129
-2079
-3149
-2433
-791
-189
-480
-389
-4
-184
-719
-663
285
1589
2391
2103
1152
721
1029
946
146
72
1490
2848
2539
1126
-65
-767
-884
134
1734
2137
925
-321
-756
-1217
-1820
-1380
56
959
1065
1407
1413
-463
-2972
-2868
-110
1690
830
-459
-450
-415
-1388
-2075
-1533
-876
-995
-1114
-660
-394
-929
-1808
-2334
-2055
-877
312
268
-458
21
1481
1473
-149
-318
1831
2882
955
-925
-344
333
-1028
-1884
19
1841
617
-1196
-276
1451
673
-991
-181
1884
1937
718
959
1869
1050
-410
-40
1104
733
165
1625
3092
1413
-1561
-1718
290
639
-658
-526
672
-150
-2258
-1892
497
548
-1954
-2242
859
2410
-186
-2759
-1623
701
895
474
1539
1882
-542
-2565
-751
2181
1703
-825
-977
711
169
-2379
-2837
-745
301
-483
-342
689
-491
-3213
-2789
1294
3595
1437
-1034
-349
948
48
-869
608
2119
989
-639
103
1336
59
-1903
-898
1929
2321
-155
-1798
-825
753
1246
1321
1489
930
-299
-557
818
2218
2064
955
496
1020
1467
1109
470
376
688
562
-140
-546
-141
392
322
-20
-94
-215
-682
-742
183
1069
682
-250
-78
1039
1418
667
141
502
885
847
1109
1792
1834
945
341
690
980
466
-4
295
533
-35
-520
14
797
743
299
296
277
-291
-467
502
1303
516
-831
-1003
-569
-1024
-1666
-927
219
-396
-2123
-2427
-1348
-1176
-1952
-1478
71
-54
-2069
-2799
-1126
105
-779
-1499
-333
695
-254
-1349
-528
708
134
-1192
-1011
141
311
-185
326
1367
885
-1142
-2424
-1718
-191
724
896
565
-404
-1612
-1771
-335
1358
1614
626
13
303
355
-411
-867
-159
703
566
-37
-392
-1338
-3338
-4372
-2550
370
1161
-105
-804
-521
-1223
-2906
-3037
-830
1505
2397
2498
2067
227
-2321
-3039
-1106
1352
2328
1857
550
-1261
-2617
-2515
-1520
-792
-90
989
959
-1431
-4130
-4122
-1858
3
1022
2355
2936
824
-2256
-2405
508
2834
3067
3240
4029
3306
686
-880
273
2027
2357
2262
2946
3128
1486
-591
-953
267
1444
1944
2091
1757
683
-433
-570
258
1210
1825
2173
2173
1626
830
385
394
455
433
562
706
286
-691
-1331
-1159
-946
-1388
-1767
-1093
-1
9
-1083
-1813
-1557
-1176
-1158
-818
74
452
-429
-1707
-2093
-1458
-557
102
456
457
-30
-990
-2019
-2330
-1454
-95
448
-11
-418
-403
-918
-2163
-2583
-1201
570
951
303
-43
-83
-465
-630
316
1681
1992
1177
370
85
34
184
699
1245
1405
1249
828
-77
-1091
-1203
-255
651
848
866
957
471
-537
-764
287
1275
1097
530
623
918
523
-226
-485
-348
-379
-464
-176
260
272
-149
-494
-411
49
603
933
922
699
295
-421
-1161
-1153
-207
705
599
-250
-893
-1033
-995
-864
-480
-27
86
-216
-670
-967
-832
-198
546
924
994
1069
989
530
247
765
1435
1121
223
217
1071
1080
-220
-1008
-40
1348
1429
619
243
196
-358
-948
-484
598
776
-134
-777
-529
-257
-501
-478
403
1320
1245
433
-163
-267
-194
-17
316
436
-13
-688
-1022
-1058
-1110
-992
-415
146
-98
-1088
-1989
-2314
-2198
-1755
-989
-313
-278
-760
-1085
-943
-566
-122
399
789
754
376
-33
-371
-609
-529
-59
449
690
739
627
182
-342
-252
489
985
693
127
-213
-577
-1033
-967
-257
181
-137
-403
-33
193
-407
-993
-542
413
711
387
220
187
-232
-771
-701
-120
211
86
-61
-32
0
4
45
-7
-151
-12
548
976
737
84
-379
-502
-436
-165
247
320
-251
-944
-987
-422
-6
-113
-305
-104
299
335
-144
-640
-580
44
673
797
462
108
32
151
272
324
254
-37
-440
-567
-250
79
-72
-454
-356
278
734
652
542
771
850
351
-191
-105
281
248
-54
10
310
181
-338
-599
-531
-595
-700
-322
275
180
-655
-1206
-937
-464
-359
-375
-273
-413
-977
-1435
-1337
-931
-588
-251
98
103
-351
-735
-557
-12
430
640
693
518
109
-218
-161
179
475
580
512
248
-207
-614
-622
-194
258
294
-35
-278
-215
-111
-197
-224
106
544
575
139
-345
-525
-340
137
659
805
427
-109
-407
-446
-259
279
933
1031
385
-324
-599
-776
-1043
-781
238
974
541
-305
-333
269
467
247
416
934
916
211
-329
-199
221
555
896
1254
1327
999
503
81
-143
-58
284
562
535
281
-85
-525
-763
-418
320
714
497
227
324
442
175
-222
-314
-138
27
125
169
73
-84
-20
275
416
213
-32
-10
147
113
-213
-654
-950
-940
-719
-574
-652
-822
-955
-1066
-1058
-714
-127
263
265
159
134
5
-282
-412
-271
-184
-293
-271
9
114
-237
-652
-709
-559
-524
-571
-625
-851
-1200
-1196
-649
-146
-253
-661
-676
-284
-61
-195
-246
61
391
354
115
115
432
763
928
1038
1152
1156
1106
1285
1762
2178
2224
2017
1791
1532
1216
1027
1054
1090
987
834
582
61
-489
-549
-242
-316
-890
-1170
-851
-701
-1134
-1361
-812
-246
-421
-779
-605
-402
-830
-1267
-840
-43
151
-5
304
765
499
-208
-341
67
101
-356
-544
-252
17
134
395
597
254
-330
-325
291
681
441
55
-22
84
131
142
196
287
430
586
577
351
118
45
43
36
102
188
86
-165
-235
-9
252
368
417
406
253
124
273
551
593
461
527
769
811
649
651
851
900
782
836
1011
808
162
-283
-60
471
666
340
-230
-700
-823
-556
-166
-23
-202
-477
-692
-891
-1058
-1016
-668
-165
236
383
282
31
-232
-366
-265
48
369
427
172
-166
-363
-402
-324
-93
204
275
23
-194
-28
331
448
313
303
529
650
417
37
-125
-11
157
204
168
132
83
5
12
192
341
131
-372
-690
-575
-342
-338
-451
-477
-530
-712
-759
-490
-219
-244
-313
-146
-40
-329
-671
-604
-394
-534
-778
-574
-124
-67
-307
-168
391
681
414
53
-46
-53
-112
-84
52
126
157
275
339
157
-39
118
497
695
693
704
618
263
-24
207
728
937
795
768
949
995
850
845
1053
1184
1152
1135
1092
805
446
483
945
1311
1247
975
770
555
226
-19
20
166
81
-266
-586
-698
-732
-821
-823
-562
-237
-252
-629
-935
-922
-829
-858
-776
-421
-171
-413
-849
-896
-555
-314
-315
-261
-68
-27
-253
-472
-482
-407
-412
-462
-461
-368
-182
-2
-17
-227
-337
-155
98
149
113
226
365
237
-91
-258
-136
46
86
23
-35
-46
-1
101
233
386
560
646
480
76
-302
-416
-301
-164
-144
-212
-254
-228
-241
-385
-520
-418
-143
-27
-179
-345
-373
-444
-638
-710
-547
-447
-602
-738
-611
-449
-526
-679
-697
-743
-973
-1094
-830
-460
-413
-609
-687
-618
-603
-629
-542
-395
-315
-233
-61
74
55
47
239
487
495
203
-144
-257
-34
320
452
294
202
432
722
736
644
803
1090
1130
988
1020
1203
1228
1137
1233
1446
1424
1215
1232
1505
1597
1306
948
820
822
717
466
239
242
487
676
515
181
151
465
645
482
364
551
700
456
44
-131
-58
53
145
177
4
-343
-584
-625
-697
-899
-996
-845
-642
-568
-530
-435
-367
-366
-325
-189
-11
191
388
412
193
-21
36
233
246
32
-229
-457
-644
-712
-655
-639
-697
-623
-382
-238
-298
-280
-54
75
-121
-413
-567
-684
-805
-662
-191
203
220
82
35
-73
-382
-635
-582
-410
-417
-578
-736
-889
-1055
-1098
-932
-678
-494
-404
-372
-358
-291
-162
-74
-55
34
202
202
-57
-269
-181
27
105
117
174
133
-64
-160
-27
44
-139
-298
-181
-1
18
63
304
473
327
113
140
296
363
432
607
673
488
283
270
252
29
-183
-87
229
452
472
398
351
416
625
855
923
824
703
610
498
384
323
295
320
497
762
841
672
569
705
808
668
567
791
1109
1172
1094
1161
1263
1109
758
492
353
175
-74
-305
-500
-658
-718
-714
-787
-912
-885
-682
-543
-580
-633
-589
-531
-486
-365
-217
-203
-293
-305
-244
-277
-385
-407
-382
-492
-697
-784
-717
-637
-619
-683
-910
-1244
-1379
-1154
-836
-709
-644
-411
-136
-66
-133
-127
-41
51
229
497
620
482
304
248
132
-192
-506
-582
-545
-586
-626
-546
-468
-537
-665
-697
-628
-481
-228
76
294
414
538
678
806
1018
1325
1468
1270
1015
1040
1135
867
352
109
239
314
118
-80
-65
19
1
-71
-122
-173
-180
-57
116
153
53
2
69
141
119
25
-77
-131
-99
-8
42
0
-76
-100
-40
63
86
-67
-258
-201
106
286
125
-88
-48
66
-49
-240
-168
72
143
74
170
428
580
585
621
667
549
324
206
171
68
-11
150
460
628
603
603
737
908
1018
1030
911
700
530
445
374
337
430
523
316
-162
-489
-432
-236
-160
-145
-137
-301
-649
-850
-708
-493
-494
-562
-419
-138
-9
-94
-230
-326
-435
-605
-817
-1022
-1158
-1203
-1208
-1231
-1248
-1218
-1169
-1112
-978
-746
-560
-543
-641
-737
-799
-798
-644
-380
-240
-362
-561
-576
-384
-147
37
166
248
283
273
192
66
52
263
521
515
245
21
39
179
272
295
226
8
-280
-404
-248
53
293
396
415
460
598
764
810
746
782
1016
1238
1182
855
464
178
84
198
377
394
237
129
164
160
18
-77
14
133
114
52
73
87
7
-56
-8
16
-90
-186
-111
32
59
-45
-182
-312
-383
-302
-112
-35
-166
-342
-414
-462
-571
-612
-440
-184
-125
-346
-629
-711
-526
-257
-154
-280
-439
-402
-164
89
224
250
194
57
-114
-217
-209
-159
-140
-162
-196
-235
-294
-363
-370
-227
49
271
237
-29
-294
-386
-364
-374
-416
-361
-163
23
12
-159
-229
-15
342
543
494
375
354
409
466
532
623
686
693
691
685
611
471
368
354
370
396
456
471
297
-4
-165
-77
70
122
189
396
609
626
485
389
419
505
576
614
615
596
576
497
278
-5
-140
-60
67
77
1
-65
-130
-212
-258
-274
-383
-627
-836
-868
-793
-723
-567
-210
204
405
365
327
438
584
612
526
411
289
170
84
30
-26
-73
-74
-71
-160
-306
-335
-168
67
216
261
243
189
190
374
679
846
745
586
609
747
774
648
481
277
-27
-319
-394
-268
-162
-180
-231
-267
-369
-529
-590
-502
-419
-423
-382
-204
-58
-142
-372
-503
-479
-441
-456
-434
-333
-257
-311
-470
-622
-674
-616
-568
-672
-898
-1010
-886
-713
-730
-853
-802
-553
-354
-323
-295
-162
-39
1
97
345
578
619
575
637
751
714
520
374
381
425
380
257
111
-44
-171
-174
-18
177
276
285
283
280
229
193
323
615
801
635
229
-43
23
253
337
184
-40
-145
-100
-42
-110
-285
-402
-375
-330
-427
-608
-677
-596
-544
-628
-733
-711
-571
-413
-308
-309
-421
-518
-423
-191
-107
-319
-604
-676
-569
-521
-586
-604
-488
-317
-129
138
426
507
299
49
35
207
310
281
303
475
675
770
777
738
597
326
52
-63
-1
124
189
142
38
21
166
355
440
488
655
867
875
680
556
600
553
269
13
40
187
152
-54
-220
-309
-430
-584
-715
-865
-1048
-1105
-933
-703
-614
-581
-447
-331
-453
-723
-820
-647
-419
-326
-359
-470
-603
-616
-364
66
415
556
560
492
339
172
137
226
262
181
153
309
524
614
607
659
774
832
818
830
862
800
657
600
672
716
638
555
538
441
145
-193
-330
-234
-35
153
209
16
-319
-450
-207
144
278
227
199
204
169
203
382
466
221
-144
-267
-246
-469
-922
-1172
-1064
-945
-1082
-1286
-1303
-1203
-1180
-1217
-1178
-1048
-905
-772
-660
-648
-759
-854
-755
-474
-205
-115
-175
-219
-117
105
292
317
211
151
265
472
555
454
405
640
1035
1235
1125
937
868
828
720
677
840
1078
1165
1085
964
839
672
509
421
391
338
206
-52
-430
-744
-775
-587
-508
-643
-699
-442
-73
94
73
77
147
195
270
455
613
560
425
521
843
1000
743
297
39
30
52
-21
-111
-137
-132
-133
-140
-217
-434
-651
-600
-286
-55
-72
-31
323
682
592
191
50
336
650
697
610
549
440
260
185
268
329
275
244
297
300
193
98
69
25
8
152
364
384
230
202
355
384
170
29
189
393
311
31
-176
-317
-590
-984
-1276
-1370
-1387
-1429
-1464
-1456
-1425
-1360
-1218
-1042
-946
-933
-851
-625
-401
-328
-291
-101
129
86
-252
-516
-449
-215
-77
-44
-44
-165
-444
-650
-577
-387
-361
-460
-443
-252
-29
148
277
324
319
444
766
1029
973
728
596
613
599
540
592
749
818
705
507
310
141
70
168
337
345
109
-159
-154
190
618
843
844
834
913
929
751
488
310
225
174
193
279
280
98
-104
-171
-232
-455
-692
-686
-511
-484
-662
-781
-675
-465
-299
-168
-39
41
58
83
151
194
133
-39
-243
-374
-381
-310
-275
-351
-531
-737
-864
-858
-774
-719
-692
-585
-399
-279
-272
-243
-123
-35
-25
75
315
456
342
205
280
391
266
49
75
280
283
-8
-268
-275
-197
-272
-487
-678
-754
-712
-576
-368
-128
89
201
172
87
64
62
-83
-375
-556
-420
-106
55
-64
-279
-369
-324
-280
-282
-227
-78
24
-22
-87
1
180
271
295
378
434
300
133
256
588
661
330
-10
-45
40
17
8
146
253
194
183
385
538
374
117
153
413
535
478
524
740
848
696
501
498
614
645
571
523
539
521
416
299
229
154
34
-68
-86
-68
-67
-41
9
-44
-232
-331
-195
-55
-209
-503
-529
-253
-38
-55
-96
-30
-16
-143
-238
-205
-221
-418
-637
-702
-677
-685
-687
-581
-401
-263
-240
-308
-349
-219
55
215
85
-134
-129
52
77
-149
-351
-312
-145
-29
74
291
582
768
767
662
565
516
526
636
854
1057
1071
885
683
598
553
451
370
427
544
541
405
253
125
12
6
181
396
431
313
257
331
383
316
209
163
179
233
295
277
128
-44
-80
13
78
36
-26
-6
72
114
67
-32
-75
-4
87
18
-243
-502
-538
-375
-241
-309
-493
-570
-450
-277
-253
-380
-495
-499
-468
-495
-554
-564
-497
-392
-333
-432
-705
-985
-1066
-964
-870
-878
-894
-835
-757
-725
-712
-660
-566
-460
-406
-482
-681
-871
-958
-989
-1011
-947
-759
-585
-527
-486
-367
-289
-344
-348
-124
163
245
188
228
341
308
157
134
267
314
163
-17
-58
-5
50
113
200
250
213
112
8
-58
-65
-16
70
161
192
98
-84
-198
-140
-6
54
64
138
251
290
263
252
236
148
75
162
356
457
438
459
589
701
679
537
347
180
132
245
415
499
476
429
414
426
470
549
636
721
822
908
900
788
657
559
468
383
356
394
450
510
576
573
429
238
186
296
409
440
473
558
595
478
279
163
199
281
274
182
142
204
225
81
-94
-86
43
22
-185
-314
-219
-82
-88
-167
-223
-358
-653
-942
-1001
-853
-696
-615
-529
-395
-294
-330
-482
-592
-530
-377
-357
-526
-673
-630
-521
-531
-573
-441
-164
42
118
201
332
383
310
237
274
387
505
593
633
620
628
725
854
865
701
469
296
187
55
-149
-378
-540
-578
-504
-381
-305
-363
-529
-650
-612
-473
-341
-207
-29
80
-22
-242
-342
-281
-237
-274
-280
-227
-218
-255
-229
-189
-289
-463
-453
-246
-108
-142
-165
-83
-56
-139
-134
54
220
188
70
35
76
134
242
415
551
542
372
91
-156
-174
57
275
233
18
-114
-96
-31
43
143
217
220
221
254
232
146
135
218
220
110
117
300
378
190
-39
-137
-284
-584
-746
-561
-323
-377
-580
-598
-465
-416
-439
-382
-316
-404
-578
-646
-600
-532
-422
-251
-149
-219
-359
-454
-540
-637
-635
-541
-581
-860
-1104
-1010
-669
-423
-416
-515
-572
-569
-523
-390
-126
212
452
448
276
215
422
731
883
844
771
742
720
709
752
810
804
756
742
735
658
560
563
658
686
558
361
248
286
452
652
757
689
544
511
638
740
615
334
175
256
391
354
191
84
69
48
30
103
205
139
-130
-413
-561
-603
-578
-438
-197
2
65
35
-20
-82
-104
-33
59
36
-91
-166
-142
-140
-260
-461
-668
-833
-889
-796
-642
-555
-529
-479
-430
-478
-580
-575
-422
-256
-172
-141
-113
-85
-43
41
141
193
207
262
380
475
464
347
205
94
1
-94
-114
52
333
487
422
380
591
877
879
599
412
532
762
841
771
694
659
636
618
599
556
484
363
114
-263
-572
-604
-420
-267
-239
-203
-63
92
156
147
140
165
205
229
221
217
296
485
683
740
586
306
84
44
79
-42
-348
-567
-511
-382
-458
-648
-659
-493
-397
-410
-332
-117
65
136
174
152
-2
-141
-68
77
7
-177
-112
167
213
-117
-448
-510
-494
-597
-660
-536
-397
-425
-479
-357
-159
-111
-206
-254
-173
-69
-53
-127
-225
-299
-367
-441
-452
-330
-169
-154
-286
-377
-370
-397
-475
-431
-259
-218
-394
-496
-311
-47
39
29
84
108
12
1
246
505
468
243
118
66
-121
-378
-476
-441
-480
-578
-568
-500
-548
-619
-452
-77
195
251
285
400
420
236
5
-88
-60
25
199
427
497
272
-48
-143
31
214
220
116
39
4
-9
62
260
460
506
441
451
572
605
415
160
100
263
426
395
202
-3
-114
-92
71
319
511
510
316
60
-129
-178
-60
180
386
413
328
362
587
806
843
765
672
491
185
-20
99
357
364
77
-182
-208
-105
15
192
388
423
273
161
231
317
216
-14
-166
-187
-208
-329
-502
-594
-547
-445
-429
-515
-593
-619
-693
-844
-927
-830
-665
-573
-500
-351
-206
-179
-170
-12
240
374
327
215
127
56
-11
-94
-264
-525
-725
-742
-657
-605
-580
-506
-425
-414
-404
-273
-71
25
-47
-152
-118
94
353
488
429
298
247
284
308
302
331
373
330
187
38
-77
-166
-161
-1
197
228
107
71
236
462
602
672
705
620
365
66
-67
35
254
396
355
205
113
144
193
182
174
221
208
-8
-343
-522
-385
-40
276
427
447
436
419
340
186
49
2
-31
-140
-258
-283
-284
-412
-630
-768
-783
-752
-649
-392
-107
-39
-167
-195
16
266
372
402
453
455
358
299
391
517
499
333
118
-100
-285
-348
-260
-129
-69
-61
-50
-61
-129
-179
-117
23
110
84
19
8
15
-83
-317
-511
-467
-234
-68
-77
-75
117
373
437
271
69
-15
32
177
338
346
108
-182
-211
63
368
487
458
392
300
202
184
232
178
-36
-197
-119
59
70
-78
-156
-104
-98
-204
-238
-71
146
205
116
-5
-122
-219
-174
68
320
334
162
70
137
162
-3
-242
-357
-298
-105
170
398
361
36
-274
-241
76
332
339
222
122
9
-133
-165
-18
110
20
-158
-166
-43
-65
-269
-376
-286
-287
-576
-872
-812
-494
-323
-405
-468
-339
-174
-158
-230
-233
-143
-64
-84
-232
-460
-667
-771
-763
-646
-397
-77
109
26
-169
-198
-20
153
155
12
-194
-409
-519
-398
-111
69
-47
-356
-607
-654
-527
-322
-129
2
62
54
-15
-95
-100
-2
105
130
127
200
321
376
352
356
398
348
184
103
278
580
720
601
392
279
286
340
389
398
354
311
344
400
327
124
13
141
331
311
108
-17
41
126
132
140
197
174
1
-167
-182
-130
-157
-219
-203
-184
-321
-554
-632
-448
-147
87
193
159
0
-156
-136
57
212
196
100
72
110
125
89
16
-77
-123
-23
185
281
147
-26
20
240
363
304
258
336
376
212
-24
-81
80
284
415
486
506
447
364
381
494
540
430
285
278
394
458
369
220
166
252
370
389
291
157
61
31
95
268
456
480
289
59
-44
-86
-215
-365
-322
-82
126
176
200
311
374
217
-70
-263
-327
-404
-526
-565
-461
-333
-283
-243
-132
-11
20
-4
4
8
-104
-301
-431
-449
-476
-556
-577
-473
-360
-346
-366
-331
-309
-404
-528
-511
-349
-178
-64
24
63
-25
-206
-328
-311
-210
-93
34
150
212
232
261
266
139
-143
-426
-523
-387
-145
7
-32
-183
-240
-98
129
236
176
83
84
165
221
198
137
131
221
328
303
90
-189
-359
-386
-361
-341
-298
-246
-277
-418
-545
-542
-474
-458
-458
-349
-173
-122
-241
-331
-244
-97
-72
-144
-171
-132
-117
-171
-288
-480
-685
-716
-472
-149
-40
-170
-300
-268
-118
55
184
170
-62
-385
-534
-385
-46
304
552
627
517
328
208
188
195
222
339
532
679
674
533
352
254
341
583
781
770
622
533
534
475
291
136
167
312
364
250
84
-21
-108
-253
-388
-344
-111
112
152
69
18
7
-63
-184
-231
-155
-41
28
62
83
101
141
221
284
280
265
307
342
248
44
-123
-171
-120
0
139
149
-64
-320
-322
-78
80
-36
-220
-206
-57
13
-2
66
233
326
271
184
157
112
-18
-153
-188
-160
-168
-200
-182
-122
-108
-155
-173
-114
-37
-1
-8
-45
-135
-251
-312
-279
-228
-223
-207
-93
93
251
341
388
387
318
256
316
469
541
442
282
207
228
288
380
463
399
118
-206
-320
-223
-148
-219
-321
-337
-315
-330
-320
-223
-135
-187
-340
-424
-363
-231
-108
-16
19
-61
-256
-443
-474
-321
-108
24
31
-23
-66
-63
-12
65
116
128
181
370
636
799
767
607
406
214
120
200
355
381
268
235
363
452
361
238
231
216
67
-74
-20
119
120
13
-3
92
144
110
98
147
198
215
212
160
39
-81
-109
-25
139
302
316
82
-232
-331
-177
-56
-149
-337
-461
-547
-612
-544
-329
-174
-188
-208
-110
-64
-236
-459
-459
-271
-171
-271
-389
-341
-161
-37
-86
-241
-349
-345
-325
-383
-486
-553
-590
-608
-538
-358
-208
-200
-203
-47
153
126
-131
