90
67
5
-4
35
38
-7
-18
32
57
8
-42
-14
42
34
-19
-27
19
35
-2
-18
23
53
17
-33
-31
-7
-22
-56
-44
5
18
-17
-32
-7
-6
-57
-89
-48
3
-12
-63
-61
-11
3
-42
-74
-54
-35
-58
-77
-43
0
-14
-64
-78
-53
-52
-81
-85
-42
-18
-52
-95
-93
-71
-76
-88
-57
-3
5
-37
-56
-26
-7
-42
-76
-47
17
41
13
-10
-3
-1
-10
3
44
66
41
3
-3
5
-7
-21
1
44
55
28
15
39
61
48
30
45
71
68
47
40
43
23
-10
-9
24
32
-9
-43
-22
22
22
-22
-48
-36
-20
-28
-38
-29
-16
-13
-12
-5
-13
-43
-60
-33
7
12
-13
-18
12
34
21
-2
-5
0
-8
-14
-2
8
-5
-19
5
42
32
-30
-72
-47
1
13
2
16
45
40
-12
-63
-75
-55
-29
-6
15
25
23
25
37
38
26
27
60
85
59
0
-31
-18
4
6
6
15
15
-3
-7
22
52
41
6
-5
12
24
16
12
28
42
39
37
49
63
63
62
68
67
49
37
48
57
34
2
12
58
81
59
36
43
47
14
-16
4
57
70
33
0
8
28
29
16
3
-22
-60
-77
-48
-3
16
11
9
10
-11
-39
-37
-4
19
14
11
23
24
-3
-24
-8
13
-6
-43
-40
6
37
18
-15
-18
2
14
15
18
15
2
-3
14
31
15
-13
-21
-7
-8
-36
-53
-39
-20
-17
-15
-6
-6
-25
-35
-11
17
11
-19
-17
14
22
-15
-49
-38
-9
-9
-36
-48
-31
-17
-24
-28
-16
-2
-3
-11
-11
-7
-6
-4
8
21
28
34
45
45
21
-3
3
32
50
39
13
-6
-17
-26
-27
-13
2
-1
-17
-26
-22
-14
-9
-1
9
10
3
-8
-17
-25
-27
-17
4
20
23
17
14
16
14
9
4
-1
-10
-12
1
18
15
-7
-22
-15
0
5
4
15
36
49
44
36
32
31
22
8
3
7
9
5
-2
-1
10
23
29
23
10
-6
-16
-18
-11
0
9
12
8
-4
-22
-39
-47
-42
-32
-32
-38
-36
-14
12
21
7
-12
-17
-16
-24
-44
-64
-73
-69
-58
-45
-40
-44
-52
-52
-35
-8
11
10
-11
-37
-48
-47
-44
-49
-58
-61
-57
-47
-35
-17
4
15
13
6
7
15
23
23
15
3
-13
-22
-12
12
31
33
27
25
27
29
34
39
38
27
14
14
23
26
23
25
32
31
18
18
44
78
89
73
52
31
9
-8
5
48
80
69
37
26
46
64
55
35
21
11
-2
-5
10
24
5
-41
-76
-74
-50
-31
-25
-19
-9
-1
1
-2
-10
-16
-21
-29
-43
-56
-51
-30
-15
-27
-53
-63
-52
-40
-43
-51
-53
-51
-50
-43
-26
-14
-26
-51
-55
-27
12
28
25
17
12
1
-17
-28
-25
-15
-12
-15
-19
-22
-24
-18
-6
3
-5
-25
-35
-21
16
48
57
35
1
-15
3
36
54
47
35
33
33
26
20
34
54
47
5
-38
-37
-2
22
9
-23
-34
-19
2
6
-5
-12
-13
-14
-21
-20
1
26
25
-3
-30
-23
10
35
31
9
-9
-13
-8
3
18
26
13
-16
-35
-27
-3
11
2
-14
-14
1
17
23
25
25
20
16
26
47
57
39
12
7
21
29
20
7
3
0
-12
-22
-12
18
47
51
28
-7
-24
-9
19
27
14
3
13
21
6
-17
-20
-1
9
-1
-9
-1
13
14
-1
-16
-27
-34
-37
-32
-23
-11
5
22
34
31
24
23
29
30
18
1
-11
-7
7
18
17
9
1
-4
-13
-21
-15
2
7
-13
-40
-39
-14
10
16
15
21
23
10
-8
-11
4
14
3
-19
-25
-5
28
52
54
44
34
35
43
47
35
12
-4
6
31
43
34
20
17
14
-6
-21
-5
35
61
54
35
31
36
33
22
10
4
9
25
40
34
5
-20
-16
9
26
29
23
14
0
-8
0
13
11
-6
-20
-25
-30
-34
-25
-15
-28
-58
-67
-39
-12
-24
-59
-68
-42
-18
-17
-28
-34
-41
-52
-55
-42
-30
-37
-54
-58
-38
-18
-24
-58
-94
-103
-77
-43
-27
-34
-47
-46
-22
11
32
26
-3
-29
-38
-42
-53
-63
-58
-46
-43
-49
-42
-18
3
11
12
8
-9
-35
-49
-42
-36
-47
-60
-56
-37
-23
-20
-22
-24
-22
-5
25
41
28
12
28
69
85
59
28
30
54
65
58
58
78
103
112
91
51
14
0
12
33
35
17
1
8
37
64
59
23
-8
-4
20
26
-2
-27
-14
24
43
19
-27
-52
-37
0
25
26
21
29
35
15
-28
-52
-43
-24
-16
-5
24
44
27
-7
-29
-37
-53
-61
-27
23
23
-36
-84
-61
-5
18
4
-1
16
32
32
31
30
12
-17
-27
-11
4
-2
-11
-1
16
10
-17
-37
-30
-12
-8
-19
-19
9
43
44
11
-15
-3
27
37
21
9
10
8
-5
-15
-8
1
-3
-13
-13
-2
18
42
64
69
52
24
8
14
38
59
54
25
-3
-2
10
-6
-44
-49
2
52
36
-23
-51
-19
26
33
11
-15
-35
-49
-52
-37
-26
-29
-30
-11
8
-5
-46
-74
-51
8
49
39
-3
-29
-21
-7
-12
-26
-21
-4
2
-2
8
30
28
-2
-12
24
64
64
43
46
59
34
-17
-26
20
57
33
-12
-21
2
8
-12
-22
-5
6
-8
-20
0
34
39
6
-23
-18
4
5
-11
-8
20
36
19
-3
7
31
27
-2
-12
7
16
-5
-26
-19
-2
0
-4
5
16
9
1
14
34
32
13
6
6
-12
-39
-38
-12
-11
-47
-69
-40
1
6
-17
-20
-6
-11
-38
-44
-23
-11
-28
-41
-18
9
-1
-32
-25
17
35
-2
-38
-16
36
41
-6
-36
-14
11
-1
-15
16
52
27
-35
-38
20
43
-5
-39
-1
36
-7
-69
-46
30
40
-23
-35
40
88
33
-29
1
59
24
-62
-66
18
58
7
-32
9
49
6
-59
-45
15
19
-33
-37
30
74
42
3
27
58
24
-35
-30
24
25
-43
-77
-25
25
-6
-56
-32
32
27
-35
-35
47
89
31
-26
7
57
17
-48
-16
78
80
-15
-48
38
99
34
-45
-9
64
28
-68
-67
23
32
-73
-129
-47
39
4
-56
-9
80
55
-47
-62
30
67
-13
-70
-3
70
25
-54
-22
71
55
-62
-97
6
76
3
-83
-34
62
38
-68
-73
40
94
22
-25
50
116
40
-70
-50
44
34
-66
-74
37
83
-16
-90
-11
84
33
-77
-62
38
42
-51
-59
50
92
-12
-97
-30
61
14
-84
-55
57
61
-55
-100
-16
35
-40
-104
-35
49
-4
-111
-89
42
82
-16
-88
-33
27
-19
-86
-49
27
7
-77
-76
12
36
-47
-92
-19
53
7
-64
-25
58
33
-65
-61
51
86
-21
-95
-15
86
53
-29
10
113
92
-39
-72
37
101
17
-61
-1
75
25
-61
-18
92
73
-60
-99
8
78
16
-39
21
72
-4
-91
-30
90
66
-70
-101
16
82
-4
-82
-19
68
31
-47
-3
105
92
-36
-85
9
79
23
-27
45
131
78
-35
-32
59
57
-53
-98
-11
51
-14
-75
-8
80
44
-40
-6
99
84
-44
-71
59
136
31
-90
-43
60
23
-96
-88
37
66
-46
-98
2
74
-13
-112
-54
62
43
-59
-40
91
120
-2
-73
13
94
33
-42
24
127
79
-59
-66
64
111
-4
-83
2
100
45
-56
-15
110
109
-19
-72
15
68
-12
-79
-10
72
15
-86
-45
86
99
-17
-54
54
115
14
-95
-46
51
15
-89
-74
32
35
-80
-110
9
76
-32
-145
-82
45
27
-88
-99
-1
16
-86
-130
-42
14
-71
-152
-81
33
8
-99
-96
9
32
-65
-104
-5
77
16
-71
-33
61
44
-47
-46
53
85
2
-45
33
106
53
-33
-6
84
81
-1
-11
79
118
38
-27
24
93
59
-22
-15
50
45
-29
-39
34
59
-16
-67
-4
64
20
-61
-34
61
69
-18
-51
25
80
29
-33
-5
43
14
-39
-9
69
63
-21
-50
12
50
0
-40
13
73
34
-49
-53
13
38
1
-9
30
32
-34
-70
-18
34
1
-54
-23
54
47
-48
-99
-52
-6
-29
-53
-3
60
44
-10
-1
59
70
23
14
66
82
18
-29
22
88
58
-29
-47
6
20
-36
-72
-41
-11
-33
-44
3
35
-17
-82
-51
36
47
-25
-50
22
73
12
-84
-99
-54
-44
-66
-45
13
18
-44
-82
-52
-27
-62
-92
-47
12
-12
-94
-125
-83
-52
-72
-74
-24
13
-12
-36
8
70
61
4
1
53
56
-24
-82
-47
11
4
-34
-15
37
35
-21
-26
46
105
86
51
68
95
65
15
19
60
59
17
12
60
75
25
-13
16
50
15
-35
-3
76
88
17
-28
4
39
9
-31
-10
33
20
-28
-30
8
1
-54
-67
-4
45
7
-59
-63
-24
-19
-42
-33
1
-9
-68
-94
-60
-41
-72
-83
-18
48
22
-55
-68
-11
9
-37
-57
-2
55
37
-7
4
45
41
8
25
89
107
53
13
44
84
70
48
74
108
70
-1
-6
59
92
55
28
59
82
33
-28
-13
39
30
-31
-40
13
29
-37
-95
-70
-22
-37
-78
-57
5
7
-53
-76
-26
10
-24
-58
-27
17
-3
-46
-20
46
46
-25
-56
-7
23
-23
-60
-10
55
22
-63
-68
14
50
-3
-44
-5
32
-9
-58
-19
54
41
-33
-38
37
72
15
-26
25
80
41
-27
-14
46
36
-32
-39
32
59
-6
-56
-10
42
11
-39
4
89
77
-16
-43
34
78
18
-39
5
63
23
-52
-33
51
54
-31
-62
5
40
-35
-107
-61
17
-8
-93
-89
-4
17
-55
-83
-3
59
3
-73
-48
22
3
-75
-77
-7
-3
-95
-142
-67
3
-40
-103
-57
33
22
-60
-61
32
55
-46
-123
-69
9
-20
-84
-47
43
33
-56
-60
45
91
-2
-83
-26
58
18
-81
-71
29
50
-24
-37
60
112
27
-56
0
91
56
-49
-46
57
79
-16
-57
32
98
25
-68
-29
66
51
-38
-33
62
74
-37
-97
-15
62
8
-70
-20
84
74
-23
-31
58
72
-32
-77
27
114
34
-95
-82
23
28
-68
-82
23
78
-1
-71
-16
47
-15
-112
-82
26
33
-62
-84
16
73
1
-59
7
86
28
-84
-81
11
23
-56
-64
33
73
-19
-86
4
120
84
-30
-26
88
116
14
-42
37
109
56
-14
39
132
110
18
25
129
154
59
9
90
160
99
17
53
131
91
-19
-20
85
113
12
-47
33
110
46
-47
-11
83
60
-49
-55
57
93
-21
-107
-39
51
4
-88
-52
63
66
-43
-74
26
86
7
-67
-12
64
13
-81
-48
65
64
-62
-114
-20
57
-3
-77
-31
46
8
-86
-69
32
43
-59
-102
-18
40
-27
-97
-42
44
8
-82
-54
65
81
-44
-121
-53
16
-37
-99
-36
66
33
-81
-81
45
97
0
-80
-18
70
36
-44
-22
60
51
-37
-44
54
99
17
-49
8
85
48
-32
-12
70
62
-30
-55
25
67
5
-33
43
112
53
-37
2
119
128
16
-34
42
88
7
-76
-23
73
56
-32
-33
46
54
-35
-66
17
65
-21
-110
-63
32
3
-109
-120
-14
39
-23
-61
14
76
11
-79
-51
30
4
-96
-100
13
67
-12
-82
-28
39
-9
-93
-64
36
49
-32
-51
30
67
-13
-79
-29
36
-6
-83
-46
62
73
-23
-60
22
73
3
-61
3
93
56
-55
-61
37
68
-18
-68
6
72
13
-76
-47
44
40
-46
-54
37
76
-7
-73
-17
62
32
-44
-26
55
54
-35
-66
6
51
-10
-64
-12
57
21
-59
-41
50
62
-24
-59
16
73
14
-65
-46
7
-22
-89
-64
27
30
-70
-115
-28
47
-7
-91
-62
28
20
-65
-74
12
39
-50
-109
-36
53
18
-62
-29
80
90
-6
-39
60
136
74
-15
18
105
98
12
-4
68
93
27
-11
45
87
31
-26
29
117
90
-14
-26
67
102
20
-37
30
103
51
-43
-27
57
49
-43
-47
70
124
21
-80
-20
92
62
-61
-74
37
72
-44
-130
-44
80
58
-49
-58
27
39
-43
-67
23
69
-17
-97
-37
52
-6
-145
-155
-25
46
-23
-71
10
88
22
-88
-63
43
48
-51
-72
27
66
-37
-114
-22
100
55
-79
-76
59
105
-9
-87
-8
70
-10
-126
-84
46
47
-74
-94
43
123
20
-91
-34
79
47
-61
-31
124
163
24
-68
25
124
43
-99
-77
57
72
-48
-82
46
129
27
-96
-53
64
52
-47
-40
66
70
-60
-111
23
136
51
-93
-67
70
77
-59
-111
0
76
-6
-89
-18
77
15
-112
-84
67
91
-54
-128
-2
117
28
-133
-115
37
76
-36
-85
13
76
-15
-112
-55
44
1
-113
-94
35
55
-77
-139
-18
99
25
-110
-87
47
72
-33
-70
27
81
-13
-99
-33
70
28
-87
-70
65
101
-19
-98
-16
71
7
-97
-54
78
89
-27
-74
23
95
27
-52
-1
87
52
-54
-50
63
107
24
-26
48
115
47
-56
-34
58
48
-59
-86
21
98
37
-40
6
99
85
-6
-17
67
102
30
-25
24
80
37
-35
-8
82
89
1
-41
21
70
15
-57
-31
39
22
-70
-99
-31
21
-13
-54
-14
43
15
-63
-74
-13
10
-52
-102
-61
7
11
-28
-24
19
18
-36
-56
-2
47
13
-50
-51
-3
10
-30
-46
-8
17
-20
-68
-60
-24
-31
-66
-58
2
31
-10
-51
-24
23
11
-46
-58
-9
17
-26
-67
-36
24
25
-23
-26
33
74
47
11
31
68
43
-19
-33
12
27
-26
-69
-35
26
23
-23
-24
30
53
15
-13
22
68
55
17
24
53
23
-52
-70
-3
43
-3
-64
-43
16
1
-76
-94
-24
24
-18
-66
-29
34
10
-75
-97
-38
-3
-42
-60
4
68
37
-32
-21
49
54
-23
-59
9
74
41
-21
1
74
76
-2
-42
2
42
15
-11
31
75
38
-25
0
91
114
44
6
70
127
77
-10
-3
67
61
-35
-76
1
80
59
5
32
100
87
8
-7
61
84
-2
-83
-50
24
8
-65
-65
13
42
-26
-76
-30
25
-12
-85
-71
10
34
-24
-59
-27
-17
-87
-144
-90
9
24
-38
-62
-22
-16
-76
-102
-33
31
-14
-102
-94
-6
25
-42
-87
-38
15
-17
-72
-45
21
5
-81
-103
-15
61
32
-27
-12
36
12
-67
-81
-9
34
-9
-49
-2
69
63
12
11
56
51
-12
-29
41
97
52
-25
-19
41
48
-5
-22
25
44
-12
-60
-25
30
7
-63
-67
3
41
-2
-41
-13
27
3
-38
-8
70
79
2
-56
-25
24
9
-31
-15
33
25
-25
-24
47
86
35
-28
-20
20
3
-48
-42
20
41
-15
-58
-23
26
11
-20
11
68
53
-24
-45
23
74
33
-29
-13
52
63
8
-23
11
43
18
-10
30
95
91
38
41
111
130
50
-11
42
119
90
5
3
78
93
19
-21
31
75
32
-21
12
82
81
22
3
50
75
28
-23
-4
42
23
-45
-63
-11
14
-34
-69
-21
31
-7
-76
-66
-5
-4
-63
-81
-37
-16
-53
-73
-36
6
-7
-47
-57
-27
-1
-8
-33
-31
-2
0
-41
-63
-23
9
-36
-86
-34
61
55
-31
-43
34
54
-26
-69
-8
48
18
-26
-12
17
17
18
38
40
12
-2
10
11
6
24
41
25
15
47
60
12
-23
8
29
-22
-51
20
79
16
-66
-38
13
-48
-129
-70
52
48
-54
-66
22
43
-37
-70
0
51
0
-66
-53
-14
-34
-91
-80
16
83
24
-90
-108
-14
39
-21
-72
-10
70
34
-65
-81
-2
59
53
25
18
36
68
75
23
-26
23
123
127
33
-3
58
77
13
2
86
116
34
-10
63
113
46
-13
30
70
27
4
62
78
-24
-96
-26
68
48
-13
12
82
85
40
29
40
18
-20
-27
-20
-26
-22
8
16
-23
-59
-30
27
30
-22
-53
-24
13
4
-31
-50
-69
-109
-129
-82
-31
-63
-127
-93
7
9
-96
-130
-24
51
-25
-133
-145
-113
-115
-111
-70
-67
-118
-121
-46
-15
-68
-91
-28
23
11
0
10
-14
-46
-10
23
-45
-117
-45
66
25
-71
-1
143
106
-46
-42
93
95
-17
3
125
97
-46
-26
126
116
-48
-51
130
182
28
-49
64
138
54
-17
28
56
2
-28
8
23
9
44
89
45
-32
-22
28
5
-52
-37
10
-9
-50
-36
-28
-84
-94
13
86
4
-86
-18
97
61
-69
-84
12
35
-59
-123
-73
-4
-2
-21
-1
26
-6
-64
-55
31
89
56
4
17
49
25
-24
-21
10
11
10
58
92
53
5
15
16
-29
-6
116
156
14
-96
4
139
97
0
47
126
54
-43
17
99
18
-68
38
146
17
-148
-38
172
107
-137
-149
91
200
44
-99
-48
54
38
-52
-98
-53
36
67
-37
-177
-160
7
89
-3
-62
49
149
38
-161
-177
1
138
81
-64
-100
-16
20
-75
-145
-39
105
67
-73
-58
75
53
-115
-126
49
96
-61
-122
14
52
-102
-149
30
133
0
-105
-21
35
-56
-75
62
97
-51
-109
32
99
-47
-154
-54
59
35
4
49
53
-9
-20
15
-19
-63
11
82
-17
-124
-9
154
67
-130
-91
105
116
-40
-58
65
71
-41
-50
29
0
-108
-102
-6
4
-53
-44
7
0
-17
21
34
-32
-61
-4
0
-92
-121
-25
16
-80
-136
-50
25
-28
-79
-13
75
69
16
-9
-14
-22
-18
-7
-4
2
-1
-45
-69
7
101
57
-40
29
190
146
-73
-103
115
206
16
-125
-3
129
55
-40
31
121
72
1
41
103
84
23
-24
-30
50
157
92
-136
-188
62
224
22
-179
-1
243
113
-157
-99
128
79
-136
-112
67
40
-105
-25
155
72
-166
-152
78
141
-6
-65
29
63
-21
-62
-12
22
-3
-29
-24
13
76
96
10
-82
-27
119
141
-8
-147
-129
6
122
118
17
-32
44
87
-46
-167
-28
193
140
-91
-108
62
32
-178
-144
137
182
-111
-251
-18
188
81
-75
-31
35
-53
-145
-97
-23
-20
-12
20
-9
-61
-26
37
-10
-97
-59
49
58
-17
-30
24
33
-28
-91
-94
-7
114
125
13
-23
99
130
-61
-162
54
239
45
-198
-38
248
130
-185
-112
240
265
-44
-125
124
213
-21
-180
-47
115
103
33
9
-23
-72
-74
-26
54
155
159
-30
-201
-70
182
112
-207
-261
12
131
-33
-78
80
36
-245
-254
108
263
-34
-262
-78
105
-55
-225
-71
111
-11
-171
-19
201
70
-265
-305
-4
194
53
-162
-157
-22
9
-45
-35
-11
-105
-170
29
315
256
-113
-279
-81
51
-96
-160
40
122
-110
-216
68
281
51
-216
-73
184
131
-35
28
114
-45
-178
8
206
32
-262
-217
80
232
184
131
87
-27
-93
29
214
211
-18
-250
-235
38
278
224
17
-18
70
-14
-164
4
337
249
-201
-273
174
374
-22
-355
-162
79
-42
-137
130
353
174
-82
-83
-32
-126
-168
-66
-20
-51
10
48
-110
-180
87
230
-158
-465
-11
580
297
-431
-396
276
361
-298
-558
-11
387
25
-421
-225
301
471
191
-131
-177
7
130
-10
-194
-66
249
258
-69
-200
63
256
37
-260
-178
204
431
246
-126
-202
143
372
2
-525
-413
188
439
235
182
229
-185
-683
-320
549
628
-90
-379
-53
-59
-369
-96
437
200
-309
58
561
-121
-950
-278
652
-61
-747
909
2362
-198
-3986
-2755
2435
3931
-45
-2567
-86
1844
-807
-3015
41
3805
1966
-2628
-2861
900
2265
-245
-1769
-37
1517
434
-983
-411
656
153
-851
-287
1202
1276
-358
-1489
-712
664
740
-196
-393
468
802
-197
-1116
-523
761
953
8
-568
-175
190
-154
-425
168
863
414
-759
-932
211
877
37
-716
116
1059
96
-1423
-751
1223
1101
-1030
-1453
650
1616
-205
-1516
-95
1290
148
-1219
-243
1130
294
-1084
-374
1022
445
-1024
-759
557
549
-366
-189
661
349
-753
-853
38
588
587
450
-171
-1115
-912
633
1280
-60
-1117
-87
1060
109
-1243
-370
1356
780
-1346
-1379
982
1967
-93
-1996
-823
1474
1317
-873
-1582
189
1613
677
-928
-927
83
298
-88
196
730
231
-743
-613
307
393
-226
-49
690
325
-857
-744
722
1088
-418
-1378
-155
1421
1022
-715
-1438
-357
1134
1298
-183
-1669
-1036
1357
2199
-290
-2800
-1189
2607
2625
-1693
-3719
129
4040
1636
-3441
-2974
2358
3755
-1221
-4343
-295
4337
1997
-3308
-2994
1787
2821
-937
-2431
637
2388
-156
-2198
-393
1536
311
-1171
10
1329
72
-1438
-366
1370
680
-1352
-1483
689
2446
1371
-1881
-3488
-536
3749
2886
-2514
-3831
1635
4507
-1128
-5861
-387
6804
2922
-5996
-4633
4418
4926
-3701
-5239
3551
6535
-2432
-7783
85
7663
2292
-6152
-3599
4204
3653
-2875
-3239
2441
3453
-1948
-4336
295
4549
2072
-3219
-3743
1035
4216
1012
-4072
-2956
3412
4929
-1802
-6287
-591
6317
2808
-5125
-3876
3758
3744
-3392
-3553
4155
4787
-4417
-7188
2640
8623
322
-7808
-2051
6329
2065
-6265
-2372
7225
4454
-7056
-7221
5087
9243
-1849
-9692
-1692
8371
4424
-5875
-5738
3186
5838
-861
-5111
-839
3996
1905
-2975
-2911
1689
3962
687
-3663
-3051
1911
4214
190
-4199
-1703
4061
3247
-3655
-5108
2307
6633
12
-7015
-2489
6297
4670
-4477
-5785
2224
5434
-791
-4451
727
4471
-485
-4993
-573
4806
1320
-4584
-1876
4744
3064
-4445
-4609
3081
5343
-1631
-5586
303
5707
1276
-5361
-3042
4045
4104
-2414
-4542
610
4246
1182
-2897
-2162
828
1328
-26
-252
483
370
-466
-828
-469
308
953
383
-1198
-1265
1105
2327
-298
-2973
-1068
2408
1519
-1887
-1271
2356
1821
-2741
-3292
1683
3937
-74
-3114
-366
2425
157
-2498
-413
2496
952
-2047
-1225
1581
1553
-640
-1266
-211
426
579
670
-196
-1342
-464
1425
742
-1508
-599
2464
1379
-3398
-3534
2557
5329
-68
-5051
-2089
3004
2230
-1122
-447
1539
-667
-3451
-597
4082
2638
-2725
-3280
1215
2918
-130
-1852
110
1109
-746
-1257
1203
2181
-589
-2712
-646
2264
1467
-1522
-2036
376
1828
337
-1542
-942
1030
1243
-388
-811
711
839
-1693
-2417
1560
4679
774
-5292
-3735
3668
5228
-1351
-4875
-34
3588
-587
-3768
1536
6121
53
-7752
-3555
6603
6255
-3412
-6143
1163
4702
-726
-3910
773
3748
-639
-3729
377
3850
367
-3483
-1413
1581
594
82
2739
2271
-3464
-5404
767
5207
1084
-2931
722
3844
-1469
-6229
-549
6661
2691
-5395
-2865
5759
4354
-5660
-7325
2324
7715
1767
-4082
-1707
1459
-913
-2583
1313
3921
-70
-3725
-532
3483
937
-3429
-1782
2510
1626
-2085
-920
3162
1638
-4432
-4788
2516
6764
1515
-5289
-4248
1565
3292
222
-1551
-246
497
-386
-249
934
292
-1662
-1191
1469
1695
-1290
-2433
475
2629
352
-2563
-1439
1467
1355
-838
-786
1183
907
-1842
-2636
205
2886
2119
-438
-1547
-916
-370
-598
-575
616
2323
2557
127
-3035
-3248
25
2739
1782
-482
-375
918
-77
-2244
-1492
1458
1639
-1140
-1258
2511
3568
-1475
-5813
-2783
3279
4232
840
-510
367
-1053
-3461
-1475
3100
2912
-1683
-2432
2105
3476
-1578
-4880
-1030
3376
1800
-1292
72
2214
-274
-3436
-1169
2958
1910
-2030
-1624
2150
2296
-1535
-3163
-1005
742
795
1489
1947
-507
-3279
-1712
1910
1564
-1626
-1360
2044
2234
-1102
-1691
1167
1161
-2532
-2812
2128
4460
177
-3773
-1565
2102
1323
-1090
-391
1148
-184
-1687
160
2132
163
-2492
-966
2123
1494
-1171
-893
1051
96
-2157
-728
2657
1873
-2235
-2572
1830
3765
-7
-3526
-1745
1822
1866
-450
-840
759
1055
-692
-1677
-8
2354
1894
-1567
-3511
-372
4222
3317
-2537
-4731
180
4291
1113
-3352
-996
3858
1905
-4188
-3888
2529
4133
-1400
-3741
1564
5040
0
-5664
-2959
3472
3911
-937
-3029
-369
1983
1202
-681
-1648
-1414
117
1997
1919
-261
-1638
-1065
-781
-1237
261
3190
2589
-2183
-4351
-332
3530
1021
-3610
-2892
1692
3146
609
-1074
-688
-1097
-1965
-197
2888
2471
-1417
-3333
-977
1770
1515
-329
-1240
-1010
-185
1101
1722
336
-1873
-2267
-632
929
1545
1829
1361
-468
-1895
-938
715
144
-1404
-393
2339
2362
-722
-2293
-464
1023
-320
-1524
103
1998
983
-1118
-815
995
846
-1201
-1684
569
2652
1912
-663
-2262
-1747
-314
581
927
1474
1839
631
-1890
-2972
-964
1673
1562
-394
-477
1594
2006
-697
-2874
-1577
827
900
-235
522
2267
1364
-2067
-3604
-1126
2022
2173
386
-121
720
312
-1708
-2475
-392
2114
2023
38
-805
147
550
-770
-1813
-724
1140
1393
300
-47
652
613
-814
-1916
-1212
466
1351
1008
320
-69
-441
-1180
-1778
-1130
846
2342
1544
-702
-1742
-880
-204
-821
-832
1081
2634
1321
-1228
-1714
-474
-363
-1267
-286
2529
3326
567
-2235
-1892
6
493
-30
535
1796
1588
-276
-1721
-1436
-169
720
655
17
-287
143
437
-266
-1016
-341
845
310
-1321
-905
1718
2514
-334
-2861
-1440
1262
838
-1356
-752
2186
2436
-1016
-3169
-1004
1947
1620
-483
-677
747
811
-685
-1105
203
793
-573
-1603
-38
2429
2062
-1623
-4585
-3091
1544
4486
3085
-594
-2945
-2666
-745
1459
2700
1874
-547
-2059
-903
1361
1800
43
-1576
-1339
208
1605
1779
394
-1419
-1394
920
2540
842
-2024
-1824
1228
2630
593
-1465
-779
658
267
-682
-76
756
-310
-1613
-182
2569
2328
-1120
-3006
-702
2358
1974
-839
-1982
-357
1308
935
-467
-1068
-677
-93
384
699
342
-785
-1462
-458
1375
1749
-21
-1875
-1632
240
1407
577
-1302
-2340
-1449
818
2484
1751
-878
-2708
-1886
362
1535
1027
192
-55
-40
-79
-71
-214
-675
-717
327
1429
951
-724
-1499
-631
414
489
244
457
703
477
80
-342
-1141
-1832
-1065
1095
2417
1289
-977
-1905
-983
225
394
-264
-686
-166
913
1321
362
-1023
-1306
-359
639
1010
917
163
-1460
-2617
-1492
1114
2104
467
-1121
-435
928
386
-1396
-1743
-210
1064
839
144
52
88
-503
-1276
-1188
-104
898
754
-221
-616
84
522
-432
-1464
-558
1455
1706
-143
-1134
167
1288
154
-1258
-361
1479
1272
-471
-739
771
1353
97
-735
254
1441
1186
293
72
164
-193
-448
198
1190
1412
808
183
29
256
569
610
236
-82
236
905
991
248
-541
-636
-76
635
923
382
-622
-931
-32
937
692
-267
-518
25
312
162
251
362
-321
-1235
-894
394
569
-843
-1737
-750
579
348
-871
-1346
-834
-293
-73
14
-259
-977
-1314
-670
95
-182
-1189
-1688
-1276
-518
108
331
-229
-1382
-1887
-878
666
1027
20
-958
-973
-511
-383
-626
-749
-496
-100
-5
-336
-701
-742
-665
-709
-418
585
1391
815
-474
-608
488
817
-303
-908
291
1580
1090
-86
59
1003
1004
481
1104
2359
2165
627
116
1372
2463
2140
1568
1837
2166
1713
1137
1174
1331
1107
1051
1586
2071
1965
1689
1627
1425
961
793
1089
1295
1341
1740
2118
1332
-324
-896
385
1792
1730
886
506
299
-337
-615
212
1017
360
-998
-1168
-128
328
-588
-1691
-1798
-1188
-811
-1077
-1750
-2385
-2668
-2623
-2432
-2067
-1566
-1564
-2598
-3830
-3768
-2583
-2102
-2958
-3565
-2911
-2368
-3216
-4209
-3676
-2482
-2529
-3457
-3406
-2347
-2003
-2712
-2982
-2244
-1676
-1927
-2167
-1913
-1820
-2129
-2083
-1472
-1115
-1256
-1136
-629
-590
-1057
-868
198
784
326
179
1191
2025
1447
654
1385
3008
3599
3093
3140
4150
4711
4104
3490
3973
5004
5548
5681
6100
6713
6714
5855
4961
4980
5817
6398
5984
5158
5058
5715
5972
5283
4634
4938
5510
5194
4320
4075
4381
4055
3087
2936
4078
4873
3896
2096
1386
2004
2586
2351
1853
1669
1530
1047
426
47
-250
-965
-2101
-2925
-2887
-2690
-3790
-6422
-8812
-9245
-8399
-8379
-9747
-11075
-11470
-11684
-12233
-12333
-11694
-11520
-12358
-12643
-11150
-9410
-9591
-11015
-11152
-9434
-7704
-7122
-7014
-6843
-7010
-7264
-6497
-4839
-3980
-4541
-4945
-3960
-2658
-2547
-3195
-3199
-2439
-1796
-1413
-788
-156
-261
-855
-745
481
1833
2355
2385
2868
3925
4787
5064
5479
6859
8739
9784
9697
9698
10603
11495
11385
11123
12075
13598
13833
12703
11961
12150
11901
10781
10356
11273
11647
10058
8122
8007
9005
8918
7644
6892
7103
7104
6518
6199
6309
6102
5726
6216
7355
7510
6070
4346
3497
3148
2701
2472
2723
2896
2588
2146
1583
112
-2430
-4796
-5921
-6467
-7811
-10128
-12341
-13522
-13670
-13437
-13541
-14145
-14596
-14218
-13273
-12503
-11872
-10771
-9353
-8389
-7788
-6809
-5851
-6195
-7467
-7438
-5386
-3589
-3946
-5031
-4538
-3056
-2882
-4127
-4745
-4131
-3943
-4998
-5825
-5187
-4117
-4150
-4906
-4825
-3560
-2363
-2237
-2706
-2691
-2089
-1767
-1952
-1479
393
2015
994
-2132
-3991
-3034
-1778
-2707
-4234
-3398
-805
518
173
507
1914
2106
803
1000
3825
5881
4369
1716
1836
4037
4394
1931
-362
-370
741
1396
1910
2933
3927
4461
5348
7185
8950
9258
8352
7835
8731
10416
11370
10749
9314
8634
9210
9821
9265
8159
8061
9228
10396
10583
9967
9036
8074
7600
8135
9221
9671
9145
8581
8781
9397
9577
8900
7479
5856
4845
4695
4558
3616
2457
2114
2065
810
-1724
-4185
-6318
-9279
-12884
-14875
-14135
-12526
-12023
-11992
-11110
-10124
-10348
-10868
-9861
-7787
-6548
-6018
-4266
-1276
362
-837
-3218
-4612
-4993
-5373
-5773
-5693
-5333
-5029
-4375
-3138
-2334
-3189
-5377
-7279
-7820
-7322
-6692
-6329
-5875
-4819
-3343
-2455
-2887
-4021
-4551
-4061
-3175
-2272
-1099
234
1078
1329
1493
1331
-162
-2789
-4714
-5053
-5458
-7598
-10212
-10633
-8584
-6424
-5799
-5981
-5783
-5199
-4503
-3374
-1901
-1110
-1340
-1154
739
3049
2972
-284
-4257
-5980
-5143
-3817
-3526
-3522
-2164
779
3904
5944
6833
6967
6552
6191
6965
8849
10022
9199
7972
8874
11429
12428
10551
8326
8363
9875
10707
10973
12300
14553
15973
16144
16312
16698
16015
14197
13232
14115
14991
13884
11759
10972
11625
11445
9066
5679
3230
2358
2542
3130
3569
3347
2472
1643
1301
656
-1692
-5956
-10348
-12486
-11645
-9320
-7509
-6807
-6475
-5954
-5547
-5667
-6176
-6699
-6912
-6246
-4161
-1346
103
-1257
-4386
-6921
-7959
-8586
-9773
-11023
-11447
-10953
-9777
-7923
-5961
-5411
-7088
-9557
-10535
-9675
-8738
-8946
-9459
-8927
-7472
-6312
-6093
-6464
-6971
-7498
-7822
-7471
-6352
-5086
-4316
-3846
-2973
-1818
-1697
-3543
-6277
-7829
-7891
-8400
-10547
-12609
-12109
-9265
-6534
-5188
-4369
-3481
-3177
-3319
-2227
658
3302
3995
4115
5737
7697
6796
2670
-1272
-2287
-1349
-744
-624
557
3402
7024
10478
13287
14813
14502
13018
12151
13028
14808
15656
14936
13970
14354
15788
16328
14973
13158
12912
14226
15432
15829
16420
17861
19217
19417
18686
17636
16052
13721
11629
10944
11248
11038
9843
8661
8231
7941
6736
4457
1940
173
-503
-599
-851
-1374
-1935
-3164
-6380
-11479
-16037
-17808
-17359
-16782
-16525
-15333
-12981
-10828
-9487
-8172
-6937
-7256
-9186
-10109
-8123
-5112
-4345
-6096
-7866
-8428
-9282
-11818
-14966
-16470
-15369
-12527
-9536
-7670
-7390
-8257
-9345
-9921
-9845
-9573
-9733
-10175
-9547
-6756
-3059
-1338
-2536
-4217
-3858
-2293
-2065
-3416
-4137
-3073
-1475
-662
-443
-389
-750
-1339
-1214
-416
-551
-2473
-4634
-4998
-3725
-2820
-3689
-5866
-7638
-7266
-4335
-544
1652
1759
1700
2984
4690
5233
4738
4203
3448
1772
-67
-563
126
428
51
436
2180
3919
4675
5657
8412
12251
14994
15759
15657
15719
15391
13694
11237
10058
11251
13422
14309
13586
12924
13240
13444
12603
11718
11957
12550
12435
12773
15108
17693
16912
12747
9471
9642
10620
9133
6380
5604
6700
6814
5214
3853
3352
2031
-426
-1728
-720
436
-373
-2047
-2775
-3845
-8103
-15172
-20957
-22285
-20095
-17414
-15743
-14526
-13028
-11328
-9679
-8163
-7243
-7645
-9026
-9523
-7825
-5378
-5058
-7346
-9495
-9388
-8606
-9911
-12943
-14748
-13997
-12108
-10206
-7819
-5282
-4527
-5996
-7224
-6474
-5553
-6600
-7975
-6506
-2697
-243
-591
-1371
-763
-240
-1575
-3743
-4650
-4082
-3088
-1809
77
1645
1493
-21
-1012
-649
-188
-1021
-2590
-2864
-704
2491
3679
996
-4268
-8914
-10870
-10363
-8343
-5227
-1621
1210
2712
3852
5380
6253
5234
3305
2733
3970
5208
5160
4623
4716
5040
4574
3528
3205
4319
6225
7899
9218
10979
13589
16031
16717
15432
13644
12515
11694
10779
10685
12021
13222
12435
10750
11006
13321
14553
13043
11162
11537
13131
13392
12427
12236
12856
12338
10398
9135
9482
9474
7292
4120
2410
2520
2698
1770
290
-914
-2033
-3592
-5273
-6257
-6762
-8453
-12574
-17832
-21170
-21059
-19093
-17628
-16874
-15537
-13434
-11665
-10532
-9333
-8373
-9023
-10991
-11586
-9198
-5976
-5286
-7470
-9906
-10742
-10628
-10897
-11784
-12823
-13572
-13312
-11143
-7219
-3286
-1254
-1452
-2641
-3508
-3796
-4124
-4866
-5389
-4575
-2242
308
1462
757
-1097
-3173
-4784
-5403
-4913
-3783
-2462
-807
1334
3366
4516
4792
4611
3925
2731
1979
2666
4257
5348
5642
5623
4517
853
-4537
-8365
-8851
-7689
-6692
-4763
-377
4841
7916
8789
9683
10736
9634
6005
2843
2261
2604
1678
495
1281
3377
4051
2808
2062
3322
5256
6464
7972
11304
15407
17470
16439
14006
11949
10123
7821
5830
5705
7475
9500
10645
11268
11691
11139
9235
7418
7400
8721
9430
8985
8867
10037
11334
11008
8673
5138
1510
-874
-964
562
1441
541
-598
-152
1167
1247
-350
-2256
-3586
-4452
-4732
-4655
-6310
-11791
-19239
-23530
-22266
-18734
-17215
-17554
-16721
-13898
-10998
-9073
-7418
-6190
-6727
-8506
-8666
-6146
-3979
-5355
-9003
-10941
-9964
-8765
-9599
-11332
-11673
-10338
-8506
-6543
-4142
-2060
-1632
-2404
-2119
131
2252
1865
-360
-1682
-972
304
684
455
336
116
-435
-625
-10
554
329
277
1713
3930
4887
4032
2805
2360
2453
2815
3830
5276
6061
5972
6033
6102
3934
-1603
-7769
-10539
-9247
-6568
-4412
-2253
470
2855
4329
5747
7372
7568
5245
2238
1156
1606
780
-2205
-4742
-4258
-1596
324
194
-742
-863
192
2153
5009
8477
11402
12722
12834
13004
13370
12519
9686
6507
5451
6776
8241
8074
7091
7167
8532
9673
9572
8815
8326
8053
7566
7223
7763
8899
9311
8427
7419
7627
8460
8034
5953
4101
3966
4356
3220
900
-344
114
412
-512
-1194
-788
-1838
-7194
-15139
-20594
-21248
-19652
-18635
-17640
-15250
-12620
-11581
-11038
-8553
-4939
-3748
-5755
-7245
-5434
-2802
-3538
-7490
-10699
-11171
-10893
-11819
-12854
-12277
-10722
-9607
-8186
-4828
-667
859
-1319
-4077
-4189
-2368
-1392
-1633
-893
1634
3881
4062
3198
3136
3669
3462
2841
3512
5631
7220
6993
6022
5663
5294
3565
1011
-329
257
1248
1129
316
165
1033
2187
3062
3520
3070
972
-2494
-5636
-6905
-6480
-5684
-5119
-4106
-2047
436
2142
2560
2061
1144
80
-915
-1735
-2688
-4165
-5830
-6617
-5862
-4105
-2478
-1506
-814
173
1655
3477
5365
7110
8711
10285
11622
11941
10540
7762
4929
3164
2562
2653
3174
4015
4834
5415
6207
7770
9677
10756
10617
10176
10247
10461
10222
9914
10089
10061
8758
6849
6351
7753
9045
8511
7109
6766
7337
6905
4605
1467
-1315
-3164
-3176
-654
2488
1938
-4420
-13122
-18364
-18211
-15787
-14482
-14195
-12958
-10170
-6730
-3352
-598
236
-1616
-4358
-5010
-3435
-3060
-6294
-10843
-12470
-10503
-8268
-8219
-9125
-8888
-7782
-7142
-6469
-4296
-1190
616
680
1003
2517
3279
1644
-676
-922
576
1120
119
70
2472
5158
5239
3025
1144
704
392
-778
-1811
-1500
-362
286
367
875
1901
2169
947
-607
-937
-302
-247
-1023
-1224
-650
-1807
-6711
-13079
-16076
-14022
-10121
-7791
-6605
-4405
-1382
532
1146
1887
2455
725
-3260
-6093
-5513
-3824
-4451
-6740
-7052
-4340
-1535
-972
-1282
-169
2005
3486
4479
6685
9899
11584
10384
8052
6757
6156
4819
3332
3744
6111
7966
7969
8075
10528
14184
15891
14851
13397
13337
13689
12808
10930
9342
8339
7491
7136
8024
9836
11334
11900
11858
11436
10435
8766
6436
3274
-276
-2558
-2262
-323
1191
1737
1914
652
-4334
-12276
-18326
-18836
-15719
-13267
-12395
-10919
-8300
-6457
-5949
-4982
-3166
-2870
-5059
-6744
-5242
-2830
-3752
-7727
-10098
-8560
-6161
-6339
-7999
-7881
-5731
-4071
-3651
-2378
749
3455
3499
2074
1746
2388
1806
-134
-961
246
1013
-592
-2562
-1935
433
1107
-597
-1796
-761
678
550
-346
-655
-1107
-2591
-3626
-2560
-940
-1539
-3699
-4043
-1953
-906
-3274
-6839
-8366
-8311
-9488
-12546
-15320
-16077
-15097
-13103
-10102
-6284
-2633
36
1817
2982
3158
1736
-1112
-4099
-5639
-5291
-4340
-4374
-5134
-4719
-2385
62
714
367
1325
4069
6883
8591
9703
10668
10915
10342
10010
10313
9973
8149
6348
6626
8694
10453
11095
11964
14207
16979
18577
18355
16924
15095
13258
11496
9755
7967
6333
5425
5759
7116
8491
9020
8954
9288
10221
10565
9299
7125
5495
4574
3457
2170
1641
1613
739
-629
-413
933
-948
-8466
-17029
-19818
-16603
-13420
-13520
-13563
-10236
-5749
-3555
-2540
157
3138
2645
-663
-2065
-282
315
-3289
-7793
-8594
-6551
-6049
-8097
-9402
-7978
-5891
-5382
-5262
-3198
235
2202
1626
298
-242
-823
-2570
-4350
-4195
-2537
-1811
-2705
-3071
-1574
-317
-1839
-4959
-6134
-4462
-2668
-2962
-4377
-5098
-5173
-5562
-6195
-6537
-6801
-7177
-6949
-5838
-5108
-5792
-6889
-7118
-7528
-10115
-14372
-17511
-18003
-16684
-14248
-10107
-4488
569
3505
4852
5435
4621
1796
-1749
-4100
-5061
-5754
-6571
-6946
-6648
-5869
-4339
-1643
1711
4689
7079
9417
11694
13219
13753
13807
13668
12966
11400
9276
7340
6465
7228
9213
11138
12396
13890
16387
18726
19086
17696
16580
16613
16555
15354
13639
12249
10839
9026
7600
7415
8025
8544
9083
10205
11566
12265
12097
11465
10384
8552
6151
3808
1889
411
-642
-1318
-1579
-1056
147
140
-3589
-10646
-16944
-19040
-17937
-16695
-15715
-13138
-8976
-5450
-3159
-382
2973
4099
1710
-1293
-2035
-2074
-4633
-9120
-11896
-11755
-11211
-12080
-12949
-12024
-9940
-8152
-6396
-3656
-577
952
333
-1067
-1905
-2376
-3281
-4439
-4862
-4351
-3959
-4391
-4728
-3834
-2602
-3170
-5579
-7094
-5959
-4124
-4453
-6543
-7684
-7186
-6932
-7676
-7785
-6415
-5178
-5205
-4980
-3114
-1304
-2151
-5264
-8042
-9608
-11390
-13922
-15457
-14394
-11307
-7739
-4229
-350
3933
7598
9132
7862
4970
2558
1143
-967
-4782
-8258
-8590
-6049
-3281
-1154
2001
6802
11325
14239
16709
19547
20872
18949
15485
13375
12350
9815
5587
2749
3384
6016
8306
10181
12852
16189
18719
19622
19377
18621
17393
15653
13813
12409
11410
10175
8279
6284
5243
5334
5593
5328
5130
5848
7201
8280
8831
9051
8605
7048
4872
2932
1191
-741
-2305
-2771
-2749
-2946
-2113
885
3039
-907
-11027
-20241
-22397
-19432
-17207
-16813
-14441
-8663
-2813
356
1919
3211
2914
81
-3024
-4059
-4522
-7403
-12147
-15089
-14556
-12751
-12171
-12552
-12254
-10869
-9093
-7081
-4386
-1337
669
631
-762
-1908
-2295
-3041
-5020
-7156
-7634
-6429
-5253
-4950
-4633
-3940
-4231
-6243
-8078
-7471
-5093
-3591
-3870
-4316
-3606
-2306
-1470
-1361
-1888
-2723
-2776
-1231
477
-294
-3669
-6556
-6889
-6603
-8543
-11891
-13061
-10506
-6310
-2827
136
3917
8181
10876
10688
8578
6451
4713
1947
-2537
-6765
-8083
-6659
-5082
-4218
-1850
3382
9046
12083
13049
14434
16096
15705
13185
11065
10027
7839
3936
1542
2986
5901
6948
7010
9227
13290
15580
14707
13251
13305
13566
12311
10559
10147
10407
9209
6573
4953
5830
7776
8525
7749
6990
7454
8802
9933
10201
9626
8450
6944
5370
3691
1614
-589
-1720
-1019
485
1320
1989
3984
5972
3733
-4231
-13307
-17865
-18086
-18252
-19288
-17552
-11576
-5235
-2079
-498
2311
4881
4051
778
-1330
-2234
-5306
-10796
-14295
-13283
-11000
-11290
-13028
-12866
-10969
-10087
-10269
-8632
-4488
-1016
-649
-1722
-1561
-724
-1695
-4488
-6301
-5729
-4861
-5967
-7919
-7904
-5943
-5161
-7086
-9067
-8019
-4984
-3528
-4378
-4652
-2675
-612
-934
-2667
-3260
-2456
-1908
-2048
-1982
-1991
-3449
-6032
-7600
-7543
-7944
-10136
-12058
-10803
-6556
-2096
945
3508
6779
10016
11333
9884
6675
3367
671
-1853
-4500
-6470
-6799
-5736
-4182
-2037
1543
6121
9880
12152
14294
16975
18274
16288
12338
9406
8124
6697
4446
2888
2952
3607
4169
5736
8934
12093
13392
13512
14205
15168
14451
11674
8781
7339
6825
6197
5734
6278
7546
8357
8288
8163
8787
9817
10215
9497
8118
6690
5291
3798
2429
1504
954
753
1445
3323
5258
5737
5224
5714
7107
5933
-462
-9689
-16560
-18924
-18901
-18477
-16789
-12678
-7440
-3183
-119
2621
4594
4478
2388
-127
-2343
-5041
-8747
-12569
-15170
-15983
-15247
-13717
-12476
-12164
-12096
-10906
-8308
-5504
-3669
-2824
-2492
-2631
-3373
-4472
-5604
-6753
-7822
-8316
-7986
-7430
-7471
-8144
-8799
-9062
-9185
-9386
-9329
-8432
-6597
-4474
-2921
-2181
-1775
-1301
-983
-1070
-1155
-890
-1068
-2792
-5469
-7032
-6783
-6619
-8225
-10134
-9325
-5232
-326
3297
6097
9270
12375
13967
13613
12031
9750
6795
3527
753
-1192
-2685
-3893
-4135
-2596
591
4357
7792
10930
14182
17125
18394
17143
14165
11004
8216
5331
2412
521
253
894
1717
3170
5803
8768
10666
11457
12164
12765
11974
9449
6796
5542
5204
4438
3316
3139
4298
5659
6257
6501
7197
8170
8605
8319
7877
7556
6898
5503
3729
2247
1309
932
1388
2789
4331
4959
5028
6079
8165
8471
4189
-3633
-10826
-14807
-16758
-18497
-19217
-16952
-11995
-6652
-2143
2059
5778
7325
6025
3652
1933
-14
-4014
-9437
-13428
-14430
-13746
-13233
-12989
-12103
-10518
-8936
-7533
-5950
-4408
-3735
-4118
-4742
-5037
-5476
-6543
-7548
-7446
-6567
-6456
-7690
-8917
-8775
-8014
-8538
-10589
-12170
-11639
-9756
-8317
-7576
-6229
-3748
-1431
-672
-1126
-1386
-997
-879
-1745
-2996
-3694
-4083
-5356
-7892
-10456
-11488
-10681
-8667
-5635
-1250
3981
8405
10951
12315
13507
13870
11946
8082
4537
2506
623
-2478
-5405
-5554
-2773
464
2618
4867
8565
12708
15381
16496
17260
17551
15892
12158
8372
6087
4577
2747
1405
2001
3984
5364
5755
6854
9436
11690
11697
10218
9466
9891
9912
8627
7071
6378
6196
5739
5284
5539
6214
6448
6304
6669
7670
8290
7792
6674
5791
5300
4877
4386
3831
3221
2909
3499
4846
5831
5875
5933
6756
6741
3265
-3599
-10398
-14134
-15321
-16044
-16333
-14425
-10046
-5277
-1815
760
3199
4745
4381
2717
944
-1364
-5517
-10868
-14680
-15443
-14691
-14526
-14711
-13671
-11441
-9714
-9186
-8712
-7499
-6491
-6704
-7515
-7825
-7928
-8762
-9837
-9603
-7886
-6422
-6510
-7498
-8239
-8832
-9876
-10934
-11019
-10120
-8998
-7727
-5734
-3267
-1529
-1021
-870
-293
284
141
-625
-1626
-2971
-4646
-5884
-6272
-6794
-8410
-9952
-9077
-5365
-902
2687
6129
10469
14580
16271
15129
12705
10166
7345
4181
1496
-252
-1713
-3232
-3644
-1673
1994
5263
7218
9018
11899
15175
16945
16256
13867
11022
8261
5597
3245
1600
745
491
902
2245
4260
6013
6921
7567
8849
10454
10963
9734
7941
7194
7607
7969
7565
6955
6817
6885
6536
5894
5627
5880
6100
5933
5699
5715
5709
5321
4810
4686
4887
4905
4713
4823
5252
5247
4586
4397
5637
7144
6417
2565
-2660
-7181
-10755
-13958
-16070
-15592
-12585
-8925
-5960
-3247
-161
2491
3525
3115
2248
858
-2113
-6719
-11291
-14176
-15359
-15780
-15769
-14957
-13399
-11901
-11073
-10613
-9830
-8586
-7427
-6853
-6774
-6755
-6584
-6366
-6110
-5610
-4958
-4836
-5818
-7493
-8774
-9217
-9458
-10055
-10411
-9476
-7277
-4960
-3281
-1826
-120
1200
1163
110
-527
-256
-249
-1387
-2621
-2649
-2549
-4755
-9088
-11930
-10642
-7048
-4484
-2722
1212
7521
12421
13462
12835
13186
12969
9295
3610
308
77
-959
-4469
-6555
-3679
1498
3829
3103
3604
7137
10799
12134
12460
13396
13437
10683
6678
4455
3969
2673
228
-566
1785
4921
6076
6028
7458
10529
12531
11872
10156
9518
9600
8660
6732
5789
6751
8014
7783
6606
6353
7312
7854
6985
5742
5502
6123
6641
6918
7451
8056
7949
7033
6044
5388
4780
4162
4042
4612
5373
5899
6154
5701
3545
-564
-5429
-9675
-13002
-15417
-16086
-14171
-10439
-6735
-3952
-1659
288
1115
449
-982
-2587
-4820
-8002
-11131
-12960
-13689
-14414
-15196
-14977
-13522
-12189
-12145
-12703
-12267
-10433
-8285
-6787
-5830
-5018
-4635
-5150
-6218
-6919
-7024
-7331
-8454
-9843
-10529
-10432
-10233
-10129
-9542
-8183
-6577
-5176
-3685
-1854
-278
400
609
1214
1979
1759
287
-1304
-2156
-2883
-4414
-6476
-8069
-8883
-9153
-8393
-5540
-653
4592
8627
11450
13708
15010
14259
11502
8324
6013
4208
1956
-578
-2330
-2895
-2748
-1933
248
3791
7311
9632
11224
13012
14473
14300
12568
10615
8737
5846
2000
-571
-225
1721
3012
3736
5603
8615
10718
10876
10367
10404
10367
9397
8132
7536
7219
6359
5441
5558
6525
7133
6982
6734
6728
6691
6771
7483
8470
8618
7780
7152
7436
7733
6949
5348
3959
3198
2881
2994
3630
4542
5363
5840
5379
3018
-1400
-6559
-10877
-13855
-15552
-15502
-13406
-10354
-7950
-6348
-4507
-2363
-1255
-1913
-3499
-5182
-7268
-9899
-11970
-12508
-12200
-12284
-12680
-12587
-12340
-12984
-14182
-14262
-12690
-10943
-10231
-9732
-8153
-6029
-5046
-5527
-6047
-5668
-5261
-6039
-7673
-8777
-8810
-8522
-8539
-8449
-7696
-6605
-5768
-4882
-3152
-794
926
1379
1401
1866
2351
2033
1162
511
-156
-1740
-4096
-6000
-6973
-7713
-8312
-7497
-4478
-350
3410
6804
10398
13434
14469
13492
11812
9949
7245
3729
725
-970
-2061
-3151
-3465
-2168
141
2499
5177
8758
12245
13775
13102
11816
10868
9410
6684
3682
1940
1594
1752
2176
3405
5426
7346
8587
9508
10532
11357
11484
11007
10386
9773
9036
8209
7443
6666
5778
5147
5310
6175
7036
7557
8146
9025
9597
9267
8396
7694
7061
5970
4757
4362
4667
4373
3015
1872
2125
3154
3745
3933
4205
3683
985
-3316
-7038
-9364
-11517
-13952
-14954
-13305
-10576
-8993
-8304
-6730
-4237
-2653
-2817
-3728
-4737
-6508
-9178
-11358
-12004
-11884
-12122
-12451
-12125
-11586
-11830
-12711
-13164
-12811
-12173
-11469
-10340
-8766
-7274
-6133
-5148
-4364
-4204
-4814
-5868
-7042
-8103
-8651
-8447
-7906
-7513
-6921
-5521
-3772
-2809
-2685
-2218
-898
340
771
999
1675
2295
2273
2050
1954
1054
-1367
-4108
-5534
-6054
-7050
-7761
-5720
-634
4600
7737
9793
12335
14278
13636
11110
9273
8627
7159
4018
1109
67
-211
-1393
-2682
-1957
895
3832
5742
7640
10331
12618
12965
11746
10419
9149
6895
3759
1575
1519
2483
2855
2910
4031
6120
7507
7561
7661
8861
9996
9384
7467
6253
6492
6936
6425
5369
4741
4691
4779
4854
5051
5454
6158
7187
8031
7897
6848
5977
5916
5921
5140
4034
3568
3619
3393
3064
3597
4982
5959
5708
4512
2458
-1045
-5664
-9451
-10962
-11106
-11562
-12156
-11409
-9220
-7166
-6052
-5000
-3547
-2952
-4205
-6126
-6997
-7261
-8727
-11333
-12742
-11715
-10196
-10774
-13202
-14962
-14744
-13735
-13353
-13264
-12330
-10446
-8426
-6752
-5425
-4687
-4848
-5478
-5742
-5653
-6064
-7178
-7940
-7379
-5867
-4498
-3782
-3503
-3357
-3052
-2219
-900
182
561
886
2066
3792
4794
4463
3350
2160
1116
222
-862
-3066
-6641
-9583
-8985
-4648
322
3447
5719
9047
12537
13664
12186
10292
9103
7659
5620
4226
3629
1925
-1567
-4307
-3969
-2044
-1442
-1774
-47
4382
8733
11028
12352
13792
13916
11314
7549
5140
3930
2100
66
341
3271
5723
5331
3900
4652
7484
9251
8330
6600
6441
7661
8486
8311
7926
7657
6915
5631
4678
4464
4306
3954
4527
6744
9102
9392
7740
6380
6302
5994
4232
2319
2112
3165
3730
3738
4628
6389
7044
5544
3134
923
-1996
-6440
-10676
-12152
-11046
-10046
-10659
-11587
-11115
-9429
-7805
-6810
-6275
-6093
-6067
-5656
-4892
-4952
-6750
-9339
-10853
-10967
-11249
-12882
-15096
-16345
-16143
-15090
-13723
-12185
-10685
-9427
-8154
-6471
-4687
-3705
-3852
-4362
-4356
-3905
-3723
-4106
-4636
-4839
-4666
-4350
-4157
-4277
-4574
-4390
-3065
-825
1256
2477
3271
4408
5795
6649
6587
5899
4854
3428
1759
106
-1815
-4570
-7583
-8840
-6913
-2777
1299
4344
7086
9947
11997
12354
11487
10351
9033
7198
5242
3818
2460
-30
-3595
-6406
-6894
-5494
-3631
-1638
1308
5364
9240
11584
12333
12132
10998
8478
5012
2166
1089
1314
1623
1641
1891
2560
3118
3329
3783
4946
6369
7407
8211
9215
10039
9849
8679
7437
6529
5463
4142
3476
4060
5115
5679
6149
7479
9202
9615
8090
5981
4781
4389
3915
3358
3476
4363
5189
5380
5245
5174
4808
3376
631
-2800
-5869
-7878
-8978
-9941
-11207
-12240
-12138
-10909
-9643
-9171
-9019
-8134
-6372
-4722
-4068
-4307
-4806
-5293
-5940
-6876
-8019
-9282
-10617
-11865
-12845
-13567
-14049
-13929
-12727
-10660
-8718
-7543
-6622
-5146
-3388
-2424
-2502
-2612
-2024
-1338
-1385
-1828
-1852
-1767
-2598
-4194
-5072
-4522
-3611
-3359
-3095
-1710
350
1739
2312
3003
3812
3682
2660
2298
3017
2778
-102
-4098
-6388
-6777
-7424
-8771
-8402
-4815
-61
3081
4828
7094
9591
9987
7874
5884
5852
6099
4138
494
-2218
-3129
-3794
-5176
-6111
-5317
-3131
-342
3175
7338
10552
11276
10321
9854
10213
9505
6850
4233
3977
5541
6386
5448
4130
3865
4318
4624
5144
6743
9009
10479
10655
10596
11121
11394
10154
7793
6129
6084
6656
6609
6289
6840
8156
8874
8453
7946
8114
7947
6195
3676
2498
3101
3694
3067
2358
2969
4021
3559
1574
-158
-1151
-3007
-6428
-9386
-9801
-8692
-8700
-10164
-10865
-9661
-8192
-8168
-8844
-8537
-7291
-6318
-5693
-4558
-3358
-3746
-5901
-7769
-7924
-7635
-8793
-10918
-11913
-11175
-10143
-9817
-9473
-8347
-7071
-6499
-6227
-5458
-4564
-4477
-4885
-4356
-2418
-408
141
-857
-2370
-3552
-4206
-4502
-4760
-5173
-5342
-4490
-2572
-729
-97
-524
-996
-946
-430
518
1759
2496
2011
914
352
-216
-2783
-7494
-11192
-10826
-7236
-3638
-1133
1854
5752
8352
8241
7274
7668
8449
7318
4854
3871
4740
4471
1291
-2589
-4336
-4283
-4216
-3690
-946
3415
6696
8088
9445
11469
11943
9396
6109
5180
6208
6502
5542
5239
5994
5670
3420
1752
2983
5735
7142
7186
8224
10786
12529
11734
9536
7758
6391
4642
3084
3019
4289
5355
5487
5494
6154
7017
7206
6572
5581
4655
4081
4102
4626
5076
4876
3933
2555
1144
-39
-1208
-3131
-6190
-9262
-10466
-9521
-8438
-8942
-10090
-9722
-7751
-6286
-6458
-6955
-6353
-5200
-4584
-4021
-2523
-920
-1086
-3013
-4678
-5167
-5929
-8050
-10060
-10013
-8486
-7600
-7760
-7467
-6232
-5539
-6258
-7051
-6518
-5403
-5067
-4902
-3267
-555
817
-182
-1777
-2231
-2387
-3845
-5885
-6235
-4548
-3039
-3258
-4049
-3715
-2749
-2852
-4008
-4328
-2825
-709
578
1266
2221
2968
2107
-588
-3763
-6252
-8095
-9394
-9292
-7027
-3412
-192
1921
3611
5361
6525
6477
5832
5735
6341
6813
6626
6045
5215
3675
1215
-1395
-3098
-3601
-3160
-1669
1233
5074
8353
9833
9624
8691
7701
6809
6196
6162
6652
7199
7447
7376
6968
6102
4985
4284
4492
5468
6834
8500
10360
11746
11819
10507
8571
6735
5277
4482
4787
6087
7477
8168
8238
8005
7169
5402
3443
2579
2990
3613
3805
4067
4644
4582
3165
1321
261
-667
-3087
-6629
-8781
-8285
-7002
-7219
-8500
-8839
-8002
-7655
-8404
-8841
-8053
-7142
-7186
-7236
-5902
-3885
-3152
-4078
-5216
-5858
-6977
-9094
-10896
-11029
-10035
-9242
-8675
-7530
-6210
-6176
-7647
-8990
-8895
-7913
-7073
-6106
-4188
-1770
-312
-304
-770
-978
-1517
-3090
-5019
-5840
-5078
-3723
-2947
-3019
-3572
-4333
-5175
-5747
-5567
-4481
-2735
-582
1873
4253
5679
5400
3672
1553
-299
-2214
-4573
-6621
-6916
-5009
-2055
464
2142
3382
4298
4625
4585
5029
6452
8342
9765
10259
9842
8517
6269
3423
680
-1264
-1975
-1343
331
2403
4308
5900
7185
7923
7862
7301
6944
7176
7880
8941
10313
11382
11033
8931
6307
4768
4617
5016
5547
6598
8106
9010
8516
7219
6228
5726
5218
4798
5111
6037
6498
5951
5261
5427
6038
5801
4352
2698
1856
1754
1728
1509
1266
1084
837
427
-275
-1619
-3849
-6518
-8657
-9787
-10451
-11401
-12426
-12503
-11178
-9376
-8447
-8678
-9186
-9205
-8836
-8323
-7215
-4997
-2340
-900
-1569
-3486
-5194
-6295
-7345
-8434
-8755
-7794
-6241
-5286
-5358
-6027
-6851
-7750
-8564
-8807
-8134
-6752
-5139
-3561
-2043
-673
308
680
375
-469
-1468
-2098
-2112
-1833
-1853
-2430
-3327
-4229
-5086
-5892
-6402
-6253
-5294
-3611
-1362
1177
3470
4937
5397
5034
3866
1654
-1383
-4120
-5348
-5019
-4159
-3477
-2644
-1276
24
360
28
437
2366
5066
7441
9390
11257
12447
11688
8773
5213
2727
1669
1402
1631
2595
4099
5230
5286
4569
3963
4037
4802
6056
7631
9300
10692
11361
10961
9498
7502
5786
4858
4613
4644
4728
4886
5172
5575
6004
6198
5872
5225
5059
5958
7427
8330
8214
7653
7233
6805
6090
5388
5055
4736
3824
2503
1537
1106
710
344
759
2007
2564
881
-2637
-6110
-8474
-10225
-11819
-12527
-11620
-9921
-9142
-9900
-11179
-11794
-11559
-10773
-9290
-6790
-3713
-1245
-206
-354
-950
-1706
-2885
-4523
-5943
-6274
-5386
-4132
-3626
-4360
-6023
-8008
-9894
-11412
-12150
-11592
-9620
-6981
-5027
-4698
-5644
-6501
-6142
-4587
-2595
-650
1244
2879
3509
2563
478
-1534
-2539
-2522
-2081
-1744
-1621
-1501
-1177
-701
-278
162
1029
2476
3857
4253
3554
2563
1810
738
-1473
-4516
-6921
-7415
-6014
-3771
-1805
-628
-43
489
1319
2379
3617
5404
8023
10733
12013
11106
8851
6609
4794
3108
1805
1709
2832
3891
3725
2673
1980
2190
2752
3071
3345
4200
5848
7775
9124
9390
8896
8496
8576
8548
7704
6437
5988
6844
7971
8023
6872
5477
4566
4043
3633
3454
3755
4458
5202
5648
5601
5065
4288
3577
2975
2334
1729
1476
1584
1563
1091
577
617
1051
1016
-77
-2011
-4235
-6396
-8242
-9419
-9761
-9602
-9520
-9835
-10503
-11330
-11990
-12000
-11040
-9357
-7570
-6048
-4707
-3457
-2561
-2320
-2569
-2735
-2377
-1570
-781
-437
-560
-787
-795
-776
-1319
-2723
-4511
-5835
-6309
-6255
-6173
-6185
-6127
-5999
-6104
-6693
-7548
-8037
-7625
-6368
-4844
-3619
-2888
-2640
-2953
-3831
-4833
-5198
-4505
-2976
-1061
1018
3087
4653
5192
4793
4233
4221
4797
5497
5878
5729
4980
3671
1952
-52
-2300
-4586
-6266
-6502
-4924
-2029
1076
3307
4118
3670
2677
2055
2530
4387
7346
10526
12644
12627
10336
6762
3484
1852
2380
4544
6990
8265
7743
5984
4128
2975
2670
3019
3756
4458
4579
3869
2695
1775
1557
1899
2239
2025
1113
-59
-719
-369
727
1693
1710
607
-1076
-2483
-2975
-2485
-1482
-582
-161
-322
-1039
-2139
-3171
-3587
-3203
-2381
-1644
-1213
-979
-770
-487
-78
372
583
348
-110
-239
263
1139
1886
2209
2029
1273
-22
-1404
-2105
-1660
-391
826
1269
862
73
-580
-876
-862
-627
-216
221
387
61
-622
-1276
-1643
-1773
-1847
-1930
-1993
-2056
-2216
-2529
-2965
-3417
-3724
-3737
-3414
-2885
-2364
-2066
-2187
-2835
-3833
-4689
-4964
-4710
-4437
-4636
-5409
-6540
-7684
-8449
-8482
-7697
-6363
-4844
-3319
-1866
-670
98
569
1112
1899
2690
3143
3201
3083
3042
3198
3527
3872
4033
3972
3877
3950
4202
4547
4986
5530
6017
6233
6216
6224
6342
6336
6017
5568
5316
5290
5189
4758
4029
3207
2466
1871
1404
1027
794
855
1200
1457
1153
231
-860
-1682
-2261
-2874
-3575
-4151
-4458
-4560
-4534
-4383
-4206
-4262
-4689
-5255
-5532
-5279
-4587
-3740
-3018
-2612
-2552
-2707
-2897
-3024
-3040
-2865
-2438
-1857
-1361
-1093
-965
-770
-383
171
758
1181
1286
1117
964
1143
1735
2579
3476
4313
5008
5445
5554
5398
5118
4831
4582
4381
4195
3947
3574
3097
2612
2199
1890
1700
1624
1572
1385
952
323
-346
-957
-1519
-2054
-2524
-2917
-3357
-3991
-4749
-5274
-5212
-4587
-3816
-3331
-3218
-3220
-3059
-2677
-2231
-1916
-1812
-1862
-1972
-2136
-2424
-2816
-3127
-3192
-3122
-3191
-3424
-3418
-2755
-1528
-283
568
1109
1611
2065
2231
2100
2038
2407
3144
3869
4310
4536
4759
5050
5309
5436
5438
5389
5338
5310
5322
5361
5294
4863
3864
2413
1020
276
370
892
1172
841
65
-749
-1388
-1884
-2230
-2196
-1594
-675
-81
-322
-1281
-2357
-3055
-3391
-3668
-4007
-4195
-4052
-3777
-3826
-4448
-5393
-6143
-6357
-6090
-5633
-5251
-5056
-5030
-5050
-4892
-4338
-3386
-2357
-1707
-1661
-2015
-2340
-2353
-2042
-1456
-509
829
2197
2893
2485
1401
738
1329
2951
4512
5023
4410
3424
2888
3091
3788
4565
5092
5157
4667
3794
3002
2760
3126
3650
3788
3401
2820
2422
2230
1993
1577
1161
969
922
658
-46
-995
-1770
-2182
-2438
-2849
-3447
-3963
-4134
-3959
-3644
-3386
-3302
-3443
-3730
-3810
-3205
-1848
-536
-585
-2689
-5965
-8273
-7794
-4525
-341
2449
2751
1171
-776
-1780
-1255
756
3751
6745
8449
7884
5129
1503
-1132
-1453
615
3944
6804
7688
6082
2864
-35
-797
979
3906
5835
5518
3448
1200
15
12
569
1180
1791
2422
2822
2679
2095
1609
1645
2046
2271
2021
1535
1232
1181
1085
720
203
-272
-824
-1773
-3081
-4104
-4111
-3119
-2034
-1880
-2872
-4312
-5354
-5747
-5825
-5928
-6035
-5957
-5705
-5485
-5380
-5207
-4757
-4067
-3318
-2516
-1465
-149
998
1415
1082
701
1066
2235
3443
3884
3485
2840
2453
2241
1838
1238
896
1144
1676
1792
1158
193
-351
-163
404
792
816
702
687
733
681
524
425
456
508
474
469
720
1233
1677
1689
1239
624
108
-322
-768
-1091
-968
-333
315
249
-795
-2289
-3373
-3629
-3366
-3147
-3165
-3137
-2786
-2251
-1961
-2142
-2561
-2785
-2621
-2227
-1858
-1593
-1358
-1133
-980
-873
-609
22
950
1820
2313
2459
2574
2894
3354
3737
3986
4265
4696
5119
5234
4952
4543
4366
4488
4645
4581
4343
4195
4278
4436
4432
4216
3925
3618
3158
2424
1594
1080
1107
1432
1536
1140
443
-156
-501
-750
-1052
-1282
-1190
-792
-453
-543
-1058
-1664
-2091
-2383
-2710
-3025
-3080
-2772
-2404
-2454
-3095
-4005
-4705
-5009
-5100
-5217
-5372
-5444
-5433
-5486
-5655
-5747
-5523
-5023
-4584
-4484
-4637
-4706
-4482
-4069
-3674
-3303
-2796
-2133
-1572
-1382
-1478
-1432
-911
-51
690
1005
1012
1032
1198
1362
1367
1272
1267
1402
1504
1400
1120
842
661
520
369
339
643
1302
2050
2522
2557
2263
1856
1489
1242
1197
1417
1834
2242
2436
2390
2224
2045
1841
1578
1334
1270
1460
1788
2058
2172
2180
2145
2046
1850
1654
1677
2073
2760
3466
3945
4125
4097
4008
3998
4170
4548
5010
5340
5394
5242
5092
5066
5078
4955
4663
4353
4180
4130
4044
3806
3415
2893
2193
1275
278
-489
-797
-744
-686
-944
-1571
-2421
-3343
-4254
-5011
-5383
-5225
-4707
-4271
-4284
-4746
-5358
-5844
-6152
-6356
-6437
-6267
-5799
-5207
-4763
-4632
-4806
-5215
-5803
-6451
-6893
-6856
-6334
-5687
-5375
-5581
-6124
-6725
-7291
-7865
-8367
-8506
-8035
-7066
-6035
-5334
-4992
-4754
-4412
-3979
-3537
-3013
-2220
-1103
102
1047
1576
1841
2132
2632
3359
4252
5227
6136
6761
6954
6801
6588
6574
6768
6973
7005
6847
6586
6269
5901
5558
5417
5593
5925
6050
5723
5098
4643
4713
5230
5754
5894
5642
5314
5214
5380
5633
5809
5906
6001
6091
6050
5768
5286
4779
4406
4166
3916
3504
2882
2146
1473
1045
963
1150
1355
1275
761
-61
-920
-1660
-2382
-3281
-4363
-5351
-5933
-6088
-6129
-6398
-6938
-7477
-7732
-7658
-7385
-6991
-6425
-5660
-4867
-4314
-4116
-4108
-4020
-3708
-3200
-2534
-1659
-583
459
1093
1123
726
273
-19
-213
-431
-602
-537
-242
-44
-301
-1022
-1827
-2316
-2416
-2336
-2245
-2105
-1842
-1575
-1548
-1820
-2115
-2077
-1632
-1064
-695
-578
-523
-355
-74
250
612
1005
1272
1148
537
-311
-983
-1306
-1478
-1792
-2266
-2643
-2749
-2738
-2910
-3319
-3673
-3652
-3289
-2914
-2757
-2675
-2328
-1602
-760
-183
-2
-21
57
391
971
1722
2536
3235
3613
3599
3348
3142
3141
3287
3425
3494
3543
3592
3553
3339
3023
2810
2846
3078
3352
3633
4051
4707
5472
6035
6176
5975
5728
5664
5770
5860
5777
5504
5104
4615
4034
3392
2790
2355
2122
1997
1818
1473
989
510
201
127
193
224
105
-128
-314
-331
-205
-119
-261
-680
-1254
-1773
-2080
-2148
-2081
-2034
-2131
-2408
-2806
-3198
-3457
-3493
-3306
-2996
-2745
-2731
-3009
-3450
-3828
-3986
-3951
-3886
-3922
-4040
-4134
-4141
-4110
-4107
-4098
-3969
-3669
-3317
-3114
-3162
-3370
-3563
-3644
-3668
-3716
-3770
-3712
-3470
-3117
-2845
-2810
-3008
-3270
-3351
-3083
-2475
-1750
-1227
-1134
-1432
-1830
-1997
-1778
-1268
-656
-64
492
1002
1390
1583
1630
1710
1966
2377
2768
2998
3083
3149
3280
3419
3458
3371
3265
3298
3550
3998
4531
5013
5306
5329
5139
4947
5002
5399
5959
6339
6271
5755
5034
4408
4070
4053
4275
4585
4785
4682
4177
3361
2478
1809
1514
1577
1839
2078
2108
1846
1349
789
331
36
-144
-265
-322
-308
-347
-709
-1613
-2974
-4359
-5256
-5436
-5100
-4684
-4525
-4680
-5004
-5328
-5532
-5499
-5104
-4306
-3291
-2442
-2132
-2464
-3190
-3886
-4219
-4130
-3780
-3393
-3115
-2982
-2970
-3053
-3206
-3397
-3566
-3646
-3577
-3338
-2960
-2535
-2186
-2026
-2105
-2374
-2701
-2906
-2819
-2359
-1602
-780
-180
21
-128
-392
-526
-416
-98
362
931
1579
2182
2549
2571
2349
2143
2159
2403
2726
2994
3168
3250
3184
2884
2385
1898
1690
1878
2341
2834
3173
3318
3313
3223
3128
3145
3384
3857
4429
4900
5132
5124
4968
4762
4573
4435
4358
4324
4306
4311
4362
4443
4435
4181
3634
2956
2427
2216
2254
2310
2212
1958
1634
1261
771
135
-532
-1035
-1285
-1393
-1571
-1920
-2353
-2705
-2912
-3074
-3344
-3758
-4193
-4451
-4420
-4133
-3733
-3376
-3168
-3162
-3367
-3732
-4133
-4389
-4363
-4074
-3718
-3553
-3716
-4121
-4520
-4695
-4600
-4356
-4119
-3949
-3811
-3660
-3516
-3445
-3455
-3457
-3338
-3083
-2833
-2764
-2898
-3036
-2906
-2412
-1748
-1231
-1020
-986
-864
-530
-92
255
457
632
889
1170
1299
1191
978
901
1094
1473
1834
2037
2085
2081
2132
2297
2569
2878
3126
3243
3235
3159
3044
2847
2527
2142
1842
1715
1678
1541
1215
824
587
595
739
850
889
962
1170
1478
1759
1945
2076
2217
2355
2425
2422
2438
2576
2828
3086
3241
3270
3213
3101
2937
2754
2638
2667
2813
2933
2880
2618
2254
1940
1760
1686
1629
1503
1277
968
622
293
33
-118
-154
-120
-104
-195
-418
-703
-910
-932
-767
-528
-364
-371
-561
-871
-1217
-1529
-1776
-1963
-2116
-2250
-2370
-2496
-2667
-2917
-3219
-3486
-3644
-3708
-3772
-3907
-4078
-4198
-4240
-4299
-4485
-4780
-5030
-5081
-4928
-4707
-4541
-4442
-4346
-4226
-4113
-4016
-3856
-3527
-3023
-2467
-2008
-1695
-1461
-1221
-944
-631
-258
211
748
1237
1546
1631
1551
1389
1203
1039
973
1070
1296
1494
1499
1285
992
785
716
720
756
888
1210
1695
2168
2440
2486
2459
2539
2784
3116
3441
3755
4107
4501
4843
5004
4926
4669
4358
4112
3992
4010
4123
4244
4259
4092
3758
3364
3038
2843
2761
2741
2753
2778
2766
2637
2337
1920
1522
1279
1226
1293
1374
1400
1358
1259
1123
971
826
694
555
400
260
180
152
78
-166
-599
-1103
-1509
-1749
-1890
-2025
-2178
-2309
-2422
-2616
-2995
-3525
-4024
-4297
-4296
-4125
-3950
-3887
-3985
-4247
-4626
-5007
-5235
-5228
-5045
-4852
-4787
-4857
-4979
-5078
-5141
-5172
-5135
-4965
-4641
-4216
-3783
-3409
-3115
-2893
-2729
-2601
-2476
-2322
-2120
-1883
-1630
-1373
-1132
-962
-931
-1041
-1159
-1090
-726
-148
429
821
986
1017
1038
1127
1304
1565
1901
2277
2632
2897
3040
3068
3029
2992
3045
3248
3577
3931
4198
4336
4394
4457
4556
4655
4700
4688
4667
4684
4724
4719
4619
4435
4224
4021
3812
3581
3352
3194
3152
3192
3239
3250
3233
3194
3106
2935
2705
2507
2414
2398
2329
2105
1753
1417
1209
1101
969
722
392
75
-160
-308
-401
-469
-530
-622
-803
-1102
-1490
-1877
-2169
-2316
-2335
-2283
-2253
-2335
-2574
-2918
-3228
-3366
-3310
-3166
-3075
-3096
-3174
-3227
-3242
-3260
-3317
-3405
-3502
-3617
-3779
-3974
-4133
-4187
-4146
-4108
-4152
-4267
-4352
-4326
-4182
-3965
-3728
-3505
-3317
-3161
-3018
-2871
-2713
-2532
-2318
-2082
-1868
-1716
-1623
-1540
-1400
-1166
-859
-558
-349
-250
-210
-157
-71
18
82
134
214
341
493
626
737
870
1067
1317
1577
1820
2060
2320
2600
2874
3115
3310
3473
3611
3724
3800
3849
3905
3989
4091
4179
4231
4239
4201
4117
3999
3870
3764
3710
3719
3756
3766
3721
3629
3499
3334
3163
3038
2978
2942
2877
2769
2638
2486
2308
2106
1903
1719
1584
1511
1478
1433
1335
1171
938
633
279
-58
-313
-484
-611
-748
-916
-1108
-1298
-1468
-1627
-1778
-1900
-1968
-1994
-2042
-2164
-2370
-2635
-2921
-3191
-3410
-3565
-3662
-3720
-3760
-3806
-3866
-3920
-3951
-3963
-3957
-3911
-3800
-3643
-3498
-3415
-3400
-3414
-3399
-3305
-3144
-2975
-2838
-2729
-2614
-2499
-2403
-2332
-2271
-2209
-2125
-1995
-1825
-1664
-1549
-1465
-1380
-1295
-1227
-1165
-1075
-955
-824
-688
-538
-379
-231
-99
26
155
299
477
704
968
1240
1487
1683
1816
1905
1992
2110
2248
2379
2490
2589
2684
2776
2861
2930
2978
3021
3078
3146
3191
3199
3181
3164
3152
3137
3110
3061
2988
2902
2818
2756
2730
2740
2757
2734
2651
2535
2437
2380
2354
2338
2304
2216
2064
1882
1723
1603
1517
1456
1415
1353
1209
972
696
452
267
125
2
-133
-290
-459
-618
-762
-913
-1085
-1257
-1388
-1461
-1493
-1526
-1583
-1655
-1719
-1778
-1858
-1966
-2061
-2092
-2053
-1995
-1975
-2004
-2062
-2137
-2241
-2366
-2471
-2508
-2473
-2401
-2332
-2277
-2239
-2227
-2234
-2236
-2201
-2120
-2018
-1933
-1889
-1880
-1875
-1844
-1795
-1755
-1737
-1716
-1666
-1587
-1500
-1422
-1354
-1286
-1205
-1107
-1011
-951
-933
-927
-896
-826
-722
-592
-440
-287
-163
-79
-6
105
269
465
659
836
996
1130
1237
1340
1464
1602
1715
1801
1887
1989
2082
2138
2159
2164
2156
2134
2111
2110
2138
2177
2196
2171
2110
2046
2006
1980
1947
1918
1907
1892
1836
1737
1631
1518
1377
1224
1115
1072
1047
986
879
744
582
402
242
148
118
107
57
-53
-204
-355
-482
-593
-697
-769
-781
-746
-718
-732
-783
-848
-916
-975
-1013
-1017
-981
-912
-854
-853
-911
-972
-987
-963
-941
-931
-910
-861
-788
-712
-669
-689
-759
-810
-801
-742
-665
-581
-496
-441
-429
-429
-412
-379
-347
-313
-272
-244
-244
-263
-295
-353
-431
-492
-521
-548
-597
-644
-665
-679
-707
-734
-730
-708
-692
-681
-658
-619
-574
-513
-435
-350
-276
-204
-121
-35
44
123
215
315
407
476
520
553
598
659
708
726
739
782
842
870
854
831
828
829
813
782
752
740
757
793
807
774
718
687
687
697
713
737
754
731
664
574
474
368
264
176
105
40
-16
-71
-153
-273
-388
-457
-501
-563
-644
-695
-709
-729
-781
-835
-858
-862
-873
-890
-888
-860
-825
-813
-826
-839
-830
-798
-763
-736
-707
-664
-614
-581
-576
-583
-577
-546
-493
-440
-398
-366
-329
-282
-227
-165
-87
10
125
244
348
431
508
600
705
802
879
947
1012
1068
1103
1120
1114
1083
1050
1039
1050
1039
987
918
864
816
749
660
571
501
448
408
373
323
252
178
121
78
32
-9
-29
-23
-14
-20
-49
-94
-136
-152
-138
-117
-124
-163
-209
-231
-240
-272
-343
-425
-474
-480
-469
-474
-492
-506
-504
-492
-479
-473
-472
-464
-430
-367
-289
-228
-194
-171
-131
-56
43
134
202
263
339
417
466
485
502
539
587
629
660
688
711
718
706
675
624
564
515
485
456
400
316
226
149
62
-52
-174
-267
-328
-397
-502
-621
-726
-827
-954
-1091
-1187
-1226
-1239
-1256
-1269
-1279
-1306
-1354
-1390
-1383
-1344
-1305
-1272
-1224
-1148
-1054
-970
-923
-915
-906
-857
-772
-689
-620
-543
-450
-367
-319
-295
-268
-221
-143
-30
104
230
333
423
515
614
709
798
893
1009
1146
1281
1387
1469
1561
1680
1799
1878
1917
1941
1965
1984
1989
1974
1931
1871
1809
1738
1628
1479
1330
1206
1087
953
821
713
612
499
383
276
173
65
-28
-97
-159
-223
-261
-258
-255
-297
-367
-417
-448
-491
-546
-569
-550
-523
-537
-604
-699
-779
-818
-834
-871
-944
-1021
-1074
-1110
-1155
-1210
-1269
-1323
-1365
-1375
-1355
-1336
-1336
-1341
-1327
-1304
-1290
-1282
-1261
-1208
-1124
-1025
-948
-911
-890
-839
-754
-678
-637
-604
-550
-483
-436
-412
-396
-373
-336
-279
-210
-148
-106
-70
-22
39
102
154
194
233
289
369
456
530
597
670
738
779
808
869
969
1070
1136
1177
1220
1274
1332
1386
1431
1464
1495
1537
1579
1603
1612
1619
1616
1583
1529
1484
1452
1405
1331
1254
1177
1078
955
845
769
688
573
444
339
248
144
34
-55
-130
-210
-287
-338
-374
-429
-494
-534
-549
-566
-590
-595
-585
-591
-619
-639
-641
-653
-687
-719
-736
-760
-799
-833
-851
-885
-949
-1013
-1053
-1086
-1133
-1177
-1191
-1194
-1213
-1230
-1213
-1159
-1097
-1045
-989
-915
-823
-721
-620
-535
-460
-374
-274
-185
-127
-86
-44
-5
21
39
60
81
96
110
127
126
104
80
71
62
34
-1
-18
-14
-6
1
16
34
43
48
66
103
147
195
244
289
324
352
381
408
424
431
437
440
434
424
419
411
390
358
330
311
291
265
247
243
244
236
218
205
213
234
254
268
287
317
349
373
390
410
433
450
455
457
458
458
454
451
452
460
483
513
529
528
527
555
597
614
599
582
586
589
577
567
575
582
560
521
499
492
474
441
409
371
297
193
99
43
2
-60
-148
-244
-330
-396
-439
-470
-513
-573
-627
-664
-693
-727
-747
-745
-741
-756
-778
-785
-786
-795
-802
-784
-753
-747
-775
-805
-807
-794
-799
-824
-846
-848
-831
-810
-790
-766
-726
-672
-625
-598
-574
-521
-439
-355
-285
-216
-131
-42
37
119
225
340
424
468
494
528
552
543
516
498
496
482
443
394
352
316
270
215
170
148
134
102
44
-17
-50
-56
-67
-107
-156
-180
-172
-159
-165
-182
-190
-189
-188
-190
-192
-191
-184
-173
-166
-166
-164
-143
-114
-101
-105
-97
-57
-8
27
56
94
135
163
198
271
366
439
474
505
563
636
698
746
780
793
792
796
816
829
810
763
706
650
606
579
562
532
482
434
408
388
359
332
318
299
254
198
169
163
145
91
19
-47
-102
-149
-190
-228
-276
-338
-401
-454
-496
-525
-543
-564
-602
-653
-685
-682
-659
-645
-637
-615
-570
-517
-468
-419
-360
-288
-216
-149
-84
-22
39
96
149
201
251
290
309
308
293
274
252
222
177
121
70
34
5
-34
-78
-107
-124
-150
-190
-222
-229
-219
-220
-233
-244
-250
-255
-257
-249
-241
-247
-265
-276
-275
-282
-305
-334
-361
-390
-431
-476
-517
-548
-562
-553
-534
-526
-532
-531
-511
-477
-444
-408
-364
-320
-279
-227
-156
-77
-6
58
126
194
252
308
371
432
476
502
526
549
566
578
594
605
595
565
545
547
552
537
511
489
472
448
418
391
371
357
344
323
289
248
221
205
182
137
82
43
17
-13
-57
-100
-127
-146
-174
-212
-248
-263
-257
-239
-220
-208
-208
-216
-223
-214
-180
-128
-79
-45
-13
28
71
94
96
100
124
159
186
197
197
193
192
196
207
223
243
264
283
292
292
291
304
330
360
374
370
359
362
381
397
393
367
334
301
263
219
173
126
75
23
-27
-82
-155
-248
-334
-395
-438
-479
-528
-586
-646
-701
-736
-743
-739
-736
-723
-689
-642
-602
-576
-543
-497
-454
-421
-385
-332
-271
-219
-180
-150
-127
-109
-90
-60
-23
4
5
-13
-21
6
58
91
82
69
97
160
209
226
245
292
338
353
351
368
406
427
412
375
335
300
278
274
283
283
264
234
203
175
138
89
34
-12
-38
-57
-88
-134
-168
-166
-136
-112
-108
-112
-106
-83
-44
6
50
76
88
106
136
161
174
187
211
236
243
233
225
231
251
270
276
267
262
266
272
267
259
266
283
288
266
236
219
209
195
175
163
154
129
78
16
-33
-54
-60
-82
-139
-222
-290
-329
-354
-386
-423
-457
-483
-508
-531
-548
-564
-573
-557
-517
-484
-488
-508
-492
-438
-386
-368
-367
-350
-315
-275
-243
-218
-197
-175
-145
-108
-87
-94
-110
-106
-70
-17
26
44
35
22
32
62
91
110
135
180
223
240
234
231
245
259
266
268
270
261
244
233
227
214
191
170
157
138
100
61
40
31
10
-30
-64
-75
-70
-70
-84
-105
-116
-114
-106
-99
-100
-106
-110
-105
-89
-69
-59
-68
-86
-93
-84
-73
-78
-94
-109
-112
-108
-104
-102
-105
-107
-99
-77
-55
-48
-60
-71
-58
-24
4
2
-14
-10
26
68
83
76
83
117
149
150
134
134
155
175
182
177
166
153
149
158
172
181
186
194
204
212
219
227
229
221
215
224
234
228
219
238
279
297
273
237
225
227
215
187
168
163
159
143
111
72
38
11
-11
-35
-65
-94
-108
-107
-105
-112
-134
-165
-196
-220
-237
-253
-266
-271
-268
-265
-271
-284
-301
-322
-341
-353
-353
-349
-352
-363
-371
-373
-380
-393
-402
-396
-379
-371
-376
-378
-361
-336
-325
-324
-310
-275
-237
-211
-188
-150
-103
-65
-43
-24
-4
14
27
50
91
137
168
180
187
206
240
280
320
354
380
398
411
423
442
470
495
507
515
532
558
578
587
590
588
577
564
560
568
566
535
492
462
451
436
413
390
368
331
265
189
137
115
94
42
-33
-97
-128
-135
-144
-160
-180
-203
-234
-275
-318
-358
-396
-432
-459
-469
-470
-479
-505
-536
-546
-530
-511
-516
-538
-541
-513
-486
-492
-517
-525
-509
-485
-462
-437
-407
-382
-361
-335
-300
-261
-227
-197
-164
-120
-76
-51
-53
-59
-35
15
53
68
85
125
162
169
159
167
198
227
240
248
259
269
271
265
256
255
268
287
289
277
277
304
326
312
279
268
287
292
251
190
156
157
164
155
140
129
109
70
32
22
38
48
25
-13
-43
-53
-53
-57
-77
-113
-151
-166
-145
-107
-81
-82
-98
-110
-107
-92
-81
-83
-95
-104
-104
-100
-94
-78
-55
-40
-52
-76
-84
-56
-12
9
-3
-23
-21
3
18
20
24
31
24
2
0
32
70
79
65
53
56
63
67
70
67
52
33
28
40
54
57
47
36
33
32
31
26
25
29
31
32
40
56
59
36
16
25
53
65
59
56
56
42
20
22
48
59
33
6
21
62
74
38
-13
-42
-52
-59
-69
-73
-78
-96
-122
-138
-139
-137
-143
-147
-143
-141
-154
-182
-211
-236
-250
-249
-239
-240
-253
-256
-241
-232
-247
-266
-264
-247
-237
-230
-212
-194
-187
-182
-164
-145
-141
-141
-124
-93
-67
-47
-15
24
58
88
123
160
193
227
262
286
298
319
361
404
422
422
428
446
470
499
534
561
574
586
600
603
593
589
598
600
585
566
552
526
485
459
464
471
447
411
388
367
324
267
218
167
96
28
-6
-25
-74
-150
-206
-228
-247
-284
-331
-382
-448
-523
-575
-603
-628
-657
-678
-697
-732
-769
-773
-747
-739
-765
-789
-788
-778
-772
-752
-714
-696
-710
-713
-678
-632
-601
-563
-500
-448
-427
-398
-325
-243
-206
-192
-154
-91
-50
-23
30
108
167
199
239
296
336
350
379
440
499
516
505
513
559
611
633
623
610
613
623
620
603
590
592
601
609
605
576
523
481
477
492
484
442
398
368
340
293
237
188
162
159
161
130
56
-11
-24
-1
0
-35
-74
-98
-125
-171
-223
-269
-303
-312
-295
-273
-275
-298
-311
-304
-297
-306
-316
-311
-294
-287
-307
-346
-370
-356
-324
-308
-309
-290
-247
-212
-206
-209
-201
-193
-188
-174
-161
-167
-183
-166
-120
-96
-112
-119
-87
-57
-68
-87
-70
-32
-11
-7
2
5
-14
-30
-9
25
34
18
11
16
8
-5
12
67
110
95
43
12
37
93
129
121
83
55
53
76
100
118
128
133
136
132
118
99
94
118
158
183
173
142
123
129
145
154
153
151
147
136
124
122
129
134
136
141
139
115
83
74
100
128
128
102
75
56
47
44
42
25
-4
-17
-4
16
15
-3
-24
-34
-38
-42
-46
-50
-45
-30
-25
-51
-93
-115
-97
-68
-59
-71
-87
-93
-89
-82
-79
-87
-94
-81
-52
-29
-27
-42
-63
-76
-66
-34
-5
-7
-37
-62
-64
-48
-26
-3
13
13
-2
-22
-34
-36
-25
-8
-6
-30
-58
-60
-37
-27
-47
-81
-98
-93
-79
-76
-92
-125
-151
-153
-147
-159
-193
-212
-202
-186
-197
-230
-252
-249
-233
-226
-238
-268
-295
-289
-247
-207
-200
-207
-188
-147
-130
-153
-175
-152
-95
-50
-37
-38
-25
9
51
83
102
123
161
208
247
271
287
302
321
350
386
416
432
453
489
522
526
511
509
522
529
524
525
533
529
513
503
500
486
459
446
451
449
421
384
356
330
295
251
210
177
153
142
126
92
44
5
-19
-48
-99
-162
-216
-251
-270
-286
-312
-345
-368
-368
-366
-388
-435
-479
-498
-501
-503
-516
-542
-568
-575
-558
-533
-525
-531
-527
-505
-472
-445
-423
-401
-380
-369
-371
-374
-362
-329
-287
-252
-229
-215
-201
-178
-143
-106
-82
-72
-63
-47
-24
-2
13
26
39
63
94
115
109
94
100
125
133
111
94
113
149
162
148
134
140
158
171
181
191
198
197
191
191
202
215
219
215
213
216
220
226
242
264
269
254
236
239
254
262
264
271
283
290
286
273
258
250
257
266
261
242
230
229
220
195
173
173
188
200
206
206
199
189
180
166
144
125
120
115
81
36
25
53
68
39
-8
-31
-36
-53
-88
-120
-144
-161
-173
-179
-191
-212
-238
-254
-261
-262
-262
-271
-293
-320
-331
-333
-348
-378
-397
-392
-380
-381
-388
-382
-363
-347
-345
-349
-346
-327
-297
-274
-262
-251
-235
-224
-222
-211
-167
-106
-68
-72
-92
-92
-63
-20
13
22
21
24
38
47
55
75
103
119
123
143
178
183
137
90
99
148
173
165
160
172
174
161
155
166
175
167
150
128
101
87
95
108
99
85
97
121
114
76
60
85
114
111
93
86
85
79
75
78
77
68
62
65
66
63
66
70
69
73
95
116
107
84
94
132
152
128
104
108
126
131
130
135
130
105
80
76
79
67
44
27
16
9
7
6
3
-2
-3
-9
-26
-47
-62
-76
-103
-129
-139
-135
-138
-149
-154
-161
-188
-223
-239
-238
-247
-265
-268
-260
-268
-288
-293
-275
-262
-266
-266
-258
-257
-270
-271
-251
-227
-215
-202
-183
-170
-171
-170
-157
-138
-118
-96
-76
-64
-55
-35
-13
-3
2
26
56
64
59
80
138
185
198
208
241
272
266
246
250
276
291
290
284
280
265
249
254
277
283
258
220
200
208
231
246
238
215
198
203
212
202
174
150
141
135
119
102
84
62
33
11
8
21
35
42
37
14
-16
-31
-24
-8
-7
-28
-51
-60
-52
-33
-17
-14
-28
-52
-78
-101
-118
-127
-125
-124
-132
-140
-137
-128
-128
-142
-156
-156
-147
-141
-146
-155
-160
-158
-160
-171
-188
-188
-171
-150
-147
-152
-149
-136
-125
-121
-121
-123
-126
-120
-99
-74
-66
-72
-71
-49
-18
-4
-17
-47
-67
-52
-19
-10
-35
-51
-17
42
70
64
61
76
85
78
79
96
108
101
95
96
88
64
52
75
114
135
134
129
135
151
171
179
169
161
172
192
187
160
152
178
206
203
183
177
185
183
166
146
131
126
134
142
129
103
90
96
100
87
76
82
83
62
35
30
41
51
51
44
27
3
-11
-4
2
-17
-46
-59
-62
-84
-132
-169
-167
-142
-131
-153
-182
-183
-152
-120
-128
-168
-204
-207
-190
-176
-179
-199
-225
-243
-242
-229
-221
-221
-213
-195
-180
-176
-175
-173
-175
-177
-167
-153
-153
-162
-147
-109
-85
-98
-117
-95
-36
6
4
-23
-35
-15
22
45
39
19
18
42
64
65
53
54
78
110
125
113
84
66
87
133
161
150
123
120
139
153
151
146
153
161
165
168
177
181
174
163
158
159
160
163
168
163
139
115
110
120
120
97
72
66
70
65
58
63
75
71
53
42
52
60
46
17
-7
-16
-20
-31
-54
-84
-100
-92
-75
-75
-94
-112
-111
-102
-101
-111
-126
-136
-131
-112
-100
-113
-135
-141
-132
-131
-142
-147
-143
-146
-162
-168
-153
-141
-149
-159
-152
-139
-140
-147
-133
-104
-92
-107
-127
-128
-115
-106
-106
-104
-89
-68
-60
-69
-78
-69
-47
-34
-40
-45
-34
-15
-3
-2
-3
1
12
25
34
40
58
86
100
89
71
80
110
137
142
138
131
116
103
100
102
95
88
99
124
136
133
132
141
147
148
160
180
181
156
133
133
146
153
151
145
136
127
122
119
107
96
94
96
83
62
55
64
67
59
55
57
47
25
15
21
23
10
3
11
12
-7
-25
-24
-20
-31
-45
-45
-42
-55
-74
-83
-86
-91
-93
-82
-69
-72
-86
-95
-97
-100
-96
-80
-70
-90
-132
-152
-125
-83
-63
-73
-85
-87
-94
-116
-136
-134
-119
-116
-132
-152
-158
-152
-140
-122
-109
-110
-123
-120
-100
-83
-84
-84
-71
-56
-50
-49
-40
-34
-36
-31
-9
6
-5
-29
-31
-16
-12
-19
-13
18
47
54
44
37
34
38
49
63
71
69
67
68
70
75
93
117
122
109
99
107
118
114
100
93
92
82
66
67
92
116
112
92
85
104
127
129
118
106
94
81
75
92
120
129
107
75
59
59
62
55
34
13
10
28
47
48
35
28
21
-3
-24
-14
24
40
8
-42
-66
-65
-68
-79
-78
-65
-57
-65
-75
-76
-80
-95
-115
-123
-116
-104
-104
-119
-140
-154
-153
-143
-133
-123
-116
-115
-122
-128
-127
-122
-123
-130
-139
-144
-140
-129
-112
-100
-97
-105
-119
-128
-122
-102
-84
-81
-87
-85
-70
-55
-55
-64
-73
-70
-47
-11
16
24
20
17
13
2
-6
4
22
31
31
38
53
64
67
67
61
40
16
16
38
47
29
11
14
22
20
17
34
61
77
80
83
88
88
83
86
95
97
87
80
80
76
69
75
98
111
97
75
75
94
98
81
69
80
94
87
64
52
60
69
71
70
72
63
45
31
28
27
18
13
21
30
21
-1
-14
-14
-14
-19
-14
0
9
4
-1
0
-3
-19
-36
-44
-48
-57
-63
-66
-75
-86
-82
-62
-55
-76
-92
-74
-43
-40
-60
-67
-50
-33
-35
-45
-46
-40
-36
-36
-40
-41
-28
-6
2
-11
-25
-19
0
4
-11
-29
-38
-47
-49
-34
-10
5
-1
-17
-29
-29
-14
6
20
21
18
22
33
36
22
-9
-38
-46
-31
-9
1
2
3
-1
-14
-24
-16
1
2
-18
-36
-36
-27
-16
1
20
32
34
33
29
24
24
37
49
51
49
57
64
55
36
35
48
52
37
19
17
32
58
73
59
20
-6
9
39
48
37
33
37
33
20
17
15
-3
-22
-10
25
39
14
-14
-10
20
44
45
25
-4
-21
-13
3
-1
-14
3
52
81
53
-4
-30
-10
23
38
40
49
63
55
16
-33
-58
-51
-29
-14
-8
3
18
25
12
-17
-44
-45
-16
15
10
-29
-63
-60
-29
-5
-9
-31
-50
-54
-46
-34
-30
-34
-41
-41
-36
-27
-22
-23
-30
-31
-15
8
19
14
1
-14
-31
-41
-33
-12
4
3
-5
-5
7
29
45
45
32
17
10
11
12
22
37
42
24
-1
3
38
64
53
16
-6
5
38
65
73
63
47
36
37
44
38
9
-21
-22
9
39
33
2
-21
-17
-3
3
3
2
5
13
16
3
-25
-40
-21
7
4
-32
-60
-50
-23
-10
-16
-24
-22
-11
-1
0
-8
-11
0
15
12
-10
-27
-18
8
30
33
21
11
6
7
6
5
9
21
35
42
33
9
-12
-6
32
77
94
81
62
56
60
62
54
37
24
33
61
78
64
36
27
39
48
44
36
31
32
37
43
34
10
-7
-5
-2
-11
-15
-5
1
-11
-25
-20
-3
0
-7
-13
-20
-35
-46
-39
-23
-10
1
7
-7
-33
-40
-17
6
-1
-24
-32
-26
-21
-16
-2
15
18
14
14
13
6
8
32
67
84
69
42
24
19
22
23
26
36
46
42
24
14
16
17
3
-14
-18
-8
2
5
0
-14
-32
-45
-46
-43
-32
-9
15
23
26
36
42
25
-1
-6
4
1
-18
-26
-17
-23
-45
-61
-57
-54
-59
-58
-50
-43
-38
-23
-9
-16
-36
-47
-55
-71
-81
-68
-50
-55
-73
-77
-70
-72
-69
-45
-21
-29
-50
-50
-37
-42
-53
-45
-30
-41
-68
-72
-45
-18
-5
3
3
-10
-22
-11
7
7
-7
-12
5
22
28
21
12
6
7
11
9
3
7
17
16
6
9
29
51
57
53
45
34
33
48
65
71
73
80
81
62
45
55
78
80
56
33
24
14
4
-3
-7
-13
-13
1
11
-1
-25
-36
-33
-33
-41
-41
-27
-12
-11
-22
-33
-34
-30
-35
-49
-57
-53
-50
-52
-48
-32
-25
-39
-60
-61
-41
-20
-8
-11
-26
-37
-29
-10
0
-2
0
9
18
26
42
48
33
22
44
67
43
-7
-16
24
50
26
-8
-11
2
4
4
6
-4
-20
-17
4
15
10
10
13
-8
-40
-37
2
23
2
-26
-30
-21
-10
4
18
10
-17
-34
-30
-18
-4
7
6
-11
-23
-9
7
-2
-23
-27
-16
-18
-24
-7
20
23
-2
-22
-21
