-4
-11
-32
-49
-51
-34
-6
21
26
7
-19
-26
-6
18
23
11
-5
-17
-18
-3
23
40
32
13
16
36
47
27
-12
-38
-43
-34
-22
-9
0
9
19
23
11
-12
-22
-7
17
23
6
-9
-3
16
28
30
24
13
1
-10
-14
-17
-20
-14
8
35
41
20
-4
-1
27
52
59
61
76
88
69
21
-22
-25
3
32
45
53
65
76
76
61
37
18
19
33
40
20
-13
-30
-20
-3
3
4
6
4
-9
-10
12
39
44
29
20
24
25
16
9
12
6
-5
1
30
49
28
-13
-30
-11
20
39
43
37
21
9
14
35
46
36
15
5
4
6
8
12
16
18
14
13
12
15
23
34
39
34
33
46
62
62
41
17
3
0
1
-6
-24
-41
-40
-19
-2
-4
-22
-33
-28
-20
-22
-29
-28
-20
-18
-31
-46
-49
-31
-1
20
18
-7
-32
-39
-26
-13
-17
-38
-57
-57
-34
-7
2
-8
-20
-18
-10
-12
-26
-39
-38
-28
-15
1
15
23
18
6
-5
-16
-26
-29
-23
-22
-33
-50
-55
-45
-37
-48
-64
-58
-26
3
3
-20
-38
-43
-53
-75
-85
-69
-44
-45
-67
-79
-70
-58
-60
-61
-42
-17
-12
-30
-47
-42
-22
-8
-9
-25
-40
-43
-30
-14
-4
-4
-14
-24
-23
-5
15
14
-14
-44
-51
-29
2
20
11
-21
-56
-68
-52
-23
-3
3
-3
-12
-21
-18
-1
19
25
17
6
6
15
21
21
15
11
18
36
51
41
15
-3
6
23
25
17
18
29
33
27
24
27
19
0
-11
-4
6
3
3
16
24
16
8
19
26
8
-14
-3
23
20
-21
-52
-50
-41
-51
-62
-49
-24
-13
-17
-22
-25
-31
-35
-29
-24
-30
-35
-24
-3
3
-9
-21
-20
-15
-11
-8
-4
-8
-16
-21
-20
-21
-25
-17
15
50
58
37
16
14
19
17
13
26
54
74
78
79
88
96
97
87
72
63
67
86
100
87
46
10
4
21
35
30
21
18
21
23
25
32
44
44
29
11
11
32
55
65
68
77
89
99
105
108
105
95
87
85
82
66
46
38
43
52
58
63
66
66
75
88
85
58
31
32
52
58
44
43
70
103
114
106
101
98
86
65
48
42
41
35
29
29
33
28
11
-5
-5
10
20
19
16
20
21
8
-19
-39
-34
-14
-2
-17
-50
-71
-63
-39
-22
-13
-2
8
-1
-30
-59
-68
-65
-62
-66
-70
-63
-45
-26
-22
-40
-69
-84
-78
-64
-52
-45
-46
-60
-81
-95
-89
-70
-52
-41
-39
-42
-40
-34
-37
-52
-68
-69
-65
-62
-52
-28
-8
-21
-62
-89
-71
-28
1
5
-4
-10
-13
-19
-21
-16
-12
-22
-43
-55
-45
-21
-2
1
-11
-32
-47
-42
-15
9
8
-9
-16
-4
4
-3
-18
-30
-37
-41
-35
-19
-6
-4
-10
-17
-19
-18
-15
-20
-32
-39
-29
-12
-9
-14
-8
7
4
-25
-52
-52
-35
-28
-34
-41
-48
-56
-52
-25
12
29
22
22
44
65
45
-3
-28
-7
22
12
-25
-37
-15
7
4
4
20
30
7
-23
-22
11
39
41
28
17
6
-5
-7
6
26
41
46
43
34
29
32
40
39
29
19
17
19
15
-2
-24
-34
-21
1
10
-1
-16
-26
-32
-44
-54
-51
-39
-26
-26
-34
-40
-36
-27
-26
-34
-38
-28
-11
1
6
10
11
4
-1
5
20
26
13
-5
-13
-8
2
1
-16
-38
-46
-34
-16
-6
-5
-5
-7
-5
1
7
3
-3
9
33
42
22
4
12
30
33
30
39
50
34
-3
-19
-2
19
19
13
17
25
20
5
-7
-14
-23
-26
-18
-3
-1
-18
-36
-38
-24
-12
-6
4
22
33
25
11
16
38
51
36
14
14
37
57
57
42
29
18
4
-11
-17
-11
3
15
22
25
26
24
22
22
16
7
6
22
43
48
37
29
32
38
38
37
28
2
-19
-4
47
80
60
18
6
27
42
33
28
49
77
84
66
42
28
30
47
69
73
58
48
62
81
78
48
20
15
26
32
23
11
8
26
56
76
70
47
28
28
34
31
23
25
33
29
3
-36
-64
-66
-44
-15
3
7
11
23
30
19
-6
-21
-16
-1
4
-10
-33
-57
-68
-61
-47
-39
-40
-40
-36
-35
-38
-41
-51
-72
-94
-93
-71
-60
-77
-102
-105
-84
-64
-57
-64
-80
-102
-112
-97
-74
-65
-73
-77
-70
-59
-52
-46
-42
-49
-63
-77
-88
-94
-83
-50
-13
-6
-35
-58
-36
13
39
17
-26
-48
-29
8
29
21
-1
-13
-7
9
21
30
39
55
77
96
99
80
53
45
60
74
61
30
13
27
40
22
-12
-16
15
39
21
-14
-26
-15
-3
-2
-5
-13
-32
-50
-55
-41
-19
3
15
2
-31
-52
-46
-43
-63
-77
-54
-20
-22
-50
-49
-13
9
-10
-42
-53
-48
-36
-15
1
-6
-24
-17
12
17
-15
-37
-18
16
19
-1
-18
-22
-16
0
17
13
-17
-43
-39
-18
-2
8
18
24
15
-3
-14
-9
8
24
32
37
46
49
29
-3
-16
1
23
24
13
9
11
9
8
6
-3
-17
-11
16
32
17
2
15
30
13
-24
-38
-23
-5
2
3
-2
-7
5
35
54
40
13
3
0
-10
-16
-1
16
7
-10
-8
4
-4
-26
-28
0
21
15
-3
-8
-1
9
18
28
34
32
27
23
27
34
36
27
12
6
15
30
42
47
51
52
49
46
48
50
47
32
9
-8
4
42
80
89
71
44
25
12
6
6
11
17
25
35
41
33
19
10
13
20
11
-9
-17
2
35
47
37
25
28
23
-1
-23
-16
10
23
17
13
20
29
31
33
33
26
15
10
9
7
7
18
34
37
25
20
28
35
25
3
-20
-31
-29
-17
-5
1
3
11
20
26
23
16
4
-15
-38
-56
-57
-39
-18
-12
-18
-11
10
21
7
-15
-20
-16
-17
-20
-8
13
22
19
18
20
15
5
-4
-17
-34
-37
-18
4
12
13
24
31
14
-15
-24
-12
-4
-10
-16
-15
-16
-22
-24
-23
-19
-9
8
20
15
1
-12
-23
-31
-30
-20
-25
-50
-69
-53
-19
-4
-20
-46
-59
-54
-38
-21
-15
-14
-16
-25
-36
-28
9
43
29
-20
-40
-10
21
15
-7
-3
12
6
-11
-10
11
21
9
-2
5
28
50
50
18
-31
-54
-34
-7
-6
-19
-13
8
13
-6
-20
-16
-5
-4
-12
-19
-22
-17
-3
3
-14
-45
-59
-49
-26
-5
15
32
34
17
2
8
24
28
9
-13
-16
4
33
46
34
17
13
23
34
40
44
38
9
-32
-51
-31
5
28
29
25
29
34
34
24
9
-7
-11
1
21
34
36
30
21
17
12
-2
-22
-34
-31
-26
-28
-34
-29
-17
-15
-22
-21
-4
15
20
8
-11
-24
-25
-22
-32
-57
-70
-56
-32
-28
-38
-35
-15
-4
-14
-27
-20
-2
7
-5
-31
-52
-57
-43
-25
-22
-30
-36
-23
1
21
27
20
4
-12
-16
-10
2
9
2
-17
-33
-36
-22
-2
10
5
-11
-24
-14
12
28
21
2
-12
-21
-28
-29
-16
6
19
18
3
-18
-31
-31
-22
-22
-28
-21
0
19
22
24
32
33
21
12
19
30
27
15
10
18
32
50
71
79
63
40
33
41
51
58
57
48
37
40
59
75
76
69
73
86
99
101
91
75
72
88
108
105
81
59
49
41
34
36
50
61
61
61
61
50
19
-14
-30
-22
-2
15
18
9
5
14
29
33
14
-18
-45
-53
-44
-34
-33
-34
-28
-24
-34
-42
-37
-36
-60
-91
-89
-54
-34
-53
-91
-115
-116
-99
-72
-58
-69
-85
-72
-42
-28
-34
-31
-27
-51
-98
-109
-67
-26
-33
-67
-77
-56
-32
-21
-18
-18
-15
-7
-5
-23
-55
-76
-76
-72
-76
-84
-85
-75
-55
-36
-39
-68
-91
-83
-49
-24
-24
-32
-37
-36
-28
-22
-30
-48
-49
-16
20
24
15
30
59
59
8
-58
-92
-75
-21
34
56
50
49
64
69
49
31
46
79
88
59
17
-15
-27
-14
19
44
41
21
10
17
26
29
29
26
17
9
9
16
12
-5
-22
-25
-11
12
18
3
-17
-15
8
27
23
1
-22
-38
-43
-33
-14
-2
-3
-3
7
15
4
-22
-35
-20
7
12
-15
-44
-32
16
47
24
-25
-41
-13
11
-2
-29
-25
9
36
30
7
-8
-6
4
19
37
46
39
22
19
37
53
50
35
30
44
59
59
50
51
66
83
82
59
29
19
30
39
32
24
31
47
51
43
43
57
67
57
41
29
17
6
9
23
27
7
-14
-10
7
7
-15
-44
-64
-73
-64
-35
-11
-16
-39
-39
-9
18
21
13
11
11
9
8
7
2
-4
4
21
27
19
18
30
26
1
-16
-6
5
0
0
25
48
43
21
19
34
45
46
49
50
36
10
-5
-9
-13
-14
-4
12
20
14
2
-8
-6
14
38
44
32
19
22
27
21
19
31
37
22
-5
-16
-10
-5
-8
-12
-12
-16
-21
-23
-17
-11
-8
-7
-5
-4
-4
-12
-27
-29
-9
21
35
19
-14
-41
-43
-22
6
15
0
-17
-17
-7
-7
-21
-35
-38
-30
-9
16
29
24
11
-1
-18
-38
-41
-18
5
6
-3
-1
9
5
-9
-11
-4
-4
-7
4
21
18
-4
-11
8
26
26
17
8
-3
-22
-33
-23
-7
-9
-29
-42
-29
3
22
17
-4
-19
-28
-36
-33
-9
13
4
-33
-62
-61
-44
-28
-9
12
20
11
-4
-20
-46
-70
-70
-43
-23
-23
-30
-30
-28
-24
-7
10
-2
-38
-48
-13
19
2
-41
-57
-44
-34
-38
-41
-42
-48
-48
-30
-5
1
-11
-21
-24
-27
-27
-13
1
-8
-33
-44
-23
5
11
-3
-18
-13
7
10
-15
-50
-57
-33
-13
-21
-40
-36
-8
20
30
26
20
21
28
29
14
-10
-15
4
29
41
45
44
32
9
-5
7
32
47
43
29
11
-7
-20
-19
-11
-5
1
9
17
18
10
-1
-5
2
6
-11
-49
-82
-80
-48
-14
-2
-6
-10
-2
18
34
28
5
-7
-5
-9
-27
-25
18
66
66
21
-16
-16
0
6
1
-3
-1
11
33
49
43
24
3
-15
-28
-16
24
58
49
13
-3
11
25
17
3
-5
-7
-5
8
27
33
20
-6
-32
-44
-29
4
20
-5
-45
-62
-48
-20
11
40
51
38
18
18
37
49
40
14
-15
-34
-22
21
62
71
52
40
54
79
87
68
33
9
10
28
37
23
2
-4
6
23
30
23
11
12
31
46
33
3
-11
-2
4
-6
-16
-5
14
20
7
-5
-5
4
17
29
35
41
45
40
23
3
-8
-8
-12
-20
-12
13
28
14
-21
-43
-40
-20
0
16
21
8
-16
-34
-33
-27
-24
-21
-11
-1
-5
-23
-39
-40
-38
-46
-57
-53
-31
-8
-1
-8
-16
-16
-7
3
5
-7
-20
-25
-18
-13
-10
-2
12
16
5
-4
6
24
32
27
24
25
27
32
36
32
13
6
24
45
37
11
6
21
15
-15
-32
-9
20
17
-7
-17
-6
10
23
28
19
-4
-25
-31
-25
-16
2
24
35
27
13
8
7
4
4
10
9
-2
-9
4
25
37
36
32
36
44
50
41
23
13
20
25
12
-6
3
34
53
43
19
6
4
5
7
13
18
18
10
0
2
19
29
7
-35
-55
-39
-19
-27
-47
-47
-34
-36
-54
-65
-60
-49
-39
-26
-15
-7
-1
3
-9
-40
-62
-53
-27
-22
-45
-67
-61
-36
-19
-31
-53
-56
-34
-16
-20
-31
-21
4
16
1
-23
-37
-38
-29
-10
5
3
-12
-22
-21
-17
-18
-26
-36
-43
-38
-21
-16
-29
-36
-16
18
24
1
-22
-26
-18
-7
8
23
23
6
-20
-44
-62
-69
-62
-48
-40
-40
-34
-11
17
25
4
-25
-31
-10
15
14
-13
-38
-44
-32
-14
2
10
5
-11
-21
-18
-7
-2
-9
-19
-19
-4
20
38
41
32
17
7
9
21
32
28
9
-5
0
23
41
30
-7
-37
-27
12
39
33
9
-6
-9
-15
-21
-13
2
4
-15
-32
-17
27
67
69
36
5
7
33
51
47
30
10
-5
-12
-8
-5
-15
-27
-18
12
34
30
17
16
36
58
64
53
35
28
32
35
27
18
23
36
39
27
8
-4
-1
17
34
36
20
2
-7
-10
-15
-17
-15
-15
-17
-12
-4
-5
-14
-9
17
34
21
-9
-19
-5
9
-3
-32
-51
-48
-32
-16
-8
-8
-11
-12
-5
7
15
7
-12
-22
-24
-31
-42
-41
-25
-11
-13
-17
-6
8
14
8
1
-10
-28
-45
-46
-31
-11
3
2
-12
-22
-14
2
0
-24
-38
-21
11
25
15
-2
-12
-17
-24
-31
-31
-19
-3
6
0
-8
-7
2
7
3
-1
-1
0
-3
-11
-16
-16
-14
-12
-9
-1
8
4
-11
-21
-8
15
18
2
-7
7
32
46
45
36
26
21
33
60
82
89
88
85
72
54
48
59
65
52
32
25
28
28
21
18
19
21
24
37
53
55
40
26
29
45
52
46
33
21
11
8
14
21
17
5
0
4
-3
-23
-32
-19
-4
-7
-14
1
25
30
13
3
13
27
33
37
40
37
30
30
34
24
1
-12
5
33
41
19
-11
-29
-33
-29
-23
-16
-12
-12
-12
-10
-10
-17
-29
-35
-30
-20
-14
-14
-21
-31
-34
-17
8
14
-10
-40
-49
-36
-20
-13
-19
-36
-57
-64
-54
-43
-46
-51
-47
-36
-37
-52
-71
-79
-71
-51
-30
-24
-28
-27
-22
-30
-58
-87
-93
-76
-51
-27
-6
5
-1
-13
-15
0
10
-5
-36
-50
-35
-15
-18
-36
-36
-14
2
-9
-32
-43
-37
-15
16
45
53
37
22
21
21
14
13
23
27
11
-4
2
25
43
51
50
42
27
19
28
41
46
51
66
85
86
59
20
2
19
56
70
41
-2
-14
16
55
72
63
40
18
7
6
8
1
-12
-25
-33
-35
-24
-6
5
1
-1
3
4
-2
-3
9
12
-7
-26
-22
1
18
14
-4
-26
-43
-37
-7
20
19
-5
-25
-30
-23
-10
2
-1
-23
-45
-45
-28
-15
-13
-11
-5
3
8
10
9
4
-2
1
13
24
30
30
25
11
-10
-23
-19
-4
10
15
13
14
25
43
59
60
43
17
2
10
30
41
37
31
36
43
33
11
-2
1
4
-14
-41
-46
-21
16
32
17
-12
-29
-28
-26
-40
-63
-61
-30
0
-5
-28
-28
-3
9
-18
-55
-67
-57
-53
-56
-48
-18
12
15
-3
-22
-30
-36
-54
-73
-75
-50
-11
18
29
26
16
10
13
14
-3
-32
-40
-9
37
55
38
17
10
8
7
11
26
44
60
78
92
92
73
47
32
33
48
63
66
50
26
9
10
26
48
57
39
8
-9
-3
6
3
4
22
39
31
6
-10
-16
-24
-34
-35
-21
-6
0
-3
-18
-43
-63
-64
-48
-34
-31
-27
-13
0
-1
-23
-51
-67
-64
-49
-37
-28
-23
-20
-19
-22
-30
-45
-53
-41
-20
-11
-23
-34
-29
-21
-29
-42
-41
-25
-8
9
31
48
54
55
60
50
16
-23
-33
-21
-12
-13
-8
5
11
7
3
-3
-22
-38
-23
18
43
32
8
-2
3
7
4
-6
-22
-33
-28
-13
-2
6
24
47
51
26
-8
-20
-9
2
-13
-52
-78
-55
-1
27
-3
-49
-58
-38
-29
-36
-21
15
37
28
10
-2
-21
-50
-63
-55
-48
-55
-52
-24
3
6
-6
-14
-18
-20
-6
19
26
6
-6
14
37
23
-15
-34
-16
18
46
61
63
64
76
87
64
9
-36
-30
2
15
8
17
41
49
29
7
9
29
41
26
-14
-55
-71
-55
-23
6
27
35
11
-38
-71
-62
-34
-22
-19
5
48
74
62
29
-6
-30
-36
-13
24
50
55
55
52
43
33
28
20
1
-16
1
47
86
94
91
86
69
31
-9
-33
-42
-40
-24
0
13
27
68
117
109
30
-41
-33
14
18
-25
-38
9
58
58
30
15
9
-11
-40
-54
-51
-45
-35
-13
17
30
16
-8
-22
-19
-19
-38
-58
-45
7
61
79
63
36
3
-41
-74
-76
-58
-44
-27
19
75
89
46
-3
-21
-29
-55
-81
-68
-23
12
15
1
0
18
45
52
29
-7
-20
-7
7
10
10
15
13
9
31
80
121
126
111
109
117
110
85
59
45
45
49
50
45
44
50
51
21
-24
-38
3
61
90
95
114
145
140
75
-14
-68
-73
-57
-50
-44
-18
27
56
42
4
-26
-50
-90
-141
-156
-109
-35
13
26
24
12
-31
-96
-139
-125
-78
-38
-10
34
94
123
92
28
-22
-61
-114
-170
-170
-105
-35
-11
-5
28
68
59
5
-38
-51
-67
-98
-100
-54
4
25
15
-12
-62
-136
-188
-182
-140
-108
-86
-38
37
86
82
44
2
-38
-76
-96
-92
-74
-46
3
56
56
-9
-72
-71
-36
-40
-68
-36
64
138
122
74
63
52
-24
-133
-179
-147
-106
-83
-30
63
130
121
83
65
38
-38
-121
-145
-108
-69
-35
26
101
124
80
33
20
-8
-88
-157
-129
-33
31
39
66
142
185
118
3
-51
-39
-41
-72
-49
57
162
189
165
134
79
-18
-100
-107
-78
-73
-56
34
144
153
63
-3
0
-17
-97
-140
-72
34
75
72
96
126
103
50
35
50
38
6
6
29
15
-39
-76
-73
-63
-46
14
104
159
160
144
113
19
-126
-220
-192
-100
-29
33
137
252
273
162
0
-127
-221
-309
-346
-246
-17
220
360
410
412
330
115
-157
-333
-366
-336
-274
-109
157
364
376
256
132
-8
-242
-482
-537
-368
-138
35
190
359
443
340
96
-166
-370
-485
-476
-339
-126
115
360
526
482
221
-85
-294
-438
-578
-616
-418
-58
229
341
365
364
263
17
-253
-389
-370
-271
-134
42
215
310
296
191
37
-120
-224
-239
-173
-68
45
139
187
174
109
17
-68
-108
-81
-7
77
152
217
242
192
92
13
-8
7
35
78
123
132
94
32
-51
-165
-257
-233
-95
47
138
242
371
396
227
-24
-182
-251
-332
-382
-263
2
221
296
314
313
199
-64
-321
-418
-386
-317
-195
26
266
383
340
201
6
-236
-453
-541
-491
-355
-150
119
361
440
331
135
-62
-260
-448
-536
-436
-169
140
366
469
471
395
207
-104
-420
-546
-428
-215
-44
133
386
585
533
264
2
-143
-247
-332
-286
-73
166
311
388
403
264
-17
-240
-281
-266
-312
-280
-20
292
362
202
82
83
14
-190
-322
-232
-46
76
147
219
226
138
60
40
-20
-141
-132
96
304
256
95
101
204
99
-212
-377
-231
-23
18
16
161
368
425
327
213
121
7
-92
-110
-93
-123
-137
-32
116
129
7
-53
34
127
90
0
20
160
271
232
84
-29
-33
-25
-139
-333
-392
-227
-35
-24
-102
-42
132
170
-2
-167
-171
-133
-184
-241
-197
-121
-106
-86
2
43
-60
-162
-91
28
-46
-242
-259
-62
51
-66
-179
-62
149
182
38
-69
-43
12
-13
-91
-122
-31
170
347
362
260
211
257
211
-33
-273
-249
-17
148
157
190
354
484
386
110
-124
-210
-214
-214
-187
-68
131
309
373
310
178
29
-100
-178
-201
-205
-200
-132
12
87
-48
-290
-379
-287
-264
-419
-487
-240
116
200
17
-87
26
94
-97
-373
-440
-273
-96
-59
-91
-42
124
279
259
63
-117
-114
-32
-98
-315
-421
-259
-8
62
-48
-112
0
157
127
-129
-358
-287
0
110
-103
-261
-3
379
304
-175
-392
-95
156
-72
-367
-170
290
410
190
115
250
209
-47
-137
-13
-44
-230
-90
385
544
169
-45
329
627
203
-378
-227
371
481
101
46
449
607
295
23
-44
-264
-536
-333
133
102
-221
188
1211
1411
429
-204
404
920
73
-1053
-764
433
772
159
69
878
1348
825
133
-29
-71
-400
-651
-536
-386
-369
-111
418
570
86
-337
-170
16
-504
-1290
-1319
-571
-105
-457
-861
-480
272
332
-426
-1017
-812
-378
-502
-1033
-1257
-984
-638
-546
-695
-994
-1235
-1073
-587
-480
-1049
-1447
-868
-31
-263
-1369
-1847
-1274
-901
-1471
-1995
-1457
-392
222
497
935
1193
754
39
-377
-915
-2043
-2854
-2162
-522
513
898
1967
3759
4494
3317
1678
1018
723
-312
-1431
-1185
314
1619
2097
2349
2698
2636
1869
833
45
-206
342
1627
2866
3365
3483
3802
3678
1982
-776
-2611
-2639
-2017
-1742
-1024
1145
3986
5730
5757
4816
3575
2024
155
-1666
-3007
-3555
-3087
-1774
-377
349
442
514
805
852
241
-601
-744
34
760
429
-615
-1203
-1182
-1679
-3131
-4258
-3860
-2619
-1939
-1807
-1215
-180
178
-594
-1796
-2802
-3624
-4258
-4563
-4723
-4967
-4970
-4449
-3982
-4245
-4780
-4613
-3772
-3077
-2736
-2282
-1605
-1034
-647
-478
-920
-2033
-3020
-3361
-3717
-4581
-4973
-3832
-1899
-600
209
1671
3648
4853
5030
5232
5862
6062
5343
4483
4326
4685
4968
5157
5617
6306
6660
6313
5685
5576
6212
7081
7906
9129
10960
12553
12892
11953
10224
7673
4184
528
-2135
-3331
-2948
-535
3797
8337
11117
12032
12246
11865
9867
6446
3649
2965
3477
3223
1571
-608
-2669
-5153
-8786
-12971
-15768
-15500
-12185
-7156
-1608
3881
8500
10778
9502
4819
-1788
-8383
-13470
-16464
-17483
-16607
-13657
-9029
-4245
-848
973
1869
1793
143
-2656
-5052
-6086
-6121
-5705
-4941
-4307
-4695
-6097
-7517
-8698
-10414
-12314
-12313
-9459
-5726
-3192
-1013
2564
6348
7072
3768
-1215
-5535
-8845
-11222
-11885
-10306
-7145
-3596
-946
-581
-2933
-6550
-9523
-11392
-12282
-11275
-7696
-2989
1010
4492
7782
8599
4747
-1570
-6022
-7807
-8929
-8779
-4411
3760
11360
15702
17727
18047
15625
11076
7005
4316
1851
-86
343
3050
6173
9264
12793
15417
15556
14375
13569
12316
10212
10126
13574
16916
17151
17164
19606
20710
16824
11684
9967
9376
6691
4830
5844
5045
1023
1281
7052
5173
-10271
-22058
-15007
-3509
-9025
-21445
-13730
10757
20046
4164
-10709
-6927
-1365
-12330
-29100
-32768
-26934
-22632
-19498
-12146
-5991
-6740
-7085
-519
3421
-5441
-17818
-17942
-8717
-6077
-13240
-17821
-13104
-6717
-6360
-9038
-8115
-2850
2774
5778
6122
5683
6686
9556
11958
11064
6830
2282
242
-152
-2520
-7619
-10531
-7059
-1069
637
-299
3883
12668
15928
10384
5867
9065
12458
7887
509
-1085
603
-1626
-6880
-10963
-16131
-24450
-28956
-23732
-15710
-13641
-12477
-2992
9456
11853
5038
1818
5361
5568
-2340
-10365
-11397
-8151
-5605
-4576
-5133
-7680
-9064
-5368
823
3493
3310
6725
14905
21496
22031
18502
13941
8824
3563
-650
-3729
-5460
-3796
1742
7604
11347
15653
22423
27326
25984
21100
17118
12842
6533
2874
5962
10185
8336
4965
10075
21610
26647
20656
13617
13934
16815
14053
7312
4742
8561
12385
10237
3850
-799
-2750
-8173
-20536
-32051
-31644
-20371
-9821
-3978
5937
23702
32767
32767
25723
17464
9247
-7587
-28741
-32768
-32768
-32450
-26300
-16624
-4446
2708
3507
4468
6575
2912
-7078
-13313
-9822
-3148
-1038
-2266
-2816
-3659
-7078
-12027
-17266
-22829
-25805
-21706
-12385
-5052
-1198
5118
15116
20594
16051
7351
2644
1269
-2303
-8545
-12836
-12366
-8550
-4143
-622
2441
5804
7462
3518
-5325
-12302
-14253
-17457
-26374
-32210
-23874
-6696
3270
2766
4308
13240
17334
6433
-10507
-18204
-15703
-13319
-14814
-13784
-5878
4517
10503
9697
4263
-2021
-5895
-6244
-4256
-1337
2415
7127
11809
14587
13503
7810
28
-4612
-3242
1536
6396
12764
22986
32767
32767
28675
20489
15340
10321
2411
-4413
-3976
3583
12424
18431
22393
26185
28834
27621
22206
16240
13698
13943
12429
6796
-190
-5016
-7987
-11375
-15464
-18615
-18966
-14472
-4567
6308
11351
10296
10290
13954
13180
1494
-13551
-19665
-17325
-17306
-22839
-25852
-21636
-15960
-14470
-14613
-12316
-8555
-4850
504
6993
9298
5154
-178
-2307
-4830
-12359
-21470
-25047
-21999
-16687
-11540
-5936
-248
4087
6944
8174
6301
2111
138
2388
4325
1895
-1548
-1266
82
-2917
-8188
-9056
-5588
-4180
-6252
-6389
-2667
-45
-1185
-1922
1009
4747
6030
5797
5072
2418
-1840
-5346
-9808
-19363
-29943
-29995
-17074
-3716
706
3701
14787
26305
23528
8309
-3223
-4819
-6231
-13623
-18943
-14088
-3562
3698
5958
5957
4327
1779
1276
2884
2711
1209
4985
15261
22654
20159
13669
11578
11221
5388
-3425
-6331
-2185
2354
4852
8800
14261
17067
17361
19104
20677
16186
7463
4065
8399
11416
7478
3183
5168
8713
6659
1934
1902
6014
8469
8751
10062
10704
6775
1021
-1048
-2248
-9993
-21544
-24819
-16429
-7292
-5382
-4006
4909
15286
15398
6074
-1132
-1643
-2531
-8908
-15697
-16414
-12548
-9684
-9379
-9425
-8681
-7453
-5332
-2231
-45
-199
-895
386
2599
2313
-1278
-5295
-7291
-7967
-9016
-10267
-10325
-8915
-7146
-5776
-4253
-1547
2625
7417
11182
12266
10121
5829
996
-3883
-9037
-13333
-14306
-11405
-7481
-5071
-2768
1789
6702
7794
5434
4256
5230
3919
-955
-3822
-1855
-1791
-9793
-19568
-20118
-12340
-6880
-6200
-1237
11378
21239
19652
12530
9213
7384
-257
-10876
-15038
-11713
-8037
-6056
-1362
5465
7889
5321
4776
8048
8324
3491
1696
7632
13635
12115
7650
7635
9014
5005
-1252
-1482
3408
5626
4519
6326
11099
12147
9048
8967
12899
12783
6243
2345
6772
12181
10859
7178
8348
11180
8590
2966
1857
4706
4949
2335
2035
3341
554
-5437
-7892
-7025
-10359
-18175
-20655
-13721
-6116
-4558
-2914
5350
13645
11977
3157
-2508
-4092
-9272
-18765
-23975
-20988
-15885
-13555
-10980
-5366
-317
902
1191
3428
4520
1252
-3020
-3510
-1880
-2878
-6228
-8109
-8516
-10688
-14222
-14963
-11822
-8221
-6105
-3520
855
5324
8591
11300
12782
10467
4439
-1377
-4784
-8126
-12848
-15267
-11771
-5201
-1404
-1205
-625
1756
2672
129
-2826
-2205
1847
6022
7975
7770
6259
3384
-2158
-11476
-22759
-30637
-30306
-22373
-11502
-481
11251
22643
28657
25687
16620
7266
-391
-7842
-14427
-16508
-12624
-5801
298
4558
6751
5996
2903
653
1437
3657
5081
6947
11700
17673
19760
15863
9533
5029
2432
-460
-3424
-3654
127
5663
9847
12150
14417
17581
19590
17473
11405
5437
3170
3698
3552
1984
1759
4437
7776
9245
9476
10082
10331
8835
6774
5974
5047
1438
-3339
-5267
-5040
-8289
-16454
-22724
-21003
-14573
-10415
-8214
-1879
9013
16745
16056
10776
6704
3103
-4177
-14664
-23332
-26994
-26314
-22576
-16516
-9858
-4299
873
6800
11178
10325
5199
1029
-92
-1828
-6895
-12031
-12880
-10590
-9566
-10747
-11204
-9339
-6681
-4685
-2944
-667
2536
7077
12084
14255
11021
4614
-196
-2305
-4650
-8242
-10085
-8329
-5333
-3470
-1693
1177
3426
3815
4406
6362
6530
2935
41
2185
4508
-1348
-13112
-18722
-13356
-6301
-5935
-6592
1283
14036
18594
11306
2323
-116
-89
-4545
-11268
-12683
-7166
-103
4175
5900
6353
5865
5419
6175
6981
5835
4098
5513
10091
12772
10112
5082
2539
2559
1831
133
1211
6758
13000
15071
12754
9893
9127
9199
7516
3908
1046
1448
4659
7761
8718
8523
9281
10706
10189
6748
2976
1673
2091
1663
398
583
2238
2281
-614
-3694
-4831
-6575
-11992
-18580
-20760
-17659
-13672
-10977
-6608
1065
7807
9006
6142
3510
1110
-4221
-11964
-17437
-18259
-16700
-14852
-11892
-7544
-4131
-2999
-2280
-563
349
-1058
-2665
-1940
-24
635
467
924
471
-3247
-8427
-10894
-10437
-10624
-12038
-10594
-4095
3989
9540
12768
15357
15926
11981
4561
-2427
-6619
-8493
-9143
-9000
-8137
-6143
-2489
1732
3959
3554
3040
4069
4563
2663
809
1797
2818
-1192
-8947
-13388
-11662
-8691
-8559
-7924
-2110
6419
10809
8947
4969
2539
994
-1508
-4611
-6568
-6293
-3996
-1261
-329
-1602
-2334
132
4363
6620
6425
7225
10820
14235
13775
9830
5567
2553
77
-1954
-1906
1378
6639
11140
13091
12826
11801
10767
9349
7481
6347
6976
8452
8811
7547
5932
4882
3926
2527
1122
520
1276
3690
7223
10078
10811
10046
8792
5769
-735
-8567
-13119
-13864
-15231
-19071
-20754
-16293
-9257
-5683
-5007
-1923
4217
8181
7100
3932
1440
-1805
-7170
-12438
-15342
-16763
-17711
-16670
-12879
-8831
-6290
-3086
2469
7068
6720
3243
1651
2647
2622
181
-2356
-3819
-5658
-8060
-9183
-9071
-9853
-10873
-8267
-1293
5379
8261
9806
13203
16148
14193
7960
2391
-112
-1643
-4193
-6782
-7683
-6710
-4662
-2406
-822
-70
953
2980
4731
4601
3118
1653
-424
-4555
-9441
-11718
-10380
-7637
-4951
-1311
3492
6792
6082
2177
-2281
-5765
-7906
-8259
-6674
-3821
-279
3583
6150
5079
670
-3374
-4334
-3617
-3405
-2394
2022
8717
13514
14486
13284
11244
7646
2729
-676
-248
3080
6872
9976
12209
12955
11841
9848
8254
7229
6617
7197
9601
12598
14089
13680
12769
11974
10008
5932
1385
-808
44
1878
2881
3775
6019
8688
9035
6086
1745
-2151
-5860
-9843
-13074
-14913
-16611
-18628
-18422
-14007
-8056
-4625
-2949
771
5748
6435
1217
-4451
-6320
-7393
-11683
-16678
-17426
-14572
-12356
-11016
-7596
-2960
-1271
-2623
-2718
-569
14
-1901
-1886
1942
4763
2613
-1451
-3206
-4222
-7607
-11000
-9991
-5578
-2021
571
5063
10228
11629
9245
7624
7990
6629
2388
-599
38
955
-838
-3125
-3114
-2299
-2936
-3692
-2715
-1443
-1394
-866
875
-31
-6012
-11778
-10527
-4198
-366
-200
2400
8944
11989
5983
-4339
-11017
-13131
-14723
-16271
-14158
-7164
1498
8165
11121
9721
4768
-512
-3039
-3334
-3645
-3284
650
7783
13389
13860
10286
5508
657
-3576
-4981
-1852
4449
11062
16653
20973
22763
20730
16111
11784
8788
5937
3065
2178
4382
7767
9842
10483
10819
10696
9410
7972
8073
9135
9045
7929
8209
10051
10005
5999
698
-2780
-5675
-10425
-15108
-16023
-14516
-15330
-17961
-16182
-8165
-584
1225
1174
4819
8846
5776
-3629
-11062
-13156
-14958
-19652
-22816
-20183
-14465
-10188
-7151
-3618
-1317
-2076
-3262
-1935
-309
-1477
-2696
558
5807
5995
108
-5666
-7852
-9619
-13091
-14631
-11085
-5069
-208
4099
9128
12357
11245
8062
6290
5009
1736
-1701
-1578
1037
1555
-801
-2409
-1911
-2063
-4090
-5282
-3808
-1439
261
2112
3552
1246
-5349
-10861
-10381
-5993
-2755
-753
3621
9690
11577
6265
-2083
-7922
-10824
-13387
-15277
-13086
-5713
3079
8361
8632
5868
2339
-1067
-3751
-4487
-2596
941
4720
8517
12191
13682
10475
3520
-2582
-4465
-3134
-974
2073
7054
12554
15792
16462
16512
16447
14852
11784
9443
8636
7538
5358
4320
5899
7592
6404
3922
4496
8771
12359
11732
8752
7591
8898
9283
6268
1600
-1249
-1558
-1742
-3700
-6673
-9351
-12185
-15880
-18906
-18804
-15466
-10804
-5492
1122
7606
10280
7847
3244
-958
-6035
-13379
-20053
-21783
-18868
-15302
-12924
-10228
-6685
-4244
-3947
-4461
-4775
-5213
-4959
-1949
3389
7396
7782
6133
4201
805
-5155
-11348
-14522
-14362
-12217
-8075
-1701
4942
9481
11995
13330
12395
8396
4017
2427
2336
318
-2944
-3589
-1421
-505
-2341
-3801
-3215
-3043
-4340
-4100
-1413
-855
-5154
-9157
-6785
-381
3323
3958
6799
12170
13363
6666
-3122
-9894
-13477
-16335
-17610
-14676
-7848
61
6888
10998
10449
5583
612
-787
-14
-481
-1553
508
6129
10986
11429
8088
3430
-1205
-4956
-6411
-4780
-611
5337
12308
18327
20971
20157
18070
15648
11610
5995
1777
1026
2025
2568
3690
6999
10449
10738
8810
8587
10401
10292
6790
3833
4713
7006
6692
4221
2686
2224
571
-2114
-3650
-4771
-8806
-15478
-19682
-18479
-15091
-12960
-9840
-2263
6900
10844
7942
3116
-228
-4251
-10959
-17298
-19227
-17306
-14731
-12350
-9303
-6620
-6183
-7129
-7070
-6276
-6762
-7526
-4982
1171
6568
8026
7028
5575
2411
-3737
-10242
-13403
-13198
-11842
-9305
-4009
2960
8138
10111
10405
9848
7372
3071
-615
-1959
-1824
-1489
-800
419
1215
904
-71
-1532
-3833
-6091
-6540
-5700
-6410
-9130
-10091
-6480
-692
3576
6917
11823
16414
15397
7437
-2666
-9982
-14041
-16259
-16207
-12622
-6019
1492
7639
10374
8796
4790
1855
1245
1189
825
2182
6506
11102
12378
10198
6746
2821
-1843
-5792
-6552
-3691
1314
7625
14788
20638
22522
20634
17352
13448
7957
1823
-1851
-1910
-208
2206
6327
11343
13602
11734
9184
8784
8361
5388
2539
3701
6918
7044
4165
3180
4992
4652
-72
-4615
-5357
-5954
-11187
-18523
-21355
-18299
-13623
-9607
-4204
3252
9142
10141
6956
1885
-4144
-10265
-14466
-15969
-16472
-16902
-15308
-10610
-6167
-6080
-9179
-10434
-8092
-5593
-5702
-6300
-4013
511
3501
2964
295
-2507
-5155
-8313
-11843
-14365
-14115
-10362
-4411
1124
4639
6755
8566
9393
7545
3142
-1222
-3107
-2587
-1525
-1218
-1371
-999
160
1180
962
-200
-727
-162
-665
-4456
-9857
-11992
-8291
-1453
4412
8810
13721
18483
18903
12291
1317
-8443
-13640
-14737
-13421
-10063
-4141
3540
9839
11312
7640
2460
-166
279
1423
2148
4050
8200
12444
13457
10392
5101
-309
-4515
-6354
-5096
-1411
3319
8555
14115
18455
19358
16666
12608
8878
5163
1320
-926
40
3341
6703
8892
9658
8588
5978
3992
4610
6760
7720
7190
7360
8633
8259
4617
225
-1629
-1329
-1535
-2841
-3843
-4822
-8013
-13587
-18200
-18794
-15795
-11187
-5451
1577
8173
11480
10576
6970
2126
-3774
-10326
-15861
-18753
-18755
-16509
-12751
-8662
-5867
-4887
-4304
-2685
-844
-749
-2323
-3051
-1358
1083
1563
-241
-2549
-4578
-7404
-11384
-14458
-14160
-10361
-4921
602
5648
9507
11105
10139
7295
3165
-1809
-6131
-7607
-5904
-3425
-2397
-2118
-632
1806
2973
2037
394
-1126
-3571
-7310
-10145
-9587
-5857
-1038
3732
8408
12094
12999
10442
5492
-371
-5851
-9336
-9588
-7238
-4117
-979
2419
4947
4368
990
-1442
-333
2388
3753
4622
7811
12501
14410
11757
7430
4222
1362
-2330
-4865
-3554
803
5081
8055
10664
12843
13100
11256
8930
6995
5001
3536
4463
7769
10608
10896
9730
8663
6896
3459
278
18
1933
2894
2137
1795
2671
2837
1411
536
1827
3455
3015
1053
-931
-4091
-10333
-17597
-20856
-18263
-13063
-8398
-3471
3096
8918
10020
6172
1049
-2621
-5398
-8433
-10993
-11722
-10686
-9031
-7799
-7895
-9820
-12347
-12734
-9680
-5123
-1630
1008
4539
8285
9059
5454
-202
-5230
-9662
-14230
-17263
-16251
-11640
-6449
-2276
1782
5926
8131
7050
4255
1946
117
-2145
-4046
-4062
-2644
-1556
-1061
-214
423
-773
-3158
-4160
-3825
-5531
-10184
-12989
-9318
-1450
4540
7174
10141
14674
16442
11929
3827
-2668
-6034
-7934
-8910
-8011
-5428
-2352
984
4343
5673
3641
1274
3135
8692
12608
12537
12248
14898
17381
14871
7945
1163
-3321
-6375
-7485
-4591
1619
7597
11817
15892
19896
20730
17032
11979
8741
6410
3307
1159
2247
4817
5540
4832
5294
6165
4484
1415
1698
5648
7396
3632
-1051
-1404
262
-1747
-7015
-9638
-7261
-3910
-3470
-5279
-7336
-9454
-11405
-11637
-9986
-8568
-7979
-5790
-1262
1739
-38
-3835
-4797
-3396
-4273
-8500
-11884
-11484
-9353
-8435
-8639
-8886
-9550
-10483
-9510
-5761
-2091
-1194
-1267
1048
4826
5795
2599
-1586
-3976
-5318
-7190
-9179
-10172
-10123
-9102
-6491
-2503
1235
3818
6017
7932
7761
4613
575
-1974
-3326
-4576
-4836
-3102
-1159
-1176
-1764
-533
423
-3254
-10035
-12232
-6142
2611
7342
9305
13368
18106
16912
8138
-2041
-7813
-9489
-9498
-7603
-3048
2246
5874
7810
8377
6214
1587
-886
2837
10023
14356
14571
15167
18171
19215
13876
4101
-4407
-8512
-8697
-6031
-1124
4931
10991
16550
20486
20683
16941
12556
10367
8774
4887
278
-641
2265
4004
1803
-1109
-1099
505
744
428
2223
5486
7181
6717
5822
4244
-115
-6578
-11372
-12821
-13072
-13413
-11962
-8134
-5528
-6987
-9799
-9668
-7233
-6294
-7047
-5998
-2391
221
-186
-1284
-1309
-2610
-7330
-12780
-14756
-13266
-11336
-9728
-6915
-3512
-2405
-3961
-5034
-3905
-2741
-3284
-3313
-199
4230
5614
2775
-1498
-4853
-7546
-9946
-10739
-8886
-5498
-2360
184
2600
4450
4722
3464
1919
1094
1000
1179
1203
525
-1549
-5334
-10108
-13963
-14641
-11215
-5128
1022
5915
9903
12826
12916
9161
3722
121
-751
-1007
-2036
-2555
-1303
222
-404
-2968
-4796
-4176
-1766
1378
5301
9963
14137
16640
17601
17314
14825
9397
3023
-534
162
2599
3754
3875
5325
8466
10814
10629
9446
9814
11695
12803
12084
11102
11520
12620
12233
9422
5315
1664
-608
-1590
-1790
-1409
86
3357
7708
10761
10522
7584
4278
1731
-1005
-4656
-7980
-9263
-8600
-7564
-7204
-7488
-8335
-9937
-11993
-13642
-14271
-13594
-11063
-6402
-972
2611
2886
709
-2431
-6132
-10285
-13708
-14997
-14256
-12669
-10663
-7905
-4997
-3564
-4215
-5613
-6208
-5833
-4966
-3465
-1043
1683
3590
4057
2861
-273
-4960
-9441
-11746
-11506
-9676
-6796
-2811
1457
4302
5077
4862
4519
3416
1056
-1316
-2184
-2024
-2490
-3845
-4999
-5907
-7829
-10640
-11809
-9366
-4520
134
3942
7882
11485
12296
9045
3746
-410
-2309
-3071
-3705
-3876
-2961
-1236
356
1171
1348
1666
3027
5721
9051
11924
13870
15195
16044
15799
13788
10343
6735
4170
3142
3587
5144
7122
8772
9885
10907
12179
13354
13869
13719
13253
12396
10723
8366
6184
4818
4112
3780
3954
4556
4764
4004
2995
2766
2888
2026
281
-578
164
790
-327
-2173
-2846
-2932
-4850
-8877
-12248
-12977
-12456
-12890
-13915
-13675
-12128
-10996
-10830
-10330
-8782
-7172
-6342
-5790
-5217
-5567
-7286
-8868
-8719
-7549
-7285
-8153
-8653
-8194
-7874
-8353
-8673
-7892
-6444
-4955
-2979
-111
2597
3663
3078
1911
426
-1953
-4876
-6735
-6495
-4768
-2639
-456
1535
2413
1496
-385
-1535
-1240
-256
410
450
-84
-1316
-3292
-5502
-7027
-7162
-5870
-3714
-1375
809
2778
4277
4793
4184
3017
1907
830
-441
-1502
-1658
-1033
-517
-446
-79
1305
3508
5982
8569
11054
12662
12848
12115
11257
10142
8357
6752
6959
9139
11415
12144
11710
11320
11059
10254
9162
8919
9869
11104
11834
12236
12593
12453
11203
9001
6647
4868
4029
4163
4867
5485
5668
5493
4817
3081
231
-2642
-4234
-4381
-3861
-3145
-2130
-1002
-470
-934
-2145
-3964
-6670
-10126
-13309
-15260
-16017
-16076
-15408
-13753
-11546
-9757
-8883
-8756
-9170
-9927
-10335
-9666
-8301
-7514
-7712
-7829
-7078
-6392
-7165
-9145
-10732
-11037
-10449
-9234
-6944
-3652
-602
1124
1755
1867
1140
-830
-3080
-3991
-3384
-2649
-2628
-2628
-1999
-1432
-1748
-2311
-1866
-522
337
-2
-881
-1554
-1975
-2041
-1276
46
590
-282
-1268
-886
215
231
-808
-851
933
2570
2047
262
-416
333
607
-480
-1274
101
3345
6748
9233
10641
10883
10070
9064
8652
8415
7537
6589
7086
9067
10544
10095
8851
8802
10083
11248
11740
12518
14084
15387
15312
14261
13370
12851
11990
10448
8638
6957
5483
4530
4679
5843
6895
6816
5903
5270
5191
4575
2347
-1045
-3960
-5313
-5501
-5440
-5201
-4144
-2275
-782
-939
-2879
-5748
-8669
-11111
-12646
-13097
-12929
-12897
-13151
-13230
-12990
-12850
-12825
-12080
-10134
-7982
-7145
-7825
-8863
-9430
-9846
-10551
-11218
-11374
-11150
-10758
-9841
-8150
-6468
-5897
-6302
-6344
-5208
-3561
-2464
-2054
-1798
-1532
-1566
-1999
-2520
-2879
-3092
-3107
-2673
-1748
-792
-511
-1324
-3071
-5008
-6070
-5411
-3016
179
2876
4271
4461
4062
3456
2499
1098
-78
37
1552
3083
3081
1475
-495
-1870
-2586
-2455
-622
3276
8005
11626
13251
13280
12292
10643
9047
8438
8888
9453
9532
9577
9948
9879
8590
6854
6357
7629
9658
11606
13663
15830
17030
16402
14708
13390
12597
11306
9293
7769
7631
8084
7749
6513
5470
5315
5638
5794
5676
5403
4795
3615
2022
428
-940
-2057
-2870
-3407
-3978
-4933
-6209
-7488
-8779
-10378
-12031
-12689
-11618
-9595
-8371
-8821
-10118
-10937
-10971
-10812
-10744
-10377
-9512
-8720
-8694
-9392
-10201
-10743
-11145
-11608
-12059
-12299
-12202
-11725
-10913
-9941
-8976
-7985
-6905
-6023
-5801
-6166
-6370
-5866
-5056
-4675
-4649
-4187
-3093
-2333
-2844
-4164
-4861
-4283
-3316
-3239
-4158
-4951
-4569
-3052
-1274
48
865
1464
1876
1771
905
-427
-1479
-1635
-867
368
1635
2815
3890
4627
4680
4070
3383
3284
3917
4966
6240
7879
9784
11217
11429
10664
10089
10477
11295
11381
10363
8992
8128
7865
7848
8056
8883
10496
12454
14048
14835
14804
14198
13324
12435
11676
11100
10711
10414
9973
9165
8061
6985
6112
5296
4505
4249
5115
6768
7812
7044
4707
2166
378
-897
-2273
-3543
-3831
-2893
-1831
-2173
-4341
-7218
-9253
-9862
-9687
-9658
-9998
-10268
-10213
-10299
-11190
-12749
-13839
-13309
-11171
-8647
-7064
-6837
-7527
-8637
-10036
-11643
-13017
-13549
-13025
-11822
-10520
-9457
-8707
-8338
-8454
-8966
-9454
-9416
-8698
-7627
-6719
-6244
-6097
-6002
-5827
-5648
-5549
-5426
-5033
-4250
-3271
-2487
-2158
-2197
-2256
-2062
-1648
-1280
-1136
-1128
-1035
-822
-698
-816
-946
-596
460
1847
2869
3117
2773
2340
2216
2561
3484
5107
7360
9761
11538
12123
11564
10464
9453
8754
8221
7755
7519
7682
8083
8363
8454
8742
9596
10851
11961
12645
13136
13692
14100
13942
13286
12802
13019
13623
13695
12653
10820
9055
7979
7571
7446
7318
7159
6982
6611
5778
4485
3167
2362
2162
2106
1692
884
21
-732
-1577
-2687
-3835
-4636
-5073
-5523
-6255
-7097
-7751
-8271
-9001
-10063
-11081
-11514
-11168
-10374
-9738
-9743
-10466
-11551
-12477
-12949
-13043
-12928
-12539
-11667
-10363
-9106
-8445
-8544
-9165
-9956
-10618
-10884
-10578
-9798
-8913
-8235
-7776
-7368
-6915
-6410
-5793
-5037
-4389
-4279
-4808
-5472
-5584
-4961
-4013
-3190
-2513
-1748
-852
-97
215
37
-392
-666
-426
366
1296
1789
1665
1338
1418
2133
3249
4432
5502
6354
6858
6997
7012
7229
7766
8458
9019
9156
8615
7347
5785
4771
4983
6353
8147
9584
10348
10566
10493
10309
10102
9886
9686
9608
9833
10390
11031
11388
11327
11019
10703
10485
10385
10395
10345
9822
8500
6587
4784
3718
3480
3772
4271
4722
4826
4345
3383
2315
1348
304
-959
-2092
-2505
-2115
-1645
-2011
-3469
-5437
-7045
-7789
-7753
-7405
-7199
-7275
-7467
-7624
-7898
-8590
-9710
-10851
-11589
-11885
-11956
-11869
-11516
-10982
-10638
-10721
-10999
-11056
-10830
-10628
-10635
-10654
-10424
-9974
-9485
-8954
-8250
-7450
-6896
-6804
-7010
-7186
-7189
-7045
-6717
-6105
-5275
-4480
-3895
-3460
-3079
-2831
-2816
-2896
-2780
-2365
-1839
-1373
-881
-188
653
1394
1897
2304
2847
3585
4348
4875
4991
4786
4649
5047
6093
7339
8131
8194
7811
7435
7244
7157
7117
7187
7374
7548
7627
7733
8085
8750
9544
10144
10254
9731
8713
7667
7172
7546
8631
9943
10988
11442
11176
10264
9025
7904
7231
7037
7139
7307
7335
7037
6321
5302
4269
3497
3080
2961
2997
2982
2703
2073
1239
441
-248
-960
-1784
-2584
-3161
-3554
-4031
-4780
-5696
-6547
-7217
-7675
-7788
-7367
-6509
-5761
-5771
-6710
-8083
-9159
-9551
-9403
-9101
-8940
-9011
-9305
-9768
-10286
-10669
-10755
-10508
-10021
-9414
-8786
-8245
-7913
-7856
-7964
-7979
-7670
-7029
-6300
-5805
-5711
-5927
-6158
-6078
-5518
-4568
-3539
-2797
-2552
-2744
-3107
-3355
-3327
-3006
-2427
-1628
-709
135
719
1046
1338
1825
2485
3083
3442
3616
3757
3873
3842
3672
3609
3900
4500
5126
5581
5935
6346
6798
7102
7120
6881
6515
6166
5990
6147
6643
7227
7539
7418
7036
6726
6713
7027
7590
8269
8858
9118
8918
8354
7688
7167
6895
6829
6836
6764
6522
6144
5779
5576
5573
5691
5810
5832
5687
5339
4823
4251
3743
3335
2962
2525
1967
1274
468
-386
-1146
-1667
-1924
-2066
-2302
-2723
-3245
-3726
-4117
-4455
-4762
-4992
-5115
-5210
-5400
-5723
-6074
-6322
-6473
-6667
-7035
-7555
-8060
-8377
-8443
-8340
-8224
-8227
-8379
-8600
-8775
-8840
-8821
-8777
-8721
-8632
-8524
-8490
-8612
-8849
-9034
-9007
-8736
-8290
-7726
-7061
-6359
-5795
-5522
-5513
-5547
-5426
-5135
-4781
-4400
-3903
-3217
-2434
-1729
-1189
-739
-268
237
698
1066
1370
1675
2015
2415
2908
3514
4198
4861
5387
5702
5803
5767
5752
5916
6319
6886
7474
7961
8277
8386
8318
8187
8141
8242
8405
8505
8493
8429
8389
8413
8506
8647
8758
8721
8471
8083
7706
7414
7160
6884
6628
6502
6515
6534
6381
5988
5426
4827
4308
3934
3711
3590
3497
3370
3146
2757
2169
1452
772
259
-98
-390
-663
-896
-1108
-1428
-1958
-2601
-3104
-3321
-3363
-3436
-3587
-3688
-3681
-3690
-3862
-4180
-4505
-4769
-5014
-5266
-5457
-5561
-5681
-5940
-6305
-6596
-6709
-6722
-6757
-6801
-6754
-6607
-6507
-6602
-6876
-7203
-7508
-7804
-8096
-8308
-8374
-8328
-8269
-8227
-8139
-7929
-7600
-7221
-6859
-6541
-6266
-6012
-5746
-5448
-5136
-4847
-4585
-4289
-3893
-3405
-2912
-2490
-2140
-1804
-1435
-1034
-616
-196
215
612
1018
1483
2035
2669
3351
4034
4640
5080
5310
5378
5384
5399
5445
5528
5692
6002
6497
7146
7851
8489
8969
9274
9463
9605
9729
9808
9792
9664
9439
9145
8825
8541
8357
8296
8308
8330
8326
8273
8121
7798
7282
6637
5983
5424
5009
4715
4462
4147
3714
3188
2648
2149
1673
1160
584
-21
-609
-1183
-1770
-2361
-2883
-3267
-3517
-3696
-3873
-4107
-4432
-4839
-5256
-5589
-5798
-5914
-6003
-6118
-6283
-6496
-6715
-6872
-6910
-6824
-6669
-6502
-6363
-6253
-6159
-6069
-5984
-5914
-5881
-5901
-5960
-6015
-6024
-5954
-5771
-5438
-4990
-4568
-4334
-4308
-4350
-4307
-4158
-3983
-3807
-3560
-3191
-2765
-2406
-2151
-1944
-1734
-1556
-1465
-1422
-1312
-1080
-777
-459
-96
367
876
1288
1523
1648
1768
1917
2069
2208
2348
2474
2544
2562
2610
2763
2999
3229
3418
3609
3847
4095
4278
4398
4538
4745
4972
5171
5370
5619
5880
6052
6098
6086
6088
6088
6031
5927
5863
5902
6010
6084
6036
5842
5533
5173
4848
4638
4572
4598
4611
4515
4268
3856
3299
2659
2025
1471
1009
609
235
-134
-516
-905
-1270
-1585
-1863
-2151
-2488
-2881
-3315
-3754
-4151
-4467
-4694
-4866
-5031
-5225
-5454
-5703
-5966
-6246
-6525
-6736
-6801
-6705
-6513
-6303
-6113
-5937
-5775
-5631
-5508
-5414
-5358
-5324
-5265
-5139
-4932
-4666
-4362
-4032
-3695
-3380
-3107
-2874
-2659
-2423
-2134
-1784
-1390
-985
-613
-323
-158
-129
-185
-230
-164
64
429
860
1289
1678
1995
2194
2243
2160
2013
1888
1873
2041
2396
2853
3285
3601
3768
3783
3665
3466
3271
3151
3119
3149
3218
3317
3445
3589
3726
3830
3905
3984
4091
4205
4287
4324
4334
4325
4288
4222
4145
4068
3977
3864
3749
3658
3598
3553
3520
3514
3540
3548
3483
3335
3154
2972
2758
2462
2107
1782
1538
1334
1096
810
508
219
-69
-375
-708
-1055
-1405
-1751
-2083
-2398
-2687
-2945
-3172
-3364
-3520
-3662
-3844
-4112
-4450
-4792
-5098
-5378
-5626
-5792
-5850
-5849
-5866
-5928
-6009
-6091
-6177
-6255
-6277
-6191
-5996
-5728
-5439
-5169
-4943
-4768
-4623
-4478
-4314
-4134
-3947
-3731
-3449
-3090
-2688
-2283
-1880
-1473
-1065
-686
-364
-113
73
232
415
657
956
1290
1638
1956
2189
2314
2380
2467
2608
2783
2975
3186
3398
3563
3645
3649
3602
3536
3487
3485
3540
3636
3759
3890
4010
4098
4152
4182
4192
4184
4168
4166
4178
4176
4125
4022
3901
3802
3751
3747
3769
3793
3805
3799
3776
3734
3675
3597
3504
3405
3313
3226
3132
3023
2892
2732
2545
2352
2167
1981
1782
1585
1416
1262
1079
859
630
409
171
-97
-357
-560
-712
-865
-1060
-1314
-1619
-1959
-2306
-2651
-2995
-3332
-3623
-3842
-4016
-4197
-4412
-4651
-4903
-5170
-5442
-5680
-5842
-5918
-5936
-5928
-5923
-5943
-6015
-6147
-6312
-6456
-6532
-6529
-6440
-6266
-6025
-5768
-5540
-5338
-5136
-4916
-4681
-4414
-4092
-3710
-3288
-2858
-2444
-2067
-1737
-1445
-1172
-903
-612
-260
171
650
1114
1529
1899
2224
2497
2725
2941
3168
3411
3660
3913
4157
4375
4552
4683
4770
4817
4849
4889
4941
4987
5013
5025
5031
5024
4983
4905
4802
4704
4629
4579
4542
4505
4451
4366
4243
4097
3942
3782
3613
3442
3281
3129
2974
2828
2710
2616
2521
2406
2280
2144
1987
1814
1644
1479
1290
1068
853
682
537
383
218
67
-65
-201
-353
-519
-691
-868
-1039
-1188
-1313
-1437
-1580
-1747
-1932
-2131
-2341
-2564
-2800
-3038
-3254
-3431
-3563
-3655
-3715
-3758
-3804
-3877
-3992
-4153
-4346
-4555
-4765
-4959
-5120
-5227
-5277
-5288
-5283
-5272
-5249
-5222
-5195
-5173
-5147
-5109
-5047
-4936
-4759
-4529
-4275
-4025
-3792
-3574
-3360
-3134
-2892
-2645
-2383
-2081
-1720
-1320
-914
-516
-119
271
637
975
1303
1641
1995
2363
2744
3132
3505
3836
4105
4315
4474
4593
4679
4751
4837
4956
5093
5221
5338
5457
5568
5636
5634
5564
5438
5265
5060
4850
4657
4485
4341
4228
4120
3976
3776
3550
3323
3085
2815
2528
2268
2067
1924
1815
1707
1570
1386
1160
904
629
352
95
-118
-285
-406
-489
-546
-599
-661
-737
-830
-947
-1083
-1223
-1358
-1488
-1605
-1689
-1739
-1776
-1820
-1879
-1949
-2025
-2100
-2152
-2175
-2179
-2179
-2170
-2155
-2160
-2210
-2304
-2421
-2542
-2661
-2772
-2852
-2885
-2874
-2846
-2826
-2824
-2834
-2864
-2933
-3045
-3167
-3254
-3284
-3276
-3247
-3199
-3126
-3036
-2954
-2898
-2872
-2869
-2881
-2897
-2903
-2862
-2743
-2544
-2301
-2060
-1826
-1586
-1343
-1116
-917
-724
-512
-271
-9
270
564
866
1150
1396
1605
1805
2024
2268
2521
2771
3017
3273
3534
3786
4004
4177
4308
4402
4459
4481
4490
4509
4540
4558
4543
4506
4469
4429
4360
4240
4070
3864
3650
3462
3316
3204
3094
2967
2807
2596
2336
2049
1760
1469
1173
894
673
520
406
291
156
-8
-200
-412
-632
-855
-1084
-1305
-1486
-1611
-1682
-1715
-1727
-1737
-1770
-1830
-1908
-1994
-2090
-2190
-2278
-2336
-2357
-2344
-2305
-2261
-2231
-2217
-2210
-2202
-2195
-2186
-2165
-2129
-2085
-2041
-2005
-1988
-1990
-1999
-1991
-1965
-1938
-1910
-1873
-1823
-1778
-1747
-1718
-1683
-1662
-1676
-1719
-1756
-1772
-1771
-1762
-1737
-1688
-1612
-1527
-1448
-1381
-1327
-1280
-1243
-1218
-1198
-1162
-1087
-976
-850
-727
-606
-475
-330
-181
-39
100
240
381
521
662
815
990
1183
1380
1563
1735
1907
2084
2242
2368
2470
2578
2699
2819
2920
3012
3106
3192
3252
3285
3301
3310
3311
3304
3291
3262
3212
3150
3094
3040
2963
2851
2725
2606
2488
2351
2192
2017
1832
1637
1437
1244
1064
886
707
538
390
255
116
-37
-200
-371
-558
-760
-951
-1113
-1248
-1375
-1503
-1623
-1721
-1808
-1900
-1997
-2093
-2175
-2237
-2288
-2334
-2379
-2420
-2448
-2456
-2455
-2459
-2466
-2463
-2437
-2391
-2345
-2302
-2261
-2219
-2185
-2163
-2142
-2111
-2072
-2025
-1963
-1867
-1738
-1602
-1483
-1385
-1306
-1244
-1193
-1146
-1104
-1066
-1018
-941
-839
-735
-642
-545
-432
-319
-226
-150
-76
-5
63
137
232
335
430
516
607
697
768
824
889
971
1056
1142
1244
1366
1483
1578
1662
1741
1794
1805
1799
1820
1864
1904
1927
1952
1990
2025
2042
2039
2022
1992
1959
1933
1908
1870
1821
1780
1750
1705
1622
1507
1388
1283
1185
1084
975
870
784
717
650
562
454
347
251
156
52
-57
-158
-236
-282
-299
-309
-343
-404
-476
-558
-663
-794
-911
-980
-998
-995
-987
-974
-956
-936
-919
-914
-936
-986
-1036
-1067
-1093
-1139
-1200
-1254
-1289
-1317
-1342
-1358
-1369
-1392
-1430
-1465
-1485
-1491
-1493
-1496
-1504
-1529
-1567
-1606
-1646
-1695
-1746
-1777
-1770
-1739
-1703
-1671
-1637
-1604
-1575
-1545
-1510
-1471
-1432
-1380
-1301
-1195
-1081
-968
-853
-739
-629
-522
-412
-297
-181
-60
70
212
360
519
692
869
1029
1161
1278
1404
1536
1660
1774
1887
2003
2116
2216
2302
2383
2454
2512
2555
2585
2600
2599
2589
2585
2592
2597
2583
2544
2491
2431
2359
2266
2153
2034
1925
1827
1723
1600
1454
1304
1175
1073
981
879
758
632
518
419
324
222
108
-12
-133
-249
-353
-445
-525
-596
-653
-697
-735
-776
-813
-840
-862
-895
-947
-1003
-1046
-1070
-1090
-1113
-1144
-1172
-1194
-1211
-1232
-1260
-1295
-1328
-1361
-1396
-1425
-1444
-1458
-1476
-1498
-1513
-1520
-1537
-1571
-1606
-1620
-1619
-1620
-1634
-1654
-1667
-1672
-1668
-1655
-1631
-1601
-1566
-1524
-1474
-1424
-1378
-1330
-1271
-1202
-1134
-1073
-1004
-911
-806
-712
-637
-564
-472
-363
-249
-139
-30
81
188
295
408
525
634
735
845
967
1079
1165
1237
1319
1410
1495
1565
1627
1687
1743
1791
1832
1871
1910
1947
1978
2003
2018
2020
2004
1972
1934
1899
1864
1817
1758
1696
1637
1578
1519
1460
1396
1315
1225
1144
1082
1023
949
864
783
708
622
527
436
354
274
194
123
71
21
-38
-105
-169
-226
-282
-339
-394
-443
-489
-539
-597
-658
-712
-755
-797
-847
-902
-950
-989
-1030
-1079
-1128
-1167
-1203
-1239
-1273
-1302
-1333
-1367
-1394
-1413
-1427
-1446
-1466
-1477
-1477
-1477
-1485
-1498
-1507
-1508
-1502
-1488
-1468
-1438
-1397
-1352
-1314
-1279
-1244
-1208
-1176
-1145
-1107
-1067
-1034
-1002
-953
-885
-816
-756
-700
-638
-570
-503
-430
-349
-269
-199
-136
-69
10
99
197
294
377
440
504
587
685
782
874
972
1083
1192
1284
1367
1449
1529
1595
1638
1668
1712
1777
1845
1892
1918
1948
1986
2008
2000
1972
1952
1943
1925
1892
1856
1821
1785
1738
1677
1601
1518
1433
1348
1255
1157
1067
995
929
852
764
674
576
464
347
243
154
69
-16
-91
-158
-229
-313
-397
-465
-522
-583
-660
-747
-825
-879
-913
-947
-987
-1019
-1029
-1040
-1077
-1135
-1176
-1183
-1179
-1194
-1223
-1239
-1228
-1204
-1179
-1158
-1142
-1130
-1121
-1108
-1086
-1055
-1019
-992
-984
-990
-985
-955
-911
-877
-863
-863
-865
-864
-855
-834
-808
-785
-779
-786
-790
-778
-753
-746
-769
-803
-813
-793
-769
-765
-768
-756
-728
-700
-674
-641
-598
-553
-516
-476
-424
-351
-268
-191
-133
-82
-20
56
139
223
314
412
507
597
695
806
915
1000
1056
1104
1167
1255
1352
1436
1496
1543
1594
1650
1693
1720
1746
1779
1812
1830
1840
1849
1854
1845
1820
1790
1764
1737
1699
1650
1597
1545
1494
1439
1376
1307
1236
1155
1060
962
875
790
685
558
435
338
252
147
21
-106
-217
-322
-429
-537
-637
-728
-815
-902
-990
-1073
-1148
-1224
-1309
-1393
-1452
-1478
-1489
-1506
-1530
-1545
-1551
-1555
-1560
-1553
-1531
-1497
-1455
-1410
-1367
-1327
-1288
-1249
-1207
-1161
-1107
-1044
-982
-927
-875
-822
-767
-723
-687
-651
-608
-564
-528
-498
-471
-442
-410
-382
-367
-363
-349
-321
-286
-264
-257
-252
-243
-227
-203
-170
-136
-115
-102
-81
-43
3
47
91
133
171
205
243
293
355
417
474
524
575
636
711
791
864
927
985
1045
1109
1178
1245
1301
1345
1395
1460
1528
1570
1588
1603
1637
1678
1713
1739
1760
1773
1777
1773
1761
1730
1671
1598
1528
1468
1410
1342
1265
1180
1091
993
886
775
659
534
387
223
69
-61
-180
-316
-470
-618
-752
-880
-1011
-1135
-1243
-1348
-1463
-1575
-1662
-1719
-1765
-1821
-1886
-1943
-1974
-1976
-1966
-1962
-1966
-1961
-1932
-1883
-1826
-1769
-1705
-1630
-1548
-1469
-1391
-1312
-1224
-1129
-1038
-951
-856
-747
-641
-562
-501
-421
-310
-194
-103
-36
27
94
153
201
247
295
344
396
452
503
544
576
610
648
679
694
700
710
724
731
718
697
689
710
745
765
756
738
728
730
736
747
768
790
800
792
771
745
726
734
770
812
837
854
884
931
971
991
1004
1029
1070
1116
1148
1164
1169
1173
1186
1213
1252
1294
1318
1316
1296
1276
1266
1255
1227
1180
1115
1036
954
881
817
745
654
557
469
382
271
128
-31
-181
-313
-431
-548
-681
-832
-981
-1099
-1193
-1290
-1406
-1527
-1630
-1714
-1801
-1896
-1980
-2032
-2056
-2079
-2125
-2182
-2212
-2205
-2186
-2180
-2185
-2171
-2122
-2051
-1979
-1912
-1848
-1775
-1693
-1610
-1528
-1441
-1342
-1226
-1105
-993
-894
-805
-717
-615
-492
-359
-238
-133
-24
100
220
305
353
406
494
596
671
703
722
763
830
896
935
948
956
979
1015
1048
1060
1047
1022
1001
993
989
971
939
906
892
899
909
914
921
935
945
936
908
891
914
958
982
964
942
955
1004
1051
1082
1110
1154
1204
1244
1276
1303
1321
1323
1321
1332
1346
1341
1322
1319
1331
1320
1267
1206
1177
1163
1117
1032
952
894
819
698
560
450
354
232
94
-15
-99
-216
-380
-526
-601
-658
-789
-982
-1134
-1195
-1242
-1361
-1523
-1638
-1693
-1765
-1888
-1989
-2002
-1979
-2028
-2161
-2262
-2238
-2133
-2070
-2106
-2190
-2233
-2203
-2122
-2030
-1966
-1946
-1953
-1935
-1849
-1710
-1573
-1470
-1395
-1330
-1264
-1179
-1048
-881
-739
-670
-634
-545
-376
-186
-36
71
161
235
297
385
538
730
886
966
993
1002
1009
1032
1099
1198
1263
1262
1247
1277
1315
1283
1202
1183
1258
1315
1256
1144
1112
1163
1174
1084
989
996
1074
1114
1081
1049
1085
1176
1266
1303
1268
1180
1116
1157
1289
1394
1376
1255
1136
1075
1067
1106
1198
1303
1323
1206
1029
936
972
1025
955
741
496
347
331
388
420
355
170
-77
-271
-311
-206
-93
-129
-370
-720
-995
-1064
-962
-881
-1000
-1301
-1570
-1633
-1551
-1522
-1614
-1698
-1689
-1701
-1866
-2075
-2097
-1928
-1833
-1973
-2158
-2135
-1976
-1986
-2219
-2366
-2192
-1887
-1791
-1923
-2009
-1926
-1848
-1902
-1919
-1738
-1519
-1538
-1714
-1671
-1286
-918
-914
-1100
-1014
-555
-109
-20
-162
-170
82
397
574
613
633
719
883
1094
1304
1498
1703
1881
1914
1782
1714
1967
2438
2721
2621
2415
2427
2566
2535
2360
2361
2599
2735
2556
2321
2351
2535
2526
2281
2070
2031
2024
1946
1864
1785
1569
1222
988
997
1032
877
651
553
467
185
-112
-35
328
382
-134
-652
-478
268
767
494
-239
-760
-753
-422
-127
-9
48
158
163
-229
-950
-1417
-1127
-333
166
-93
-826
-1478
-1734
-1494
-807
-61
137
-334
-823
-763
-497
-736
-1383
-1630
-1211
-828
-1074
-1630
-1877
-1745
-1514
-1301
-1255
-1703
-2476
-2680
-1954
-1346
-1822
-2529
-2208
-2006
-4347
-8281
-8876
-3669
2328
1740
-5456
-11205
-9369
-2805
1830
3015
4001
5343
3282
-3177
-8204
-5548
3183
10080
9860
4304
-1680
-5026
-4874
-1312
3904
7184
6123
2251
-887
-1743
-1182
227
2744
5153
4769
1209
-2005
-1704
559
886
-1049
-1533
1361
4524
4123
941
-1058
-243
1359
1879
1796
1646
349
-2430
-4274
-2854
349
1762
677
-297
80
-248
-2366
-3224
280
5752
7505
4106
177
-153
1777
2622
2439
3424
5025
4311
1059
-1215
-359
1412
1379
450
931
2174
1648
-609
-1999
-1783
-2086
-3630
-3761
-735
2629
2409
-860
-3155
-2737
-1688
-1591
-1054
1146
3207
2856
984
268
1165
1785
1410
1594
3254
4875
4676
3028
1487
587
-68
-327
372
1615
2083
1098
-755
-2537
-3613
-3506
-2097
-241
687
219
-888
-1874
-2635
-2895
-1882
371
2302
2484
1467
873
1102
1246
1093
1662
3375
5062
5510
4942
4087
2824
966
-335
424
2852
4795
4925
3943
2889
1663
88
-783
227
2494
4144
4334
3802
3147
1970
226
-775
196
2459
4038
3885
2644
1350
364
-211
6
1161
2576
3268
2895
1804
432
-858
-1489
-935
510
1697
1733
895
146
-78
-177
-543
-847
-499
418
1031
623
-531
-1486
-1715
-1605
-1766
-2102
-1969
-1228
-724
-1345
-2823
-3891
-3703
-2708
-1916
-1641
-1395
-882
-594
-1191
-2556
-3784
-4008
-3125
-1754
-734
-581
-1214
-2104
-2789
-3251
-3633
-3683
-2876
-1316
-166
-675
-2708
-4674
-5113
-4116
-2943
-2487
-2516
-2418
-2184
-2392
-3347
-4540
-5015
-4182
-2339
-532
152
-632
-2224
-3542
-3984
-3730
-3208
-2510
-1577
-764
-812
-2008
-3616
-4422
-3881
-2533
-1297
-602
-296
-178
-322
-874
-1691
-2254
-1947
-546
1394
2709
2473
857
-952
-1775
-1315
-61
1384
2581
3115
2665
1410
93
-533
-311
375
1060
1479
1536
1250
749
167
-416
-832
-718
182
1564
2659
2914
2429
1686
1078
833
1148
2052
3171
3891
3848
3142
2150
1310
1014
1385
2049
2444
2448
2446
2597
2396
1382
60
-445
266
1307
1522
730
-317
-947
-1132
-1163
-1157
-1007
-564
168
886
1027
232
-1064
-1775
-1166
341
1566
1751
1155
483
17
-480
-1148
-1602
-1300
-252
800
1007
169
-1111
-1995
-2061
-1507
-903
-756
-1133
-1612
-1756
-1702
-2039
-2902
-3450
-2755
-1128
-27
-380
-1488
-1974
-1477
-823
-695
-810
-542
170
893
1257
1129
513
-327
-856
-774
-382
-75
339
1246
2217
2147
708
-947
-1431
-671
327
921
1297
1603
1460
648
-297
-627
-189
634
1452
2002
2046
1644
1345
1596
2062
2081
1730
1785
2481
3033
2790
2220
2156
2474
2365
1702
1287
1593
2081
2121
1931
2044
2319
2154
1471
824
594
672
964
1561
2220
2292
1541
636
352
648
984
1234
1643
2017
1739
770
-10
156
957
1517
1482
1115
629
22
-477
-469
-15
288
117
-170
-190
-186
-571
-1125
-1229
-802
-438
-514
-730
-703
-583
-671
-806
-588
-84
200
45
-200
-228
-213
-425
-687
-600
-186
102
3
-251
-363
-407
-613
-899
-947
-678
-401
-366
-437
-348
-164
-208
-570
-911
-893
-595
-318
-91
314
871
1142
855
442
588
1316
1895
1822
1507
1652
2184
2324
1720
1001
922
1364
1601
1381
1181
1365
1578
1319
738
465
752
1215
1426
1376
1220
940
533
306
605
1260
1646
1421
952
847
1245
1757
2030
2112
2224
2376
2372
2107
1705
1378
1236
1255
1329
1299
1024
466
-233
-819
-1064
-878
-407
-15
-74
-650
-1417
-1964
-2141
-2050
-1808
-1478
-1211
-1228
-1570
-2009
-2292
-2383
-2326
-2056
-1520
-910
-528
-423
-377
-303
-439
-978
-1668
-2002
-1784
-1324
-1052
-1086
-1269
-1515
-1962
-2727
-3576
-3955
-3469
-2349
-1371
-1208
-1849
-2706
-3262
-3463
-3467
-3237
-2645
-1887
-1482
-1715
-2262
-2562
-2416
-2020
-1533
-894
-136
411
411
-89
-703
-1068
-1032
-639
-121
156
-44
-556
-964
-1058
-992
-997
-1079
-1095
-952
-636
-199
186
267
-2
-350
-496
-479
-483
-412
27
787
1351
1304
871
632
849
1272
1586
1766
1964
2224
2429
2444
2224
1841
1487
1371
1508
1669
1606
1338
1114
1096
1204
1279
1272
1211
1100
956
881
943
1029
972
820
770
827
735
387
92
185
531
695
546
380
404
440
282
86
126
329
337
-4
-463
-740
-787
-729
-677
-697
-820
-986
-1059
-1000
-946
-995
-1032
-866
-545
-349
-449
-687
-792
-713
-614
-596
-586
-511
-436
-447
-483
-444
-351
-306
-319
-337
-391
-530
-621
-436
-45
130
-181
-695
-929
-800
-604
-486
-268
112
367
247
-57
-155
37
282
408
475
571
666
740
835
923
866
634
420
401
501
526
479
546
763
893
709
291
-89
-274
-290
-179
63
346
469
337
97
-43
-53
-23
52
255
543
740
781
783
834
868
832
826
945
1096
1134
1087
1089
1154
1167
1067
883
633
355
203
298
475
421
106
-151
-159
-149
-394
-740
-799
-508
-224
-239
-454
-607
-625
-608
-624
-656
-687
-717
-705
-622
-528
-521
-600
-656
-644
-671
-849
-1125
-1313
-1303
-1151
-981
-888
-951
-1226
-1646
-1992
-2076
-1945
-1778
-1642
-1482
-1341
-1380
-1619
-1839
-1853
-1734
-1636
-1523
-1260
-920
-761
-882
-1080
-1111
-954
-754
-596
-449
-267
-67
84
132
107
109
190
284
313
329
453
639
677
491
273
244
369
466
494
569
726
836
788
649
570
607
701
778
829
876
926
940
868
708
522
397
383
484
637
728
669
512
398
386
367
220
2
-105
-10
188
334
370
327
268
225
200
197
239
353
503
604
626
636
687
703
591
394
249
208
204
196
218
272
286
220
122
31
-82
-217
-282
-219
-114
-102
-182
-237
-196
-134
-161
-287
-404
-409
-347
-371
-534
-664
-566
-312
-205
-391
-665
-786
-791
-880
-1053
-1099
-933
-748
-750
-909
-1059
-1135
-1205
-1308
-1371
-1314
-1162
-1029
-990
-1030
-1078
-1104
-1117
-1114
-1064
-977
-909
-871
-790
-627
-469
-421
-440
-409
-302
-182
-65
112
339
498
519
483
499
577
658
718
764
797
835
914
1029
1112
1116
1077
1044
1021
1007
1039
1116
1167
1142
1096
1088
1075
995
893
860
884
871
812
809
900
980
940
807
695
666
679
672
634
615
653
719
727
649
561
553
610
644
622
592
584
576
538
485
444
419
407
401
368
278
151
58
34
58
98
155
228
281
270
171
18
-92
-56
115
272
296
243
234
240
125
-102
-249
-221
-163
-222
-305
-243
-103
-118
-357
-639
-787
-817
-811
-771
-661
-537
-508
-610
-780
-935
-1023
-1029
-954
-818
-649
-495
-419
-454
-564
-673
-730
-714
-605
-414
-227
-152
-193
-254
-263
-239
-206
-138
-9
135
234
288
333
376
396
382
352
341
368
425
481
508
514
509
478
418
399
486
625
688
651
624
659
675
619
589
696
877
973
930
843
790
761
722
679
652
657
703
745
690
493
254
102
35
-46
-147
-166
-80
-28
-130
-325
-465
-505
-514
-541
-554
-519
-454
-401
-372
-359
-355
-375
-419
-445
-412
-326
-256
-244
-256
-252
-253
-308
-390
-419
-390
-391
-466
-548
-550
-496
-473
-511
-568
-611
-651
-699
-748
-786
-805
-805
-803
-821
-853
-867
-862
-879
-928
-958
-930
-885
-873
-871
-834
-799
-837
-924
-954
-885
-793
-745
-725
-701
-693
-715
-727
-686
-609
-522
-431
-346
-308
-323
-323
-265
-192
-153
-101
28
190
268
238
191
195
223
243
292
404
525
569
523
452
426
446
470
473
477
515
568
585
551
515
514
516
487
468
519
626
714
744
738
718
677
625
602
616
634
630
611
572
494
398
328
291
250
203
188
198
178
109
44
13
-14
-55
-68
-32
4
-11
-49
-54
-22
25
95
184
228
192
129
118
148
164
175
225
282
259
161
91
96
110
66
11
14
67
107
115
126
153
165
136
81
50
73
132
180
192
189
187
167
116
62
38
28
-3
-45
-66
-75
-103
-141
-159
-172
-227
-307
-341
-314
-287
-288
-272
-212
-154
-132
-113
-65
-19
-9
-1
58
150
223
260
277
271
233
202
215
264
310
340
356
344
295
247
248
280
285
263
263
304
346
356
346
339
331
311
297
316
369
427
451
423
365
316
293
282
267
247
219
173
122
95
96
76
4
-87
-143
-163
-178
-192
-185
-170
-182
-224
-271
-307
-331
-335
-314
-293
-295
-294
-251
-204
-232
-331
-393
-355
-277
-256
-292
-315
-313
-339
-407
-464
-468
-441
-428
-431
-437
-441
-459
-483
-494
-480
-452
-423
-394
-359
-323
-301
-303
-316
-307
-266
-220
-198
-189
-168
-137
-128
-157
-202
-226
-219
-197
-185
-202
-246
-290
-310
-308
-311
-330
-345
-343
-329
-311
-284
-257
-241
-233
-216
-186
-156
-125
-81
-43
-43
-78
-100
-78
-43
-32
-44
-55
-69
-88
-90
-58
-16
-3
-16
-29
-36
-38
-21
23
68
87
98
134
183
220
247
292
343
366
356
351
371
392
395
386
370
343
312
289
267
229
179
141
121
106
88
62
24
-31
-77
-81
-57
-45
-55
-59
-50
-60
-101
-133
-123
-85
-56
-44
-43
-44
-52
-65
-85
-106
-116
-106
-89
-90
-108
-122
-127
-146
-181
-206
-206
-197
-194
-185
-160
-140
-139
-140
-118
-77
-38
-9
9
13
9
24
66
107
122
124
142
171
192
201
215
233
237
228
225
242
259
265
262
263
271
280
287
290
288
281
275
274
280
291
297
287
275
270
276
279
272
270
276
273
245
210
196
203
205
193
184
202
238
265
265
249
238
244
266
288
305
320
338
351
344
315
280
267
280
298
302
294
288
287
280
259
230
199
169
141
129
129
124
102
82
78
77
58
30
18
23
25
13
-7
-29
-59
-91
-116
-142
-183
-231
-264
-282
-306
-339
-358
-359
-368
-409
-466
-505
-511
-492
-470
-462
-471
-483
-479
-456
-424
-394
-370
-352
-340
-318
-278
-234
-205
-195
-194
-200
-204
-189
-144
-104
-99
-113
-105
-78
-69
-86
-93
-69
-39
-23
-7
18
34
31
34
65
101
117
119
132
150
153
142
139
151
161
156
140
121
108
108
109
95
67
53
69
95
105
95
74
51
26
12
16
32
45
46
45
46
49
49
44
35
33
44
50
28
-13
-39
-37
-34
-51
-70
-69
-58
-72
-118
-172
-202
-202
-180
-161
-166
-193
-220
-232
-239
-245
-243
-222
-201
-195
-202
-201
-189
-175
-168
-162
-152
-141
-126
-106
-90
-94
-124
-158
-171
-158
-141
-142
-160
-179
-184
-188
-211
-247
-278
-289
-278
-259
-241
-233
-236
-236
-215
-174
-137
-119
-112
-109
-104
-91
-64
-24
14
41
63
76
73
55
40
39
41
38
36
34
16
-22
-59
-69
-56
-44
-41
-34
-19
-5
6
18
38
60
84
115
148
171
172
157
143
141
149
156
155
142
130
125
128
131
125
114
105
109
126
140
143
146
169
210
250
279
309
345
373
388
404
441
481
494
475
453
451
454
441
409
372
333
286
234
189
158
132
108
83
64
58
68
88
99
91
70
55
54
61
73
93
121
143
150
148
151
160
165
158
140
118
95
70
39
2
-37
-68
-88
-98
-99
-99
-103
-116
-128
-123
-102
-84
-80
-77
-57
-26
-9
-13
-20
-17
-5
7
7
-6
-29
-46
-52
-50
-55
-68
-79
-88
-98
-115
-133
-148
-154
-146
-130
-121
-128
-141
-142
-131
-118
-112
-108
-100
-84
-65
-52
-48
-42
-26
-2
7
0
-7
4
22
29
27
34
57
79
92
104
124
142
154
160
161
155
144
133
127
123
129
147
171
182
177
173
184
200
205
201
199
202
199
185
173
178
198
205
186
160
149
156
147
113
80
71
75
65
35
1
-30
-58
-84
-99
-107
-114
-124
-135
-151
-174
-194
-197
-188
-180
-174
-163
-154
-163
-188
-209
-214
-218
-226
-233
-237
-247
-272
-291
-294
-287
-294
-327
-368
-393
-384
-359
-347
-358
-373
-364
-335
-308
-293
-278
-256
-240
-237
-235
-224
-201
-178
-158
-147
-149
-159
-164
-160
-154
-158
-174
-196
-211
-203
-173
-146
-149
-171
-181
-158
-124
-102
-103
-118
-133
-132
-107
-68
-37
-18
2
27
41
43
45
60
75
75
68
75
96
125
156
182
192
190
196
222
247
251
242
242
254
256
243
235
243
255
254
248
253
269
276
257
218
185
180
194
208
205
191
173
157
146
142
146
150
147
135
115
89
68
67
77
77
59
43
39
29
-7
-58
-94
-113
-131
-153
-172
-185
-198
-208
-211
-214
-234
-265
-280
-266
-243
-232
-228
-221
-213
-213
-213
-201
-180
-166
-165
-162
-149
-130
-116
-105
-87
-62
-47
-55
-77
-88
-72
-43
-24
-23
-23
-10
17
52
88
119
133
135
135
139
147
157
170
180
181
181
194
219
235
232
217
208
210
221
237
241
223
192
173
180
185
167
133
118
125
135
131
120
117
130
152
163
151
131
130
152
164
145
120
129
166
186
170
145
142
155
160
147
130
119
116
115
110
96
80
69
59
46
34
32
36
33
21
18
26
32
26
13
1
-8
-18
-31
-50
-76
-97
-106
-108
-116
-131
-149
-170
-194
-212
-219
-228
-252
-283
-302
-308
-315
-321
-315
-302
-304
-317
-311
-283
-262
-269
-287
-292
-282
-267
-243
-207
-177
-168
-166
-155
-136
-124
-121
-117
-114
-111
-97
-66
-32
-28
-52
-65
-33
30
79
84
67
68
101
145
171
181
191
206
216
215
212
209
208
214
236
258
260
245
238
246
249
237
221
219
230
238
231
205
174
164
191
231
235
196
152
139
141
129
103
89
96
105
93
53
2
-37
-44
-25
-3
3
1
1
8
13
8
-6
-20
-17
4
15
-6
-47
-61
-28
24
50
37
3
-30
-46
-44
-38
-50
-78
-101
-106
-107
-117
-134
-151
-167
-187
-204
-210
-209
-212
-221
-232
-240
-239
-226
-215
-233
-275
-310
-309
-280
-254
-249
-264
-288
-306
-310
-303
-294
-291
-281
-267
-259
-258
-248
-220
-201
-211
-233
-225
-179
-126
-98
-93
-84
-59
-27
-5
5
9
25
58
102
140
158
156
152
161
181
200
212
228
257
291
307
297
283
294
332
364
360
327
312
340
387
404
381
352
350
364
363
342
319
308
302
295
288
286
286
281
268
244
217
198
195
202
203
185
147
108
97
115
130
107
54
23
32
56
56
33
11
-3
-23
-50
-70
-76
-77
-78
-85
-98
-114
-128
-136
-146
-168
-193
-206
-205
-199
-199
-212
-231
-252
-263
-266
-273
-288
-301
-303
-301
-299
-299
-297
-296
-297
-298
-303
-323
-346
-356
-348
-343
-353
-354
-326
-284
-269
-283
-292
-282
-270
-271
-274
-256
-224
-200
-195
-199
-196
-183
-166
-144
-109
-66
-33
-29
-38
-36
-22
-10
-3
23
69
109
112
93
86
109
144
175
203
239
280
308
309
296
297
321
349
359
357
370
394
411
406
395
393
395
395
394
390
374
350
335
330
323
304
283
266
248
229
224
237
247
236
211
178
140
107
95
107
117
108
90
82
75
54
19
-12
-27
-32
-31
-34
-46
-64
-78
-90
-109
-134
-148
-148
-155
-179
-205
-209
-204
-210
-229
-248
-261
-269
-273
-272
-274
-286
-300
-310
-318
-325
-329
-334
-352
-380
-396
-384
-365
-364
-380
-396
-403
-403
-391
-368
-344
-333
-331
-325
-310
-288
-265
-249
-254
-277
-293
-274
-226
-178
-157
-156
-160
-146
-110
-69
-43
-35
-34
-32
-31
-21
15
71
114
122
119
141
193
245
271
273
271
281
302
332
366
401
423
421
410
417
450
480
481
457
439
441
451
462
473
475
459
433
418
418
423
423
421
412
386
348
321
311
308
302
293
274
231
177
142
134
128
101
75
70
68
37
-19
-62
-74
-75
-98
-141
-182
-202
-208
-221
-245
-267
-277
-280
-287
-293
-291
-296
-324
-368
-396
-389
-370
-363
-377
-398
-414
-414
-403
-390
-382
-375
-370
-378
-401
-409
-371
-305
-271
-291
-320
-304
-251
-200
-177
-173
-177
-183
-180
-156
-117
-83
-68
-69
-70
-59
-38
-14
0
4
6
17
33
55
82
109
124
122
119
134
168
203
220
216
208
208
224
252
286
314
320
302
285
294
322
337
331
324
332
335
321
310
326
359
377
366
343
322
309
304
303
296
279
259
251
252
257
260
257
246
225
203
189
176
158
136
113
90
65
47
44
47
47
41
28
6
-23
-41
-40
-35
-53
-89
-118
-121
-112
-114
-142
-192
-240
-256
-233
-203
-205
-235
-260
-265
-278
-313
-344
-342
-323
-328
-361
-386
-388
-380
-388
-401
-405
-403
-407
-412
-411
-394
-372
-354
-344
-333
-311
-291
-293
-316
-328
-308
-279
-272
-275
-258
-219
-188
-173
-160
-143
-129
-119
-106
-88
-68
-42
-1
37
57
70
92
119
130
136
159
192
211
221
246
281
300
296
303
341
383
402
397
390
393
400
405
412
434
473
503
500
477
470
482
483
462
447
458
471
464
448
439
437
435
434
427
403
371
354
353
336
294
262
257
245
201
160
152
156
136
97
71
59
37
1
-33
-59
-83
-107
-125
-136
-150
-179
-220
-258
-280
-292
-317
-357
-390
-401
-413
-445
-482
-500
-507
-525
-544
-545
-534
-536
-547
-544
-531
-533
-556
-570
-551
-513
-482
-473
-483
-494
-492
-474
-456
-446
-431
-396
-361
-347
-345
-331
-299
-268
-247
-228
-199
-155
-103
-61
-44
-39
-24
5
30
48
74
110
144
173
210
252
274
269
273
307
350
369
380
413
458
476
455
428
423
445
481
517
545
558
565
575
585
583
569
553
545
541
527
510
496
490
481
464
447
438
432
412
378
352
343
330
296
257
238
234
212
170
133
115
95
56
18
-1
-17
-56
-101
-125
-125
-124
-135
-157
-189
-233
-274
-293
-302
-319
-342
-353
-360
-385
-422
-433
-414
-401
-426
-470
-491
-471
-432
-406
-415
-448
-474
-470
-452
-445
-454
-460
-458
-449
-433
-412
-397
-393
-374
-333
-296
-297
-321
-323
-285
-236
-207
-199
-197
-185
-154
-114
-92
-97
-96
-54
9
42
32
18
38
85
128
151
159
159
166
190
229
261
271
267
275
305
340
358
357
360
379
401
411
411
412
416
412
399
384
374
367
370
382
392
394
391
391
387
371
348
336
332
325
307
280
247
216
200
202
208
201
179
147
105
61
39
43
56
45
10
-32
-58
-66
-68
-78
-97
-115
-125
-131
-142
-157
-172
-191
-215
-240
-255
-264
-268
-268
-264
-275
-305
-337
-344
-327
-312
-313
-326
-345
-357
-348
-316
-288
-286
-300
-308
-306
-309
-313
-306
-284
-262
-255
-256
-257
-252
-238
-225
-221
-223
-218
-197
-170
-154
-144
-131
-115
-101
-91
-77
-55
-31
-13
-5
3
17
32
39
41
47
62
80
96
115
132
134
119
108
124
166
207
221
207
194
205
239
267
266
251
246
256
274
296
318
323
306
281
267
258
248
248
270
298
307
296
284
273
259
246
246
250
243
230
227
233
229
213
201
194
188
181
170
147
117
95
86
70
40
10
1
2
-6
-20
-22
-19
-27
-48
-66
-75
-79
-92
-121
-154
-174
-179
-188
-212
-235
-240
-245
-267
-288
-283
-266
-273
-306
-331
-328
-322
-324
-324
-320
-327
-337
-330
-304
-285
-289
-302
-310
-314
-311
-294
-274
-270
-283
-289
-276
-249
-216
-184
-160
-150
-144
-125
-100
-87
-93
-96
-79
-51
-31
-21
-8
20
62
96
115
122
127
128
126
139
170
205
222
230
246
266
271
267
282
313
338
346
353
369
379
376
366
359
359
372
392
399
381
359
351
353
350
345
344
330
294
259
255
273
271
240
198
167
151
150
163
165
141
102
73
54
30
13
15
20
-8
-63
-102
-107
-102
-111
-132
-154
-176
-193
-198
-202
-224
-262
-288
-287
-278
-273
-266
-263
-284
-335
-374
-361
-313
-285
-300
-337
-362
-364
-357
-345
-332
-322
-319
-320
-323
-322
-310
-291
-271
-258
-254
-256
-253
-238
-209
-182
-173
-178
-180
-161
-133
-113
-103
-90
-71
-51
-37
-25
-11
3
16
30
52
71
77
67
56
59
87
130
165
180
179
177
179
185
194
206
220
227
226
222
224
230
236
238
239
248
264
279
283
272
253
240
249
275
289
277
259
259
274
270
238
204
194
196
188
168
147
136
130
125
115
100
83
72
61
49
39
33
23
-1
-30
-45
-43
-41
-46
-60
-76
-92
-99
-96
-97
-115
-141
-148
-135
-126
-137
-160
-176
-182
-183
-182
-180
-177
-178
-187
-203
-214
-207
-189
-183
-193
-205
-214
-228
-239
-232
-203
-182
-182
-181
-163
-138
-126
-115
-98
-86
-91
-99
-99
-97
-106
-112
-98
-68
-39
-12
11
20
21
31
55
77
86
92
106
117
112
101
94
93
100
120
149
162
152
145
157
174
180
178
174
167
161
169
189
195
177
160
164
180
193
201
202
184
149
131
149
179
189
176
161
149
128
107
98
101
96
77
58
53
60
69
63
40
14
8
18
20
2
-18
-26
-27
-35
-49
-59
-70
-92
-105
-94
-65
-53
-73
-104
-125
-132
-130
-118
-96
-87
-106
-136
-144
-122
-96
-95
-113
-122
-111
-101
-106
-116
-114
-99
-83
-75
-84
-112
-138
-132
-100
-83
-102
-125
-107
-65
-49
-70
-92
-84
-66
-59
-57
-49
-39
-27
-15
-5
-11
-28
-32
-23
-15
-13
4
38
65
68
55
42
26
14
22
50
74
78
77
84
84
62
34
23
32
52
66
66
45
19
20
54
89
98
87
71
58
58
73
90
86
65
56
64
61
35
10
9
12
-3
-17
-13
-2
-8
-23
-29
-21
-11
-1
2
-13
-46
-67
-59
-49
-62
-86
-92
-76
-63
-61
-62
-55
-43
-35
-42
-68
-89
-74
-33
-20
-60
-107
-105
-69
-55
-80
-105
-99
-78
-63
-62
-65
-70
-68
-50
-28
-27
-56
-86
-86
-57
-30
-28
-50
-67
-61
-45
-42
-53
-54
-37
-19
-21
-34
-40
-34
-22
-7
2
-3
-17
-20
-7
4
7
12
26
