-60
-42
-49
-65
-64
-48
-37
-46
-71
-89
-85
-63
-37
-26
-36
-56
-67
-55
-28
-2
6
0
-9
-11
-9
-11
-14
-12
-7
-9
-20
-30
-24
-1
23
30
19
4
13
48
81
74
30
-9
-9
20
46
51
44
43
51
62
63
53
48
61
78
72
32
-7
-12
19
52
63
55
45
39
32
20
17
41
82
102
67
-2
-41
-13
50
79
46
-9
-32
-3
38
51
30
11
22
46
46
24
13
33
52
35
-12
-41
-20
31
59
37
-6
-18
15
58
64
29
-7
-18
-8
3
12
18
19
5
-22
-43
-39
-13
10
7
-17
-34
-16
23
47
38
7
-21
-33
-28
-18
-16
-28
-47
-57
-48
-23
9
31
34
17
-1
-4
13
37
54
55
36
7
-5
18
53
61
29
-17
-37
-14
32
58
35
-13
-35
-11
31
50
39
19
8
6
12
20
22
18
8
-8
-24
-19
14
50
57
31
6
7
24
36
30
11
-6
-8
-3
-9
-28
-41
-29
-7
4
1
0
6
7
-3
-17
-23
-11
18
41
38
12
-7
-2
4
-10
-36
-44
-19
27
66
76
56
37
44
61
54
22
0
12
40
52
40
21
17
33
48
39
8
-6
21
57
57
20
-5
5
34
50
41
24
25
43
51
19
-35
-53
-14
34
29
-22
-57
-39
9
30
-4
-61
-80
-35
23
17
-54
-106
-78
-8
20
-23
-74
-62
11
66
34
-58
-100
-33
64
61
-48
-130
-80
42
78
-25
-150
-140
5
115
39
-149
-222
-72
126
132
-62
-210
-117
107
182
0
-230
-224
26
232
148
-120
-237
-63
171
153
-106
-286
-162
114
202
-3
-246
-224
41
217
79
-210
-294
-71
188
177
-66
-226
-104
148
229
48
-173
-178
16
158
73
-124
-187
-48
117
117
-29
-136
-81
59
114
26
-92
-94
20
109
63
-66
-124
-41
92
129
33
-91
-105
1
99
66
-68
-150
-87
44
83
-17
-130
-112
31
137
80
-78
-155
-63
85
113
-2
-108
-71
55
107
15
-108
-110
13
116
80
-38
-85
-3
104
106
13
-40
34
159
189
78
-63
-97
-12
78
71
-4
-44
10
99
128
70
-10
-33
8
46
29
-22
-45
-8
50
73
47
9
1
29
50
32
-10
-25
4
41
38
1
-23
-5
34
53
32
-3
-10
18
39
19
-23
-27
24
80
82
32
-21
-30
5
52
70
50
20
5
-1
-12
-23
-10
17
29
15
5
19
51
72
56
3
-53
-57
-1
63
76
43
12
9
17
15
-4
-25
-27
0
31
26
-14
-40
-21
10
6
-35
-70
-72
-49
-25
-28
-60
-86
-65
-18
1
-30
-62
-59
-37
-27
-34
-43
-41
-21
8
17
-10
-38
-23
17
24
-12
-48
-53
-37
-27
-31
-50
-66
-51
-3
27
10
-19
-9
24
35
18
1
-9
-17
-20
-13
-6
-6
1
13
4
-22
-19
22
51
28
-15
-34
-30
-22
-10
3
-1
-16
-15
3
5
-12
-20
-17
-22
-26
2
45
55
32
31
64
89
80
63
55
57
68
85
80
42
14
32
53
25
-19
-16
27
56
58
62
75
81
84
81
54
10
-3
33
67
60
45
55
65
52
43
55
62
47
44
61
57
17
-14
-9
4
1
-4
1
7
24
62
88
51
-6
0
62
88
43
-8
-13
7
15
8
-11
-25
-2
49
60
-2
-58
-23
52
65
11
-32
-31
-20
-18
-22
-39
-62
-52
-4
22
-6
-35
-26
-10
-23
-30
-12
-14
-53
-74
-48
-28
-59
-100
-107
-96
-90
-82
-75
-92
-113
-102
-80
-101
-137
-114
-47
-38
-99
-138
-99
-40
-28
-59
-103
-129
-101
-31
-1
-51
-100
-66
-1
-7
-72
-94
-49
-5
0
-23
-60
-91
-78
-24
2
-31
-53
-10
44
52
38
42
34
-4
-33
-21
-11
-30
-42
-22
-13
-35
-43
-18
-1
-13
-13
5
3
-8
21
69
57
-12
-45
-9
32
39
39
45
37
22
28
27
-18
-61
-33
29
41
10
10
43
54
44
55
69
53
31
36
32
-10
-32
18
83
82
41
24
32
32
40
63
56
15
12
69
99
44
-22
-21
14
28
33
48
48
27
31
58
56
28
36
75
60
-15
-54
-18
20
10
-6
0
-4
-23
-23
-17
-41
-68
-43
3
-11
-62
-69
-35
-31
-59
-56
-21
-1
8
41
68
37
-20
-33
-20
-29
-49
-45
-44
-67
-61
8
62
31
-32
-37
-2
11
3
2
-13
-53
-72
-50
-33
-38
-16
40
55
5
-26
12
52
28
-26
-52
-53
-40
-9
9
-31
-89
-74
9
55
25
-10
-2
10
-3
-14
-13
-19
-21
4
23
-8
-43
-14
42
36
-24
-45
-2
46
57
43
8
-32
-42
-12
-2
-40
-67
-26
29
30
3
10
36
35
10
-4
-2
2
17
33
15
-25
-30
8
28
10
6
40
61
43
26
39
50
33
10
-3
-9
-6
19
39
22
0
16
46
36
8
19
52
50
14
-2
18
41
49
44
23
2
17
65
83
49
27
58
83
54
8
4
21
21
13
12
10
5
23
48
40
12
21
57
54
8
-16
-1
-3
-30
-35
-8
2
-11
-6
17
21
11
14
9
-30
-55
-13
41
32
-16
-23
4
3
-14
3
35
37
29
42
49
27
22
61
75
21
-32
-17
17
7
-17
-6
10
1
12
55
62
7
-38
-23
-10
-39
-60
-44
-36
-56
-47
-5
-2
-48
-58
-9
18
-7
-17
11
19
-14
-28
-15
-31
-67
-57
-15
-17
-52
-35
23
27
-28
-58
-47
-56
-86
-88
-76
-94
-109
-57
9
5
-41
-37
5
4
-32
-38
-26
-45
-67
-41
-11
-37
-70
-47
-8
-19
-41
-16
10
-21
-53
-26
17
6
-24
-25
-27
-58
-61
-6
37
21
6
38
60
21
-23
-22
-21
-47
-48
-3
26
8
3
42
64
43
39
73
79
35
8
31
56
55
63
76
45
-14
-21
28
51
31
30
68
83
53
23
7
-20
-46
-26
23
48
51
72
93
61
10
18
74
94
58
15
-3
-4
14
56
82
57
16
9
20
16
18
57
100
96
64
53
64
62
40
18
-5
-24
-18
10
20
-7
-30
-17
15
30
32
31
20
-4
-22
-19
-10
-10
-9
-10
-19
-31
-28
-8
9
14
14
10
1
-6
1
15
18
4
-20
-47
-65
-60
-39
-23
-18
-15
-12
-15
-20
-15
-3
1
0
2
0
-5
2
23
30
-1
-38
-44
-21
2
15
18
1
-24
-23
3
12
-13
-30
-12
13
17
11
1
-26
-62
-64
-31
-9
-16
-14
11
25
15
12
24
18
-1
0
17
11
-10
2
33
22
-29
-53
-29
-9
-12
-14
-4
-5
1
32
49
9
-43
-31
15
17
-23
-33
-4
15
17
28
36
18
8
41
72
46
2
7
35
29
7
14
28
9
-12
6
28
14
5
34
57
28
-2
24
62
60
44
50
47
10
-13
14
35
16
9
44
61
19
-30
-31
-18
-28
-26
9
27
2
-17
-8
-14
-43
-40
3
14
-23
-35
4
26
-2
-29
-26
-35
-67
-71
-44
-42
-71
-73
-46
-50
-86
-90
-59
-60
-97
-104
-70
-50
-54
-44
-27
-45
-80
-69
-30
-19
-34
-29
-14
-26
-39
-12
11
-30
-92
-97
-66
-61
-66
-32
9
1
-23
-6
22
6
-32
-31
-9
-13
-31
-29
-20
-31
-32
-7
0
-33
-53
-33
-24
-48
-50
-7
16
-19
-53
-40
-19
-21
-10
26
24
-28
-55
-24
3
-14
-23
5
21
-4
-30
-34
-48
-75
-62
-14
1
-33
-58
-41
-25
-30
-37
-41
-55
-51
-3
46
39
10
23
58
46
3
-8
6
-8
-31
-7
51
78
71
77
89
72
39
34
54
59
48
47
50
44
35
36
28
10
17
59
91
85
62
43
13
-22
-28
-3
16
14
17
31
28
11
10
25
25
10
10
24
23
10
12
27
36
38
42
48
50
58
67
58
33
25
36
30
4
-3
10
6
-10
7
49
57
24
1
4
0
-14
0
31
32
6
-6
-5
-12
-2
46
79
45
-3
4
40
33
-2
-14
-10
-22
-19
20
42
9
-20
1
26
17
16
49
54
6
-22
11
34
7
-6
30
47
9
-11
21
40
17
8
25
7
-40
-30
32
40
-13
-26
25
47
17
15
54
57
22
27
67
63
23
20
40
8
-48
-42
4
12
-3
17
35
-2
-23
30
66
-6
-86
-47
40
40
-12
-11
19
3
-17
17
44
7
-19
26
58
12
-22
29
74
32
-17
7
36
5
-21
2
4
-42
-58
-19
-7
-39
-35
8
-4
-55
-26
62
54
-49
-82
-3
40
-8
-19
46
67
3
-32
8
28
-6
-21
4
1
-24
-4
34
3
-69
-80
-43
-45
-70
-42
8
-4
-42
-28
-2
-37
-80
-50
2
-9
-37
4
51
8
-70
-73
-37
-47
-75
-42
17
18
-16
-15
-3
-44
-101
-107
-72
-52
-45
-20
12
24
10
-30
-98
-149
-127
-60
-35
-57
-49
6
30
-10
-54
-55
-41
-40
-30
6
38
45
45
46
33
4
-17
-13
9
35
50
50
46
44
23
-30
-78
-82
-56
-44
-42
-18
22
34
12
-8
-21
-42
-56
-47
-27
-17
-6
15
17
-19
-52
-51
-51
-73
-81
-50
-14
-2
5
14
-8
-57
-79
-65
-64
-77
-40
38
69
34
19
56
73
28
-15
-5
23
36
53
73
63
25
12
24
15
-7
3
29
29
30
73
107
57
-29
-53
-18
-12
-30
-2
59
75
40
23
29
6
-38
-46
-10
29
66
109
121
71
7
-13
-16
-40
-49
-4
53
77
88
108
93
21
-44
-51
-40
-51
-42
21
86
99
78
59
19
-45
-81
-62
-37
-30
5
87
142
116
51
9
-13
-29
-23
18
69
115
151
152
97
21
-13
-14
-28
-38
18
126
193
187
155
127
73
-11
-65
-56
-17
23
68
117
142
134
105
49
-38
-106
-94
-7
83
138
170
181
148
68
-22
-96
-143
-138
-64
41
108
123
114
85
1
-124
-206
-184
-91
1
58
80
71
33
-23
-92
-169
-219
-201
-113
-6
75
116
103
20
-106
-193
-198
-155
-106
-43
48
133
161
127
44
-77
-188
-216
-134
-15
72
126
161
140
37
-97
-190
-229
-226
-163
-35
86
122
76
-1
-88
-190
-268
-268
-180
-44
83
147
113
14
-75
-126
-174
-221
-200
-84
52
131
153
136
59
-83
-212
-257
-219
-140
-31
90
162
140
52
-44
-137
-223
-260
-213
-103
16
111
155
116
-8
-147
-228
-224
-158
-64
29
90
111
99
52
-36
-137
-192
-170
-90
7
100
166
175
113
8
-91
-150
-152
-98
-7
81
133
143
123
79
12
-61
-105
-93
-33
47
120
157
140
71
-11
-66
-87
-85
-51
13
80
112
105
72
14
-64
-120
-113
-59
-3
40
85
116
100
40
-21
-51
-50
-22
34
91
119
120
108
79
33
-7
-17
-11
4
43
109
153
144
100
56
20
-1
15
58
72
45
33
67
88
48
-11
-27
-7
9
28
69
104
96
62
34
16
-7
-19
0
38
70
82
66
27
-7
-11
-14
-42
-65
-31
36
63
41
23
23
5
-35
-58
-48
-34
-15
28
74
78
45
26
28
19
-5
-8
12
27
24
25
30
24
2
-21
-41
-55
-47
-17
10
20
28
36
16
-22
-32
1
23
9
6
46
80
63
23
14
19
-4
-45
-58
-30
15
51
63
42
1
-25
-24
-25
-37
-33
4
49
74
77
55
9
-49
-84
-80
-57
-20
38
105
141
129
90
44
-4
-48
-72
-70
-47
1
74
139
144
83
11
-21
-20
-12
-6
10
39
68
76
50
-13
-98
-170
-196
-160
-75
22
87
96
57
2
-49
-97
-144
-168
-139
-62
16
47
29
-11
-53
-101
-148
-176
-168
-126
-72
-27
-5
-7
-32
-81
-147
-200
-203
-140
-47
32
71
61
2
-80
-140
-154
-129
-90
-36
33
96
123
106
54
-18
-87
-118
-101
-57
-6
45
89
93
42
-32
-90
-119
-126
-107
-47
37
109
137
118
65
-9
-84
-135
-135
-69
33
108
107
57
23
36
50
21
-35
-62
-31
32
88
110
94
55
8
-34
-60
-58
-15
53
110
126
104
63
23
-9
-25
-24
-9
17
55
93
112
86
18
-58
-99
-90
-52
-9
25
54
81
104
106
74
19
-42
-85
-97
-74
-25
25
48
41
21
2
-21
-46
-55
-30
21
67
86
77
57
36
14
-11
-34
-33
-1
48
83
86
69
44
12
-21
-48
-55
-44
-22
5
41
72
82
58
8
-43
-67
-58
-23
22
57
73
62
29
-11
-38
-48
-45
-36
-16
15
49
65
52
16
-24
-55
-70
-68
-46
-8
34
56
45
6
-35
-58
-59
-42
-15
16
47
68
72
50
0
-59
-104
-116
-93
-46
10
57
78
67
36
-5
-46
-82
-94
-66
-11
32
40
14
-20
-48
-60
-53
-29
-7
1
4
28
68
84
40
-44
-110
-116
-70
-12
31
58
77
82
65
27
-13
-36
-31
0
43
79
91
73
40
12
-3
-8
-9
0
23
51
74
81
70
43
3
-33
-51
-46
-27
-3
19
36
35
15
-17
-47
-67
-72
-56
-24
11
24
8
-21
-46
-59
-67
-71
-65
-45
-14
14
20
7
-10
-20
-28
-42
-51
-43
-16
10
22
23
17
1
-18
-31
-32
-36
-51
-51
-16
38
57
17
-45
-70
-44
-10
-11
-40
-58
-34
14
39
16
-32
-51
-21
18
20
-17
-44
-25
27
61
45
-5
-45
-44
-21
-16
-40
-60
-45
-10
-6
-43
-82
-87
-74
-72
-74
-55
-17
15
28
32
34
27
17
19
28
14
-28
-59
-42
8
33
17
-10
-10
14
42
61
74
75
61
42
24
8
-12
-32
-33
-3
45
76
69
37
16
29
57
68
51
30
28
45
65
72
56
15
-33
-52
-33
-7
-5
-17
-4
36
62
46
8
-16
-20
-14
-8
2
14
19
17
6
-23
-68
-101
-86
-33
8
-3
-40
-52
-16
34
42
-1
-50
-57
-20
15
15
1
3
18
14
-13
-31
-18
9
24
30
42
52
39
8
-21
-40
-48
-41
-11
21
31
20
16
28
37
34
43
67
77
55
35
59
106
121
84
32
-3
-19
-14
18
61
77
55
29
32
47
45
29
29
44
53
49
49
49
32
-3
-30
-36
-34
-34
-27
-3
22
33
37
42
34
0
-40
-45
-16
8
2
-16
-16
-1
-3
-31
-63
-63
-24
20
34
18
11
30
40
9
-42
-60
-31
5
15
15
25
31
10
-26
-47
-47
-43
-41
-24
9
36
45
41
29
-7
-56
-85
-66
-16
29
57
72
74
51
7
-34
-57
-68
-75
-74
-53
-12
28
36
-1
-59
-94
-92
-75
-64
-46
-12
24
35
26
14
-8
-60
-120
-129
-79
-26
-10
-9
5
9
-32
-87
-102
-82
-80
-99
-76
2
61
36
-31
-59
-37
-28
-63
-97
-82
-31
13
26
10
-15
-26
-23
-24
-43
-56
-29
23
46
18
-24
-36
-31
-40
-64
-67
-37
10
40
40
14
-14
-25
-16
-17
-40
-51
-17
32
45
20
8
27
34
1
-28
-2
55
79
62
51
71
83
52
-1
-29
-8
42
90
117
116
100
79
57
25
-8
-24
-16
5
30
65
103
119
103
74
55
42
26
26
57
100
115
102
90
91
75
28
-16
-21
7
40
70
103
124
111
74
49
59
76
74
57
49
55
58
46
27
17
18
19
20
38
77
112
110
72
36
16
-6
-42
-55
-21
24
29
10
18
45
21
-65
-118
-79
-13
-4
-26
1
51
21
-85
-148
-114
-79
-121
-160
-93
34
85
38
-12
-21
-51
-131
-194
-180
-130
-103
-80
-23
43
55
19
-12
-25
-52
-87
-73
-2
52
27
-45
-76
-42
-7
-26
-74
-81
-32
28
57
71
89
89
45
-17
-43
-26
-17
-42
-62
-35
19
41
25
18
46
78
62
2
-43
-29
6
-2
-62
-110
-92
-25
29
42
25
0
-17
-20
-17
-18
-21
-16
-13
-26
-44
-37
-10
-5
-47
-107
-136
-112
-46
25
51
25
9
39
56
-5
-93
-109
-76
-96
-153
-113
31
115
59
-11
20
67
22
-49
-39
-2
-41
-99
-52
58
80
-7
-71
-49
-14
-31
-64
-59
-20
19
32
4
-35
-24
24
10
-96
-166
-100
6
-2
-83
-72
44
107
49
-18
-2
21
-40
-121
-113
-31
12
-3
12
96
155
104
-8
-64
-53
-72
-142
-165
-84
14
32
7
8
-1
-91
-203
-221
-151
-85
-52
9
93
135
109
39
-76
-217
-274
-189
-81
-75
-69
89
274
232
6
-105
-33
-26
-180
-247
-58
162
166
64
83
155
74
-113
-181
-90
-9
4
65
203
285
227
124
85
78
13
-113
-189
-118
49
154
114
57
133
268
232
14
-130
-55
47
-17
-121
-36
167
234
151
126
186
129
-79
-183
-62
44
-56
-145
42
335
343
68
-90
19
79
-141
-368
-250
85
231
136
113
279
359
155
-126
-206
-144
-165
-248
-167
106
323
324
254
287
332
191
-75
-198
-102
-9
-78
-132
42
303
321
88
-63
16
75
-77
-227
-107
154
230
125
107
212
171
-107
-359
-365
-260
-255
-271
-111
176
325
235
88
58
66
-69
-307
-403
-239
-16
21
-68
-31
147
192
-10
-195
-126
26
-11
-146
-88
127
167
-39
-178
-68
53
-65
-269
-255
-45
74
-1
-67
48
231
266
142
42
65
89
-29
-213
-255
-135
-28
-12
60
253
356
202
-10
-11
84
-46
-340
-364
0
317
240
15
42
227
166
-186
-443
-367
-146
-18
42
147
255
273
224
143
-32
-304
-474
-370
-115
28
26
82
277
418
301
-26
-328
-433
-359
-254
-239
-240
-57
327
610
496
111
-142
-135
-136
-351
-586
-536
-193
172
339
296
180
139
180
137
-92
-312
-235
89
321
293
177
112
15
-144
-250
-301
-418
-467
-132
465
717
419
164
402
641
239
-475
-649
-224
44
-165
-327
-67
254
223
41
63
189
156
65
165
345
294
31
-118
-46
-15
-207
-432
-410
-168
21
6
-70
-6
174
274
197
58
9
58
88
5
-170
-304
-284
-165
-117
-179
-157
78
327
334
183
160
263
215
-33
-205
-153
-78
-138
-199
-121
-5
31
45
94
111
101
185
335
351
221
177
272
242
-41
-331
-416
-414
-451
-397
-163
81
244
484
801
848
479
93
37
38
-291
-719
-712
-270
80
68
-44
9
153
195
97
-72
-186
-78
261
542
459
142
2
125
109
-333
-872
-939
-481
-50
-54
-210
18
581
861
547
69
-42
108
60
-252
-486
-463
-332
-212
-83
-13
-94
-164
16
285
225
-149
-313
7
381
294
-113
-277
-19
210
-42
-595
-832
-495
-34
13
-204
-84
461
811
558
75
-136
-170
-367
-645
-722
-646
-580
-374
90
433
296
56
279
692
532
-162
-509
-168
128
-236
-781
-717
-140
185
-21
-228
37
514
622
293
25
130
299
126
-228
-325
-178
-175
-349
-341
-100
-2
-100
22
438
615
335
139
385
577
220
-293
-347
-96
-93
-344
-435
-271
-56
146
323
318
198
343
733
736
146
-278
6
355
12
-550
-421
199
385
51
-87
147
229
25
-61
28
-25
-116
139
511
414
-1
-33
277
170
-443
-740
-385
-61
-216
-328
65
519
488
233
232
317
78
-336
-471
-347
-331
-441
-343
31
318
281
117
109
173
-9
-460
-769
-612
-223
-79
-173
-35
473
822
555
-24
-298
-205
-188
-438
-644
-492
-61
335
467
326
133
168
423
538
291
6
149
617
796
384
-183
-327
-79
26
-246
-473
-161
561
1117
1252
1246
1355
1433
1271
920
469
-121
-690
-843
-552
-357
-494
-385
456
1488
1850
1599
1458
1620
1600
1114
371
-346
-823
-846
-557
-509
-782
-615
388
1332
1266
695
692
1084
863
23
-470
-357
-319
-553
-517
-194
-246
-702
-780
-311
-97
-463
-643
-133
393
186
-436
-741
-716
-842
-1201
-1409
-1236
-846
-537
-450
-446
-296
-94
-260
-862
-1333
-1311
-1280
-1732
-2137
-1703
-775
-358
-470
-243
369
450
-161
-493
-235
-347
-1199
-1683
-1173
-833
-1626
-2384
-1572
66
589
-60
-150
883
1612
1046
78
-91
416
756
573
-3
-733
-1218
-1156
-872
-915
-1018
-300
1330
2841
3427
3419
3537
3873
3956
3392
2220
910
-35
-655
-1440
-2383
-2703
-1911
-467
1092
2811
4484
5244
4923
4634
4855
4209
1790
-656
-1006
-212
-896
-2965
-3526
-1432
879
1083
169
427
1979
3038
2696
1820
1510
1778
1788
811
-1055
-2813
-3412
-2847
-2065
-1669
-1197
-72
1179
1324
15
-1623
-2315
-2111
-1908
-1798
-966
567
1374
586
-735
-1376
-1983
-3593
-5163
-4837
-3211
-2718
-3705
-3880
-2260
-865
-1218
-1791
-787
697
559
-873
-1709
-1734
-2319
-3569
-4024
-3294
-2824
-3399
-3714
-2525
-863
-535
-1220
-904
787
1675
342
-1427
-1200
441
1020
153
-191
722
1331
729
87
392
1186
2273
4189
6199
6461
5093
4351
4827
4467
2549
1384
2443
3894
3800
2869
2320
1838
1327
1832
3236
3956
4180
6050
9309
10487
8090
4928
3346
1821
-1452
-4910
-6025
-4757
-2543
-96
2242
3972
5315
6812
7675
6591
4077
1809
-52
-2527
-5383
-7448
-8685
-9693
-10108
-9592
-9118
-9206
-8522
-6227
-3727
-2163
-591
1310
1548
-856
-3784
-5610
-7778
-11200
-13340
-11946
-8906
-7211
-6499
-4679
-1999
-432
-401
-686
-757
-1122
-1927
-2695
-3179
-3516
-3611
-2891
-1038
922
1059
-906
-2468
-1694
-581
-2025
-4400
-3542
62
1376
-922
-2044
880
4005
3354
1129
1184
2304
890
-2397
-3599
-1835
-446
-1793
-4070
-4238
-2266
-914
-1489
-1464
2031
7257
9385
7221
4920
5634
7095
5825
2548
661
1651
4402
7290
9396
11120
13865
17281
17994
14068
8954
6919
6775
5155
3288
4261
6346
6193
6060
10164
16345
19294
19401
20346
21067
18246
13182
8559
3341
-1995
-2898
-1303
-7824
-23024
-30116
-20339
-10190
-14575
-18831
-2428
22830
28315
13976
6124
12899
14460
6
-15883
-20480
-20084
-22006
-22204
-18681
-17180
-16970
-9692
2416
5924
-922
-3420
5418
13675
10637
2203
-1466
-611
-1188
-5694
-13333
-20912
-22171
-14872
-7358
-7944
-10572
-3529
10149
15591
8885
1869
2479
4541
1029
-4746
-6517
-4387
-1793
65
819
-823
-4296
-6538
-6201
-5544
-6692
-8209
-6801
-1671
3642
4758
2125
773
2669
2963
-2425
-9642
-13006
-14281
-18497
-23797
-23986
-18956
-13691
-8499
268
10530
15204
13043
9764
7683
3090
-4593
-9692
-9033
-6568
-6268
-6444
-4399
-1767
-1526
-2758
-1891
2140
6539
8601
9233
11090
13742
13412
8564
2706
-613
-2397
-4826
-6802
-6453
-4541
-1603
4057
11528
15663
14952
14851
17830
17473
9593
1638
2195
8011
10914
11168
13850
17680
17682
14399
11369
8083
3394
544
1696
3606
4738
8790
15776
19444
18630
18860
17623
4249
-18243
-30340
-25693
-22539
-30963
-31615
-8148
20231
25672
14893
15165
27960
29039
10849
-6598
-9743
-8901
-15228
-23199
-24740
-22766
-21686
-18495
-11258
-5083
-2752
1038
9904
18275
19316
14202
8645
4817
543
-6423
-15559
-23087
-24455
-19680
-14544
-13117
-11626
-4569
5627
11460
11474
11317
13545
13771
8915
2600
-1024
-3155
-6010
-7610
-5879
-3973
-5688
-8520
-7627
-4575
-4938
-8273
-8685
-5937
-6980
-13729
-18199
-14676
-8507
-6204
-4276
3401
12698
13829
6035
-2029
-5667
-8835
-14754
-19820
-19224
-13052
-4751
2530
7017
9015
10746
12796
11949
5995
-1182
-3834
-2205
-1230
-2499
-2885
-770
1642
2589
2705
2462
1987
3483
9119
16300
19871
19486
19615
21347
19940
12769
4472
907
1998
3930
5225
7267
11014
15792
19804
20667
17716
14174
13703
14744
12900
9035
8503
10953
8655
-1622
-12811
-18530
-21975
-27090
-28448
-19189
-3739
7430
12330
16699
21047
19196
9847
-347
-6971
-12662
-19570
-24773
-26079
-25822
-25664
-23323
-17659
-11921
-8651
-5765
-981
3753
5615
5408
5443
5458
3606
-511
-6201
-13113
-20129
-24680
-25310
-23288
-19912
-14124
-5085
4491
10434
12108
12776
14614
15550
12493
6502
2268
2002
2422
-37
-3308
-2832
536
1065
-2801
-5618
-3396
702
2593
3884
7487
11286
11794
10382
10116
9781
7063
4089
3042
-266
-10260
-21905
-26251
-23862
-22543
-22362
-14626
2163
16983
21633
21198
22884
23568
16684
4661
-4549
-9030
-12623
-16072
-16420
-13645
-10703
-7719
-2415
4120
8116
9619
12599
17856
21155
19865
16767
15064
13356
8392
506
-6327
-8876
-7244
-3479
1187
7211
14838
21783
24308
21416
16377
12617
9632
5325
987
486
4459
8884
10735
11907
15071
18094
16350
9806
3776
1784
1415
-587
-2662
-1900
-863
-5375
-15486
-24161
-26614
-25645
-24717
-21036
-10712
2904
12340
15662
16751
16669
11509
109
-12191
-20294
-25141
-29565
-32203
-29564
-22054
-14015
-8491
-4949
-2115
-528
-1243
-3302
-3964
-1743
1580
3069
2281
1104
-67
-3327
-9323
-15117
-17955
-18560
-18129
-14925
-7450
1285
6841
9132
10977
12324
10663
6410
3049
1898
1098
-193
-789
-753
-1589
-3078
-3829
-4660
-7162
-9295
-7253
-1615
3413
6839
11456
17109
19230
15274
7223
-3242
-16167
-28583
-32768
-32768
-27597
-19302
-5127
13175
26062
27623
23254
20035
15764
5053
-8627
-15848
-14083
-9622
-7279
-5431
-1867
1846
3641
4059
4309
4576
5522
8506
13070
16517
17005
15283
12722
9406
5053
647
-1648
22
5621
12742
18258
20988
22071
22377
20772
15892
8719
2264
-958
-607
1898
5058
8674
13443
18994
23150
23802
20800
15522
9829
5573
2896
-1336
-9800
-18796
-21392
-18561
-19719
-27243
-29052
-15820
2013
7639
3311
5898
18031
22395
9586
-6345
-10064
-7456
-12733
-24646
-30893
-28807
-26232
-25689
-22056
-14520
-7977
-2882
4646
12376
12960
6527
1554
1071
-1661
-10530
-19202
-21015
-18307
-16653
-16022
-12929
-6881
-259
5035
7847
7784
6837
7621
8914
7080
2596
4
297
-765
-4865
-7781
-6608
-4373
-4001
-3258
247
4077
5313
5463
6822
8088
7733
7600
8936
9064
6233
3199
1310
-3789
-14638
-24990
-27475
-24070
-21054
-17143
-6271
9485
19976
20787
17739
15614
11397
2404
-6740
-10566
-10389
-10151
-9368
-5802
-1599
-798
-2625
-2664
105
2411
2942
4917
10817
17807
20823
18732
15072
12931
11253
7445
2318
48
2817
7813
11033
12214
13791
16218
17110
14819
10583
6880
5315
6168
8666
11798
15553
20239
23870
22700
16309
9368
5377
1700
-5024
-11759
-13446
-12174
-14334
-19291
-19552
-13531
-9029
-10354
-10862
-4337
3918
5332
1572
576
2772
1231
-5702
-11672
-13160
-14277
-18216
-21506
-20506
-17398
-15419
-13111
-7959
-1813
2035
4268
7322
9851
8216
2547
-3067
-6331
-8885
-12268
-15010
-14951
-12211
-8573
-5183
-1841
1972
5918
8674
9323
8782
8702
8755
6786
2430
-1629
-3476
-4693
-7074
-8878
-7517
-4246
-2455
-2228
-595
3029
5676
5562
4335
3701
3201
2364
2026
2305
2043
972
-589
-4509
-13150
-23836
-29692
-28049
-23350
-19039
-11903
955
14156
19475
16746
12967
11566
8955
2293
-5159
-8729
-8358
-7424
-7878
-8731
-8157
-5703
-2764
-1086
-373
1916
7514
14981
21409
25314
26605
25075
20657
14167
6561
-1243
-6941
-7582
-3284
2122
5949
9534
14290
18044
18256
16120
14273
13003
11854
12164
14431
15951
14916
13896
15035
14937
9523
1353
-3605
-4741
-6654
-11336
-15799
-17040
-15139
-12193
-11245
-13995
-16679
-12503
-2109
4344
1573
-1391
4709
12680
9018
-3822
-10503
-7062
-5957
-14327
-22845
-22165
-16833
-14824
-14534
-10978
-5692
-1752
3141
10183
13569
9732
5437
7317
9704
3390
-8458
-14535
-12730
-11762
-15840
-18408
-13402
-4135
2611
5423
7446
10485
13154
13273
10330
6129
3097
1499
-543
-3688
-6061
-6418
-6082
-6140
-5464
-3479
-2039
-2222
-1988
411
3273
4334
4350
5132
6040
4863
483
-6900
-15969
-23517
-26275
-24715
-21872
-17688
-9046
3194
12513
14884
13617
12807
10855
4777
-3241
-8409
-9592
-8973
-7992
-7104
-7029
-7241
-5769
-2741
-839
-135
3235
10607
17633
20716
21785
23020
21925
16134
8587
3132
-839
-4586
-5213
-99
7537
12902
16283
20221
23208
21843
17023
12865
11072
10559
10805
11894
13094
14222
16086
17598
16003
11796
8787
7302
3052
-4756
-10869
-12721
-14325
-17592
-18068
-14286
-12285
-14424
-13242
-4537
3155
2221
-369
4634
11191
7369
-3871
-9379
-7858
-10584
-20616
-27509
-25128
-20261
-19310
-18822
-14330
-8233
-3650
988
6474
9424
8451
7132
7275
5444
-560
-7425
-11464
-13100
-14054
-14472
-14225
-12915
-8544
-650
6325
8313
8562
12479
17375
15794
8294
3425
4213
4203
-855
-6416
-7596
-6375
-6357
-6815
-5745
-3684
-1404
1724
5033
6522
6685
7939
9779
9170
5488
58
-8025
-19373
-29009
-30967
-27125
-23524
-19227
-8534
5994
13880
12044
8875
9633
8472
270
-9305
-12512
-10795
-10278
-11756
-11927
-10315
-8820
-7357
-4805
-1860
755
4471
10199
15885
19081
19689
18502
15545
11263
7014
3604
1512
2243
6621
12377
16525
19020
20868
20651
17084
12815
10947
10229
8684
8966
13962
20125
22118
21380
22649
24713
22675
16966
11764
6840
-435
-7708
-11383
-14428
-20410
-23778
-18213
-10587
-11934
-17267
-11634
4024
12082
6463
2002
8562
14546
7319
-5956
-11561
-10912
-14465
-22815
-27978
-27739
-26190
-24044
-19186
-13537
-10002
-5886
2095
9656
10360
6234
4454
5695
4066
-2447
-9127
-12075
-12403
-12498
-12794
-12589
-10784
-6316
-236
4208
5847
7491
11128
14161
13498
10516
8439
7193
4419
-166
-4653
-7828
-9704
-10298
-9671
-8189
-5773
-2181
1784
5069
7850
10161
10447
8233
5931
4076
-1952
-14489
-26270
-28647
-24502
-22998
-23195
-15302
725
11617
10374
6396
8821
11661
5441
-5906
-11383
-9768
-8639
-10590
-11314
-9332
-7721
-6776
-3599
1038
3203
3645
7728
16043
21770
20215
15533
14158
15272
12636
4783
-1384
950
9396
15432
15788
15936
20488
25194
23165
15549
9851
9333
10457
10441
10866
13073
15805
18584
22112
24428
22128
16393
12202
10313
5856
-3369
-12890
-17886
-18592
-17692
-16966
-17428
-18081
-14790
-5976
1978
2570
670
5851
14962
14462
2263
-7258
-5684
-3544
-11916
-24092
-27521
-23673
-22582
-25100
-24199
-18923
-14058
-9416
-1573
6261
7772
5172
5976
9289
6683
-2963
-10593
-10916
-9450
-12284
-16840
-17065
-12198
-6301
-2434
-236
2484
7029
11830
13705
12192
10562
10853
10627
7159
1908
-2279
-5543
-9206
-12143
-12465
-10716
-8289
-4678
929
7202
12055
14733
15218
13801
11693
9042
2596
-9935
-23386
-29195
-26740
-23501
-22298
-16876
-4072
8169
11352
8310
7143
8399
6321
-350
-6682
-9441
-10039
-10054
-9385
-8837
-9611
-9994
-6859
-1004
3075
3814
5296
11237
18934
22117
18846
13601
10908
9571
5640
-309
-2673
1678
8914
13431
14634
15545
17018
17238
15754
14074
12708
11180
10676
12917
16415
17700
16638
16532
18237
18384
14850
9906
5975
2133
-2905
-7996
-12145
-16075
-18832
-17358
-12576
-10560
-13075
-12621
-3531
7242
9201
4270
3054
6999
6292
-3183
-12779
-15089
-14504
-17740
-22606
-23383
-20705
-18723
-17366
-14212
-10207
-7359
-4051
1588
6560
6699
3349
1236
1236
-234
-5276
-11438
-14695
-13768
-11362
-10958
-11776
-8907
-761
6750
7942
6143
8245
13034
13239
8201
5226
7311
8644
4897
-191
-2071
-2320
-4295
-7206
-8185
-6460
-2934
1409
5466
8831
12262
15040
14217
9570
5243
2109
-5824
-20635
-32368
-31141
-22107
-17014
-15189
-6653
7874
15313
10416
3344
2610
3096
-2509
-10789
-13997
-11855
-9423
-8396
-7298
-6389
-6438
-5409
-1581
2264
2628
1662
4844
12600
18835
18910
15285
12926
11959
8695
2945
-293
2381
8123
12210
13808
14598
14736
13832
13397
14435
14921
13624
13802
18352
23885
25118
22977
22158
22475
19550
13068
7165
2898
-2343
-7832
-9736
-9020
-10706
-13820
-11435
-3837
-1278
-7724
-11976
-4199
7281
7876
-399
-2667
4037
5838
-4854
-16650
-17601
-13548
-16683
-25007
-26810
-20424
-15542
-16360
-16488
-11756
-6502
-4295
-2368
915
1712
-1868
-5326
-5323
-5323
-9021
-13513
-13995
-11271
-9722
-10361
-9988
-6207
-490
3682
4698
4603
6170
8409
7697
4117
2405
4486
5981
3599
809
1491
3006
1234
-1929
-2158
-48
1084
1462
3437
6673
9304
10964
11339
9560
7093
5750
1621
-10749
-26125
-31293
-23922
-16623
-16267
-12879
1451
15996
16923
8756
5405
7450
4149
-6453
-14678
-15182
-12702
-11557
-10309
-7845
-5842
-4017
-141
4390
5368
2994
2815
8072
15247
18730
17207
13939
11840
9802
4990
-1401
-3539
1688
9496
13131
12724
13531
16998
19064
17148
13770
12377
13355
15081
16404
17462
19137
21335
21931
19348
15477
12624
8801
1319
-6369
-8829
-8621
-12487
-17824
-15265
-6498
-4813
-12807
-15341
-3868
7856
5589
-1952
1340
10751
8550
-5815
-14947
-12379
-11450
-20980
-30644
-29088
-21739
-19619
-21295
-18052
-9900
-4203
-2194
1484
6890
7255
744
-5684
-7311
-8521
-14051
-20007
-19704
-14022
-9425
-8080
-6142
-1093
4603
7741
8267
7949
7805
7674
6944
5496
4383
4720
5724
5592
4375
3530
2692
383
-2001
-1246
2071
4009
4200
6720
12315
15813
13948
10138
8397
7559
4469
-1718
-10583
-20739
-27483
-26043
-18906
-13414
-10557
-3993
7343
14641
11903
5028
2145
1745
-2536
-10460
-15868
-15980
-13809
-12598
-12532
-12270
-10562
-6770
-1849
1806
2797
2651
4489
9621
15321
16718
12345
6688
4486
3983
694
-3279
-874
8214
15479
15853
14040
14930
15715
12685
8770
8372
10544
12723
15979
21325
25575
25670
23065
20100
16062
9899
2924
-3346
-8363
-10967
-10738
-10179
-10709
-8853
-2697
1645
-1278
-5130
-561
8330
9559
3231
825
4496
3332
-6749
-15259
-14863
-12574
-15904
-20166
-18061
-12129
-9101
-9222
-8795
-7548
-6963
-5911
-3306
-1363
-2085
-3906
-4845
-5716
-7795
-10286
-11906
-12379
-11479
-9100
-6498
-4904
-3294
-212
3200
4975
5831
7526
8990
7902
5089
3528
3538
2767
705
-514
-189
-422
-2243
-3280
-1124
2945
5881
7407
9880
13589
15247
12665
8251
5266
3019
-921
-6014
-10573
-16024
-23560
-28205
-23532
-12087
-3064
1273
7832
18703
24733
18709
6661
-1347
-5190
-11208
-19460
-23470
-20758
-15698
-12150
-9569
-6711
-3875
-783
3361
7021
7519
6010
7368
13232
18444
17115
10104
3300
-305
-3046
-6861
-8972
-5507
2940
11846
17579
19719
19679
18847
17488
14686
10507
7933
9889
14429
16801
16450
16770
17399
13722
5850
140
-1383
-4360
-10534
-12624
-7062
-1681
-2449
-2676
4161
10693
7460
86
-3
4451
1860
-6981
-9821
-4164
-1153
-6280
-11155
-8967
-5410
-7875
-13419
-14640
-11206
-8853
-10276
-12402
-11645
-8336
-5342
-3901
-2633
-1144
-2134
-7058
-12040
-12810
-11797
-14017
-17283
-14621
-6521
-1560
-2932
-3724
902
5797
5142
1861
1770
4439
5758
4911
3605
2052
-43
-1557
-2127
-3179
-4613
-3845
82
4887
8819
12392
15366
15868
13453
9438
3850
-4047
-12019
-16025
-15581
-13890
-12274
-8636
-1982
5453
11251
14600
14818
11556
6690
2712
-859
-6154
-12161
-15010
-13635
-11600
-11895
-12713
-10299
-4333
1561
4322
5043
7226
11670
14598
12275
6401
2329
1925
1409
-2458
-7076
-7441
-2884
2682
6422
9453
13691
18279
20418
18590
13953
9169
6422
6013
6514
6820
7977
11681
16768
19187
16687
11747
8034
5614
2092
-2716
-6216
-6756
-5350
-3780
-2860
-2236
-565
2845
5390
2947
-3525
-6967
-3476
1479
1184
-2090
-1922
514
-1875
-9941
-16624
-17808
-16758
-16342
-14396
-9161
-3202
537
1844
904
-2662
-7282
-9992
-10295
-10201
-10617
-10837
-10721
-10372
-9263
-8264
-9563
-11845
-9951
-3055
2154
1230
-835
1885
6491
7109
4974
4583
4520
666
-5063
-7443
-6397
-5133
-2998
2249
7947
9785
9107
10048
11793
10306
5636
1349
-1572
-4963
-9318
-13448
-16145
-15238
-8303
2794
12035
16376
18101
18215
13824
5009
-2535
-5615
-7795
-11663
-13639
-11114
-8096
-8505
-9655
-7627
-3769
-737
2884
8779
14000
14936
12866
11259
10329
7741
2440
-4622
-11258
-14236
-11484
-4842
2208
9193
17195
23721
24328
19376
13826
9900
5359
-302
-3507
-1800
3221
9195
14974
18694
18372
15199
12263
9680
5129
-731
-4057
-3588
-2196
-1893
-1474
-159
381
-872
-2416
-2979
-3593
-5500
-7745
-8008
-5039
-124
3498
3500
1083
-1011
-3231
-8610
-16153
-19424
-14968
-8037
-5366
-5780
-3684
800
2011
-1824
-6143
-7666
-8249
-9555
-9539
-6872
-4232
-4164
-5278
-5503
-6017
-8714
-12096
-12930
-10595
-7079
-3684
-33
4236
8468
11239
10840
6594
377
-4567
-6943
-7911
-8052
-6325
-2799
493
2721
5262
7991
7999
4337
591
-520
-1830
-6858
-12901
-13956
-9197
-3486
171
3623
8362
11892
11271
7106
2111
-2006
-4579
-5000
-3615
-2265
-2334
-3112
-3417
-3903
-6002
-8749
-8552
-3119
5343
12205
15328
16320
16697
14984
9239
944
-5987
-9437
-10024
-8123
-2752
5826
14555
20037
21313
19436
15545
10463
5386
1855
1028
3047
6867
10805
13725
15460
15818
14020
10031
5621
2794
1665
1159
1235
2638
4651
4996
2431
-1966
-6439
-9918
-11231
-8844
-2893
3510
6620
5401
1538
-3121
-7682
-11269
-12973
-13012
-12357
-10892
-7618
-3255
-649
-1403
-3785
-5367
-6140
-7226
-8012
-6995
-4745
-3679
-4945
-7361
-9424
-10702
-11280
-11267
-10883
-9900
-7375
-3263
233
623
-1698
-3853
-4037
-3094
-2384
-1721
-187
2032
3628
3709
2664
1287
-487
-3206
-6166
-7263
-5390
-1841
1878
6133
11067
13971
11884
5999
-39
-5620
-12662
-19462
-20214
-12684
-2056
5428
9010
10897
10949
7759
2686
-1026
-2056
-1265
556
2746
3833
2783
289
-2730
-6431
-10206
-11313
-7497
65
8084
14327
18126
19166
17360
13144
7018
-241
-6556
-9373
-8018
-3769
2355
9822
16710
20326
20155
17744
13616
7313
686
-2512
-1285
1623
4295
7612
11529
13253
11334
8399
7487
8126
8206
7563
7442
7829
7254
4570
-25
-5206
-9585
-12886
-15184
-14720
-9186
-886
3130
-195
-4598
-3141
1059
-261
-6904
-10179
-6758
-3693
-6803
-11905
-12208
-8361
-5718
-5712
-5416
-3468
-1826
-2393
-4906
-7698
-8867
-7540
-5088
-4058
-5219
-6848
-7136
-5903
-4076
-3136
-4596
-8099
-10635
-9819
-7138
-5573
-5141
-3726
-1291
162
248
421
816
95
-1635
-2576
-1857
-70
2150
3874
3399
513
-2184
-2741
-2649
-3468
-3413
-1072
395
-2223
-5716
-4285
1471
5375
5027
4332
6151
8194
7752
5721
3870
1923
-622
-2617
-2963
-2170
-1213
-572
-663
-1294
-670
2994
8786
13746
16022
15831
13999
11347
8826
6451
2999
-1624
-4956
-4795
-2076
1015
4203
8091
11527
12741
12179
11729
11808
11292
9636
7236
4513
2137
1167
1579
1853
1245
1019
2242
4045
5340
6449
7692
8239
7628
6532
4921
1626
-3130
-7159
-9437
-11127
-12223
-10203
-4163
2242
4143
14
-8230
-17067
-22032
-19827
-12059
-4457
-481
1702
4215
4976
1226
-5105
-9181
-9063
-6733
-4327
-2095
103
1297
-147
-5011
-11716
-16469
-16296
-12025
-6834
-2187
2651
7329
9509
7850
3421
-2248
-8037
-11897
-11701
-8313
-5125
-3708
-2617
-1149
-1112
-3552
-6547
-7854
-7364
-5649
-2531
1541
4866
6547
7163
6560
3447
-1772
-6480
-9430
-12065
-14608
-13941
-8029
-116
4635
5303
5002
5526
5540
4228
3597
5622
8935
10263
8394
5074
2021
-1152
-5205
-8778
-9224
-5544
874
8053
14369
17992
17717
15009
13179
13492
13762
11798
8426
5787
4388
3468
2945
3258
4267
5698
7774
10233
11837
12047
12016
12662
13021
11875
9813
8130
6714
4619
1972
-94
-876
-370
1191
3214
4820
5639
5657
4144
376
-4200
-6685
-6610
-6874
-9319
-11670
-10864
-7550
-4926
-4721
-6820
-11297
-17451
-21451
-18714
-9686
-711
2274
-631
-4998
-7660
-8796
-9374
-8929
-6707
-3577
-1268
-176
466
136
-3225
-9675
-15098
-14829
-9014
-2343
1370
2322
2369
2081
1201
51
-1092
-2762
-5013
-6274
-5025
-2121
-117
-440
-2260
-4005
-4942
-5155
-4853
-4163
-3278
-2456
-1947
-1914
-2264
-2573
-2368
-1639
-1091
-1699
-3780
-6394
-7841
-7022
-4385
-1517
170
378
-192
-602
-327
648
2077
3616
4860
5517
5591
5131
3839
1494
-1032
-1932
-172
3339
6798
9181
10427
10694
10379
10353
11046
11581
10873
9449
8973
9952
11037
10935
9967
9269
9298
9788
10609
11870
13220
13683
12633
10812
9827
10283
10936
10404
9176
8728
8905
7930
5389
3331
3361
4286
4033
2523
937
-731
-3316
-6213
-7481
-6360
-4285
-3342
-4664
-8011
-11787
-13760
-12991
-10923
-9743
-10220
-12116
-15559
-20088
-23011
-21235
-15152
-8732
-5056
-3447
-1862
-453
-1124
-4314
-7726
-8554
-6273
-2993
-1343
-2256
-4825
-7881
-10870
-12952
-12484
-8681
-3366
386
1507
1670
2514
3410
2796
632
-1608
-2852
-3082
-2374
-703
1033
1195
-593
-2590
-2992
-1987
-761
477
1792
1635
-1805
-7061
-9697
-7319
-2422
1097
2393
2954
3177
2238
561
-122
785
2237
3562
5129
6706
6782
4192
-473
-5237
-7704
-6120
-916
4835
7843
7623
6226
5465
5764
7096
9075
10252
9352
7401
6739
7732
8391
7549
6368
6201
6985
8405
10537
12499
12545
10614
8922
8928
9577
9674
9861
10693
10814
9075
6872
6238
6890
7267
7368
8249
9472
9414
7861
6204
5100
3765
1728
-298
-1620
-2425
-3245
-4433
-6126
-7927
-8857
-8525
-7985
-8604
-10498
-12918
-15370
-17160
-16791
-13644
-9878
-8748
-10834
-13509
-14291
-13124
-11034
-8335
-5149
-2453
-1427
-2294
-4483
-7360
-10176
-11818
-11401
-9073
-5936
-3372
-2493
-3638
-5918
-7555
-7176
-4872
-1874
669
2373
3247
3055
1441
-1230
-3583
-4325
-3535
-2284
-1019
792
3035
3945
1792
-2718
-6692
-7813
-6241
-3735
-1607
-8
1123
1194
-377
-2697
-3394
-885
3630
7301
8721
8884
8933
8260
5758
2072
-553
-540
1598
3877
4404
2655
-150
-2010
-1773
249
3177
6326
8940
10171
10041
9701
10018
10451
10055
8974
8071
7534
6818
5818
5229
5697
7109
8689
9543
9285
8385
7638
7218
6793
6692
7971
10780
13456
14086
12519
10156
8204
6889
6038
5596
5531
5594
5213
3730
1196
-1152
-2014
-1736
-2011
-3613
-5425
-6144
-5968
-5943
-6599
-7927
-9912
-12254
-14185
-15177
-15314
-14667
-13179
-11543
-11044
-11862
-12628
-12428
-12043
-12248
-12127
-10479
-7981
-6530
-6947
-8521
-10210
-11147
-10542
-8410
-6057
-4794
-4571
-4737
-5386
-6646
-7361
-6065
-3089
-314
989
910
-153
-1873
-3404
-3862
-3472
-3089
-2700
-1681
-432
-202
-1144
-2028
-2222
-2419
-2946
-2879
-1636
-134
588
820
1289
1787
1785
1684
2325
3665
4865
5409
5389
5011
4508
4222
4128
3720
2992
3006
4574
6755
7701
6884
5564
5040
5387
6037
6718
7374
7788
7744
7319
6763
6356
6463
7292
8463
9206
9146
8564
7790
6886
6180
6469
8073
10058
11108
10980
10429
9774
8553
6864
6027
7086
9183
10393
9911
8547
7177
5805
4370
3478
3678
4570
5116
4503
2522
-295
-2650
-3294
-2367
-1356
-1334
-1937
-2516
-3387
-5140
-7380
-9104
-9937
-10196
-10145
-9943
-9959
-10386
-10834
-10922
-10833
-10766
-10454
-9933
-9966
-10819
-11389
-10705
-9601
-9549
-10435
-10934
-10675
-10395
-10127
-8997
-7010
-5496
-5294
-5818
-6347
-6998
-7833
-8135
-7372
-6082
-5123
-4658
-4433
-4459
-4830
-5247
-5210
-4473
-3145
-1685
-818
-941
-1526
-1671
-1282
-1088
-1348
-1369
-634
313
675
530
540
907
1263
1419
1677
2349
3364
4398
5157
5524
5575
5483
5352
5222
5260
5740
6654
7495
7667
7127
6446
6202
6468
6936
7403
7940
8595
9095
8993
8143
6958
6113
5999
6471
7097
7587
7918
8079
7883
7219
6463
6394
7423
9014
10096
10116
9447
8695
7904
6702
5076
3603
2851
2817
3032
3074
2862
2639
2753
3315
3995
4293
4047
3507
2905
2267
1669
1312
1118
645
-313
-1365
-2113
-2761
-3667
-4585
-4928
-4666
-4402
-4564
-5029
-5548
-6076
-6610
-7087
-7532
-7995
-8325
-8367
-8309
-8486
-8867
-9155
-9348
-9733
-10333
-10830
-11116
-11429
-11815
-11944
-11617
-11075
-10615
-10252
-9933
-9698
-9467
-9017
-8394
-8024
-8139
-8402
-8361
-8058
-7850
-7826
-7751
-7509
-7248
-7022
-6591
-5766
-4747
-3931
-3424
-2985
-2411
-1775
-1215
-704
-212
107
138
97
360
1026
1885
2771
3696
4668
5629
6600
7646
8690
9552
10172
10579
10723
10573
10381
10493
10912
11324
11605
11950
12457
12872
12960
12824
12701
12623
12472
12216
11919
11588
11187
10724
10227
9728
9276
8913
8574
8082
7321
6372
5439
4671
4088
3622
3169
2621
1905
1039
178
-447
-726
-804
-956
-1281
-1625
-1850
-2053
-2437
-3043
-3722
-4310
-4705
-4817
-4642
-4399
-4443
-4921
-5609
-6130
-6296
-6147
-5800
-5414
-5193
-5252
-5473
-5661
-5819
-6081
-6389
-6481
-6265
-5984
-5888
-5928
-5866
-5546
-4973
-4306
-3878
-3994
-4552
-5048
-5094
-4760
-4268
-3627
-2801
-2002
-1528
-1414
-1483
-1610
-1740
-1747
-1553
-1264
-1036
-890
-842
-1043
-1547
-2077
-2289
-2215
-2186
-2354
-2525
-2449
-2101
-1653
-1302
-1155
-1178
-1264
-1366
-1510
-1675
-1730
-1589
-1320
-1052
-843
-661
-456
-191
119
426
744
1179
1792
2471
3072
3592
4064
4418
4564
4566
4559
4611
4803
5260
5884
6268
6170
5901
5908
6129
6158
5949
5862
6023
6114
5895
5537
5235
4905
4491
4245
4403
4745
4770
4256
3451
2704
2123
1624
1239
1171
1504
1946
2034
1589
847
124
-483
-1015
-1458
-1806
-2153
-2572
-2959
-3119
-2947
-2495
-1937
-1541
-1536
-1937
-2536
-3130
-3635
-4005
-4175
-4160
-4049
-3895
-3755
-3782
-4075
-4393
-4328
-3838
-3326
-3082
-2936
-2656
-2374
-2361
-2556
-2674
-2633
-2625
-2758
-2863
-2727
-2323
-1812
-1396
-1179
-1119
-1107
-1112
-1178
-1273
-1253
-1059
-818
-699
-751
-912
-1087
-1112
-819
-267
198
248
-105
-582
-938
-1095
-1068
-921
-742
-550
-244
245
802
1213
1390
1422
1444
1526
1653
1742
1709
1587
1544
1729
2143
2676
3207
3603
3753
3693
3598
3603
3688
3831
4112
4548
4938
5048
4865
4553
4227
3935
3767
3771
3821
3756
3607
3515
3459
3278
2971
2726
2630
2570
2470
2420
2448
2360
1972
1399
937
687
450
14
-575
-1088
-1387
-1528
-1606
-1644
-1672
-1822
-2208
-2727
-3150
-3402
-3630
-3957
-4302
-4502
-4512
-4414
-4308
-4267
-4307
-4358
-4321
-4182
-3999
-3801
-3594
-3479
-3601
-3961
-4420
-4903
-5403
-5758
-5654
-4986
-4048
-3220
-2631
-2243
-2088
-2242
-2623
-3002
-3187
-3100
-2771
-2336
-1995
-1823
-1723
-1596
-1462
-1348
-1160
-817
-398
-25
279
548
724
737
660
637
717
835
955
1102
1300
1561
1888
2221
2418
2410
2297
2230
2253
2362
2607
3002
3390
3600
3687
3851
4118
4286
4225
4057
3968
3984
4021
4060
4149
4291
4424
4490
4488
4456
4431
4420
4389
4317
4245
4224
4235
4190
4013
3703
3312
2917
2590
2335
2092
1822
1588
1485
1489
1487
1413
1320
1259
1189
1036
783
459
110
-215
-459
-626
-802
-1086
-1482
-1895
-2235
-2488
-2705
-2920
-3103
-3207
-3248
-3300
-3405
-3542
-3669
-3760
-3788
-3716
-3579
-3510
-3649
-3999
-4423
-4737
-4814
-4644
-4332
-4019
-3762
-3542
-3375
-3360
-3552
-3851
-4087
-4192
-4222
-4214
-4128
-3909
-3572
-3175
-2755
-2335
-1960
-1682
-1524
-1439
-1359
-1243
-1112
-995
-898
-812
-726
-624
-467
-251
-7
233
495
807
1126
1364
1492
1580
1709
1886
2043
2117
2107
2081
2120
2267
2500
2766
3000
3122
3073
2887
2695
2617
2666
2775
2910
3089
3289
3406
3361
3217
3141
3220
3375
3486
3534
3569
3569
3442
3191
2956
2844
2811
2767
2722
2734
2765
2713
2547
2328
2095
1827
1505
1143
755
366
46
-132
-163
-109
-17
107
243
340
345
238
26
-246
-505
-710
-890
-1071
-1216
-1269
-1266
-1308
-1448
-1659
-1904
-2186
-2494
-2778
-2995
-3149
-3264
-3346
-3375
-3338
-3247
-3142
-3059
-3015
-3006
-3029
-3078
-3125
-3137
-3127
-3138
-3176
-3183
-3124
-3038
-2984
-2961
-2927
-2872
-2818
-2761
-2667
-2521
-2338
-2147
-1975
-1835
-1717
-1595
-1465
-1357
-1270
-1135
-893
-565
-205
172
558
883
1061
1115
1143
1191
1228
1255
1345
1519
1694
1786
1812
1840
1894
1955
2017
2106
2238
2409
2605
2799
2956
3055
3089
3042
2904
2699
2487
2311
2186
2132
2173
2288
2410
2483
2500
2462
2353
2175
1979
1814
1690
1587
1493
1405
1326
1249
1158
1037
922
875
927
1026
1111
1178
1225
1188
988
643
250
-129
-481
-752
-849
-770
-626
-509
-406
-283
-196
-225
-366
-538
-685
-810
-935
-1052
-1125
-1127
-1076
-1029
-1029
-1058
-1078
-1110
-1211
-1394
-1604
-1802
-1992
-2174
-2306
-2352
-2341
-2324
-2328
-2351
-2402
-2490
-2597
-2676
-2684
-2609
-2473
-2295
-2083
-1857
-1690
-1672
-1820
-2045
-2261
-2469
-2689
-2858
-2855
-2644
-2298
-1922
-1568
-1265
-1047
-928
-890
-903
-944
-971
-921
-757
-493
-167
177
498
758
947
1086
1212
1365
1579
1848
2112
2299
2384
2389
2328
2192
2000
1830
1785
1915
2194
2548
2905
3223
3462
3569
3502
3277
2968
2645
2338
2052
1807
1628
1529
1524
1606
1735
1844
1899
1924
1936
1895
1749
1496
1186
872
576
302
64
-109
-181
-153
-87
-52
-57
-69
-89
-173
-353
-580
-773
-900
-978
-1015
-1009
-967
-918
-890
-891
-913
-935
-935
-894
-797
-653
-513
-451
-485
-560
-621
-687
-790
-881
-867
-749
-628
-584
-586
-573
-553
-574
-643
-705
-691
-593
-477
-424
-453
-522
-596
-702
-872
-1070
-1212
-1257
-1217
-1109
-942
-772
-682
-710
-834
-1038
-1327
-1666
-1961
-2123
-2136
-2032
-1848
-1611
-1352
-1120
-965
-912
-938
-963
-933
-873
-835
-817
-782
-732
-706
-712
-696
-600
-397
-79
328
748
1101
1362
1545
1636
1605
1487
1371
1325
1347
1418
1538
1721
1966
2257
2547
2762
2853
2846
2796
2709
2563
2372
2187
2030
1878
1721
1582
1477
1409
1376
1381
1401
1397
1356
1275
1132
896
581
245
-56
-290
-439
-508
-539
-577
-623
-670
-759
-938
-1182
-1397
-1520
-1570
-1587
-1588
-1573
-1556
-1561
-1600
-1666
-1718
-1712
-1646
-1566
-1500
-1405
-1240
-1039
-877
-765
-660
-543
-459
-431
-424
-393
-338
-280
-223
-148
-51
50
132
195
270
381
512
614
671
717
763
759
664
526
437
423
443
464
504
568
609
579
479
349
230
129
33
-74
-189
-299
-406
-527
-660
-767
-821
-835
-837
-820
-764
-683
-616
-585
-576
-579
-597
-621
-629
-607
-558
-490
-394
-263
-100
84
273
445
578
659
700
728
777
862
979
1118
1287
1499
1724
1906
2018
2089
2151
2198
2199
2158
2107
2054
1984
1883
1771
1675
1606
1531
1407
1213
965
700
450
223
32
-105
-194
-269
-365
-500
-691
-953
-1287
-1642
-1956
-2203
-2395
-2536
-2610
-2613
-2588
-2588
-2631
-2688
-2726
-2746
-2769
-2780
-2735
-2616
-2464
-2335
-2236
-2127
-1983
-1827
-1687
-1554
-1397
-1190
-927
-616
-278
49
321
504
597
634
654
690
769
905
1099
1313
1490
1611
1706
1808
1886
1886
1816
1751
1749
1773
1756
1689
1622
1596
1578
1524
1432
1348
1297
1250
1157
1017
873
764
674
559
412
262
142
46
-59
-189
-327
-438
-501
-527
-547
-583
-628
-664
-678
-675
-657
-621
-572
-528
-503
-496
-491
-471
-432
-375
-293
-177
-25
141
298
442
578
705
805
884
974
1093
1193
1208
1140
1066
1055
1093
1127
1152
1209
1309
1388
1372
1267
1143
1031
888
664
386
134
-51
-214
-404
-595
-717
-759
-794
-897
-1065
-1244
-1421
-1625
-1864
-2081
-2216
-2287
-2360
-2456
-2524
-2514
-2443
-2378
-2344
-2303
-2213
-2092
-1990
-1923
-1860
-1774
-1689
-1638
-1612
-1557
-1418
-1201
-944
-689
-449
-220
-6
175
302
375
426
489
567
637
683
723
798
920
1059
1165
1218
1241
1262
1284
1297
1306
1338
1407
1483
1523
1502
1435
1344
1246
1153
1082
1034
994
959
941
928
882
778
647
552
508
459
345
185
63
41
84
110
89
75
117
179
180
112
67
118
233
314
327
332
389
479
530
501
434
409
479
623
772
885
984
1112
1261
1359
1341
1221
1079
981
924
872
818
812
897
1018
1054
940
750
595
489
333
67
-229
-430
-506
-542
-622
-751
-885
-1005
-1130
-1284
-1464
-1635
-1766
-1844
-1887
-1924
-1979
-2067
-2180
-2295
-2384
-2440
-2451
-2385
-2224
-2026
-1912
-1932
-1977
-1899
-1696
-1533
-1530
-1612
-1605
-1427
-1157
-911
-712
-506
-269
-63
34
47
96
258
464
583
594
620
780
1030
1230
1293
1277
1292
1399
1559
1681
1717
1704
1720
1776
1811
1785
1740
1745
1784
1784
1716
1636
1605
1609
1585
1483
1306
1103
932
806
681
507
289
92
-30
-83
-115
-191
-333
-495
-597
-626
-671
-828
-1052
-1200
-1213
-1184
-1207
-1242
-1188
-1053
-964
-998
-1062
-1004
-794
-575
-503
-565
-584
-417
-130
81
123
96
140
254
345
378
422
526
650
734
766
783
817
872
911
877
758
629
596
672
754
732
599
443
348
326
322
258
112
-58
-179
-255
-345
-455
-527
-543
-569
-676
-834
-954
-994
-989
-999
-1054
-1138
-1189
-1148
-1041
-984
-1049
-1169
-1214
-1150
-1069
-1052
-1074
-1045
-926
-764
-642
-602
-595
-535
-411
-313
-297
-301
-224
-84
2
-16
-39
43
216
371
433
416
398
456
600
755
818
774
718
733
803
857
870
865
858
841
815
800
819
889
986
1029
945
768
641
658
740
725
569
379
270
266
317
366
368
312
238
193
172
136
83
59
75
79
38
-9
0
68
140
152
89
3
-9
84
186
169
43
-47
-17
45
19
-85
-149
-123
-70
-66
-112
-159
-166
-133
-116
-175
-303
-415
-452
-455
-500
-584
-631
-599
-527
-476
-477
-527
-579
-570
-494
-441
-495
-617
-682
-652
-616
-656
-726
-732
-658
-566
-513
-488
-444
-351
-244
-211
-294
-408
-403
-248
-74
-6
-11
37
185
360
478
522
537
578
662
750
786
780
814
921
1013
986
875
818
883
992
1046
1023
973
944
947
956
912
796
657
571
540
500
428
376
377
388
350
256
157
99
107
155
167
83
-47
-96
-26
44
-2
-127
-198
-165
-106
-100
-147
-182
-169
-128
-119
-185
-280
-307
-238
-165
-185
-263
-295
-257
-228
-268
-340
-382
-374
-343
-318
-327
-361
-368
-314
-253
-282
-409
-536
-574
-553
-548
-584
-622
-630
-602
-560
-545
-582
-640
-661
-647
-670
-752
-820
-786
-683
-612
-623
-673
-700
-678
-610
-527
-473
-458
-439
-391
-353
-380
-445
-472
-437
-397
-385
-367
-298
-178
-47
47
76
52
50
128
248
321
323
330
410
537
645
721
792
883
989
1094
1173
1209
1231
1287
1363
1377
1297
1197
1173
1221
1254
1231
1188
1168
1168
1151
1082
958
820
729
681
607
454
280
184
174
161
91
-5
-66
-91
-114
-154
-205
-251
-271
-272
-303
-400
-520
-585
-570
-537
-543
-566
-560
-525
-496
-490
-511
-560
-626
-678
-703
-719
-740
-741
-705
-665
-670
-716
-750
-740
-696
-647
-621
-637
-674
-683
-643
-602
-620
-673
-690
-651
-605
-592
-586
-546
-476
-423
-417
-458
-515
-545
-536
-522
-538
-557
-523
-441
-380
-387
-419
-412
-365
-326
-312
-291
-234
-143
-51
1
-6
-35
-26
40
119
170
217
304
429
544
626
686
738
779
818
875
952
1035
1116
1196
1261
1296
1311
1327
1353
1376
1396
1434
1489
1535
1557
1559
1537
1478
1392
1310
1244
1161
1044
922
842
806
771
697
578
433
297
189
101
0
-117
-226
-309
-386
-483
-585
-659
-709
-758
-810
-836
-827
-796
-767
-752
-754
-775
-810
-849
-890
-928
-934
-884
-799
-724
-693
-689
-683
-665
-641
-622
-616
-625
-631
-613
-575
-548
-547
-560
-568
-572
-570
-542
-474
-387
-318
-285
-279
-290
-314
-342
-369
-390
-399
-389
-362
-331
-303
-273
-243
-241
-290
-372
-440
-465
-461
-455
-461
-471
-477
-474
-464
-456
-452
-444
-418
-381
-348
-316
-270
-210
-165
-158
-178
-188
-160
-92
1
106
217
326
417
480
514
550
618
712
792
831
850
891
966
1055
1137
1211
1275
1325
1361
1399
1461
1547
1624
1663
1654
1624
1596
1569
1524
1460
1410
1393
1386
1351
1279
1202
1145
1090
999
875
750
659
588
507
402
295
206
123
18
-110
-222
-278
-287
-297
-341
-409
-465
-501
-535
-589
-653
-707
-744
-771
-790
-791
-771
-747
-750
-789
-837
-860
-850
-830
-826
-836
-840
-828
-809
-804
-815
-832
-844
-850
-856
-850
-815
-749
-677
-636
-643
-680
-711
-719
-715
-723
-751
-778
-774
-743
-717
-725
-760
-788
-788
-771
-767
-786
-810
-819
-816
-817
-839
-871
-893
-895
-881
-861
-826
-768
-700
-644
-611
-588
-558
-517
-472
-424
-376
-321
-259
-184
-95
-2
87
171
256
347
447
553
657
753
849
951
1061
1165
1258
1348
1442
1538
1626
1709
1796
1889
1985
2075
2146
2189
2201
2200
2203
2205
2189
2148
2100
2061
2021
1959
1864
1748
1637
1542
1447
1328
1188
1049
924
797
641
465
300
158
20
-135
-293
-420
-513
-593
-680
-771
-856
-941
-1034
-1135
-1228
-1294
-1331
-1357
-1392
-1430
-1455
-1461
-1469
-1482
-1485
-1457
-1407
-1362
-1332
-1309
-1282
-1253
-1220
-1175
-1120
-1064
-1016
-964
-899
-820
-745
-685
-634
-578
-503
-425
-372
-355
-360
-358
-340
-321
-310
-304
-300
-305
-321
-333
-328
-315
-321
-355
-409
-467
-522
-572
-618
-660
-694
-712
-715
-711
-717
-734
-750
-756
-744
-709
-658
-607
-575
-557
-533
-492
-435
-368
-296
-220
-132
-27
95
216
320
412
512
630
753
863
965
1076
1198
1318
1428
1533
1640
1748
1845
1925
2003
2091
2187
2257
2279
2269
2277
2320
2363
2357
2298
2220
2156
2102
2037
1948
1845
1744
1652
1557
1431
1265
1073
892
740
609
468
304
128
-32
-165
-291
-430
-577
-710
-817
-919
-1037
-1163
-1259
-1311
-1351
-1415
-1504
-1584
-1619
-1617
-1605
-1602
-1594
-1565
-1524
-1492
-1487
-1495
-1482
-1425
-1331
-1228
-1136
-1056
-970
-874
-783
-717
-670
-612
-515
-398
-308
-267
-242
-183
-80
22
75
82
86
117
160
178
166
145
130
114
82
30
-27
-81
-136
-196
-253
-295
-326
-363
-416
-487
-560
-621
-662
-694
-734
-795
-863
-904
-900
-867
-845
-856
-872
-858
-809
-756
-722
-690
-630
-547
-468
-403
-323
-205
-74
20
65
113
221
382
538
650
739
850
988
1114
1200
1265
1349
1459
1573
1660
1720
1765
1800
1826
1843
1854
1854
1833
1793
1752
1724
1697
1648
1573
1491
1414
1322
1195
1038
890
781
696
596
457
295
141
12
-97
-200
-299
-392
-481
-569
-657
-744
-826
-901
-966
-1023
-1072
-1115
-1142
-1143
-1128
-1119
-1128
-1139
-1123
-1080
-1036
-1020
-1018
-990
-917
-831
-771
-740
-708
-648
-565
-492
-439
-392
-338
-280
-234
-201
-167
-119
-66
-23
1
11
15
19
27
36
34
17
-16
-51
-79
-111
-159
-222
-285
-332
-367
-408
-459
-504
-533
-555
-594
-646
-692
-714
-722
-737
-761
-772
-755
-720
-692
-681
-670
-636
-573
-502
-435
-367
-288
-199
-118
-52
12
92
194
307
411
497
573
657
754
849
932
1003
1078
1167
1268
1362
1427
1461
1487
1525
1572
1602
1603
1584
1571
1567
1558
1526
1469
1398
1323
1252
1182
1102
1011
916
820
715
593
465
342
220
88
-55
-188
-296
-383
-459
-541
-632
-729
-819
-892
-953
-1007
-1050
-1080
-1104
-1135
-1172
-1197
-1201
-1190
-1169
-1135
-1095
-1066
-1055
-1048
-1030
-999
-959
-909
-850
-791
-737
-677
-596
-491
-380
-279
-198
-134
-82
-32
24
83
132
176
226
287
335
352
346
355
400
463
498
487
444
396
354
320
304
305
303
270
195
107
40
14
16
16
-10
-61
-121
-172
-221
-279
-340
-379
-376
-340
-313
-318
-338
-336
-301
-264
-253
-246
-211
-158
-126
-119
-95
-33
36
76
106
157
229
291
337
390
465
552
632
687
712
727
760
814
864
896
936
1007
1075
1089
1043
976
910
835
748
668
602
543
485
425
357
280
211
165
119
44
-34
-66
-58
-76
-166
-308
-456
-579
-655
-664
-640
-659
-760
-889
-975
-1015
-1038
-1037
-975
-870
-806
-840
-936
-1009
-1011
-962
-912
-874
-817
-712
-599
-568
-649
-752
-752
-625
-456
-315
-190
-50
60
72
16
31
213
491
711
801
811
802
775
708
628
593
613
642
627
573
549
585
621
572
460
419
522
653
653
542
478
497
450
251
49
49
227
370
331
169
17
-67
-118
-176
-231
-231
-154
-71
-97
-251
-411
-433
-304
-121
31
127
184
225
253
247
186
106
72
80
69
35
47
109
117
31
-41
6
131
251
378
540
638
558
371
261
279
310
282
263
302
326
249
93
-58
-155
-203
-221
-223
-200
-149
-137
-276
-571
-841
-903
-805
-739
-773
-775
-644
-484
-459
-592
-737
-736
-555
-307
-146
-131
-193
-279
-453
-758
-1050
-1092
-831
-475
-274
-303
-458
-574
-538
-373
-227
-211
-257
-245
-202
-247
-346
-305
-53
251
422
421
280
23
-227
-272
-67
174
245
221
358
765
1255
1481
1210
615
238
447
968
1245
1230
1257
1014
-627
-4019
-7434
-8246
-5532
-956
2947
4747
4475
2866
814
-807
-1282
-105
2788
6257
7719
4934
-1247
-6799
-8211
-5827
-2675
-536
1380
3828
5301
3677
-516
-3848
-3382
257
3627
4074
2062
-140
-1436
-2691
-4553
-5690
-4194
-315
3364
4649
3764
2346
1323
491
-356
-797
-359
858
2277
3239
3173
1722
-904
-3641
-4933
-3882
-1196
1324
2545
2870
2989
2398
298
-2243
-2651
-48
3178
4177
3025
1880
1455
365
-1908
-3496
-2613
-66
2002
2877
3254
3189
1934
-162
-1311
-550
931
1555
1431
1550
1687
654
-1484
-2877
-2172
-271
1015
1361
1863
2891
3281
2115
345
-256
675
1878
2360
2448
2623
2345
973
-752
-1316
-471
459
551
445
918
1338
646
-736
-1308
-675
-17
-127
-269
364
1139
942
-33
-624
-474
-289
-361
-48
915
1659
1437
846
932
1542
1558
657
-171
-68
530
658
164
-332
-509
-674
-1043
-1317
-1172
-725
-249
239
734
896
412
-392
-791
-592
-356
-499
-661
-333
202
149
-673
-1506
-1575
-941
-256
5
-186
-644
-1171
-1606
-1903
-2117
-2197
-1957
-1447
-1130
-1406
-2043
-2434
-2385
-2273
-2368
-2389
-1998
-1398
-1135
-1418
-1928
-2234
-2184
-1897
-1631
-1609
-1818
-1947
-1738
-1381
-1333
-1707
-2075
-2041
-1738
-1553
-1503
-1219
-554
90
200
-226
-677
-711
-416
-247
-470
-860
-964
-589
21
495
700
737
676
481
188
1
89
389
677
818
825
703
380
-149
-684
-917
-684
-106
515
914
1005
843
508
71
-331
-469
-195
356
826
975
881
760
634
351
-102
-433
-336
163
717
1011
985
750
418
71
-172
-169
127
590
988
1141
1039
811
570
304
-36
-357
-424
-83
537
1100
1344
1261
1026
790
583
389
286
456
966
1553
1740
1276
422
-341
-801
-1072
-1146
-717
348
1510
1899
1213
42
-827
-1194
-1358
-1442
-1202
-519
210
412
-67
-866
-1514
-1768
-1618
-1182
-649
-187
155
354
246
-360
-1306
-2007
-1992
-1445
-975
-876
-857
-610
-335
-479
-1066
-1590
-1592
-1096
-429
162
576
713
538
209
-50
-211
-400
-569
-442
81
654
829
611
427
549
774
774
589
562
860
1238
1323
999
462
-7
-252
-285
-221
-127
66
479
1062
1514
1550
1233
911
817
828
712
484
389
511
621
470
141
-60
10
185
274
339
565
921
1119
963
619
424
488
595
539
411
451
661
745
477
51
-96
227
759
1102
1155
1146
1258
1379
1272
926
646
753
1228
1674
1663
1124
397
-126
-372
-551
-756
-722
-148
784
1416
1265
545
-102
-357
-452
-670
-864
-689
-197
100
-183
-862
-1440
-1650
-1580
-1348
-913
-278
312
529
266
-321
-1009
-1644
-2099
-2233
-1995
-1506
-998
-682
-641
-827
-1083
-1238
-1221
-1081
-851
-485
2
389
379
-47
-550
-776
-715
-593
-496
-255
233
750
949
722
297
-34
-167
-168
-131
-82
14
194
408
485
283
-96
-332
-229
41
161
91
109
377
664
650
360
126
123
168
33
-230
-402
-409
-354
-291
-174
-12
74
40
-1
35
44
-79
-203
-94
223
430
312
13
-198
-294
-429
-588
-539
-160
361
753
944
1002
910
612
220
-4
64
275
453
620
855
1050
989
662
321
198
278
426
600
813
985
982
799
549
289
-16
-296
-332
-18
417
622
540
416
394
283
-121
-645
-866
-604
-121
219
336
372
373
207
-221
-779
-1215
-1361
-1206
-860
-496
-287
-308
-485
-698
-914
-1150
-1320
-1229
-802
-249
90
68
-169
-418
-639
-883
-1079
-1031
-640
-75
382
584
594
509
328
25
-311
-503
-462
-287
-132
-21
122
309
421
371
239
189
242
270
205
146
197
295
281
130
-23
-94
-147
-241
-280
-142
106
265
264
207
164
41
-244
-558
-686
-602
-492
-478
-485
-412
-336
-393
-545
-614
-525
-410
-406
-467
-467
-403
-380
-415
-367
-127
214
455
516
476
424
345
205
66
38
153
330
469
521
480
355
218
184
317
541
732
856
959
1031
954
670
313
119
185
383
530
578
609
669
687
576
375
250
320
521
658
609
426
233
67
-125
-347
-490
-451
-272
-104
-47
-75
-113
-132
-146
-144
-78
85
300
461
472
326
118
-46
-141
-222
-300
-284
-94
190
366
327
193
169
286
385
344
260
317
521
660
561
310
144
162
245
244
172
143
204
287
307
241
117
11
8
125
244
228
98
16
56
87
-29
-214
-275
-183
-109
-174
-296
-363
-395
-469
-548
-531
-429
-363
-378
-401
-383
-411
-567
-774
-873
-810
-680
-594
-555
-502
-407
-311
-283
-332
-389
-375
-293
-238
-273
-363
-433
-482
-550
-616
-604
-498
-379
-304
-243
-164
-120
-160
-236
-252
-207
-178
-181
-156
-77
-13
-8
3
100
247
339
346
321
299
237
99
-72
-190
-202
-124
-25
12
-36
-97
-88
-22
16
26
117
351
609
698
564
312
61
-147
-286
-295
-160
42
227
381
482
430
162
-189
-363
-257
-23
138
217
319
439
420
178
-152
-336
-263
-8
280
496
612
645
623
545
393
204
84
134
324
506
557
484
381
318
296
289
278
265
267
295
317
265
133
28
63
217
350
374
331
284
213
72
-98
-203
-214
-177
-129
-90
-116
-266
-501
-688
-748
-733
-705
-632
-482
-345
-342
-466
-609
-727
-863
-999
-1021
-894
-745
-699
-720
-698
-633
-610
-639
-640
-585
-531
-517
-507
-488
-495
-528
-499
-377
-265
-266
-327
-324
-258
-240
-302
-328
-219
-31
106
146
125
83
36
6
9
40
85
155
246
309
295
218
132
66
24
29
91
157
153
88
42
42
21
-57
-112
-52
69
111
19
-114
-180
-170
-129
-76
4
123
260
362
362
223
4
-161
-183
-88
34
142
260
391
485
479
372
239
181
249
397
518
566
588
644
690
632
470
343
373
512
613
611
583
626
721
763
704
613
583
616
615
517
376
287
277
283
257
224
230
263
267
213
108
-16
-119
-158
-136
-116
-155
-220
-242
-222
-246
-360
-499
-570
-561
-522
-486
-450
-414
-376
-322
-271
-286
-394
-520
-563
-529
-517
-549
-527
-388
-211
-125
-150
-213
-262
-305
-337
-332
-292
-236
-151
-21
101
129
55
-29
-50
-22
21
83
178
271
319
318
277
188
65
-24
-29
7
26
45
109
178
162
71
15
33
51
22
-1
25
30
-46
-132
-133
-82
-69
-77
-15
92
106
-8
-123
-141
-126
-156
-166
-60
120
226
202
110
15
-71
-123
-105
-19
93
226
384
513
523
421
307
238
187
156
219
370
484
490
484
545
575
450
276
261
393
445
349
300
430
572
525
364
300
335
285
112
-20
-19
8
-23
-25
82
196
168
31
-83
-156
-279
-449
-551
-523
-431
-357
-306
-262
-250
-288
-363
-463
-584
-666
-634
-522
-459
-480
-469
-355
-262
-328
-477
-536
-496
-501
-567
-541
-363
-186
-124
-78
60
167
59
-183
-311
-277
-268
-346
-308
-16
322
423
309
220
222
150
-59
-216
-158
29
155
208
285
375
349
178
-8
-93
-95
-85
-69
-19
62
139
185
186
135
60
3
-42
-115
-200
-218
-154
-102
-111
-84
66
233
235
86
-29
-53
-128
-308
-396
-227
63
216
224
275
387
362
132
-89
-108
-20
15
56
239
485
563
445
323
299
258
118
16
82
242
343
389
468
546
506
362
252
222
179
83
19
43
92
106
125
184
220
177
100
43
-40
-192
-328
-339
-268
-237
-242
-180
-75
-88
-260
-431
-485
-506
-584
-622
-497
-301
-220
-256
-259
-200
-222
-372
-502
-499
-440
-424
-394
-266
-116
-77
-123
-118
-47
-22
-82
-126
-87
-27
0
44
149
252
282
283
313
326
252
148
137
218
283
294
334
436
503
444
315
228
205
195
181
196
238
273
297
326
340
294
194
101
53
27
5
0
7
-4
-41
-59
-36
-18
-50
-102
-121
-115
-137
-182
-186
-134
-84
-75
-74
-49
-32
-68
-127
-137
-86
-32
-8
18
72
126
133
100
69
58
52
40
49
92
143
168
170
175
185
173
136
106
107
123
125
111
99
85
50
-1
-34
-42
-61
-117
-174
-185
-156
-143
-174
-213
-223
-213
-220
-255
-300
-336
-360
-368
-359
-340
-322
-309
-307
-321
-345
-357
-344
-319
-299
-283
-255
-219
-184
-150
-115
-95
-108
-127
-108
-53
-10
8
40
109
171
179
158
168
207
235
250
290
344
355
310
278
300
328
310
270
266
284
264
216
205
233
233
177
136
169
224
215
140
71
39
3
-66
-135
-156
-126
-81
-56
-64
-101
-150
-193
-223
-237
-222
-180
-144
-147
-172
-179
-168
-180
-211
-203
-136
-83
-105
-152
-139
-81
-69
-112
-119
-44
30
26
-14
-3
43
38
-23
-46
8
74
89
83
106
133
98
24
-6
38
92
96
68
65
85
85
48
7
-3
16
30
19
-9
-40
-62
-79
-81
-59
-21
0
-20
-64
-101
-126
-166
-210
-206
-134
-49
-27
-66
-96
-88
-79
-105
-128
-98
-34
2
-4
-4
28
58
54
40
56
89
107
121
170
245
275
220
135
109
153
208
233
242
255
257
232
201
193
202
200
181
172
180
180
144
90
56
55
65
68
60
51
38
19
-11
-45
-73
-84
-73
-57
-58
-77
-86
-74
-57
-69
-116
-169
-195
-176
-135
-97
-85
-97
-119
-135
-143
-142
-130
-95
-45
-1
17
6
-22
-43
-43
-25
-16
-30
-51
-45
-9
20
13
-11
-4
45
103
125
101
57
21
15
34
59
72
71
69
72
70
53
27
7
-8
-19
-23
-18
-9
-8
-12
-12
-10
-19
-37
-43
-24
0
8
-3
-8
1
10
3
-13
-15
4
26
29
15
6
23
58
84
88
81
83
93
99
95
89
89
93
101
109
109
88
53
31
45
82
108
109
90
62
24
-14
-34
-30
-19
-13
-3
17
27
2
-45
-75
-77
-73
-83
-90
-83
-78
-96
-120
-112
-77
-59
-82
-111
-101
-64
-46
-64
-88
-86
-67
-55
-62
-76
-84
-85
-82
-76
-72
-75
-78
-79
-72
-64
-58
-55
-54
-61
-66
-65
-66
-76
-88
-86
-69
-57
-68
-88
-93
-90
-95
-110
-117
-103
-89
-97
-123
-139
-130
-112
-108
-120
-132
-133
-114
-86
-68
-77
-107
-133
-137
-126
-115
-105
-86
-56
-31
-26
-37
-50
-53
-42
-27
-17
-14
-15
-15
-12
2
32
65
77
67
64
84
103
85
45
31
55
83
89
93
116
146
150
124
102
103
110
102
90
101
135
150
124
81
63
70
66
39
25
39
51
30
-3
-4
24
38
21
-1
2
19
31
37
47
54
40
15
2
10
21
22
24
36
45
36
21
28
54
74
71
64
75
94
96
81
66
57
44
26
17
25
32
22
7
4
13
20
11
-19
-50
-71
-80
-96
-113
-105
-65
-27
-25
-43
-38
-11
0
-23
-53
-62
-58
-63
-77
-86
-88
-87
-86
-83
-77
-67
-52
-31
-10
5
5
-8
-23
-20
5
38
58
53
39
29
29
30
29
41
77
125
147
121
79
69
101
136
138
109
80
76
93
111
110
95
95
118
145
150
139
124
110
97
98
118
132
110
65
42
50
60
55
50
50
35
5
-10
2
24
33
24
-3
-45
-77
-69
-28
-5
-26
-59
-63
-37
-20
-25
-31
-24
-26
-51
-82
-88
-70
-68
-104
-150
-158
-128
-91
-70
-61
-57
-70
-97
-102
-69
-37
-51
-104
-150
-156
-130
-96
-71
-61
-68
-85
-94
-83
-49
-14
-6
-30
-55
-61
-55
-47
-34
-13
-3
-20
-31
-3
36
30
-11
-29
1
28
17
-8
-4
17
19
2
1
21
34
24
10
9
16
15
5
1
12
34
50
50
47
52
55
51
46
56
79
93
90
76
65
58
50
42
41
51
60
58
50
43
35
21
5
5
23
37
31
21
21
23
14
6
22
43
41
29
43
75
80
44
6
-4
-5
-17
-26
-17
-12
-25
-44
-50
-52
-62
-69
-64
-58
-68
-80
-76
-65
-67
-85
-97
-84
-57
-38
-38
-49
-49
-32
-16
-23
-46
-57
-46
-27
-16
-12
-8
-15
-27
-30
-11
14
30
35
41
47
44
33
34
57
94
116
109
82
59
57
69
79
79
68
59
56
60
67
72
72
70
69
70
72
65
44
17
1
6
22
30
21
1
-19
-27
-13
21
44
