-355
-222
-120
-160
-169
-62
13
4
62
204
228
99
52
160
183
10
-129
-74
-7
-106
-224
-152
23
91
36
-18
-27
4
106
229
187
-88
-353
-324
-60
100
-9
-195
-211
-86
-25
-62
-18
186
335
203
-115
-333
-353
-310
-274
-177
-35
18
-25
-15
77
101
18
-4
89
111
-81
-343
-469
-441
-343
-220
-106
-48
26
235
483
508
276
97
192
404
475
394
288
165
3
-93
-25
99
95
-53
-205
-300
-410
-569
-671
-609
-446
-359
-395
-390
-212
-11
-38
-250
-332
-163
3
-71
-289
-446
-527
-570
-489
-244
6
121
198
379
563
598
534
503
489
438
436
538
589
465
321
394
642
834
874
797
624
395
257
297
393
400
367
392
414
335
215
160
155
150
182
246
244
188
272
553
765
661
371
186
134
35
-163
-349
-470
-558
-581
-486
-334
-261
-297
-374
-429
-416
-283
-80
23
-65
-205
-210
-89
13
41
40
8
-84
-201
-282
-358
-479
-576
-530
-370
-262
-286
-363
-407
-419
-403
-335
-254
-262
-355
-399
-357
-373
-524
-614
-426
-84
90
16
-85
-68
-36
-80
-113
-83
-88
-163
-153
19
167
116
-18
-29
65
106
81
88
126
153
257
515
784
842
708
571
461
253
-36
-198
-145
-26
14
-9
-38
-93
-142
-63
175
371
316
71
-77
11
157
104
-143
-331
-285
-120
-56
-128
-195
-169
-98
-45
-26
-50
-121
-180
-153
-87
-99
-196
-271
-298
-384
-567
-719
-716
-608
-517
-439
-288
-87
43
60
61
100
74
-95
-262
-217
-26
19
-180
-367
-311
-125
-33
-2
122
268
247
131
186
433
606
573
497
511
542
538
579
646
577
364
260
394
543
461
224
49
-28
-101
-178
-191
-155
-127
-98
-38
16
9
-52
-148
-278
-400
-435
-394
-376
-411
-390
-260
-141
-162
-267
-294
-207
-124
-143
-226
-263
-212
-120
-35
46
114
98
-34
-179
-196
-95
-31
-89
-184
-193
-92
65
205
278
289
300
326
307
247
275
436
545
448
291
273
278
62
-272
-384
-233
-138
-253
-366
-308
-207
-197
-198
-136
-67
20
264
612
743
493
118
-37
66
236
342
338
204
12
-65
44
214
321
378
408
339
150
-9
18
205
378
394
228
-13
-150
-100
7
-38
-272
-530
-634
-538
-333
-198
-262
-434
-452
-232
-33
-102
-299
-315
-152
-75
-157
-188
-62
61
57
27
96
224
333
428
478
382
160
0
20
99
89
20
-4
14
31
85
200
247
101
-151
-305
-305
-263
-248
-227
-197
-189
-153
-5
204
299
204
-4
-225
-368
-300
10
295
239
-55
-147
90
261
73
-225
-269
-129
-86
-111
-8
144
104
-80
-145
-70
-75
-188
-198
-37
125
183
190
152
32
-58
33
187
153
-6
32
319
537
499
405
462
577
592
544
521
502
497
606
773
741
426
95
5
53
14
-99
-164
-227
-371
-448
-283
-36
-25
-213
-234
11
184
20
-266
-331
-183
-71
-65
-47
11
3
-82
-141
-153
-194
-251
-232
-144
-103
-132
-152
-154
-211
-281
-224
-49
50
-11
-88
-51
22
4
-104
-224
-301
-290
-171
-50
-59
-135
-80
113
216
115
-17
-13
44
1
-137
-282
-408
-458
-314
11
274
271
63
-125
-149
5
224
319
198
51
136
365
393
146
-52
-28
-56
-350
-635
-550
-223
-73
-156
-148
96
325
298
107
-34
-77
-109
-146
-122
-36
6
-71
-184
-168
28
253
346
320
308
370
449
469
392
234
85
54
113
116
31
-22
-17
-123
-379
-538
-456
-379
-537
-681
-461
-62
32
-177
-192
170
491
412
132
10
68
127
140
152
108
-20
-97
15
241
397
388
253
90
-19
-61
-127
-273
-426
-498
-546
-640
-694
-600
-457
-420
-431
-332
-206
-266
-465
-533
-411
-324
-381
-422
-344
-284
-349
-415
-360
-282
-326
-442
-471
-361
-209
-130
-157
-219
-204
-70
104
242
346
401
327
153
85
234
394
337
193
256
497
607
481
351
389
485
533
595
672
591
307
86
143
312
288
87
-6
143
372
500
512
481
448
441
477
512
472
345
168
-55
-295
-412
-290
-59
4
-159
-309
-252
-92
-14
-37
-84
-156
-275
-370
-383
-358
-327
-219
-28
65
-96
-387
-556
-546
-482
-433
-361
-276
-231
-209
-164
-124
-133
-111
42
261
372
311
173
72
55
127
242
319
336
350
393
422
413
404
400
356
294
281
276
171
22
15
146
195
106
104
303
484
456
360
384
429
327
164
121
148
94
12
65
228
341
376
409
406
292
184
274
510
605
442
235
209
300
310
236
247
387
467
346
139
39
19
-110
-350
-458
-282
-11
69
-61
-164
-101
4
-42
-225
-314
-173
38
30
-208
-390
-348
-258
-318
-400
-293
-115
-160
-418
-588
-539
-422
-345
-256
-163
-168
-220
-140
73
228
248
229
192
63
-96
-111
-12
-7
-142
-222
-134
6
78
103
120
118
130
202
287
317
329
362
310
107
-79
-58
54
-6
-247
-439
-492
-518
-563
-538
-428
-337
-313
-289
-224
-178
-230
-383
-553
-602
-480
-330
-327
-433
-465
-395
-371
-422
-428
-385
-420
-513
-491
-371
-376
-519
-531
-304
-92
-109
-241
-313
-369
-483
-557
-486
-339
-244
-241
-317
-415
-391
-153
143
261
209
187
240
235
137
54
-7
-141
-303
-334
-216
-83
0
60
66
-21
-107
-86
-14
21
48
71
-27
-238
-307
-126
23
-84
-222
-110
80
56
-42
94
342
340
127
42
104
41
-134
-130
44
41
-205
-362
-297
-281
-443
-505
-289
-67
-121
-306
-349
-296
-377
-581
-681
-574
-360
-130
119
351
467
450
432
532
695
741
601
433
460
687
874
836
652
510
457
429
436
557
737
791
646
473
470
611
700
630
515
516
617
655
565
496
562
605
404
73
-44
106
161
-66
-269
-168
-33
-240
-580
-541
-175
-57
-362
-589
-381
-82
-147
-469
-640
-544
-354
-183
-80
-118
-254
-294
-194
-149
-240
-302
-285
-355
-459
-275
153
276
-100
-370
-9
596
761
524
390
439
388
306
496
792
702
224
-98
-8
177
168
66
5
-99
-256
-257
-18
234
271
173
183
384
627
714
619
525
591
719
678
445
221
110
18
-83
-88
-7
-11
-131
-198
-146
-93
-62
45
150
36
-224
-301
-153
-98
-229
-226
38
205
16
-262
-296
-197
-206
-235
-92
94
56
-172
-311
-244
-106
-42
-75
-121
-59
154
386
475
453
460
461
324
121
86
206
198
-23
-180
-69
141
206
151
117
99
23
-41
20
153
207
162
128
151
132
6
-115
-59
160
308
206
-49
-220
-233
-194
-156
-49
133
264
269
233
221
172
52
-21
61
230
320
276
168
83
54
66
72
33
-36
-82
-87
-66
-59
-101
-195
-254
-167
40
197
234
280
445
614
603
418
191
-1
-127
-113
36
143
65
-76
-67
65
114
20
-93
-173
-306
-501
-632
-652
-666
-743
-794
-743
-653
-622
-635
-624
-569
-475
-333
-188
-140
-190
-172
35
279
272
-27
-348
-444
-357
-277
-290
-362
-472
-601
-686
-690
-681
-714
-698
-516
-245
-92
-112
-141
-28
172
278
181
-40
-170
-69
133
157
-61
-263
-238
-126
-188
-388
-440
-226
72
237
226
112
10
29
144
164
-45
-311
-345
-138
37
13
-96
-142
-150
-200
-253
-212
-81
38
75
57
72
153
225
195
87
-17
-105
-216
-276
-156
72
152
18
-85
-1
62
-118
-373
-387
-200
-118
-203
-214
-48
91
47
-62
-88
-60
-24
93
291
400
347
307
411
472
282
-1
-42
174
356
361
303
223
24
-215
-238
-34
76
-57
-162
-37
85
-51
-242
-170
33
15
-162
-120
176
348
234
112
191
288
222
128
174
234
111
-120
-237
-200
-134
-111
-120
-172
-273
-340
-304
-229
-219
-251
-224
-134
-71
-59
-17
95
181
131
-21
-100
14
252
426
420
292
191
214
338
450
441
287
88
-9
70
267
440
458
293
60
-60
-6
97
93
13
26
201
413
489
394
222
94
62
108
178
231
252
240
195
153
147
150
93
-24
-117
-143
-154
-178
-154
-42
60
14
-187
-414
-550
-568
-497
-382
-266
-173
-120
-117
-145
-141
-58
68
158
192
210
245
310
416
518
504
360
260
344
472
391
86
-204
-322
-308
-209
-34
90
-4
-222
-254
-24
180
148
41
70
144
104
69
225
443
427
194
61
169
321
329
243
163
68
-42
-78
-48
-137
-421
-660
-564
-180
151
200
44
-124
-186
-130
7
153
252
303
305
198
-20
-179
-106
113
220
135
46
97
180
138
21
-22
34
97
107
46
-92
-241
-274
-207
-246
-485
-697
-631
-415
-383
-569
-690
-614
-532
-564
-534
-288
-18
10
-163
-287
-293
-315
-400
-450
-433
-428
-438
-359
-194
-100
-132
-160
-97
-58
-154
-302
-369
-381
-409
-376
-188
0
-68
-346
-484
-296
-15
55
-42
-29
178
378
403
326
298
338
366
339
268
158
14
-137
-257
-333
-337
-234
-60
75
112
111
133
145
102
53
71
120
106
21
-59
-105
-145
-146
-28
192
367
407
376
373
392
372
328
317
309
210
45
-29
71
210
209
89
-1
-21
-60
-135
-152
-116
-163
-317
-406
-328
-216
-193
-158
-11
106
32
-92
-13
215
295
155
16
24
73
81
143
278
323
215
156
306
509
509
328
198
202
235
255
350
509
557
404
215
183
284
351
335
332
386
416
360
262
178
88
-17
-62
36
234
391
394
250
47
-117
-189
-190
-200
-294
-455
-549
-432
-147
40
-71
-309
-293
78
452
490
260
42
-80
-193
-277
-232
-125
-140
-299
-433
-432
-327
-184
-59
-53
-188
-303
-249
-110
-70
-109
-102
-99
-242
-428
-410
-227
-192
-390
-506
-292
66
249
228
206
279
369
422
459
474
429
369
392
495
526
372
109
-101
-192
-196
-131
15
174
216
116
-11
-65
-64
-36
39
113
37
-210
-397
-310
-56
54
-83
-274
-310
-190
-52
-20
-121
-276
-331
-187
79
260
224
23
-170
-237
-212
-214
-289
-363
-389
-440
-572
-686
-631
-429
-239
-152
-154
-218
-270
-158
172
470
441
163
23
167
310
192
-24
-27
153
203
11
-192
-196
-97
-63
-37
132
362
434
366
416
629
724
544
333
337
404
295
130
171
359
442
425
484
530
311
-87
-295
-229
-188
-317
-417
-349
-280
-344
-405
-319
-181
-114
-62
61
185
206
171
174
198
142
-1
-128
-148
-96
-88
-137
-99
110
298
188
-165
-384
-272
-59
-27
-133
-171
-133
-129
-139
-68
22
-33
-241
-433
-493
-458
-392
-305
-214
-207
-352
-567
-665
-559
-407
-443
-657
-780
-638
-389
-287
-336
-348
-249
-145
-118
-135
-159
-214
-296
-315
-203
-20
109
140
161
256
378
397
303
229
259
321
332
315
308
294
287
337
385
281
65
-3
170
346
320
249
371
609
707
596
413
277
245
346
487
489
342
246
260
186
-42
-166
-21
152
72
-136
-188
-107
-107
-180
-129
75
216
130
-134
-406
-517
-422
-279
-312
-538
-720
-688
-531
-426
-417
-429
-388
-269
-99
40
90
93
99
74
19
42
199
321
230
24
-53
47
182
266
323
341
278
198
202
285
378
487
635
712
595
365
259
375
561
604
460
285
263
420
593
621
542
507
555
581
519
425
357
305
268
306
439
568
564
410
228
158
215
279
258
201
213
288
321
250
128
48
70
163
167
-54
-370
-467
-262
-63
-146
-388
-508
-462
-361
-219
-52
-11
-112
-65
296
636
575
266
136
226
252
166
179
302
324
223
169
170
68
-110
-164
-52
50
21
-116
-305
-443
-391
-189
-102
-256
-419
-380
-303
-402
-530
-445
-264
-274
-439
-500
-440
-455
-531
-444
-182
-20
-106
-264
-281
-184
-111
-103
-96
-48
24
88
119
144
221
352
421
329
153
89
188
261
136
-77
-150
-112
-210
-470
-584
-376
-139
-236
-540
-621
-372
-107
-41
-41
78
283
454
558
580
467
226
-15
-115
-30
168
318
287
127
17
8
-26
-119
-112
55
179
103
-36
-32
87
199
298
393
370
187
-2
-57
-53
-91
-113
-60
-31
-112
-241
-337
-391
-353
-178
-36
-184
-550
-771
-731
-695
-812
-876
-746
-617
-649
-696
-626
-574
-636
-616
-390
-203
-296
-458
-339
-8
146
17
-105
-16
113
34
-215
-408
-470
-513
-603
-641
-549
-414
-365
-403
-466
-559
-664
-617
-308
48
108
-140
-347
-282
-96
-38
-115
-174
-159
-137
-173
-266
-371
-417
-356
-229
-114
-56
-70
-154
-231
-199
-93
-108
-295
-403
-192
183
334
155
-63
-41
158
266
165
-1
-22
132
284
265
107
-10
44
247
467
549
427
216
121
162
132
-88
-307
-267
-29
131
75
-95
-223
-210
-4
341
620
653
492
338
315
392
460
410
264
221
435
735
804
652
634
875
1043
849
484
311
369
444
435
411
393
341
262
205
178
186
257
385
511
630
765
855
814
706
703
839
961
946
834
713
618
579
609
652
646
601
538
416
258
207
335
481
467
344
246
139
-50
-188
-97
118
187
93
95
279
403
268
17
-96
-64
-87
-254
-450
-541
-534
-502
-470
-419
-343
-249
-157
-121
-195
-322
-356
-264
-192
-254
-355
-362
-324
-341
-334
-180
7
16
-102
-86
124
311
333
291
304
342
347
318
249
150
118
187
203
35
-151
-113
74
142
60
33
129
222
274
329
285
8
-356
-513
-476
-522
-725
-860
-789
-628
-477
-315
-200
-258
-424
-462
-323
-213
-264
-370
-419
-447
-499
-538
-567
-652
-763
-757
-589
-401
-340
-402
-482
-502
-446
-356
-309
-333
-362
-349
-360
-460
-543
-440
-174
22
20
-53
-33
31
-11
-130
-154
-32
104
163
200
247
213
68
-55
-51
-25
-109
-250
-338
-391
-433
-350
-104
70
-52
-278
-231
94
314
223
37
25
147
215
166
86
57
82
104
64
-7
0
126
251
273
235
227
243
255
303
382
392
312
281
389
525
563
545
540
518
468
480
540
480
276
151
218
260
119
11
186
462
481
254
102
122
81
-143
-371
-450
-460
-502
-499
-364
-192
-112
-88
-2
105
88
-57
-177
-187
-143
-63
115
305
247
-124
-490
-529
-336
-209
-161
-19
135
18
-348
-589
-520
-380
-408
-514
-530
-500
-516
-526
-456
-354
-270
-166
-43
7
-25
-44
-36
-94
-184
-137
61
208
186
111
80
45
-9
22
142
198
146
149
300
444
435
351
320
319
277
223
191
115
-38
-150
-111
22
105
94
30
-53
-127
-150
-112
-55
4
105
239
301
224
94
55
121
163
72
-89
-173
-131
-76
-135
-274
-342
-255
-111
-73
-200
-376
-409
-199
115
262
145
-24
21
264
475
554
601
643
564
346
170
152
168
80
-22
14
141
199
192
253
378
401
273
171
233
353
329
175
94
190
319
306
185
117
163
242
285
282
213
74
-17
75
289
402
330
206
111
-40
-248
-321
-183
-49
-114
-242
-202
-21
117
162
158
68
-108
-198
-101
-13
-140
-333
-317
-128
-12
5
100
269
332
273
271
372
447
451
456
433
280
84
39
125
133
11
-66
-4
91
136
159
144
24
-141
-177
-56
42
4
-72
-74
-54
-131
-298
-424
-402
-275
-196
-259
-380
-407
-327
-253
-217
-145
-81
-185
-450
-623
-576
-494
-547
-586
-431
-233
-258
-415
-375
-98
98
50
-10
113
225
63
-241
-326
-124
76
98
98
225
345
277
131
113
194
205
172
239
338
275
106
90
238
257
43
-137
-91
26
34
6
21
-50
-256
-349
-142
152
217
65
-54
-39
36
115
191
227
230
256
256
101
-140
-220
-115
-120
-349
-495
-322
-61
6
-8
108
194
-7
-335
-411
-237
-155
-278
-361
-231
-6
144
199
196
175
208
303
329
189
-6
-93
-101
-140
-180
-143
-109
-185
-270
-197
-19
67
32
12
50
87
124
213
284
240
184
334
687
960
935
691
458
346
293
220
166
236
413
484
287
-34
-179
-96
-26
-119
-248
-285
-308
-400
-479
-465
-447
-525
-624
-649
-637
-662
-734
-853
-1005
-1017
-711
-238
-9
-146
-322
-272
-145
-127
-88
129
328
228
-79
-269
-232
-100
38
173
228
146
42
76
224
339
357
283
117
-72
-117
41
203
148
-76
-225
-152
66
241
218
11
-184
-178
-18
93
82
66
137
264
396
489
441
208
-29
-49
88
111
-52
-195
-177
-107
-101
-95
9
158
217
132
-21
-95
-6
162
220
132
67
142
246
241
175
160
180
191
225
291
318
299
325
374
297
96
-8
77
167
108
-25
-140
-264
-363
-333
-252
-313
-429
-299
46
203
68
24
278
496
388
171
140
191
133
88
169
168
-92
-357
-297
-20
120
36
-95
-159
-169
-138
-86
-86
-124
-65
135
321
347
241
115
61
154
380
586
625
532
387
162
-95
-127
188
529
517
237
37
-29
-140
-248
-155
49
103
49
142
342
369
200
81
67
1
-111
-115
-88
-263
-568
-688
-574
-493
-577
-699
-788
-893
-934
-779
-562
-529
-601
-499
-272
-273
-555
-737
-585
-315
-195
-197
-179
-121
-39
92
173
33
-263
-396
-233
-34
-52
-161
-110
53
88
-16
-26
166
381
431
365
331
346
333
303
338
415
389
213
27
-21
18
15
-31
-16
57
45
-88
-178
-84
98
181
153
151
197
155
-18
-168
-173
-121
-158
-250
-270
-231
-268
-408
-538
-580
-560
-540
-556
-640
-785
-903
-912
-845
-776
-703
-631
-650
-789
-894
-801
-577
-389
-232
-19
174
211
171
222
319
279
161
191
343
355
200
180
413
636
623
514
513
538
447
350
435
616
643
470
304
311
454
613
730
791
789
728
636
536
414
256
104
31
55
93
59
-10
4
143
314
401
384
322
305
375
468
463
323
176
156
209
181
40
-97
-115
2
208
391
405
204
-51
-155
-82
40
128
165
108
-74
-261
-269
-102
22
-33
-135
-81
100
204
160
119
188
273
261
223
263
294
222
207
439
717
659
324
177
339
384
94
-120
97
430
417
183
101
81
-189
-539
-510
-148
49
-84
-204
-120
-54
-173
-313
-331
-301
-284
-208
-94
-66
-109
-89
-30
-87
-244
-336
-352
-415
-494
-437
-277
-202
-234
-230
-159
-141
-199
-246
-250
-250
-244
-237
-284
-338
-239
-13
78
-35
-75
86
153
-81
-317
-221
65
253
421
736
974
837
491
342
454
607
708
757
643
362
197
345
546
461
160
-65
-94
53
335
532
358
-29
-114
168
259
-84
-316
-17
425
538
537
735
825
475
99
235
601
533
70
-204
-138
-95
-215
-287
-260
-282
-324
-253
-165
-222
-311
-281
-271
-409
-458
-204
75
2
-277
-353
-199
-93
-114
-121
-93
-101
-115
-155
-379
-756
-945
-756
-436
-242
-116
-11
-84
-274
-210
125
217
-112
-261
184
677
555
91
-27
161
94
-263
-386
-125
96
-16
-296
-528
-706
-854
-940
-963
-918
-739
-468
-286
-222
-119
1
-91
-335
-325
44
327
250
112
168
167
-79
-218
50
370
258
-142
-339
-195
75
294
347
139
-140
-105
234
399
196
7
35
-68
-477
-771
-670
-581
-869
-1206
-1201
-1076
-1157
-1242
-1086
-977
-1220
-1509
-1437
-1148
-942
-719
-388
-302
-646
-899
-597
-153
-205
-560
-554
-150
108
21
-105
-83
-25
19
96
128
43
-13
76
164
199
423
844
986
608
263
521
1040
1118
813
707
818
634
176
104
588
924
624
151
106
294
219
3
107
395
271
-300
-643
-443
-249
-581
-1091
-1135
-780
-657
-998
-1390
-1426
-1138
-783
-571
-611
-814
-850
-520
-47
249
410
637
839
844
850
1123
1434
1354
1019
950
1194
1293
1068
772
491
89
-209
-12
413
303
-364
-695
-268
175
-60
-534
-491
-71
76
-82
-104
-24
-236
-576
-417
215
510
118
-289
-118
206
60
-197
224
1108
1356
596
-219
-130
663
1329
1475
1231
780
354
308
717
1150
1190
908
590
385
403
676
856
576
247
650
1539
1715
882
252
643
1237
1098
704
799
918
404
-133
148
650
309
-525
-773
-576
-869
-1504
-1525
-1025
-1026
-1639
-1945
-1684
-1540
-1705
-1598
-1143
-1002
-1322
-1417
-933
-322
-36
-69
-303
-559
-406
292
883
733
226
185
637
1005
1150
1346
1540
1511
1472
1736
2061
2042
1807
1690
1608
1370
1147
1105
1034
811
672
661
468
159
181
419
244
-182
58
910
1113
309
-175
472
1136
690
-146
-196
217
142
-248
-240
-100
-539
-1265
-1397
-909
-550
-661
-964
-1226
-1381
-1352
-1228
-1265
-1383
-1235
-955
-1065
-1443
-1341
-672
-270
-517
-776
-565
-242
-135
-17
150
-10
-410
-399
108
428
297
217
381
390
291
658
1383
1574
1043
696
1035
1441
1362
1080
883
557
139
124
496
479
-251
-989
-1044
-586
-161
-69
-438
-1155
-1583
-1094
-86
274
-468
-1491
-1835
-1479
-1093
-1173
-1615
-1931
-1807
-1526
-1588
-1907
-1855
-1249
-665
-526
-552
-431
-307
-266
-93
152
88
-219
-281
-171
-470
-1031
-1032
-494
-421
-1043
-1345
-875
-537
-900
-1165
-673
-133
-373
-937
-891
-198
429
454
-155
-927
-1075
-348
442
401
-276
-948
-1617
-2377
-2657
-2209
-1858
-2119
-2517
-3372
-5847
-8464
-6967
-984
2678
-1596
-9128
-10318
-3702
2872
3762
1332
-519
-1560
-1764
948
6081
8826
6540
2826
2000
3508
4994
6762
9241
9653
5864
1222
1069
5524
9380
8622
4245
51
-1105
815
3223
3262
748
-1977
-3266
-3559
-3293
-1973
-299
-547
-3135
-5111
-3960
-993
874
910
225
-580
-1225
-704
1324
3069
2631
743
-319
125
899
1211
1322
1229
397
-1015
-1881
-1434
-264
212
-897
-2941
-4116
-3372
-1821
-1430
-2482
-3503
-3605
-3373
-3223
-2568
-1263
-353
-586
-1363
-1788
-1602
-684
925
2119
1509
-348
-1177
-68
1455
1980
1849
1553
769
-45
513
2189
2675
1157
-278
-205
37
-466
-326
400
-1502
-6585
-9048
-4290
2511
2010
-6082
-12153
-9746
-2917
1260
1348
-455
-3320
-6193
-5424
608
6951
7328
2504
-1229
-746
1709
4325
7848
10935
9346
2958
-1046
3399
12303
15936
10935
3618
1301
4510
8819
10646
9202
5413
1484
114
1936
4408
4637
2558
217
-1006
-1105
-398
625
970
59
-1336
-2021
-1809
-1254
-679
-290
-478
-1117
-1290
-507
585
1256
1462
1143
167
-501
600
2833
3453
1377
-1043
-1483
-764
-778
-1327
-1218
-871
-1484
-2767
-3471
-3208
-2261
-872
-31
-1223
-3894
-5121
-3546
-1622
-2043
-4049
-5370
-5716
-6003
-6065
-5611
-5695
-6923
-7796
-6956
-5395
-4539
-4144
-3888
-4658
-6146
-5853
-2995
-749
-1817
-4246
-4661
-3248
-2325
-2116
-1372
-498
-759
-1589
-1500
-478
693
2000
3125
2751
994
360
2125
4019
3714
2246
1754
2243
2828
3763
5006
5237
4326
4156
5207
5474
4662
5538
8674
10059
7257
3995
4686
7853
9210
8225
7237
6623
5394
4605
5831
7669
7559
5810
4474
3772
2874
2514
3445
3933
2247
155
412
2146
2368
895
50
351
245
-307
232
1464
1062
-1204
-2778
-2475
-2281
-3697
-5161
-5031
-4810
-6760
-9732
-10320
-7912
-5777
-6500
-8788
-10001
-9694
-8893
-7716
-6097
-5502
-7078
-8945
-8265
-5635
-4324
-5291
-6254
-5941
-5673
-5945
-5031
-2449
-672
-1561
-3611
-4319
-3145
-1033
788
765
-1709
-4336
-3934
-991
715
-524
-2616
-3655
-4012
-3878
-2590
-1238
-1998
-4091
-4395
-2710
-1973
-2611
-1886
116
-351
-3572
-4359
-101
4600
4876
2335
1159
1883
3021
4855
7433
8255
6021
3850
4964
7791
8873
8122
7595
7439
6720
6345
7568
9019
8503
6690
6105
7211
8131
7703
6621
5801
5314
4861
4304
3881
4200
5347
6049
4929
2699
1599
2483
3975
4704
4691
4205
3108
1895
1727
2705
3504
3293
2606
1818
406
-1375
-1714
276
2371
1515
-1963
-4464
-3966
-2681
-3476
-5563
-6260
-5795
-6872
-9636
-10982
-9695
-8356
-8851
-10046
-11497
-14439
-16664
-12730
-3679
-22
-7940
-18046
-16826
-5490
2637
1338
-2939
-4409
-5001
-5586
-1642
6936
11249
5740
-2191
-2505
3168
5789
3450
2390
4728
4555
-1385
-6698
-4225
2527
3406
-4058
-10993
-9715
-4011
-2374
-5542
-7600
-6894
-7414
-9468
-8086
-3005
-1277
-5597
-8528
-4297
1491
1509
-908
1744
7604
8824
5342
4674
9070
12878
13060
13045
14628
14556
11709
10242
12366
14228
12506
9742
9445
10351
9524
7656
7240
7928
7513
6030
5404
5890
5898
5086
4810
5415
5596
5026
5227
6720
7598
6509
5105
5490
7028
7954
8295
8538
7623
5526
5106
6955
5902
-944
-6166
-1446
7137
5096
-8461
-17959
-14096
-6124
-5269
-9155
-11569
-15035
-21991
-24377
-15833
-5951
-7922
-18257
-23122
-19608
-15833
-14014
-9412
-4362
-7133
-15615
-16919
-6466
4846
6398
441
-4641
-4701
-38
7100
12109
11132
6480
3927
4800
6225
7715
10578
12176
8568
2240
-316
1790
3675
3005
1209
-1972
-7267
-10823
-8987
-6477
-10330
-16986
-16303
-8565
-5623
-12572
-19710
-17531
-9789
-5397
-5603
-6361
-7000
-8661
-8502
-3361
2990
3523
-1704
-5230
-2790
1599
3030
2796
4302
5952
3868
99
1488
9038
14478
11072
3281
819
6140
12997
15476
13208
8741
5018
5180
9966
14971
14708
9774
6303
8064
12571
15329
14807
12759
11846
13174
15190
15921
16275
18298
20207
18143
13763
13520
18204
20651
17207
12973
11216
7539
1119
555
8683
12413
767
-15858
-19481
-10801
-5499
-9310
-14192
-16710
-21816
-27698
-24901
-14279
-9779
-17686
-26992
-26724
-20468
-16590
-15085
-12402
-10663
-13265
-16780
-14828
-7070
679
3207
97
-4349
-4142
2614
10680
13446
10737
7266
5470
4901
6331
10110
12130
8178
1165
-2378
-1716
-1324
-2702
-3971
-5929
-10690
-15423
-15368
-12298
-12131
-14999
-15925
-14559
-15256
-17553
-16016
-10593
-7848
-9959
-11259
-8327
-5073
-4573
-3759
-397
1747
-462
-3422
-2219
2012
4599
3922
1867
282
42
1528
3671
4324
3073
1895
2111
2869
3374
4222
5620
6433
5929
4837
4229
4715
6546
8920
9820
8433
7064
8508
12149
14827
15034
14176
14203
15901
18972
22048
23420
23223
23774
26184
28246
27707
26013
26216
28247
28915
26396
22562
20472
20699
20520
16898
10409
4962
2547
376
-4202
-8637
-9582
-10066
-15590
-23971
-27003
-23240
-20704
-24283
-28776
-28636
-26395
-25943
-25059
-21376
-18918
-21103
-23122
-19432
-13577
-11919
-12396
-9062
-3900
-3516
-6387
-4424
3115
7818
5522
2074
3381
7681
10450
10399
8168
4644
2217
2703
3466
789
-3492
-4927
-4926
-8457
-13861
-14326
-10399
-10894
-18488
-24297
-21370
-14718
-12447
-14685
-17097
-18267
-17635
-12854
-5549
-3158
-8206
-11923
-6255
3443
6323
2042
-606
1963
4941
5214
5370
6904
7279
5415
3874
4056
4410
4479
5752
7484
6588
3040
1022
2988
6300
7255
5411
2726
1164
2009
4860
6785
5114
1505
411
3142
6468
7668
7777
8727
10221
11200
12245
14630
18117
20940
21486
19692
17585
18247
22788
28154
29356
24570
17474
14078
17058
22713
23895
17291
7675
3032
5576
10073
10852
6606
-1795
-12441
-19333
-15279
-2948
3158
-6809
-23868
-30705
-23244
-12788
-8985
-11153
-16246
-23608
-28863
-24261
-10968
-2117
-6748
-17777
-22632
-19060
-12881
-6690
-497
1196
-5701
-14359
-12367
995
12017
9968
-287
-6632
-4285
2392
7674
8767
5121
-1412
-6281
-5870
-1860
193
-2862
-8487
-12064
-12372
-11932
-12536
-13101
-13119
-15129
-20253
-23532
-19241
-10558
-7507
-13480
-20084
-18576
-10642
-3590
-495
-352
-2779
-6024
-4648
3543
11528
11330
5423
2411
4208
6070
7082
10590
14634
12500
4663
577
5259
12294
13896
10554
6774
4183
3271
5754
10320
11282
6371
1296
2019
6656
9589
9583
8982
8367
7329
7994
12376
17571
18484
15090
12978
16131
22160
25665
24459
21351
20362
22313
24822
25947
25884
24836
22149
18876
17752
18345
16187
10056
5397
5528
4739
-2495
-10353
-9798
-4616
-7119
-18231
-25125
-21329
-16013
-17841
-22023
-21484
-19861
-22971
-26134
-22032
-15089
-15391
-21801
-23727
-18299
-13386
-12936
-11508
-6463
-4172
-8244
-10974
-4474
6114
9258
3353
-2103
-466
4783
7620
7378
6190
3829
-473
-4068
-3449
86
1157
-2985
-9313
-13175
-13254
-11735
-11630
-14695
-19956
-23596
-22683
-19764
-20644
-25918
-28496
-23065
-14699
-12826
-18212
-21968
-17766
-9206
-3222
-1588
-2044
-3192
-3906
-1345
5309
11020
9993
3969
641
3723
9202
12178
12571
12151
10587
7978
7762
12481
18319
18537
12356
6494
6891
12008
15879
15316
11981
8960
7893
9137
12306
15633
16397
13828
11148
12739
18615
23588
23344
19793
18241
20457
23499
24868
25180
25304
24618
23527
24077
25989
25566
21386
17759
18827
21701
19753
11465
2251
-1874
206
4247
3327
-6530
-20300
-26691
-21240
-13376
-14756
-23864
-29738
-28521
-26630
-27592
-26765
-22244
-20714
-26415
-32482
-30484
-22512
-16689
-15789
-17352
-20218
-23027
-20481
-10093
44
-335
-8616
-11918
-4831
4554
7706
5788
3810
2760
2063
3404
7037
8860
5857
1054
-785
543
1899
1410
-985
-4793
-8199
-8839
-7430
-7529
-9948
-11486
-11216
-12894
-17714
-20067
-15697
-9592
-9504
-14632
-17337
-14319
-9580
-7017
-6296
-6347
-7267
-7739
-5420
-1166
1184
352
-798
-156
1023
1527
2463
4472
5957
5875
5620
6501
7792
8736
10028
11823
12569
11446
10089
10392
12271
14572
16341
16421
14174
11738
12875
17811
21675
20449
16488
15403
18803
23055
24716
24270
23971
24377
24450
23982
24222
25810
27188
26158
22839
19768
18707
18755
18321
17186
15329
11809
7014
3882
3851
3572
-376
-5261
-6060
-4600
-7982
-16733
-22008
-18335
-12577
-14427
-22854
-28785
-28155
-24979
-22980
-21697
-21259
-23878
-28437
-29443
-24481
-18299
-16311
-17778
-18785
-18498
-18162
-16464
-11143
-4685
-3138
-7715
-11582
-7977
844
6259
4159
-469
-807
3233
6380
5864
4043
3386
2889
1096
-636
-570
-63
-1505
-4184
-5353
-4713
-4684
-6237
-7511
-7183
-6611
-7501
-9324
-10269
-9651
-8528
-8547
-10308
-12378
-12506
-10623
-9412
-10509
-11771
-10565
-8127
-7390
-7834
-6510
-3597
-2350
-3260
-3078
-692
882
230
361
3119
5462
4883
4285
7032
10695
10915
8946
9760
13974
17068
16463
14547
14286
15855
18200
20335
20607
18039
15046
15629
20064
24158
24560
22329
20704
21661
24985
28476
28984
25637
21901
21799
24396
25161
22546
19447
17878
16341
13637
11320
10464
9304
6319
3088
1993
2811
3077
430
-5524
-11748
-13074
-8523
-5314
-11168
-22585
-27565
-21873
-15128
-16812
-23581
-26605
-25075
-24235
-24572
-22377
-18916
-19553
-23856
-25308
-21872
-18669
-18420
-17462
-14179
-13192
-16418
-17326
-10613
-1977
-637
-5733
-8040
-3581
2170
3873
2982
2853
2976
1566
41
1048
3702
4142
649
-3902
-5293
-2861
-332
-1441
-5304
-7684
-6912
-5988
-7334
-8552
-6719
-4507
-6980
-13031
-15639
-11831
-7012
-6867
-9830
-11248
-10718
-10391
-9312
-5452
-1540
-2354
-6402
-6817
-1711
2745
2107
296
2240
5417
4804
2397
4405
10508
13607
10942
8295
10727
15346
17083
16458
16795
17656
16664
15369
17308
21162
21642
17668
14346
15434
18444
19407
18553
18347
18875
18551
17708
18319
20696
22822
22891
21106
19120
18517
19425
20277
19610
17960
16715
15514
13085
10468
10155
11336
9813
4360
-558
-1121
283
-817
-4474
-7982
-11078
-14672
-16740
-15309
-14057
-18415
-26169
-28868
-24094
-19566
-21953
-27663
-29360
-26705
-24769
-25067
-24654
-22923
-22913
-25163
-25716
-22260
-18040
-16958
-17905
-17188
-14471
-12543
-11995
-10070
-5618
-1781
-1566
-3133
-2394
997
3584
3667
3293
3965
4048
2352
1004
1932
3111
1721
-1075
-2382
-2847
-5101
-7999
-7711
-4749
-4373
-8500
-12306
-11340
-7487
-5010
-4833
-6054
-8964
-12357
-11617
-4804
2068
1650
-4419
-7668
-4373
1085
4388
6146
7193
5644
1996
1639
7630
14723
15565
10426
6060
6553
9995
13431
16045
16990
14783
10865
10060
14625
20172
20601
15902
11934
12650
15672
16597
14956
13538
13445
13016
11544
10949
12482
14287
14157
12936
12933
14319
15601
16627
18360
20077
19770
17546
16043
16869
18735
19498
18167
14887
11069
9352
10842
12515
10307
4832
665
-192
-288
-1739
-3741
-6099
-10237
-14869
-15894
-13508
-13938
-20127
-25991
-25237
-21069
-20694
-24092
-25734
-24708
-24859
-26116
-24346
-20233
-19799
-24124
-26406
-22498
-17335
-16677
-18551
-17942
-15107
-13514
-13022
-10863
-7418
-5685
-5885
-5120
-2240
633
1602
1206
862
1243
2317
3406
3398
2038
532
-119
-461
-1316
-2356
-3077
-3886
-5014
-5704
-5687
-5994
-6978
-7206
-5869
-4657
-5323
-6793
-6727
-4909
-3169
-2715
-3188
-3628
-2959
-448
2919
4585
3480
1885
2723
5962
9189
10639
10114
8154
6229
6665
10069
13505
13437
10193
7503
7895
10504
13214
14751
14480
12361
9910
9524
11847
14733
15475
13339
9766
7040
6891
9225
11809
12170
10137
7790
6978
7960
10210
12871
14349
13475
11686
11983
14791
16969
16275
14566
14593
15713
15432
13682
12498
12333
11707
10128
8426
6531
3829
1456
998
959
-2003
-7759
-12141
-12652
-11562
-12319
-15848
-21099
-26006
-27355
-23680
-19209
-20368
-26902
-31332
-29240
-24722
-22858
-22715
-21948
-22384
-25252
-26016
-20868
-14462
-13746
-17089
-17318
-13333
-10290
-9349
-6302
-1025
696
-2651
-4296
606
7292
8700
5491
3564
5012
6834
6903
6423
6516
5987
3566
427
-990
-227
315
-1496
-4423
-5692
-5435
-6254
-8093
-7698
-4876
-4450
-8470
-11355
-8004
-2611
-2602
-6784
-7413
-2688
1268
1142
691
2533
3796
3108
4434
9425
12528
9357
4725
5863
11417
14012
11527
8814
8945
9574
9029
9723
12790
14375
11249
6789
6774
10955
13536
11634
8578
7843
8289
7773
7468
8886
9722
7317
4292
5421
9728
11374
8811
7187
9884
13346
13473
12213
13465
16160
16397
14188
13145
14455
15615
14992
13780
12977
11645
9213
7134
6754
6922
5149
884
-3491
-5493
-5808
-7357
-10925
-13871
-14578
-15706
-20027
-24959
-25544
-22095
-20121
-22301
-25369
-26140
-25710
-25491
-23850
-20041
-17543
-19348
-22584
-22087
-17591
-13359
-11784
-11404
-10913
-11039
-11476
-9504
-3953
1578
2253
-1647
-4408
-1694
4279
7852
6754
3662
1854
2126
3898
6236
7117
4722
601
-1314
-26
1227
174
-1556
-2363
-3514
-5636
-6333
-4333
-2404
-2968
-4353
-4376
-3786
-3115
-727
2415
1522
-3707
-5382
1645
10425
11120
5131
1690
3940
7461
10003
12880
14082
10006
4228
4817
11600
15330
11558
6519
6177
7924
7513
6794
8936
11534
10397
6674
5034
6861
9406
10250
9366
7719
6377
6421
8011
9788
10099
8606
6657
6329
8469
11121
11263
8958
7881
10242
13489
14166
12755
11923
12107
12003
11753
12285
12704
11471
9244
7753
6896
5564
4188
3771
3447
1537
-1738
-4741
-6729
-7940
-8545
-9057
-10565
-13299
-16224
-18651
-20446
-20591
-18417
-16386
-17981
-22238
-24369
-22598
-19980
-18654
-17486
-16597
-18311
-21479
-21030
-16061
-12331
-13308
-14972
-13513
-11718
-12538
-12502
-8032
-3197
-3888
-7906
-8167
-3452
920
1791
1127
823
372
110
1876
5238
6725
4331
579
-409
2076
4474
3436
320
-682
1005
1187
-1906
-3671
-522
3048
1049
-3781
-4069
243
2638
1316
305
-48
-3153
-6206
-1761
8098
11030
2687
-5456
-2912
5383
9074
7543
6103
4924
1889
643
5462
11746
11373
5242
1666
3764
6847
7706
8382
9881
9459
6354
4611
7295
11566
12342
8737
4665
3999
6711
9630
10026
7916
5157
3513
4080
6946
10019
9905
6218
3450
5722
10983
13722
12371
10214
9645
9838
10204
11781
14042
14107
10909
7402
6887
8978
10632
9842
7221
4630
3060
2010
870
26
-484
-2214
-5941
-9233
-9733
-9723
-12767
-16713
-16278
-12684
-13150
-19143
-23344
-21461
-18620
-19480
-20538
-18414
-17510
-21595
-25048
-21452
-14987
-13789
-16841
-17301
-14813
-14154
-14456
-10531
-3862
-1912
-5945
-8578
-4933
1425
5276
5829
4481
2302
1402
3940
8280
10006
7620
4031
2240
2617
4080
5059
3896
829
-1384
-1043
37
-228
-981
-954
-1350
-3183
-4494
-3433
-1563
-1209
-2055
-2878
-3644
-3618
-1044
2825
3589
363
-1867
420
4253
5785
5874
6315
5780
3919
4277
8143
10506
7544
3453
3979
7490
8724
7540
7316
7783
6329
4282
5238
8320
9016
6159
3069
2249
3199
4874
6438
6252
3576
756
867
3883
7293
9177
8867
6606
4629
6260
11509
15847
15731
13028
11676
12484
13898
15362
16762
16546
13708
10466
9972
11926
12856
10537
6361
3289
2533
2579
1191
-1914
-5044
-7057
-8433
-9626
-10592
-12570
-17090
-21906
-22004
-17187
-14227
-17790
-23643
-25351
-23234
-21211
-19382
-16542
-15917
-20300
-24493
-21280
-13028
-8695
-10568
-12820
-12362
-11650
-10556
-5449
1840
3608
-1920
-6517
-3475
3750
8136
8101
6044
3431
1552
2807
7146
10238
8404
3275
-487
-234
2878
5253
3810
-570
-3368
-2111
276
436
-231
675
1186
-1097
-2964
-262
3916
3340
-796
-1629
1875
3898
2483
2273
4929
5686
2577
909
4216
7752
6185
2161
1571
4363
5778
4168
2250
1779
1552
704
389
1333
2041
839
-1372
-1849
364
2787
2576
399
-621
590
2109
2693
3341
4335
4024
2234
1775
4311
7421
8147
7095
6683
7537
8983
10969
13140
13941
12889
11999
12992
14785
15398
14530
12790
10453
8408
8167
9416
9570
7060
3257
281
-1126
-1187
-783
-1804
-5298
-9244
-10694
-9796
-9073
-9700
-11527
-15072
-19498
-20686
-16462
-11834
-13083
-18296
-20430
-18176
-16105
-15290
-12725
-9854
-11800
-16815
-16557
-9498
-4324
-6337
-9993
-9442
-7214
-6752
-5125
-82
3200
164
-4311
-2851
3239
6991
6280
4448
3385
2528
2722
5195
7791
7055
3378
472
583
2861
5233
5740
3559
458
-451
1449
3701
4479
4165
2977
642
-1110
242
3458
4293
1704
-882
-1247
-756
-209
1569
3668
2891
-518
-2013
343
2989
2952
1811
1277
39
-2137
-2214
795
2812
658
-2929
-3801
-2278
-874
340
2126
2810
864
-1345
-343
3230
5616
5175
3641
2912
3323
4758
7011
8920
8912
6987
5209
5697
8397
11053
11520
10015
8640
8797
10060
11531
12740
12859
11070
8603
8181
10159
11500
10093
7618
6322
5638
4353
3387
3487
2725
-428
-3709
-4308
-3553
-4662
-7447
-9187
-9497
-10307
-11784
-12248
-11823
-12423
-14040
-14459
-13069
-11945
-12541
-13811
-14232
-13700
-12910
-12398
-12473
-12946
-12962
-12002
-10664
-9697
-9070
-8629
-8513
-8137
-6362
-3654
-2294
-3103
-3884
-2646
-479
624
916
1682
2502
2250
1658
2330
3861
4366
3585
3187
3909
4436
3670
2480
2306
3048
3448
3066
2664
2595
2133
1176
1224
3051
4545
3279
634
288
2620
4142
3032
1236
40
-1788
-3618
-1995
2792
4534
-105
-5538
-5216
-1043
1158
1057
1589
1351
-2295
-5366
-1862
5083
6182
140
-4581
-3069
340
1603
2774
4881
4010
-547
-2121
3477
10283
10582
5780
2773
3723
5792
7684
9941
10782
7849
3422
2654
6483
10447
10756
8213
5784
5218
6621
9056
10728
10069
7356
4648
3854
5068
6491
5939
3002
-218
-1259
-81
1173
865
-873
-3104
-4823
-5020
-3725
-2813
-4058
-6590
-7985
-7645
-7177
-7688
-8738
-9848
-10939
-11278
-10186
-8825
-9142
-10867
-11718
-10717
-9184
-8290
-7847
-7764
-8404
-9036
-8180
-6066
-4740
-5108
-5772
-5337
-4013
-2430
-772
348
119
-683
-20
2489
4685
4769
3541
2886
3456
4712
5941
6349
5294
3362
2345
3321
5272
6137
4890
2422
717
1058
2643
3365
2276
508
-655
-1290
-1664
-1341
-850
-2206
-5621
-7670
-5652
-2131
-1648
-4219
-6023
-5653
-5059
-4635
-2599
36
-579
-4340
-5715
-1929
2290
1832
-1360
-2386
-1017
-27
861
3468
5683
3868
-39
-64
4823
9015
8595
5994
4773
4883
5382
7214
10174
10935
7653
3748
3693
7032
9695
9574
7847
6119
5185
5829
8131
10221
9859
7254
4866
4604
6226
8045
8261
6258
3405
1965
2612
3863
4188
3394
1719
-607
-2349
-1951
-197
4
-2390
-4941
-5477
-5044
-5394
-6026
-5973
-6295
-8047
-9644
-9158
-7796
-8064
-9661
-10218
-9313
-8649
-8742
-8438
-7603
-7422
-7920
-7705
-6456
-5398
-5081
-4745
-4050
-3485
-2991
-2040
-1014
-692
-574
375
1656
1964
1616
1983
2890
3000
2529
2943
4002
3909
2573
1917
2527
2777
1915
1256
1474
1354
251
-602
-396
-139
-636
-1190
-1322
-1759
-2736
-3277
-3113
-3318
-4206
-4679
-4414
-4481
-4989
-4598
-3280
-2936
-4050
-4502
-3157
-1818
-1917
-2080
-1076
-349
-1153
-1762
-408
1325
1132
-22
246
1635
2284
2496
3775
5298
5069
3823
4108
5911
6828
6348
6277
6912
6583
5377
5451
6882
7044
5259
4287
5579
6763
5939
4939
5686
6558
5525
4121
4699
5935
4993
2629
2027
3340
3552
1693
248
691
1242
329
-846
-872
-711
-1724
-3031
-2953
-1885
-1743
-3098
-4539
-4747
-3977
-3378
-3591
-4287
-4802
-4950
-5003
-4932
-4341
-3508
-3558
-4744
-5522
-4574
-2969
-2680
-3622
-4041
-3441
-2964
-2942
-2388
-1255
-915
-1664
-1866
-568
909
1095
488
295
534
628
708
1104
1398
1068
376
-137
-376
-341
126
758
875
386
-49
-76
-12
8
190
298
-128
-745
-753
-291
-262
-819
-1346
-1758
-2338
-2584
-1872
-1026
-1398
-2629
-3204
-2895
-2591
-2170
-1020
-197
-1206
-2853
-2446
-212
818
-356
-1482
-1238
-978
-1299
-675
1024
1338
-547
-1845
-581
1262
1385
820
1292
1869
1254
884
2493
4574
4529
2816
1917
2445
3165
3771
4728
5220
4108
2461
2524
4348
5705
5269
3902
2857
2506
2903
3943
4749
4230
2560
1192
1246
2470
3668
3689
2281
478
-173
779
2193
2638
1731
92
-1258
-1344
-16
1402
1171
-785
-2608
-2641
-1084
636
1316
603
-917
-1920
-1372
350
1794
1920
824
-637
-1309
-392
1460
2254
896
-1225
-1983
-1173
-190
157
-43
-904
-2329
-3023
-1930
-321
-446
-2271
-3608
-3469
-3074
-3335
-3601
-3471
-3764
-4804
-5508
-5169
-4643
-4828
-5300
-5387
-5353
-5527
-5353
-4429
-3592
-3810
-4589
-4603
-3564
-2467
-2088
-2184
-2214
-2063
-1725
-968
133
805
435
-319
-147
1111
2183
2210
1842
1872
1939
1618
1701
2876
3990
3456
1923
1551
2757
3717
3292
2435
2184
2204
2130
2540
3545
3916
2845
1456
1349
2408
3171
2842
2020
1637
1914
2395
2639
2710
2861
2926
2567
2154
2472
3238
3141
1953
1197
1766
2380
1737
653
422
530
-26
-547
-11
570
-335
-1865
-2030
-1106
-1065
-2168
-2898
-2902
-3239
-3841
-3538
-2610
-2647
-3697
-4113
-3445
-2936
-2952
-2476
-1532
-1512
-2528
-2887
-1866
-783
-585
-580
-267
-293
-702
-275
1361
2688
2430
1307
757
1155
2042
2954
3308
2524
963
-47
344
1573
2378
1902
265
-1388
-1668
-495
565
177
-1164
-2119
-2243
-1806
-917
-31
-277
-1872
-3132
-2564
-1064
-481
-954
-1367
-1482
-1677
-1415
-76
1274
1055
-239
-646
363
1524
2043
2247
2154
1411
671
1107
2385
2856
1956
824
395
434
598
919
1008
235
-1000
-1502
-1026
-571
-796
-1323
-1787
-2324
-2783
-2648
-2058
-1863
-2352
-2837
-2765
-2342
-1862
-1286
-772
-769
-1210
-1308
-518
742
1596
1573
939
475
899
2096
3031
2818
1770
1022
1282
2289
3259
3453
2640
1490
1188
2124
3205
3069
1729
431
50
303
485
270
-304
-1100
-1811
-2026
-1662
-1185
-1175
-1673
-2111
-1930
-1208
-529
-297
-387
-507
-524
-302
309
1027
1154
574
219
902
2055
2460
1915
1327
1293
1564
1833
2099
2180
1794
1269
1288
1744
1750
1005
237
12
19
-148
-350
-517
-1015
-1869
-2381
-2106
-1586
-1534
-1861
-2097
-2178
-2221
-2030
-1504
-1128
-1337
-1698
-1436
-567
150
330
372
688
1140
1428
1631
2018
2547
2864
2781
2520
2431
2610
2888
3076
3048
2665
1939
1282
1194
1545
1559
803
-160
-504
-254
-148
-561
-1148
-1567
-1928
-2357
-2630
-2573
-2468
-2685
-3114
-3304
-3099
-2780
-2624
-2601
-2567
-2488
-2343
-2009
-1492
-1103
-1118
-1279
-1020
-259
373
342
-40
-49
466
963
1024
866
898
1130
1242
1044
644
256
26
-32
-48
-228
-639
-1045
-1116
-849
-656
-896
-1392
-1631
-1445
-1218
-1303
-1508
-1434
-1099
-868
-893
-941
-787
-464
-132
74
92
27
109
364
467
228
-13
160
575
687
363
-6
-104
15
170
162
-246
-1004
-1528
-1311
-763
-846
-1783
-2702
-2766
-2168
-1742
-1925
-2446
-2825
-2841
-2567
-2175
-1823
-1642
-1666
-1666
-1268
-398
505
1044
1399
1983
2749
3347
3790
4302
4666
4522
4249
4633
5568
6048
5675
5206
5252
5456
5400
5350
5495
5351
4608
3810
3518
3467
3175
2707
2246
1591
700
80
-7
-107
-737
-1561
-2032
-2236
-2517
-2824
-3033
-3378
-3919
-4124
-3635
-2970
-2823
-3034
-2948
-2481
-2128
-2098
-2051
-1732
-1350
-1221
-1326
-1343
-1065
-638
-356
-283
-248
-193
-204
-170
76
234
-233
-1114
-1443
-869
-271
-441
-960
-1091
-992
-1152
-1341
-1144
-935
-1252
-1679
-1465
-853
-692
-1027
-1172
-954
-800
-754
-451
16
161
4
63
412
615
530
482
609
720
790
980
1185
1118
819
588
498
397
269
173
-16
-432
-906
-1190
-1294
-1348
-1370
-1394
-1560
-1823
-1889
-1648
-1328
-1087
-852
-675
-747
-888
-589
183
817
978
1101
1617
2280
2693
2974
3404
3868
4155
4438
4947
5443
5527
5313
5293
5594
5787
5530
5061
4871
5053
5202
4959
4444
3985
3619
3144
2561
2055
1565
855
81
-269
-188
-313
-1007
-1820
-2258
-2511
-2925
-3304
-3328
-3249
-3517
-3989
-4162
-3969
-3767
-3711
-3666
-3622
-3633
-3490
-2984
-2411
-2287
-2570
-2675
-2312
-1831
-1657
-1786
-1998
-2182
-2284
-2218
-2008
-1841
-1805
-1748
-1532
-1264
-1124
-1112
-1125
-1180
-1364
-1601
-1691
-1597
-1488
-1465
-1451
-1398
-1387
-1399
-1245
-900
-665
-735
-808
-472
168
583
525
293
277
526
831
1004
1009
972
1069
1300
1430
1294
1058
958
952
834
586
329
81
-201
-402
-394
-334
-501
-889
-1218
-1315
-1259
-1182
-1154
-1216
-1328
-1354
-1252
-1183
-1248
-1250
-949
-424
39
330
554
815
1133
1527
1954
2274
2458
2709
3204
3790
4167
4288
4385
4614
4891
5067
5118
5111
5111
5130
5120
4992
4695
4308
3976
3752
3501
3068
2506
2070
1880
1703
1223
468
-224
-639
-858
-1030
-1238
-1579
-2083
-2514
-2586
-2452
-2608
-3166
-3631
-3616
-3366
-3303
-3403
-3399
-3282
-3217
-3169
-2995
-2781
-2711
-2712
-2566
-2298
-2146
-2164
-2159
-2025
-1863
-1749
-1626
-1491
-1462
-1567
-1617
-1450
-1194
-1137
-1339
-1519
-1419
-1175
-1145
-1417
-1681
-1651
-1390
-1135
-966
-818
-688
-622
-570
-444
-270
-140
-67
3
66
98
161
333
563
704
726
746
876
1085
1260
1319
1252
1081
835
583
447
483
543
384
-41
-460
-571
-369
-147
-183
-508
-893
-1053
-924
-742
-752
-856
-775
-466
-177
-44
42
139
176
243
618
1285
1811
1928
1934
2275
2954
3640
4098
4294
4283
4248
4447
4894
5272
5339
5215
5086
4930
4714
4593
4636
4593
4240
3740
3400
3225
2980
2585
2150
1708
1186
603
96
-272
-592
-974
-1433
-1912
-2309
-2514
-2515
-2493
-2699
-3160
-3560
-3570
-3282
-3127
-3316
-3539
-3420
-3044
-2759
-2647
-2561
-2525
-2668
-2796
-2544
-2004
-1717
-1920
-2255
-2364
-2302
-2204
-2005
-1764
-1782
-2114
-2337
-2137
-1787
-1757
-2092
-2467
-2634
-2551
-2306
-2105
-2128
-2284
-2285
-2070
-1856
-1731
-1514
-1135
-798
-616
-419
-82
249
446
609
852
1105
1262
1359
1473
1635
1863
2141
2346
2388
2363
2375
2316
2059
1751
1626
1611
1434
1073
746
537
317
35
-213
-372
-459
-477
-467
-554
-737
-809
-666
-538
-656
-876
-879
-598
-196
190
486
642
779
1154
1771
2284
2463
2510
2698
2980
3203
3407
3641
3759
3678
3621
3785
3997
3970
3719
3446
3198
2893
2534
2212
1942
1648
1255
745
222
-107
-187
-274
-628
-1142
-1520
-1731
-1955
-2198
-2338
-2441
-2657
-2854
-2783
-2558
-2523
-2668
-2664
-2463
-2368
-2442
-2354
-1979
-1674
-1736
-1957
-1968
-1751
-1560
-1528
-1577
-1600
-1561
-1487
-1422
-1404
-1431
-1483
-1542
-1600
-1669
-1790
-1963
-2089
-2091
-2021
-1956
-1878
-1784
-1779
-1851
-1734
-1304
-913
-920
-1064
-789
-96
452
571
568
745
1035
1310
1593
1822
1843
1759
1897
2268
2492
2368
2165
2181
2372
2525
2531
2361
2058
1809
1762
1749
1469
936
478
264
140
-47
-248
-382
-473
-572
-683
-783
-807
-685
-499
-453
-564
-570
-305
26
157
138
212
475
848
1244
1546
1626
1546
1591
1921
2368
2669
2765
2741
2678
2664
2734
2754
2556
2238
2055
1994
1786
1388
1103
1075
1053
816
516
350
199
-133
-542
-764
-766
-762
-918
-1198
-1486
-1686
-1745
-1692
-1656
-1741
-1884
-1910
-1747
-1552
-1513
-1595
-1590
-1440
-1334
-1386
-1397
-1161
-836
-758
-977
-1234
-1348
-1349
-1305
-1259
-1320
-1516
-1648
-1574
-1503
-1692
-1973
-1989
-1770
-1631
-1593
-1421
-1192
-1238
-1496
-1502
-1161
-941
-1100
-1254
-1046
-712
-612
-624
-408
12
369
618
876
1080
1081
985
1056
1315
1529
1580
1557
1523
1445
1377
1451
1627
1688
1535
1317
1181
1086
960
841
750
590
325
85
-28
-87
-163
-180
-113
-122
-284
-361
-129
230
360
229
120
192
384
620
841
906
801
825
1218
1743
1987
1968
2004
2117
2069
1916
1975
2251
2411
2378
2405
2508
2394
2041
1823
1867
1829
1505
1148
955
738
383
159
212
184
-249
-822
-1074
-1053
-1180
-1542
-1805
-1773
-1683
-1826
-2153
-2385
-2377
-2239
-2163
-2193
-2240
-2234
-2216
-2246
-2291
-2271
-2188
-2125
-2136
-2171
-2146
-2059
-2000
-2036
-2068
-1918
-1606
-1404
-1506
-1736
-1779
-1618
-1491
-1492
-1491
-1463
-1554
-1748
-1768
-1487
-1184
-1174
-1404
-1596
-1636
-1579
-1432
-1164
-858
-638
-470
-256
-53
22
62
301
730
1033
1004
815
735
797
883
980
1139
1308
1413
1524
1715
1873
1867
1827
1978
2225
2244
1957
1625
1418
1239
1062
1084
1348
1539
1389
1058
878
925
1048
1148
1188
1108
937
873
1025
1205
1173
985
902
1034
1268
1470
1590
1634
1646
1704
1816
1895
1878
1817
1756
1662
1520
1402
1351
1311
1242
1178
1119
983
750
507
310
91
-205
-531
-828
-1102
-1342
-1494
-1585
-1730
-1977
-2244
-2446
-2595
-2702
-2726
-2656
-2558
-2477
-2430
-2467
-2603
-2701
-2572
-2268
-2062
-2055
-2044
-1846
-1561
-1325
-1076
-733
-452
-402
-421
-208
202
468
431
311
349
500
592
583
532
468
410
405
456
496
472
402
303
184
119
190
335
382
277
126
20
-51
-78
5
156
219
111
-80
-242
-322
-263
-53
147
130
-68
-180
-77
102
201
241
264
208
39
-144
-222
-166
-24
85
-13
-335
-601
-522
-206
-35
-171
-414
-558
-597
-559
-404
-158
65
250
494
786
993
1067
1100
1164
1265
1444
1736
2033
2167
2156
2185
2339
2532
2689
2839
3002
3136
3214
3232
3159
2990
2830
2806
2889
2896
2679
2273
1830
1468
1176
876
547
265
65
-110
-302
-457
-576
-801
-1178
-1474
-1464
-1318
-1418
-1819
-2171
-2247
-2232
-2383
-2620
-2662
-2479
-2348
-2454
-2604
-2493
-2148
-1876
-1807
-1734
-1537
-1434
-1595
-1761
-1608
-1267
-1108
-1159
-1175
-1158
-1305
-1506
-1424
-1070
-822
-807
-754
-544
-414
-498
-592
-536
-454
-461
-482
-451
-426
-399
-282
-123
-56
-35
90
295
427
495
602
691
647
580
671
840
876
779
702
689
727
879
1075
1025
654
357
455
682
612
310
138
160
192
211
276
231
-47
-281
-146
169
215
-46
-222
-92
178
374
462
496
572
795
1116
1305
1276
1263
1461
1709
1765
1737
1886
2181
2338
2258
2140
2156
2250
2305
2293
2232
2092
1842
1526
1248
1064
931
787
627
479
298
16
-325
-587
-708
-768
-876
-1079
-1366
-1674
-1901
-2053
-2307
-2758
-3190
-3292
-3069
-2799
-2656
-2594
-2566
-2558
-2472
-2244
-2029
-2022
-2136
-2154
-2086
-2057
-1960
-1605
-1153
-961
-1028
-1006
-759
-484
-302
-133
-13
-77
-192
-43
319
453
206
-21
118
425
510
347
209
248
394
546
657
690
634
552
524
588
731
920
1070
1075
876
546
263
176
239
246
89
-80
-79
9
-50
-263
-381
-282
-129
-93
-149
-247
-469
-817
-1061
-975
-680
-524
-654
-875
-941
-851
-748
-669
-541
-393
-389
-531
-539
-206
241
382
210
152
471
919
1144
1156
1191
1323
1460
1586
1772
1986
2107
2108
2091
2144
2253
2320
2224
1959
1702
1658
1769
1751
1478
1156
1015
983
838
542
228
-43
-312
-571
-761
-884
-994
-1095
-1176
-1309
-1547
-1786
-1889
-1897
-1947
-2017
-1961
-1806
-1761
-1860
-1878
-1702
-1527
-1507
-1484
-1265
-985
-885
-888
-728
-402
-169
-106
-8
246
499
601
628
708
827
915
974
1057
1183
1324
1388
1273
1037
932
1106
1356
1394
1258
1223
1357
1455
1397
1268
1122
895
601
393
337
338
321
304
260
107
-134
-317
-375
-376
-393
-445
-565
-791
-1041
-1181
-1165
-1083
-1052
-1155
-1395
-1638
-1699
-1587
-1516
-1597
-1678
-1618
-1523
-1535
-1579
-1541
-1500
-1558
-1599
-1448
-1168
-954
-832
-683
-452
-158
203
561
726
675
723
1168
1824
2223
2211
2092
2160
2360
2486
2492
2475
2482
2479
2459
2480
2572
2653
2620
2483
2351
2262
2121
1870
1605
1412
1214
896
524
245
51
-192
-511
-795
-963
-1003
-935
-880
-1080
-1600
-2121
-2266
-2112
-2078
-2337
-2655
-2795
-2775
-2649
-2407
-2139
-2030
-2047
-1913
-1527
-1145
-987
-946
-850
-763
-769
-717
-451
-127
-20
-88
-35
249
558
678
606
444
305
323
561
864
974
855
740
800
937
990
977
982
965
854
716
665
634
483
271
221
378
511
447
300
245
226
95
-111
-204
-127
-52
-154
-432
-757
-987
-1052
-975
-860
-798
-803
-819
-817
-823
-883
-1015
-1149
-1170
-1037
-862
-764
-700
-565
-407
-369
-425
-377
-174
7
73
192
514
885
1060
1028
981
1049
1225
1462
1702
1860
1914
1929
1950
1957
1980
2080
2167
2041
1689
1353
1189
1077
913
821
883
906
702
396
203
62
-212
-574
-806
-878
-948
-1095
-1286
-1532
-1858
-2138
-2216
-2141
-2088
-2096
-2089
-2079
-2125
-2124
-1915
-1566
-1330
-1283
-1247
-1105
-951
-870
-746
-467
-154
-25
-91
-133
13
268
454
520
581
740
991
1257
1485
1650
1748
1814
1878
1889
1784
1645
1632
1729
1730
1558
1424
1491
1615
1593
1493
1485
1511
1408
1230
1137
1083
915
696
589
500
201
-221
-431
-386
-391
-577
-694
-591
-509
-693
-1002
-1121
-1008
-895
-977
-1234
-1500
-1634
-1647
-1696
-1844
-1947
-1875
-1754
-1782
-1889
-1862
-1720
-1682
-1756
-1707
-1454
-1206
-1120
-1091
-971
-755
-489
-207
9
91
140
315
557
652
572
482
448
399
398
604
933
1098
1036
1004
1112
1132
902
610
492
511
541
607
727
746
560
326
232
218
141
44
37
54
-29
-154
-194
-192
-255
-306
-203
-43
-71
-282
-401
-297
-158
-160
-190
-62
175
320
308
244
225
288
460
742
1017
1144
1125
1096
1122
1124
1018
838
704
690
782
889
899
794
691
704
771
725
541
378
364
439
485
478
447
391
312
240
175
71
-59
-124
-104
-98
-173
-261
-307
-388
-561
-716
-721
-635
-625
-743
-886
-948
-916
-824
-754
-805
-971
-1105
-1082
-982
-981
-1120
-1265
-1296
-1212
-1079
-954
-887
-904
-971
-1025
-1045
-1059
-1070
-1056
-1008
-954
-929
-943
-938
-800
-482
-127
40
0
-39
69
233
328
418
585
724
703
633
711
878
888
712
598
696
856
905
894
936
994
967
896
863
816
647
403
241
201
192
167
180
226
212
108
8
-32
-80
-196
-335
-427
-464
-457
-419
-416
-516
-646
-645
-495
-377
-432
-572
-611
-472
-228
-11
71
12
-69
-40
115
286
378
363
296
274
360
491
548
535
563
640
641
541
498
607
756
827
860
913
915
808
671
610
609
615
637
672
638
470
216
-12
-116
-35
202
425
454
285
73
-88
-215
-301
-293
-227
-237
-379
-566
-714
-831
-920
-920
-827
-771
-881
-1134
-1390
-1546
-1585
-1554
-1531
-1559
-1597
-1556
-1430
-1312
-1286
-1330
-1392
-1448
-1453
-1307
-985
-634
-438
-416
-454
-492
-553
-595
-532
-404
-349
-382
-346
-189
-106
-260
-521
-646
-609
-539
-457
-284
-57
98
195
340
460
354
41
-192
-187
-129
-214
-343
-314
-142
0
39
8
-109
-324
-480
-378
-52
237
312
212
27
-209
-410
-399
-110
288
540
535
352
167
131
260
418
465
435
449
538
630
688
724
743
777
900
1072
1110
976
912
1080
1270
1227
1085
1136
1347
1459
1444
1502
1683
1838
1885
1845
1708
1516
1433
1523
1627
1614
1551
1480
1300
1054
995
1175
1275
1079
786
650
655
712
860
1051
1041
724
281
-89
-366
-555
-625
-634
-687
-767
-846
-1035
-1372
-1635
-1639
-1535
-1534
-1574
-1518
-1406
-1266
-1017
-788
-917
-1404
-1798
-1852
-1787
-1729
-1487
-1104
-1008
-1306
-1529
-1356
-1021
-802
-648
-499
-442
-450
-432
-500
-737
-885
-771
-671
-714
-440
343
915
630
-63
-424
-442
-292
305
1245
1647
1204
719
484
-321
-1638
-1965
-1020
-578
-1187
-958
298
-856
-5909
-10129
-8150
-1431
4354
7064
8121
6972
1901
-4325
-6013
-2343
1994
4317
6218
7580
5030
-1308
-5589
-4092
-277
1312
1437
2674
3875
2600
19
-940
-207
312
309
480
189
-1230
-2402
-1874
-606
-99
195
1223
1860
725
-1071
-1464
-588
-252
-1246
-2799
-3712
-2891
-90
3033
4196
3308
2132
1155
-435
-1653
-213
3298
5513
5264
4508
3738
1224
-2202
-2946
-748
420
-781
-1315
-880
-3688
-9855
-12252
-6626
1606
5484
5051
2822
-2134
-9115
-11520
-5299
3558
7140
5970
4248
970
-5517
-9738
-5787
2065
5141
3307
2656
3641
1906
-1416
-885
2866
3932
1680
969
2373
1639
-1181
-1386
1354
2526
1521
2032
3626
1999
-1862
-2056
1797
3590
1377
-99
1024
872
-1503
-1691
1320
2701
828
290
2901
4101
1656
-184
1183
2240
777
108
1860
2018
-1467
-4194
-2971
-1209
-2057
-2760
-827
544
-1437
-3434
-1862
787
929
230
1409
2379
433
-1839
-800
1596
1260
-923
-1292
-165
-570
-2180
-2224
-1129
-1805
-4091
-4934
-3717
-2770
-2723
-1829
-123
14
-1812
-2858
-1480
619
1519
1703
2385
3549
4786
6020
6409
4574
1041
-1478
-1470
-500
-453
-843
-557
-426
-1758
-3563
-3804
-2676
-2093
-2320
-1810
-375
320
-40
380
2037
2502
276
-2199
-1674
1344
3372
2127
-1902
-6767
-9888
-8755
-3154
3675
7704
7353
3233
-3391
-9886
-11956
-7203
1569
8766
10973
7989
1079
-6847
-10967
-8367
-1765
3468
5292
5157
3637
51
-3918
-4616
-1222
3030
5030
4418
2021
-1189
-3287
-2588
-58
1907
2829
3564
3259
517
-2876
-3390
-844
1699
2918
3985
4564
2752
-548
-1857
-543
419
-134
32
1708
2521
1451
682
1408
2009
1806
2393
3803
3612
1396
-118
182
193
-833
-604
1545
2765
1428
-412
-1098
-1753
-2796
-2381
-255
966
316
94
1211
1336
-324
-990
586
1507
-65
-1464
-343
1135
318
-1339
-1299
-442
-932
-2051
-1759
-517
-280
-1070
-1449
-1336
-1754
-2480
-2183
-654
681
483
-1105
-2693
-2943
-1882
-747
-277
51
474
-17
-1786
-3151
-2672
-1545
-1643
-2531
-2726
-2568
-3113
-3416
-1947
164
437
-971
-1692
-1028
-364
-93
618
1236
340
-1303
-1393
-28
333
-813
-1136
266
1115
-125
-1538
-859
1069
1950
1423
841
776
589
-45
-606
-633
-256
255
913
1714
2076
1164
-788
-2086
-1546
-393
-674
-2083
-2393
-1036
226
549
1130
2206
1997
63
-1299
-692
306
587
1669
3989
4563
1590
-1689
-1442
1060
2081
1332
1046
1156
-59
-1834
-1820
-301
460
268
539
702
-902
-3074
-2815
-142
1913
1969
1371
764
-614
-2170
-2058
-372
955
1450
2095
2312
638
-1614
-1350
1231
2521
1191
-27
590
1025
-274
-1285
-116
1328
416
-1725
-1964
48
1825
2000
1525
1080
-56
-1892
-2619
-974
1549
2403
1289
113
-169
-609
-1625
-1524
663
2808
2469
629
-135
55
-751
-2041
-1439
651
1362
561
1070
2865
2288
-1288
-3315
-1212
1496
1489
1022
2863
4605
3006
63
-562
235
-243
-672
1512
4168
3451
728
262
1641
988
-1454
-1629
816
1902
475
-300
774
1178
179
198
1436
887
-1705
-2547
-328
1413
585
-154
1054
1698
-6
-1353
-27
1607
877
-486
94
1291
795
-133
750
2113
1359
-624
-1152
-405
-371
-751
-35
715
-588
-2691
-2510
-451
179
-1080
-1211
655
1526
-173
-1780
-942
628
516
-288
285
1316
564
-1308
-1634
-165
718
133
-216
463
475
-1173
-2643
-2047
-422
52
-692
-1165
-1056
-1209
-1516
-1026
9
221
-600
-1098
-571
43
-164
-836
-1354
-1773
-2150
-1987
-1051
28
468
49
-1014
-2184
-2571
-1664
-186
610
425
-127
-702
-1278
-1350
-460
667
881
305
-69
-98
-251
-118
937
1976
1483
14
-399
514
1048
656
687
1541
1724
531
-671
-704
-8
832
1800
2195
1049
-679
-878
314
654
-238
-361
524
17
-2324
-3390
-1493
768
913
206
257
-328
-2586
-3874
-1812
1193
1404
-527
-1406
-1055
-1607
-2756
-2280
-561
-236
-1596
-2279
-1511
-909
-963
-389
662
282
-1593
-2521
-1390
-2
118
-205
4
130
-352
-618
-168
121
-247
-317
510
1207
843
140
89
254
-249
-1027
-930
172
1213
1325
697
111
77
437
686
633
525
488
288
-56
14
756
1566
1762
1373
670
-327
-1258
-1247
-179
743
651
220
199
-98
-1317
-2214
-1242
717
1313
102
-1160
-1463
-1585
-1912
-1443
182
1522
1307
200
-441
-416
-282
-92
331
591
236
-325
-315
346
1094
1519
1510
1006
254
-31
570
1477
1783
1401
918
582
255
213
969
2117
2374
1313
190
270
1087
1343
934
798
1090
1005
522
709
1726
2116
1016
-290
-276
571
900
850
1421
2150
1544
-269
-1346
-717
377
574
127
-155
-336
-812
-1337
-1481
-1310
-1055
-705
-405
-500
-824
-720
-132
171
-176
-583
-555
-378
-324
-100
378
566
193
-238
-363
-440
-505
-61
785
973
34
-1032
-1230
-909
-729
-367
577
1312
893
-129
-441
71
405
197
19
90
-38
-410
-460
-88
76
-250
-547
-401
-67
175
496
953
1088
576
-154
-387
58
772
1291
1353
870
29
-624
-551
209
980
1108
611
46
-189
-185
-128
13
208
127
-370
-788
-575
57
492
710
1150
1670
1592
937
627
1052
1420
1110
754
1119
1719
1564
795
436
772
1075
897
627
624
653
436
106
-143
-304
-309
-43
288
304
37
-178
-406
-1035
-1872
-2113
-1503
-790
-633
-812
-968
-1331
-2029
-2402
-1895
-1108
-983
-1363
-1378
-978
-911
-1265
-1282
-791
-615
-1119
-1461
-944
-167
-32
-380
-459
-180
-9
-28
29
49
-279
-720
-711
-223
248
495
707
809
426
-352
-811
-458
400
1093
1222
783
36
-585
-740
-475
-98
221
491
643
538
251
71
181
499
778
761
373
-138
-399
-390
-419
-525
-340
186
414
-175
-1149
-1623
-1320
-690
-192
62
123
86
36
-132
-584
-1049
-942
-249
247
55
-328
-329
-215
-394
-463
124
937
1106
636
230
116
35
108
634
1192
1057
430
170
361
337
116
500
1501
2003
1451
690
550
689
538
401
731
1144
1017
484
39
-293
-614
-544
171
865
675
-207
-831
-818
-590
-419
-140
181
114
-400
-819
-758
-479
-403
-553
-725
-877
-1061
-1212
-1238
-1183
-1146
-1120
-1052
-984
-1012
-1124
-1164
-989
-659
-403
-367
-452
-499
-507
-506
-352
45
386
256
-251
-558
-345
113
427
511
421
181
-21
89
429
618
599
708
959
888
400
101
366
721
679
537
722
969
881
758
1024
1324
1102
687
807
1284
1302
804
542
737
788
450
263
508
689
476
299
538
823
711
449
528
877
1045
896
678
597
643
721
740
698
732
940
1157
1146
964
840
745
470
96
-31
179
441
557
595
607
542
477
574
756
766
561
329
151
-24
-140
-83
70
149
125
-24
-407
-892
-978
-496
-56
-228
-681
-785
-715
-1060
-1645
-1744
-1358
-1200
-1414
-1358
-861
-610
-930
-1183
-873
-465
-538
-853
-903
-753
-722
-727
-579
-498
-760
-1128
-1173
-899
-621
-453
-314
-227
-236
-201
6
272
432
488
495
441
443
728
1220
1467
1218
811
701
875
1003
913
670
382
182
225
476
658
602
437
302
80
-306
-609
-525
-144
157
181
47
-88
-209
-340
-441
-460
-408
-320
-212
-139
-243
-616
-1049
-1108
-625
-27
105
-227
-480
-349
-87
34
117
273
292
76
-56
120
263
-8
-434
-469
-110
177
191
136
126
57
-87
-195
-261
-308
-245
-70
-26
-194
-227
95
403
300
41
49
125
-152
-540
-480
-111
-77
-404
-496
-230
-131
-347
-360
5
177
-181
-560
-447
-113
-81
-331
-540
-667
-836
-922
-729
-380
-177
-246
-486
-754
-930
-975
-960
-911
-716
-410
-374
-826
-1314
-1242
-763
-520
-600
-491
-106
1
-357
-598
-326
43
38
-129
-94
-15
-196
-462
-463
-253
-83
49
244
349
224
70
128
267
247
156
203
319
316
246
243
207
0
-225
-232
-114
-133
-279
-334
-286
-319
-442
-421
-163
128
241
229
258
348
366
266
204
318
476
397
71
-140
21
327
371
104
-178
-277
-220
-63
135
186
-40
-336
-370
-141
82
211
395
637
747
690
662
743
790
731
667
633
538
390
300
239
102
-17
99
406
608
575
460
366
227
68
65
266
513
690
805
824
668
407
228
203
275
420
598
639
429
129
-43
-106
-146
-76
124
172
-116
-423
-396
-273
-498
-906
-942
-584
-370
-488
-542
-323
-145
-239
-384
-360
-256
-156
35
253
247
34
-51
94
199
184
326
687
881
675
368
287
343
354
408
568
604
354
60
26
171
222
138
60
33
9
-11
-26
-74
-103
15
248
379
317
230
252
294
265
228
230
181
35
-90
-94
-12
96
203
211
12
-302
-506
-552
-599
-670
-592
-327
-105
-104
-233
-333
-395
-459
-499
-495
-461
-357
-139
46
-21
-316
-553
-556
-429
-296
-124
135
395
545
560
449
251
79
32
63
98
218
506
757
663
255
-109
-246
-307
-401
-394
-244
-197
-449
-832
-1049
-1060
-1022
-993
-914
-802
-772
-853
-939
-932
-851
-807
-878
-1009
-1028
-832
-554
-454
-618
-842
-868
-672
-446
-341
-354
-419
-506
-592
-590
-431
-172
31
95
97
131
164
102
-37
-101
27
307
605
828
966
1035
1028
954
903
983
1158
1234
1104
903
815
796
694
587
702
989
1116
944
721
656
633
546
568
825
1063
991
733
628
732
811
746
622
526
472
455
399
190
-100
-200
-38
87
-55
-282
-365
-401
-526
-559
-331
-89
-138
-329
-340
-247
-308
-397
-207
112
94
-317
-698
-798
-780
-773
-694
-564
-560
-662
-649
-499
-407
-370
-146
245
424
186
-174
-246
25
372
527
442
306
339
485
447
162
-12
178
432
359
80
-25
39
40
66
352
703
699
397
236
280
209
31
138
560
815
673
455
421
402
277
229
296
203
-93
-187
146
566
727
769
929
1056
897
561
357
369
473
575
613
523
368
320
375
368
320
461
796
990
871
673
625
611
499
434
546
655
581
478
571
734
662
298
-119
-390
-494
-496
-486
-548
-672
-754
-750
-727
-732
-741
-752
-782
-768
-625
-426
-318
-286
-209
-124
-165
-250
-171
12
-4
-244
-359
-161
78
85
-20
9
149
254
367
569
692
516
148
-51
77
325
427
338
183
52
-59
-173
-229
-117
166
438
500
356
182
90
58
63
128
220
223
109
-13
-48
-45
-81
-156
-216
-258
-313
-386
-470
-565
-661
-709
-650
-492
-341
-317
-410
-446
-262
68
282
226
12
-160
-238
-300
-393
-481
-507
-451
-363
-343
-433
-515
-421
-170
21
9
-143
-323
-497
-631
-634
-515
-425
-439
-453
-398
-383
-493
-596
-545
-424
-391
-406
-305
-108
-22
-168
-450
-688
-763
-655
-471
-396
-511
-682
-727
-657
-620
-666
-703
-674
-643
-696
-827
-951
-984
-927
-874
-900
-910
-718
-310
47
84
-156
-393
-423
-283
-138
-126
-273
-495
-656
-668
-537
-299
5
272
355
242
112
102
137
79
-15
32
212
313
226
103
111
182
163
94
149
327
394
207
-49
-100
56
157
21
-244
-403
-381
-279
-225
-233
-225
-150
-68
-95
-252
-427
-502
-483
-407
-252
-49
22
-150
-359
-286
50
303
324
341
505
570
295
-82
-117
211
495
476
297
172
84
-33
-92
32
288
489
511
358
134
8
119
431
729
821
718
559
428
319
230
198
231
292
375
509
657
712
650
621
771
1012
1111
1000
854
819
836
807
791
869
943
859
635
410
227
50
-85
-134
-218
-489
-830
-951
-809
-682
-741
-806
-650
-326
-33
171
326
386
297
162
127
167
115
-72
-260
-331
-287
-178
-29
109
150
66
-55
-110
-104
-141
-261
-344
-223
77
301
239
-13
-175
-112
45
147
228
395
616
732
649
427
203
72
34
34
30
41
97
176
222
226
199
111
-67
-241
-254
-108
-8
-74
-151
-30
208
282
118
-34
30
179
158
-39
-206
-259
-326
-490
-646
-689
-683
-717
-733
-643
-518
-515
-644
-754
-736
-581
-329
-69
46
-35
-121
19
316
476
403
309
348
403
348
289
364
484
471
320
144
-9
-136
-173
-112
-87
-175
-227
-115
-12
-135
-340
-295
-25
80
-147
-401
-395
-266
-269
-341
-249
-10
143
115
28
-35
-96
-129
-38
135
187
23
-199
-300
-303
-342
-412
-392
-258
-149
-184
-320
-434
-472
-460
-421
-345
-236
-126
-60
-67
-169
-342
-476
-446
-246
-27
30
-116
-341
-493
-511
-469
-485
-598
-696
-633
-413
-219
-199
-280
-268
-118
5
-36
-168
-201
-68
102
133
-20
-245
-376
-342
-228
-185
-279
-423
-478
-413
-327
-298
-286
-203
-84
-81
-267
-498
-552
-392
-211
-199
-349
-502
-538
-467
-386
-394
-509
-640
-674
-614
-549
-503
-381
-142
84
163
167
273
479
591
513
379
341
360
324
231
140
51
-29
10
233
465
452
209
22
79
255
338
298
245
269
393
590
729
644
341
55
7
170
355
430
382
262
187
260
425
491
386
268
286
364
366
330
338
294
80
-163
-165
71
250
183
25
6
155
365
577
775
868
740
421
116
31
196
445
569
506
369
292
304
330
315
273
259
311
436
585
663
573
318
58
-2
172
381
414
292
195
200
216
188
185
249
303
301
290
266
132
-79
-135
79
351
420
328
278
299
275
219
221
211
19
-317
-548
-549
-443
-356
-254
-83
91
154
80
-58
-132
-57
99
132
-19
-114
81
415
498
238
-14
43
248
233
-53
-301
-261
-39
99
61
-15
22
180
346
407
323
147
-3
-35
5
-19
-144
-254
-234
-139
-98
-115
-103
-51
-65
-178
-272
-228
-89
-11
-73
-203
-289
-299
-276
-256
-221
-166
-139
-182
-244
-221
-89
51
83
-6
-122
-173
-156
-153
-235
-374
-461
-437
-355
-327
-415
-576
-686
-628
-422
-244
-248
-387
-497
-545
-630
-761
-800
-676
-492
-336
-179
-12
59
-8
-71
-3
125
162
102
66
125
245
345
370
335
328
395
440
380
302
330
386
294
80
-69
-112
-179
-282
-298
-220
-182
-198
-152
-74
-126
-283
-318
-191
-124
-232
-373
-448
-543
-673
-698
-622
-651
-822
-874
-681
-503
-598
-824
-884
-765
-702
-795
-893
-815
-547
-210
62
231
338
420
448
414
407
518
694
809
799
689
527
371
292
308
388
522
687
760
640
459
443
559
554
379
262
273
204
-5
-91
51
131
-45
-207
-103
27
-155
-497
-585
-374
-176
-152
-189
-191
-168
-95
-2
-84
-443
-822
-878
-675
-568
-665
-708
-517
-264
-205
-352
-530
-601
-539
-392
-242
-173
-215
-327
-441
-521
-580
-635
-636
-483
-161
178
354
351
300
276
234
137
34
-30
-79
-141
-179
-139
-9
178
385
553
607
514
330
164
88
120
261
483
645
566
249
-24
25
326
598
737
853
922
737
328
92
291
678
834
698
511
416
397
441
526
530
400
304
419
658
800
765
647
556
581
756
945
932
760
720
893
977
778
569
665
917
954
760
638
716
816
776
629
480
386
358
366
354
320
291
229
100
5
58
121
-62
-434
-605
-373
-9
109
-68
-310
-413
-324
-121
46
73
23
16
56
101
224
500
793
890
779
619
501
432
439
472
365
101
-51
101
325
309
109
-1
29
70
85
86
-11
-187
-201
2
76
-201
-477
-366
-90
-92
-268
-187
103
133
-183
-429
-384
-295
-350
-388
-266
-133
-167
-326
-465
-497
-389
-191
-91
-247
-542
-721
-698
-601
-562
-621
-780
-936
-893
-614
-352
-370
-582
-717
-707
-710
-796
-849
-789
-689
-628
-584
-491
-337
-208
-226
-408
-568
-476
-146
137
141
-44
-172
-153
-111
-162
-261
-291
-208
-71
43
115
165
197
194
162
117
58
-27
-104
-120
-73
5
93
175
202
148
86
112
220
332
411
466
477
418
317
225
147
114
192
355
437
340
177
87
30
-90
-215
-227
-162
-145
-198
-262
-328
-406
-453
-436
-398
-367
-310
-272
-355
-501
-485
-252
-46
-60
-178
-193
-101
12
131
218
159
-25
-134
-105
-162
-445
-725
-717
-494
-363
-449
-608
-669
-614
-521
-453
-388
-279
-195
-290
-554
-740
-690
-568
-586
-677
-692
-686
-738
-696
-447
-234
-316
-503
-439
-179
-39
-42
32
162
140
2
-23
53
39
-38
-11
39
-83
-261
-222
-22
52
-1
50
191
184
40
1
51
-67
-364
-531
-410
-183
-32
47
64
-8
-82
-23
103
122
70
144
370
560
610
591
558
502
492
637
867
955
803
555
416
456
615
777
830
718
491
263
137
149
252
347
357
304
262
269
327
446
626
809
908
889
779
629
504
441
412
368
341
406
552
683
761
791
705
424
77
-74
37
181
167
67
45
104
139
86
-33
-168
-249
-228
-132
-28
45
80
49
-41
-114
-136
-172
-268
-359
-380
-340
-225
15
292
381
219
18
-43
-30
-48
-41
19
26
-24
75
389
649
648
562
636
791
824
784
854
989
982
809
641
591
612
625
609
578
570
605
632
584
473
351
225
113
104
216
276
141
-59
-111
-46
-75
-263
-491
-636
-620
-379
9
270
252
118
83
110
77
24
7
-61
-220
-327
-297
-264
-283
-207
-40
-71
-393
-652
-588
-438
-489
-592
-490
-302
-279
-371
-408
-454
-606
-705
-596
-432
-429
-517
-536
-522
-550
-535
-452
-473
-659
-783
-701
-614
-701
-811
-757
-628
-563
-495
-364
-328
-473
-580
-453
-246
-207
-294
-313
-270
-307
-419
-458
-348
-158
17
110
87
-19
-94
-44
114
274
322
247
171
223
337
326
170
96
245
438
414
182
-36
-102
-62
-19
-40
-126
-194
-134
39
186
221
202
212
280
397
523
542
365
106
-19
53
187
261
264
217
127
45
23
45
83
138
162
46
-181
-288
-145
73
140
75
18
-35
-154
-273
-290
-239
-203
-150
-42
39
21
-12
36
106
94
16
-44
-54
-22
17
-14
-148
-238
-144
9
-37
-281
-476
-526
-563
-620
-558
-382
-308
-409
-519
-533
-556
-639
-653
-517
-330
-205
-163
-211
-334
-414
-371
-316
-361
-383
-252
-135
-235
-377
-224
147
346
279
244
374
439
302
163
211
328
330
225
124
61
39
77
129
88
-58
-192
-213
-133
-13
76
57
-67
-160
-89
69
125
39
-41
0
100
129
59
-35
-79
-69
-53
-59
-48
66
319
630
829
797
613
507
597
728
648
357
97
26
59
72
72
94
123
184
355
571
617
438
259
287
444
556
605
615
512
284
129
207
376
369
173
-7
-64
-50
11
149
306
357
281
192
184
242
294
281
199
130
173
274
249
40
-164
-157
6
116
118
110
121
70
-23
7
215
395
322
52
-153
-159
-66
-16
-14
5
30
29
49
170
356
462
404
275
232
305
378
332
184
48
6
46
113
167
182
145
76
27
9
-42
-175
-332
-402
-338
-199
-57
38
67
45
17
20
39
39
1
-59
-101
-61
67
167
116
-30
-81
31
171
231
270
343
343
173
-64
-201
-248
-330
-453
-480
-316
-30
218
292
178
9
-53
2
49
29
15
31
-6
-105
-123
-9
41
-136
-381
-420
-271
-213
-347
-448
-331
-142
-150
-360
-515
-441
-230
-71
-31
-69
-153
-255
-289
-196
-55
-7
-74
-144
-134
-95
-110
-179
-240
-236
-172
-116
-135
-201
-235
-238
-299
-391
-362
-184
-59
-117
-222
-211
-150
-149
-135
-50
-72
-311
-513
-383
-92
-72
-384
-678
-733
-662
-596
-503
-375
-299
-287
-265
-225
-199
-143
-40
-14
-135
-213
-50
227
342
283
231
222
187
209
392
568
488
259
222
457
694
734
638
513
396
369
499
670
673
527
471
616
808
856
757
604
445
283
128
19
-7
61
172
246
235
150
30
-54
-14
143
252
156
-82
-240
-209
-87
-19
-62
-180
-286
-299
-237
-205
-251
-301
-316
-371
-484
-526
-414
-268
-224
-240
-229
-236
-328
-433
-425
-295
-108
89
213
171
22
-44
10
3
-155
-294
-252
-121
-72
-119
-182
-240
-290
-304
-309
-362
-381
-191
191
517
614
558
467
345
192
72
4
-72
-151
-151
-88
-77
-125
-114
-3
105
128
89
40
18
66
161
162
5
-148
-91
130
302
329
276
217
187
215
266
230
114
90
217
303
196
51
70
161
97
-109
-247
-229
-141
-37
59
37
-185
-450
-492
-286
-93
-118
-257
-270
-95
96
124
24
-27
46
126
98
8
-46
-77
-150
-247
-312
-349
-367
-318
-210
-175
-289
-413
-372
-213
-104
-86
-71
-18
23
11
-42
-78
-24
107
161
33
-135
-125
11
33
-70
-93
-20
-53
-176
-110
172
308
111
-134
-145
-31
21
84
229
292
181
101
189
230
30
-209
-195
14
198
344
533
659
593
472
528
711
776
646
500
513
680
871
930
799
594
498
536
579
558
537
552
527
452
433
516
597
569
435
223
-53
-308
-395
-289
-159
-189
-374
-515
-421
-142
26
-123
-435
-568
-471
-436
-636
-864
-882
-767
-730
-797
-870
-928
-959
-884
-712
-609
-641
-653
-551
-504
-637
-778
-698
-445
-228
-129
-131
-216
-295
-209
4
85
-48
-131
-9
86
-47
-177
-22
233
187
-161
-463
-538
-499
-419
-247
-57
-19
-120
-149
-12
144
169
97
57
115
239
326
274
113
-5
28
133
170
119
55
-5
-119
-291
-446
-502
-455
-387
-394
-489
-587
-587
-471
-291
-121
-47
-114
-203
-108
163
324
175
-101
-185
-53
52
8
-91
-143
-134
-42
121
221
145
24
89
339
556
629
642
648
589
469
403
435
484
488
468
443
405
392
446
513
509
453
450
522
597
615
550
382
149
-19
-34
31
79
152
325
506
527
404
336
428
566
570
405
209
148
257
408
447
370
281
227
170
129
174
265
262
142
53
44
-29
-243
-432
-451
-418
-504
-627
-572
-340
-151
-128
-185
-210
-209
-223
-233
-211
-167
-113
-61
-47
-108
-215
-308
-373
-414
-384
-236
-66
-37
-163
-265
-236
-207
-332
-506
-507
-327
-205
-262
-333
-220
45
269
332
231
16
-191
-254
-192
-206
-407
-627
-635
-449
-269
-166
-46
113
177
60
-136
-258
-282
-281
-276
-208
-30
209
390
427
342
229
173
225
365
488
494
440
511
725
830
621
268
103
171
220
129
58
142
292
371
363
312
235
185
200
176
-14
-256
-271
-29
162
83
-118
-213
-244
-366
-517
-483
-271
-159
-328
-594
-626
-372
-118
-96
-200
-201
-125
-202
-453
-630
-587
-473
-432
-377
-235
-162
-298
-466
-387
-85
153
208
242
398
557
506
251
52
119
330
377
187
45
173
386
393
258
241
317
228
-7
-80
75
171
54
-66
-35
0
-95
-197
-173
-93
-15
136
302
227
-154
-528
-615
-524
-506
-567
-564
-487
-423
-371
-282
-181
-125
-119
-157
-229
-264
-183
-43
28
17
13
17
-28
-52
40
124
-20
-322
-448
-281
-83
-93
-216
-245
-168
-80
7
116
180
128
37
59
242
467
558
447
252
186
308
435
348
80
-128
-123
10
100
97
92
187
372
521
518
366
174
44
7
47
98
85
22
21
135
250
258
228
257
262
132
-30
-44
25
-32
-192
-215
-49
104
115
66
-7
-178
-364
-335
-94
49
-64
-188
-68
194
341
315
213
86
-17
15
177
247
80
-147
-184
-76
-69
-236
-431
-536
-543
-431
-183
81
200
177
149
156
120
69
132
289
325
155
