-11
-30
-19
-1
-10
-43
-52
-29
-9
-12
-18
-9
4
10
19
36
38
15
-6
-9
-4
-10
-20
-22
-19
-22
-22
-8
12
20
8
-16
-35
-40
-29
-16
-13
-19
-24
-26
-27
-27
-22
-22
-29
-30
-21
-21
-43
-77
-93
-87
-77
-81
-89
-88
-81
-73
-70
-74
-80
-72
-45
-20
-18
-32
-40
-35
-29
-21
1
35
53
44
21
9
8
9
8
13
20
15
5
2
10
11
-1
-3
24
59
69
49
30
32
44
44
34
27
26
23
10
-5
-14
-13
-3
8
11
1
-17
-29
-23
-1
19
24
20
19
18
6
-11
-12
8
19
5
-19
-21
-3
11
14
13
7
-14
-37
-38
-19
-1
4
5
1
-12
-23
-14
14
42
53
54
49
33
19
17
26
32
29
28
38
43
38
27
25
36
53
73
88
94
96
96
87
68
46
33
35
48
62
64
54
45
51
59
42
0
-29
-19
9
20
9
-11
-31
-59
-82
-83
-66
-52
-52
-53
-48
-44
-45
-42
-32
-27
-42
-67
-74
-56
-32
-24
-23
-16
-5
-1
-6
-12
-19
-32
-42
-35
-14
0
-1
4
17
13
-18
-48
-41
-2
27
24
2
-16
-23
-25
-23
-17
-6
-2
-8
-15
-15
-11
-12
-17
-14
-1
2
-15
-34
-22
24
69
70
29
-12
-18
7
28
26
14
13
26
33
33
38
49
52
40
21
9
-1
-9
-17
-25
-35
-41
-39
-33
-31
-36
-44
-49
-46
-34
-17
-9
-22
-50
-72
-72
-48
-17
-4
-21
-44
-40
-8
18
19
10
10
6
-16
-42
-48
-35
-19
-14
-25
-40
-37
1
46
52
22
-1
9
28
39
58
88
88
38
-11
-4
44
72
59
42
49
63
64
48
27
7
-5
-7
2
16
29
36
31
24
30
45
46
26
11
15
26
21
10
9
26
42
44
29
6
-9
-8
-1
-7
-24
-30
-14
3
-1
-11
-8
1
-7
-29
-41
-33
-23
-30
-41
-37
-17
-6
-15
-29
-33
-28
-23
-15
-7
-2
-4
-5
-2
-1
-1
2
5
-2
-21
-32
-25
-15
-19
-27
-20
1
15
13
2
-4
3
21
33
24
6
3
15
13
-4
-7
18
40
31
4
-14
-17
-13
2
29
45
34
12
-11
-41
-76
-88
-63
-30
-19
-21
-16
-12
-23
-33
-24
-7
-2
-5
5
25
35
26
10
1
4
20
36
38
26
20
26
31
30
34
48
60
56
48
49
47
38
37
51
63
56
42
45
61
62
45
32
39
54
63
59
52
43
30
12
-1
5
25
40
35
11
-11
-17
-6
11
14
-7
-34
-44
-31
-18
-23
-36
-36
-21
-13
-17
-23
-18
-7
-1
-7
-20
-28
-27
-20
-15
-12
-9
-10
-19
-27
-26
-24
-31
-41
-38
-24
-21
-35
-45
-32
-8
0
-13
-32
-43
-37
-25
-19
-18
-8
14
22
-5
-46
-58
-33
-4
-1
-18
-33
-37
-30
-7
19
20
-12
-43
-45
-33
-39
-65
-80
-55
-2
30
14
-32
-58
-39
-5
-1
-24
-33
-12
0
-36
-102
-143
-128
-74
-19
20
42
53
61
68
62
35
1
-15
-8
-4
-23
-49
-52
-23
14
36
44
48
46
34
24
27
36
33
19
16
28
35
19
-5
-9
16
50
65
53
34
29
39
51
61
69
69
52
22
2
2
15
25
31
35
30
18
12
21
39
49
49
38
14
-5
6
46
67
41
0
0
39
69
60
38
23
17
9
4
8
8
-1
-8
1
16
15
-5
-21
-20
-5
3
-4
-13
-6
15
20
-2
-32
-37
-14
12
16
5
4
19
37
38
17
-10
-26
-29
-33
-45
-46
-27
-7
-15
-39
-45
-24
-3
-1
-5
3
13
10
6
18
26
1
-43
-61
-37
-9
-13
-41
-63
-65
-53
-28
-1
8
-4
-17
-15
-14
-36
-69
-78
-63
-51
-53
-50
-29
-10
-10
-24
-28
-20
-16
-29
-46
-51
-39
-21
-18
-37
-66
-78
-67
-45
-31
-27
-20
-14
-17
-26
-34
-37
-40
-46
-54
-59
-60
-50
-28
-10
-11
-20
-13
12
31
28
16
17
32
49
55
53
48
46
50
49
37
20
5
-3
-3
10
36
53
46
32
39
62
69
45
22
27
49
64
63
61
63
68
67
53
31
18
26
41
43
31
20
19
20
27
42
60
67
58
43
23
-3
-22
-21
-6
5
3
-1
-2
0
4
10
6
-10
-27
-30
-24
-21
-21
-19
-22
-31
-31
-15
-1
-12
-33
-38
-31
-32
-37
-34
-28
-37
-48
-38
-10
-1
-24
-48
-48
-32
-28
-39
-47
-41
-23
-10
-8
-9
-7
-4
-13
-32
-47
-52
-52
-51
-50
-47
-40
-25
-7
0
-12
-30
-27
-6
3
-12
-20
-2
30
44
29
-1
-30
-48
-53
-48
-45
-46
-41
-19
7
19
16
9
8
1
-11
-12
3
17
4
-24
-42
-41
-37
-35
-25
-7
1
-6
-11
-7
-17
-44
-56
-35
-10
-14
-36
-42
-27
-13
-1
28
65
77
52
12
-11
-13
-4
0
-3
-10
-11
-3
9
22
38
46
43
39
45
53
37
7
-2
23
48
45
28
26
35
33
21
19
33
53
62
49
20
-2
-1
17
24
12
-1
4
10
2
-12
-13
1
21
34
39
33
18
-1
-19
-29
-24
-1
27
33
9
-16
-18
2
20
22
14
2
-15
-32
-31
-7
21
22
-7
-31
-21
16
47
53
36
9
-20
-38
-32
-5
20
20
-12
-49
-53
-20
10
-4
-50
-83
-84
-70
-63
-57
-48
-45
-50
-47
-24
4
25
30
9
-35
-73
-59
-5
32
18
-19
-34
-27
-13
-1
14
16
1
-17
-18
-4
10
16
15
7
-3
-3
3
-3
-18
-20
-6
-1
-17
-34
-31
-20
-23
-32
-26
-3
12
6
-15
-35
-35
-11
17
24
6
-16
-21
-8
10
25
26
15
11
32
69
86
73
50
41
41
43
48
59
70
70
59
44
36
44
62
74
62
34
18
23
30
22
5
-6
-10
-5
15
43
50
29
3
2
19
25
13
5
14
28
30
19
6
5
17
29
26
12
4
16
32
32
24
26
41
52
47
36
30
30
37
45
45
38
38
48
52
35
14
21
49
61
39
5
-7
8
31
49
57
55
42
24
7
-8
-16
-14
-7
-1
-2
-3
0
5
8
7
9
14
14
3
-12
-14
0
14
14
5
-1
2
9
21
32
20
-14
-44
-44
-21
-5
-5
-12
-16
-19
-15
0
17
17
3
-12
-20
-27
-31
-31
-38
-55
-68
-65
-56
-55
-61
-65
-69
-77
-73
-53
-43
-61
-85
-83
-61
-51
-51
-39
-20
-25
-51
-56
-32
-16
-29
-35
1
58
81
55
11
-14
-15
0
21
39
42
33
21
14
2
-15
-21
1
32
40
14
-8
5
37
56
48
22
-2
-13
-9
-4
-11
-22
-13
22
51
44
10
-9
-2
6
-8
-34
-40
-17
11
9
-36
-91
-109
-77
-24
8
8
-6
-7
9
29
27
0
-31
-43
-41
-41
-53
-59
-50
-32
-20
-21
-28
-32
-31
-30
-30
-26
-18
-13
-21
-33
-31
-20
-22
-45
-63
-50
-24
-19
-36
-53
-60
-64
-64
-51
-27
-10
-10
-19
-30
-34
-22
5
24
15
-18
-44
-42
-20
5
22
22
8
-9
-4
23
43
31
-6
-33
-25
7
31
31
14
-4
-7
3
16
28
38
53
68
74
61
37
16
5
7
16
20
8
-10
-14
1
12
6
3
23
45
36
-2
-33
-37
-29
-24
-15
-4
3
8
22
36
25
-7
-22
1
36
40
18
-2
-3
8
19
22
20
15
18
30
34
19
-1
-1
17
30
16
-7
-17
-4
19
37
39
25
6
-5
0
11
7
-9
-20
-14
0
5
2
1
1
-6
-13
-7
14
27
23
14
11
11
8
4
3
2
-1
0
7
13
13
13
17
20
13
5
5
12
10
-5
-26
-44
-48
-36
-9
15
24
16
5
2
-2
-9
-15
-10
0
0
-13
-27
-26
-11
2
3
3
11
15
2
-21
-32
-20
-2
3
-5
-16
-27
-40
-50
-47
-39
-33
-35
-31
-16
-2
-7
-22
-27
-9
15
22
2
-29
-47
-39
-13
11
17
4
-13
-18
-11
-6
-8
-10
-8
-9
-18
-23
-13
-2
-2
-9
-4
10
12
-4
-22
-25
-22
-19
-4
20
30
8
-28
-42
-29
-14
-8
-6
2
6
-3
-19
-27
-20
-6
8
7
-8
-23
-21
-1
20
22
8
-2
3
19
30
26
11
2
9
26
38
31
7
-17
-30
-33
-31
-25
-15
-9
-13
-23
-31
-28
-13
10
27
29
18
6
1
-7
-22
-33
-26
-10
-10
-27
-38
-22
6
23
20
8
-7
-19
-25
-21
-14
-12
-18
-20
-18
-17
-19
-20
-13
-4
6
21
36
38
23
3
-3
7
19
23
22
22
19
12
6
18
46
63
48
14
-4
14
41
46
28
16
23
36
41
40
44
48
48
45
41
33
14
-3
-4
6
10
5
7
23
41
43
37
35
39
38
27
16
13
21
35
47
43
22
2
8
32
41
20
0
11
41
52
39
29
37
44
34
17
16
28
33
22
3
-10
-13
-8
-2
-1
-5
-12
-29
-50
-59
-38
4
26
1
-43
-56
-21
25
40
19
-15
-36
-43
-38
-27
-14
-6
-6
-12
-20
-20
-19
-21
-37
-60
-70
-51
-6
41
59
45
17
0
-3
5
11
7
-13
-36
-45
-25
7
27
19
-3
-11
4
29
41
29
13
14
27
35
30
22
10
-9
-27
-33
-26
-21
-23
-20
-10
-5
-10
-10
-2
-7
-35
-54
-38
-1
17
8
-10
-20
-19
-11
-8
-20
-38
-37
-9
17
11
-9
-15
-8
-11
-22
-13
19
48
49
35
25
30
40
46
44
42
48
55
51
36
29
42
59
56
37
19
14
18
18
7
-16
-36
-33
-11
3
-9
-29
-33
-23
-17
-20
-20
-17
-13
-16
-17
-10
8
28
37
27
5
-14
-19
-14
-7
-5
-3
1
12
16
3
-21
-31
-14
5
2
-10
-6
13
15
-6
-20
-5
20
28
16
1
-3
3
18
26
17
-2
-6
11
33
40
32
18
2
-5
1
19
33
33
24
16
9
1
-11
-24
-37
-44
-43
-35
-27
-25
-28
-35
-37
-31
-27
-37
-60
-75
-71
-50
-28
-16
-27
-60
-85
-75
-38
-15
-26
-48
-57
-56
-47
-29
-17
-32
-64
-71
-38
-1
13
7
2
-4
-6
16
50
55
16
-20
-18
-5
-15
-26
-5
30
30
1
-13
4
23
20
8
8
23
41
45
21
-22
-52
-46
-24
-9
1
18
37
39
28
14
5
5
22
44
39
2
-28
-15
26
42
23
-1
-5
7
17
16
9
10
29
55
57
19
-29
-52
-44
-25
-12
-5
-4
-12
-27
-48
-69
-73
-46
2
33
29
13
11
27
37
21
-10
-28
-22
-2
0
-23
-44
-35
-3
24
29
18
4
-10
-15
0
24
36
34
31
29
17
-3
-14
-14
-16
-20
-11
10
20
9
-2
4
14
13
9
10
5
-22
-51
-51
-22
5
8
-5
-9
-4
-3
-14
-21
-14
-6
-12
-31
-32
-2
36
40
2
-40
-46
-21
-4
-21
-51
-60
-42
-31
-43
-61
-60
-47
-41
-41
-34
-25
-33
-50
-50
-24
0
8
11
22
28
16
0
2
24
48
58
53
36
20
18
27
33
32
38
55
70
74
71
67
59
50
51
64
69
53
33
24
26
23
16
20
37
57
63
47
17
-5
1
25
38
25
4
-1
14
25
19
-2
-17
-7
28
59
55
19
-11
-12
-3
-13
-35
-43
-29
-18
-25
-38
-43
-38
-33
-39
-50
-51
-33
-6
2
-14
-32
-26
-6
-3
-21
-32
-19
1
5
1
3
5
-9
-32
-39
-29
-23
-27
-21
4
27
27
15
15
27
30
12
-12
-25
-29
-28
-28
-27
-18
-2
10
5
-7
-8
1
0
-11
-8
20
49
45
14
-15
-23
-19
-10
3
14
18
9
1
3
12
15
9
-3
-9
-8
-3
-3
-3
-3
-8
-19
-28
-26
-21
-28
-45
-51
-39
-30
-39
-60
-68
-53
-33
-26
-32
-35
-29
-27
-40
-54
-55
-47
-50
-62
-63
-46
-29
-25
-29
-33
-44
-61
-68
-47
-14
3
-7
-36
-56
-53
-26
0
-1
-22
-26
-4
12
-3
-28
-33
-20
-12
-9
-4
1
-2
-8
-2
9
5
-5
-3
12
19
10
0
-2
-8
-20
-31
-27
-15
-5
-2
-3
-7
-9
-6
2
0
-23
-53
-66
-54
-36
-33
-46
-55
-41
-8
19
18
-5
-27
-26
-11
-3
-6
-5
6
14
11
4
11
31
51
59
65
78
97
101
82
50
30
27
30
31
42
61
69
56
42
55
80
82
61
51
66
85
84
70
63
67
70
65
48
29
29
57
84
83
60
50
59
63
47
30
27
27
22
22
24
9
-25
-40
-19
9
4
-26
-43
-37
-25
-13
1
6
-12
-33
-27
2
12
-15
-35
-20
5
6
-7
-3
4
-16
-47
-46
-13
5
-8
-27
-33
-36
-43
-39
-22
-15
-31
-46
-41
-24
-4
18
27
3
-28
-18
33
61
34
-7
-19
-15
-18
-13
9
20
3
-13
-1
19
28
38
58
54
14
-16
4
39
36
3
-20
-21
-16
-1
29
44
15
-33
-54
-34
2
33
48
36
2
-21
-18
-4
-3
-16
-30
-34
-22
7
34
36
19
8
15
27
30
23
5
-21
-33
-20
0
7
9
15
12
-11
-28
-10
24
29
5
-12
-4
8
7
-11
-39
-62
-53
-12
19
16
-1
-5
-7
-30
-52
-52
-46
-56
-67
-55
-37
-35
-35
-20
-12
-29
-45
-33
-9
-4
-6
8
29
32
20
4
-15
-39
-52
-48
-42
-46
-42
-22
-12
-24
-39
-40
-35
-34
-31
-28
-41
-59
-54
-33
-27
-37
-29
-4
-5
-39
-61
-47
-32
-33
-29
-6
3
-12
-21
-3
9
-9
-32
-29
-15
-19
-35
-40
-33
-19
3
28
39
29
15
12
19
28
39
44
39
28
29
38
33
9
-10
-5
19
37
37
24
17
27
41
36
12
-7
-10
-3
-4
-9
-15
-23
-28
-17
5
23
27
30
37
29
-3
-34
-35
-11
11
12
-5
-24
-30
-20
-4
-6
-36
-67
-70
-40
-3
7
-12
-37
-46
-37
-33
-38
-38
-21
-1
9
12
20
23
14
-3
-4
14
28
29
27
33
43
47
46
48
48
38
28
37
70
100
100
71
43
31
35
42
51
64
74
76
68
48
17
-3
13
54
81
74
55
58
79
94
92
84
80
80
79
65
35
5
-2
18
42
44
24
7
6
15
23
21
14
13
23
26
8
-23
-41
-33
-7
16
16
-1
-11
12
49
50
2
-45
-42
-5
5
-27
-61
-65
-42
-15
7
17
10
-3
-3
20
43
41
16
-14
-29
-23
-2
12
5
-17
-33
-29
-17
-11
-16
-25
-26
-16
-3
2
-1
-7
-15
-18
-10
5
11
2
-10
-11
-16
-35
-53
-38
2
24
-2
-43
-52
-22
7
-5
-47
-79
-62
-8
32
28
-5
-24
-18
-14
-27
-48
-59
-56
-48
-35
-17
-2
1
-11
-27
-36
-40
-44
-42
-27
-5
1
-16
-29
-9
28
39
3
-47
-64
-40
-1
18
7
-14
-19
-2
22
25
9
-11
-14
-1
14
13
-10
-36
-42
-32
-28
-31
-23
3
19
5
-17
-20
-12
-15
-29
-37
-34
-28
-12
15
30
8
-27
-25
14
35
9
-28
-36
-20
-12
-17
-26
-32
-44
-70
-100
-119
-111
-76
-43
-37
-47
-47
-31
-25
-35
-42
-40
-51
-76
-85
-69
-59
-72
-78
-51
-23
-38
-71
-73
-42
-29
-50
-64
-37
3
18
5
-10
-20
-31
-42
-41
-28
-11
7
27
42
33
7
-12
2
37
61
61
58
75
98
99
70
31
4
2
21
48
63
62
60
71
76
56
21
6
19
35
38
36
39
36
21
5
-2
-5
-3
7
15
8
-9
-9
6
10
-10
-32
-46
-66
-100
-120
-96
-42
-1
7
5
22
51
59
28
-10
-10
14
7
-46
-83
-54
7
28
5
-8
13
46
64
68
56
30
12
18
25
5
-22
-18
2
-8
-42
-51
-16
25
48
72
112
143
146
132
114
83
50
50
96
146
157
136
120
126
126
88
24
-27
-23
19
45
31
13
35
86
117
112
92
85
87
80
51
10
-11
11
43
32
-19
-40
8
64
52
1
-9
38
71
46
2
-14
-16
-41
-93
-136
-148
-121
-71
-20
6
6
1
3
-2
-29
-60
-70
-55
-38
-40
-54
-57
-41
-25
-29
-43
-46
-30
-12
-6
-7
-14
-27
-44
-49
-45
-48
-59
-55
-14
37
58
43
23
26
38
29
-2
-17
3
38
44
20
5
23
43
26
-12
-22
12
51
62
56
62
80
87
73
57
57
68
85
95
89
69
43
19
-2
-23
-42
-59
-62
-42
3
44
49
31
31
63
81
46
-16
-43
-28
-31
-89
-158
-161
-93
-26
-15
-37
-27
27
72
56
0
-37
-31
-17
-29
-60
-77
-63
-35
-19
-32
-63
-75
-53
-24
-32
-77
-104
-83
-55
-69
-111
-132
-115
-98
-95
-87
-70
-59
-61
-44
-7
4
-38
-81
-72
-40
-53
-107
-121
-62
1
0
-33
-21
29
43
-14
-80
-92
-68
-57
-68
-64
-32
-6
-8
-22
-26
-27
-38
-50
-40
-5
35
63
76
82
84
82
63
26
-4
1
32
51
39
27
49
85
85
35
-13
-13
22
44
27
-6
-19
0
33
43
17
-11
13
79
111
61
-12
-21
29
46
-2
-44
-6
78
121
89
28
5
28
51
30
-19
-34
19
90
95
27
-23
12
82
90
31
7
77
151
123
22
-27
16
50
0
-69
-51
32
67
29
17
83
140
107
44
47
86
60
-14
-22
58
113
86
56
70
70
18
-24
-2
35
42
58
98
101
26
-69
-115
-116
-100
-69
-23
18
45
49
7
-79
-148
-156
-131
-102
-60
-16
-24
-68
-57
8
32
23
101
272
369
326
256
208
85
-98
-173
-121
-124
-204
-138
146
378
356
244
275
403
410
212
-69
-237
-182
-33
-44
-226
-253
57
395
398
206
201
403
511
422
297
216
131
66
49
-39
-265
-439
-353
-112
41
57
78
202
392
481
284
-137
-414
-350
-276
-539
-856
-732
-312
-145
-245
-136
237
427
346
383
596
547
144
-129
-33
12
-319
-684
-624
-259
-63
-191
-303
-65
385
585
362
93
136
245
-21
-502
-652
-421
-262
-267
-78
292
356
26
-207
-171
-312
-798
-1097
-825
-354
-202
-301
-266
-19
153
-7
-435
-775
-745
-529
-556
-795
-749
-286
84
49
-26
194
425
358
232
346
504
433
276
280
372
366
247
98
18
134
335
244
-161
-293
115
414
105
-188
231
823
699
197
245
695
684
279
328
877
1089
702
382
538
770
648
326
276
701
1231
1218
600
189
486
718
84
-663
-337
504
384
-453
-410
579
885
144
-86
823
1386
548
-673
-1033
-832
-898
-1155
-1044
-370
703
1702
1865
1002
3
-373
-633
-1485
-2421
-2560
-2047
-1485
-910
-380
-414
-784
-339
918
1288
142
-713
29
919
187
-1402
-2033
-1636
-1344
-1496
-1727
-1878
-1650
-622
607
810
172
166
956
1052
-25
-943
-949
-802
-844
-434
270
242
-371
-415
-58
-609
-1942
-2516
-1997
-1498
-1277
-568
440
803
759
1211
1653
913
-505
-1033
-523
-77
12
281
760
1231
1884
2342
1491
-379
-1155
-109
662
-223
-941
373
2378
2847
2159
1998
2401
2425
2170
2067
1652
775
482
1229
1825
1485
1207
1850
2547
2230
1206
237
-473
-770
-385
339
895
1640
2900
3618
2735
1189
473
100
-1111
-2238
-1555
176
647
-214
-453
244
91
-1492
-2874
-2883
-2229
-1853
-1682
-1379
-940
-410
23
-131
-949
-1732
-2050
-2337
-2867
-3132
-2818
-2327
-1812
-928
10
71
-675
-1096
-932
-1192
-2170
-2756
-2305
-1628
-1524
-1719
-1793
-1900
-2135
-2266
-2306
-2396
-2188
-1325
-300
200
436
1002
1534
1254
408
-85
-110
-342
-942
-1290
-968
-296
133
83
-83
246
1066
1549
1227
859
1282
1934
1719
809
267
309
352
369
772
1313
1523
1809
2706
3497
3152
2233
2249
3316
4014
3584
2913
3104
3991
4382
3465
1862
1126
1818
2598
2134
1309
1996
4039
5329
4885
3867
3328
2853
1878
652
-464
-1235
-1021
462
2005
2151
1338
1098
1387
718
-1221
-2996
-3545
-3209
-2690
-2372
-2545
-3068
-3164
-2616
-2456
-3352
-4214
-3722
-2326
-1455
-1587
-2255
-3050
-3675
-3945
-4418
-5770
-7065
-6386
-3844
-1957
-2081
-2542
-1604
-296
-686
-2798
-4819
-5452
-4892
-4141
-3988
-4112
-3262
-1111
648
417
-856
-1139
-532
-768
-1998
-2563
-1862
-1046
-694
-92
884
1294
972
925
1489
1769
1389
1257
1992
2877
2970
2411
2048
2285
2685
2659
2412
2851
4198
5251
4913
3956
3921
4602
4415
3193
2613
3429
4248
3855
2936
2572
2595
2520
2682
3330
3785
3651
3789
4797
5502
4518
2749
2519
4138
5130
3704
1451
1048
2220
2146
-157
-2155
-1452
808
1766
745
-567
-1075
-1510
-2810
-4772
-6461
-7020
-6094
-4198
-2489
-1600
-1025
-160
519
-1
-1891
-4185
-5753
-6337
-6676
-7477
-8214
-7701
-6095
-5127
-5540
-5753
-4377
-2551
-1992
-2101
-1213
314
568
-1005
-3176
-4894
-5978
-6443
-6512
-6479
-5674
-3013
595
2483
1996
1547
2552
3121
1613
-376
-794
-286
-291
-476
-171
39
66
1170
3296
4234
3163
2268
3114
4242
4044
3303
3192
3335
3171
2871
2064
255
-1136
-119
2349
3436
3015
3496
5068
5099
2760
457
-45
385
620
750
997
1503
2761
4274
4241
2636
2254
4184
5384
3905
2854
5031
7412
5950
2535
1718
3236
3460
2128
2000
3328
3823
3067
2515
2117
773
-798
-921
334
1763
3003
4007
4298
4034
3605
1543
-3969
-10914
-14731
-14569
-13831
-13513
-10124
-2114
6336
10411
9884
7334
4486
1776
-1208
-5510
-10542
-12882
-10625
-7366
-7466
-9118
-7448
-3005
-962
-2476
-3195
-710
2397
3793
4477
5457
5610
4019
1208
-2397
-6528
-9713
-10309
-8496
-5417
-1462
2989
6672
8679
8913
6851
2507
-1442
-2387
-2333
-4632
-6755
-3484
2265
968
-8454
-14810
-11081
-5331
-7375
-12367
-8248
4622
12667
8122
-718
-2027
3280
3999
-4677
-13670
-12274
-3325
654
-4551
-9246
-5186
2011
2469
-2714
-4766
-1393
1948
2640
3431
5090
5076
3636
3648
4332
2320
-963
-347
4205
6989
5870
5206
7802
10390
9648
7356
6635
7164
7000
6289
6642
8411
10403
11517
11795
12037
12438
11946
9764
6926
4875
3356
1906
2001
4482
6596
5966
5447
7984
8814
1194
-10768
-15325
-10623
-7681
-11664
-12142
-186
15070
18367
10229
4405
6337
6838
-1609
-13031
-17021
-12655
-7768
-7660
-9659
-8712
-4751
-2397
-4300
-7501
-7647
-4616
-1335
1194
3969
6075
5031
1049
-3220
-7314
-12838
-18284
-19014
-13895
-7316
-2803
936
5520
8784
7989
3874
-956
-5026
-7637
-8166
-7121
-5551
-2912
1555
5532
5605
2525
61
-1288
-4201
-7984
-8227
-4218
-538
576
2262
5972
7718
4773
534
-1175
-1801
-4028
-6362
-6046
-4218
-4332
-7578
-12601
-17713
-21451
-22742
-21541
-17589
-9296
3134
14688
19856
19040
16143
11405
2453
-8573
-15719
-17088
-15866
-13610
-8870
-2403
2757
6569
11063
14592
13761
10615
10598
13544
14201
11687
10537
11811
11138
6905
3119
2524
3423
4592
7360
11665
15348
17841
19784
19662
15829
10675
7598
5599
2231
-329
1932
8043
13636
17150
19331
19383
16560
12301
6737
-1957
-10828
-12279
-6583
-5169
-13321
-19346
-12197
-771
-976
-9948
-10198
2561
12822
9227
325
-145
6723
8239
-1604
-14816
-20292
-17339
-15093
-19119
-23359
-19330
-9367
-3254
-3483
-3124
1294
4818
4200
2949
2687
-846
-8568
-14009
-13644
-12523
-14284
-14308
-9027
-3752
-4100
-6704
-5650
-2130
-682
-932
251
2474
3521
3875
4681
4530
2301
-96
-1172
-2464
-4719
-5428
-3191
-759
-588
-916
706
3110
3916
3647
4457
6432
7706
7350
6245
5220
3551
102
-4130
-6318
-6418
-9261
-17864
-26133
-24836
-15062
-7466
-5620
48
15488
29619
28128
14565
5247
5396
3449
-8837
-22546
-24185
-14141
-4568
-2623
-3621
-596
5756
9412
7848
4882
5403
9919
15000
17382
16464
13725
10805
8036
4506
-2
-3372
-2827
1544
6569
9956
12679
16448
20477
22171
20024
14807
8796
4408
2579
2285
2685
5019
10094
14630
13717
7397
926
-2947
-7780
-16632
-24959
-25003
-16020
-5506
432
3910
9986
17334
18715
10994
351
-5286
-6012
-7986
-13390
-17706
-17383
-15060
-14937
-16890
-17767
-15713
-11001
-4949
201
2591
3261
4874
7074
6182
732
-6019
-10611
-13288
-15702
-17582
-17531
-15023
-10418
-4805
-129
2730
5588
9915
13057
11257
5800
1728
542
-1075
-4754
-7509
-6816
-4432
-3198
-3152
-2686
-1253
530
1967
2730
3172
4076
5286
5651
5221
5683
7361
8092
6619
4513
3015
953
-2219
-4499
-4504
-3346
-1638
1464
4682
4971
3197
3475
4509
-748
-12606
-20193
-16167
-8160
-6689
-8243
-1695
12056
19334
13012
1828
-2912
-1692
-2869
-9371
-14801
-12017
-2212
6125
7000
3512
2432
4152
2920
-3083
-7959
-6319
224
7336
13391
17621
18075
14974
11512
8524
3541
-2312
-2957
3373
10237
12795
14600
19158
21752
16819
7721
1566
-1131
-3964
-5663
-1576
7875
16958
21634
21709
17778
10547
1645
-8032
-18489
-27116
-29268
-24870
-19387
-15382
-9033
1407
10296
12569
10849
9482
7477
2916
-1457
-3024
-4520
-8817
-13509
-16010
-18700
-23425
-26136
-22828
-15921
-9355
-2414
6075
12684
14270
13067
11531
7228
-1555
-10305
-14345
-15595
-17549
-18192
-14094
-7441
-2951
-1026
867
3201
5244
7570
9771
9243
5643
2521
1445
-621
-4821
-6843
-3947
-213
-125
-1864
-1729
-620
-1078
-1901
-656
1812
3678
5644
8342
9683
8440
6892
6516
4975
970
-2222
-2068
-1249
-2282
-2103
2535
8058
8672
5270
3417
4092
2704
-3115
-10258
-14950
-16310
-14889
-11363
-6774
-1179
6784
15799
19613
13827
3272
-3228
-4551
-7097
-12930
-15662
-10522
-1946
2598
1516
-1633
-3787
-3984
-2507
-1024
-840
272
5742
13578
16806
12471
5509
1358
-600
-3456
-6775
-7285
-2821
6001
15410
19849
17546
13884
14413
16096
12160
4190
1011
5602
11853
15084
17007
18994
18895
15846
10407
212
-15652
-29154
-31172
-25774
-23975
-23969
-13104
8541
23655
22519
16400
17663
20775
14157
-5
-9954
-11732
-11600
-14686
-19381
-21663
-19972
-16394
-14468
-14481
-12173
-5090
2608
6190
7401
9613
10517
6891
1934
-457
-3708
-11722
-19278
-19519
-15890
-15438
-15224
-7767
4064
10597
10826
11446
12700
8315
-1231
-7677
-7557
-5242
-3304
446
5903
9098
8143
4329
-1666
-8876
-13605
-13525
-11246
-8733
-2701
8547
18811
21382
18308
15484
12922
7027
-1094
-6645
-8066
-7313
-5525
-3011
-1164
-663
-118
942
791
-818
-1287
766
3638
5776
7217
7412
5568
2756
-504
-7070
-18066
-27204
-27358
-21080
-16290
-12853
-3426
11720
21476
19077
11272
6992
4467
-3451
-15920
-23924
-22320
-15822
-11530
-9765
-5563
2507
9299
10084
7124
6001
7609
8155
6175
4665
5645
7045
6430
4336
2419
1067
153
-22
662
2304
5734
11227
17046
21208
23645
24494
22036
15502
8397
5201
5606
5940
5771
8383
13649
15096
7517
-5048
-13432
-15046
-16270
-20813
-21230
-8766
11198
23150
21938
18894
22799
25263
14404
-4749
-15996
-14684
-12024
-16467
-22453
-21362
-14605
-10017
-10331
-10931
-7170
80
6334
8780
8485
7631
6254
3140
-1472
-6450
-11793
-17265
-20499
-20011
-18364
-18071
-16446
-9846
-1083
3787
4585
6014
8590
8150
4195
1132
569
-503
-3013
-4121
-3372
-4133
-7501
-10329
-10631
-10026
-9578
-7547
-2486
4503
11231
16013
18128
18207
17135
14103
8074
1209
-3029
-5275
-8841
-12754
-12401
-7802
-4262
-3390
-891
4644
8302
7039
4369
3930
4628
4685
4711
4730
3445
1391
-475
-4760
-13913
-23512
-26498
-23268
-19802
-16666
-8511
5104
16686
20273
17477
12756
7865
2175
-4890
-12024
-15463
-12681
-7403
-6142
-8682
-8573
-4430
-2166
-3460
-1849
5625
12845
15496
17328
20385
19494
12592
6179
4183
1640
-4089
-6419
-1059
5590
7257
7729
12281
17623
18203
15603
14562
15261
15266
14528
14314
14912
16339
17739
16474
11759
6689
2116
-6305
-18725
-26076
-23096
-17978
-17842
-14034
3164
23679
29834
23641
21992
27250
23700
5041
-14224
-20569
-18896
-20899
-27529
-30655
-25401
-15216
-7616
-6485
-7250
-2077
8450
14610
11654
6756
6501
6255
-581
-10923
-18114
-22253
-25788
-25941
-20366
-13802
-10520
-6634
1615
8619
7489
1522
-1382
-767
-1583
-4435
-5805
-4723
-2727
-360
1327
-275
-4576
-6615
-4577
-3082
-4847
-5243
-198
6286
8403
7384
7964
9929
9462
6368
4169
4127
3907
1876
-781
-2427
-3113
-3976
-5480
-6437
-4901
-698
3569
5470
5911
7120
8202
5997
625
-3520
-3844
-3128
-4525
-6309
-5532
-4389
-7592
-14255
-18216
-17122
-15143
-14566
-10951
-748
11361
17998
18307
16474
13906
8310
-1036
-11467
-19356
-21763
-17929
-11334
-6966
-4659
322
8187
12449
10086
7095
9307
14143
16388
15942
14762
12214
8311
5596
3705
-1051
-7008
-6321
2719
11397
13737
14869
20311
25873
25154
19431
13662
9334
6599
6964
9580
11132
12006
15633
20409
20392
14603
7060
-1671
-12984
-22210
-23876
-22519
-24801
-24013
-9174
12477
21491
15537
12373
19690
22577
8848
-11052
-20183
-17870
-15800
-20255
-26935
-28505
-22436
-14105
-11823
-15445
-14497
-3292
9084
12205
9547
9512
9586
2468
-9249
-18135
-24971
-32768
-32768
-30454
-19625
-14046
-9925
1384
15035
18948
13580
9535
9047
5184
-2896
-8152
-8057
-6810
-6244
-4571
-2460
-1974
-1810
-427
9
-1322
-324
4731
8862
9033
9672
13630
15676
11526
5407
2183
-136
-3810
-5455
-2944
-368
-328
736
4151
4530
-504
-4601
-2830
475
152
-1148
962
4722
6433
6615
6666
4978
981
-2428
-4571
-9368
-17812
-23804
-22296
-16696
-13066
-10780
-4366
7327
18434
22639
19802
15214
12764
9948
1728
-10555
-18173
-15722
-8881
-6609
-8505
-6456
2062
9714
10259
7462
8902
14876
18636
16215
11049
8090
7257
5087
662
-3019
-3060
225
4480
8077
11156
14615
18256
20081
18274
13895
9946
7410
4537
914
-760
1374
5573
9626
13559
17050
17757
14858
10353
4240
-6541
-20702
-30051
-29809
-25893
-25047
-22979
-11334
6764
18301
17506
12363
11718
13127
7951
-5243
-17379
-19523
-14128
-12188
-18601
-25224
-22894
-15476
-13566
-17142
-15585
-5190
5211
9009
10397
13303
12973
5626
-3267
-8269
-12948
-21043
-26390
-21385
-9816
-1506
2000
6971
14823
18946
14781
6364
774
-111
-201
-2887
-6025
-4828
461
3525
1019
-1815
495
4085
1960
-3575
-3854
2039
6037
4574
3447
6675
9602
7240
2180
-525
-812
-1486
-2974
-4084
-4788
-5244
-4688
-3293
-2460
-2039
-336
2025
1845
-1494
-4161
-3372
-1598
-2336
-4029
-2052
3674
6985
3148
-4397
-8470
-8517
-11627
-21071
-28738
-24543
-10614
1188
5707
10250
20808
30251
27262
12817
-451
-4722
-5035
-8673
-13276
-11186
-2113
5514
5954
2745
1682
2590
2292
1723
4459
10266
15535
18965
21386
20965
14690
4730
-2757
-5790
-7627
-8837
-5019
5221
16132
21912
23065
22451
19616
12876
3810
-3911
-8194
-8647
-4999
2356
11301
18789
22516
22062
18660
12728
2152
-13669
-28438
-32768
-30636
-28547
-29426
-22905
-4111
14083
17703
12122
12214
18093
16561
4388
-6271
-7517
-6303
-10982
-19039
-23868
-24881
-24998
-24140
-20191
-12873
-3638
5958
14606
21587
26216
26111
18994
7460
-2688
-10521
-19994
-29690
-31305
-22670
-12807
-7989
-2768
7543
16008
15554
11671
12290
13560
8134
208
-1022
2726
2711
-1229
-1960
747
-298
-6948
-13076
-14565
-13320
-11298
-7548
-1405
5965
12563
15735
14134
10760
9492
8096
1519
-7441
-10090
-6015
-4501
-8802
-10683
-5349
-15
-1342
-5061
-5017
-2922
-2312
-1745
-293
-1263
-4813
-5378
-1596
127
-2970
-4333
506
5706
4517
-673
-3656
-3429
-2694
-2486
-2250
-1317
1481
5839
8002
5401
1540
680
670
-2225
-5066
-2934
1794
3618
3723
6304
8830
6064
605
-772
1503
2167
2087
6469
14182
18807
18917
18220
16951
11802
3359
-3899
-8077
-10139
-9454
-4682
2650
9792
15644
19160
18705
15353
12127
8544
2231
-3364
-1624
5244
7281
2621
648
4728
4198
-8701
-24762
-30221
-25108
-19526
-17226
-12292
-4
15666
25377
23193
13059
5451
4710
3241
-6025
-16500
-16851
-9117
-5699
-9951
-13018
-10418
-8218
-10010
-10387
-5647
8
3516
8242
15237
18018
11725
724
-7880
-12998
-17648
-22438
-24535
-21097
-12460
-3128
1889
3335
6710
12551
13594
6286
-1862
-3500
-2953
-7265
-12255
-9205
-856
2184
-1238
-2249
1658
2685
-2775
-7539
-5570
-811
665
-192
1024
4816
8182
8851
6578
2821
98
-761
-2096
-5326
-7596
-6541
-5602
-8937
-13551
-13199
-8239
-4198
-1784
3478
11653
16692
15603
11972
8763
4558
-1237
-5944
-8367
-10074
-10659
-7916
-3735
-2880
-4544
-2551
4104
8791
8163
7617
11790
16768
16555
11435
5388
266
-3529
-5228
-5605
-6181
-4860
1935
11463
16179
14948
14734
18415
19542
13303
4470
-477
-1849
-2516
-1956
746
3891
6996
11774
16636
16858
12613
9658
9984
9458
6402
4097
3315
1247
-1353
-1948
-4960
-16395
-29432
-30139
-19529
-13373
-15707
-10849
9593
29232
29344
15206
5421
4604
1643
-9894
-22883
-27383
-21723
-12585
-8010
-9570
-10815
-6246
-133
-505
-6348
-8841
-4330
2628
8181
11997
12191
7048
718
-2221
-5575
-14384
-22290
-18978
-7748
-1310
-1372
2141
11201
15171
9018
1039
-1989
-4035
-9028
-12587
-10265
-4735
48
4140
7464
7546
4207
645
-1630
-3626
-4804
-3818
-2306
-2423
-2507
-691
491
-845
-681
3842
6999
2856
-3538
-3493
359
-2213
-11849
-17696
-13902
-7738
-7653
-10993
-8896
529
9192
9244
3135
400
4553
8026
3713
-3485
-4014
881
946
-6637
-13272
-12977
-9868
-8234
-5025
2645
10812
15202
17720
20808
21197
15250
6204
422
-852
-1224
-2385
-1699
3468
11297
16380
15219
10354
7299
7432
7137
4815
4201
8088
13163
14786
13267
11583
10147
7795
5239
3962
3763
4044
5341
7745
10050
11356
11122
8339
3905
1665
2139
-1328
-12709
-23343
-22456
-14904
-14812
-21690
-18889
-116
18426
21017
14005
12762
17140
13875
-1345
-17328
-23036
-20186
-17776
-19998
-23153
-22335
-17898
-14024
-12315
-10039
-5195
750
6824
14192
20860
20577
11719
1399
-4831
-11007
-21461
-30166
-28647
-19322
-10969
-5046
2946
11759
15199
12995
10426
8161
2572
-4546
-6827
-4157
-2904
-4504
-3289
2519
6536
3864
-2256
-6581
-8626
-10080
-10194
-7017
-590
6979
12919
15064
13496
10342
6493
390
-7971
-14633
-16230
-14377
-12370
-10253
-6661
-2858
-1029
-719
-447
-571
-1223
-207
3414
6447
6164
4827
5337
5360
976
-6039
-10156
-10117
-9669
-10705
-10724
-7611
-2599
2455
7247
11427
13588
13046
10819
8202
5821
4225
4070
5470
7858
10079
10394
7842
4291
3062
4345
4686
2821
2815
8140
15459
18708
17518
16578
17481
16721
12367
7540
5331
4451
2403
-193
-1011
451
2920
5194
6502
6810
7652
10119
11152
5432
-6851
-17738
-20491
-17762
-16193
-15223
-7828
7033
19328
19347
10044
2543
935
-2026
-12383
-24064
-25860
-16542
-6536
-4249
-7005
-8101
-7081
-8031
-11366
-13185
-11305
-6728
-127
7868
13297
11342
2957
-5879
-12357
-18979
-25973
-27530
-19518
-6557
3250
7891
11089
14286
14117
8142
-1002
-8456
-11523
-10009
-4621
2913
9323
11643
9849
6315
2417
-2815
-9648
-14752
-13804
-7019
329
4046
5613
8721
12761
12872
6733
-1532
-6008
-6028
-6171
-9352
-12368
-10074
-2699
3694
4489
1742
365
1093
306
-3736
-7924
-8669
-6447
-3982
-1823
1556
5957
8467
6819
2005
-3220
-7079
-9060
-8642
-5302
235
5803
9236
9712
7781
4647
1479
-965
-2206
-1532
1806
7260
12353
14563
13743
11527
8475
3595
-2666
-6947
-6212
-1324
4474
9799
15523
21100
23309
19950
12937
6120
1400
-1289
-1521
1339
5710
8620
9606
10900
12279
9030
-1562
-13892
-18998
-15553
-10853
-9449
-6416
3778
15964
18851
10217
448
-1350
1328
-398
-6744
-9358
-4410
1402
98
-7517
-14540
-17141
-16776
-15256
-12257
-7574
-2122
3741
9740
13137
10254
1906
-6105
-10039
-12584
-17166
-20964
-18384
-10272
-4113
-4033
-5587
-3131
1678
2772
-1326
-5959
-7183
-5837
-4172
-2162
969
4185
5739
5299
3192
-991
-7052
-12472
-14175
-11700
-7046
-1914
3062
6837
7971
6454
3654
217
-3952
-7229
-6498
-1329
4391
7140
8108
10025
11262
7254
-2001
-9954
-10921
-6544
-2378
-290
2305
6598
9526
7837
2565
-2215
-3857
-2925
-1162
904
3984
8228
11919
12514
9234
4063
-589
-4510
-8564
-11418
-9816
-3126
4540
8555
8755
8175
7986
6477
2965
-249
-832
776
2702
4037
4607
4031
2695
2322
3692
4939
4204
3012
4328
7674
9274
7582
5643
6484
8708
8915
6738
4969
5454
7020
7106
3823
-2822
-10041
-13547
-11925
-8788
-7862
-6974
-1068
8784
14639
12214
7220
6968
9565
7457
-302
-6368
-6187
-4029
-5305
-8639
-9750
-8834
-8790
-9044
-6832
-3103
-1211
-262
3876
10010
10714
2963
-6246
-9511
-9312
-12453
-17752
-17224
-8964
-785
1088
-74
1144
2879
-195
-7250
-12089
-12254
-11059
-10349
-7342
-693
5432
6700
4374
2120
-73
-4498
-10069
-12836
-11911
-10456
-10015
-8061
-3032
1869
2959
1692
2351
5389
6911
4827
1916
1316
1822
58
-4182
-7406
-7046
-4356
-2089
-852
970
4325
7879
9556
8991
7835
7835
9107
10363
10342
8678
5820
2699
397
-519
-443
-26
937
3142
6139
8082
7782
6218
5072
4445
3321
1923
1907
3894
6246
7024
6003
3906
889
-2858
-5840
-6368
-4769
-2912
-1396
1177
5476
9510
10693
9069
7063
6133
4746
120
-8359
-17648
-23079
-22239
-16878
-10453
-4012
4005
13383
19640
18221
10339
1948
-3128
-6309
-9750
-11909
-10028
-5056
-915
376
-15
-1035
-3054
-5225
-4713
-329
5333
9434
12439
15540
16378
11100
588
-8994
-12912
-12272
-10391
-7645
-2566
3836
8101
8363
5806
1993
-2785
-7853
-11049
-10654
-7185
-2220
3347
8683
11820
10819
5858
-1070
-8220
-14619
-18967
-19733
-16847
-12190
-7945
-5233
-4361
-5076
-6031
-5284
-2312
1287
3889
5588
6823
6423
2904
-2747
-7627
-10352
-12021
-13245
-12388
-8194
-2550
1393
3060
4473
6796
8949
9913
10351
10984
10900
8817
5085
1199
-2025
-4424
-5213
-3310
974
5886
10153
13746
16394
16765
14203
10376
7877
7424
7490
6606
4999
3735
3176
2792
1998
762
-369
-558
679
2864
4838
5867
6206
6325
5940
4241
1031
-2544
-4463
-3300
302
3721
4713
3809
3163
2539
-1753
-11819
-23135
-27637
-22602
-13641
-7236
-3027
3354
11512
15069
10204
1455
-3649
-3312
-1685
-1836
-2418
-1654
-1087
-3390
-8480
-13732
-16799
-16422
-11617
-2583
7717
15157
18220
18512
17055
12255
3136
-7039
-12876
-12384
-8442
-4552
-1277
2173
4809
4554
1586
-1151
-1330
377
2131
3817
6530
9740
10898
8453
3898
-286
-3806
-8106
-13100
-16187
-15299
-11563
-7689
-4592
-1193
2772
5668
6268
5580
5224
5066
3813
1279
-1613
-4787
-9086
-13888
-16460
-14932
-10742
-6662
-3271
817
5579
8640
8394
6319
4901
4456
3520
1659
66
-587
-1124
-2078
-2403
-1008
1368
3095
3949
5127
7093
8721
8929
8072
7080
6090
4824
3691
3488
4187
5024
5792
7065
8842
9971
9555
8207
7011
5733
3182
-645
-3788
-4144
-1427
2975
7418
10748
12238
11516
8405
2498
-6348
-16251
-22814
-22321
-15831
-8510
-4028
-1109
2928
6842
6521
1327
-3769
-4076
-1039
233
-1979
-4568
-5188
-5995
-10032
-16205
-20371
-20415
-17640
-13424
-7385
230
6787
9813
9888
8974
6816
1532
-6230
-12295
-13333
-10495
-7274
-5055
-2694
315
2551
2883
2074
1342
782
242
538
2301
4413
5207
4859
4828
4922
3062
-1158
-4591
-4073
-738
1357
628
-380
739
2621
2431
320
-675
1126
4055
5782
6172
6364
6351
5132
2839
1129
1135
2112
2511
1642
-163
-2252
-3845
-4055
-2563
-165
2013
3749
5556
7305
7867
6493
3941
1650
183
-896
-1796
-1936
-810
1077
2539
2799
2039
1040
447
342
427
671
1673
4061
7360
9853
9944
7601
4176
1038
-1247
-2599
-3027
-2735
-2047
-907
1007
3248
4325
3327
1523
1232
2953
4748
4992
4520
4827
4865
1560
-6022
-14504
-19328
-19263
-16583
-13303
-8998
-2863
3501
6869
5798
2219
-574
-899
572
2244
2987
2268
-246
-4576
-9925
-14637
-16980
-16136
-12541
-7423
-2215
1748
3467
2792
711
-1291
-2320
-2367
-1590
112
2373
3743
2666
-855
-5200
-8862
-11519
-13114
-12782
-9716
-4758
-24
3175
5125
6267
6106
4376
2396
1938
2959
3710
3215
2379
2106
1569
-480
-3389
-5032
-4440
-2662
-751
1754
5513
9553
12022
12330
11406
9946
7662
4556
1803
583
740
1327
1926
2592
2947
2495
1805
2197
3878
5413
5636
5182
5228
5454
4616
2847
1899
2661
3744
3405
1900
755
312
-496
-1931
-2475
-781
2397
5134
6523
6918
6421
4474
1250
-1625
-2506
-1414
347
1868
3208
4344
4307
1861
-3113
-9022
-13390
-14468
-12401
-8897
-5614
-2988
-885
54
-1233
-4222
-6217
-4888
-1029
2265
3141
2508
1682
-43
-4161
-9893
-14045
-14266
-11388
-7972
-5497
-3790
-2533
-1989
-2157
-2250
-1518
-81
1456
2737
3582
3569
2334
117
-2474
-5130
-7731
-9617
-9745
-7943
-5457
-3731
-2951
-2283
-1300
-404
151
895
2319
3912
4587
3912
2428
784
-927
-2758
-4244
-4567
-3371
-1224
786
1895
2217
2543
3524
4985
6104
6267
5555
4314
2621
533
-1297
-1863
-858
913
2529
3993
5863
7999
9317
8982
7384
5580
4078
2655
1247
488
1041
2684
4368
5199
5125
4649
4091
3402
2708
2728
4207
6856
9132
9467
7662
4819
1996
-585
-2898
-4337
-4238
-2940
-1575
-662
416
2186
3959
4569
3914
2992
2451
1888
868
-138
-414
-186
-435
-1714
-3711
-5894
-7859
-8991
-8540
-6520
-3951
-1771
-43
1172
835
-1947
-5934
-8285
-7732
-6145
-5986
-7077
-7316
-6200
-5765
-7380
-9225
-8411
-4839
-1312
113
218
560
796
-615
-3705
-6499
-7320
-6459
-5237
-4356
-3832
-3837
-4568
-5465
-5443
-4093
-2086
-166
1620
3379
4588
4508
3245
1776
860
377
-110
-595
-754
-543
-263
-88
153
649
1311
1875
2148
2108
1936
2048
2931
4703
6865
8546
9066
8259
6453
4313
2582
1713
1627
1916
2332
2963
3884
4829
5402
5545
5627
6032
6780
7577
8107
8229
7982
7481
6809
5985
5100
4428
4213
4272
4031
3181
2124
1463
1097
266
-1301
-2738
-2956
-2045
-1243
-1455
-2327
-3001
-3284
-3515
-3566
-2794
-1191
52
-269
-1894
-3416
-4001
-4163
-4634
-5095
-4689
-3480
-2641
-2994
-3983
-4516
-4412
-4389
-4768
-4958
-4528
-4154
-4878
-6599
-7963
-7874
-6600
-5151
-4010
-2987
-2077
-1754
-2270
-3143
-3724
-3928
-4042
-3991
-3346
-2109
-1034
-872
-1525
-2238
-2439
-2091
-1361
-365
669
1339
1435
1198
1040
1113
1330
1638
1986
2132
1825
1282
1124
1646
2418
2841
2859
2768
2476
1490
-204
-1691
-1927
-798
895
2305
3039
2946
2020
733
35
594
2124
3754
4895
5432
5230
4083
2306
906
705
1491
2438
3166
3903
4631
4729
3858
2715
2382
3029
3818
4090
4125
4497
5152
5565
5606
5673
5992
6215
5950
5280
4546
3826
3001
2174
1621
1328
933
243
-540
-1283
-2242
-3554
-4636
-4656
-3664
-2769
-2923
-3896
-4772
-5190
-5529
-5941
-5877
-4864
-3372
-2416
-2471
-3201
-4194
-5423
-6801
-7760
-7755
-7012
-6363
-6267
-6354
-6046
-5270
-4392
-3684
-3262
-3381
-4343
-5923
-7211
-7338
-6286
-4807
-3615
-2870
-2408
-2124
-1952
-1666
-1019
-69
817
1362
1612
1703
1560
1044
379
186
911
2297
3587
4315
4742
5456
6610
7716
8187
7894
7145
6275
5543
5344
6115
7728
9115
8942
6873
4005
1900
1274
1754
2682
3736
4698
5079
4445
3049
1787
1364
1713
2304
2813
3223
3417
3038
1903
364
-906
-1517
-1675
-1957
-2751
-3787
-4154
-2979
-382
2252
3220
1917
-713
-3122
-4308
-4042
-2434
88
2401
2988
1236
-1709
-3814
-3968
-2690
-1130
134
1022
1207
146
-2048
-4255
-5224
-4630
-3107
-1509
-487
-570
-2013
-4233
-5824
-5647
-4000
-2435
-2300
-3596
-5244
-6160
-5920
-4678
-2913
-1345
-727
-1341
-2657
-3652
-3597
-2581
-1354
-703
-904
-1638
-2347
-2681
-2656
-2386
-1812
-838
281
904
563
-488
-1432
-1621
-1023
-21
970
1559
1355
300
-924
-1209
-59
1803
3084
3180
2606
2201
2236
2489
2881
3620
4631
5278
4973
3950
3129
3131
3689
4148
4349
4714
5478
6167
6063
5097
4013
3598
3910
4367
4478
4276
4041
3825
3455
2887
2359
2089
1985
1779
1393
1030
862
786
593
306
175
319
502
393
-36
-478
-689
-757
-917
-1202
-1420
-1490
-1576
-1810
-1958
-1616
-763
36
153
-429
-1115
-1385
-1293
-1198
-1146
-817
-98
525
378
-650
-1947
-2783
-2897
-2455
-1690
-820
-272
-592
-1921
-3652
-4845
-5025
-4473
-3785
-3304
-3072
-3092
-3384
-3782
-3934
-3652
-3181
-2938
-3033
-3189
-3193
-3228
-3641
-4404
-5017
-5002
-4406
-3697
-3238
-2954
-2582
-2103
-1780
-1808
-2037
-2154
-2047
-1886
-1819
-1758
-1535
-1221
-1110
-1357
-1729
-1803
-1406
-743
-152
201
365
463
601
864
1278
1748
2121
2335
2489
2725
3092
3551
4045
4478
4666
4443
3862
3246
2960
3176
3851
4823
5824
6477
6481
5897
5148
4617
4303
3961
3518
3175
3114
3249
3390
3514
3705
3901
3873
3518
3005
2563
2224
1908
1646
1546
1540
1386
946
354
-199
-690
-1093
-1142
-551
465
1168
1015
281
-268
-250
23
118
55
141
400
524
354
117
56
43
-218
-687
-957
-748
-254
95
67
-273
-777
-1304
-1651
-1625
-1295
-1028
-1143
-1593
-2096
-2535
-3039
-3645
-4084
-4030
-3500
-2854
-2424
-2275
-2358
-2692
-3266
-3833
-4034
-3766
-3365
-3303
-3739
-4426
-4973
-5155
-4968
-4536
-4042
-3697
-3644
-3840
-4094
-4219
-4172
-4017
-3823
-3634
-3515
-3540
-3692
-3844
-3871
-3774
-3636
-3458
-3138
-2624
-2055
-1653
-1469
-1321
-1010
-560
-164
53
169
348
660
1076
1582
2189
2854
3426
3768
3887
3929
4068
4400
4907
5450
5822
5901
5784
5704
5774
5850
5727
5468
5392
5722
6305
6786
6970
6937
6801
6532
6103
5688
5561
5761
5982
5871
5380
4759
4271
3987
3842
3766
3708
3590
3353
3032
2714
2446
2219
2065
2066
2216
2303
2056
1414
611
-67
-533
-896
-1224
-1454
-1541
-1603
-1812
-2156
-2408
-2405
-2268
-2300
-2656
-3189
-3640
-3905
-4076
-4266
-4489
-4713
-4955
-5242
-5526
-5691
-5661
-5482
-5268
-5112
-5046
-5055
-5078
-5021
-4844
-4625
-4505
-4535
-4612
-4590
-4455
-4315
-4243
-4196
-4114
-4036
-4056
-4158
-4175
-3952
-3505
-2987
-2521
-2110
-1714
-1340
-1041
-840
-706
-601
-531
-523
-596
-729
-844
-828
-581
-112
459
980
1384
1689
1927
2117
2301
2544
2860
3177
3388
3463
3469
3472
3489
3524
3620
3816
4066
4266
4348
4337
4263
4111
3878
3672
3662
3899
4231
4432
4385
4129
3758
3346
2973
2747
2734
2863
2954
2861
2605
2335
2188
2178
2237
2276
2228
2025
1645
1154
696
385
220
107
-40
-257
-535
-842
-1115
-1259
-1188
-916
-587
-410
-514
-861
-1290
-1650
-1871
-1934
-1841
-1658
-1545
-1655
-1987
-2366
-2615
-2709
-2747
-2814
-2887
-2912
-2888
-2841
-2752
-2572
-2303
-2027
-1824
-1706
-1663
-1720
-1897
-2123
-2264
-2260
-2176
-2099
-2033
-1940
-1837
-1806
-1880
-1990
-2025
-1945
-1796
-1639
-1489
-1332
-1187
-1120
-1161
-1235
-1199
-974
-624
-307
-159
-201
-343
-456
-468
-407
-330
-230
-60
179
385
489
545
653
808
909
908
894
966
1096
1181
1203
1271
1482
1780
2013
2090
2053
1995
1972
1999
2091
2230
2328
2285
2088
1847
1693
1695
1847
2108
2404
2649
2778
2783
2684
2487
2214
1932
1740
1696
1779
1914
2029
2081
2064
1984
1851
1687
1520
1351
1139
856
554
333
219
125
-33
-242
-442
-637
-863
-1092
-1229
-1244
-1233
-1312
-1488
-1671
-1786
-1844
-1899
-1979
-2060
-2107
-2116
-2116
-2121
-2108
-2050
-1977
-1973
-2072
-2197
-2224
-2112
-1950
-1839
-1769
-1633
-1391
-1143
-1021
-1017
-1019
-966
-920
-954
-1021
-1027
-974
-955
-1001
-1005
-835
-496
-150
32
27
-50
-71
-12
77
168
278
395
463
462
454
498
555
551
504
515
644
849
1061
1249
1392
1442
1380
1252
1130
1013
855
632
402
266
298
485
715
852
827
677
490
324
204
162
228
375
511
555
523
492
504
522
502
469
487
559
602
546
419
308
269
312
442
661
921
1120
1191
1162
1123
1129
1158
1146
1056
903
725
528
315
137
79
155
258
283
254
288
399
462
367
137
-137
-422
-731
-1036
-1270
-1401
-1450
-1445
-1399
-1342
-1323
-1386
-1546
-1791
-2056
-2240
-2258
-2123
-1924
-1745
-1622
-1565
-1588
-1683
-1801
-1884
-1924
-1955
-1987
-1970
-1850
-1632
-1387
-1182
-1017
-853
-669
-497
-373
-299
-252
-208
-143
-46
76
190
280
369
509
724
998
1276
1516
1711
1884
2036
2127
2141
2134
2169
2220
2207
2151
2186
2391
2665
2850
2918
2957
3004
2991
2870
2694
2549
2453
2369
2275
2180
2094
2013
1913
1772
1586
1379
1161
905
599
294
79
-33
-115
-234
-372
-483
-564
-650
-743
-816
-873
-979
-1191
-1480
-1737
-1879
-1910
-1897
-1879
-1848
-1804
-1790
-1852
-1969
-2063
-2079
-2028
-1958
-1909
-1881
-1851
-1809
-1781
-1803
-1852
-1866
-1810
-1718
-1622
-1490
-1284
-1047
-868
-792
-802
-875
-983
-1066
-1048
-920
-742
-565
-405
-282
-241
-294
-394
-488
-561
-611
-607
-527
-386
-211
-13
187
330
351
246
63
-132
-283
-336
-269
-121
44
182
281
340
361
367
405
513
679
859
1009
1111
1173
1196
1176
1121
1072
1066
1106
1166
1242
1350
1487
1627
1742
1811
1812
1736
1601
1454
1340
1295
1350
1499
1681
1826
1920
1980
1975
1856
1644
1450
1357
1349
1370
1418
1508
1603
1633
1572
1455
1318
1172
1019
863
712
586
507
467
417
329
221
124
10
-169
-403
-620
-780
-909
-1037
-1153
-1235
-1311
-1440
-1633
-1830
-1950
-1963
-1918
-1880
-1880
-1915
-1991
-2131
-2330
-2534
-2675
-2732
-2736
-2724
-2706
-2672
-2615
-2549
-2497
-2459
-2409
-2330
-2251
-2213
-2214
-2203
-2144
-2052
-1946
-1814
-1649
-1487
-1369
-1290
-1213
-1132
-1071
-1023
-947
-811
-624
-405
-173
51
243
404
537
628
662
665
696
766
839
898
968
1072
1182
1254
1287
1302
1313
1337
1403
1535
1723
1924
2108
2253
2325
2303
2206
2097
2036
2055
2146
2274
2391
2462
2473
2444
2390
2328
2274
2245
2246
2269
2295
2298
2267
2209
2142
2070
1986
1884
1762
1619
1463
1319
1208
1113
1005
889
800
752
704
624
537
483
447
375
235
52
-128
-280
-411
-550
-709
-861
-970
-1040
-1123
-1238
-1352
-1422
-1461
-1509
-1570
-1628
-1696
-1812
-1980
-2159
-2303
-2401
-2453
-2446
-2371
-2252
-2147
-2107
-2154
-2265
-2390
-2484
-2524
-2490
-2369
-2161
-1920
-1725
-1615
-1574
-1559
-1556
-1574
-1612
-1630
-1585
-1468
-1321
-1187
-1065
-929
-787
-677
-608
-542
-444
-331
-240
-165
-79
21
108
157
178
199
252
352
484
614
727
831
919
963
956
932
925
920
892
868
898
984
1074
1129
1162
1197
1222
1213
1168
1103
1034
971
918
885
893
965
1095
1231
1308
1312
1283
1257
1224
1171
1116
1105
1158
1252
1345
1414
1448
1447
1406
1331
1248
1192
1168
1160
1145
1127
1109
1081
1025
945
855
767
687
629
606
614
627
615
557
445
298
146
7
-124
-244
-331
-365
-363
-356
-357
-371
-416
-510
-642
-778
-901
-1011
-1100
-1156
-1183
-1202
-1225
-1248
-1275
-1317
-1380
-1456
-1530
-1587
-1610
-1594
-1571
-1568
-1578
-1572
-1555
-1555
-1575
-1574
-1523
-1437
-1349
-1275
-1215
-1168
-1140
-1130
-1137
-1147
-1137
-1082
-991
-884
-774
-655
-543
-462
-415
-385
-366
-372
-388
-367
-280
-156
-35
78
201
335
460
556
618
660
706
770
828
848
833
837
889
963
1019
1061
1113
1169
1199
1196
1187
1189
1193
1183
1155
1116
1077
1042
1007
961
909
871
847
811
758
716
703
692
638
544
451
392
362
345
337
340
358
390
416
417
384
337
290
245
200
176
184
203
205
190
180
176
163
138
106
64
16
-14
-9
14
22
4
-21
-49
-85
-122
-135
-120
-95
-72
-63
-92
-161
-238
-291
-333
-410
-517
-598
-611
-580
-557
-563
-584
-596
-588
-584
-624
-717
-814
-865
-880
-900
-925
-917
-882
-866
-879
-883
-865
-864
-896
-911
-871
-815
-797
-811
-802
-747
-674
-612
-568
-524
-458
-357
-251
-193
-186
-175
-124
-58
-18
6
49
118
198
290
396
484
542
597
679
760
796
787
781
796
823
862
916
967
991
1000
1029
1063
1051
971
861
768
704
658
623
602
601
611
604
548
440
324
236
168
90
9
-44
-63
-68
-78
-97
-137
-201
-265
-295
-299
-292
-278
-256
-242
-249
-256
-242
-238
-275
-323
-315
-232
-128
-41
34
95
128
129
123
117
102
81
82
107
130
143
167
200
207
174
123
77
39
18
27
56
68
57
49
47
19
-47
-116
-169
-228
-301
-358
-382
-402
-444
-488
-505
-511
-530
-564
-602
-651
-705
-736
-731
-719
-729
-747
-749
-747
-764
-791
-808
-813
-807
-776
-721
-668
-635
-606
-562
-521
-502
-481
-425
-346
-277
-211
-120
-11
83
155
221
284
341
402
485
574
649
727
830
938
1009
1045
1089
1136
1140
1091
1041
1039
1069
1104
1130
1149
1151
1134
1112
1088
1038
951
848
755
679
609
530
437
331
231
152
85
10
-68
-131
-188
-252
-320
-373
-417
-470
-528
-564
-577
-592
-610
-608
-580
-557
-553
-561
-571
-582
-584
-562
-534
-527
-524
-475
-377
-289
-244
-217
-176
-134
-117
-117
-110
-102
-102
-97
-75
-47
-29
-17
2
32
69
108
125
96
44
14
9
-11
-58
-85
-58
-13
-2
-18
-20
-11
-20
-44
-60
-68
-90
-126
-159
-188
-224
-258
-270
-261
-258
-277
-306
-332
-357
-382
-403
-421
-440
-462
-484
-494
-477
-422
-348
-298
-290
-291
-271
-250
-257
-276
-260
-198
-122
-53
21
100
167
220
287
384
488
570
630
685
730
760
782
811
839
856
864
877
898
917
933
946
947
922
864
784
703
634
576
516
444
370
310
263
207
123
19
-82
-169
-245
-323
-407
-483
-533
-541
-533
-550
-607
-678
-723
-736
-733
-727
-722
-716
-710
-700
-686
-673
-647
-592
-511
-435
-383
-340
-288
-229
-182
-152
-125
-93
-51
-6
23
22
13
43
128
228
294
325
350
369
369
367
390
425
427
395
370
378
395
393
375
369
372
372
352
314
268
231
210
194
163
120
82
51
13
-39
-88
-121
-143
-171
-223
-301
-383
-438
-463
-479
-513
-553
-577
-584
-585
-578
-554
-533
-539
-555
-538
-486
-445
-443
-452
-420
-346
-268
-214
-163
-88
15
116
188
235
283
344
401
437
464
502
556
615
668
713
744
763
778
795
803
793
765
735
708
685
667
649
613
562
512
472
427
366
306
263
226
175
106
38
-15
-50
-71
-88
-112
-143
-171
-194
-222
-260
-297
-327
-359
-391
-409
-408
-402
-400
-393
-373
-359
-363
-377
-385
-383
-381
-378
-372
-374
-391
-409
-413
-397
-362
-311
-264
-245
-263
-289
-293
-276
-271
-288
-301
-285
-246
-209
-186
-169
-141
-108
-93
-104
-118
-117
-106
-110
-123
-126
-115
-101
-90
-79
-70
-74
-79
-67
-42
-34
-63
-108
-135
-138
-124
-106
-90
-80
-73
-60
-38
-17
-7
-4
-3
2
15
39
71
105
140
176
214
248
282
316
344
361
374
393
418
441
465
495
527
549
561
581
614
647
654
626
579
538
516
502
475
436
408
407
421
425
414
397
377
345
300
251
208
167
120
71
39
22
2
-30
-62
-71
-73
-93
-134
-166
-176
-188
-222
-262
-282
-283
-284
-295
-311
-327
-346
-368
-387
-410
-446
-484
-505
-505
-501
-504
-505
-493
-473
-456
-456
-472
-491
-504
-515
-528
-533
-515
-482
-460
-452
-433
-393
-352
-328
-305
-275
-253
-255
-262
-254
-236
-228
-224
-200
-152
-95
-41
5
39
60
74
83
80
67
62
81
111
138
167
207
251
288
315
334
344
349
362
381
393
401
422
457
487
503
527
569
610
630
642
661
672
664
646
630
608
576
558
564
579
577
561
545
526
497
458
412
348
270
201
164
144
119
88
59
29
-12
-63
-114
-160
-198
-229
-266
-319
-374
-405
-413
-424
-446
-455
-436
-413
-406
-410
-411
-413
-418
-411
-385
-364
-368
-381
-376
-346
-306
-274
-260
-264
-275
-270
-243
-219
-215
-222
-222
-206
-177
-132
-84
-57
-60
-77
-93
-105
-112
-111
-106
-112
-131
-144
-135
-114
-93
-78
-70
-70
-75
-66
-44
-32
-50
-93
-132
-144
-121
-77
-47
-53
-79
-94
-90
-85
-87
-86
-77
-75
-88
-99
-89
-67
-52
-47
-42
-36
-28
-16
5
26
35
24
13
24
61
105
128
131
135
157
190
216
228
230
222
211
207
220
240
252
259
273
291
302
304
308
313
306
280
253
246
255
256
238
215
204
209
212
206
193
179
159
143
142
154
157
140
119
119
139
159
165
162
155
147
138
135
137
139
133
117
97
80
74
79
88
87
76
58
44
39
37
26
0
-34
-56
-70
-86
-108
-125
-140
-161
-192
-221
-246
-280
-319
-342
-337
-324
-319
-321
-322
-325
-334
-333
-319
-310
-320
-334
-332
-314
-297
-283
-264
-239
-210
-188
-172
-162
-147
-118
-83
-55
-34
-19
-9
-3
15
51
83
93
103
137
177
184
159
141
149
162
162
156
152
145
139
146
161
167
155
143
134
118
98
86
85
82
75
72
75
70
55
39
24
12
9
18
24
15
8
13
19
10
2
14
38
49
48
54
67
72
71
77
90
102
111
125
144
153
149
138
125
119
122
125
116
96
86
92
95
88
77
67
47
14
-13
-22
-29
-53
-89
-121
-143
-162
-189
-223
-249
-260
-259
-266
-295
-331
-353
-364
-379
-391
-384
-366
-359
-361
-352
-329
-308
-302
-305
-301
-288
-258
-218
-187
-168
-141
-89
-28
12
31
54
98
150
195
232
259
283
310
352
401
440
462
474
495
524
545
549
548
565
601
620
596
552
534
548
568
571
559
543
520
492
457
411
353
305
290
295
280
241
203
184
167
131
83
43
17
-4
-31
-76
-134
-184
-204
-198
-191
-204
-238
-276
-303
-315
-323
-343
-377
-407
-421
-427
-439
-446
-437
-422
-430
-460
-487
-491
-483
-478
-480
-479
-467
-449
-441
-453
-473
-480
-462
-428
-400
-388
-386
-390
-401
-413
-413
-389
-353
-328
-328
-331
-307
-254
-210
-208
-236
-249
-220
-171
-130
-95
-45
18
59
46
0
-28
-10
33
64
92
142
197
204
152
106
136
228
307
329
309
278
251
243
275
343
410
447
457
456
441
400
353
345
407
514
596
590
501
410
402
479
556
571
552
560
582
556
488
461
534
642
686
654
627
658
692
650
538
456
485
586
638
574
460
403
419
419
340
236
201
236
251
187
88
25
-2
-50
-138
-207
-199
-133
-101
-166
-300
-419
-478
-508
-558
-623
-653
-629
-606
-652
-774
-896
-952
-943
-928
-941
-970
-986
-990
-1004
-1031
-1041
-1003
-920
-843
-824
-863
-898
-868
-782
-713
-706
-713
-652
-527
-437
-449
-501
-472
-335
-193
-150
-197
-237
-201
-106
-19
16
23
69
189
327
381
320
220
178
204
260
325
389
406
352
277
253
260
215
134
141
288
462
523
470
393
333
277
248
288
368
418
423
426
438
423
372
327
301
270
246
274
337
354
315
318
396
443
368
257
256
363
435
409
365
394
478
528
486
361
245
265
453
655
668
501
375
441
575
556
364
201
234
410
524
432
201
52
129
310
321
63
-248
-350
-247
-156
-190
-250
-224
-152
-137
-218
-374
-565
-704
-696
-573
-509
-603
-744
-756
-642
-567
-642
-832
-1020
-1101
-1020
-833
-705
-741
-857
-906
-905
-1009
-1222
-1328
-1170
-868
-658
-613
-604
-495
-282
-84
-38
-177
-344
-317
-54
264
462
531
492
295
-9
-126
168
652
852
637
374
409
644
760
680
602
688
871
950
791
492
372
674
1192
1405
1093
600
299
93
-217
-333
179
1037
1430
1194
1010
933
-434
-4108
-8191
-8562
-3145
4913
9446
7090
551
-4356
-4777
-3240
-3726
-6101
-5919
-394
6748
8335
1993
-6374
-8723
-3670
2556
3896
1204
-9
2755
5813
4288
-1399
-5610
-3883
2081
6482
5728
1640
-1552
-2092
-1560
-1552
-1329
409
2581
2341
-1229
-5467
-7070
-5903
-4646
-4897
-5044
-2744
1377
3823
2170
-2043
-4965
-4544
-2183
-373
368
1462
3602
5266
4470
1420
-1390
-1811
-116
1803
2748
3049
3263
2947
1315
-1217
-2972
-2731
-1057
520
1268
1580
1640
720
-1609
-4086
-4581
-2425
710
2604
2673
1997
1575
1288
637
-60
277
2207
4790
6192
5455
3520
2204
2200
2574
2414
2277
3284
5105
5862
4355
1627
-189
-131
1036
2093
2490
2256
1561
627
-274
-1000
-1495
-1528
-777
611
1886
2334
1913
1059
171
-459
-453
371
1579
2416
2609
2536
2454
2036
978
-250
-742
-174
862
1542
1517
919
103
-464
-391
245
868
1040
932
862
633
-179
-1299
-1755
-1061
42
440
-59
-706
-903
-795
-780
-910
-940
-668
-90
505
523
-485
-2142
-3308
-3193
-2226
-1493
-1495
-1824
-1971
-1962
-2057
-2259
-2380
-2362
-2286
-2205
-2183
-2383
-2833
-3190
-3006
-2300
-1668
-1671
-2194
-2571
-2325
-1652
-1152
-1185
-1566
-1809
-1565
-898
-275
-270
-1035
-2011
-2414
-2119
-1831
-2117
-2548
-2209
-991
168
364
-357
-1329
-2035
-2276
-1991
-1332
-705
-319
85
682
1015
547
-389
-806
-297
529
993
1120
1235
1352
1390
1539
1887
2036
1621
1030
959
1375
1513
1001
383
347
847
1306
1316
890
275
-205
-275
54
465
735
1009
1466
1878
1779
1068
192
-303
-229
217
740
1165
1437
1524
1400
1158
1019
1123
1338
1446
1488
1666
1879
1701
990
191
-205
-227
-184
-134
13
80
-172
-528
-512
-138
65
-158
-419
-330
-13
224
307
191
-282
-938
-1126
-516
264
359
-138
-383
-51
282
119
-250
-284
60
410
462
72
-739
-1595
-1881
-1448
-936
-1028
-1579
-1908
-1780
-1640
-1854
-2179
-2142
-1649
-1032
-682
-751
-1066
-1255
-1091
-748
-596
-734
-868
-704
-313
-41
-127
-470
-682
-419
199
558
164
-692
-1143
-708
174
667
419
-191
-527
-297
165
184
-494
-1209
-971
290
1443
1451
622
149
606
1436
1863
1784
1593
1585
1760
1919
1782
1241
639
539
1024
1515
1467
996
590
477
564
780
1075
1227
1044
705
557
572
412
29
-170
84
527
773
836
983
1259
1448
1395
1175
945
825
861
960
918
671
417
364
401
244
-151
-503
-576
-431
-261
-136
-25
56
43
-65
-175
-200
-124
5
134
262
412
561
639
613
581
682
943
1235
1377
1249
881
508
456
812
1247
1318
943
444
85
-220
-644
-1085
-1223
-879
-187
484
748
444
-163
-525
-344
120
391
384
403
614
788
657
285
-69
-272
-332
-232
28
313
471
543
666
776
614
88
-529
-888
-916
-773
-580
-362
-195
-207
-416
-665
-814
-863
-826
-612
-169
338
631
629
505
424
369
282
210
197
177
100
63
150
229
130
-18
79
411
582
354
2
-73
133
312
338
372
521
660
640
438
82
-372
-728
-731
-385
14
255
442
701
828
513
-198
-866
-1122
-989
-717
-502
-409
-453
-624
-896
-1238
-1578
-1726
-1463
-800
-95
201
-32
-471
-686
-566
-373
-371
-504
-487
-199
159
295
108
-267
-603
-697
-495
-212
-196
-520
-822
-731
-389
-300
-658
-1095
-1139
-727
-169
182
154
-165
-438
-353
-7
187
86
70
495
1117
1376
1116
683
399
285
317
557
927
1150
1082
875
690
480
178
-116
-303
-425
-480
-345
-57
38
-291
-771
-949
-782
-601
-585
-596
-501
-342
-164
17
60
-184
-553
-658
-399
-102
-42
-75
43
252
308
137
-142
-395
-481
-260
175
417
172
-359
-752
-907
-1026
-1145
-1037
-623
-155
94
77
-141
-498
-856
-1026
-989
-896
-775
-488
-72
152
-12
-354
-562
-604
-599
-510
-254
33
127
27
-117
-289
-540
-734
-656
-368
-143
-60
39
144
5
-420
-783
-816
-695
-693
-752
-672
-516
-499
-605
-656
-652
-750
-912
-917
-742
-629
-679
-680
-470
-202
-78
-33
95
253
275
196
212
354
462
499
645
989
1304
1285
928
515
282
242
327
527
818
1065
1131
1040
896
690
341
-53
-218
-47
225
337
342
446
619
636
487
424
575
785
943
1164
1478
1619
1398
1070
1003
1149
1173
1004
878
868
773
542
418
492
516
345
236
384
496
184
-380
-654
-468
-180
-74
-28
120
259
228
90
-37
-175
-330
-321
-33
339
517
510
516
529
344
-62
-417
-504
-414
-320
-214
-10
207
214
-80
-518
-855
-966
-878
-694
-501
-330
-183
-70
-20
-54
-175
-356
-529
-595
-521
-409
-386
-434
-403
-221
6
123
85
-63
-261
-423
-450
-351
-284
-342
-390
-244
9
84
-117
-354
-382
-236
-117
-103
-120
-116
-95
-26
120
273
316
271
273
349
357
212
29
-35
2
27
33
102
204
196
17
-201
-312
-328
-330
-323
-235
-64
95
166
155
94
9
-60
-54
28
116
153
152
146
110
-1
-172
-329
-424
-462
-457
-398
-287
-176
-136
-204
-353
-519
-644
-697
-674
-583
-460
-363
-341
-367
-354
-277
-217
-237
-288
-292
-283
-376
-571
-716
-696
-566
-443
-369
-337
-371
-477
-575
-574
-503
-432
-329
-120
121
207
100
-22
-31
-28
-130
-248
-214
-63
21
-21
-70
-48
-22
-40
-50
-35
-79
-212
-307
-265
-168
-135
-99
71
304
363
172
-103
-302
-439
-535
-466
-134
322
637
719
672
579
411
171
-25
-77
0
152
361
574
671
594
453
380
344
224
43
-23
109
311
418
409
354
262
101
-72
-137
-47
118
266
377
450
464
424
380
375
398
426
473
537
557
475
347
304
398
527
554
443
266
105
-7
-64
-51
43
187
324
396
369
233
23
-174
-266
-232
-128
-19
84
206
327
387
347
236
104
-23
-130
-179
-149
-57
70
213
341
377
277
108
-3
-16
0
-5
25
141
274
298
176
-13
-188
-317
-383
-372
-306
-228
-142
-28
64
32
-123
-254
-247
-171
-150
-175
-130
-13
50
-9
-99
-116
-73
-36
-11
13
14
-15
-8
62
101
16
-115
-130
-27
29
-32
-96
-62
-2
-21
-77
-68
-11
16
38
146
309
377
307
216
197
204
184
191
257
294
233
168
224
341
355
266
236
319
371
276
126
62
84
124
184
287
366
331
232
193
207
163
57
31
146
266
256
162
106
87
32
-38
-41
18
47
25
28
67
41
-98
-258
-333
-341
-348
-338
-259
-147
-89
-93
-103
-126
-225
-390
-509
-507
-430
-342
-235
-94
16
9
-108
-256
-384
-480
-508
-428
-280
-169
-152
-189
-235
-292
-361
-393
-348
-263
-200
-178
-187
-243
-358
-480
-533
-510
-465
-432
-389
-324
-265
-230
-198
-169
-180
-237
-269
-217
-120
-57
-43
-32
-19
-52
-130
-190
-176
-108
-32
40
89
69
-37
-166
-234
-233
-207
-161
-79
6
21
-47
-124
-151
-155
-176
-182
-127
-34
21
31
45
80
93
63
30
29
37
28
29
69
121
144
148
172
209
208
159
118
120
126
104
85
108
148
141
81
28
19
28
20
2
-6
-1
5
21
46
57
53
61
96
116
71
-13
-50
3
93
157
189
217
231
183
69
-48
-95
-52
41
131
184
196
173
116
24
-87
-167
-167
-100
-28
-1
2
27
78
107
72
-6
-75
-101
-93
-80
-67
-35
30
100
116
48
-56
-116
-86
3
102
179
229
237
196
121
54
18
16
43
94
159
218
262
286
281
242
195
176
187
184
149
127
166
247
298
288
257
244
232
192
140
121
147
188
207
198
174
160
180
221
237
194
119
77
96
133
140
125
116
113
90
56
43
57
64
47
34
58
105
135
123
78
20
-32
-61
-62
-45
-26
-1
35
66
55
-13
-101
-160
-167
-137
-87
-25
32
58
43
-3
-50
-75
-67
-34
8
39
53
58
61
66
70
74
70
55
28
4
-4
6
17
19
14
15
25
27
-3
-63
-114
-119
-79
-32
-5
5
12
11
-7
-39
-63
-70
-73
-80
-88
-87
-71
-49
-28
-17
-18
-27
-34
-40
-56
-76
-79
-47
5
45
58
48
26
-3
-28
-29
-3
28
42
39
30
19
0
-19
-28
-25
-19
-12
2
14
8
-25
-61
-75
-66
-55
-54
-61
-69
-71
-59
-32
-9
-11
-44
-90
-126
-140
-128
-91
-53
-39
-60
-91
-105
-104
-111
-131
-149
-149
-135
-120
-106
-103
-118
-152
-188
-203
-191
-171
-160
-161
-163
-151
-122
-90
-75
-81
-97
-104
-94
-68
-32
7
31
25
-9
-46
-58
-40
-8
14
19
13
11
18
22
9
-18
-39
-42
-28
-14
-4
-1
-1
-2
3
9
7
-12
-42
-68
-84
-91
-86
-60
-25
-7
-19
-49
-76
-99
-122
-139
-131
-97
-57
-31
-21
-23
-38
-62
-85
-96
-95
-85
-73
-62
-56
-53
-47
-45
-65
-110
-149
-149
-109
-68
-52
-51
-42
-26
-24
-39
-52
-45
-24
0
23
44
58
64
68
70
61
45
42
61
80
73
48
40
63
97
116
113
96
70
45
30
30
35
41
56
81
94
78
46
27
27
32
29
28
40
52
45
21
6
13
32
37
24
5
-12
-19
-10
20
60
90
106
111
99
63
21
1
6
21
34
62
101
120
100
60
38
34
33
32
39
51
54
53
61
75
74
52
34
36
48
55
59
68
82
91
89
82
78
75
72
70
68
63
65
81
101
99
66
32
24
33
28
3
-18
-20
-17
-25
-40
-46
-38
-26
-19
-22
-30
-38
-41
-38
-27
-14
-10
-16
-25
-24
-19
-17
-17
-13
-4
6
15
18
17
15
18
22
14
-3
-8
17
52
63
49
36
32
26
14
10
17
23
19
14
16
17
11
2
-2
-1
2
2
-6
-13
-4
15
19
-1
-22
-20
-2
8
-1
-11
-1
24
48
46
13
-22
-25
-1
19
26
30
32
19
-11
-37
-47
-54
-61
-51
-32
-24
-28
-23
-9
-9
-27
-42
-37
-23
-13
-11
-27
-59
-73
-45
0
7
-26
-59
-64
-58
-54
-41
-25
-30
-54
-65
-54
-36
-20
-4
4
-6
-15
-2
22
28
16
10
14
15
15
23
27
11
-8
2
34
55
51
37
19
4
3
27
59
74
72
68
62
54
55
68
74
59
36
27
34
42
50
59
58
43
26
26
36
46
52
57
63
69
74
69
58
57
74
85
60
8
-26
-26
-13
-7
-3
-2
-7
-14
-17
-22
-39
-58
-61
-53
-51
-57
-52
-29
-14
-16
-25
-34
-45
-53
-47
-34
-30
-40
-44
-29
-11
-13
-35
-54
-56
-50
-50
-58
-61
-49
-33
-30
-40
-51
-53
-49
-44
-41
-34
-25
-13
3
19
29
26
15
5
2
12
34
57
71
71
67
73
88
95
82
65
61
67
70
69
70
72
55
29
17
28
42
47
54
63
55
32
22
36
43
25
3
2
14
18
20
30
35
22
2
-4
-3
-11
-24
-24
-15
-10
-11
-9
-8
-6
2
14
19
8
-9
-14
-7
0
7
14
19
16
6
-4
-3
15
44
64
65
56
50
49
44
38
37
38
32
28
33
41
45
47
55
69
80
84
77
62
46
35
27
13
5
22
52
57
30
4
11
30
25
-4
-29
-38
-35
-30
-25
-28
-35
-37
-32
-37
-52
-55
-34
-14
-23
-51
-68
-71
-76
-90
-103
-109
-106
-97
-80
-62
-56
-69
-88
-97
-93
-87
-86
-86
-80
-69
-74
-94
-112
-108
-90
-71
-55
-33
-12
-6
-14
-18
-11
-1
1
-2
-5
-4
7
30
52
61
57
54
61
60
38
15
15
30
32
17
11
28
49
56
58
68
70
54
30
16
15
14
21
42
55
33
-13
-43
-40
-29
-33
-40
-35
-23
-24
-34
-45
-52
-58
-57
-50
-51
-67
-79
-72
-56
-49
-46
-26
-4
-9
-41
-61
-42
-11
-2
-14
-25
-24
-18
-9
9
25
30
27
31
39
33
11
-9
-10
7
26
36
33
24
13
3
-7
-13
-5
17
30
18
-6
-9
17
46
42
5
-25
-12
31
64
57
25
1
0
10
22
37
44
32
8
-9
-10
-3
0
-4
-14
-22
-11
22
57
66
49
27
10
0
6
30
54
50
21
-1
5
27
