7
-15
-30
-22
-4
-2
-16
-18
-2
5
-7
-15
-9
-7
-18
-18
5
17
-3
-25
-13
18
24
6
-2
12
26
19
6
6
21
37
39
19
-16
-38
-29
1
23
24
15
7
3
-2
-8
-10
-7
-2
-6
-21
-35
-36
-25
-12
-1
10
14
6
-8
-12
-4
-5
-25
-45
-47
-27
2
21
21
2
-23
-37
-29
-6
14
21
17
6
-1
3
23
43
45
28
20
36
57
51
26
15
25
27
13
12
43
70
55
9
-23
-23
0
35
72
82
48
0
-21
-8
4
2
-1
4
2
-13
-25
-11
21
51
63
54
35
21
25
42
51
30
-6
-24
-8
16
19
-1
-15
-10
3
12
12
1
-22
-38
-25
-1
2
-19
-25
-2
19
1
-33
-41
-24
-9
-6
-8
-15
-30
-33
-16
0
-8
-22
-18
-4
-5
-18
-21
-16
-18
-26
-19
1
11
4
-1
6
14
8
-9
-16
-9
3
6
-4
-12
-1
18
25
15
6
9
21
30
37
43
48
47
36
20
7
7
13
10
-2
-3
15
28
15
-4
4
37
64
68
61
61
66
65
54
37
22
13
6
-1
-4
2
14
15
1
-19
-35
-47
-53
-50
-34
-16
-4
2
5
8
9
5
-10
-25
-26
-14
-11
-30
-45
-31
-2
3
-24
-51
-53
-38
-23
-10
3
8
-3
-24
-40
-42
-27
-11
-5
-13
-21
-25
-26
-27
-27
-26
-30
-31
-24
-13
-7
-6
-6
-8
-21
-39
-42
-33
-29
-38
-46
-45
-44
-46
-45
-38
-31
-28
-24
-18
-15
-14
-9
-6
-10
-18
-22
-30
-43
-53
-52
-53
-63
-66
-41
-7
2
-14
-27
-24
-26
-38
-44
-31
-20
-32
-53
-59
-43
-22
-15
-14
-8
5
12
7
0
-4
-4
2
21
45
54
35
13
8
11
5
-6
0
11
7
-11
-15
0
9
0
-14
-20
-21
-18
-13
-8
-4
9
34
50
40
16
2
-8
-25
-37
-20
16
34
20
4
4
11
15
21
42
65
75
69
54
33
7
-12
-8
11
19
7
-7
5
32
48
46
43
46
30
-4
-21
-3
20
15
-5
-11
-6
-12
-24
-20
-10
-23
-49
-48
-7
30
27
-2
-15
1
25
27
2
-28
-37
-25
-13
-13
-8
11
24
16
-3
-6
15
44
60
56
45
44
59
73
63
32
8
10
28
45
58
62
56
37
19
16
25
33
26
5
-15
-17
-7
-7
-21
-21
1
16
-7
-41
-39
-4
14
-16
-65
-85
-71
-50
-43
-49
-53
-53
-45
-27
1
26
26
1
-25
-29
-19
-19
-29
-33
-32
-39
-47
-34
5
33
29
9
2
15
33
43
39
23
5
5
27
51
58
51
49
58
70
75
80
94
111
112
93
77
77
79
57
19
-4
4
20
27
27
30
33
33
38
51
62
59
48
33
22
26
48
68
65
44
35
45
57
51
39
34
37
43
49
52
43
24
6
-3
-7
-6
4
16
15
-2
-16
-11
2
4
-19
-50
-67
-63
-51
-46
-49
-42
-24
-12
-14
-24
-34
-44
-53
-53
-47
-47
-52
-49
-39
-41
-59
-71
-64
-47
-33
-19
-7
-10
-32
-52
-51
-43
-45
-52
-50
-43
-41
-43
-42
-40
-39
-33
-19
-4
0
-6
-15
-19
-13
-2
6
4
-6
-8
-3
-2
-5
-4
4
7
0
-6
3
21
28
16
2
-3
3
11
14
14
8
0
-6
-4
2
3
1
3
4
-9
-26
-28
-12
1
-5
-15
-7
11
16
12
13
21
22
13
1
-17
-43
-65
-67
-52
-41
-50
-71
-85
-80
-49
-4
28
26
-2
-25
-29
-17
-1
6
-3
-24
-41
-39
-18
-1
-4
-21
-36
-45
-53
-61
-62
-55
-48
-54
-58
-45
-25
-24
-46
-60
-40
-4
15
10
-6
-18
-20
-5
13
14
-10
-31
-22
8
25
23
24
35
43
41
34
29
26
35
57
77
71
39
14
11
26
32
22
3
-11
-11
0
7
3
2
18
43
48
23
-13
-34
-30
-9
14
29
35
36
30
8
-24
-41
-22
19
54
75
93
110
109
84
52
37
38
42
40
32
21
5
-6
-4
13
28
32
26
19
20
24
29
28
24
25
32
35
24
7
-3
-5
-11
-20
-19
-15
-27
-58
-78
-62
-27
-3
-4
-15
-27
-37
-38
-22
1
7
-4
-12
-5
7
21
42
73
90
74
38
18
35
70
88
78
58
50
59
77
90
85
68
52
52
65
73
68
55
50
60
69
59
24
-12
-17
16
48
44
18
14
39
55
33
4
10
42
51
21
-16
-28
-11
9
16
1
-26
-44
-42
-35
-36
-40
-32
-20
-27
-54
-71
-62
-48
-46
-48
-47
-45
-45
-38
-25
-23
-43
-60
-51
-34
-36
-56
-66
-53
-36
-27
-25
-23
-25
-30
-30
-23
-12
-3
8
18
20
20
20
13
-7
-28
-23
9
38
39
23
16
21
26
19
11
15
22
22
20
28
45
56
51
40
37
39
28
0
-32
-51
-55
-54
-53
-55
-62
-72
-84
-88
-84
-79
-79
-80
-69
-42
-18
-18
-42
-59
-48
-27
-26
-50
-63
-47
-24
-29
-58
-71
-51
-21
-11
-18
-17
-3
9
6
-1
1
11
19
23
27
29
28
26
25
27
27
29
34
42
46
43
30
20
23
40
55
51
32
16
18
28
35
36
30
19
0
-18
-28
-25
-15
-6
-4
-5
-9
-17
-20
-11
7
15
0
-23
-26
-13
-8
-23
-34
-24
-10
-13
-16
-2
23
33
25
15
6
-3
-9
-7
-3
-9
-11
0
10
-4
-28
-39
-34
-29
-21
3
32
36
14
-4
-6
-4
-5
-2
7
5
-8
-9
8
18
7
-5
3
21
27
19
8
-2
-16
-34
-49
-54
-53
-42
-28
-23
-30
-37
-29
-7
14
16
8
8
22
35
31
17
11
14
5
-21
-50
-60
-51
-30
-6
8
5
-5
-9
-9
-18
-36
-41
-23
-1
12
16
18
17
19
35
52
43
14
-4
9
25
15
-9
-12
9
28
27
19
23
38
49
52
49
47
45
39
30
29
44
66
72
54
34
31
49
69
80
85
91
87
63
33
26
48
63
44
9
2
32
64
69
53
38
34
33
27
21
24
35
39
24
-3
-18
-9
6
2
-19
-36
-41
-47
-62
-76
-77
-71
-64
-60
-49
-30
-10
-8
-26
-47
-52
-44
-38
-35
-26
-13
-19
-45
-60
-40
-6
8
-6
-27
-34
-26
-11
-4
-10
-17
-7
15
29
32
35
38
21
-11
-24
4
41
44
10
-25
-31
-5
32
58
57
39
30
42
65
80
75
53
20
-14
-30
-25
-8
3
-2
-18
-32
-37
-35
-32
-29
-15
3
10
-3
-15
-14
-13
-24
-44
-56
-57
-52
-42
-34
-40
-61
-75
-67
-50
-41
-37
-33
-39
-53
-51
-26
0
1
-14
-22
-23
-22
-19
-11
-12
-30
-49
-51
-44
-44
-55
-62
-58
-43
-24
-14
-25
-51
-72
-71
-56
-42
-36
-34
-33
-27
-12
0
-2
-8
-5
3
8
7
6
5
-3
-11
-10
-3
1
6
13
12
1
-5
5
17
13
3
11
33
51
62
72
74
64
54
59
67
62
49
41
41
38
40
53
60
48
30
23
21
13
9
18
30
34
31
34
37
39
42
42
28
9
8
29
43
32
16
17
29
32
29
30
37
45
52
53
38
17
7
12
15
15
21
30
22
-5
-24
-24
-19
-21
-16
-1
10
7
2
3
3
-3
-11
-21
-31
-38
-35
-36
-49
-61
-54
-33
-22
-24
-24
-19
-18
-19
-9
12
27
20
-4
-32
-53
-52
-29
-4
2
-1
9
28
31
9
-22
-39
-27
11
50
50
6
-46
-65
-50
-26
-12
-1
14
27
26
9
-18
-33
-17
21
54
59
49
41
39
36
32
32
35
32
23
6
-16
-30
-25
-1
17
14
-5
-17
-12
6
20
22
18
23
40
48
21
-31
-64
-46
6
45
52
46
48
62
65
43
12
3
20
39
27
-19
-73
-105
-100
-64
-15
23
39
40
41
47
48
36
4
-32
-47
-31
-7
-3
-22
-39
-38
-22
-2
18
29
18
-12
-35
-29
0
17
-1
-41
-68
-56
-17
9
4
-12
-11
4
11
1
-9
-6
-1
-9
-27
-34
-17
6
5
-22
-46
-41
-18
-5
-12
-25
-33
-42
-54
-63
-62
-57
-48
-34
-16
-5
-9
-21
-32
-30
-15
-1
-7
-26
-29
-1
29
21
-12
-24
0
30
33
9
-14
-15
0
7
-14
-42
-45
-14
22
30
17
4
-5
-9
-7
4
17
23
21
16
4
-14
-30
-38
-41
-40
-31
-25
-36
-52
-53
-43
-45
-65
-70
-49
-24
-17
-21
-20
-14
-13
-10
-3
2
5
16
33
42
35
30
36
44
41
38
45
52
40
21
11
17
26
25
16
12
24
46
63
68
70
72
66
46
23
12
10
11
18
30
32
13
-10
-13
4
19
15
4
-1
3
6
2
-8
-15
-14
-4
4
-1
-11
-16
-9
0
-3
-17
-25
-18
1
11
10
10
17
26
20
7
-7
-18
-29
-26
-9
8
4
-16
-25
-17
-6
-5
0
17
37
41
29
21
23
30
32
33
33
31
26
25
26
21
4
-11
-7
12
30
33
25
15
12
18
32
40
35
26
20
16
9
0
-4
0
8
15
16
1
-23
-39
-35
-15
5
15
11
-8
-28
-26
-8
4
-4
-10
1
21
22
0
-27
-45
-52
-50
-40
-30
-27
-27
-27
-23
-19
-22
-32
-42
-41
-27
-4
14
19
5
-28
-56
-54
-22
1
-6
-23
-20
-3
6
11
23
26
0
-30
-28
1
16
4
-7
2
22
40
58
70
72
64
62
64
57
37
17
0
-16
-30
-28
-3
34
61
64
44
17
3
1
0
-3
0
10
7
-8
-16
-10
-8
-21
-33
-25
-7
3
5
6
2
-15
-27
-16
9
16
-5
-28
-31
-17
-13
-26
-42
-46
-44
-40
-28
-6
8
-2
-23
-27
-16
-12
-21
-23
-5
16
16
-1
-25
-46
-52
-39
-18
-14
-24
-24
-6
9
3
-13
-21
-15
-5
7
20
21
1
-33
-54
-47
-15
16
23
11
-7
-16
-18
-14
-5
8
14
3
-14
-24
-19
-3
15
21
9
-14
-31
-32
-29
-31
-36
-40
-41
-41
-33
-16
0
1
-11
-26
-33
-31
-19
-4
-1
-17
-37
-35
-4
34
49
38
21
12
15
24
29
16
-19
-52
-43
8
53
60
45
33
29
22
19
22
18
-6
-23
-10
19
30
26
29
40
36
24
22
31
37
39
45
45
25
6
14
35
29
-2
-16
2
19
13
3
7
14
13
19
38
50
37
11
-2
6
17
21
15
1
-19
-33
-36
-30
-26
-23
-17
-11
-19
-36
-42
-25
-8
-14
-34
-35
-8
20
24
12
0
-7
-12
-15
-16
-22
-30
-24
-5
9
8
0
-8
-12
-12
-2
7
2
-9
-8
5
8
1
2
13
18
12
11
24
28
11
-12
-28
-36
-38
-27
-4
6
-12
-44
-61
-53
-25
1
10
1
-7
-4
2
1
4
17
30
26
9
-1
-1
-3
-6
0
7
9
11
27
44
40
23
22
41
47
25
-1
-1
20
33
31
27
29
32
29
28
29
25
14
10
22
39
41
30
24
26
27
28
38
51
52
37
30
39
51
51
38
16
-11
-30
-27
-3
25
38
29
6
-18
-23
-7
9
4
0
13
25
10
-19
-22
-3
5
-6
-7
11
19
-6
-36
-40
-22
0
18
27
16
-9
-20
3
35
32
-7
-43
-38
-6
11
-3
-31
-40
-26
-5
7
6
-5
-9
7
27
30
6
-17
-16
-3
-8
-28
-37
-25
-9
-13
-38
-66
-81
-73
-54
-42
-45
-54
-56
-49
-35
-20
-13
-18
-18
-2
5
-26
-83
-107
-77
-29
-1
6
10
6
-13
-34
-44
-42
-32
-7
18
7
-41
-76
-59
-15
7
0
-11
-11
-9
-4
10
20
9
-14
-22
-9
10
26
35
35
25
12
14
26
25
4
-16
-12
8
20
17
8
-3
-24
-48
-52
-31
-10
-11
-18
-12
0
-3
-10
5
32
32
-8
-46
-38
0
30
35
22
5
-4
8
39
57
40
8
-5
9
23
20
16
26
41
41
27
10
-1
-4
6
26
38
30
16
22
38
34
8
-3
21
53
51
18
-10
-13
-2
0
-19
-50
-70
-57
-19
5
-3
-20
-16
0
5
-4
-20
-38
-53
-47
-17
6
-2
-23
-24
-5
4
-9
-20
-14
3
15
16
10
0
-6
2
24
44
47
35
22
19
21
14
1
-3
8
17
11
4
12
26
31
30
34
42
35
16
7
17
30
37
33
19
-1
-11
0
13
3
-25
-44
-39
-27
-25
-29
-24
-12
-4
-4
-10
-13
-12
-7
-2
2
4
1
-6
-8
-2
4
-3
-15
-12
7
19
10
-4
-4
6
10
5
-4
-7
-3
11
25
24
13
8
17
26
28
29
35
38
28
21
29
44
50
48
50
52
44
30
28
38
37
19
5
13
33
39
28
18
17
18
17
16
14
10
5
5
6
2
-8
-11
-7
-2
-6
-14
-22
-30
-38
-47
-53
-53
-48
-40
-34
-29
-26
-21
-16
-15
-18
-27
-38
-43
-35
-25
-22
-26
-29
-28
-28
-25
-10
12
19
5
-14
-24
-25
-30
-29
-18
-1
11
11
-3
-26
-50
-61
-58
-48
-31
-13
-9
-25
-42
-31
-1
12
0
-12
-4
7
6
3
10
17
9
-11
-24
-26
-27
-27
-31
-42
-52
-42
-14
4
-8
-34
-49
-50
-39
-20
1
5
-18
-47
-56
-43
-29
-26
-20
-3
13
11
-13
-39
-50
-42
-29
-31
-53
-77
-82
-70
-51
-29
-6
17
28
30
29
33
38
38
37
37
39
35
23
11
9
16
28
40
51
56
46
26
13
20
42
62
70
69
68
70
76
85
91
93
92
91
79
55
32
31
43
45
28
3
-12
-15
-5
6
4
-22
-56
-66
-49
-33
-32
-32
-21
-4
5
13
21
20
11
8
21
37
42
43
52
60
53
37
24
22
24
28
30
19
-6
-25
-22
-15
-25
-47
-60
-58
-51
-37
-6
35
60
52
26
6
-1
-5
-16
-35
-50
-49
-30
-5
6
-4
-23
-35
-32
-14
8
16
1
-28
-44
-33
-5
13
15
13
22
36
40
29
14
-2
-23
-46
-48
-19
21
42
29
-2
-23
-24
-4
23
38
28
0
-33
-57
-65
-58
-46
-44
-60
-75
-68
-49
-42
-47
-46
-31
-23
-30
-43
-49
-56
-72
-85
-83
-69
-57
-50
-45
-45
-48
-42
-20
10
28
30
21
10
-1
1
20
45
60
63
71
81
83
71
61
66
77
80
76
65
51
37
28
26
27
25
26
34
47
56
56
52
45
38
31
23
17
22
39
57
56
36
11
-8
-21
-29
-27
-17
-8
-8
-14
-24
-33
-41
-35
-19
-3
4
0
-5
-9
-8
-1
2
-6
-18
-17
-2
9
7
1
1
-5
-23
-36
-25
1
18
16
8
4
10
19
18
-2
-28
-29
1
32
36
22
8
0
1
19
51
70
60
43
47
58
48
16
-5
-10
-14
-27
-32
-16
8
21
14
-7
-27
-21
9
31
9
-35
-59
-52
-48
-66
-83
-79
-66
-63
-70
-74
-74
-74
-68
-51
-30
-20
-24
-35
-48
-56
-57
-48
-35
-19
-9
-14
-31
-38
-19
4
-3
-45
-79
-65
-14
32
39
17
-1
6
25
30
13
-5
0
31
66
83
73
49
31
27
26
10
-15
-25
-12
12
23
13
-5
-16
-12
-4
-12
-36
-45
-20
15
18
-5
-13
8
23
13
1
6
11
-1
-18
-32
-60
-100
-114
-78
-24
12
35
59
68
46
19
24
51
73
82
83
62
10
-30
-21
15
30
25
37
66
80
75
78
89
80
52
39
48
47
23
-4
-15
-21
-23
-6
24
30
1
-35
-46
-34
-10
21
39
22
-15
-26
6
37
30
1
-15
-23
-43
-64
-58
-26
0
-2
-25
-45
-50
-35
-8
13
12
-5
-15
-5
11
12
-2
-17
-22
-13
1
16
27
28
24
28
35
33
17
5
9
11
-6
-24
-13
15
19
-11
-38
-27
8
29
20
-10
-42
-56
-38
0
20
3
-30
-44
-33
-15
1
9
9
-3
-15
-18
-15
-12
-7
-1
-2
-15
-23
-14
7
24
27
23
14
7
2
-4
-11
-18
-16
-4
6
17
33
47
44
27
20
27
31
15
-12
-31
-40
-38
-24
-7
0
-5
-9
-7
-12
-29
-37
-23
-1
10
4
-8
-15
-11
0
9
1
-13
-11
11
32
37
31
27
23
21
25
29
21
8
13
41
64
62
46
40
43
38
22
5
-10
-15
-6
10
13
-5
-20
-11
11
26
27
18
3
-14
-17
-9
-2
-8
-20
-20
-13
-16
-37
-57
-57
-32
-1
8
-9
-27
-24
-14
-24
-45
-47
-20
2
-1
-13
-18
-17
-20
-22
-22
-25
-34
-39
-39
-50
-73
-89
-81
-60
-47
-40
-34
-35
-53
-75
-80
-75
-71
-62
-40
-24
-36
-61
-65
-38
-13
-14
-29
-36
-32
-29
-28
-23
-17
-16
-21
-28
-28
-19
-13
-17
-28
-26
-9
8
4
-13
-23
-10
10
17
8
-1
4
22
40
47
43
36
35
34
32
32
40
54
59
50
35
22
9
-6
-15
-13
-3
4
8
14
22
19
5
-4
2
14
20
17
15
17
15
6
-11
-30
-44
-41
-24
-8
-2
4
17
27
21
1
-14
-19
-12
4
27
46
50
40
28
19
15
18
28
36
35
33
43
56
53
36
18
11
5
-9
-23
-32
-38
-39
-26
-1
16
16
5
2
3
2
-1
-1
-1
-7
-18
-21
-12
-1
3
0
-12
-33
-51
-52
-32
-16
-9
5
37
57
33
-9
-11
39
80
66
21
0
15
34
39
35
30
19
10
14
23
23
15
7
-7
-29
-41
-27
-14
-33
-67
-67
-29
-3
-15
-32
-25
-13
-20
-36
-29
-3
14
7
-14
-28
-19
7
26
10
-32
-58
-47
-18
-1
5
14
22
18
8
6
11
8
2
-3
-5
-8
-7
5
23
28
10
-13
-19
1
32
46
34
11
2
14
30
34
24
10
-3
-5
11
41
60
47
6
-27
-24
6
31
26
3
-9
-1
13
14
11
16
23
19
10
10
22
30
23
8
1
12
34
50
46
26
6
4
16
29
35
31
22
7
-7
-7
8
22
18
-4
-19
-12
6
11
4
1
6
6
-4
-5
17
43
44
23
3
1
13
26
29
16
-5
-10
9
37
47
36
22
23
33
41
35
14
-6
-5
18
40
40
28
25
25
13
-8
-21
-18
-7
2
0
-16
-37
-52
-56
-63
-79
-88
-76
-55
-38
-29
-27
-40
-63
-73
-57
-41
-49
-63
-60
-45
-41
-48
-50
-47
-55
-71
-81
-86
-97
-108
-101
-86
-91
-110
-111
-87
-70
-77
-87
-80
-68
-73
-81
-75
-53
-36
-33
-31
-22
-7
5
12
12
13
25
49
69
74
73
79
93
95
77
61
69
98
126
140
146
152
155
154
153
148
132
113
107
119
130
131
131
133
121
97
87
104
123
112
82
64
63
59
56
67
84
80
57
43
56
75
74
54
26
6
4
14
7
-33
-86
-108
-97
-89
-108
-136
-153
-165
-184
-210
-233
-252
-270
-284
-298
-330
-378
-412
-406
-371
-347
-359
-392
-418
-419
-404
-390
-390
-403
-415
-420
-417
-415
-417
-414
-394
-359
-322
-294
-275
-258
-240
-222
-190
-142
-92
-68
-72
-83
-74
-42
8
63
119
172
215
240
244
242
262
312
365
397
420
447
469
469
470
507
575
638
676
700
718
727
734
749
766
772
781
805
830
826
799
785
792
798
786
777
773
752
701
645
610
588
560
522
474
416
359
314
272
209
133
84
62
19
-77
-186
-251
-279
-326
-415
-515
-595
-657
-723
-801
-886
-968
-1038
-1086
-1126
-1176
-1246
-1325
-1397
-1458
-1515
-1560
-1590
-1610
-1635
-1657
-1658
-1643
-1635
-1643
-1644
-1614
-1569
-1536
-1509
-1469
-1411
-1351
-1296
-1234
-1162
-1082
-994
-903
-821
-752
-668
-549
-418
-311
-217
-94
57
197
313
435
577
716
834
956
1102
1254
1390
1519
1656
1791
1913
2029
2146
2250
2330
2403
2481
2558
2624
2690
2760
2823
2864
2895
2933
2973
3000
3008
3002
2984
2958
2936
2920
2883
2813
2722
2636
2557
2470
2365
2247
2116
1971
1818
1665
1505
1330
1140
950
762
564
352
131
-86
-291
-494
-704
-919
-1131
-1331
-1526
-1729
-1943
-2164
-2378
-2581
-2776
-2971
-3169
-3367
-3553
-3720
-3866
-3999
-4132
-4274
-4419
-4555
-4680
-4806
-4930
-5028
-5086
-5120
-5164
-5212
-5241
-5242
-5226
-5197
-5149
-5085
-5013
-4917
-4780
-4618
-4463
-4315
-4139
-3919
-3681
-3445
-3195
-2916
-2613
-2300
-1974
-1626
-1269
-906
-529
-144
229
586
956
1352
1756
2148
2536
2931
3322
3699
4076
4458
4819
5129
5400
5666
5935
6192
6429
6651
6849
7008
7133
7240
7331
7387
7411
7421
7417
7378
7293
7183
7071
6949
6789
6581
6347
6114
5884
5639
5366
5071
4766
4458
4140
3807
3464
3115
2768
2424
2089
1763
1448
1142
835
520
203
-98
-376
-633
-876
-1111
-1350
-1610
-1882
-2136
-2357
-2557
-2761
-2979
-3214
-3463
-3717
-3958
-4184
-4423
-4687
-4960
-5224
-5478
-5749
-6040
-6336
-6626
-6905
-7179
-7447
-7712
-7968
-8206
-8435
-8669
-8905
-9117
-9283
-9413
-9527
-9629
-9697
-9710
-9663
-9568
-9445
-9300
-9118
-8871
-8558
-8199
-7803
-7355
-6853
-6315
-5748
-5129
-4442
-3708
-2958
-2197
-1414
-612
194
992
1792
2598
3403
4192
4959
5697
6409
7100
7757
8364
8923
9449
9945
10381
10742
11037
11288
11495
11638
11716
11752
11754
11704
11581
11385
11132
10835
10499
10126
9716
9264
8761
8216
7649
7081
6514
5935
5338
4727
4118
3526
2953
2396
1854
1331
843
394
-26
-427
-791
-1092
-1333
-1543
-1739
-1901
-2011
-2076
-2118
-2141
-2134
-2098
-2039
-1953
-1835
-1690
-1533
-1389
-1271
-1175
-1072
-943
-804
-704
-668
-669
-671
-668
-688
-748
-853
-1007
-1206
-1433
-1670
-1918
-2202
-2542
-2930
-3342
-3751
-4138
-4513
-4900
-5313
-5738
-6151
-6542
-6906
-7237
-7521
-7764
-7979
-8170
-8336
-8461
-8536
-8554
-8525
-8462
-8364
-8213
-8005
-7755
-7481
-7188
-6874
-6540
-6180
-5781
-5345
-4896
-4461
-4040
-3611
-3154
-2674
-2186
-1707
-1244
-795
-350
94
538
969
1381
1765
2123
2458
2786
3110
3418
3694
3937
4163
4377
4572
4735
4873
4995
5097
5162
5195
5218
5250
5285
5301
5287
5255
5219
5176
5121
5062
5001
4938
4869
4795
4722
4661
4606
4545
4469
4383
4309
4268
4253
4239
4219
4212
4236
4283
4342
4413
4507
4614
4721
4833
4963
5111
5268
5429
5594
5762
5927
6086
6230
6350
6438
6507
6562
6595
6589
6542
6461
6348
6187
5969
5701
5402
5075
4716
4309
3846
3321
2741
2116
1456
767
46
-701
-1477
-2280
-3109
-3959
-4822
-5683
-6530
-7357
-8164
-8953
-9710
-10414
-11056
-11640
-12177
-12667
-13096
-13456
-13740
-13950
-14087
-14157
-14159
-14093
-13956
-13753
-13497
-13201
-12866
-12479
-12046
-11581
-11097
-10587
-10041
-9465
-8869
-8260
-7632
-6986
-6330
-5680
-5035
-4388
-3742
-3103
-2481
-1874
-1272
-682
-119
403
890
1353
1790
2190
2553
2889
3205
3491
3741
3964
4171
4357
4514
4645
4762
4872
4972
5062
5145
5229
5306
5371
5427
5486
5559
5642
5725
5796
5861
5933
6018
6111
6204
6297
6391
6497
6617
6750
6887
7024
7163
7312
7469
7627
7785
7945
8097
8231
8344
8450
8561
8671
8758
8806
8818
8814
8807
8795
8755
8667
8528
8356
8177
7997
7791
7524
7187
6817
6460
6121
5763
5347
4884
4403
3913
3399
2842
2248
1628
988
324
-367
-1083
-1825
-2588
-3363
-4142
-4927
-5724
-6533
-7337
-8117
-8873
-9620
-10361
-11070
-11718
-12303
-12848
-13360
-13816
-14191
-14482
-14701
-14850
-14923
-14923
-14864
-14758
-14600
-14380
-14091
-13728
-13301
-12829
-12335
-11821
-11285
-10721
-10133
-9529
-8911
-8276
-7625
-6971
-6332
-5713
-5105
-4486
-3846
-3197
-2561
-1949
-1362
-792
-225
343
908
1444
1934
2392
2836
3267
3666
4022
4342
4642
4927
5191
5435
5655
5842
5994
6123
6247
6371
6482
6572
6647
6717
6787
6855
6916
6971
7018
7054
7075
7082
7075
7066
7061
7064
7060
7033
6981
6925
6894
6890
6885
6853
6798
6747
6720
6702
6666
6609
6555
6516
6477
6418
6348
6286
6223
6130
6001
5852
5695
5517
5304
5074
4845
4616
4369
4102
3831
3570
3308
3033
2753
2489
2242
1991
1712
1412
1125
873
641
396
128
-150
-425
-701
-994
-1306
-1635
-1976
-2330
-2703
-3103
-3532
-3983
-4442
-4906
-5375
-5851
-6325
-6789
-7239
-7679
-8110
-8518
-8891
-9221
-9515
-9776
-9995
-10156
-10252
-10296
-10295
-10248
-10159
-10038
-9886
-9693
-9461
-9211
-8961
-8713
-8450
-8171
-7878
-7571
-7257
-6957
-6680
-6408
-6115
-5803
-5480
-5145
-4790
-4416
-4038
-3648
-3239
-2812
-2387
-1968
-1550
-1133
-719
-314
81
463
826
1168
1484
1761
2009
2251
2502
2729
2908
3061
3235
3436
3631
3809
4000
4224
4457
4674
4883
5103
5329
5541
5733
5913
6087
6251
6393
6512
6603
6665
6694
6689
6664
6643
6634
6616
6572
6517
6486
6483
6474
6438
6392
6361
6348
6339
6327
6309
6277
6220
6134
6023
5895
5755
5598
5410
5188
4940
4679
4405
4117
3824
3535
3253
2976
2708
2453
2206
1967
1745
1548
1378
1223
1086
959
825
675
530
406
285
135
-52
-258
-476
-716
-979
-1265
-1579
-1938
-2331
-2740
-3164
-3615
-4085
-4550
-5006
-5468
-5939
-6397
-6822
-7213
-7568
-7879
-8148
-8380
-8566
-8690
-8757
-8785
-8776
-8724
-8640
-8544
-8428
-8270
-8079
-7894
-7732
-7567
-7388
-7221
-7086
-6955
-6794
-6610
-6444
-6304
-6153
-5952
-5707
-5438
-5160
-4857
-4503
-4097
-3660
-3222
-2787
-2329
-1843
-1348
-867
-404
46
467
846
1187
1505
1799
2056
2281
2494
2705
2905
3082
3245
3411
3592
3782
3979
4184
4401
4627
4843
5038
5212
5371
5518
5653
5772
5867
5918
5917
5874
5801
5704
5583
5444
5298
5149
4993
4839
4700
4584
4486
4405
4339
4286
4244
4223
4219
4212
4188
4162
4156
4167
4159
4113
4041
3967
3900
3829
3746
3649
3543
3442
3360
3302
3257
3219
3185
3158
3138
3135
3164
3216
3264
3293
3326
3380
3431
3444
3410
3361
3318
3267
3181
3050
2880
2676
2443
2179
1869
1492
1047
559
56
-470
-1040
-1660
-2319
-2999
-3685
-4362
-5023
-5681
-6334
-6958
-7515
-8000
-8432
-8811
-9121
-9352
-9517
-9630
-9686
-9674
-9603
-9482
-9330
-9174
-9034
-8893
-8716
-8505
-8308
-8160
-8038
-7905
-7749
-7581
-7399
-7201
-6995
-6779
-6526
-6215
-5851
-5456
-5035
-4583
-4103
-3608
-3097
-2570
-2046
-1549
-1084
-650
-247
127
478
802
1072
1274
1440
1613
1800
1976
2130
2270
2419
2587
2783
3005
3241
3479
3713
3942
4161
4370
4565
4735
4863
4957
5044
5126
5176
5176
5140
5094
5039
4975
4923
4904
4920
4963
5028
5106
5193
5303
5452
5618
5761
5877
6006
6157
6299
6402
6473
6509
6488
6412
6322
6245
6157
6036
5902
5778
5654
5525
5415
5330
5252
5168
5107
5077
5040
4974
4914
4881
4835
4739
4615
4495
4364
4194
3995
3779
3529
3238
2947
2684
2414
2096
1745
1400
1045
652
229
-200
-655
-1166
-1713
-2263
-2829
-3442
-4091
-4745
-5411
-6094
-6760
-7377
-7960
-8529
-9050
-9469
-9796
-10073
-10300
-10447
-10506
-10500
-10432
-10302
-10139
-9967
-9775
-9552
-9330
-9143
-8975
-8805
-8654
-8548
-8468
-8378
-8282
-8203
-8121
-8001
-7848
-7678
-7476
-7215
-6902
-6550
-6155
-5718
-5273
-4833
-4367
-3866
-3382
-2947
-2518
-2063
-1630
-1284
-1005
-731
-455
-203
35
288
548
804
1078
1382
1694
2001
2349
2750
3148
3505
3872
4293
4716
5068
5365
5662
5935
6131
6274
6418
6554
6640
6684
6735
6790
6824
6856
6923
7011
7085
7178
7324
7486
7615
7738
7897
8052
8141
8187
8249
8299
8258
8138
8017
7899
7723
7473
7203
6949
6703
6471
6261
6041
5785
5539
5371
5265
5159
5044
4954
4874
4771
4656
4565
4460
4285
4067
3877
3706
3476
3178
2868
2574
2262
1922
1580
1243
906
591
302
-10
-380
-761
-1100
-1436
-1837
-2282
-2708
-3125
-3596
-4119
-4647
-5178
-5745
-6321
-6854
-7355
-7867
-8364
-8788
-9145
-9480
-9783
-10012
-10175
-10307
-10389
-10402
-10396
-10416
-10413
-10325
-10201
-10130
-10094
-10012
-9898
-9832
-9814
-9765
-9654
-9524
-9384
-9198
-8976
-8760
-8525
-8207
-7809
-7398
-6985
-6526
-6025
-5525
-5013
-4453
-3877
-3360
-2897
-2417
-1917
-1461
-1059
-653
-231
149
487
851
1255
1647
1998
2356
2746
3144
3544
3971
4402
4783
5129
5506
5910
6263
6532
6775
7018
7217
7337
7422
7511
7588
7634
7659
7664
7629
7583
7585
7629
7649
7623
7603
7624
7659
7694
7741
7783
7772
7707
7641
7589
7506
7378
7240
7098
6911
6676
6444
6230
6002
5761
5551
5374
5176
4950
4762
4640
4530
4386
4244
4144
4062
3961
3840
3703
3543
3375
3221
3062
2855
2617
2413
2236
2022
1756
1502
1287
1056
788
537
332
115
-162
-464
-758
-1080
-1456
-1856
-2258
-2694
-3190
-3708
-4222
-4765
-5351
-5936
-6480
-7010
-7548
-8054
-8493
-8888
-9263
-9598
-9866
-10088
-10273
-10398
-10463
-10514
-10571
-10592
-10560
-10523
-10514
-10492
-10426
-10353
-10307
-10247
-10129
-9984
-9853
-9708
-9498
-9228
-8928
-8591
-8202
-7773
-7327
-6844
-6296
-5707
-5118
-4538
-3956
-3380
-2814
-2240
-1662
-1116
-619
-141
339
791
1199
1602
2034
2469
2873
3271
3694
4121
4525
4929
5360
5787
6171
6536
6918
7279
7559
7769
7959
8133
8250
8306
8323
8302
8224
8100
7956
7794
7607
7418
7244
7068
6869
6679
6530
6403
6259
6110
5988
5883
5764
5633
5504
5364
5194
5006
4822
4630
4406
4164
3925
3691
3456
3231
3024
2825
2639
2501
2420
2358
2296
2269
2301
2357
2403
2461
2554
2658
2741
2815
2894
2952
2967
2963
2959
2923
2828
2707
2601
2493
2344
2161
1972
1766
1526
1278
1047
810
528
216
-96
-419
-786
-1195
-1620
-2067
-2557
-3077
-3593
-4101
-4639
-5218
-5813
-6390
-6940
-7473
-7988
-8472
-8904
-9277
-9607
-9913
-10189
-10413
-10586
-10723
-10825
-10874
-10879
-10860
-10820
-10746
-10653
-10576
-10505
-10395
-10234
-10055
-9868
-9647
-9392
-9131
-8851
-8503
-8098
-7697
-7302
-6840
-6296
-5749
-5235
-4688
-4078
-3474
-2927
-2380
-1779
-1171
-617
-84
472
1022
1515
1965
2416
2878
3342
3817
4299
4761
5194
5621
6036
6408
6746
7087
7427
7720
7946
8124
8266
8370
8450
8505
8490
8378
8218
8056
7859
7593
7313
7078
6850
6577
6298
6070
5855
5596
5329
5126
4960
4769
4584
4467
4363
4173
3933
3778
3720
3624
3418
3200
3061
2962
2816
2628
2458
2335
2258
2226
2221
2171
2051
1938
1931
2015
2080
2087
2114
2230
2371
2408
2308
2168
2089
2080
2078
2056
2031
2001
1912
1734
1523
1376
1312
1256
1145
987
827
689
565
426
235
-13
-258
-444
-619
-897
-1307
-1769
-2218
-2669
-3120
-3521
-3876
-4281
-4800
-5391
-5982
-6544
-7046
-7433
-7703
-7916
-8116
-8312
-8545
-8840
-9089
-9137
-8997
-8860
-8830
-8831
-8782
-8703
-8584
-8357
-8058
-7854
-7800
-7733
-7505
-7204
-6980
-6809
-6545
-6144
-5703
-5323
-5004
-4685
-4315
-3899
-3453
-2961
-2407
-1871
-1463
-1137
-714
-154
370
763
1172
1709
2225
2548
2748
2968
3201
3447
3839
4383
4802
4926
4966
5121
5221
5098
5046
5404
5957
6200
6080
5961
5969
5875
5591
5308
5142
5038
5002
5059
5027
4697
4208
3915
3881
3836
3628
3424
3432
3652
3936
4107
4065
3898
3807
3872
3996
4126
4305
4522
4715
4937
5217
5358
5220
5121
5422
5845
5835
5528
5566
5978
6115
5827
5726
6016
6083
5645
5297
5397
5418
4993
4635
4731
4742
4184
3564
3469
3511
3084
2471
2243
2166
1646
787
138
-199
-484
-784
-1140
-1818
-2809
-3596
-3973
-4445
-5324
-6128
-6459
-6657
-7001
-7107
-6794
-6667
-7122
-7624
-7717
-7862
-8496
-9131
-9183
-8904
-8796
-8861
-9009
-9310
-9393
-8602
-7234
-6457
-6566
-6525
-5670
-4546
-3643
-2725
-1800
-1259
-834
2
559
-232
-1649
-2082
-1840
-2385
-3169
-2613
-1729
-2600
-3645
-1846
178
-3700
-12106
-15102
-8200
162
1037
-2341
-2185
-284
-4280
-13392
-18751
-17031
-13341
-10304
-4850
2054
3174
-3017
-7532
-4112
889
-689
-5088
-3041
4610
8136
4335
561
2009
4117
1473
-2991
-3256
236
2541
3048
5818
11443
14586
11660
6548
5308
7770
8400
4832
1528
3531
9490
13624
13322
11689
12259
14138
14115
11763
9931
10725
13230
15449
16616
16930
16456
15249
13690
11955
9874
7773
6521
6268
6122
5678
5741
6675
7151
5705
2742
-156
-2309
-4123
-5777
-6905
-7420
-7761
-8432
-9694
-11286
-12313
-12331
-12641
-14949
-18286
-19391
-17217
-14762
-14652
-15324
-14180
-12455
-13384
-16751
-19089
-18994
-18453
-18582
-17779
-15184
-12662
-11682
-10969
-9109
-7193
-6807
-7204
-6656
-5236
-4105
-3080
-1099
1423
2815
2623
2079
2049
2159
2205
2843
4230
5340
5514
5710
7004
8560
8407
6174
3733
2720
2505
1371
-990
-3223
-4276
-4548
-4930
-5656
-6506
-7335
-7821
-7425
-6374
-6029
-7205
-8511
-7801
-5195
-3132
-3038
-3570
-3019
-1765
-982
-265
1435
3525
4647
5326
7289
10279
12137
12464
13472
16197
18471
18181
16304
14885
14000
12858
12246
13276
14782
14552
12665
11281
11277
11271
10226
9096
9224
10483
11723
12220
12112
11812
11472
11009
10553
10569
11186
11749
11761
11951
13353
15496
16766
16614
16037
15763
15373
14544
13782
13376
12671
10857
7777
3936
310
-2343
-4656
-8120
-12512
-15472
-16121
-17051
-20479
-24582
-26603
-27449
-29539
-32065
-32768
-32768
-32768
-32768
-32768
-31585
-29652
-31134
-31680
-28741
-24901
-22308
-19285
-14593
-10178
-7186
-3652
1381
5409
6632
7066
8995
11399
12232
11762
11575
12188
13027
13297
12337
10494
9197
8636
6808
2919
-577
-2096
-4012
-8003
-10993
-10550
-10362
-14189
-18379
-18025
-16829
-21468
-28751
-29000
-21429
-15185
-14463
-13635
-9235
-5815
-6164
-5866
-2313
-13
-1415
-810
6185
14144
15807
13086
13037
16771
19180
17579
14738
13936
15345
17407
19040
19945
19834
17975
14192
10462
9357
9821
7716
2743
618
4526
8992
7884
4304
5296
10094
12058
10354
10689
14857
18304
18996
20485
24440
27420
27357
26954
28397
30066
30428
30463
30779
30539
30074
30471
30418
27679
23363
20321
18077
14154
9350
6283
3730
-1724
-9185
-14701
-18341
-23563
-29827
-32759
-32097
-32655
-32768
-32768
-32768
-32768
-32768
-32768
-32768
-32768
-32768
-32768
-32768
-28899
-25601
-23058
-20008
-16318
-13017
-10685
-8545
-5022
413
5886
8903
9777
11172
13702
14853
13420
11657
11225
10458
7977
5611
4952
4281
1885
-671
-1659
-2531
-5037
-7850
-9195
-10144
-12252
-14489
-15406
-15774
-16494
-16633
-15866
-15809
-16687
-16148
-13737
-12612
-14024
-14236
-10301
-4945
-2006
-737
1390
3677
4275
4229
5163
5555
3596
1476
2492
5592
7003
5986
5042
5223
4964
3395
1747
1145
1235
1458
2163
3984
6656
8704
8687
7200
6713
8282
9712
8980
8062
10299
14989
18368
19621
21687
25638
28594
28730
28390
29971
31982
31877
30403
30191
31548
32350
31444
29885
28830
27946
26339
23961
21515
19378
17191
14468
11187
7558
3771
323
-2135
-4060
-7207
-12338
-17648
-21159
-23736
-27406
-31392
-32768
-31618
-30501
-31015
-31358
-30207
-29114
-29478
-29919
-28781
-26904
-25685
-24325
-21323
-17307
-14093
-11900
-9610
-7115
-5425
-4608
-3369
-899
2045
4325
5837
7157
8291
8574
7894
7103
6589
5306
2437
-622
-1792
-1562
-2450
-4926
-6478
-5746
-4971
-6571
-9472
-11058
-11133
-11486
-12614
-13305
-13019
-12554
-12464
-12403
-12086
-11724
-11459
-11221
-10978
-10572
-9573
-7794
-5620
-3564
-1893
-783
-274
-15
287
300
-339
-1101
-1157
-640
-282
-65
603
1589
2171
2333
2707
3344
3752
4117
5254
7232
9166
10528
11714
13137
14538
15478
15987
16479
17328
18569
19945
21277
22674
24236
25816
27364
28965
30177
30155
29108
28525
28934
28725
26674
24279
23600
24001
23369
21584
20122
18980
16817
13785
11394
9695
7292
4113
1600
63
-1688
-4119
-6666
-9492
-13210
-17048
-19690
-21609
-24175
-26827
-27726
-26914
-26197
-26111
-25617
-24586
-23986
-23711
-22732
-21280
-20421
-19765
-18025
-15545
-13774
-12546
-10466
-7747
-6014
-5395
-4440
-2862
-1888
-1755
-1308
-228
552
768
1054
1214
351
-1239
-2345
-3036
-4510
-6686
-8085
-8337
-8680
-9606
-10050
-9550
-9286
-10078
-10983
-10935
-10426
-10450
-10770
-10486
-9691
-9359
-9771
-10049
-9344
-7855
-6410
-5519
-5086
-4757
-4202
-3301
-2326
-1781
-1730
-1489
-524
565
677
-171
-729
-299
323
195
-276
-12
1127
2378
3389
4605
6246
7731
8531
9123
10549
13013
15413
16626
16988
17823
19547
21094
21630
21868
22902
24551
25826
26491
26983
27204
26710
25886
25600
25697
25080
23477
21914
21086
20413
19205
17747
16612
15709
14696
13647
12613
11147
9035
7051
6083
5765
4918
3301
1963
1522
1015
-894
-4177
-7662
-10632
-13378
-16287
-19135
-21357
-22546
-22653
-22169
-21911
-22196
-22432
-22077
-21615
-21824
-22443
-22529
-21880
-21087
-20291
-19047
-17361
-15807
-14550
-13224
-11791
-10604
-9694
-8821
-8049
-7442
-6555
-5177
-3999
-3567
-3254
-2488
-2031
-2594
-3227
-2838
-2340
-3198
-4731
-5195
-4856
-5437
-6948
-7712
-7366
-7216
-7629
-7591
-6986
-6851
-7213
-7049
-6552
-6979
-8024
-7854
-6197
-4866
-4666
-4213
-2636
-1127
-770
-826
-314
378
584
671
1195
1877
2283
2622
3171
3674
3858
3869
3847
3768
3869
4507
5435
6005
6207
6730
7867
9122
10134
11171
12382
13318
13705
14124
15231
16615
17233
16974
16982
18068
19492
20013
19676
19580
20101
20453
20134
19665
19499
19263
18680
18265
18420
18654
18396
17860
17455
17037
16287
15195
13756
11928
10180
9153
8488
7138
5042
3145
1407
-1507
-5916
-10303
-13734
-17273
-21721
-25676
-27487
-27763
-28198
-28969
-29037
-28241
-27373
-26710
-25927
-25147
-24695
-24142
-22836
-21148
-19994
-19217
-17647
-14889
-12032
-10167
-8914
-7088
-4460
-2160
-1187
-1140
-905
-164
492
789
1091
1439
1313
760
676
1350
1607
315
-1924
-3504
-3952
-4471
-6300
-9025
-10917
-10935
-9982
-9681
-10152
-10038
-8817
-7598
-7117
-6624
-5697
-5369
-5992
-5796
-3527
-870
-19
-221
788
3094
4894
5554
5883
6105
5980
6218
7407
8298
7508
6122
6163
7238
7252
5910
4951
5229
5883
6249
6544
6785
6784
7034
8096
9470
10287
10649
11250
12344
13951
16037
17834
18312
18047
18974
21383
23043
22474
21236
21532
23136
24223
24006
23179
22624
22716
23178
23112
21945
20337
19186
18121
16342
14351
13013
11551
8657
5128
2985
2153
460
-3025
-6980
-10282
-13307
-16597
-20088
-23790
-27606
-30618
-32048
-32536
-32768
-32768
-32034
-30401
-29056
-27383
-24625
-21882
-20608
-20041
-18382
-15861
-14294
-13964
-13200
-11023
-8259
-5919
-4034
-2260
-483
1257
2648
3062
2342
1287
734
511
-78
-1149
-2166
-2703
-2823
-2946
-3526
-4644
-5889
-6911
-7923
-9273
-10795
-12036
-12861
-13349
-13349
-12639
-11351
-9881
-8477
-7026
-5140
-2677
-403
515
221
504
2428
4580
5103
4552
4932
6581
8031
8525
8644
8710
8519
8386
8670
8646
7562
6206
5640
5231
3932
2513
2267
2526
1966
1393
2456
4400
5034
4471
4935
6985
8773
9252
9572
10873
12757
14443
15830
17080
18319
19770
21302
22123
21845
21300
21427
21965
22032
21421
20632
20226
20483
21041
20845
19355
17554
16527
15531
13184
10044
7900
6761
4950
2127
-218
-1501
-2904
-5191
-7834
-10614
-14004
-17668
-20573
-22737
-25011
-27146
-28011
-27637
-27088
-26437
-24889
-22705
-21011
-19785
-18058
-15977
-14714
-14388
-13945
-13056
-12379
-11979
-11147
-9778
-8427
-7055
-5150
-3016
-1639
-1236
-1115
-929
-1077
-1829
-2853
-3694
-4160
-4304
-4338
-4395
-4274
-3822
-3537
-4135
-5460
-6632
-7409
-8446
-9981
-11165
-11221
-10485
-9684
-8784
-7201
-4904
-2641
-982
372
1984
3636
4483
4367
4273
5030
6168
6759
6830
7085
7705
8287
8639
8697
8155
7044
6157
5945
5608
4358
2855
2118
1752
770
-465
-743
-93
347
341
895
2482
4335
5718
6842
8218
9865
11395
12522
13376
14411
15766
16871
17212
17370
18345
19866
20459
19469
18017
17532
18092
18562
17884
16173
14778
14903
15878
15704
13799
11868
11169
10483
8333
5631
4112
3376
1746
-715
-2355
-2698
-3067
-4584
-7109
-10013
-12786
-15190
-17649
-20818
-24121
-25835
-25432
-24447
-24067
-23403
-21338
-18531
-16232
-14472
-12761
-11392
-10822
-10719
-10585
-10390
-10025
-9214
-8279
-7682
-6731
-4390
-1429
179
193
356
1384
1889
876
-765
-1941
-2756
-3532
-4044
-4276
-4552
-4646
-4131
-3623
-4208
-5703
-7022
-8103
-9844
-12171
-13846
-14265
-14038
-13614
-12631
-10755
-8205
-5386
-2695
-499
1156
2436
3124
2913
2456
2876
3968
4339
3803
3938
5546
7295
7784
7372
6938
6407
5533
4696
3922
2492
438
-985
-1200
-1214
-1698
-1769
-689
782
1917
3371
5712
7981
9273
10505
12922
15756
17246
17445
18163
20120
21961
22474
22292
22633
23453
23776
23196
22127
20954
19781
18766
17975
17028
15625
14225
13449
12959
11833
10024
8421
7335
5990
3890
1752
474
-149
-1010
-2381
-3613
-4141
-4402
-5480
-7824
-10681
-13234
-15840
-19215
-22733
-24894
-25472
-25587
-25499
-24175
-21425
-18467
-15816
-12779
-9622
-7860
-7552
-6974
-5864
-6071
-7783
-8417
-6875
-5492
-5744
-5449
-2790
186
999
699
1351
2189
1400
-522
-2120
-3628
-5653
-7197
-7468
-7614
-8409
-8392
-6585
-4819
-5040
-6313
-6770
-6703
-7551
-9385
-11181
-12284
-12360
-11290
-9772
-8545
-6890
-3787
-233
1957
3145
4780
6081
5227
3276
3022
4265
4251
2678
2128
3458
4848
5544
6459
7058
5830
3855
3569
4021
1981
-2172
-4543
-4133
-4085
-5668
-6074
-3733
-1074
9
1241
4297
7652
9438
10469
12206
14135
15170
15706
16529
17344
17756
18288
19310
20189
20396
20285
20172
19689
18589
17263
16078
14934
13628
12158
10707
9703
9381
9070
7822
6094
5431
5859
5380
3146
1151
1120
1620
477
-1596
-2498
-2596
-4043
-6972
-9507
-11352
-14190
-18204
-21285
-22444
-23132
-24192
-24285
-22640
-20626
-19069
-16670
-12952
-10138
-9738
-9782
-8213
-6673
-7617
-9639
-9553
-7718
-7142
-7967
-7194
-4019
-1266
-671
-456
1078
2750
2870
1817
719
-395
-1751
-2816
-3308
-3787
-4404
-4375
-3410
-2431
-2312
-2873
-3514
-4042
-4730
-6006
-7890
-9502
-9861
-9337
-9026
-8565
-6531
-3307
-977
254
2441
5631
6862
5200
3917
5187
6432
5061
3121
3584
5316
5811
5872
7359
8904
8299
6842
6894
7188
5038
1442
-544
-1015
-2310
-4162
-4213
-2571
-1518
-1142
613
3745
5924
6547
7521
9636
11281
11433
11229
11856
12934
13722
14299
14995
15798
16615
17271
17379
16849
16211
15768
15004
13537
11978
11067
10587
9869
8857
8003
7598
7615
7759
7440
6333
5025
4307
3848
2601
513
-1401
-2883
-4883
-7775
-10584
-12710
-15069
-18427
-21764
-23600
-24129
-24659
-25444
-25465
-24155
-22034
-19632
-17037
-14559
-12648
-10986
-8958
-7132
-6755
-7491
-7451
-6115
-5242
-5748
-5813
-3814
-1154
73
542
2215
4635
5638
4981
4354
4141
3035
837
-1087
-2249
-3492
-4833
-5236
-4742
-4582
-4934
-4719
-3866
-3645
-4434
-5194
-5499
-6165
-7411
-8164
-7721
-6676
-5724
-4677
-3014
-587
2238
4583
5619
5660
6018
7077
7587
6651
5225
4635
4761
4844
4950
5402
5796
5737
5633
5762
5453
4138
2303
625
-903
-2341
-3303
-3647
-3695
-3386
-2191
-182
1917
3876
6056
8344
10165
11527
12877
14067
14698
15178
16148
17251
17825
18303
19409
20576
20769
20368
20470
20783
20031
18156
16395
15251
13966
12040
9960
8296
7107
6254
5600
4928
4124
3247
2212
862
-633
-2143
-4224
-7471
-11332
-14663
-17387
-20386
-23872
-27097
-29532
-31097
-31513
-30800
-29953
-29617
-28656
-25725
-21738
-18834
-17291
-15484
-12747
-10248
-8924
-8283
-7537
-6611
-5749
-5050
-4402
-3367
-1591
333
1366
1761
2932
4997
6123
5224
3619
2868
2565
1557
-111
-1697
-2891
-3480
-3148
-2433
-2458
-3073
-2855
-1564
-786
-1364
-2084
-1843
-1384
-1688
-2110
-1369
515
2337
3333
4124
5984
9054
11499
11470
9897
9563
10933
11244
8870
5967
5012
5273
4908
4149
3950
3729
2948
2733
3410
2850
-46
-2846
-3479
-3856
-6251
-8820
-8646
-6823
-6216
-6103
-3599
896
4213
5688
7712
11189
14200
15448
15894
16617
17527
18455
19491
20245
20366
20512
21403
22449
22599
21848
20765
19388
17622
15767
13774
11125
8120
5891
4603
3271
1835
1397
1814
1420
-70
-909
-611
-1264
-4174
-7746
-10357
-12865
-16401
-20028
-22614
-24944
-27770
-29678
-29273
-27865
-27503
-27657
-26312
-23404
-20745
-19092
-17584
-15782
-14211
-12956
-11509
-10048
-9276
-8928
-7987
-6430
-5302
-4824
-3978
-2364
-1025
-737
-752
-152
604
517
-316
-1005
-1294
-1654
-2212
-2556
-2505
-2296
-2066
-1772
-1486
-1227
-778
-213
-171
-880
-1449
-1020
-140
92
-152
341
1981
3964
5627
7065
8416
9612
10756
11802
12123
11360
10283
9691
9017
7411
5547
4677
4420
3426
1873
1149
1284
850
-527
-1733
-2401
-3397
-4793
-5537
-5499
-5726
-6213
-5560
-3400
-1060
757
2900
5815
8684
11120
13748
16471
18182
18837
19858
21718
23096
23197
23007
23435
23937
23860
23536
23209
22397
20980
19558
18236
16410
14113
12122
10474
8421
6103
4618
4103
3427
2183
1324
1331
1298
496
-567
-1308
-2205
-4042
-6817
-9854
-12554
-14874
-17430
-20842
-24589
-27101
-27664
-27457
-27867
-28530
-28060
-26071
-23434
-21059
-19347
-18276
-17291
-15758
-14080
-13453
-13950
-14095
-13109
-12089
-11903
-11448
-9486
-6897
-5331
-4585
-3146
-821
970
1371
1038
865
902
784
409
-72
-445
-507
-194
321
778
1044
1124
1099
943
427
-558
-1577
-2079
-2271
-2764
-3236
-2527
-510
1433
2522
3775
6090
8451
9426
9298
9209
9134
8280
6801
5490
4362
3009
1830
1502
1648
1380
794
629
768
355
-819
-2167
-3369
-4597
-5811
-6657
-6994
-6829
-5902
-3963
-1281
1600
4502
7612
10988
14289
16945
18581
19444
20216
21136
21649
21351
20767
20633
20888
21043
21073
21164
21073
20510
19683
18767
17419
15467
13383
11411
9147
6654
4904
4251
3663
2513
1823
2464
3395
3195
2274
1877
1740
431
-2424
-5727
-8495
-10819
-13391
-16719
-20448
-23218
-23941
-23389
-23420
-24395
-24680
-23138
-20707
-18940
-18230
-18031
-17729
-16909
-15760
-15197
-15575
-15707
-14531
-12967
-12254
-11430
-8905
-5766
-4420
-4445
-3144
-264
1365
465
-835
-716
-145
-438
-1111
-1373
-1444
-1355
-556
556
782
278
352
886
316
-1478
-2837
-3239
-3997
-5534
-6425
-5800
-4501
-3301
-1948
-242
1692
4105
6787
8193
7533
6734
7703
8778
7163
3871
2443
3289
3453
1958
1118
1976
2626
2078
1901
2684
2547
713
-802
-783
-909
-2378
-3448
-2490
-824
-121
712
3441
7109
9461
10547
12270
14954
16841
17006
16647
17019
17676
17606
17003
16909
17584
18227
18319
18360
18845
19266
18873
17903
17042
16064
14246
11952
10329
9322
7695
5373
3983
4236
4573
3618
2354
2289
2834
2319
629
-1098
-2705
-5042
-8079
-10849
-13253
-16217
-19804
-22714
-24129
-24784
-25646
-26533
-26642
-25702
-24029
-22052
-20256
-19018
-18065
-16594
-14473
-12739
-12297
-12519
-11982
-10395
-8873
-8176
-7622
-6202
-4075
-2193
-881
350
1728
2787
3107
2846
2338
1674
816
-274
-1668
-3189
-4179
-4253
-4111
-4730
-5740
-5761
-4638
-3983
-4813
-5976
-6021
-5417
-5504
-6106
-5926
-4802
-3734
-2798
-945
1918
4389
5725
6927
8830
10574
10983
10303
9442
8470
7053
5564
4495
3416
1812
389
177
736
674
-203
-728
-464
-464
-1458
-2636
-3018
-2982
-3433
-4086
-3689
-1827
526
2465
4398
7279
11038
14522
16988
18872
20766
22375
23107
23130
23005
22693
21862
20844
20273
19969
19302
18451
18076
17868
16888
15260
13993
13016
11117
8153
5491
3785
2081
-162
-1996
-2738
-3111
-3693
-3884
-3376
-3049
-3480
-4110
-4756
-6239
-8624
-10730
-12355
-14914
-18674
-21534
-22111
-21938
-22795
-23811
-23202
-21198
-19182
-17418
-15628
-14386
-13978
-13261
-11596
-10458
-11097
-12059
-11320
-9512
-8548
-8154
-6499
-3593
-1320
-236
1096
3345
5187
5406
4526
3681
3113
2375
1165
-438
-2046
-3098
-3392
-3434
-3803
-4338
-4450
-4132
-4083
-4786
-5836
-6428
-6403
-6489
-7208
-7848
-7201
-5282
-3321
-1823
86
2856
5516
7352
9073
11094
12158
11325
9861
9338
9075
7494
4887
2754
1398
259
-453
-598
-1332
-3189
-4309
-3287
-2276
-3972
-6862
-7311
-5544
-5199
-7037
-7647
-5189
-2093
-512
1023
4371
8476
11609
14257
17425
20220
21485
22070
23249
24309
23862
22435
21628
21520
20912
19621
18647
18216
17406
15852
14343
13324
11982
9553
6664
4530
3186
1527
-796
-2542
-2618
-1796
-1604
-1954
-1387
331
1549
1164
79
-676
-1740
-4093
-7195
-9943
-12494
-15552
-18594
-20405
-20929
-21120
-21291
-20914
-19776
-18156
-16250
-14416
-13456
-13522
-13463
-12467
-11587
-12150
-13364
-13299
-11737
-10193
-9267
-7879
-5292
-2259
295
2375
4288
5938
7101
7649
7390
6357
5138
4185
3119
1506
-79
-804
-971
-1539
-2477
-2850
-2497
-2458
-3495
-5059
-6107
-6399
-6701
-7815
-9406
-10041
-8861
-6914
-5791
-5160
-3204
305
3321
4639
5645
7662
9470
9308
7785
6740
6300
5178
3108
1008
-703
-2144
-2971
-3045
-3397
-4780
-5967
-5475
-4236
-4363
-5746
-6274
-5280
-4306
-4221
-3869
-2268
-137
1648
3523
6209
9364
12130
14276
16172
18117
20022
21429
21886
21644
21561
21918
21920
21013
19891
19373
19100
18306
17081
15826
14306
12306
10370
8762
6660
3617
788
-662
-1385
-2595
-3940
-4213
-3385
-2376
-1480
-463
414
785
901
846
-108
-2245
-4569
-6398
-8548
-11681
-14716
-16339
-16926
-17568
-18252
-18348
-17811
-16752
-15087
-13549
-13465
-14509
-14607
-13281
-12837
-14663
-16658
-16426
-14852
-14064
-13725
-12031
-8988
-6042
-3416
-289
3070
5573
7151
8491
9461
9455
8718
7873
6756
5004
3163
1937
1018
-212
-1520
-2378
-2986
-3804
-4747
-5617
-6614
-7788
-8742
-9349
-9914
-10260
-9730
-8398
-7077
-5736
-3358
90
3078
4739
6209
8611
10940
11418
10147
8885
8475
7873
5946
3146
837
-381
-1071
-1960
-3143
-4255
-4898
-4827
-4252
-4005
-4741
-5785
-5694
-4312
-3210
-3369
-3564
-2136
609
3113
4902
6784
9215
11856
14406
16688
18218
18811
19193
19988
20617
20208
19053
18095
17540
16946
16135
15153
13891
12471
11371
10530
9146
6964
4827
3350
2065
482
-1053
-2077
-2613
-2642
-1983
-980
-251
363
1504
2946
3746
3587
2803
1458
-373
-2108
-3762
-6512
-10562
-13812
-14703
-14883
-16562
-18735
-18905
-17251
-15932
-15380
-14496
-13505
-13347
-13206
-11950
-10986
-12166
-13961
-13461
-11278
-10422
-10940
-9888
-6472
-3112
-1094
1048
4216
7157
8907
10047
10895
10847
9929
8910
7729
5706
3223
1357
81
-1392
-2939
-3858
-4358
-5082
-5774
-5916
-5988
-6632
-7381
-7562
-7528
-7690
-7435
-6318
-5126
-4347
-2929
-84
2896
4407
5039
6462
8542
9487
8545
6882
5676
4703
3169
1025
-1081
-2680
-3792
-4514
-4774
-4697
-4721
-4945
-4770
-3881
-3110
-3367
-4096
-4050
-3297
-2936
-2997
-2364
-821
696
2085
4347
7471
10038
11560
13292
15901
18153
18868
18656
18697
19037
18982
18252
17085
15898
15118
14762
14206
13016
11668
10757
10014
8882
7425
5907
4267
2682
1667
1009
-85
-1307
-1346
-243
344
-38
190
1675
2776
2319
1330
747
-184
-2002
-3938
-5878
-8785
-12185
-14095
-14471
-15608
-17983
-19126
-17900
-16371
-15950
-15304
-13680
-12574
-12432
-11474
-9551
-9236
-11101
-12026
-10403
-8924
-9654
-10371
-8647
-5879
-4176
-2615
252
3194
4679
5783
7791
9352
8792
7093
5985
5066
3163
714
-1280
-3018
-4804
-5867
-5825
-5706
-6199
-6474
-5811
-4821
-4218
-3967
-4115
-4729
-4881
-3713
-2440
-2822
-3826
-2724
408
2574
2657
2924
4856
6814
7143
6590
6176
5348
3732
2290
1345
-196
-2478
-3875
-3744
-3617
-4394
-4733
-3670
-2491
-2388
-2421
-1544
-652
-809
-1215
-740
79
334
581
1692
3194
4357
5691
7751
9705
10716
11550
13099
14505
14565
13933
13991
14407
13876
12616
12015
12152
11755
10579
9811
9903
9787
8756
7549
6930
6474
5509
4286
3407
2820
2151
1510
1294
1485
1708
1820
1988
2263
2517
2665
2580
1897
425
-1285
-2490
-3535
-5660
-9010
-11873
-12889
-13124
-14497
-16730
-17680
-16546
-14840
-13944
-13524
-12776
-11586
-10020
-8272
-7390
-8204
-9384
-8782
-6981
-6781
-8554
-9198
-6954
-4123
-3087
-2572
-332
2932
5091
6103
7255
8367
8307
7235
6086
4748
2674
364
-1425
-2986
-4679
-5764
-5659
-5219
-5334
-5369
-4441
-3123
-2573
-2823
-3133
-3242
-3321
-3455
-3774
-4300
-4407
-3429
-1880
-819
-42
1566
3864
5407
5712
5822
6299
6303
5127
3266
1523
159
-909
-1932
-3210
-4372
-4391
-3142
-2050
-2066
-2131
-1029
444
780
144
-268
-307
-610
-1057
-1102
-900
-739
-105
1448
3341
4967
6657
8724
10620
11948
13136
14285
14665
14118
13569
13435
12954
11757
10623
10055
9587
8999
8702
8580
8004
7223
7036
7043
6047
4279
3199
2964
2188
486
-782
-738
-181
-87
-332
-223
655
2058
2889
2128
530
-18
382
-788
-4464
-8039
-9299
-9788
-11781
-14349
-15303
-14879
-14453
-13623
-11708
-10149
-10119
-9752
-7301
-5055
-6082
-8815
-9331
-7799
-7886
-10259
-11528
-9995
-7905
-6969
-5657
-2557
959
3253
5031
7468
9747
10367
9530
8522
7640
6189
3986
1647
-314
-1842
-2914
-3472
-3677
-3802
-3871
-3719
-3382
-3218
-3613
-4616
-5844
-6766
-7242
-7700
-8501
-9110
-8459
-6369
-4024
-2408
-866
1783
5078
7248
7740
7829
8275
8029
6216
3858
2215
744
-1589
-4004
-4877
-4456
-4496
-5342
-5426
-4006
-2496
-2315
-2921
-3027
-2673
-2858
-3728
-4390
-4373
-4151
-3949
-3051
-931
1636
3624
5439
8272
11871
14456
15277
15689
16874
17896
17317
15572
14187
13477
12547
11142
9991
9448
9077
8612
8343
8417
8438
7918
6855
5809
5273
4837
3507
1358
-12
333
1028
496
-367
332
2244
3429
3580
3881
4213
3432
2003
1229
199
-3000
-7286
-9595
-9950
-11446
-14746
-16843
-16194
-14928
-14691
-14307
-12992
-12060
-11875
-10871
-9130
-9154
-11352
-12595
-11270
-10001
-10961
-12072
-10623
-7535
-5091
-3051
-5
3520
6153
8265
10830
13010
13253
11897
10605
9827
8537
6077
3015
385
-1156
-1767
-2328
-3434
-4433
-4307
-3331
-2767
-3002
-3325
-3458
-3851
-4393
-4405
-4144
-4614
-5502
-5069
-2860
-766
-234
10
1883
4729
6193
5732
5123
5378
5235
3515
1149
-464
-1729
-3783
-6135
-7301
-7323
-7668
-8653
-8978
-8068
-7034
-6743
-6619
-6023
-5366
-5037
-4579
-3688
-2862
-2326
-1403
365
2449
4254
5921
7771
9762
11749
13512
14557
14746
14839
15384
15572
14490
12905
12189
12050
11192
9741
8977
8960
8556
7658
7256
7354
6894
5787
5053
4876
4415
3544
3003
2864
2620
2602
3499
4738
5184
5197
6090
7760
8724
8355
7359
6280
5084
3831
2250
-609
-4732
-8142
-9455
-10262
-12781
-16167
-17742
-17080
-16198
-16173
-16244
-15943
-15550
-14661
-12846
-11446
-12067
-13481
-12890
-10328
-8784
-9442
-9851
-7859
-4649
-2347
-879
1040
3474
5620
7400
9111
10274
10239
9422
8769
8337
7325
5366
3034
1139
-29
-822
-1788
-3017
-3938
-4011
-3467
-2983
-2792
-2630
-2340
-1930
-1275
-445
-58
-462
-850
-245
864
1086
290
-161
424
1088
888
231
-157
-442
-1067
-1849
-2535
-3444
-4810
-6181
-7131
-7922
-8835
-9589
-9972
-10243
-10368
-9757
-8401
-7259
-6745
-5871
-3866
-1659
-539
-164
746
2320
3484
3754
3799
4258
5012
5706
6220
6586
6958
7635
8643
9479
9702
9565
9619
9911
10004
9599
8821
8055
7690
7800
7972
7797
7553
7915
8924
9883
10369
10701
11173
11527
11519
11349
11122
10522
9449
8446
7935
7519
6626
5509
4885
4739
4239
2952
1470
402
-714
-2817
-5870
-8813
-11045
-13158
-15819
-18627
-20674
-21628
-21718
-21174
-20270
-19293
-17907
-15326
-11839
-9120
-8026
-7175
-5142
-2935
-2463
-3385
-3708
-2965
-2513
-2762
-2483
-1093
513
1854
3608
5973
8046
9367
10419
11222
11067
9974
8747
7334
4910
1820
-460
-1666
-3064
-4950
-5897
-5186
-4008
-3392
-2771
-1518
-221
494
884
1018
329
-1014
-1877
-2042
-2726
-4338
-5402
-4782
-3432
-2760
-2564
-1808
-440
720
1175
924
76
-1093
-2287
-3681
-5590
-7594
-8921
-9628
-10258
-10473
-9454
-7607
-6206
-5245
-3448
-745
1185
1473
1328
1899
2507
2076
983
308
286
527
1023
2015
3401
4953
6744
8856
11007
12712
13647
13906
14005
14267
14091
12645
10526
9457
9750
9674
8384
7625
8918
10863
11419
11244
12153
13599
13589
12226
11278
10787
9154
6391
4279
3251
1962
134
-904
-781
-629
-786
-434
256
92
-853
-1405
-1870
-3787
-6957
-9471
-10974
-13039
-15918
-17836
-18111
-18048
-18051
-16817
-14241
-12077
-10712
-8336
-4602
-1970
-1750
-1816
-262
1372
894
-807
-1391
-708
-309
-503
-232
883
2256
3612
5055
6359
7232
7797
8026
7476
6157
4700
3183
932
-1971
-4366
-5818
-7253
-9092
-10310
-10222
-9698
-9548
-9153
-7906
-6568
-5957
-5520
-4546
-3658
-3704
-4114
-3858
-3243
-3279
-3800
-3685
-2708
-1848
-1693
-1661
-1051
-114
317
-109
-893
-1400
-1700
-2446
-3860
-5288
-6086
-6462
-6911
-7283
-7096
-6404
-5566
-4512
-3032
-1457
-226
890
2290
3645
4413
4859
5545
6267
6537
6718
7456
8417
8849
9070
9981
11355
12104
12105
12268
12798
12875
12183
11343
10633
9615
8286
7264
6637
5812
4810
4418
4800
5140
5057
5161
5814
6422
6451
6186
5974
5608
4885
4033
3201
2225
1184
495
225
-35
-416
-558
-316
-44
-32
-238
-671
-1446
-2460
-3533
-4841
-6603
-8473
-9883
-10820
-11620
-12166
-12032
-11243
-10133
-8671
-6672
-4479
-2632
-1044
646
2155
2884
2965
3010
2983
2360
1332
722
658
440
-117
-274
378
1209
1534
1515
1610
1727
1418
501
-868
-2459
-4102
-5752
-7485
-9232
-10615
-11334
-11560
-11583
-11294
-10424
-9103
-7735
-6476
-5285
-4266
-3538
-2988
-2580
-2608
-3167
-3722
-3804
-3746
-4080
-4505
-4293
-3473
-2778
-2468
-2066
-1321
-677
-537
-730
-947
-1201
-1619
-2131
-2588
-2891
-2894
-2461
-1665
-708
413
1886
3704
5528
7021
8165
9149
10030
10591
10559
10001
9341
8856
8333
7499
6602
6128
6072
6001
5808
5808
6041
6122
5902
5660
5445
4894
3950
3097
2567
1997
1209
682
791
1218
1602
2173
3197
4355
5242
6007
6867
7504
7542
7213
6919
6507
5646
4558
3717
3113
2463
1897
1759
1933
2045
2168
2628
3253
3505
3329
3167
3117
2743
1848
801
-78
-921
-1874
-2743
-3325
-3717
-4022
-4086
-3794
-3362
-3056
-2830
-2505
-2139
-1979
-2123
-2479
-2962
-3556
-4218
-4907
-5657
-6486
-7237
-7706
-7918
-8093
-8307
-8376
-8175
-7856
-7625
-7470
-7289
-7131
-7099
-7119
-7078
-7073
-7259
-7495
-7482
-7237
-7082
-7086
-6913
-6365
-5707
-5243
-4866
-4308
-3601
-2995
-2576
-2234
-1900
-1604
-1365
-1200
-1136
-1129
-1062
-918
-796
-695
-477
-118
244
593
1087
1735
2311
2736
3210
3809
4285
4497
4664
4941
5098
4964
4801
4884
5001
4832
4564
4603
4888
4990
4824
4719
4824
4880
4667
4272
3850
3408
2921
2394
1793
1120
558
288
200
58
-87
50
521
1049
1444
1814
2283
2778
3193
3528
3763
3838
3831
3928
4122
4174
4016
3927
4123
4419
4525
4492
4601
4905
5177
5293
5378
5572
5826
6039
6221
6443
6721
6996
7214
7354
7432
7452
7347
6996
6364
5559
4654
3563
2172
568
-1035
-2563
-4094
-5627
-7027
-8204
-9184
-9956
-10467
-10778
-11030
-11214
-11182
-10971
-10846
-10925
-10991
-10850
-10655
-10644
-10725
-10613
-10253
-9842
-9465
-9000
-8366
-7656
-6977
-6335
-5742
-5281
-4994
-4824
-4734
-4771
-4982
-5314
-5620
-5785
-5817
-5812
-5784
-5575
-5031
-4245
-3460
-2727
-1880
-860
152
1006
1767
2495
3099
3544
3984
4477
4825
4916
4998
5315
5698
5833
5769
5809
6010
6121
6005
5783
5578
5351
5027
4601
4099
3563
3040
2516
1939
1373
958
680
379
70
-3
209
439
553
788
1297
1826
2134
2375
2741
3050
3067
2949
2951
2932
2648
2268
2146
2238
2218
2104
2243
2733
3291
3709
4105
4626
5213
5697
5982
6086
6118
6181
6221
6099
5855
5724
5809
5960
6093
6332
6730
7129
7442
7788
8154
8277
8056
7723
7412
6898
6027
5039
4175
3303
2265
1245
462
-228
-1058
-1923
-2610
-3226
-4042
-5052
-6047
-6982
-7970
-9004
-9961
-10781
-11435
-11813
-11845
-11616
-11217
-10591
-9690
-8644
-7629
-6706
-5917
-5364
-5083
-5016
-5197
-5741
-6582
-7444
-8207
-9006
-9870
-10528
-10774
-10743
-10604
-10261
-9578
-8695
-7827
-6957
-5975
-4979
-4159
-3498
-2836
-2141
-1523
-1004
-487
108
801
1567
2322
2982
3608
4329
5071
5573
5775
5913
6099
6111
5798
5383
5088
4773
4264
3762
3527
3395
3067
2687
2631
2817
2795
2496
2340
2510
2662
2523
2319
2345
2502
2545
2506
2571
2735
2848
2879
2919
2990
3013
2933
2769
2596
2479
2374
2172
1897
1764
1880
2054
2100
2179
2541
3075
3481
3773
4210
4777
5178
5356
5579
5927
6127
6048
5941
5998
6031
5814
5455
5184
5004
4745
4354
3919
3523
3180
2854
2470
2025
1649
1437
1276
1020
745
612
572
444
239
107
8
-233
-571
-799
-964
-1327
-1891
-2344
-2598
-2960
-3602
-4261
-4701
-5118
-5783
-6580
-7232
-7761
-8389
-9095
-9654
-10030
-10395
-10776
-10979
-10917
-10739
-10569
-10353
-10025
-9640
-9269
-8908
-8569
-8318
-8162
-8015
-7835
-7688
-7603
-7497
-7278
-6944
-6524
-6027
-5466
-4847
-4139
-3337
-2546
-1876
-1283
-664
-80
324
566
799
1045
1191
1259
1420
1705
1975
2212
2565
3064
3548
3964
4448
5026
5531
5892
6241
6630
6929
7087
7245
7459
7604
7641
7713
7857
7918
7836
7747
7707
7574
7273
6904
6520
6044
5489
4989
4551
4050
3514
3136
2948
2793
2632
2609
2740
2857
2925
3081
3325
3460
3431
3405
3461
3443
3256
3017
2833
2664
2471
2292
2129
1943
1765
1662
1604
1496
1337
1202
1099
989
886
804
689
533
420
377
310
194
141
189
206
130
99
179
216
108
-16
-51
-119
-336
-608
-837
-1112
-1513
-1941
-2312
-2727
-3264
-3818
-4284
-4747
-5276
-5783
-6187
-6563
-6974
-7327
-7540
-7689
-7850
-7967
-7968
-7892
-7797
-7677
-7519
-7349
-7165
-6950
-6764
-6677
-6643
-6563
-6467
-6456
-6512
-6525
-6484
-6462
-6429
-6282
-6031
-5771
-5501
-5138
-4690
-4234
-3753
-3183
-2581
-2062
-1600
-1069
-474
59
510
990
1541
2080
2575
3100
3676
4223
4704
5181
5671
6108
6460
6791
7113
7348
7461
7532
7610
7638
7580
7519
7513
7486
7356
7190
7089
7016
6872
6672
6488
6290
6005
5668
5348
5000
4548
4066
3670
3301
2819
2281
1854
1524
1122
652
291
74
-171
-496
-758
-892
-1017
-1175
-1246
-1178
-1078
-984
-790
-468
-135
150
469
863
1255
1598
1924
2218
2432
2610
2814
2979
3023
3026
3098
3154
3081
2979
2983
2983
2805
2547
2398
2263
1911
1406
990
660
219
-315
-736
-1037
-1392
-1798
-2086
-2252
-2444
-2655
-2750
-2763
-2858
-3027
-3135
-3196
-3346
-3573
-3775
-3977
-4267
-4578
-4781
-4939
-5180
-5459
-5642
-5759
-5926
-6108
-6199
-6244
-6357
-6497
-6548
-6532
-6539
-6545
-6474
-6361
-6279
-6180
-5978
-5704
-5421
-5113
-4749
-4383
-4035
-3627
-3122
-2624
-2209
-1790
-1276
-714
-178
374
999
1641
2224
2785
3387
3996
4539
5021
5481
5897
6216
6441
6607
6719
6755
6725
6650
6536
6385
6215
6029
5808
5533
5222
4896
4539
4124
3658
3161
2625
2027
1389
770
195
-371
-947
-1469
-1870
-2172
-2425
-2609
-2670
-2638
-2585
-2508
-2349
-2126
-1930
-1774
-1585
-1347
-1134
-976
-819
-634
-456
-299
-130
47
205
354
532
705
819
905
1028
1174
1286
1395
1560
1744
1888
2049
2307
2605
2834
3020
3262
3525
3679
3716
3739
3764
3712
3560
3369
3157
2895
2597
2307
2019
1696
1346
998
646
267
-130
-557
-1061
-1633
-2195
-2732
-3314
-3943
-4512
-4969
-5383
-5787
-6081
-6198
-6212
-6201
-6124
-5936
-5685
-5439
-5187
-4904
-4629
-4405
-4217
-4038
-3862
-3687
-3511
-3345
-3181
-2959
-2661
-2351
-2072
-1755
-1347
-925
-576
-254
120
497
788
1034
1342
1705
2034
2338
2702
3144
3587
4005
4447
4943
5445
5891
6266
6600
6908
7145
7232
7158
7004
6807
6488
5999
5434
4896
4318
3605
2824
2108
1439
716
-27
-671
-1226
-1786
-2330
-2753
-3064
-3364
-3654
-3856
-3964
-4038
-4077
-4050
-4002
-3967
-3887
-3713
-3527
-3397
-3248
-3011
-2766
-2589
-2399
-2111
-1810
-1598
-1404
-1135
-871
-715
-605
-435
-269
-207
-185
-87
47
104
112
173
296
424
564
750
948
1131
1344
1597
1811
1943
2069
2240
2372
2383
2334
2299
2233
2064
1834
1613
1376
1061
700
358
27
-351
-762
-1136
-1454
-1762
-2085
-2397
-2666
-2892
-3079
-3208
-3259
-3241
-3187
-3106
-2984
-2818
-2630
-2423
-2176
-1893
-1619
-1370
-1122
-871
-667
-524
-385
-213
-51
76
228
427
606
730
893
1169
1486
1746
1983
2274
2573
2806
3011
3261
3505
3646
3707
3780
3855
3854
3778
3698
3630
3537
3425
3325
3219
3070
2894
2727
2548
2336
2121
1929
1710
1425
1114
830
550
237
-84
-363
-616
-885
-1153
-1375
-1538
-1675
-1806
-1922
-2002
-2038
-2046
-2050
-2048
-2027
-1989
-1964
-1948
-1900
-1830
-1810
-1867
-1928
-1928
-1915
-1961
-2038
-2067
-2049
-2044
-2055
-2022
-1922
-1783
-1623
-1425
-1182
-921
-659
-393
-115
164
422
645
857
1078
1284
1423
1498
1571
1667
1731
1726
1679
1637
1574
1456
1287
1087
843
547
222
-106
-442
-785
-1113
-1421
-1706
-1935
-2078
-2173
-2267
-2316
-2261
-2150
-2074
-2002
-1849
-1655
-1526
-1448
-1318
-1147
-1033
-965
-834
-645
-505
-404
-231
14
212
354
538
764
933
1051
1218
1418
1539
1593
1699
1859
1963
2014
2125
2288
2389
2427
2515
2648
2705
2683
2694
2735
2677
2513
2371
2274
2102
1835
1585
1388
1139
813
519
299
59
-242
-520
-727
-930
-1168
-1372
-1502
-1610
-1717
-1772
-1746
-1701
-1671
-1611
-1489
-1351
-1232
-1102
-936
-777
-676
-610
-539
-477
-464
-496
-532
-569
-635
-734
-829
-900
-979
-1076
-1157
-1190
-1203
-1215
-1195
-1108
-977
-833
-647
-385
-89
183
460
800
1163
1473
1737
2012
2276
2467
2596
2714
2785
2749
2645
2562
2478
2311
2072
1831
1576
1250
887
560
231
-178
-622
-1004
-1353
-1759
-2181
-2509
-2762
-3024
-3263
-3381
-3407
-3440
-3455
-3362
-3194
-3049
-2901
-2663
-2387
-2181
-2016
-1784
-1525
-1346
-1212
-1009
-772
-621
-524
-352
-121
56
189
382
618
788
916
1113
1360
1548
1695
1913
2176
2359
2469
2637
2869
3037
3116
3210
3334
3380
3322
3259
3209
3072
2826
2578
2361
2070
1659
1240
896
545
121
-302
-653
-985
-1348
-1667
-1876
-2048
-2257
-2424
-2452
-2415
-2432
-2454
-2360
-2177
-2024
-1893
-1684
-1430
-1255
-1148
-984
-766
-616
-544
-431
-276
-204
-221
-191
-105
-97
-176
-193
-116
-87
-153
-170
-85
-30
-60
-43
89
211
263
365
580
794
945
1141
1434
1696
1859
2037
2299
2526
2631
2703
2815
2881
2831
2734
2641
2471
2179
1863
1594
1300
919
514
148
-221
-633
-1041
-1397
-1728
-2055
-2344
-2589
-2822
-3035
-3189
-3289
-3375
-3446
-3463
-3431
-3374
-3279
-3138
-2989
-2844
-2659
-2420
-2191
-1994
-1771
-1508
-1286
-1126
-944
-711
-521
-400
-254
-45
136
257
421
660
858
978
1136
1378
1589
1720
1889
2131
2307
2354
2416
2576
2710
2727
2733
2797
2803
2682
2563
2532
2460
2250
2013
1843
1636
1303
960
710
444
54
-346
-622
-844
-1131
-1417
-1597
-1735
-1921
-2063
-2043
-1955
-1953
-1984
-1898
-1718
-1577
-1463
-1274
-1042
-883
-768
-579
-337
-170
-64
99
304
416
440
517
660
732
697
688
749
773
722
712
778
808
760
749
828
882
856
852
923
963
912
875
915
928
851
791
820
833
758
700
735
760
684
600
594
580
467
329
238
122
-84
-289
-424
-572
-805
-1040
-1200
-1359
-1582
-1791
-1924
-2059
-2255
-2424
-2501
-2566
-2688
-2786
-2791
-2764
-2765
-2733
-2615
-2474
-2348
-2171
-1912
-1647
-1423
-1171
-863
-574
-337
-88
192
427
593
771
984
1155
1253
1358
1497
1600
1641
1677
1724
1722
1667
1625
1604
1537
1422
1330
1265
1165
1029
933
889
831
750
707
708
696
658
641
649
633
595
582
590
559
478
398
344
295
246
208
173
114
46
-4
-41
-92
-151
-194
-211
-220
-224
-223
-214
-187
-125
-31
72
179
296
424
555
690
832
965
1073
1170
1268
1343
1372
1375
1379
1373
1331
1268
1209
1137
1027
888
751
616
474
336
214
80
-89
-264
-406
-523
-638
-756
-859
-947
-1017
-1057
-1066
-1064
-1072
-1076
-1059
-1029
-1008
-997
-987
-975
-972
-987
-1017
-1052
-1084
-1124
-1186
-1262
-1328
-1375
-1431
-1514
-1614
-1697
-1752
-1775
-1776
-1772
-1777
-1773
-1730
-1644
-1535
-1410
-1250
-1054
-847
-650
-465
-290
-123
51
243
426
560
645
719
802
869
899
901
893
880
854
812
750
680
620
573
522
452
378
324
299
291
294
305
328
366
419
473
516
544
575
623
692
766
819
831
808
775
743
695
630
569
523
471
395
301
213
152
130
144
162
157
140
155
213
291
379
483
595
699
812
967
1145
1294
1411
1536
1673
1788
1881
1975
2055
2071
2030
1982
1934
1846
1719
1587
1449
1272
1070
892
727
527
302
112
-44
-213
-397
-536
-621
-717
-843
-946
-996
-1026
-1061
-1079
-1085
-1127
-1202
-1247
-1245
-1255
-1318
-1400
-1469
-1543
-1641
-1737
-1817
-1907
-2021
-2127
-2206
-2288
-2391
-2475
-2508
-2518
-2540
-2549
-2500
-2400
-2294
-2197
-2080
-1929
-1748
-1537
-1301
-1071
-878
-707
-511
-283
-65
113
258
381
483
562
632
682
690
660
625
595
537
444
352
292
245
188
132
102
82
57
44
61
94
124
166
231
300
350
405
483
557
606
649
709
755
758
741
739
727
674
602
549
493
404
309
255
225
171
107
84
95
105
123
185
272
348
428
548
692
814
936
1102
1287
1433
1553
1702
1867
1989
2061
2133
2207
2243
2239
2232
2212
2142
2031
1934
1853
1739
1590
1445
1320
1195
1068
958
845
703
561
466
406
333
242
172
122
68
10
-30
-57
-98
-147
-187
-232
-301
-384
-471
-574
-709
-848
-970
-1094
-1239
-1384
-1511
-1647
-1808
-1956
-2063
-2158
-2264
-2355
-2404
-2434
-2469
-2486
-2467
-2437
-2413
-2365
-2280
-2186
-2099
-1986
-1841
-1702
-1587
-1462
-1317
-1189
-1091
-983
-853
-741
-670
-606
-526
-452
-395
-324
-241
-180
-149
-114
-62
-18
23
91
178
235
266
315
381
424
451
501
570
613
634
679
738
769
777
801
827
807
761
746
745
703
629
580
551
496
427
399
402
379
339
332
347
334
310
332
389
420
429
475
556
615
663
752
879
984
1061
1154
1263
1343
1397
1459
1523
1554
1564
1600
1645
1655
1631
1613
1607
1583
1539
1502
1468
1416
1353
1290
1212
1109
1015
954
899
818
730
662
610
562
525
495
445
370
299
235
153
55
-22
-73
-144
-248
-348
-439
-549
-674
-772
-846
-954
-1104
-1249
-1368
-1497
-1641
-1763
-1856
-1956
-2058
-2121
-2152
-2196
-2251
-2264
-2241
-2233
-2240
-2212
-2149
-2101
-2058
-1965
-1829
-1713
-1626
-1516
-1373
-1248
-1150
-1035
-899
-784
-689
-578
-466
-389
-325
-224
-111
-46
-12
56
150
202
213
245
306
343
349
374
422
452
456
460
464
443
427
457
489
465
412
403
417
383
307
268
273
257
197
147
129
115
91
73
55
25
10
42
86
92
83
116
188
250
305
388
485
551
595
672
789
897
977
1051
1130
1196
1254
1323
1397
1458
1502
1530
1528
1501
1488
1504
1505
1455
1388
1346
1321
1275
1212
1157
1102
1032
965
924
895
846
778
707
639
585
556
535
482
398
332
299
249
153
53
-16
-88
-202
-344
-483
-621
-774
-927
-1067
-1213
-1376
-1541
-1691
-1837
-1982
-2103
-2193
-2279
-2371
-2445
-2487
-2510
-2521
-2494
-2429
-2355
-2281
-2179
-2042
-1894
-1747
-1577
-1371
-1166
-986
-818
-646
-474
-309
-148
8
145
268
390
500
575
623
677
731
752
747
760
795
808
776
732
705
687
661
633
604
568
530
512
503
479
440
414
402
370
317
279
263
234
176
112
62
14
-39
-78
-100
-125
-159
-179
-181
-180
-187
-182
-157
-130
-110
-73
-12
60
133
219
321
421
513
619
738
849
934
1012
1094
1171
1232
1286
1333
1365
1384
1399
1412
1411
1396
1382
1369
1337
1286
1240
1206
1164
1105
1044
993
948
903
862
824
778
725
682
654
622
576
521
459
381
296
216
138
39
-85
-211
-337
-484
-658
-831
-984
-1134
-1301
-1475
-1642
-1804
-1961
-2100
-2219
-2335
-2451
-2546
-2599
-2625
-2634
-2616
-2565
-2497
-2422
-2320
-2181
-2022
-1858
-1677
-1471
-1263
-1072
-874
-653
-440
-262
-100
79
267
426
546
643
728
804
886
967
1012
1005
988
993
997
965
916
886
869
834
782
734
692
648
614
603
588
542
486
460
451
425
379
332
279
207
141
104
70
8
-63
-102
-118
-156
-213
-260
-292
-328
-370
-391
-391
-381
-360
-325
-295
-276
-230
-129
-8
86
166
271
393
496
578
664
765
871
978
1085
1173
1224
1260
1313
1383
1448
1501
1537
1542
1520
1499
1492
1477
1435
1381
1325
1267
1207
1160
1119
1054
955
856
777
700
605
495
371
240
111
-7
-133
-291
-467
-632
-787
-946
-1098
-1227
-1363
-1529
-1692
-1813
-1918
-2056
-2206
-2307
-2355
-2408
-2481
-2531
-2532
-2501
-2457
-2403
-2343
-2263
-2131
-1959
-1808
-1705
-1583
-1393
-1187
-1030
-883
-675
-442
-260
-119
42
219
352
454
582
733
844
898
935
979
1019
1049
1066
1047
1008
1005
1042
1030
929
830
819
827
747
615
552
557
530
439
352
302
249
173
101
43
-22
-90
-144
-203
-279
-337
-354
-371
-431
-489
-491
-474
-507
-563
-561
-500
-450
-433
-398
-327
-252
-181
-85
42
166
273
380
502
640
788
939
1071
1182
1305
1448
1575
1660
1731
1824
1917
1974
2012
2063
2112
2126
2109
2097
2092
2060
1989
1902
1830
1773
1702
1591
1452
1324
1219
1102
938
752
597
469
320
133
-55
-217
-370
-533
-704
-874
-1044
-1203
-1335
-1445
-1554
-1671
-1779
-1879
-1974
-2057
-2116
-2160
-2196
-2207
-2178
-2136
-2111
-2080
-2008
-1911
-1832
-1768
-1683
-1565
-1439
-1314
-1189
-1074
-979
-880
-754
-614
-492
-386
-270
-144
-33
58
146
230
298
354
413
473
515
540
559
575
581
582
578
561
526
493
469
434
374
304
241
179
100
7
-94
-192
-281
-354
-425
-517
-624
-712
-775
-840
-917
-983
-1024
-1056
-1082
-1093
-1084
-1069
-1057
-1034
-986
-917
-834
-745
-658
-569
-461
-327
-192
-78
36
172
320
454
589
746
911
1053
1182
1323
1465
1578
1672
1779
1891
1968
2013
2066
2139
2198
2217
2212
2210
2218
2223
2198
2133
2043
1966
1905
1824
1695
1551
1427
1311
1164
983
803
640
481
311
132
-54
-236
-399
-538
-673
-818
-956
-1069
-1161
-1238
-1303
-1361
-1416
-1460
-1478
-1473
-1464
-1459
-1448
-1421
-1376
-1310
-1225
-1147
-1092
-1044
-970
-875
-784
-705
-627
-555
-500
-454
-395
-335
-292
-262
-225
-180
-146
-120
-87
-53
-31
-13
19
53
73
87
109
126
120
100
88
79
60
35
13
-21
-71
-111
-133
-171
-256
-356
-428
-482
-549
-624
-682
-734
-814
-916
-997
-1042
-1077
-1119
-1157
-1178
-1185
-1177
-1150
-1111
-1065
-1012
-945
-863
-769
-667
-557
-455
-361
-260
-140
-6
131
264
387
495
600
713
825
925
1013
1100
1174
1221
1259
1320
1405
1472
1497
1500
1515
1546
1583
1612
1623
1611
1584
1554
1530
1511
1502
1494
1461
1389
1302
1231
1172
1095
993
888
797
704
595
480
373
267
150
29
-81
-173
-257
-343
-430
-509
-570
-609
-628
-638
-645
-648
-646
-633
-602
-551
-483
-415
-359
-312
-257
-185
-104
-38
4
36
70
108
144
175
200
216
217
199
173
152
152
159
147
110
65
31
-4
-54
-108
-145
-169
-199
-230
-247
-255
-279
-324
-372
-410
-445
-483
-524
-573
-633
-687
-718
-741
-788
-858
-921
-968
-1017
-1082
-1143
-1184
-1207
-1225
-1241
-1258
-1270
-1270
-1249
-1221
-1202
-1182
-1131
-1051
-967
-894
-820
-732
-637
-539
-431
-314
-201
-99
7
121
228
312
384
462
547
629
705
781
841
871
879
886
902
913
911
907
899
870
815
765
742
729
692
631
573
534
493
436
365
294
233
190
155
108
44
-14
-44
-67
-116
-181
-224
-235
-244
-270
-292
-295
-289
-286
-283
-270
-245
-215
-185
-149
-106
-53
1
46
81
126
197
282
353
405
451
504
564
631
697
743
770
796
832
861
866
865
872
877
862
831
791
740
681
648
644
631
571
485
417
371
318
249
177
108
35
-35
-90
-141
-202
-258
-294
-323
-375
-443
-493
-514
-532
-566
-609
-644
-664
-666
-661
-668
-694
-718
-714
-680
-646
-629
-621
-601
-564
-523
-496
-477
-444
-387
-329
-293
-267
-223
-161
-110
-80
-52
-9
42
91
138
183
217
239
259
283
303
314
314
305
292
285
288
284
258
222
205
206
194
151
96
56
31
2
-39
-82
-117
-147
-184
-243
-313
-367
-395
-407
-419
-430
-432
-438
-465
-503
-527
-528
-515
-500
-482
-469
-473
-486
-481
-441
-383
-334
-303
-278
-248
-211
-168
-121
-72
-29
8
44
82
130
180
221
248
272
306
345
375
390
403
423
439
450
469
499
522
521
514
529
561
577
558
524
502
491
476
455
438
426
405
365
308
257
231
234
235
203
144
95
73
62
38
0
-43
-84
-127
-158
-171
-170
-169
-167
-163
-165
-183
-202
-193
-154
-109
-82
-76
-76
-66
-41
-9
14
20
21
38
71
93
94
90
101
119
122
114
118
130
128
108
88
84
81
64
45
36
31
16
-5
-20
-33
-51
-68
-75
-78
-93
-113
-119
-116
-120
-136
-150
-153
-149
-149
-157
-172
-196
-215
-216
-204
-201
-216
-241
-258
-263
-258
-253
-256
-261
-255
-236
-222
-222
-223
-211
-191
-180
-180
-187
-197
-199
-183
-159
-143
-135
-116
-87
-71
-82
-85
-57
-16
-3
-19
-30
-22
-2
14
20
11
-10
-23
-16
3
19
25
31
38
45
50
60
65
59
52
56
63
50
22
11
34
70
84
73
62
67
79
85
88
95
100
97
92
94
98
100
103
113
123
120
112
118
135
137
121
105
103
109
113
123
142
155
150
144
146
155
155
153
154
156
151
141
128
114
102
101
105
104
93
80
69
56
44
43
55
57
46
29
11
-13
-41
-51
-40
-30
-36
-45
-44
-44
-54
-67
-73
-78
-86
-84
-72
-64
-72
-82
-74
-53
-34
-17
1
13
17
20
35
50
52
46
48
56
59
54
49
50
51
59
80
107
116
99
68
47
40
38
32
19
3
-14
-21
-12
5
8
-11
-37
-49
-43
-39
-47
-67
-88
-103
-102
-84
-68
-69
-79
-74
-51
-34
-29
-22
-4
6
-9
-28
-31
-19
-11
-7
4
22
34
37
39
39
35
33
43
55
58
54
55
61
63
63
73
90
94
81
69
73
84
88
81
75
78
85
82
63
40
37
55
71
64
46
36
34
23
7
5
16
16
-7
-37
-51
-51
-53
-57
-52
-36
-26
-38
-63
-69
-50
-28
-34
-63
-86
-86
-69
-52
-41
-38
-43
-45
-36
-18
-1
8
15
17
13
11
28
58
76
71
58
50
53
61
78
92
85
52
17
6
19
37
40
17
-23
-54
-57
-40
-34
-52
-82
-110
-134
-150
-143
-120
-113
-144
-195
-224
-214
-187
-169
-170
-181
-193
-194
-178
-147
-115
-101
-108
-116
-100
-56
-6
14
1
-21
-23
1
36
66
84
94
105
118
128
139
156
176
187
181
167
157
154
149
140
128
116
99
84
77
79
85
83
67
39
16
2
-7
-25
-47
-66
-87
-118
-151
-172
-180
-189
-198
-200
-200
-209
-226
-233
-228
-228
-232
-226
-214
-218
-236
-232
-191
-144
-122
-120
-115
-107
-102
-83
-48
-13
0
5
31
74
111
138
169
199
217
228
247
274
289
288
291
313
346
366
361
334
299
274
272
284
290
274
247
226
212
190
160
128
99
68
38
14
-10
-46
-99
-158
-202
-232
-255
-274
-287
-301
-325
-355
-378
-389
-394
-395
-385
-370
-361
-360
-352
-329
-305
-291
-272
-233
-186
-151
-124
-89
-41
7
47
87
133
182
223
255
288
329
373
402
411
418
437
458
463
455
457
474
480
464
448
450
454
435
400
366
342
311
271
228
187
145
95
40
-15
-65
-105
-138
-174
-216
-254
-286
-322
-364
-396
-410
-420
-448
-488
-517
-527
-528
-530
-528
-515
-491
-462
-434
-408
-382
-355
-328
-299
-267
-225
-173
-115
-63
-20
18
62
115
177
234
272
292
319
372
443
497
513
504
500
520
546
559
556
557
570
577
558
514
463
426
413
407
383
326
255
202
179
159
108
25
-60
-112
-134
-155
-203
-277
-347
-390
-409
-430
-459
-487
-509
-536
-567
-576
-552
-517
-507
-530
-564
-579
-563
-518
-460
-407
-367
-326
-271
-211
-164
-139
-123
-97
-47
25
88
119
123
144
201
271
321
354
395
450
490
498
491
497
521
539
528
498
478
481
486
464
416
376
362
359
333
276
203
136
84
45
3
-59
-132
-190
-218
-237
-274
-329
-376
-402
-422
-451
-479
-491
-491
-501
-532
-571
-592
-586
-564
-543
-527
-507
-471
-420
-368
-327
-294
-259
-217
-175
-136
-94
-45
11
70
130
183
223
249
278
324
383
431
459
479
506
533
551
563
579
599
616
616
594
555
521
506
502
481
428
366
317
284
243
187
127
71
14
-48
-106
-153
-192
-233
-278
-322
-360
-392
-424
-463
-506
-545
-568
-582
-593
-602
-598
-585
-575
-579
-583
-568
-525
-472
-425
-387
-346
-297
-248
-208
-176
-135
-80
-19
39
89
133
175
221
271
324
369
398
420
449
493
540
569
576
578
588
602
600
571
523
481
455
440
423
395
360
320
273
223
174
131
89
42
-16
-75
-127
-176
-230
-290
-342
-379
-403
-429
-461
-492
-514
-526
-535
-548
-560
-559
-540
-510
-491
-488
-487
-471
-437
-397
-357
-314
-264
-210
-158
-107
-55
0
52
95
134
184
249
319
373
405
429
456
484
503
515
532
560
590
607
602
582
560
543
525
499
464
424
387
356
328
293
252
212
181
153
115
57
-13
-77
-125
-164
-207
-256
-307
-349
-380
-402
-419
-436
-456
-474
-484
-485
-479
-476
-478
-479
-474
-458
-434
-403
-365
-325
-290
-262
-234
-197
-152
-111
-79
-46
0
54
98
126
147
175
214
248
267
277
295
327
364
398
420
429
428
419
407
395
382
365
342
319
298
274
248
223
194
158
110
60
23
6
-11
-44
-89
-131
-157
-186
-232
-288
-326
-335
-334
-344
-368
-391
-400
-405
-412
-413
-399
-376
-360
-348
-326
-286
-247
-239
-259
-276
-261
-220
-176
-141
-107
-69
-31
2
38
85
134
165
175
186
215
254
280
292
307
334
362
367
355
349
361
371
365
350
347
355
349
317
278
258
252
229
181
129
105
104
97
68
28
-3
-33
-79
-138
-183
-196
-190
-196
-222
-248
-259
-263
-274
-296
-312
-313
-308
-303
-297
-280
-258
-245
-250
-256
-245
-213
-173
-139
-113
-89
-73
-67
-61
-34
18
74
108
117
123
153
199
227
219
189
177
203
246
269
250
206
173
172
195
218
218
193
155
124
112
112
113
103
77
43
11
-16
-36
-53
-68
-87
-112
-141
-164
-175
-176
-184
-206
-235
-251
-243
-221
-204
-202
-206
-205
-191
-174
-165
-167
-175
-174
-155
-119
-81
-53
-41
-36
-31
-19
-3
12
27
46
68
91
113
138
163
181
186
186
198
225
253
264
254
237
227
227
225
213
194
177
168
168
165
155
135
107
77
49
24
4
-10
-17
-18
-23
-39
-68
-103
-134
-162
-185
-205
-219
-220
-212
-199
-189
-189
-198
-210
-217
-209
-191
-172
-158
-147
-132
-109
-84
-61
-40
-21
-3
11
21
33
54
79
100
113
118
125
136
152
168
182
189
194
196
203
215
221
211
186
156
137
129
128
120
107
90
79
74
65
49
25
0
-15
-18
-23
-42
-81
-128
-163
-180
-188
-197
-210
-220
-220
-216
-218
-226
-231
-226
-217
-212
-214
-213
-196
-170
-148
-143
-143
-133
-101
-57
-20
-3
-2
-1
11
36
64
83
87
83
84
100
128
156
178
196
217
234
235
219
199
195
207
211
190
156
137
145
162
159
129
93
73
67
59
39
14
-2
-9
-13
-21
-28
-32
-35
-42
-55
-68
-83
-98
-110
-110
-105
-103
-114
-133
-145
-150
-155
-166
-167
-142
-100
-69
-72
-98
-113
-101
-71
-48
-40
-38
-26
-10
3
10
20
40
61
71
66
56
57
74
102
123
122
105
88
91
114
132
128
110
104
124
153
159
128
84
63
74
99
108
87
49
11
-19
-43
-57
-59
-49
-32
-24
-34
-57
-85
-102
-108
-111
-120
-136
-148
-151
-148
-145
-149
-151
-143
-127
-117
-121
-135
-141
-127
-98
-75
-70
-77
-74
-47
-2
33
39
19
-2
-2
21
48
61
59
56
65
91
118
130
125
111
104
111
131
147
148
130
105
90
93
106
109
93
65
44
44
58
69
56
25
-4
-11
6
28
30
7
-25
-46
-43
-26
-19
-34
-67
-98
-111
-100
-76
-60
-65
-86
-102
-102
-87
-74
-80
-105
-131
-133
-105
-63
-36
-38
-58
-71
-59
-28
2
13
8
6
22
51
77
84
71
56
55
71
91
98
89
77
81
110
150
178
175
147
117
109
126
147
146
113
71
50
63
92
101
70
15
-24
-23
9
35
25
-19
-65
-83
-68
-46
-45
-70
-100
-110
-91
-57
-38
-49
-85
-122
-137
-120
-85
-61
-74
-117
-160
-165
-120
-55
-15
-30
-78
-108
-85
-26
16
2
-57
-101
-80
-2
71
83
29
-34
-44
13
88
123
95
44
26
64
129
168
148
88
36
31
75
129
150
124
73
39
49
92
129
115
52
-19
-44
-5
57
79
26
-72
-141
-131
-63
-11
-32
-116
-192
-193
-121
-47
-44
-124
-220
-251
-191
-95
-43
-77
-163
-223
-203
-117
-36
-22
-80
-151
-166
-102
0
63
44
-33
-87
-54
57
165
186
107
4
-24
60
192
260
207
82
2
46
185
303
305
195
76
55
144
258
291
209
80
8
42
138
200
169
67
-21
-29
42
115
115
22
-104
-174
-144
-52
14
-13
-116
-211
-214
-123
-17
4
-92
-230
-300
-247
-124
-48
-91
-220
-318
-294
-159
-23
7
-78
-189
-216
-129
-2
55
-2
-116
-176
-120
11
114
111
17
-68
-55
61
195
244
177
62
5
59
180
261
229
109
7
18
142
286
336
262
131
55
86
180
235
186
65
-28
-15
88
185
186
80
