60
78
-26
-94
-32
50
20
-66
-62
24
45
-42
-98
-22
79
60
-31
-32
68
101
-5
-98
-34
87
70
-67
-120
-20
67
10
-81
-40
74
76
-42
-93
3
90
35
-61
-31
80
91
-22
-85
-5
88
58
-24
-10
82
97
4
-63
-16
50
26
-40
-30
40
56
-7
-44
9
66
28
-63
-85
-25
18
-11
-42
-10
40
33
-5
4
49
34
-46
-76
8
96
60
-46
-58
35
74
-11
-80
-10
96
58
-78
-99
34
117
18
-104
-61
66
59
-77
-123
-3
89
13
-94
-42
90
91
-37
-81
38
132
56
-68
-52
55
62
-39
-71
29
106
39
-60
-28
82
86
-28
-88
-5
81
25
-97
-110
-8
42
-28
-95
-37
70
78
-16
-71
-27
19
-13
-55
-6
93
119
56
14
51
89
55
3
20
70
60
-6
-32
18
62
45
28
64
103
73
27
54
125
118
20
-38
11
70
36
-29
-7
70
79
13
1
79
118
33
-61
-29
61
43
-71
-106
-9
56
-31
-139
-95
45
76
-26
-79
7
90
28
-75
-49
63
65
-64
-123
-8
113
59
-77
-79
45
82
-35
-117
-28
82
13
-154
-172
-19
73
-13
-101
-22
108
79
-62
-82
58
130
11
-113
-51
91
75
-69
-98
47
141
37
-99
-52
90
86
-67
-129
-10
82
-13
-145
-94
71
96
-51
-133
-18
110
59
-69
-52
87
117
-22
-119
-28
98
56
-83
-97
31
88
-16
-109
-41
67
28
-100
-104
34
97
-23
-145
-84
63
75
-48
-104
-25
32
-39
-115
-61
32
-16
-162
-197
-71
21
-58
-179
-152
-29
-3
-95
-134
-44
30
-35
-136
-107
11
37
-61
-128
-74
-9
-45
-108
-71
20
7
-111
-155
-43
77
41
-78
-95
3
52
-9
-59
-7
45
-21
-119
-80
73
146
57
-37
-1
87
74
-11
-19
60
83
-5
-69
-1
100
80
-23
-45
42
96
44
-4
55
130
88
-29
-52
41
97
29
-47
3
113
125
35
-11
42
89
40
-26
-5
61
51
-42
-88
-33
26
-2
-59
-47
13
15
-54
-85
-20
47
12
-73
-75
13
67
26
-22
5
54
36
-24
-27
23
23
-53
-97
-36
46
34
-46
-68
1
61
40
-3
18
77
76
8
-31
14
66
49
4
19
76
76
6
-21
45
109
68
-23
-39
25
56
2
-57
-44
2
1
-43
-51
-4
31
8
-23
5
66
68
0
-36
20
89
65
-18
-41
13
40
-10
-56
-20
42
36
-21
-37
11
47
26
-1
27
78
75
18
-12
30
79
49
-30
-48
16
62
23
-32
-14
37
21
-45
-47
34
85
37
-34
-32
18
27
-10
-17
31
68
37
-18
-18
37
61
6
-54
-28
52
75
19
-14
30
71
36
-13
17
89
91
28
1
43
68
22
-28
-11
42
51
9
-16
18
64
53
-12
-48
-11
42
34
-16
-25
17
36
7
-2
34
41
-26
-85
-47
32
40
-28
-75
-54
-21
-27
-56
-69
-58
-41
-38
-51
-58
-34
6
22
9
-2
-6
-29
-55
-44
-2
9
-22
-27
29
78
60
10
-3
17
30
24
12
-6
-18
0
35
42
17
12
34
30
-10
-27
3
24
-5
-42
-49
-58
-94
-117
-82
-23
2
-13
-40
-54
-51
-31
-20
-36
-51
-39
-36
-84
-132
-105
-34
-25
-72
-76
-27
-19
-75
-93
-29
17
-27
-83
-61
3
13
-32
-59
-36
2
19
6
-13
-4
27
34
8
5
42
38
-52
-123
-73
21
10
-76
-82
2
28
-43
-74
8
88
57
-23
-47
-22
-14
-28
-26
-11
-8
-22
-40
-38
-8
16
-23
-100
-112
-29
29
-25
-93
-55
23
3
-73
-61
27
38
-47
-88
-28
21
-17
-71
-63
-30
-29
-44
-42
-27
-11
3
5
-3
16
62
70
12
-30
1
38
10
-17
37
97
59
-18
-4
72
83
25
8
54
72
44
40
75
85
53
31
33
31
31
56
71
46
27
62
100
82
55
78
104
69
24
44
84
69
38
69
114
87
21
11
51
72
73
91
92
36
-16
5
43
22
-16
8
57
51
15
17
41
38
37
73
87
28
-30
-8
40
25
-24
-28
5
15
12
21
10
-31
-31
35
71
12
-53
-35
4
-17
-56
-41
-16
-40
-63
-27
11
-12
-43
-18
9
-25
-69
-49
-11
-18
-40
-28
-17
-42
-54
-17
7
-23
-46
-18
4
-22
-36
2
24
-7
-22
20
46
13
0
57
98
63
23
41
52
1
-42
-12
25
6
-21
1
20
-9
-29
10
50
33
5
10
19
3
-1
20
16
-14
-5
39
37
-14
-19
34
36
-33
-59
-3
21
-39
-78
-26
22
-9
-48
-16
27
6
-36
-35
-17
-25
-37
-30
-24
-27
-11
16
13
-6
12
42
14
-35
-16
40
16
-66
-66
21
44
-37
-76
2
78
54
6
21
49
20
-24
-16
20
28
8
-18
-41
-43
-10
13
-13
-42
-15
20
-13
-56
-10
74
60
-27
-44
20
31
-36
-49
28
72
22
-16
34
88
57
-19
-57
-45
-17
3
-2
-32
-50
-27
-8
-30
-39
12
53
9
-53
-29
29
2
-69
-50
40
58
-16
-47
13
59
30
-5
6
12
-20
-48
-38
-23
-23
-22
-13
-12
-9
7
3
-28
-32
16
33
-37
-103
-61
16
2
-79
-98
-49
-31
-59
-62
-33
-46
-99
-102
-42
2
-12
-50
-81
-105
-105
-64
-21
-23
-49
-58
-67
-96
-96
-34
23
2
-54
-66
-49
-58
-61
-14
25
-17
-82
-58
38
93
71
31
8
-7
2
48
83
59
13
8
23
11
-7
9
28
6
-21
8
62
78
67
72
78
54
38
73
112
93
37
9
7
-3
-1
40
75
51
8
12
47
62
57
65
66
36
13
36
66
51
12
5
20
17
3
5
11
-2
-12
-1
11
3
-2
10
6
-27
-36
3
37
18
-16
-12
10
13
10
20
17
-18
-41
-17
14
4
-31
-47
-44
-42
-37
-19
-10
-21
-28
-20
-22
-38
-36
-7
3
-25
-42
-13
28
46
51
51
30
-7
-17
12
32
6
-27
-24
4
27
41
50
41
21
16
26
20
-6
-14
12
32
23
11
22
31
16
-7
-13
-6
-2
-2
-5
-24
-42
-37
-9
7
-2
-8
7
24
21
12
13
15
9
8
12
11
-2
-3
17
33
21
-1
2
24
34
21
6
13
29
25
3
-12
-1
20
22
2
-17
-21
-17
-14
-9
5
11
-1
-23
-30
-18
-10
-23
-42
-37
-4
22
11
-27
-51
-47
-32
-21
-10
0
0
-15
-22
-9
2
-9
-31
-34
-16
-11
-30
-46
-39
-25
-34
-61
-72
-47
-10
10
5
-4
-9
-20
-27
-12
20
32
5
-22
-12
20
30
10
-11
-11
0
9
6
-4
-9
9
46
69
63
47
43
48
52
58
63
56
46
57
81
68
15
-15
19
69
64
20
-1
15
33
35
33
29
20
21
36
30
-20
-73
-74
-27
8
2
-18
-23
-10
15
34
29
4
-11
-5
-10
-48
-90
-99
-76
-50
-28
-2
19
20
3
-14
-26
-29
-11
22
30
-12
-74
-105
-87
-43
-3
14
12
10
26
51
52
25
1
0
12
16
7
-4
-11
-5
13
26
13
-12
-14
4
14
7
14
44
61
40
-1
-25
-22
-4
12
13
-4
-22
-19
-1
4
-8
-10
0
0
-21
-31
-10
25
39
19
-16
-37
-24
16
45
30
-12
-33
-19
-9
-22
-33
-19
4
12
8
3
-4
-11
-7
8
13
-2
-14
-2
11
0
-20
-17
9
31
31
16
-5
-26
-32
-14
9
15
3
-10
-17
-11
15
48
62
37
-3
-22
-20
-11
7
44
78
75
43
25
41
62
58
39
30
29
26
26
34
39
27
9
9
27
39
26
-2
-13
-3
3
-18
-55
-73
-60
-38
-34
-46
-52
-49
-46
-47
-48
-43
-31
-23
-30
-48
-57
-50
-41
-48
-60
-54
-39
-38
-50
-52
-40
-34
-29
-12
0
-22
-62
-66
-36
-37
-84
-112
-81
-37
-43
-77
-78
-40
-2
8
-6
-37
-71
-76
-50
-30
-34
-37
-16
0
-18
-42
-36
-13
-7
-9
9
37
47
48
64
80
57
9
-12
10
37
43
48
70
87
78
54
41
47
54
50
42
36
28
18
18
40
71
81
57
26
15
21
22
14
5
-1
-6
-7
-5
-16
-38
-45
-19
17
30
22
13
5
-3
4
26
30
2
-13
20
60
54
22
22
45
41
6
-13
-4
-3
-19
-15
14
36
39
49
62
39
-13
-38
-12
18
14
6
23
46
39
8
-16
-21
-15
2
22
26
12
2
4
-3
-23
-28
0
28
19
-9
-9
27
58
50
14
-13
-13
2
13
7
-19
-49
-55
-27
7
8
-28
-60
-55
-33
-31
-46
-46
-32
-33
-54
-61
-33
7
27
33
37
38
30
18
8
-9
-29
-27
6
44
53
27
-3
-17
-9
11
25
21
6
1
6
0
-27
-43
-22
15
31
20
11
13
15
14
23
43
47
20
-21
-39
-30
-13
-4
-1
0
1
0
0
4
13
21
22
14
4
5
25
44
39
10
-18
-17
5
26
33
33
25
3
-22
-27
-4
28
35
8
-36
-66
-60
-27
0
0
-10
-2
21
24
-5
-37
-37
-15
-6
-30
-64
-75
-53
-22
-18
-44
-70
-60
-20
5
-9
-39
-44
-22
-3
-8
-24
-30
-21
-4
10
17
9
-11
-35
-44
-35
-16
-5
-6
-18
-31
-34
-19
5
28
32
16
-11
-24
-8
27
50
40
16
2
-2
-6
-14
-18
-25
-49
-72
-71
-52
-45
-61
-69
-50
-28
-23
-28
-23
-12
-14
-32
-58
-67
-47
-7
23
16
-17
-39
-33
-15
-8
-18
-44
-72
-78
-48
-14
-14
-46
-66
-53
-30
-27
-40
-48
-38
-16
10
19
0
-30
-48
-46
-34
-22
-13
-11
-20
-25
-19
-11
-8
0
17
27
18
2
-3
4
10
20
28
22
9
14
44
66
64
58
70
78
61
40
36
34
14
-4
-1
11
16
22
35
33
14
13
46
81
79
60
53
52
38
23
23
22
10
3
17
32
33
35
50
56
43
40
66
90
87
66
56
52
49
58
81
100
95
77
60
47
37
36
40
34
24
30
46
48
39
42
56
51
26
18
41
66
65
47
34
30
27
24
15
-3
-16
-12
-2
-5
-10
4
24
23
2
-8
7
27
29
17
-3
-22
-32
-19
0
3
-14
-33
-35
-19
6
28
36
25
7
-1
7
22
24
3
-26
-33
-15
8
12
-2
-22
-36
-33
-6
27
37
14
-11
-10
-3
-16
-43
-51
-33
-15
-13
-20
-29
-30
-21
-6
-10
-37
-54
-29
23
61
64
42
25
34
65
81
53
6
-9
16
37
26
10
15
30
37
42
45
37
18
18
40
45
18
0
18
32
-1
-57
-76
-51
-23
-9
2
18
23
17
5
-12
-35
-39
-7
30
18
-41
-83
-71
-36
-25
-37
-43
-36
-33
-36
-33
-25
-25
-36
-40
-31
-26
-32
-37
-33
-29
-33
-32
-17
-2
-3
-13
-12
2
14
13
2
-8
-9
-5
-6
-14
-18
-9
-6
-23
-46
-45
-23
-4
-3
-15
-32
-44
-33
1
17
-8
-45
-46
-22
-18
-35
-39
-31
-48
-82
-91
-63
-36
-37
-44
-36
-33
-47
-61
-54
-34
-18
-13
-22
-44
-59
-54
-44
-49
-65
-65
-48
-30
-16
-5
-3
-8
-7
9
16
-4
-32
-42
-40
-43
-42
-21
-1
-2
-9
2
20
23
14
10
10
8
14
30
36
21
11
22
37
31
22
28
37
32
31
41
45
26
13
33
66
76
61
48
47
55
62
59
40
11
2
17
38
46
50
60
61
45
32
44
65
74
63
44
26
14
7
5
8
20
41
58
62
52
38
27
23
30
41
38
23
17
29
39
30
13
3
0
-4
-1
7
3
-10
-3
31
53
37
5
4
27
36
24
15
24
25
10
-3
4
24
34
31
24
19
7
-7
-16
-17
-17
-25
-24
-5
20
28
18
10
11
4
-19
-39
-34
-16
-8
-5
3
14
16
13
11
13
17
25
36
41
29
14
10
15
17
16
21
24
22
16
12
11
11
13
17
17
9
-8
-25
-33
-26
-16
-13
-22
-31
-28
-21
-20
-23
-19
-16
-25
-44
-53
-46
-38
-43
-57
-70
-75
-73
-62
-42
-22
-13
-14
-19
-29
-48
-69
-75
-60
-39
-32
-37
-36
-25
-15
-10
-8
-8
-13
-16
-8
8
22
27
32
36
34
32
39
40
22
0
0
22
35
28
17
14
6
-13
-29
-37
-41
-48
-53
-61
-72
-71
-45
-17
-12
-17
-4
15
9
-12
-12
7
6
-20
-35
-32
-36
-51
-45
-16
-4
-24
-46
-41
-28
-31
-45
-57
-66
-65
-48
-23
-18
-32
-35
-16
4
12
14
20
22
11
-4
-19
-28
-28
-25
-23
-25
-16
5
8
-12
-26
-5
26
20
-17
-42
-32
-4
16
13
-6
-22
-16
7
12
-16
-39
-27
-1
1
-20
-28
-22
-26
-42
-41
-18
3
-2
-27
-50
-59
-44
-3
38
46
15
-19
-24
-4
15
25
23
9
-15
-33
-27
-5
-2
-25
-44
-33
-6
5
3
11
33
48
41
27
26
37
43
29
1
-16
0
48
84
76
34
7
17
53
85
99
84
48
16
20
50
70
58
33
20
17
17
30
58
74
53
11
-5
22
63
80
71
60
64
73
71
53
30
13
6
4
7
13
18
13
-6
-22
-14
20
55
59
27
-12
-27
-14
12
28
23
6
-6
-2
8
7
-1
-1
11
20
21
22
28
29
14
-13
-35
-37
-29
-24
-35
-54
-61
-40
-12
-3
-14
-23
-20
-13
-10
-13
-21
-39
-60
-62
-44
-27
-19
-6
17
28
14
-6
-10
-3
-10
-39
-66
-73
-60
-44
-34
-33
-31
-23
-13
-9
-13
-17
-12
-2
-2
-8
-13
-9
-5
-8
-16
-19
-8
9
20
21
14
5
-2
3
18
32
26
0
-25
-24
-5
7
0
-10
-5
8
8
-12
-36
-40
-21
1
8
-1
-9
-8
0
4
-2
-9
-3
17
34
33
23
16
8
-9
-23
-11
12
8
-30
-62
-57
-25
6
29
44
46
30
19
29
50
52
32
15
18
32
51
63
53
20
-12
-12
10
16
-2
-15
-2
23
30
19
5
-3
-11
-14
-12
0
22
42
41
7
-34
-40
-11
8
-7
-27
-12
18
20
-10
-26
-8
20
24
6
-9
-6
11
27
24
-4
-44
-70
-72
-64
-59
-52
-43
-33
-24
-14
-10
-23
-48
-56
-40
-29
-52
-94
-109
-83
-43
-18
-15
-17
-15
-10
-11
-21
-42
-61
-64
-55
-54
-78
-106
-109
-77
-34
-9
-2
10
27
32
11
-1
27
78
93
45
-30
-76
-73
-38
-1
20
15
-1
0
28
51
42
22
29
62
85
79
63
58
58
55
62
79
90
82
64
44
28
21
45
90
110
77
33
28
53
67
62
65
74
59
16
-13
-8
7
3
-9
-8
4
14
26
42
43
25
15
38
71
78
57
37
31
30
28
29
30
25
19
23
31
26
9
-1
0
-8
-28
-46
-50
-52
-60
-71
-72
-66
-54
-36
-20
-23
-37
-40
-22
3
15
23
28
29
21
12
14
16
12
6
13
26
27
15
1
-4
2
14
28
34
28
16
7
0
-5
-7
-4
-4
-6
-6
4
19
35
44
39
21
6
12
34
47
33
8
-3
3
18
26
24
19
21
35
53
49
18
-14
-27
-19
-11
-19
-35
-45
-46
-43
-43
-48
-53
-54
-47
-39
-40
-50
-60
-59
-51
-48
-42
-24
-9
-20
-48
-56
-38
-36
-75
-117
-110
-68
-41
-45
-53
-45
-34
-32
-24
-10
-1
-10
-33
-56
-72
-73
-57
-41
-42
-52
-50
-35
-24
-28
-39
-42
-38
-30
-25
-25
-30
-25
-3
16
15
0
-6
3
14
18
23
30
29
21
25
50
76
76
55
39
43
51
48
36
29
31
37
39
34
25
22
26
22
3
-12
2
31
36
15
6
27
49
42
20
9
3
-12
-26
-20
-11
-18
-30
-28
-21
-22
-21
-1
21
17
2
1
9
2
-15
-21
-22
-38
-63
-71
-60
-48
-35
-20
-15
-30
-52
-59
-53
-50
-53
-54
-55
-56
-47
-29
-18
-23
-28
-22
-20
-27
-29
-19
-17
-35
-51
-49
-39
-42
-49
-50
-49
-47
-35
-19
-19
-28
-19
10
22
-1
-25
-21
-7
-8
-21
-28
-29
-23
1
33
47
41
45
63
63
32
10
33
69
74
56
52
66
69
55
50
70
92
90
66
43
37
45
51
55
59
63
60
48
43
60
81
86
72
55
43
30
23
32
56
81
94
91
73
54
49
63
78
77
58
35
17
11
24
50
59
38
4
-7
14
47
67
68
55
41
34
41
55
61
52
35
21
14
9
5
12
34
51
43
20
10
24
36
30
16
10
8
7
20
48
57
24
-26
-43
-19
13
20
5
-13
-16
-1
22
33
29
25
31
36
28
19
18
7
-22
-45
-34
-1
25
28
18
1
-17
-13
19
44
30
-14
-44
-46
-42
-41
-28
-11
-16
-43
-53
-29
1
7
-4
-6
-3
-11
-30
-46
-48
-45
-44
-46
-41
-26
-13
-21
-47
-63
-55
-40
-37
-29
-7
4
-19
-47
-38
3
22
3
-19
-16
-4
-6
-12
-10
-7
-19
-40
-50
-39
-19
-3
2
3
12
26
26
7
-17
-24
-16
-3
7
5
-13
-34
-32
-11
-6
-29
-43
-27
-10
-23
-45
-45
-39
-51
-65
-54
-39
-48
-60
-39
-9
-9
-25
-20
-11
-28
-50
-44
-37
-58
-68
-24
11
-38
-119
-118
-40
0
-33
-55
-17
24
26
16
15
0
-28
-24
12
24
-6
-32
-27
-20
-28
-24
-2
-3
-41
-75
-67
-33
-2
19
34
34
24
18
22
22
19
22
23
15
-1
-6
9
38
71
90
77
36
-7
-21
-9
13
31
49
65
66
45
22
32
71
79
25
-42
-37
38
107
110
66
0
-75
-129
-111
-38
-2
-40
-73
-26
44
44
0
12
79
91
16
-57
-58
-38
-50
-62
-37
-21
-53
-70
-16
52
40
-22
-31
33
89
105
113
103
25
-96
-155
-123
-85
-80
-43
46
83
14
-56
-35
7
-11
-34
4
39
13
4
68
87
-32
-178
-202
-141
-97
-55
11
3
-134
-252
-217
-101
-41
-29
-28
-91
-237
-333
-252
-32
218
419
477
349
163
104
151
136
56
48
77
-34
-215
-166
143
355
286
224
434
687
650
476
520
665
511
178
220
612
572
-213
-938
-811
-184
120
46
91
290
366
476
869
1130
736
112
60
403
307
-216
-336
103
342
56
-237
-227
-231
-338
-207
63
-99
-632
-688
39
715
550
-162
-624
-566
-233
147
461
582
509
464
590
707
557
149
-289
-589
-679
-463
36
439
305
-213
-419
-27
460
664
923
1337
1126
-91
-1188
-1034
-275
-106
-212
83
-340
-2740
-5383
-5216
-2495
-484
-546
-1006
-1104
-2041
-3393
-2698
48
1589
724
189
1340
1477
-892
-2593
-935
1634
1805
663
639
610
-1325
-3097
-1732
1032
1327
-237
43
1962
1580
-1536
-2951
-505
2370
2569
1798
2289
2314
-68
-2202
-561
2899
3295
641
-465
1104
1287
-1488
-3012
-628
1828
682
-1123
351
2418
455
-3187
-2581
1510
2917
722
70
1988
1399
-2767
-4364
-498
2985
1240
-1813
-1214
318
-1650
-4248
-2175
2390
3035
-158
-1393
603
1358
-269
79
3664
5478
2695
-236
988
3617
3186
1153
1508
3216
2330
-456
-869
1155
1323
-1162
-2090
42
1161
-1104
-3200
-2059
-283
-900
-1874
-571
714
-968
-3194
-2141
503
572
-1200
-1038
640
304
-1719
-1814
111
651
-516
-307
1418
1309
-1005
-1858
-28
1324
573
142
1328
1703
-146
-1768
-1134
165
307
242
895
718
-1365
-3264
-2639
-475
655
223
-531
-1064
-1620
-1796
-973
267
667
86
-378
-23
616
708
250
-91
77
520
891
1099
1021
429
-395
-581
178
937
728
-44
-309
53
326
216
-43
-432
-906
-868
6
780
298
-1099
-2013
-1856
-1215
-679
-411
-619
-1376
-2093
-2061
-1420
-883
-743
-757
-760
-752
-661
-437
-189
51
337
519
410
256
437
789
915
926
1119
1190
766
366
753
1573
1856
1576
1479
1598
1329
834
966
1781
2391
2334
1929
1324
432
-227
183
1454
2248
1645
114
-1143
-1297
-395
745
1174
667
-142
-549
-369
224
899
1170
822
360
388
695
667
394
400
517
102
-748
-1268
-1238
-1102
-1066
-1066
-1397
-2278
-3072
-2974
-2198
-1570
-1338
-1343
-1690
-2263
-2260
-1340
-475
-548
-949
-728
-219
-235
-590
-741
-939
-1376
-1235
-98
700
-187
-1892
-2487
-1673
-702
-264
-81
-109
-579
-1078
-923
-297
58
54
191
519
578
264
-20
-6
190
359
434
514
757
1093
1156
839
678
1205
2140
2798
3015
3116
3273
3516
4004
4701
5144
5134
5126
5447
5750
5760
5813
6018
5819
5099
4728
5212
5783
5643
5086
4576
3914
3220
3395
4464
4858
3712
2488
2740
3578
3217
1952
1476
2028
2310
1814
1166
457
-723
-1708
-1345
-334
-832
-3169
-5002
-4669
-3534
-3736
-5174
-6330
-6844
-7408
-7891
-7536
-6767
-6965
-8349
-9670
-10182
-10304
-10204
-9457
-8631
-9306
-11617
-13450
-13194
-11815
-11028
-10973
-11047
-11506
-12533
-12977
-11865
-10215
-9553
-9577
-9039
-8028
-7418
-6902
-5664
-4255
-3665
-3185
-1498
619
1258
808
1624
4088
5796
5442
4905
6191
8489
9838
9990
9950
10014
10055
10724
12473
14029
13767
12362
12132
13605
14741
14207
13408
13917
14724
14105
12883
13211
14648
14441
12026
10235
11012
12615
12654
11458
10506
9746
8756
8578
9845
10781
9768
8381
8884
10124
9327
7004
6334
7954
9060
7946
6031
4791
3861
2889
2385
1880
27
-2694
-4102
-3927
-4537
-7153
-10119
-11886
-12916
-13604
-13376
-13099
-15127
-19251
-21851
-21078
-19651
-20240
-21499
-21511
-21700
-23683
-25289
-23919
-21331
-20665
-21013
-19794
-18325
-19331
-20541
-17347
-11320
-9083
-11924
-13571
-10116
-5328
-3341
-2766
-1743
-2287
-4767
-4183
1951
7215
4803
-1711
-3630
35
3063
3016
3039
3588
1419
-2469
-2629
1296
3077
436
-1116
1491
3074
-250
-3303
-302
5141
5964
2869
1774
3703
5193
6084
8718
11116
9391
6194
8193
14781
17871
14412
10757
12018
15127
16084
16486
18114
17975
14402
12101
14932
18767
18035
14835
14554
16401
15923
13898
14578
17071
16732
14019
13753
15939
15752
13014
12977
16246
16708
12168
8658
10408
13332
12859
10794
9444
6315
736
-1304
3623
8298
4229
-5511
-11277
-10788
-9264
-9023
-8644
-10268
-17249
-25141
-25511
-19535
-17435
-22727
-27541
-26657
-25300
-27957
-29777
-26217
-22327
-24115
-27908
-27111
-23346
-21683
-20391
-15597
-11402
-13943
-18483
-14668
-3621
2673
-251
-3793
-1519
2223
3170
4963
9822
11842
7372
3220
5855
10254
8840
4675
5144
8064
5836
-99
-1219
3118
4752
1025
-1686
-446
-317
-3250
-3523
803
2295
-3391
-8714
-5998
-106
-201
-5047
-6627
-3997
-2965
-4489
-3940
-1130
-917
-3235
-2293
2594
4850
2175
1124
5798
10460
9274
6070
7349
11383
12161
9978
9870
11999
11821
8899
7870
10219
11935
10620
8997
9428
10255
9892
10069
12236
14391
14348
13379
13825
15275
15859
15758
16684
18477
18651
15868
12486
12349
15767
17872
13948
6241
2397
5716
10256
8543
1203
-5012
-6377
-4754
-2913
-2655
-6156
-13207
-18017
-15479
-10224
-11688
-19692
-24015
-20576
-17856
-22253
-27188
-24809
-19789
-21121
-26728
-27767
-23786
-21497
-21378
-18332
-14311
-16377
-21422
-17549
-4209
3680
-1848
-9111
-5459
4034
7857
6975
8768
10907
6913
1884
6002
15256
15558
5790
-144
3690
7091
3288
59
3339
5018
-1925
-8952
-5684
2084
2124
-4193
-6402
-3895
-4735
-8645
-7267
-1275
-1412
-9834
-15105
-10653
-4849
-6055
-9779
-9083
-7143
-9411
-11744
-7588
-885
-329
-4668
-5090
3
3692
3350
3832
6954
8028
5493
4703
8429
11615
10039
7145
7415
9107
8894
8323
9993
11802
10851
9455
11409
15202
16747
16407
17536
19998
21016
21017
22764
25523
25874
23913
23123
24285
24871
24319
24160
23091
18402
12912
13121
18477
19851
12316
2728
-113
3001
5289
3849
-58
-5922
-12363
-14421
-9967
-6007
-10649
-20669
-25590
-23116
-21066
-23552
-25502
-23847
-23923
-29169
-32768
-29482
-22580
-20895
-23927
-25041
-23063
-21664
-19920
-13785
-6296
-5594
-11235
-12709
-5051
3565
4817
1990
2099
4081
3421
2451
6023
10667
8726
1794
-630
3663
6274
2456
-1574
-187
2096
-688
-5237
-5143
-2150
-2414
-5361
-5520
-3331
-4421
-8585
-9188
-5043
-3409
-7898
-12141
-10472
-7060
-7915
-10406
-8732
-4990
-5718
-10002
-10327
-4837
-24
-58
-1432
-494
1080
1652
3701
8149
10406
7399
3836
5623
10662
12442
10135
8567
9622
10428
9932
10780
13549
14924
13547
12713
14948
18167
19702
20268
21283
21825
21215
21472
23985
26335
25648
22978
21311
21248
21563
21868
21640
18948
13758
10273
11711
14545
12659
6052
480
-868
-264
-336
-1469
-4488
-10195
-15360
-15159
-11229
-11137
-17385
-23371
-23747
-22175
-23760
-26165
-25053
-23105
-25371
-29268
-28187
-23030
-20978
-23349
-24040
-20765
-18309
-18471
-16346
-10476
-7438
-10668
-13073
-8040
-629
725
-2269
-2084
1243
1743
-88
1985
7147
7098
548
-2956
2014
7864
6052
-334
-3279
-2158
-1278
-783
1174
1284
-4265
-10403
-8410
-6
3591
-1962
-8188
-7274
-2701
-1512
-3430
-4135
-3761
-4967
-6246
-4370
-1314
-1772
-4890
-5243
-1964
-142
-1931
-2775
777
5099
5258
2612
2109
4754
7361
8204
8493
8829
8348
7599
8553
10927
11799
10215
9170
11085
13913
14277
12736
12826
15635
18427
18896
18111
18238
19511
20893
22127
23402
24001
23099
21495
20971
21976
23183
23226
21647
18499
14641
12319
13276
15617
14689
8591
1222
-1964
-273
1912
423
-4819
-10712
-13986
-13491
-11187
-10913
-14671
-20169
-23434
-23487
-22635
-22617
-23023
-23660
-25408
-27670
-27850
-25158
-22516
-22563
-23893
-23583
-21528
-19483
-17594
-15069
-13002
-12910
-13177
-10810
-6527
-4137
-4551
-4559
-2447
-523
-348
189
2398
3526
1559
-303
1532
4529
3551
-828
-3110
-1441
225
-911
-2834
-3508
-4218
-5702
-5569
-2808
-880
-2560
-5021
-4277
-1767
-1595
-3316
-3008
-674
-606
-3755
-5444
-2805
468
-60
-2941
-3806
-2013
-179
923
2607
4388
4266
2941
3634
6879
9241
8686
7726
9023
10957
10671
9182
9699
12023
12721
10887
9745
11390
13540
13572
12790
13785
15782
16116
15111
15692
18344
20211
19878
19476
20669
21892
21655
21507
22900
23771
21799
19044
19061
20652
19278
14593
11476
12330
13195
10014
4630
1294
472
-180
-1366
-2655
-5263
-9884
-13376
-12421
-9735
-11429
-17994
-23186
-23046
-20915
-21334
-23757
-25480
-26664
-28428
-29142
-27062
-24442
-24628
-26571
-26527
-24102
-22101
-21093
-18948
-15841
-14732
-15806
-15152
-10896
-6503
-5482
-6380
-5908
-3912
-2073
-335
1835
2791
1111
-824
394
3728
4835
2397
-430
-1055
-334
178
382
71
-1566
-3532
-3138
-241
1486
-414
-3371
-3530
-1208
228
-562
-1926
-2494
-2534
-2336
-1769
-1468
-2244
-3253
-2827
-1187
-213
-311
202
2044
3600
3671
3523
4785
6842
7955
7900
7939
8804
10078
11160
11751
11705
11312
11362
12198
13134
13517
13741
14373
14988
14949
14802
15630
17273
18404
18381
17982
18240
19405
21001
22161
22063
20887
20071
20627
21537
21067
19323
17944
17281
15861
13142
10794
10075
9637
7440
3717
456
-1286
-2075
-2830
-4337
-7343
-11477
-14578
-14984
-14218
-15452
-19266
-23007
-24664
-25152
-25938
-26713
-26878
-27429
-29259
-30883
-30149
-27585
-25868
-26162
-26950
-26556
-24890
-22454
-19557
-17098
-16272
-16523
-15440
-11897
-7904
-5949
-5704
-5004
-3146
-1235
156
1588
2973
3285
2557
2385
3555
4651
4103
2477
1468
1534
1774
1588
1144
562
-144
-508
-136
326
-123
-1183
-1514
-798
-297
-910
-1851
-1939
-1309
-971
-1300
-1798
-1959
-1649
-938
-120
403
675
1266
2394
3493
4155
4867
6103
7344
7929
8347
9557
11352
12551
12734
12663
12975
13551
14239
15082
15673
15485
15032
15481
16770
17495
17201
17238
18467
19666
19598
19258
20296
22130
22708
21690
20841
21236
21962
21882
20998
19626
17855
16283
15658
15154
12840
8731
5563
5097
5291
3025
-1530
-5377
-6850
-7242
-8473
-11060
-14458
-17707
-19555
-19541
-19237
-20885
-24428
-27380
-28046
-27399
-27163
-27654
-28356
-29169
-29849
-29428
-27557
-25575
-24942
-25212
-24748
-22874
-20223
-17505
-15181
-13789
-13235
-12142
-9325
-5734
-3474
-2986
-2672
-1376
363
1776
2960
3909
3981
3233
2923
3725
4557
4223
3130
2287
1683
996
832
1621
2117
869
-1221
-1795
-390
987
790
-360
-1279
-1735
-1709
-892
208
128
-1468
-2846
-2457
-1058
-359
-606
-793
-500
-55
607
1839
3263
4100
4431
5075
6296
7564
8598
9675
10847
11671
11958
12133
12642
13470
14350
15076
15553
15836
16133
16578
17142
17871
18845
19758
20045
19797
19931
20971
22174
22513
22017
21451
21146
20913
20701
20447
19637
17966
16144
14961
13828
11517
8319
5971
5039
3839
813
-3156
-5958
-7015
-7697
-9413
-12349
-15728
-18352
-19218
-18653
-18663
-20905
-24369
-26361
-25935
-24987
-25495
-27072
-28100
-28054
-27556
-26980
-26268
-25621
-25205
-24515
-23024
-21153
-19637
-18276
-16385
-14151
-12399
-11145
-9578
-7486
-5567
-4210
-2980
-1555
-221
776
1587
2280
2735
3132
3727
4153
3795
2927
2520
2790
2909
2381
1701
1356
1157
930
942
1184
1110
598
296
533
715
346
-136
-226
-262
-719
-1276
-1385
-1255
-1422
-1754
-1714
-1256
-713
-104
662
1279
1575
2242
3953
5983
6917
6764
7115
8877
11036
12226
12456
12558
12911
13582
14835
16492
17510
17309
16894
17524
18866
19730
20052
20601
21183
20965
20423
21026
22677
23437
22399
21030
20802
21163
20908
20054
19105
17820
16003
14346
13151
11389
8428
5547
4053
2913
216
-3638
-6359
-7182
-7869
-10034
-13188
-15915
-17583
-18384
-18829
-19749
-21749
-24208
-25711
-25908
-26007
-26986
-28298
-28951
-28979
-28975
-28923
-28429
-27672
-27156
-26713
-25683
-23995
-22278
-20829
-19282
-17418
-15560
-13887
-12045
-9871
-7825
-6234
-4686
-2752
-814
510
1343
2236
3212
3912
4414
5030
5469
5150
4340
4066
4670
5313
5153
4338
3606
3461
3939
4601
4660
3730
2541
2235
2831
3127
2328
1022
217
53
-57
-492
-1081
-1451
-1421
-1143
-918
-766
-325
591
1600
2305
2960
4066
5532
6800
7674
8504
9607
10944
12254
13208
13659
13989
14874
16306
17421
17682
17676
18171
19004
19584
19887
20210
20451
20463
20624
21214
21724
21606
21261
21349
21580
21212
20339
19612
19016
17971
16517
15217
13930
11847
8955
6384
4883
3719
1653
-1506
-4750
-7011
-8147
-9011
-10710
-13590
-16769
-18877
-19446
-19470
-20457
-22888
-25746
-27581
-27960
-27754
-28088
-29286
-30789
-31755
-31601
-30434
-29172
-28822
-29274
-29229
-27718
-25269
-23111
-21661
-20396
-18812
-16801
-14362
-11663
-9238
-7438
-5819
-3726
-1298
763
2236
3462
4537
5233
5717
6464
7332
7560
6963
6380
6556
7154
7371
7024
6540
6238
6118
6161
6278
6104
5356
4387
3871
3831
3499
2430
1213
600
338
-357
-1420
-1924
-1554
-1174
-1495
-1991
-1757
-823
112
806
1556
2432
3252
4148
5463
7055
8343
9099
9692
10508
11584
12798
13971
14802
15120
15298
15958
17159
18234
18600
18435
18442
19077
20152
21085
21483
21506
21627
22041
22480
22654
22572
22320
21765
20808
19736
18936
18244
16934
14541
11540
8969
7364
6177
4317
1293
-2216
-4964
-6356
-7144
-8781
-11901
-15444
-17657
-18109
-18289
-19850
-22648
-25126
-26357
-26900
-27634
-28662
-29661
-30538
-31228
-31380
-30806
-29941
-29351
-29038
-28536
-27479
-25816
-23755
-21750
-20207
-18935
-17193
-14620
-11794
-9545
-7954
-6386
-4332
-1949
177
1580
2336
3016
4072
5222
5742
5420
4900
4878
5259
5401
5021
4510
4398
4720
5008
4842
4321
3925
3926
4063
3863
3191
2342
1705
1386
1139
606
-289
-1193
-1686
-1768
-1765
-1836
-1850
-1743
-1619
-1421
-876
70
1104
1943
2630
3340
4225
5472
7099
8601
9290
9256
9516
10845
12755
14041
14205
13984
14476
15952
17624
18525
18564
18555
19251
20548
21788
22559
22951
23252
23673
24242
24753
24938
24794
24527
24102
23297
22251
21338
20310
18326
15296
12402
10599
9243
7016
3714
296
-2411
-4295
-5716
-7453
-10338
-14032
-16772
-17462
-17503
-19195
-22598
-25517
-26589
-26811
-27645
-29080
-30303
-31097
-31655
-31822
-31422
-30827
-30463
-30118
-29346
-28170
-26829
-25206
-23138
-21033
-19454
-18173
-16295
-13502
-10604
-8580
-7373
-6024
-3923
-1571
53
660
912
1544
2566
3401
3598
3204
2658
2494
2936
3552
3559
2810
2187
2575
3632
4167
3715
3049
2994
3379
3547
3329
2981
2581
2073
1676
1641
1680
1242
413
-34
326
987
1230
1056
1065
1642
2615
3571
4232
4564
4823
5439
6619
8019
8987
9249
9231
9645
10746
12073
12915
13072
13091
13674
14904
16189
16969
17283
17585
18204
19144
20225
21225
21936
22305
22533
22908
23498
24087
24366
24135
23439
22622
22086
21792
21010
18999
15985
13153
11364
10122
8127
4817
1000
-2073
-3986
-5430
-7449
-10479
-13963
-16772
-18273
-19063
-20431
-22920
-25684
-27514
-28227
-28670
-29533
-30651
-31494
-31858
-31899
-31762
-31446
-30922
-30222
-29413
-28521
-27422
-25882
-23849
-21653
-19718
-18060
-16261
-13984
-11373
-8896
-6908
-5373
-3917
-2176
-210
1451
2322
2534
2721
3335
4171
4626
4316
3486
2860
3003
3729
4225
3928
3185
2865
3382
4298
4852
4674
4003
3454
3549
4208
4692
4328
3325
2607
2698
3104
2999
2306
1733
1850
2452
2928
2975
2857
3034
3679
4498
5012
5062
5058
5591
6726
7848
8322
8226
8228
8791
9707
10478
10940
11347
11961
12747
13477
14037
14532
15146
15896
16585
17075
17558
18409
19673
20840
21328
21154
20984
21414
22289
22795
22319
21143
20195
19988
19899
18781
16271
13260
10918
9442
7968
5553
2107
-1547
-4351
-5953
-7185
-9400
-12983
-16663
-18772
-19192
-19554
-21345
-24263
-26733
-27717
-27619
-27610
-28452
-29924
-31080
-31074
-29982
-28798
-28392
-28548
-28278
-27035
-25273
-23741
-22558
-21230
-19388
-17176
-14962
-12888
-10849
-8772
-6754
-4899
-3173
-1511
-12
1177
2083
2872
3568
4001
4041
3755
3303
2885
2727
2842
2836
2334
1657
1606
2337
2973
2708
1899
1561
2051
2773
3056
2796
2296
1932
1961
2270
2315
1720
880
590
1035
1595
1729
1609
1687
2040
2410
2661
2915
3374
4128
5065
5909
6470
6916
7605
8573
9425
9823
9943
10296
11176
12395
13514
14225
14569
14862
15394
16194
17055
17764
18305
18848
19579
20511
21419
22016
22237
22320
22534
22895
23156
23082
22664
22103
21593
21013
19905
17882
15153
12490
10494
8917
6880
3808
110
-3147
-5264
-6649
-8454
-11412
-15022
-17986
-19488
-19974
-20655
-22330
-24722
-26868
-28029
-28268
-28268
-28685
-29612
-30585
-30999
-30544
-29383
-28055
-27130
-26788
-26619
-25883
-24128
-21627
-19214
-17568
-16580
-15411
-13270
-10231
-7254
-5319
-4493
-3857
-2410
-45
2316
3572
3483
2886
2853
3631
4416
4236
3009
1662
1211
1767
2478
2443
1637
887
952
1702
2296
2138
1537
1337
1919
2756
2991
2389
1551
1205
1395
1500
1003
101
-504
-356
319
896
1012
880
987
1585
2516
3481
4351
5157
5903
6560
7237
8169
9379
10470
10968
10945
11096
12071
13742
15266
15926
15874
15977
16942
18585
20021
20591
20553
20777
21765
23123
24045
24208
23985
23890
24029
24160
24064
23685
23015
22083
21011
19948
18836
17336
15102
12193
9159
6640
4709
2643
-424
-4428
-8136
-10328
-11254
-12576
-15581
-19647
-22792
-23781
-23428
-23700
-25674
-28509
-30371
-30296
-29118
-28558
-29457
-30963
-31548
-30652
-29098
-27963
-27417
-26875
-25936
-24732
-23427
-21855
-19865
-17742
-15952
-14541
-13012
-10876
-8246
-5819
-4226
-3377
-2471
-842
1211
2655
2958
2785
3181
4144
4567
3697
2259
1683
2417
3400
3322
2134
1122
1515
3116
4375
3950
2207
1000
1716
3681
4848
4065
2298
1387
1958
2923
2911
1742
407
-72
448
1285
1702
1590
1488
1893
2673
3294
3607
4062
5014
6150
6879
7166
7555
8396
9387
10040
10329
10664
11397
12527
13795
14920
15776
16502
17353
18355
19237
19828
20382
21243
22267
22942
23112
23247
23765
24369
24358
23530
22464
21866
21825
21738
20888
19123
17040
15454
14465
13157
10528
6767
3252
1070
-238
-2120
-5319
-9076
-12034
-13696
-14841
-16651
-19527
-22678
-24853
-25581
-25694
-26461
-28205
-30002
-30829
-30727
-30555
-30829
-31197
-31082
-30410
-29516
-28591
-27483
-26041
-24417
-22988
-21958
-21029
-19510
-16990
-13959
-11521
-10236
-9406
-7811
-5171
-2520
-1035
-735
-546
515
2409
4257
5198
5104
4592
4394
4637
4804
4423
3698
3249
3331
3589
3602
3397
3260
3252
3177
2904
2550
2311
2289
2453
2628
2555
2105
1477
1006
763
490
17
-454
-586
-296
207
689
1056
1343
1705
2359
3331
4323
4998
5425
6034
7047
8159
8897
9161
9260
9553
10180
11080
12076
12970
13721
14496
15456
16521
17466
18233
18938
19624
20203
20711
21368
22232
22981
23265
23159
23036
23018
22850
22296
21498
20782
20237
19580
18402
16559
14408
12554
11164
9547
6785
2952
-622
-2686
-3579
-4975
-8028
-12074
-15337
-16777
-17085
-17929
-20327
-23651
-26200
-26858
-26254
-26138
-27526
-29697
-31139
-31214
-30554
-30031
-29844
-29704
-29395
-28815
-27749
-26011
-23815
-21735
-20220
-19169
-17965
-15900
-12823
-9534
-7281
-6511
-6172
-4713
-1847
1051
2472
2404
2176
2958
4726
6519
7355
6935
5846
5131
5383
6139
6354
5552
4268
3370
3220
3591
4028
4049
3366
2285
1704
2224
3284
3647
2803
1537
946
1236
1712
1630
825
-292
-1033
-917
-147
483
451
181
503
1592
2824
3714
4462
5403
6402
7170
7817
8640
9546
10137
10333
10488
10876
11424
11998
12582
13110
13465
13821
14561
15675
16575
16873
17005
17640
18702
19483
19657
19640
19830
20070
20050
19830
19608
19286
18637
17702
16695
15666
14571
13478
12330
10716
8379
5890
4141
3060
1399
-1738
-5620
-8638
-10137
-11030
-12680
-15540
-18860
-21350
-22230
-22060
-22520
-24814
-28149
-30323
-30114
-28693
-28251
-29585
-31515
-32393
-31649
-29918
-28301
-27618
-27816
-27868
-26594
-23874
-20813
-18520
-17084
-15889
-14480
-12665
-10192
-7084
-4151
-2461
-2014
-1518
226
3022
5606
6936
6948
6419
6472
7821
9970
11321
10662
8592
6978
6936
7795
8136
7325
5813
4435
3845
4232
5042
5195
4127
2607
1998
2694
3720
3961
3321
2492
2067
2177
2589
2789
2270
1190
523
1056
2353
3229
3217
3040
3538
4688
5935
6996
7920
8707
9339
10026
10946
11855
12346
12427
12480
12622
12633
12523
12688
13252
13738
13733
13530
13686
14199
14613
14782
15002
15386
15627
15534
15356
15347
15340
15043
14466
13791
13064
12292
11627
11087
10287
8909
7327
6236
5615
4581
2572
198
-1483
-2294
-3135
-4930
-7711
-10674
-12857
-13875
-14325
-15437
-17889
-20896
-22847
-23057
-22543
-22857
-24428
-26339
-27463
-27407
-26517
-25481
-24980
-25252
-25768
-25582
-24250
-22279
-20550
-19479
-18836
-18119
-16860
-14846
-12391
-10292
-9098
-8398
-7180
-5010
-2533
-654
484
1456
2736
4238
5588
6547
7147
7624
8236
8965
9407
9198
8546
8062
7982
7837
7102
5933
4981
4582
4447
4153
3632
3100
2732
2546
2465
2371
2184
2005
2037
2283
2432
2226
1831
1638
1748
1878
1823
1756
1965
2458
3016
3536
4102
4767
5454
6109
6795
7580
8419
9242
10007
10643
11058
11309
11593
11963
12175
12029
11768
11864
12399
12892
12874
12459
12188
12404
12924
13256
13058
12444
11936
12016
12570
12871
12311
11109
10107
9817
9878
9542
8523
7215
6184
5590
5096
4224
2819
1207
-100
-950
-1720
-2881
-4442
-5961
-7117
-8091
-9323
-10969
-12726
-14159
-15133
-15893
-16765
-17815
-18820
-19551
-20047
-20544
-21181
-21801
-22102
-21947
-21524
-21175
-21037
-20877
-20356
-19444
-18488
-17806
-17321
-16679
-15667
-14382
-13046
-11794
-10644
-9532
-8327
-6938
-5443
-4010
-2689
-1393
-120
1011
1988
2984
4086
5065
5654
5916
6171
6570
6956
7116
7006
6717
6382
6130
5989
5798
5398
4925
4743
4975
5283
5253
4903
4625
4710
5060
5357
5393
5218
5091
5260
5710
6106
6106
5770
5538
5773
6366
6873
6999
6881
6919
7357
8057
8636
8837
8754
8730
9026
9564
9978
9949
9536
9149
9115
9324
9354
8980
8418
8043
7980
8048
8006
7750
7351
7013
6918
6997
6937
6549
6054
5840
5964
6099
5959
5575
5111
4660
4293
4098
4007
3749
3159
2393
1733
1237
753
152
-629
-1634
-2778
-3777
-4430
-4968
-5881
-7321
-8900
-10141
-10967
-11658
-12489
-13511
-14593
-15538
-16224
-16751
-17344
-18074
-18720
-19046
-19109
-19168
-19325
-19393
-19173
-18705
-18213
-17823
-17425
-16804
-15884
-14818
-13833
-12984
-12101
-10985
-9624
-8204
-6910
-5742
-4523
-3104
-1575
-228
774
1622
2664
3951
5144
5910
6277
6541
6920
7418
7884
8114
7964
7528
7117
6943
6894
6744
6494
6325
6280
6235
6153
6150
6244
6291
6223
6168
6245
6390
6504
6588
6640
6563
6331
6104
6024
6012
5929
5837
5884
6032
6081
5967
5830
5812
5925
6135
6392
6594
6655
6639
6698
6837
6885
6736
6481
6263
6112
5980
5829
5634
5392
5166
5043
4990
4871
4634
4393
4273
4273
4333
4411
4459
4427
4346
4325
4367
4330
4141
3924
3819
3762
3585
3224
2720
2119
1493
976
582
99
-671
-1611
-2433
-3081
-3802
-4802
-6029
-7290
-8401
-9214
-9712
-10150
-10883
-11956
-13020
-13763
-14252
-14744
-15330
-15916
-16407
-16755
-16919
-16946
-16996
-17138
-17187
-16928
-16411
-15872
-15387
-14798
-13969
-12955
-11898
-10888
-9931
-8946
-7770
-6318
-4757
-3390
-2310
-1307
-151
1153
2409
3452
4253
4900
5541
6250
6914
7331
7464
7493
7562
7604
7475
7179
6862
6654
6594
6633
6644
6514
6320
6314
6606
6963
7044
6795
6484
6374
6488
6652
6647
6322
5739
5186
4929
4891
4754
4365
3917
3659
3586
3519
3363
3177
3052
3045
3156
3276
3233
3000
2801
2873
3137
3259
3028
2574
2182
2016
2049
2136
2119
1924
1675
1636
1950
2442
2787
2837
2751
2794
3089
3563
4064
4452
4686
4837
4999
5149
5163
5017
4915
5080
5422
5555
5207
4530
3942
3691
3642
3457
2922
2138
1436
1038
758
107
-1176
-2764
-4028
-4701
-5098
-5719
-6724
-7878
-8874
-9628
-10327
-11240
-12411
-13545
-14270
-14569
-14829
-15385
-16127
-16663
-16770
-16568
-16320
-16173
-16064
-15771
-15079
-14031
-12954
-12119
-11436
-10569
-9354
-7934
-6549
-5313
-4215
-3163
-2000
-661
692
1800
2625
3379
4231
5115
5893
6534
7063
7472
7794
8098
8337
8358
8164
8022
8159
8444
8574
8427
8133
7876
7792
7935
8152
8101
7596
6908
6478
6390
6322
5990
5415
4770
4192
3787
3562
3321
2849
2238
1817
1692
1599
1306
925
660
501
318
84
-166
-444
-689
-732
-578
-534
-842
-1301
-1520
-1416
-1220
-1083
-974
-865
-756
-511
11
681
1204
1525
1865
2333
2811
3250
3768
4367
4820
5007
5105
5285
5493
5647
5841
6133
6358
6383
6347
6431
6555
6548
6440
6338
6172
5832
5465
5282
5142
4654
3653
2356
1038
-151
-1101
-1806
-2532
-3619
-5026
-6344
-7354
-8268
-9331
-10456
-11431
-12220
-12892
-13455
-13939
-14461
-14984
-15254
-15172
-15014
-15054
-15120
-14819
-14089
-13239
-12533
-11977
-11439
-10737
-9639
-8121
-6554
-5378
-4556
-3619
-2279
-727
714
1935
2975
3874
4737
5698
6696
7468
7918
8269
8711
9114
9271
9226
9171
9135
9025
8837
8614
8308
7887
7501
7300
7151
6770
6119
5424
4848
4341
3835
3335
2793
2110
1335
652
104
-484
-1213
-1944
-2509
-2927
-3286
-3575
-3780
-3980
-4245
-4480
-4582
-4591
-4586
-4506
-4254
-3913
-3673
-3573
-3473
-3273
-2987
-2636
-2214
-1781
-1412
-1042
-500
257
1061
1760
2377
3003
3658
4329
5052
5830
6573
7205
7765
8316
8812
9171
9415
9644
9898
10139
10359
10570
10720
10707
10517
10234
9911
9508
8997
8438
7904
7379
6775
5992
4943
3591
2044
560
-655
-1641
-2629
-3788
-5093
-6407
-7631
-8753
-9815
-10877
-11938
-12891
-13611
-14114
-14576
-15136
-15712
-16106
-16223
-16149
-16006
-15820
-15526
-15037
-14305
-13393
-12472
-11666
-10878
-9856
-8485
-6933
-5462
-4165
-2948
-1687
-339
1051
2362
3451
4308
5097
5960
6817
7470
7862
8116
8333
8479
8501
8412
8241
8005
7757
7538
7268
6796
6147
5556
5188
4935
4575
4043
3425
2798
2194
1646
1118
489
-277
-1021
-1580
-2043
-2631
-3373
-4076
-4592
-4949
-5206
-5377
-5486
-5565
-5549
-5344
-5027
-4801
-4688
-4455
-3935
-3265
-2694
-2302
-2019
-1778
-1495
-1067
-504
4
335
640
1130
1784
2429
3033
3701
4434
5120
5744
6395
7078
7725
8367
9098
9849
10414
10750
11025
11329
11555
11625
11639
11675
11639
11437
11127
10769
10296
9662
8979
8341
7665
6885
6134
5541
4958
4094
2884
1518
182
-1027
-2033
-2832
-3619
-4614
-5769
-6850
-7786
-8742
-9794
-10797
-11615
-12293
-12898
-13413
-13850
-14291
-14707
-14922
-14874
-14724
-14579
-14284
-13656
-12771
-11866
-11043
-10263
-9481
-8622
-7544
-6210
-4845
-3705
-2761
-1791
-722
316
1245
2129
2999
3791
4496
5161
5732
6089
6268
6447
6672
6770
6639
6394
6165
5891
5449
4856
4210
3584
3068
2763
2599
2293
1656
845
158
-323
-733
-1167
-1601
-2019
-2436
-2837
-3223
-3691
-4302
-4907
-5289
-5446
-5579
-5763
-5855
-5731
-5468
-5223
-5064
-4948
-4753
-4299
-3493
-2524
-1749
-1314
-980
-445
314
1091
1737
2270
2792
3400
4135
4905
5541
6037
6610
7418
8302
8941
9254
9482
9912
10590
11334
11884
12088
12049
12077
12372
12760
12864
12564
12129
11883
11849
11762
11353
10560
9570
8693
8079
7547
6767
5679
4600
3850
3364
2762
1744
350
-1092
-2224
-2926
-3433
-4125
-5128
-6184
-6982
-7546
-8186
-9104
-10166
-11051
-11545
-11710
-11842
-12228
-12842
-13321
-13329
-12940
-12549
-12423
-12423
-12200
-11560
-10632
-9743
-9160
-8844
-8460
-7691
-6592
-5528
-4762
-4187
-3508
-2601
-1612
-784
-238
124
547
1192
1937
2458
2589
2519
2571
2823
3056
3006
2623
2070
1598
1355
1265
1090
693
213
-106
-226
-358
-695
-1202
-1680
-1960
-2022
-1992
-2077
-2379
-2776
-3035
-3085
-3089
-3216
-3449
-3644
-3715
-3689
-3635
-3599
-3579
-3489
-3217
-2771
-2319
-1977
-1665
-1197
-514
256
967
1559
2060
2553
3129
3789
4414
4892
5277
5724
6281
6834
7279
7644
8023
8462
8949
9431
9818
10069
10278
10606
11078
11522
11765
11816
11815
11849
11898
11902
11791
11538
11198
10888
10631
10295
9755
9069
8411
7859
7327
6709
5990
5243
4575
4044
3560
2874
1799
442
-850
-1820
-2500
-3104
-3814
-4679
-5643
-6599
-7480
-8336
-9243
-10145
-10857
-11292
-11600
-12016
-12601
-13212
-13664
-13881
-13931
-13971
-14112
-14260
-14156
-13652
-12923
-12302
-11938
-11676
-11249
-10510
-9510
-8434
-7473
-6656
-5822
-4823
-3741
-2817
-2154
-1586
-883
-1
902
1623
2066
2307
2551
2941
3375
3576
3398
3010
2716
2654
2712
2698
2501
2164
1830
1612
1456
1172
680
157
-136
-143
-77
-183
-530
-1003
-1412
-1631
-1718
-1884
-2272
-2757
-3045
-3001
-2780
-2632
-2643
-2698
-2626
-2325
-1824
-1270
-805
-394
133
849
1607
2189
2545
2826
3212
3758
4371
4887
5212
5426
5741
6271
6883
7357
7642
7893
8278
8810
9375
9829
10112
10313
10629
11152
11716
12036
12015
11851
11800
11927
12088
12113
11923
11566
11175
10847
10531
10072
9418
8709
8110
7608
7041
6301
5440
4594
3833
3078
2138
866
-635
-2039
-3080
-3822
-4584
-5625
-6935
-8318
-9578
-10644
-11588
-12534
-13498
-14330
-14873
-15190
-15516
-15979
-16455
-16740
-16784
-16700
-16598
-16462
-16166
-15582
-14717
-13784
-13065
-12622
-12190
-11411
-10187
-8739
-7373
-6227
-5208
-4133
-2919
-1669
-574
308
1126
2053
3051
3910
4482
4824
5102
5417
5727
5887
5769
5412
5043
4871
4845
4702
4262
3627
3038
2601
2232
1788
1212
577
36
-298
-487
-724
-1148
-1685
-2145
-2434
-2630
-2856
-3150
-3456
-3685
-3791
-3819
-3851
-3896
-3850
-3610
-3194
-2719
-2248
-1749
-1168
-501
232
997
1749
2450
3130
3853
4609
5315
5919
6461
6978
7441
7822
8177
8591
9067
9524
9904
10226
10554
10944
11397
11836
12149
12296
12373
12509
12715
12856
12802
12549
12203
11875
11568
11184
10612
9890
9205
8709
8310
7756
6900
5866
4902
4152
3550
2915
2119
1186
267
-542
-1364
-2442
-3852
-5334
-6515
-7273
-7852
-8613
-9698
-10943
-12057
-12887
-13550
-14283
-15158
-15967
-16425
-16487
-16400
-16451
-16681
-16862
-16733
-16256
-15641
-15125
-14700
-14108
-13124
-11859
-10686
-9863
-9264
-8509
-7336
-5829
-4322
-3102
-2173
-1274
-155
1140
2316
3143
3715
4328
5140
6013
6679
7013
7136
7257
7440
7522
7282
6698
6023
5554
5333
5100
4566
3703
2763
2034
1580
1208
664
-89
-832
-1315
-1523
-1687
-2027
-2539
-3038
-3380
-3592
-3804
-4092
-4391
-4559
-4527
-4397
-4353
-4439
-4482
-4251
-3708
-3054
-2520
-2154
-1788
-1215
-388
542
1365
2007
2585
3258
4047
4817
5443
5941
6429
6989
7586
8111
8500
8798
9123
9532
9958
10283
10482
10668
10951
11297
11545
11569
11399
11203
11122
11144
11099
10810
10254
9574
8935
8370
7785
7095
6309
5503
4738
4005
3264
2506
1787
1172
642
87
-582
-1329
-2009
-2536
-3000
-3581
-4385
-5325
-6190
-6825
-7261
-7688
-8286
-9076
-9907
-10596
-11073
-11389
-11623
-11789
-11857
-11839
-11805
-11821
-11847
-11746
-11419
-10913
-10398
-9999
-9678
-9274
-8664
-7888
-7115
-6488
-5987
-5434
-4650
-3633
-2575
-1690
-1033
-472
152
863
1558
2143
2622
3070
3515
3906
4163
4259
4256
4239
4227
4137
3860
3390
2867
2469
2226
1964
1468
698
-150
-820
-1213
-1440
-1691
-2057
-2476
-2814
-2990
-3036
-3068
-3165
-3300
-3371
-3323
-3212
-3139
-3118
-3050
-2867
-2638
-2505
-2517
-2540
-2366
-1902
-1243
-586
-68
334
767
1377
2163
2964
3595
4026
4414
4930
5573
6178
6602
6869
7106
7388
7671
7875
8001
8126
8331
8606
8855
8964
8897
8749
8674
8736
8817
8727
8409
8023
7780
7703
7581
7169
6431
5565
4825
4327
4000
3689
3286
2793
2284
1808
1339
826
308
-77
-218
-188
-205
-424
-775
-1041
-1102
-1076
-1203
-1612
-2194
-2704
-2967
-3031
-3111
-3419
-3968
-4579
-5040
-5305
-5498
-5749
-6036
-6235
-6291
-6311
-6437
-6681
-6891
-6908
-6735
-6540
-6495
-6613
-6725
-6623
-6252
-5781
-5458
-5386
-5425
-5325
-4973
-4480
-4039
-3715
-3403
-2994
-2518
-2125
-1922
-1856
-1764
-1521
-1152
-803
-609
-569
-555
-459
-328
-339
-611
-1052
-1429
-1591
-1614
-1706
-1982
-2359
-2661
-2805
-2864
-2963
-3138
-3292
-3281
-3043
-2669
-2334
-2146
-2052
-1904
-1629
-1314
-1110
-1052
-1002
-800
-438
-72
152
247
356
608
1006
1447
1848
2213
2628
3174
3828
4455
4901
5131
5274
5504
5870
6259
6524
6644
6714
6814
6897
6864
6684
6439
6240
6125
6057
5972
5828
5621
5400
5226
5113
4990
4764
4442
4155
4031
4058
4091
4012
3834
3653
3525
3432
3352
3286
3246
3215
3187
3200
3284
3405
3498
3562
3672
3873
4105
4264
4347
4452
4631
4799
4809
4593
4208
3738
3245
2775
2355
1934
1382
616
-286
-1151
-1908
-2641
-3441
-4260
-4959
-5511
-6030
-6619
-7243
-7797
-8250
-8662
-9071
-9451
-9765
-10016
-10181
-10202
-10081
-9950
-9958
-10065
-10046
-9753
-9290
-8890
-8625
-8359
-7968
-7496
-7072
-6713
-6329
-5867
-5369
-4880
-4388
-3898
-3484
-3184
-2919
-2591
-2261
-2110
-2182
-2284
-2200
-1967
-1826
-1899
-2052
-2091
-2012
-1942
-1924
-1856
-1643
-1310
-914
-468
1
381
584
700
915
1265
1573
1691
1722
1875
2162
2370
2363
2277
2338
2581
2851
3051
3246
3520
3847
4154
4435
4701
4877
4882
4793
4808
4986
5135
5045
4769
4536
4442
4335
4069
3730
3516
3469
3446
3349
3239
3214
3261
3322
3402
3544
3700
3793
3868
4092
4530
5015
5338
5510
5717
6042
6349
6499
6562
6720
7014
7307
7481
7566
7639
7707
7736
7760
7834
7927
7956
7918
7900
7919
7835
7513
7009
6493
5999
5370
4481
3431
2428
1534
618
-456
-1685
-2969
-4221
-5382
-6406
-7297
-8143
-9014
-9856
-10544
-11069
-11581
-12188
-12794
-13212
-13414
-13580
-13854
-14164
-14318
-14239
-14030
-13840
-13736
-13687
-13599
-13341
-12833
-12145
-11477
-10968
-10528
-9959
-9206
-8430
-7780
-7194
-6502
-5657
-4805
-4095
-3520
-2983
-2431
-1888
-1394
-973
-659
-447
-243
74
493
849
1022
1107
1318
1729
2195
2571
2893
3304
3837
4374
4809
5151
5453
5713
5893
6003
6073
6087
6000
5840
5700
5607
5465
5197
4887
4687
4616
4522
4289
4010
3863
3876
3891
3758
3493
3207
2959
2738
2526
2325
2114
1866
1613
1439
1367
1311
1194
1086
1141
1396
1701
1913
2078
2378
2889
3485
3996
4395
4792
5287
5882
6515
7121
7650
8073
8422
8775
9158
9485
9648
9659
9653
9733
9842
9844
9706
9539
9441
9368
9200
8897
8540
8225
7941
7598
7130
6533
5831
5040
4168
3210
2142
939
-370
-1676
-2886
-4032
-5237
-6557
-7883
-9061
-10055
-10980
-11936
-12862
-13630
-14198
-14674
-15179
-15713
-16192
-16553
-16806
-16990
-17135
-17250
-17319
-17279
-17063
-16698
-16324
-16058
-15824
-15407
-14687
-13777
-12892
-12099
-11262
-10243
-9065
-7875
-6761
-5695
-4613
-3491
-2328
-1137
27
1070
1954
2753
3563
4346
4963
5362
5682
6106
6637
7099
7371
7524
7707
7969
8240
8456
8616
8727
8777
8785
8811
8862
8826
8570
8117
7626
7206
6795
6273
5640
5006
4436
3877
3271
2655
2114
1658
1231
819
475
221
3
-231
-442
-560
-617
-715
-887
-1031
-1046
-956
-866
-808
-712
-535
-323
-133
64
341
709
1110
1517
1967
2493
3064
3628
4191
4789
5411
5985
6483
6962
7487
8026
8480
8800
9041
9272
9477
9578
9546
9428
9278
9118
8938
8739
8506
8196
7783
7317
6870
6447
5960
5333
4593
3828
3072
2270
1351
311
-793
-1912
-3039
-4194
-5381
-6574
-7728
-8809
-9808
-10755
-11688
-12617
-13494
-14239
-14808
-15246
-15641
-16033
-16376
-16593
-16667
-16651
-16603
-16521
-16359
-16081
-15688
-15197
-14622
-13976
-13263
-12485
-11638
-10734
-9783
-8788
-7727
-6586
-5388
-4189
-3025
-1882
-728
432
1546
2560
3481
4354
5206
6005
6698
7262
7715
8089
8407
8676
8885
9018
9076
9094
9108
9111
9058
8929
8771
8650
8560
8419
8162
7821
7480
7177
6874
6503
6036
5492
4914
4356
3860
3410
2939
2389
1795
1265
862
529
174
-216
-569
-834
-1043
-1252
-1462
-1636
-1754
-1829
-1869
-1886
-1916
-1993
-2081
-2077
-1932
-1728
-1587
-1525
-1424
-1170
-790
-397
-58
261
622
1044
1512
2017
2556
3088
3574
4021
4477
4940
5349
5661
5922
6196
6467
6650
6719
6742
6777
6786
6697
6514
6304
6091
5834
5515
5173
4826
4417
3885
3269
2665
2096
1477
741
-71
-881
-1668
-2481
-3345
-4222
-5081
-5933
-6799
-7648
-8423
-9112
-9756
-10374
-10929
-11398
-11819
-12228
-12582
-12784
-12831
-12833
-12870
-12877
-12727
-12415
-12060
-11739
-11397
-10947
-10394
-9793
-9156
-8447
-7673
-6886
-6099
-5265
-4356
-3430
-2553
-1701
-808
125
1015
1800
2519
3248
3994
4694
5302
5839
6340
6801
7202
7554
7896
8225
8495
8685
8848
9039
9241
9377
9423
9432
9456
9463
9396
9253
9084
8914
8709
8439
8106
7722
7290
6818
6334
5853
5340
4758
4128
3512
2936
2362
1744
1103
495
-58
-589
-1127
-1656
-2135
-2560
-2961
-3365
-3757
-4102
-4377
-4579
-4721
-4819
-4890
-4933
-4912
-4783
-4549
-4255
-3943
-3599
-3175
-2649
-2056
-1443
-826
-198
445
1092
1722
2328
2900
3426
3895
4312
4680
4992
5230
5377
5454
5484
5469
5381
5195
4932
4639
4333
3983
3548
3027
2456
1867
1258
619
-62
-773
-1505
-2249
-3002
-3750
-4480
-5192
-5896
-6586
-7232
-7816
-8350
-8858
-9324
-9710
-9998
-10221
-10405
-10519
-10526
-10442
-10318
-10161
-9929
-9607
-9240
-8865
-8457
-7971
-7419
-6861
-6320
-5754
-5131
-4468
-3806
-3149
-2470
-1756
-1035
-326
388
1131
1896
2637
3328
3990
4656
5316
5924
6464
6969
7455
7892
8250
8551
8837
9094
9276
9377
9449
9516
9532
9449
9303
9157
8999
8767
8440
8076
7712
7310
6822
6268
5706
5144
4541
3876
3180
2495
1811
1100
369
-343
-1009
-1645
-2284
-2914
-3491
-3995
-4447
-4869
-5234
-5512
-5715
-5885
-6012
-6038
-5941
-5791
-5652
-5494
-5229
-4843
-4413
-4000
-3569
-3055
-2471
-1879
-1300
-698
-49
609
1234
1833
2439
3046
3615
4122
4587
5031
5435
5756
5983
6149
6279
6349
6317
6192
6026
5844
5611
5279
4860
4409
3940
3425
2844
2231
1623
1007
344
-357
-1042
-1684
-2314
-2973
-3644
-4270
-4830
-5358
-5891
-6405
-6853
-7224
-7552
-7861
-8130
-8329
-8461
-8549
-8598
-8584
-8502
-8374
-8214
-8003
-7723
-7399
-7068
-6724
-6321
-5837
-5311
-4794
-4293
-3765
-3190
-2596
-2012
-1435
-843
-234
364
932
1485
2045
2600
3129
3631
4119
4584
4993
5339
5669
6013
6338
6583
6746
6882
7022
7126
7157
7129
7073
6990
6853
6668
6472
6267
6011
5673
5288
4914
4562
4190
3762
3294
2821
2363
1910
1455
1007
571
134
-318
-761
-1154
-1483
-1786
-2098
-2396
-2634
-2809
-2961
-3098
-3180
-3186
-3162
-3149
-3116
-2993
-2776
-2535
-2319
-2105
-1841
-1519
-1165
-803
-435
-69
284
632
995
1378
1758
2100
2395
2663
2927
3183
3404
3561
3660
3731
3781
3793
3759
3691
3591
3432
3186
2885
2584
2296
1971
1571
1115
646
178
-305
-813
-1334
-1861
-2391
-2920
-3440
-3937
-4410
-4859
-5285
-5691
-6070
-6406
-6683
-6909
-7095
-7247
-7356
-7409
-7397
-7319
-7184
-7016
-6827
-6597
-6293
-5913
-5498
-5083
-4665
-4221
-3743
-3243
-2731
-2211
-1693
-1190
-695
-203
285
751
1178
1572
1935
2267
2564
2830
3069
3274
3430
3536
3615
3686
3740
3752
3716
3650
3579
3501
3392
3246
3089
2946
2813
2664
2496
2331
2190
2061
1924
1776
1635
1522
1434
1355
1276
1190
1107
1039
1000
989
984
963
923
895
905
944
977
979
971
989
1042
1102
1143
1163
1180
1206
1243
1285
1329
1369
1405
1445
1492
1536
1567
1586
1603
1625
1643
1649
1642
1627
1607
1584
1553
1500
1427
1344
1271
1205
1117
991
845
701
561
407
232
37
-166
-375
-579
-780
-986
-1205
-1430
-1645
-1849
-2059
-2284
-2514
-2727
-2910
-3065
-3214
-3371
-3530
-3663
-3743
-3784
-3823
-3872
-3904
-3883
-3808
-3697
-3567
-3422
-3270
-3111
-2928
-2697
-2422
-2129
-1841
-1550
-1245
-922
-590
-257
60
359
641
916
1181
1419
1622
1803
1959
2074
2133
2153
2160
2152
2104
1995
1832
1639
1436
1224
992
728
425
104
-208
-506
-800
-1102
-1404
-1685
-1931
-2138
-2316
-2473
-2610
-2709
-2753
-2746
-2716
-2666
-2573
-2413
-2200
-1970
-1733
-1461
-1130
-749
-360
15
386
781
1207
1649
2072
2470
2851
3229
3593
3927
4232
4524
4813
5077
5289
5449
5576
5684
5764
5798
5789
5758
5713
5641
5516
5325
5085
4828
4579
4336
4074
3768
3414
3031
2645
2257
1851
1422
983
562
160
-252
-696
-1154
-1589
-1975
-2327
-2671
-3012
-3340
-3641
-3913
-4164
-4392
-4589
-4749
-4873
-4970
-5041
-5082
-5084
-5045
-4968
-4863
-4738
-4596
-4432
-4242
-4029
-3804
-3569
-3316
-3035
-2740
-2450
-2168
-1876
-1563
-1241
-930
-635
-344
-56
216
468
709
951
1188
1400
1574
1720
1856
1990
2106
2186
2226
2239
2242
2228
2178
2081
1949
1798
1633
1447
1237
1002
747
477
195
-102
-416
-738
-1056
-1362
-1657
-1947
-2228
-2490
-2732
-2956
-3157
-3321
-3440
-3516
-3557
-3564
-3531
-3458
-3344
-3184
-2974
-2720
-2433
-2122
-1785
-1419
-1025
-608
-171
281
744
1208
1663
2103
2534
2962
3383
3772
4119
4433
4728
4999
5225
5403
5547
5668
5748
5764
5727
5667
5600
5507
5360
5163
4944
4717
4470
4182
3855
3515
3177
2830
2459
2065
1676
1308
947
563
154
-251
-624
-969
-1317
-1684
-2057
-2405
-2714
-2990
-3255
-3520
-3776
-4005
-4196
-4358
-4501
-4623
-4717
-4776
-4805
-4812
-4796
-4749
-4672
-4571
-4447
-4296
-4110
-3894
-3662
-3418
-3155
-2864
-2554
-2244
-1941
-1631
-1303
-958
-618
-299
6
307
608
893
1153
1397
1635
1870
2077
2239
2356
2450
2536
2615
2667
2679
2653
2598
2524
2437
2335
2216
2077
1911
1722
1518
1313
1108
893
655
400
151
-78
-290
-500
-715
-929
-1131
-1310
-1467
-1606
-1733
-1845
-1938
-2009
-2059
-2086
-2090
-2069
-2024
-1953
-1860
-1752
-1628
-1475
-1293
-1097
-902
-703
-483
-237
19
272
513
752
1002
1269
1543
1797
2020
2226
2429
2632
2825
3007
3172
3304
3400
3475
3541
3595
3623
3622
3599
3555
3489
3405
3301
3167
3005
2829
2645
2441
2212
1977
1746
1504
1234
943
650
356
63
-223
-496
-758
-1022
-1288
-1556
-1819
-2070
-2299
-2507
-2704
-2887
-3041
-3161
-3260
-3354
-3440
-3514
-3570
-3598
-3588
-3548
-3496
-3443
-3379
-3283
-3153
-3002
-2850
-2702
-2544
-2363
-2162
-1957
-1753
-1538
-1306
-1071
-852
-646
-435
-203
41
282
502
706
904
1100
1286
1447
1588
1725
1866
2001
2115
2206
2275
2326
2355
2369
2367
2355
2324
2269
2186
2078
1960
1842
1725
1594
1442
1270
1085
895
702
509
318
125
-72
-269
-453
-613
-753
-888
-1026
-1157
-1273
-1372
-1457
-1520
-1552
-1555
-1536
-1507
-1481
-1457
-1416
-1336
-1218
-1088
-969
-856
-731
-574
-391
-205
-43
91
223
384
567
743
887
1010
1129
1250
1367
1475
1577
1661
1716
1739
1745
1759
1785
1808
1801
1755
1674
1574
1470
1379
1298
1205
1072
900
717
552
407
263
100
-94
-299
-487
-653
-821
-1003
-1187
-1355
-1515
-1680
-1831
-1946
-2037
-2134
-2244
-2355
-2446
-2503
-2513
-2491
-2478
-2488
-2485
-2438
-2363
-2298
-2241
-2167
-2059
-1925
-1768
-1596
-1430
-1279
-1129
-960
-769
-564
-347
-136
47
205
378
586
807
1004
1168
1316
1459
1607
1762
1916
2042
2132
2200
2262
2319
2365
2399
2408
2389
2350
2303
2241
2159
2070
1982
1876
1743
1598
1462
1325
1171
1007
848
688
517
350
203
66
-81
-225
-351
-461
-562
-648
-726
-810
-886
-918
-901
-887
-910
-939
-935
-898
-851
-790
-708
-619
-542
-473
-397
-321
-246
-155
-40
77
172
252
333
419
508
605
699
764
790
802
826
862
890
899
897
894
895
889
856
785
690
598
521
437
328
204
86
-16
-126
-271
-454
-639
-802
-953
-1111
-1272
-1414
-1540
-1676
-1834
-1990
-2115
-2208
-2287
-2372
-2473
-2574
-2648
-2677
-2662
-2626
-2575
-2516
-2452
-2388
-2313
-2216
-2095
-1951
-1779
-1582
-1381
-1192
-1012
-814
-586
-344
-111
104
312
525
744
964
1177
1379
1565
1738
1904
2063
2204
2312
2397
2477
2559
2628
2670
2679
2658
2616
2569
2531
2492
2421
2310
2171
2028
1884
1737
1588
1427
1247
1050
846
636
426
235
69
-95
-282
-478
-648
-788
-918
-1052
-1182
-1293
-1386
-1465
-1533
-1583
-1605
-1599
-1577
-1547
-1499
-1425
-1337
-1257
-1170
-1050
-897
-738
-587
-434
-276
-120
45
229
424
619
817
1014
1173
1276
1363
1482
1622
1737
1824
1900
1960
1996
2027
2057
2045
1968
1873
1812
1750
1633
1478
1337
1204
1039
840
641
439
218
-5
-204
-405
-632
-854
-1044
-1238
-1482
-1740
-1945
-2096
-2238
-2384
-2524
-2661
-2792
-2888
-2934
-2961
-2996
-3006
-2964
-2908
-2887
-2883
-2830
-2707
-2544
-2376
-2213
-2055
-1892
-1706
-1493
-1271
-1045
-804
-545
-287
-34
213
451
669
878
1102
1333
1543
1720
1878
2030
2182
2336
2475
2576
2632
2666
2692
2701
2688
2663
2622
2548
2439
2320
2192
2034
1853
1688
1552
1402
1209
991
781
581
382
187
-13
-225
-431
-602
-736
-861
-991
-1111
-1221
-1320
-1399
-1443
-1465
-1483
-1486
-1457
-1405
-1356
-1303
-1224
-1118
-1007
-897
-777
-642
-500
-353
-200
-54
90
249
422
583
707
810
916
1036
1170
1305
1417
1478
1498
1520
1561
1598
1613
1619
1626
1612
1564
1499
1437
1367
1271
1156
1047
943
834
708
572
430
283
120
-61
-246
-414
-559
-701
-871
-1066
-1246
-1375
-1474
-1604
-1778
-1937
-2030
-2087
-2178
-2308
-2419
-2473
-2488
-2492
-2490
-2485
-2482
-2460
-2399
-2315
-2232
-2122
-1958
-1776
-1644
-1552
-1429
-1253
-1064
-876
-662
-433
-229
-50
145
355
546
721
904
1079
1216
1341
1491
1627
1693
1719
1784
1882
1939
1931
1905
1884
1851
1806
1761
1692
1574
1440
1331
1230
1101
960
833
704
545
383
246
116
-28
-163
-273
-386
-514
-618
-676
-726
-795
-862
-905
-938
-957
-941
-906
-893
-881
-821
-734
-680
-647
-569
-444
-333
-244
-129
10
131
239
371
505
604
694
827
968
1056
1121
1224
1348
1434
1487
1540
1579
1588
1612
1681
1736
1728
1698
1685
1648
1556
1467
1423
1373
1279
1179
1103
1001
848
702
587
453
289
157
62
-67
-242
-391
-507
-661
-857
-1010
-1112
-1234
-1374
-1458
-1503
-1598
-1743
-1854
-1928
-2028
-2122
-2118
-2054
-2039
-2071
-2067
-2049
-2102
-2182
-2167
-2059
-1954
-1861
-1729
-1601
-1546
-1510
-1418
-1321
-1270
-1165
-921
-654
-516
-448
-317
-161
-105
-102
-13
171
358
539
733
870
886
863
896
940
941
980
1127
1284
1320
1257
1176
1065
903
780
776
831
856
852
825
709
478
236
78
-19
-85
-81
-14
5
-106
-291
-470
-622
-732
-752
-683
-589
-507
-430
-398
-460
-577
-632
-585
-471
-306
-84
132
251
269
266
283
322
416
603
848
1075
1257
1386
1433
1400
1363
1390
1480
1625
1838
2059
2158
2087
1949
1848
1788
1762
1804
1915
2014
2037
1996
1888
1684
1431
1259
1217
1235
1241
1227
1160
982
712
449
240
70
-49
-76
-67
-140
-334
-585
-844
-1106
-1323
-1431
-1456
-1489
-1555
-1634
-1753
-1962
-2221
-2423
-2522
-2531
-2454
-2324
-2256
-2335
-2494
-2606
-2640
-2637
-2577
-2412
-2186
-2009
-1915
-1873
-1865
-1883
-1856
-1710
-1463
-1185
-914
-669
-510
-470
-487
-449
-315
-114
128
383
592
701
720
704
683
678
722
838
1003
1156
1240
1221
1097
915
747
654
649
710
787
813
743
582
370
145
-39
-129
-118
-69
-57
-96
-175
-304
-481
-659
-764
-761
-660
-510
-387
-359
-427
-527
-597
-615
-562
-407
-173
56
224
331
389
400
406
485
666
904
1151
1391
1589
1680
1666
1643
1698
1826
1993
2190
2398
2552
2593
2537
2445
2366
2330
2359
2428
2477
2474
2432
2350
2189
1953
1730
1595
1533
1488
1426
1326
1157
902
605
333
117
-49
-171
-273
-395
-559
-755
-971
-1213
-1456
-1637
-1723
-1759
-1810
-1899
-2011
-2149
-2311
-2460
-2549
-2570
-2540
-2478
-2420
-2407
-2449
-2491
-2492
-2469
-2441
-2372
-2227
-2052
-1924
-1855
-1789
-1710
-1633
-1546
-1405
-1210
-1015
-858
-733
-626
-551
-496
-421
-297
-137
34
192
308
360
371
382
411
442
471
514
575
624
633
595
516
418
341
312
315
311
277
220
138
24
-106
-219
-294
-337
-359
-376
-400
-435
-474
-523
-591
-655
-667
-606
-515
-439
-384
-334
-296
-266
-211
-107
25
162
309
476
650
796
909
1010
1119
1257
1438
1642
1820
1950
2061
2172
2268
2334
2390
2457
2534
2609
2681
2735
2738
2681
2608
2555
2506
2437
2355
2271
2174
2044
1894
1736
1550
1327
1102
924
792
655
476
262
59
-118
-288
-480
-698
-901
-1056
-1171
-1293
-1449
-1616
-1752
-1836
-1898
-1976
-2063
-2100
-2069
-2028
-2042
-2095
-2116
-2081
-2049
-2054
-2059
-2010
-1907
-1792
-1690
-1607
-1533
-1453
-1347
-1232
-1136
-1063
-977
-864
-750
-669
-616
-575
-528
-467
-383
-289
-205
-142
-86
-36
-7
-6
-20
-30
-28
-15
-2
-4
-20
-42
-73
-124
-184
-227
-249
-274
-311
-335
-341
-363
-426
-501
-554
-585
-608
-617
-609
-602
-607
-606
-590
-586
-603
-598
-528
-413
-311
-248
-202
-139
-49
56
148
220
299
427
597
758
879
976
1079
1189
1297
1415
1543
1662
1761
1856
1954
2034
2080
2106
2142
2191
2230
2246
2245
2240
2228
2191
2120
2034
1954
1888
1817
1728
1620
1491
1349
1208
1076
940
785
624
473
334
195
58
-78
-229
-395
-546
-661
-764
-885
-1001
-1076
-1126
-1193
-1280
-1343
-1368
-1385
-1419
-1452
-1468
-1471
-1455
-1410
-1349
-1303
-1276
-1239
-1173
-1089
-1008
-934
-863
-790
-712
-627
-546
-482
-431
-383
-332
-276
-214
-150
-91
-46
-17
-10
-15
-13
2
6
-28
-79
-111
-120
-150
-218
-303
-378
-442
-495
-536
-574
-628
-696
-763
-825
-891
-954
-1002
-1049
-1109
-1158
-1159
-1128
-1121
-1156
-1184
-1160
-1097
-1030
-980
-937
-882
-804
-706
-611
-537
-464
-362
-229
-89
39
156
276
405
540
663
768
866
982
1116
1240
1336
1415
1490
1567
1634
1689
1732
1761
1781
1804
1831
1845
1832
1798
1756
1709
1654
1594
1530
1464
1395
1318
1224
1115
1010
918
821
701
573
466
383
299
199
93
-11
-110
-201
-276
-338
-404
-478
-543
-589
-626
-668
-707
-728
-736
-742
-742
-724
-693
-668
-654
-637
-603
-557
-519
-485
-442
-385
-328
-271
-212
-145
-86
-35
16
72
123
164
193
216
230
241
261
288
312
320
312
291
261
236
220
198
150
80
19
-24
-69
-130
-202
-275
-360
-458
-546
-604
-640
-689
-765
-855
-931
-975
-1006
-1050
-1111
-1171
-1210
-1229
-1241
-1251
-1257
-1257
-1246
-1213
-1165
-1120
-1085
-1045
-987
-922
-855
-778
-686
-597
-514
-426
-326
-231
-142
-46
63
166
253
347
460
571
666
755
840
903
944
999
1079
1143
1164
1169
1188
1209
1212
1215
1244
1277
1272
1224
1171
1136
1114
1084
1028
945
863
803
753
676
580
506
464
417
346
267
200
134
70
26
-8
-66
-150
-210
-227
-233
-261
-295
-313
-325
-337
-338
-322
-305
-297
-276
-236
-195
-160
-118
-74
-51
-44
-11
58
124
160
183
220
261
284
298
321
361
411
451
454
422
402
425
454
435
373
324
305
284
244
199
148
71
-12
-60
-71
-93
-167
-269
-361
-428
-480
-525
-583
-667
-755
-818
-850
-883
-928
-975
-1020
-1074
-1125
-1140
-1110
-1077
-1092
-1147
-1186
-1167
-1105
-1054
-1045
-1055
-1042
-997
-942
-886
-816
-733
-668
-630
-590
-518
-432
-359
-302
-242
-175
-111
-49
24
109
184
242
292
353
420
481
523
554
580
606
631
665
705
737
740
727
724
734
748
751
746
734
712
688
667
644
614
584
568
550
510
452
406
379
354
320
286
257
237
221
203
172
132
103
102
109
101
83
64
39
10
1
22
47
50
47
64
94
120
143
167
182
184
189
210
235
250
264
291
317
334
354
376
377
360
353
374
395
398
404
418
413
374
336
327
327
306
271
238
203
167
142
123
76
-1
-61
-77
-83
-118
-173
-224
-272
-322
-357
-377
-406
-468
-533
-570
-588
-611
-646
-676
-702
-723
-734
-735
-732
-729
-722
-717
-724
-732
-723
-707
-707
-707
-679
-623
-579
-560
-536
-492
-446
-414
-385
-347
-308
-268
-214
-145
-90
-62
-44
-17
25
71
122
178
224
245
247
261
307
365
396
386
366
378
419
455
466
465
459
438
406
392
413
435
419
373
335
325
328
319
282
228
184
169
176
173
145
111
93
87
69
37
9
-6
-15
-26
-41
-55
-56
-38
-4
20
13
-12
-18
9
50
80
94
110
139
174
201
220
237
264
309
363
401
403
388
400
453
503
513
502
513
546
564
558
550
560
568
553
520
482
441
397
362
339
317
283
239
196
156
105
37
-36
-86
-109
-143
-223
-338
-435
-485
-513
-552
-598
-638
-681
-736
-781
-803
-829
-883
-933
-933
-904
-907
-945
-964
-939
-911
-916
-926
-901
-848
-803
-783
-768
-736
-685
-620
-556
-500
-447
-387
-325
-270
-215
-147
-85
-61
-62
-31
56
149
197
207
226
273
326
365
393
412
416
413
427
467
499
492
452
410
387
370
344
321
312
314
306
281
251
220
188
160
146
136
105
50
2
-17
-25
-49
-78
-90
-89
-94
-106
-104
-87
-80
-89
-84
-47
-5
6
-10
-8
34
88
116
120
138
180
216
233
259
318
380
402
398
419
473
517
527
527
540
547
536
533
554
565
535
496
492
513
504
457
414
396
368
306
238
197
164
105
26
-33
-57
-76
-131
-215
-291
-340
-373
-414
-464
-513
-558
-611
-667
-706
-720
-730
-757
-787
-795
-784
-783
-793
-782
-741
-709
-713
-717
-676
-608
-572
-569
-540
-462
-388
-355
-323
-242
-145
-89
-67
-18
63
130
169
224
314
386
398
388
424
500
559
570
571
600
638
642
615
601
626
657
647
607
585
584
555
481
420
412
412
355
266
217
210
176
90
12
-8
-10
-61
-150
-206
-209
-203
-237
-295
-338
-356
-378
-413
-437
-432
-418
-430
-455
-442
-377
-317
-309
-330
-317
-264
-221
-206
-178
-109
-47
-34
-36
18
116
177
178
195
276
360
369
340
371
461
509
475
442
487
548
538
483
473
514
519
463
410
408
406
353
282
248
237
190
109
47
19
-21
-102
-189
-233
-246
-284
-358
-425
-447
-454
-497
-573
-631
-645
-650
-679
-712
-713
-692
-690
-704
-695
-654
-619
-609
-596
-555
-507
-482
-456
-393
-304
-235
-196
-152
-83
-14
34
71
120
176
230
292
370
447
488
499
516
563
614
637
639
645
666
679
662
633
624
636
635
599
547
510
488
456
411
364
313
241
160
106
85
53
-16
-89
-126
-156
-222
-306
-346
-343
-367
-450
-532
-552
-532
-532
-557
-568
-552
-543
-547
-543
-516
-486
-467
-442
-403
-360
-320
-274
-214
-159
-120
-87
-44
13
84
167
242
285
299
325
390
465
514
542
576
612
628
630
647
672
664
616
581
594
620
606
556
514
490
454
389
332
307
289
231
130
36
-17
-49
-100
-179
-257
-312
-357
-410
-461
-488
-506
-544
-606
-654
-662
-657
-672
-702
-711
-688
-661
-649
-639
-612
-579
-558
-538
-488
-406
-327
-290
-276
-230
-131
-24
38
74
140
233
293
299
332
439
541
537
472
498
629
718
677
620
681
792
800
715
686
742
737
607
496
523
579
504
351
293
333
293
129
14
58
113
-5
-217
-305
-248
-243
-383
-523
-521
-464
-519
-660
-722
-671
-649
-738
-821
-772
-663
-649
-735
-766
-671
-567
-568
-612
-570
-450
-378
-392
-381
-263
-115
-57
-68
-29
90
192
212
216
294
414
473
463
482
581
678
675
614
625
733
816
778
689
674
716
695
587
525
579
633
548
386
321
368
363
225
90
80
107
20
-144
-225
-200
-215
-339
-452
-456
-440
-522
-647
-679
-626
-626
-709
-754
-692
-623
-659
-741
-745
-659
-589
-581
-567
-499
-416
-375
-364
-331
-267
-198
-133
-63
7
70
133
207
273
312
342
403
487
547
570
597
650
689
687
685
729
778
756
678
643
686
714
650
554
520
521
468
369
327
354
332
194
53
27
55
0
-133
-215
-215
-250
-379
-491
-486
-441
-490
-611
-664
-617
-586
-645
-719
-721
-681
-676
-695
-676
-619
-577
-567
-541
-479
-420
-394
-371
-320
-250
-190
-137
-79
-24
26
82
148
193
208
236
314
402
425
393
395
464
527
522
493
508
542
518
461
464
525
522
405
293
301
352
286
126
44
97
134
35
-100
-126
-92
-147
-285
-345
-279
-238
-336
-473
-513
-488
-523
-604
-600
-493
-425
-479
-554
-526
-438
-415
-458
-453
-348
-239
-219
-261
-263
-186
-81
-7
34
84
157
226
263
289
345
436
498
495
489
551
647
669
605
583
673
762
716
601
587
687
730
635
540
570
617
517
336
288
384
402
239
86
113
182
71
-153
-222
-107
-80
-274
-466
-428
-294
-336
-531
-615
-524
-488
-628
-740
-645
-491
-530
-702
-741
-597
-507
-587
-656
-544
-377
-359
-447
-435
-290
-187
-211
-231
-138
-22
-11
-64
-46
60
149
166
175
226
288
308
294
296
328
373
401
395
363
347
370
388
339
250
213
246
255
176
85
76
104
53
-60
-106
-59
-47
-144
-240
-225
-180
-247
-378
-403
-308
-271
-378
-473
-413
-298
-312
-423
-445
-338
-269
-324
-371
-284
-155
-133
-182
-144
-2
93
71
49
136
271
333
327
344
410
460
466
477
530
595
633
650
663
679
693
707
712
696
676
679
692
670
611
575
572
539
447
373
385
405
319
172
117
174
174
26
-128
-135
-76
-137
-298
-369
-307
-290
-419
-541
-503
-410
-457
-597
-619
-498
-438
-541
-637
-568
-445
-460
-572
-582
-461
-384
-431
-462
-363
-237
-229
-286
-253
-127
-60
-102
-127
-40
72
85
27
25
107
183
182
148
146
175
199
208
212
212
202
187
168
140
113
103
106
88
48
24
22
-3
-78
-138
-122
-78
-104
-191
-237
-209
-205
-284
-362
-338
-266
-274
-358
-387
-320
-271
-322
-378
-319
-205
-185
-254
-264
-167
-92
-132
-178
-96
52
107
57
46
141
238
241
213
259
355
403
386
384
443
509
520
493
487
511
526
505
480
503
562
588
533
451
423
448
444
375
311
312
328
276
177
129
149
138
38
-69
-78
-31
-55
-168
-244
-216
-180
-247
-355
-372
-303
-287
-365
-423
-378
-318
-352
-431
-424
-339
-305
-366
-407
-347
-268
-274
-319
-285
-177
-119
-156
-178
-102
3
18
-40
-44
41
115
103
66
89
150
162
128
123
172
211
190
148
143
161
155
124
105
111
122
118
99
80
63
43
9
-37
-78
-93
-89
-101
-146
-192
-205
-200
-214
-244
-250
-233
-239
-276
-286
-242
-200
-223
-276
-276
-225
-201
-233
-251
-201
-129
-102
-108
-86
-36
-6
-7
0
35
69
86
102
137
176
189
180
182
218
271
303
296
280
293
341
382
387
370
355
346
337
327
322
316
294
258
223
209
220
237
229
191
147
121
96
60
33
38
37
-22
-112
-154
-131
-117
-163
-227
-252
-249
-257
-269
-257
-240
-258
-298
-314
-290
-267
-275
-288
-273
-243
-233
-246
-247
-223
-194
-180
-164
-122
-75
-58
-65
-57
-21
17
45
73
105
116
103
101
134
179
204
217
231
236
228
237
277
309
299
272
272
296
304
289
271
254
227
197
182
174
157
140
134
121
73
11
-18
-9
-2
-35
-90
-132
-148
-152
-169
-204
-238
-249
-242
-239
-245
-246
-242
-244
-257
-263
-257
-261
-276
-276
-250
-229
-225
-215
-179
-141
-130
-121
-78
-21
4
-2
9
54
90
89
87
121
166
177
164
171
204
223
218
220
251
286
300
303
310
303
276
253
255
260
238
204
187
181
161
131
111
95
66
33
16
0
-43
-94
-115
-112
-131
-179
-214
-214
-216
-247
-282
-294
-289
-293
-297
-289
-280
-293
-322
-334
-316
-287
-271
-266
-257
-252
-256
-261
-240
-187
-135
-107
-94
-74
-51
-30
3
54
94
98
90
106
143
170
187
213
240
241
231
245
277
279
247
232
251
269
264
260
274
278
252
220
212
217
206
168
116
80
74
79
49
-17
-62
-48
-25
-54
-111
-128
-110
-124
-180
-225
-238
-249
-271
-273
-258
-265
-289
-282
-239
-227
-275
-319
-300
-253
-241
-264
-271
-248
-214
-181
-142
-106
-85
-66
-28
23
59
77
102
143
167
151
121
124
171
230
270
298
322
341
351
359
368
361
338
324
326
316
280
251
257
277
276
260
252
238
198
158
154
158
121
60
28
22
-8
-67
-110
-122
-142
-174
-181
-168
-187
-249
-291
-285
-278
-309
-339
-327
-308
-330
-368
-362
-317
-286
-289
-294
-281
-267
-257
-232
-182
-130
-99
-87
-75
-45
13
74
97
77
66
118
200
240
231
239
287
318
296
279
312
351
335
298
313
365
371
326
304
322
316
264
223
224
217
166
113
94
80
41
10
4
-11
-62
-105
-111
-121
-177
-241
-265
-269
-292
-322
-341
-368
-416
-442
-420
-398
-421
-447
-425
-386
-388
-403
-371
-307
-273
-269
-247
-205
-185
-179
-136
-60
-16
-17
0
68
143
177
194
236
289
314
313
322
340
350
354
377
414
428
414
415
445
462
432
395
399
420
393
326
282
274
248
181
117
84
57
19
-10
-22
-50
-104
-147
-172
-218
-293
-339
-329
-314
-345
-392
-412
-422
-440
-450
-439
-440
-464
-456
-404
-370
-394
-411
-353
-269
-239
-242
-209
-144
-105
-92
-61
-5
37
67
114
175
220
252
297
344
358
350
364
399
421
424
431
442
435
418
418
434
435
418
401
389
358
306
260
226
180
115
59
28
-1
-51
-105
-141
-167
-210
-269
-317
-347
-373
-412
-454
-489
-520
-549
-569
-572
-576
-591
-600
-582
-548
-527
-514
-486
-446
-421
-410
-380
-328
-280
-250
-217
-163
-108
-73
-37
23
98
157
196
231
274
316
351
386
418
442
452
458
471
497
523
536
541
547
550
533
497
467
456
444
414
376
350
327
291
242
201
170
129
72
14
-28
-63
-110
-171
-228
-259
-266
-279
-324
-381
-414
-419
-423
-429
-417
-389
-373
-380
-382
-368
-356
-354
-337
-291
-247
-228
-212
-171
-116
-76
-49
-10
45
90
113
128
154
189
229
265
297
323
342
353
363
389
424
445
440
435
444
448
411
350
315
318
324
307
278
259
251
236
200
145
84
39
7
-28
-67
-90
-94
-115
-175
-240
-269
-270
-280
-305
-325
-334
-350
-373
-385
-383
-375
-366
-363
-374
-384
-362
-313
-281
-286
-280
-226
-166
-145
-146
-113
-58
-38
-47
-25
45
107
118
108
123
161
191
201
205
218
236
247
242
238
252
276
268
224
189
193
214
206
178
