14
25
26
22
23
30
32
29
29
31
26
16
13
21
26
16
-1
-4
10
27
39
47
56
58
50
35
25
27
35
42
48
50
47
37
31
41
63
73
57
35
36
58
72
67
64
74
80
63
39
36
57
78
82
74
60
44
34
34
35
34
33
39
46
47
39
28
18
7
4
14
31
37
30
18
5
-12
-25
-22
-6
0
-17
-40
-47
-38
-27
-15
-1
12
9
-5
-14
-8
-1
0
-1
2
1
-10
-25
-34
-37
-38
-37
-40
-51
-63
-62
-49
-42
-46
-45
-30
-22
-37
-64
-83
-92
-95
-90
-82
-83
-92
-90
-72
-59
-62
-71
-75
-79
-91
-98
-80
-46
-30
-41
-65
-76
-70
-58
-57
-64
-66
-51
-34
-23
-11
7
10
-10
-27
-16
4
4
-11
-12
3
11
10
11
8
-6
-12
9
34
22
-18
-36
-19
3
5
1
10
26
39
37
19
-7
-10
16
31
5
-27
-12
34
47
14
-10
12
49
60
50
41
36
25
13
11
15
15
17
24
30
33
36
43
45
40
43
62
80
76
50
29
33
42
35
15
6
14
16
1
-19
-16
15
48
54
28
-11
-33
-29
-23
-38
-63
-68
-51
-41
-47
-48
-31
-17
-21
-29
-24
-15
-18
-29
-32
-30
-33
-35
-26
-10
4
7
5
6
15
31
35
18
-1
-3
8
12
6
3
4
-7
-27
-35
-21
4
20
23
23
26
30
23
3
-12
-1
27
37
19
0
-5
-8
-24
-37
-33
-18
-12
-15
-20
-27
-37
-33
-6
17
7
-23
-38
-32
-22
-20
-14
-1
14
27
36
40
32
21
16
20
25
24
18
9
-3
-15
-23
-20
-4
15
24
17
6
8
18
22
15
8
16
32
40
32
21
24
40
51
52
54
61
56
32
4
-5
-1
-3
-11
-12
-5
-1
-4
-6
-6
-16
-27
-25
-8
2
-4
-13
-11
1
8
4
-13
-36
-49
-41
-26
-17
-17
-17
-16
-22
-32
-44
-50
-45
-27
-8
-5
-16
-17
1
14
11
11
26
38
29
13
11
20
26
29
34
31
10
-13
-14
9
34
36
16
-8
-14
4
21
11
-10
-5
33
62
60
46
45
59
67
58
41
30
28
30
23
0
-24
-32
-26
-23
-25
-25
-20
-13
-7
-4
-9
-22
-31
-27
-20
-22
-29
-38
-47
-50
-39
-27
-35
-63
-79
-71
-64
-68
-63
-36
-14
-18
-36
-45
-47
-49
-45
-39
-41
-51
-48
-27
-15
-24
-27
-5
16
12
-1
7
24
24
4
-17
-25
-21
-6
12
17
5
-6
0
19
35
42
34
14
-4
-5
0
-6
-19
-16
1
4
-7
-10
8
25
22
10
7
16
26
38
40
23
-4
-16
-6
12
27
37
42
34
14
-4
-7
-1
7
18
30
38
41
42
37
23
9
5
3
-3
-10
-9
-9
-16
-20
-6
18
27
14
3
11
22
13
-5
0
32
53
39
12
13
35
42
26
24
53
85
87
76
76
80
69
53
55
67
63
45
39
46
43
21
1
-4
1
5
1
-14
-34
-38
-17
-2
-15
-40
-42
-24
-9
1
14
23
11
-9
-10
2
-5
-33
-51
-48
-45
-52
-56
-47
-38
-35
-24
-5
0
-15
-32
-38
-37
-34
-33
-36
-47
-55
-49
-39
-40
-51
-59
-61
-68
-70
-56
-28
-12
-16
-17
4
34
44
17
-22
-34
-7
25
26
6
3
22
29
6
-14
-4
19
20
0
-16
-13
1
13
16
3
-19
-25
-16
-10
-17
-14
11
31
19
-2
-7
-2
-11
-30
-38
-28
-17
-16
-23
-37
-47
-46
-36
-30
-33
-30
-23
-28
-43
-36
-4
12
-8
-31
-20
4
6
-4
10
42
51
27
2
-6
-11
-22
-23
-3
23
35
34
31
26
21
22
34
49
56
49
34
23
22
28
29
21
14
11
12
14
21
37
53
50
30
8
3
4
-7
-24
-25
-5
9
-4
-24
-22
-9
-13
-33
-40
-23
-11
-19
-29
-30
-33
-44
-46
-30
-16
-16
-18
-6
11
18
10
-13
-50
-84
-82
-41
5
21
12
4
4
8
14
15
7
-2
8
34
44
26
10
20
35
30
15
17
35
47
49
57
63
50
18
7
32
66
68
41
24
41
70
78
59
39
34
40
45
50
59
66
55
25
-6
-15
-12
-15
-29
-38
-26
-7
-2
-11
-17
-19
-31
-50
-57
-41
-25
-27
-36
-33
-27
-38
-62
-72
-63
-63
-81
-100
-99
-83
-66
-53
-43
-43
-50
-59
-63
-59
-51
-38
-29
-27
-33
-36
-34
-30
-28
-25
-22
-24
-26
-20
-4
11
12
2
-1
19
54
70
49
12
-9
-5
4
0
-13
-16
-2
23
40
33
7
-11
-6
7
3
-12
-16
-4
4
-2
-12
-19
-25
-25
-17
-13
-27
-39
-22
11
20
-3
-21
-9
14
19
18
29
45
45
31
20
11
-3
-11
-3
17
32
36
24
2
-11
2
33
45
20
-12
-11
20
34
15
-8
-12
-10
-24
-44
-43
-15
13
16
-5
-29
-38
-23
3
15
1
-20
-17
7
14
-14
-48
-52
-39
-37
-43
-39
-29
-30
-30
-14
1
-8
-28
-22
3
5
-24
-35
-10
17
13
-3
-3
9
12
11
17
22
14
-5
-26
-44
-47
-29
-1
2
-18
-26
-9
8
2
-9
-1
15
14
1
-7
-7
-6
-5
-3
1
7
27
51
57
38
30
51
82
82
53
24
21
33
40
28
6
-4
6
26
37
40
44
47
37
27
34
52
51
30
9
3
-7
-21
-18
7
27
15
-12
-26
-22
-18
-18
-13
-3
3
12
28
37
18
-16
-35
-35
-41
-59
-66
-48
-27
-23
-26
-17
-6
-15
-41
-52
-33
-8
2
6
17
26
11
-18
-38
-41
-35
-24
-10
0
5
12
29
42
37
24
21
28
29
25
25
24
8
-10
-1
30
56
70
81
89
75
50
45
58
53
22
0
6
18
9
-1
10
23
13
-1
6
26
31
22
23
38
48
50
54
61
61
57
53
48
34
22
31
56
71
64
49
45
53
58
51
35
22
22
29
25
7
-11
-15
-11
-8
-7
-12
-25
-40
-44
-32
-26
-34
-42
-27
4
22
14
-9
-29
-35
-36
-39
-47
-54
-53
-49
-50
-53
-49
-40
-41
-52
-53
-38
-32
-50
-67
-59
-42
-45
-68
-73
-56
-43
-55
-71
-61
-33
-20
-36
-58
-59
-41
-23
-19
-16
-1
24
38
34
24
19
17
8
-2
-2
6
7
0
-9
-12
-8
2
15
28
27
14
4
15
38
48
35
21
31
59
74
57
30
19
21
20
18
20
19
-3
-28
-28
-5
3
-17
-32
-17
3
-12
-47
-54
-22
10
7
-17
-26
-8
10
12
2
1
17
34
40
38
31
22
5
-10
-12
2
15
17
18
30
46
51
40
19
6
6
18
37
56
70
69
57
46
43
38
16
-10
-16
1
20
27
33
43
44
26
5
-3
-7
-21
-33
-29
-15
-4
-1
-2
-14
-34
-43
-34
-29
-43
-51
-33
-12
-19
-40
-38
-16
-5
-13
-17
-11
-19
-37
-38
-7
26
39
36
27
12
-4
-7
3
5
-9
-23
-18
-1
10
8
-5
-27
-45
-47
-36
-33
-46
-60
-58
-47
-46
-61
-80
-92
-91
-74
-47
-18
4
14
17
8
-7
-15
-10
3
6
-13
-41
-46
-19
15
20
-1
-15
-9
-6
-22
-36
-26
-4
12
22
34
35
9
-27
-40
-23
-5
-3
-9
-6
6
20
32
39
37
29
27
33
39
36
25
14
9
14
16
6
-18
-32
-18
12
23
7
-16
-18
-4
-5
-29
-47
-39
-15
-3
-13
-24
-21
-12
-9
-11
-7
-1
-4
-10
-6
4
10
7
5
4
5
11
26
42
38
17
6
16
30
35
36
40
41
33
27
39
58
62
45
25
14
9
6
3
-3
-6
1
19
33
32
22
24
41
53
49
36
28
20
2
-21
-30
-18
0
6
11
25
38
25
-4
-17
3
27
32
24
26
26
10
-11
-13
4
21
24
16
0
-19
-15
15
45
45
27
17
13
-5
-27
-24
3
20
11
3
6
7
2
14
43
57
44
33
51
74
74
56
48
48
39
30
32
35
16
-14
-25
-6
17
29
26
21
17
23
39
47
32
3
-16
-20
-19
-22
-24
-22
-17
-15
-17
-22
-27
-28
-22
-11
-3
-2
-11
-28
-42
-48
-53
-62
-66
-47
-17
-7
-30
-58
-59
-35
-12
-1
4
6
9
15
26
38
42
43
43
37
24
15
27
48
55
40
20
15
29
53
74
78
58
32
25
39
47
27
-5
-16
-6
-2
-18
-36
-33
-12
11
31
46
44
22
0
3
27
39
30
15
9
5
-7
-20
-29
-36
-42
-38
-28
-34
-59
-80
-79
-72
-76
-80
-67
-48
-53
-76
-89
-79
-61
-49
-48
-60
-80
-88
-66
-31
-14
-19
-26
-25
-34
-54
-66
-56
-42
-39
-40
-33
-22
-20
-24
-24
-20
-20
-25
-25
-22
-19
-20
-15
2
26
37
25
-1
-18
-15
-4
1
1
9
21
24
14
-3
-9
2
19
28
21
10
17
38
47
32
14
15
22
12
-18
-40
-32
-5
22
28
17
-2
-10
-6
-7
-17
-19
-2
20
18
1
-11
-14
-20
-29
-22
-7
-7
-30
-45
-31
-5
-1
-15
-20
-2
19
23
11
0
-2
-2
-2
2
13
25
28
23
23
31
40
45
57
81
94
77
40
21
26
32
16
-5
-6
12
23
10
-16
-34
-35
-26
-16
-12
-10
-12
-14
-9
8
25
23
0
-22
-23
-11
0
7
13
7
-20
-48
-46
-18
0
-8
-19
-7
19
26
8
-13
-22
-26
-31
-30
-17
-5
0
3
13
23
25
20
22
29
21
-7
-31
-25
6
29
26
15
17
28
27
6
-14
-12
4
13
2
-9
-2
18
29
26
15
5
-6
-15
-12
2
13
13
15
29
41
29
4
-8
-3
1
-5
-9
-7
-16
-41
-61
-57
-41
-35
-35
-22
0
4
-14
-37
-43
-28
-8
4
1
-11
-17
-16
-19
-32
-48
-51
-42
-28
-21
-21
-26
-29
-24
-15
-6
-1
6
10
3
-20
-36
-25
-2
0
-24
-44
-39
-25
-31
-54
-66
-49
-21
-8
-12
-16
-13
-6
5
21
36
39
27
16
19
32
40
36
32
29
24
13
4
6
12
23
32
36
24
5
-4
6
21
27
25
25
28
25
24
29
34
23
3
-2
18
37
27
-4
-26
-22
-7
-3
-11
-14
-8
-2
-5
-13
-9
8
22
18
4
1
11
17
7
-5
1
20
32
23
9
1
1
0
3
8
6
-6
-12
2
22
24
10
2
12
30
39
44
42
25
-8
-30
-17
13
26
11
-8
-14
-15
-20
-21
-12
-8
-23
-40
-36
-22
-31
-58
-68
-44
-15
-19
-44
-49
-27
-9
-23
-55
-67
-50
-22
-14
-29
-45
-48
-40
-30
-22
-15
-20
-47
-73
-66
-24
13
13
-14
-30
-28
-26
-29
-25
-10
-2
-13
-34
-51
-64
-69
-60
-36
-20
-30
-51
-49
-21
-3
-17
-46
-55
-40
-22
-13
-9
-13
-29
-52
-59
-47
-40
-55
-72
-64
-34
-11
-12
-18
-18
-15
-19
-16
7
37
49
28
-1
-8
9
20
6
-8
14
63
87
59
16
5
29
48
50
58
87
107
89
47
23
38
66
73
56
31
23
39
64
74
62
46
50
71
86
72
46
35
43
49
45
41
47
46
25
8
20
44
43
9
-19
-17
-8
-18
-39
-35
-11
-2
-19
-40
-40
-22
-6
-2
-5
-4
9
30
43
40
23
2
-16
-23
-15
-1
6
1
-6
-1
10
15
15
15
15
10
4
4
6
2
-7
-9
-1
7
4
-7
-14
-11
-6
-8
-12
-8
5
10
-6
-31
-41
-28
-9
0
1
2
1
-5
-16
-24
-16
6
24
17
-13
-35
-28
-11
-13
-27
-25
-7
0
-13
-21
-8
5
-8
-33
-45
-37
-27
-28
-37
-44
-43
-35
-28
-33
-48
-52
-38
-16
-5
-5
-4
-1
-6
-23
-41
-43
-21
5
14
5
-2
7
26
31
26
32
56
78
75
48
24
17
26
32
23
10
11
19
13
-5
-9
9
20
5
-12
3
34
43
23
8
13
28
34
37
37
34
38
56
74
65
38
25
32
36
25
16
20
22
13
7
19
42
53
48
35
26
26
28
20
-3
-21
-9
22
39
28
15
29
57
67
48
25
25
44
52
37
19
17
28
23
3
-8
9
31
35
27
28
37
44
48
52
50
36
18
14
28
49
61
50
19
-4
6
34
39
13
-7
7
29
23
-4
-11
8
21
9
-20
-49
-67
-65
-48
-36
-40
-44
-34
-17
-18
-34
-42
-39
-44
-56
-53
-30
-12
-14
-21
-14
4
19
17
6
-11
-20
-17
-7
4
2
-14
-37
-56
-61
-69
-83
-93
-85
-76
-80
-84
-66
-31
-18
-34
-50
-43
-32
-29
-20
2
15
6
1
24
56
65
41
12
-1
13
44
66
58
30
14
24
35
29
16
11
6
-10
-11
15
44
42
17
5
17
28
18
1
-9
-6
-1
-4
-20
-36
-37
-27
-23
-26
-21
-7
2
-3
-3
11
16
-6
-33
-32
-9
-4
-25
-46
-36
-10
2
-14
-37
-40
-21
3
11
1
-18
-34
-41
-38
-27
-22
-25
-28
-24
-18
-19
-19
-16
-17
-23
-20
2
23
22
9
8
13
-3
-32
-38
-12
17
18
5
2
11
19
20
17
18
31
48
57
52
40
31
23
11
4
7
8
1
-1
11
15
-2
-14
5
37
39
19
16
37
44
24
3
-8
-25
-55
-68
-50
-22
-9
1
23
48
58
57
56
51
42
40
45
46
38
35
40
37
18
5
17
35
27
-4
-21
-11
4
3
-13
-24
-20
-10
-7
-16
-21
-13
1
6
-5
-19
-20
-8
-1
-7
-20
-23
-16
-12
-19
-27
-23
-11
-5
-6
2
16
24
21
14
3
-18
-39
-34
-5
20
22
16
15
13
2
-3
10
25
28
23
18
9
-4
-9
3
11
1
-14
-8
7
10
6
9
16
10
3
11
27
20
-8
-20
-2
16
7
-15
-25
-18
-11
-6
1
10
6
-7
-19
-23
-24
-31
-46
-58
-51
-23
-2
-13
-44
-60
-47
-31
-32
-39
-35
-20
-10
-6
-4
-5
-14
-19
-18
-20
-31
-42
-39
-23
-10
-7
-7
-4
6
13
9
-1
1
25
52
56
37
19
10
-5
-22
-22
2
19
11
1
16
43
48
30
20
38
69
87
81
55
28
14
18
35
52
56
43
20
3
-1
7
17
22
19
10
4
8
10
-3
-24
-33
-28
-26
-37
-47
-46
-36
-21
-2
7
-7
-38
-60
-59
-41
-19
1
5
-13
-33
-26
-4
-6
-27
-24
21
60
52
14
-7
-3
14
33
45
44
28
18
29
41
35
27
32
35
22
9
18
34
27
4
-4
5
8
0
0
10
0
-34
-49
-28
-5
-21
-55
-57
-22
11
21
13
-8
-33
-40
-17
8
-3
-36
-41
-9
9
-11
-30
-15
6
2
-16
-15
1
10
6
-3
-14
-28
-32
-21
-6
1
7
11
4
-11
-12
4
12
0
-7
6
22
16
-1
-7
-8
-16
-19
-10
2
3
3
19
43
54
45
31
25
22
19
19
33
51
55
44
31
35
46
44
28
20
26
27
20
18
28
31
11
-10
-12
-1
7
11
11
3
-12
-14
-2
1
-11
-15
0
10
-3
-18
-13
-1
-5
-18
-25
-34
-54
-64
-47
-18
-11
-23
-27
-17
-12
-17
-16
-2
7
-2
-22
-31
-29
-23
-25
-32
-32
-16
0
-5
-29
-44
-30
-5
0
-13
-16
-2
3
-11
-24
-17
-11
-27
-49
-42
-14
2
-1
7
28
33
6
-29
-43
-39
-30
-16
1
5
-7
-14
-4
4
-10
-34
-46
-41
-24
2
25
28
10
-6
-7
-4
-11
-15
-4
12
12
-4
-15
-15
-2
19
34
28
4
-15
-12
4
11
-1
-25
-42
-44
-36
-28
-27
-31
-37
-45
-50
-46
-32
-18
-7
-1
-3
-12
-17
-8
-1
-18
-44
-40
-3
30
35
20
4
-6
-9
-2
6
1
0
17
31
15
-13
-8
24
36
13
-3
11
23
15
16
39
55
43
31
53
92
107
81
42
27
46
66
46
-6
-30
-1
35
19
-27
-42
-10
24
22
-3
-22
-22
-2
14
1
-41
-67
-48
-10
6
2
4
9
-3
-24
-29
-20
-16
-9
7
9
-26
-64
-58
-19
-13
-63
-112
-103
-44
5
13
-2
-7
5
13
2
-16
-14
17
44
42
21
13
28
40
24
-4
-4
30
59
48
17
11
32
40
13
-24
-34
-24
-23
-38
-51
-44
-18
3
-8
-44
-65
-44
-11
-12
-44
-57
-34
-19
-38
-60
-44
-10
-4
-29
-51
-48
-30
-18
-18
-25
-33
-35
-37
-46
-55
-49
-36
-35
-45
-40
-9
16
9
-17
-27
-11
12
19
6
-11
-12
17
54
63
39
16
27
56
70
66
62
66
65
59
59
70
83
87
77
63
59
76
103
114
96
68
61
69
70
59
57
69
70
49
28
35
61
68
43
9
-4
0
-5
-21
-25
-6
8
-6
-29
-30
-18
-24
-43
-48
-39
-42
-60
-63
-43
-31
-44
-56
-43
-20
-7
-3
-2
-12
-27
-22
6
19
-3
-32
-33
-16
-7
-5
2
3
-12
-24
-9
19
39
49
57
52
25
-2
-4
12
16
1
-13
-18
-22
-26
-31
-38
-47
-48
-35
-16
-6
-9
-10
0
9
6
-12
-27
-21
2
18
9
-14
-31
-31
-19
-3
2
-14
-40
-49
-32
-13
-22
-54
-78
-69
-30
17
46
49
42
41
39
22
0
-6
9
20
15
3
1
5
2
-6
-6
8
36
63
66
45
24
17
4
-28
-51
-34
12
44
45
39
38
29
6
-18
-40
-54
-45
2
56
71
45
17
0
-28
-66
-79
-48
7
46
63
63
48
19
-15
-43
-54
-43
-14
18
35
29
1
-33
-55
-62
-71
-89
-86
-37
30
60
38
-7
-52
-94
-127
-122
-81
-34
-1
23
38
26
-21
-72
-83
-53
-19
-3
16
57
81
45
-31
-79
-78
-60
-43
-7
45
73
60
36
13
-34
-94
-105
-54
3
35
75
127
123
36
-54
-69
-45
-44
-43
8
77
96
55
-4
-65
-120
-135
-85
-11
41
68
76
48
-12
-64
-82
-84
-76
-36
23
54
57
65
60
-6
-100
-125
-67
-11
7
39
97
104
35
-39
-66
-81
-97
-55
46
116
90
28
-4
-24
-65
-81
-28
44
63
44
51
82
83
34
-21
-46
-44
-14
44
89
78
31
9
9
-15
-49
-28
43
82
51
20
33
41
1
-41
-28
20
54
62
52
30
0
-27
-59
-86
-67
9
83
99
70
39
9
-30
-48
-21
37
95
129
117
59
12
15
28
2
-25
6
74
129
167
182
128
17
-39
-10
5
-25
16
145
195
88
-9
15
19
-98
-182
-95
38
73
83
140
117
-52
-175
-122
-51
-102
-126
13
142
73
-66
-78
-41
-124
-244
-209
-50
72
113
124
86
-12
-92
-102
-113
-151
-110
34
132
88
18
28
43
-24
-103
-103
-56
-10
61
142
117
-26
-132
-110
-69
-96
-90
35
157
148
96
125
144
26
-125
-121
-12
4
-63
-19
135
178
45
-62
-17
45
6
-31
46
159
182
126
37
-84
-171
-122
-1
-15
-153
-146
69
193
38
-148
-106
12
-52
-204
-180
-6
83
36
-11
-8
-11
-24
-27
-53
-81
-11
139
177
49
-50
7
81
40
-30
-27
14
66
155
182
36
-105
13
218
116
-190
-204
69
76
-268
-337
93
361
21
-388
-285
-4
-91
-324
-204
94
97
-95
-65
132
128
-50
-107
-41
-39
-48
78
229
215
76
-22
-10
110
247
209
3
-31
232
388
202
80
219
84
-464
-546
173
517
-191
-646
145
749
-159
-971
78
1124
-425
-2729
-1977
926
1499
-700
-1545
89
556
-1321
-1784
664
2090
320
-1040
456
1479
-333
-1453
604
1868
-644
-2480
392
3476
1383
-2237
-1148
2243
1666
-1411
-1064
1696
1263
-1568
-1340
1386
1345
-1112
-1102
893
306
-1837
-722
2176
1281
-2140
-1909
1307
1241
-1865
-1806
1378
1436
-1779
-1846
1768
2519
-763
-1857
840
1714
-753
-1268
1445
2036
-806
-1691
889
1765
-574
-1161
1268
1623
-1235
-1869
1054
1871
-1081
-2044
946
2020
-1189
-2691
512
2563
-264
-2611
-219
2277
351
-2219
-1042
939
52
-1019
495
1371
-739
-1711
974
2274
-1012
-3002
800
4086
525
-4057
-1564
3584
2299
-2661
-2064
2630
2476
-1839
-1739
2285
1679
-2920
-2340
2788
2196
-3859
-3635
3571
4332
-3884
-6180
2740
7335
-1080
-7688
-720
6846
1160
-6831
-1932
6722
2749
-6609
-3935
5765
4615
-4581
-4092
4946
4900
-4478
-5318
4304
6217
-3677
-7252
2249
7631
-398
-6508
254
6525
375
-6365
-788
6721
2034
-6377
-3440
4708
2838
-4853
-3249
4810
3756
-5218
-5649
4053
7202
-1519
-7036
-872
5050
993
-4162
-883
3815
783
-4076
-1626
3433
2215
-1677
-271
2769
-93
-4176
-799
4947
2209
-4992
-3896
3737
4410
-2560
-4075
2304
4229
-1808
-3999
2018
4707
-1357
-5061
222
4286
-313
-4416
-193
3986
-57
-4566
-650
4989
2620
-3194
-2992
1114
1616
-595
-514
694
-123
-936
325
892
-475
-420
1364
766
-1572
-526
2420
831
-3181
-1576
3368
1969
-3711
-2446
4121
3154
-4413
-3974
4867
5740
-4065
-7146
2274
7158
-1132
-7092
-48
6595
1057
-5436
-836
5409
1370
-4911
-1706
4206
1552
-3768
-1065
3965
639
-5241
-1894
5612
3976
-3829
-3865
3420
4407
-2705
-5051
1281
4649
-677
-4742
-563
3789
790
-3165
-578
3268
1085
-2383
44
3440
-64
-5235
-2291
4485
3351
-3679
-4078
2587
4049
-2002
-3837
2326
5186
-706
-4903
-246
4436
872
-4179
-2256
1933
852
-1811
384
3540
1035
-3419
-2254
2427
2966
-707
-2282
-285
939
-422
-1614
-727
1009
1628
332
-1644
-1329
1990
3844
399
-4238
-3244
1717
2972
-270
-1475
664
455
-2639
-2079
2777
4145
-8
-2029
697
817
-3553
-3411
3523
5651
-2065
-6920
-246
6300
1581
-4671
-718
4589
-299
-5404
1791
8847
-553
-12586
-4749
11188
7194
-9452
-7497
10265
10188
-9588
-13341
6737
14776
-3003
-12953
2490
11903
-4367
-15270
2049
16737
1157
-15851
-2070
16914
4851
-16884
-8413
14735
10726
-11716
-11346
9148
10810
-8302
-12059
5333
11352
-2488
-7864
4322
8514
-4604
-10678
1514
9783
555
-7899
-1156
6562
1158
-6629
-3219
4525
4635
62
-981
118
-1062
-2321
-722
1174
879
34
-134
-442
-380
603
344
-1492
-681
3359
3737
-1946
-4893
145
4005
-1133
-6282
-817
7400
4625
-4627
-5498
1590
3658
-677
-984
3170
1756
-4443
-3906
2855
2934
-3849
-3230
5459
5417
-5625
-7503
5893
11575
-3000
-14574
-2700
13559
7765
-8821
-9043
2919
4056
-3356
-313
8198
2706
-9434
-5159
8740
5954
-8563
-6102
9957
7578
-12413
-13351
10115
18368
-3669
-18851
-2812
15477
7274
-8692
-5674
4969
1914
-5972
-1745
5811
2033
-4584
-1318
3491
-657
-4200
2415
7728
531
-7957
-4140
4338
4295
-903
-2144
-1331
-2392
-930
4348
4993
-1678
-5429
-570
4317
2049
-2159
-2170
-209
539
869
347
-2074
-2585
1691
4707
729
-3981
-1349
3682
2160
-2706
-2552
821
963
-578
111
176
-2094
-1124
3814
3634
-3322
-4934
3053
6993
-848
-7557
-2414
4650
2356
-2665
-1171
1688
-474
-1848
2020
3599
-1236
-3679
997
3785
-525
-3604
-543
1294
-1366
-1059
3334
2359
-4253
-4160
4288
6726
-1583
-6579
-516
5061
1149
-3955
-2013
1322
150
-691
2259
2931
-1634
-4035
248
4487
2513
-1759
-2550
-810
159
183
41
-327
-185
770
645
-962
-829
1901
2586
-1063
-3884
-1527
2330
2553
68
-1995
-3153
-2571
1430
5520
3438
-3042
-4656
704
4310
1209
-2434
-1174
1187
292
-1239
-360
723
188
294
1672
1225
-1304
-1810
704
2052
189
-1920
-1974
-853
739
2252
1064
-3233
-4704
862
6638
3407
-4678
-5044
2829
5596
-2058
-7744
-1238
8131
5742
-4981
-7857
837
7528
3266
-3680
-2951
2120
2700
-644
-1574
-122
-542
-1659
231
2567
829
-1976
-479
2241
128
-3513
-1356
3705
2856
-2761
-4138
-398
1104
-826
-532
1932
1177
-1660
-747
2202
855
-2606
-1070
3093
1702
-3305
-2692
2863
3692
-1372
-3386
526
3368
1591
-303
348
605
-900
-1744
-856
571
1816
1675
-1410
-4649
-2597
3238
4773
402
-2479
-890
-164
-1613
-147
2929
309
-5307
-3129
4927
5131
-3014
-4743
2494
4002
-3503
-4547
5125
8501
-1608
-8582
-2166
4107
65
-3010
2853
5472
-2489
-6890
1398
7732
388
-7412
-2051
6041
2992
-3838
-2347
1853
-625
-3747
377
4833
1971
-1657
259
1013
-3340
-3512
3890
6249
-1876
-6324
920
5773
-1510
-7087
353
7440
1338
-5584
283
6882
-579
-10013
-3839
7948
5684
-4447
-3537
4463
2113
-6829
-4509
6340
6928
-2644
-4464
3219
3971
-4553
-6365
2122
5708
-642
-3487
2411
4715
-1896
-5651
-469
3388
0
-1790
2484
3426
-3179
-6729
-1067
4254
1815
-1305
1129
2789
-1272
-3940
120
3682
463
-3180
-432
3557
1609
-2930
-3174
12
1825
1651
1066
58
-609
469
1010
-1818
-4162
-625
4448
2362
-4216
-4376
2202
4346
-1018
-3874
709
4396
1056
-3179
-1825
1560
1498
-479
-943
-587
-509
483
1712
496
-1931
-1261
2075
2980
230
-2053
-1784
-1014
-701
272
1256
659
-520
-729
-946
-1437
237
3478
2942
-2054
-3927
799
4170
78
-4461
-1503
3539
1876
-2685
-1330
3206
2129
-2801
-2811
1672
2623
-629
-1664
143
-85
-1751
-431
1908
416
-1962
330
3346
106
-4776
-1833
5234
4659
-2505
-4087
1397
2959
-1875
-3043
2231
4201
-429
-2413
1670
2810
-2250
-4025
1131
3299
-1825
-4013
1720
4631
-1518
-5909
-787
3862
-425
-4396
492
4869
-457
-5946
-1162
4884
780
-5239
-1139
5543
2241
-4219
-943
5763
2579
-4645
-1966
5528
3368
-4355
-2967
4445
3376
-3736
-2559
4738
3454
-4786
-4499
4193
5578
-2457
-5473
192
2386
-2370
-3433
1782
2837
-2753
-4647
347
2939
-375
-2029
517
754
-2193
-1510
2618
2326
-2339
-2841
1617
2735
-856
-1424
2666
4071
409
-2215
-888
810
1432
2575
2287
-1695
-4578
-1268
3194
1421
-2820
-1547
2183
146
-4664
-2850
3591
4079
-2030
-5088
-2165
291
59
1207
2986
499
-3759
-2427
2840
3385
-835
-1441
2358
2443
-2103
-2315
3926
6644
355
-6618
-5605
305
3891
4261
3402
454
-4190
-5785
-2091
2197
2554
746
-123
-835
-2198
-1797
898
1625
-1779
-4577
-2088
2975
4856
2639
-597
-2952
-3835
-2142
1685
4383
3824
1688
-17
-1719
-3345
-2616
942
3882
3469
1198
-378
-975
-1060
-492
-70
-860
-1392
448
2788
2009
-801
-1507
-512
-1594
-3539
-1270
4023
5007
230
-3219
-1611
202
-1137
-1656
1166
2784
147
-2246
-576
1467
37
-1682
113
2485
1299
-1290
-1174
549
631
-203
306
1095
352
-494
187
666
-609
-1552
-399
664
-306
-1135
192
1359
15
-1651
-985
231
-438
-1071
784
2598
756
-2532
-2114
1740
3580
1021
-2360
-2879
-1134
509
1380
1909
1858
711
-1149
-2535
-2462
-1090
164
31
-870
-709
810
1715
440
-2035
-3525
-3011
-1019
1228
2383
1814
366
-589
-953
-1506
-1934
-1057
911
2296
2434
2196
1851
696
-752
-754
647
1220
198
-303
937
1782
249
-1857
-1612
402
1177
96
-479
575
1316
73
-1710
-1576
390
1863
1589
639
222
-121
-1147
-1936
-900
1482
2752
1758
239
177
953
661
-680
-1126
187
1867
2404
1915
1128
54
-1265
-1812
-836
550
553
-652
-1138
-343
-55
-1342
-2402
-1334
503
515
-806
-766
608
367
-1930
-2617
202
2963
1837
-1383
-2285
-487
736
34
-795
-557
61
638
1309
1172
-566
-2292
-1804
43
522
-655
-1357
-875
-517
-683
-544
-352
-1049
-1964
-1848
-1485
-2174
-2711
-1357
429
192
-890
-30
1710
1002
-1531
-2029
58
1549
1474
1885
2744
1743
-482
-721
865
1022
-109
886
3618
3768
1007
-9
1969
2658
406
-870
709
1731
591
518
2521
2745
232
-393
2318
3147
-143
-1945
1151
3748
1446
-854
2043
5725
3878
-432
-382
2807
3171
1133
1764
4585
4392
870
-1057
180
1259
630
69
-17
-918
-1797
-908
247
-943
-3136
-3117
-1523
-1442
-2845
-3429
-3338
-4040
-4352
-2636
-994
-2089
-3961
-3383
-1984
-3104
-4992
-3725
-876
-1190
-3989
-4289
-1797
-1342
-4097
-5645
-3832
-1937
-2454
-3616
-3766
-3963
-4583
-4096
-2683
-2692
-4226
-4543
-2954
-2044
-2887
-3269
-2000
-1025
-1704
-2530
-2077
-1110
-506
91
605
231
-491
56
1687
2426
1781
1368
2016
2832
3336
3994
4598
4538
4531
5633
7018
7286
7201
8231
9315
8502
6999
7722
10235
11170
9717
8583
9091
9389
8470
8104
9315
10222
9090
6992
5861
5913
6136
5778
4611
3108
2485
3243
4022
3448
2204
1433
520
-1091
-1534
639
2822
1565
-1619
-2232
-2
860
-1219
-3035
-2599
-2119
-3200
-3882
-2973
-3041
-6008
-9356
-10010
-9182
-9993
-12484
-14240
-14389
-14078
-14071
-14320
-15032
-16193
-16903
-16717
-16498
-16637
-15914
-13718
-11731
-11541
-11999
-11057
-9122
-8288
-8871
-8879
-6959
-4195
-2616
-2864
-3744
-3743
-2789
-2154
-2353
-2064
-281
1508
1274
-102
77
1945
2767
1442
178
709
1877
2418
3221
5021
6514
6810
7328
9099
10576
10418
10159
11617
13766
14828
15356
16410
16738
15066
13368
14264
16562
17103
15916
15627
16460
16020
13901
12391
12229
11579
9990
9503
10631
10893
8986
7056
6923
7142
6075
4997
5478
6102
4891
3160
3573
5416
5279
2218
-904
-1668
-1012
-983
-1760
-2282
-2345
-2659
-3573
-4924
-6727
-9130
-11792
-13880
-14698
-14243
-13387
-13410
-14809
-16496
-16868
-15799
-14715
-14402
-13840
-11923
-9298
-7367
-6324
-5633
-5759
-7515
-9778
-9972
-7539
-5006
-4551
-5138
-4621
-3317
-3409
-5393
-7305
-7569
-6800
-6203
-5716
-4698
-3493
-3238
-4390
-6112
-7123
-6891
-6063
-5692
-5929
-5727
-4242
-2179
-1030
-1134
-1423
-1156
-848
-949
-561
1437
4395
6192
5756
4390
3993
4606
4620
3273
1859
2002
3468
4524
4132
2924
1970
1416
777
107
229
1686
3809
5282
5692
6044
7257
8622
8712
7671
7314
8612
10388
11272
11665
12621
13732
13596
11977
10212
9599
10269
11462
12199
11931
11081
10580
10558
10228
9335
8580
8175
7491
6799
7451
9162
9250
6449
3457
3270
4737
4615
2633
1163
814
-10
-1502
-2203
-2635
-5429
-10757
-14967
-15361
-13627
-12915
-13886
-15167
-15601
-14525
-11847
-9177
-8798
-10218
-10074
-6895
-3358
-2086
-2051
-1470
-1299
-2671
-3554
-1915
-131
-1786
-5398
-6106
-3137
-822
-1893
-4401
-6099
-7447
-8782
-8726
-7321
-7022
-8448
-8691
-6187
-3767
-4154
-5643
-5477
-4556
-5130
-6265
-5673
-4230
-4515
-5956
-5622
-3300
-1831
-2409
-3175
-2744
-1819
-957
180
970
263
-1024
-892
-137
-1704
-5476
-7573
-6272
-4742
-5750
-7297
-6450
-4346
-3809
-4286
-3129
-496
986
907
1728
4584
7605
9038
9416
9840
10268
10405
10503
10551
10151
9752
10525
12460
14019
14230
13743
13381
13064
12757
12919
13344
13068
12210
12261
13557
14207
12933
11361
11659
13198
13777
13232
13353
14515
14896
13467
11524
10372
9223
6639
2917
-183
-1664
-2414
-4247
-7997
-12307
-14607
-13993
-12629
-13075
-14695
-14512
-11596
-8383
-7028
-6663
-5535
-3814
-2562
-1504
110
1497
1222
-474
-2018
-2723
-3147
-3763
-4719
-6283
-8054
-8535
-7187
-6076
-7412
-10163
-11424
-10651
-9911
-10109
-9835
-8424
-7377
-7748
-8490
-8526
-8345
-8336
-7568
-5592
-3685
-2933
-2713
-2486
-3391
-6415
-10279
-12863
-13672
-13478
-12699
-11620
-11059
-11124
-10376
-7906
-5292
-4597
-5264
-5022
-3222
-1229
84
1008
1251
-187
-2900
-4837
-4988
-4727
-5465
-6265
-5064
-1540
2408
4810
5434
5443
5938
7153
8801
10672
12609
14185
14995
15269
15587
15830
15144
13288
11381
10797
11775
13594
15635
17786
20126
22534
24368
24570
22758
20183
18700
18622
18679
18199
17968
18478
18828
18131
16638
14650
11881
8911
7597
8512
9462
8183
5194
2192
-912
-5167
-10029
-14141
-17722
-21487
-23810
-22169
-17474
-13941
-13782
-14626
-13260
-9713
-6362
-4783
-4812
-5357
-5083
-3410
-1645
-1945
-4579
-7481
-9010
-9595
-10042
-10092
-9654
-9641
-10184
-9675
-7271
-4978
-5313
-7788
-9642
-9460
-8224
-7156
-6425
-5994
-5988
-5905
-4873
-3194
-2431
-3396
-4935
-5359
-4398
-3145
-2538
-2525
-2567
-2486
-2724
-3969
-6572
-10190
-13843
-16247
-16358
-14098
-10686
-7821
-6211
-5137
-3644
-1857
-693
-512
-576
24
1164
1693
618
-1856
-4613
-6802
-8349
-9253
-9055
-7513
-5337
-3413
-1533
1211
4730
7576
8663
8619
8951
10361
12332
13969
14781
14843
14552
14205
13775
13266
13138
13952
15631
17561
19472
21623
23970
25728
26142
25423
24650
24763
25570
25653
23718
20373
17971
17951
18916
18411
16155
14112
13460
13056
11343
8390
5354
2894
879
-1105
-3470
-6303
-9074
-11356
-13741
-16955
-20052
-21003
-19442
-17274
-15973
-14882
-13069
-11262
-10570
-10620
-10371
-9828
-9538
-9243
-8454
-7701
-7915
-9124
-10832
-12942
-15146
-16243
-15560
-14367
-14322
-14975
-14405
-12092
-9624
-8530
-8758
-9339
-9348
-8204
-6043
-3903
-2667
-1975
-1090
-488
-1327
-3437
-5160
-5446
-4979
-4804
-4715
-3673
-1486
475
419
-1903
-4625
-5775
-5832
-7217
-10875
-14565
-15448
-13327
-10215
-7606
-5604
-4139
-3492
-3561
-3690
-3367
-2534
-1433
-547
-260
-258
-127
-779
-3769
-8385
-11162
-9813
-6146
-3274
-1345
1680
6078
9838
11720
12417
12704
12658
12818
14076
16136
17811
18916
20142
21128
20634
18775
17190
16833
17414
19029
22213
26145
28964
30293
31349
32139
30927
27275
23341
21009
19725
18344
17188
16832
16592
15725
14750
14244
13541
11925
9946
8415
7244
6264
5784
5240
2889
-1753
-6643
-10033
-13153
-18136
-24226
-28207
-28198
-25301
-21700
-18698
-16547
-14935
-13521
-12704
-13446
-15660
-17538
-17504
-16190
-15334
-15485
-16088
-17129
-19002
-21014
-21660
-20584
-18960
-17646
-16118
-13642
-10671
-8473
-7853
-8550
-9628
-10257
-10254
-9904
-9200
-7609
-4824
-1464
1301
2653
2475
1202
-359
-1399
-1693
-1629
-1517
-1202
-544
93
95
-908
-2783
-4837
-6184
-6799
-7828
-9976
-11849
-11263
-8282
-5405
-4324
-4043
-2996
-1503
-945
-1538
-2173
-1838
-382
1481
2385
1396
-701
-2257
-3104
-4502
-6299
-6243
-3212
882
3856
6075
8810
11504
12789
12883
12938
13067
12944
13293
14825
16568
17186
17101
17464
17959
17566
16735
16818
17991
19530
21419
23858
25938
26627
26413
26195
25386
23082
20301
18859
18584
17812
16333
15576
15919
15926
14550
12410
10561
9285
8271
6923
4613
1602
-696
-1564
-2506
-5424
-9750
-13132
-14905
-17002
-20929
-25335
-27458
-26247
-23335
-21176
-20585
-20194
-18464
-15951
-14730
-15411
-16041
-14826
-12780
-12302
-13827
-15478
-15807
-15410
-15562
-16384
-16838
-15972
-13922
-11834
-10663
-9962
-8416
-5798
-3496
-2592
-2439
-2017
-1588
-1749
-1815
-725
966
1629
780
-650
-1964
-3139
-3943
-4106
-4168
-4699
-4914
-3667
-1504
11
769
1994
3732
4498
3555
1615
-886
-4144
-7380
-9006
-8816
-8141
-7484
-6059
-3956
-2446
-1650
-219
2061
3643
3942
4285
5284
5619
4476
2893
1604
-182
-2619
-4004
-3140
-991
1297
4123
7905
11695
14605
16967
18924
19566
18647
17489
17062
16748
16014
15596
15935
16072
15287
14298
13823
13470
13147
13976
16636
20037
22695
24218
24514
22939
19444
15446
12408
10279
8235
6204
4833
4567
5348
6656
7470
6859
4957
2685
367
-2451
-5633
-8047
-9073
-9538
-10469
-11774
-12951
-14404
-17039
-20799
-24336
-26109
-25410
-22625
-19054
-16202
-14542
-13108
-10913
-8554
-7569
-8350
-9766
-10882
-11817
-12598
-12596
-11834
-11560
-12494
-13612
-13697
-13055
-12561
-12064
-10864
-8832
-6122
-2965
-575
-605
-2560
-3695
-2900
-2402
-3825
-5082
-3709
-926
564
730
1019
990
-393
-1766
-1236
135
188
-316
936
3610
5357
5590
5384
4815
3522
2426
1786
-628
-5898
-10561
-10800
-8137
-6647
-6328
-4047
273
3487
4709
6116
8380
9708
9543
9304
9228
8034
5782
3797
1900
-1034
-4005
-4702
-3221
-1733
-480
2615
8054
13443
16644
17762
17606
16457
14821
13433
12128
10321
8741
8862
10407
11251
10358
9308
10033
12192
13929
14642
15789
18642
22133
23772
22422
19268
15932
12660
8859
4521
466
-2325
-3203
-2305
-682
783
2447
4704
6073
4428
382
-2869
-3767
-4246
-6377
-9331
-11073
-11278
-11159
-11903
-14354
-18691
-23397
-26074
-26093
-24874
-23059
-19651
-14708
-10434
-8248
-7020
-5619
-5105
-6651
-9183
-10889
-11670
-12417
-13109
-13255
-13254
-13785
-14463
-14239
-12674
-10078
-6944
-3836
-1240
856
2684
3848
3595
2079
441
-615
-1430
-2281
-2634
-1984
-750
267
887
1554
2507
3344
3488
2957
2476
2708
3583
4608
5510
6099
5903
4756
3487
2967
2487
320
-3723
-7504
-8931
-8168
-6658
-4843
-2047
1739
5245
7348
8253
8818
9196
8693
6829
4094
1515
-425
-2288
-4886
-7911
-9709
-8937
-6240
-3441
-1034
2336
7413
12598
15723
16522
16129
15103
13397
11463
9739
7738
5259
3707
4368
6233
7594
8872
11452
14551
16066
16055
16469
17658
18092
17410
16715
15792
13065
8625
4503
1623
-834
-2914
-3473
-2398
-648
1799
5403
8713
9524
8116
6486
4814
1909
-1399
-3078
-3897
-6567
-10582
-12134
-10268
-9211
-12708
-19025
-23585
-24358
-22773
-20784
-18774
-15873
-11466
-6506
-2983
-1637
-1085
-203
-142
-2352
-5678
-7608
-7922
-8805
-11198
-13106
-12380
-9704
-7602
-7088
-6569
-4353
-1220
623
640
424
908
1028
-40
-1262
-1606
-1761
-2436
-2663
-1537
-36
718
1404
2856
4105
3997
3245
3005
2999
2744
2952
3978
4716
4495
4142
3888
2696
839
117
123
-2133
-7017
-10515
-10097
-8382
-8067
-7140
-2920
2506
5138
4974
5035
6124
6155
3731
-413
-4720
-7717
-8752
-9048
-10380
-11881
-10624
-6305
-2330
-686
999
5182
10157
12762
12932
12787
12813
11670
8882
5536
2742
895
147
609
2234
4890
8175
11152
12928
13521
13640
13767
13918
13911
13423
12295
11060
10434
10087
8974
7117
5775
5622
6113
6849
8031
9385
10203
10552
10833
10322
8056
4898
2624
1236
-572
-2759
-4204
-5063
-6197
-6939
-6504
-6918
-10906
-17133
-21180
-21313
-19724
-17967
-15001
-10348
-5596
-1795
1557
4145
4316
1741
-1867
-5176
-8108
-10298
-11217
-11759
-13061
-13880
-12019
-8285
-5939
-5969
-6008
-4407
-2371
-1223
-438
459
520
-722
-1914
-1777
-839
-219
36
486
1298
2462
3933
5021
4689
3079
1624
1068
522
-739
-1737
-1242
160
865
652
814
1903
2723
1941
-388
-3424
-6733
-10186
-13210
-14847
-14348
-11562
-7220
-2888
70
1698
2918
3756
3175
853
-2069
-4481
-6385
-7996
-9025
-9462
-9829
-9975
-8858
-6213
-3124
-224
3247
7629
11517
13340
13255
12410
11219
9258
6294
2850
203
-262
1505
3796
5259
6788
9728
13034
14506
14355
14853
16459
17073
15645
13900
13554
13980
13610
12046
9992
8357
7740
7801
7368
6200
5800
7019
8099
7158
5331
4848
5128
3848
1217
-234
29
-228
-2005
-3446
-3216
-3008
-5321
-10335
-15946
-19787
-20731
-19321
-16968
-14162
-9991
-4257
985
3452
3343
2301
520
-2915
-7244
-10091
-10724
-11085
-12648
-14096
-13394
-10850
-8472
-6991
-5227
-2358
764
3076
4674
5909
6200
4918
2751
966
-156
-1018
-1465
-1129
-518
-340
-242
426
1152
1045
412
-1
-530
-1585
-2085
-927
858
1544
1327
1389
1532
1110
794
716
-1375
-6734
-12092
-13436
-11868
-11382
-12020
-10199
-5361
-1192
212
704
1784
2139
641
-1714
-3900
-6034
-8011
-9514
-11254
-13509
-14170
-11348
-6965
-4182
-2241
1974
7937
11641
11728
10965
11098
10515
7933
4612
1803
-700
-2538
-2308
-50
2414
4338
6781
10005
12703
14345
15917
17691
18467
17625
16059
14539
12904
11136
9627
8159
6301
4871
5295
7320
9073
9760
10595
12427
13995
13576
11401
9265
8073
6862
4548
1855
570
934
952
-932
-3463
-4344
-3916
-5190
-9686
-14884
-16955
-15120
-11998
-9946
-8507
-6032
-2828
-1211
-2245
-3938
-3981
-3223
-4393
-7599
-9619
-8509
-6564
-6928
-9018
-9590
-7434
-4628
-3237
-2823
-1780
291
2300
3069
2430
1149
-7
-1034
-2321
-3627
-4122
-3645
-3069
-2958
-2695
-1626
-360
-85
-1055
-2527
-3772
-4424
-4203
-3123
-1828
-1044
-816
-736
-685
-892
-1499
-2640
-4666
-7659
-10878
-13279
-14485
-14769
-14228
-12642
-10121
-7297
-4729
-2573
-938
-91
-116
-696
-1478
-2443
-3734
-5276
-6676
-7452
-7368
-6540
-5158
-3124
-250
3180
6393
8864
10656
11824
12057
11252
9922
8444
6461
3741
1234
323
1236
3022
5021
7446
10469
13594
16223
18235
19720
20569
20554
19551
17644
15212
12795
10652
8675
6913
5822
5688
6228
7169
8680
10744
12596
13440
13262
12348
10578
7948
5268
3383
2026
374
-1560
-3016
-3749
-4184
-4382
-3997
-3493
-4330
-7298
-11215
-13971
-14639
-14057
-13431
-12893
-11712
-9604
-7273
-5574
-4640
-4182
-4291
-5254
-6705
-7697
-7876
-8007
-8875
-10045
-10292
-9188
-7698
-6917
-6624
-5662
-3618
-1456
-265
-49
-196
-494
-991
-1341
-1192
-938
-1212
-1811
-1975
-1589
-1264
-1303
-1455
-1614
-1957
-2379
-2533
-2358
-1969
-1266
-316
254
57
-329
-249
-213
-1266
-3536
-6335
-9239
-11985
-13657
-13241
-10946
-8078
-5613
-3539
-1439
865
3002
4020
3197
1185
-459
-1271
-2380
-4406
-6195
-6582
-6170
-6019
-5608
-3669
-402
2715
5025
7223
9786
12056
13081
12669
11398
9958
8503
6672
4490
3051
3549
5683
7979
9785
11794
14378
16720
18135
18963
19482
19076
17336
15011
12980
11163
9241
7662
7021
7146
7556
8252
9332
10404
11047
11391
11657
11562
10672
9000
6924
4876
3276
2287
1506
425
-835
-1789
-2446
-3202
-4094
-5136
-7164
-11038
-15864
-19283
-20007
-18985
-17619
-15973
-13474
-10376
-7566
-5367
-3479
-1937
-1435
-2526
-4809
-7148
-8739
-9831
-11131
-12511
-12854
-11473
-9168
-7294
-6137
-4864
-2930
-891
268
162
-741
-1680
-2275
-2685
-3113
-3361
-3122
-2550
-2082
-1737
-1106
-156
494
340
-277
-484
199
1339
1985
1639
794
233
-100
-970
-2575
-4221
-5565
-7257
-9734
-12142
-13241
-12834
-11573
-9884
-7859
-5772
-3972
-2525
-1502
-1257
-1976
-3292
-4745
-6244
-7757
-9042
-9936
-10460
-10410
-9372
-7296
-4569
-1508
1708
4678
7050
8956
10494
11081
10261
8847
8105
8004
7480
6349
5687
6265
7801
9879
12456
15230
17481
18886
19822
20720
21548
21937
21466
20111
18599
17732
17195
15956
14167
13364
14181
15246
15272
14853
15045
15437
14985
13676
12028
9841
6802
3605
1266
-138
-1170
-2132
-3158
-4447
-5718
-6302
-6375
-7223
-9695
-13221
-16734
-19560
-21142
-21071
-19786
-18176
-16279
-13627
-10859
-9406
-9306
-9053
-8076
-7685
-8878
-10774
-12070
-12766
-13539
-14363
-14582
-13701
-11673
-8939
-6369
-4510
-2971
-1192
423
1034
746
416
278
-201
-1129
-1819
-1728
-966
115
1264
2302
3253
4273
5115
5089
4020
2723
2001
1674
1142
406
-108
-347
-663
-1315
-2374
-3855
-5651
-7508
-9240
-10686
-11451
-11051
-9420
-7021
-4515
-2511
-1432
-1232
-1496
-2118
-3490
-5685
-7937
-9444
-10177
-10434
-10114
-9087
-7776
-6614
-5244
-2947
304
3698
6412
8233
9459
10368
10737
10050
8389
6777
6113
6129
6079
6106
7076
9307
12295
15497
18490
20630
21519
21647
21707
21481
20334
18505
16911
15830
14808
13771
13213
13223
13144
12435
11401
10928
11550
12661
12798
11284
9349
8598
8475
6761
2917
-785
-2337
-2644
-3811
-5986
-7482
-7435
-6845
-7072
-8370
-10071
-11662
-13353
-15568
-17896
-18989
-18030
-15934
-14284
-13390
-12371
-10968
-10082
-10356
-11258
-11852
-11785
-11266
-10656
-10238
-9907
-9172
-7794
-6250
-5103
-4224
-3118
-1714
-366
618
1040
783
95
-498
-818
-1094
-1232
-717
477
1593
2103
2339
2735
3105
3092
2771
2432
2215
2165
2248
2229
1965
1730
1772
1779
1412
981
730
-170
-2785
-6630
-9833
-11246
-11383
-11081
-10227
-8353
-5748
-3354
-1775
-872
-291
-141
-888
-2554
-4362
-5600
-6570
-8071
-9952
-10943
-10128
-7944
-5406
-2847
102
3602
7111
9786
11217
11654
11526
10882
9592
7940
6473
5343
4472
4321
5608
8107
10656
12624
14379
16063
17049
17124
17094
17567
18128
18248
18071
17708
16706
14821
12550
10511
9042
8533
9114
9871
9556
8318
7490
7466
7130
5764
4124
3078
2452
1762
1006
143
-1246
-3283
-5518
-7613
-9582
-11378
-13060
-15235
-18220
-20841
-21305
-19436
-16907
-15001
-13255
-10796
-8033
-6278
-6146
-6955
-7647
-7955
-8482
-9658
-10970
-11612
-11607
-11601
-11569
-10570
-8075
-4839
-2058
-89
1634
3625
5507
6207
5176
3353
2267
2055
1353
-412
-1791
-1262
645
2295
3131
3684
4131
4134
3668
2893
1669
73
-1177
-1626
-1737
-1939
-1906
-1543
-1609
-2487
-3412
-3953
-5132
-7907
-11541
-14577
-16472
-17224
-16426
-14018
-11146
-9009
-7439
-5621
-3628
-2202
-1588
-1469
-1658
-2117
-2746
-3717
-5499
-7981
-10051
-10597
-9512
-7263
-4003
305
5158
9476
12422
14045
14991
15610
15517
14258
12215
10372
9211
8406
7691
7492
8456
10745
13814
16606
18202
18734
19254
20203
20618
19627
17929
16666
15607
13832
11589
9910
8910
8042
7596
8202
9166
9069
7876
6822
6361
5774
4697
3442
1961
-98
-2397
-4285
-5888
-7588
-8911
-9155
-8604
-7808
-6522
-4941
-5023
-8425
-13548
-16809
-16882
-15743
-15335
-15075
-13364
-10107
-6815
-4873
-4394
-4498
-4351
-3924
-3659
-3547
-3073
-2230
-1841
-2393
-3157
-3131
-2411
-1939
-2015
-1790
-396
1811
3562
4142
4145
4498
5166
5410
5008
4403
3776
2934
2124
1908
2031
1526
231
-884
-1282
-1635
-2573
-3684
-4278
-4291
-3990
-3544
-3178
-3065
-2986
-2852
-3392
-5328
-8116
-10652
-12878
-15281
-17107
-16850
-14564
-11956
-9942
-7809
-5165
-3049
-2421
-2872
-3546
-4269
-5115
-5709
-5610
-4936
-4215
-3939
-4301
-4933
-4961
-3768
-1638
707
3005
5476
8197
10881
13114
14452
14469
13046
10657
8243
6771
6653
7461
8469
9573
11210
13294
14978
15785
16142
16446
16571
16638
17095
17525
16731
14648
12724
11687
10534
8591
6837
6129
5859
5516
5798
6912
7579
7001
6101
5562
4519
2408
157
-1659
-3779
-6160
-7267
-6824
-6827
-8320
-9696
-9883
-10491
-12701
-14595
-14021
-11904
-10267
-8958
-6836
-4509
-3383
-3304
-3326
-3588
-4528
-5433
-5564
-5508
-5848
-5814
-4792
-3781
-3728
-3750
-2652
-989
45
644
1640
2649
2647
1774
1123
1133
1368
1505
1529
1298
754
324
378
592
378
-304
-1033
-1522
-1717
-1596
-1273
-1116
-1402
-1902
-2155
-2191
-2689
-4210
-6384
-8309
-9775
-11524
-13916
-15964
-16386
-15168
-13262
-11079
-8357
-5419
-3343
-2626
-2643
-2789
-3308
-4523
-5995
-7006
-7400
-7518
-7621
-7719
-7680
-7212
-5954
-3812
-1072
1901
4855
7498
9388
10216
10102
9448
8531
7428
6287
5470
5244
5522
6141
7223
8944
11010
12798
14015
14875
15694
16647
17733
18560
18406
17052
15190
13423
11409
8838
6656
6027
6598
7148
7559
8525
9623
9517
8033
6322
4947
3522
2167
1439
846
-635
-2570
-3641
-4119
-5472
-7455
-8133
-7170
-6598
-7668
-9333
-10528
-11600
-12614
-12528
-11040
-9291
-7837
-5883
-3293
-1396
-959
-1196
-1549
-2565
-4248
-5421
-5513
-5319
-5252
-4623
-3232
-1977
-1224
-306
850
1388
1340
1900
3263
4101
3838
3553
3831
3655
2388
1023
394
-129
-1051
-1497
-849
-179
-645
-1609
-1794
-1357
-1430
-2241
-2979
-3129
-2964
-2978
-3542
-4802
-6480
-8188
-10150
-12848
-15682
-17004
-16084
-13990
-11850
-9375
-6083
-2907
-1267
-1196
-1651
-2176
-3069
-4286
-5427
-6514
-7681
-8390
-8023
-7024
-6277
-5585
-3987
-1423
1175
3388
5631
7891
9413
9901
9925
9877
9495
8655
7692
6761
5813
5316
6028
7837
9746
11213
12654
14389
15989
16945
17246
17050
16369
15270
13924
12383
10672
8990
7512
6292
5608
5884
6877
7650
7760
7684
7671
7199
6142
5262
4778
3702
1549
-602
-1829
-2791
-4220
-5271
-4837
-3416
-2332
-2148
-3070
-5629
-9491
-12772
-14007
-13754
-12963
-11179
-7941
-4578
-2726
-2160
-1804
-1783
-2674
-3762
-3973
-3702
-3974
-4586
-4749
-4728
-5150
-5505
-5023
-4206
-3807
-3105
-1068
1488
2821
2834
2808
2956
2217
411
-1241
-1977
-2264
-2450
-2130
-1277
-784
-1261
-2196
-2867
-3335
-3977
-4562
-4464
-3569
-2433
-1615
-1215
-1159
-1645
-3058
-5579
-8982
-12706
-15879
-17477
-16912
-14558
-11386
-8113
-5063
-2705
-1616
-1747
-2362
-2924
-3536
-4316
-4994
-5442
-5996
-6942
-8096
-9088
-9589
-9172
-7510
-4833
-1648
1938
5943
9669
12015
12697
12342
11413
9930
8224
6910
6081
5472
5378
6312
7863
9186
10502
12681
15394
17335
18349
19557
21082
21528
20252
18296
16418
14042
10981
8400
7077
6358
5811
6266
8099
10068
11014
11314
11550
11193
9749
7840
5978
3686
844
-1535
-2960
-4274
-5718
-5953
-4421
-2944
-3347
-5139
-7155
-9737
-13225
-15890
-15804
-13717
-11783
-10361
-8404
-6214
-5279
-5630
-5739
-5044
-4503
-4532
-4423
-4087
-4507
-5922
-7169
-7391
-7119
-7018
-6751
-5729
-4097
-2303
-440
1440
2849
3324
2989
2319
1552
642
-361
-1115
-1222
-629
185
573
341
-187
-745
-1472
-2473
-3322
-3360
-2464
-1266
-530
-407
-474
-587
-1470
-3974
-7769
-11358
-13642
-14795
-15207
-14420
-12022
-8991
-6971
-6410
-6398
-6268
-6282
-6666
-6950
-6669
-6011
-5513
-5585
-6415
-7788
-8944
-9151
-8470
-7390
-5799
-3079
690
4372
6934
8365
9146
9372
8886
7985
7443
7760
8612
9215
9235
9194
9792
11036
12374
13622
15156
17113
18978
20268
21066
21536
21390
20292
18485
16590
15020
13849
12996
12340
11870
11792
12185
12597
12473
11973
11725
11730
11217
9715
7532
5029
2168
-922
-3648
-5502
-6371
-6232
-5280
-4411
-4686
-6183
-8210
-10600
-13572
-16247
-16866
-15078
-12613
-10948
-9673
-8111
-7093
-7682
-9156
-9818
-9275
-8520
-8136
-7810
-7438
-7433
-7862
-8269
-8484
-8716
-8767
-7949
-6006
-3485
-1072
943
2391
2992
2662
1719
585
-503
-1383
-1784
-1396
-147
1576
2962
3277
2444
1017
-458
-1821
-2924
-3304
-2624
-1222
158
1059
1353
705
-1382
-4698
-8022
-10177
-11206
-11955
-12591
-12254
-10468
-8188
-6828
-6704
-7135
-7710
-8451
-8912
-8301
-6804
-5767
-6043
-7003
-7746
-8408
-9479
-10524
-10566
-9308
-7123
-4237
-871
2136
3891
4617
5338
6377
7056
7010
6923
7563
8753
9784
10369
10760
11244
11895
12687
13595
14600
15679
16737
17660
18520
19590
20863
21802
21908
21382
20773
20107
18927
17160
15359
14005
13091
12500
12245
12123
11712
10934
10053
8918
6935
4202
1867
726
167
-654
-1352
-1232
-1125
-2733
-6152
-9600
-11947
-13907
-16035
-17095
-15768
-12868
-10404
-9103
-8359
-8106
-9022
-10859
-12136
-11936
-10869
-9887
-9202
-8789
-8948
-9760
-10697
-11305
-11614
-11516
-10427
-8135
-5370
-3052
-1426
-344
112
-236
-1233
-2464
-3413
-3474
-2348
-589
822
1599
2172
2473
1748
-77
-1881
-2804
-3219
-3502
-2987
-1210
682
1152
280
-790
-1929
-3987
-6803
-8859
-9189
-8350
-7155
-5706
-4186
-3393
-3681
-4258
-4349
-4313
-4781
-5341
-5095
-4126
-3483
-3809
-4770
-5789
-6598
-7007
-6732
-5664
-3951
-1783
643
2974
4828
6029
6536
6405
6129
6556
7935
9430
10186
10488
11033
11513
11066
9966
9535
10277
11382
12321
13511
14938
15607
15194
14909
15693
16786
17163
17164
17368
17032
15255
12823
11142
10074
8632
7169
6854
7335
7080
5932
5187
5027
4086
2001
222
-398
-726
-1328
-1444
-1036
-1807
-4714
-8266
-10850
-13017
-15640
-17434
-16570
-13731
-11255
-9914
-8718
-7462
-7168
-7956
-8563
-8317
-7883
-7750
-7567
-7376
-7923
-9272
-10494
-11187
-11889
-12517
-11888
-9568
-6784
-4648
-2820
-931
59
-675
-2084
-2531
-2038
-1687
-1451
-396
1252
2075
1597
797
259
-543
-1659
-2008
-1117
-60
281
597
1628
2483
1923
371
-914
-1982
-3733
-5729
-6346
-5258
-4008
-3711
-3758
-3421
-3249
-3904
-4745
-4748
-4042
-3496
-3352
-3303
-3486
-4371
-5797
-6996
-7523
-7497
-6996
-5898
-4302
-2558
-848
794
2128
2857
3157
3601
4530
5859
7455
9263
11020
12199
12399
11605
10210
8981
8790
9870
11466
12678
13548
14722
16133
16861
16586
16345
17200
18748
19734
19776
19506
19076
17646
14825
11749
9897
9308
8817
7842
7041
7031
7257
6573
4539
1750
-814
-2463
-3059
-2992
-2890
-3239
-4309
-6328
-9298
-12624
-15350
-16967
-17581
-17219
-15653
-13299
-11585
-11618
-12845
-13743
-13670
-13242
-13009
-12610
-11503
-9934
-8800
-8854
-10179
-12146
-13797
-14530
-14418
-13653
-11935
-8984
-5525
-2985
-2048
-2171
-2646
-3335
-3996
-3767
-2081
429
2601
3970
4652
4509
3329
1662
586
534
1064
1773
2703
3735
4339
4245
3730
2960
1648
-182
-1704
-2067
-1369
-355
446
837
577
-439
-1804
-2993
-4036
-5190
-6053
-5772
-4327
-2953
-2859
-3983
-5371
-6392
-7067
-7496
-7592
-7359
-6899
-6046
-4453
-2303
-511
158
15
97
994
2415
3911
5536
7484
9399
10532
10509
9673
8673
8020
8050
8910
10393
12000
13308
14176
14596
14683
14850
15612
16941
18159
18747
18935
19115
19008
17994
16091
14074
12572
11562
10787
10165
9614
8854
7636
5975
4122
2447
1289
623
56
-527
-685
-436
-1174
-4383
-9339
-13349
-14787
-14733
-14864
-14982
-13994
-12378
-11885
-12978
-14235
-14557
-14459
-14636
-14522
-13206
-11020
-9361
-9321
-10957
-13444
-15504
-16180
-15658
-14854
-13936
-11986
-8681
-5417
-3894
-4105
-4717
-4957
-5013
-4802
-3612
-1248
1415
3374
4335
4402
3693
2623
1965
2153
2883
3668
4389
5065
5500
5440
4807
3625
2103
841
459
857
1381
1852
2726
3962
4558
3826
2431
1387
571
-779
-2464
-3307
-2823
-1977
-1951
-2832
-3830
-4327
-4354
-4313
-4510
-4853
-4933
-4485
-3684
-2807
-1837
-780
-41
96
206
1218
3129
4973
6170
7137
8238
8923
8525
7372
6472
6422
7106
8195
9329
10078
10272
10314
10751
11645
12708
13796
14840
15533
15629
15381
15110
14523
13129
11284
10064
9940
10221
10034
9230
8050
6504
4593
2759
1566
1072
859
586
239
-90
-537
-1640
-4134
-8151
-12536
-15467
-16128
-15425
-14737
-14434
-14109
-13788
-14025
-14800
-15235
-14695
-13589
-12645
-11824
-10529
-8807
-7800
-8716
-11427
-14307
-15575
-14819
-13089
-11569
-10395
-8927
-6910
-4966
-3944
-4034
-4608
-4747
-3850
-1947
430
2640
4212
4839
4416
3314
2406
2406
3192
4046
4518
4767
5050
5278
5152
4507
3429
2320
1839
2377
3496
4277
4355
4249
4463
4760
4695
4392
4248
4131
3492
2231
906
-19
-691
-1504
-2489
-3230
-3285
-2677
-2009
-1992
-2658
-3302
-3405
-3290
-3472
-3654
-3078
-1761
-624
-242
-190
118
631
1171
2091
3718
5451
6182
5615
4627
4244
4654
5323
5727
5823
5976
6539
7496
8524
9416
10238
11022
11576
11819
11966
12047
11601
10338
8901
8324
8709
9049
8510
7320
6178
5302
4446
3522
2712
2130
1711
1401
1220
1102
757
-331
-2607
-5874
-9021
-10793
-11069
-10972
-11445
-12140
-12148
-11443
-10936
-11166
-11620
-11516
-10733
-9697
-8719
-7794
-6981
-6673
-7355
-9048
-11001
-12129
-11968
-11046
-10084
-9112
-7798
-6419
-5787
-6083
-6435
-6018
-5013
-4044
-3132
-1832
-176
1194
1838
1924
1802
1605
1452
1622
2309
3349
4347
4945
4984
4608
4247
4253
4500
4614
4610
4958
5838
6679
6787
6185
5505
5154
4973
4697
4364
4109
3809
3202
2286
1396
835
495
7
-758
-1418
-1499
-1081
-835
-1261
-2063
-2478
-2134
-1342
-571
55
598
937
873
523
350
720
1558
2471
3110
3369
3327
3145
2994
3015
3284
3780
4399
5003
5525
6021
6589
7198
7664
7859
7907
8056
8337
8463
8168
7584
7103
6886
6620
5895
4693
3426
2494
1974
1703
1552
1499
1528
1537
1376
928
132
-1056
-2680
-4646
-6600
-8042
-8727
-8911
-9085
-9490
-9981
-10357
-10592
-10671
-10383
-9510
-8212
-7025
-6427
-6515
-7087
-7916
-8841
-9668
-10156
-10135
-9630
-8812
-7865
-6925
-6149
-5736
-5772
-6034
-6067
-5570
-4680
-3792
-3130
-2616
-2121
-1712
-1528
-1500
-1350
-860
-62
877
1831
2727
3446
3883
4097
4320
4710
5160
5442
5551
5771
6321
6987
7253
6856
6128
5701
5894
6424
6752
6588
6060
5488
5113
5014
5103
5133
4791
3960
2887
2005
1507
1167
638
-109
-727
-903
-707
-486
-432
-381
-66
474
858
727
108
-608
-996
-900
-469
-13
162
-95
-658
-1141
-1124
-476
524
1427
1985
2293
2571
2847
2923
2638
2140
1800
1868
2238
2588
2713
2648
2483
2176
1655
1063
725
822
1135
1270
1083
807
725
836
922
866
747
608
326
-221
-915
-1510
-1968
-2532
-3363
-4201
-4565
-4285
-3711
-3318
-3194
-3081
-2866
-2830
-3304
-4177
-4940
-5229
-5184
-5206
-5472
-5843
-6165
-6459
-6712
-6684
-6120
-5148
-4232
-3679
-3321
-2858
-2395
-2386
-3018
-3809
-4028
-3420
-2396
-1511
-912
-385
224
797
1153
1297
1402
1631
2057
2703
3539
4394
4966
5029
4649
4151
3853
3834
3968
4162
4495
5078
5795
6270
6171
5569
4938
4761
5123
5704
6118
6216
6068
5767
5299
4626
3775
2859
2011
1344
946
846
949
1033
842
280
-496
-1174
-1546
-1684
-1829
-2110
-2425
-2615
-2710
-2897
-3239
-3556
-3646
-3557
-3527
-3646
-3726
-3555
-3217
-3028
-3177
-3514
-3733
-3688
-3466
-3208
-2935
-2599
-2213
-1887
-1734
-1774
-1927
-2080
-2106
-1898
-1413
-760
-193
43
-59
-243
-224
44
385
675
983
1406
1809
1883
1501
884
397
218
287
511
850
1205
1381
1270
1026
914
1003
1102
1023
821
695
718
762
656
351
-93
-599
-1107
-1552
-1862
-1974
-1864
-1570
-1229
-1025
-1054
-1224
-1329
-1232
-955
-607
-256
76
370
612
823
1029
1201
1294
1342
1457
1678
1875
1905
1814
1834
2129
2601
2986
3117
3060
3007
3078
3241
3377
3420
3403
3410
3478
3563
3608
3614
3624
3649
3649
3597
3495
3329
3049
2650
2238
1944
1748
1478
994
359
-248
-708
-1035
-1282
-1479
-1649
-1816
-1955
-2030
-2103
-2349
-2844
-3373
-3587
-3384
-3035
-2896
-3064
-3393
-3769
-4229
-4792
-5314
-5600
-5607
-5443
-5205
-4913
-4606
-4394
-4361
-4455
-4531
-4507
-4418
-4318
-4184
-3945
-3589
-3235
-3038
-3029
-3029
-2789
-2242
-1566
-972
-467
76
644
1006
992
767
670
825
1043
1152
1253
1519
1864
2001
1847
1681
1809
2191
2531
2669
2738
2899
3085
3088
2834
2454
2134
1950
1874
1828
1709
1443
1065
745
643
748
895
951
953
1027
1212
1397
1459
1400
1334
1335
1361
1336
1301
1373
1571
1737
1727
1624
1664
1927
2203
2254
2124
2076
2255
2531
2732
2866
3036
3212
3256
3146
3025
2984
2949
2853
2809
2961
3215
3301
3112
2835
2679
2598
2427
2184
2067
2137
2189
1995
1564
1045
481
-184
-882
-1405
-1653
-1800
-2087
-2521
-2902
-3105
-3238
-3466
-3787
-4064
-4225
-4331
-4460
-4597
-4694
-4796
-5032
-5467
-5990
-6409
-6630
-6738
-6860
-6968
-6897
-6579
-6199
-6029
-6096
-6118
-5815
-5237
-4693
-4384
-4194
-3882
-3397
-2933
-2698
-2693
-2716
-2536
-2070
-1423
-792
-314
22
297
549
779
1043
1461
2035
2559
2809
2792
2738
2793
2863
2823
2768
2924
3305
3639
3678
3488
3353
3431
3623
3738
3688
3507
3272
3065
2949
2892
2748
2398
1902
1471
1261
1252
1327
1416
1527
1676
1851
2020
2144
2179
2138
2123
2259
2545
2823
2934
2854
2683
2515
2352
2169
1976
1836
1841
2066
2499
2987
3308
3350
3210
3092
3136
3353
3701
4095
4365
4301
3840
3171
2581
2207
2002
1912
1970
2173
2355
2289
1932
1481
1165
1026
923
689
263
-288
-838
-1290
-1646
-2011
-2484
-3050
-3591
-4003
-4272
-4425
-4472
-4430
-4398
-4526
-4914
-5509
-6130
-6585
-6782
-6793
-6789
-6912
-7166
-7458
-7720
-7958
-8156
-8221
-8061
-7708
-7291
-6870
-6389
-5814
-5242
-4812
-4521
-4227
-3819
-3329
-2843
-2381
-1918
-1485
-1150
-933
-759
-540
-216
254
879
1570
2163
2574
2911
3347
3895
4373
4622
4678
4691
4744
4825
4940
5128
5344
5436
5281
4946
4600
4341
4153
4040
4096
4368
4698
4790
4474
3871
3273
2889
2705
2582
2453
2370
2374
2362
2142
1668
1144
846
863
1041
1244
1508
1908
2304
2379
1986
1369
939
863
958
985
939
983
1154
1260
1107
743
438
411
648
965
1223
1436
1669
1877
1904
1639
1171
736
523
539
661
791
909
979
876
469
-209
-910
-1320
-1305
-1025
-790
-815
-1100
-1521
-1998
-2524
-3058
-3463
-3615
-3554
-3471
-3530
-3759
-4107
-4541
-5011
-5387
-5530
-5446
-5299
-5233
-5225
-5193
-5175
-5306
-5605
-5903
-6020
-5946
-5773
-5523
-5160
-4762
-4530
-4539
-4576
-4332
-3758
-3114
-2635
-2267
-1788
-1155
-577
-269
-180
-64
258
742
1217
1573
1826
2047
2272
2483
2652
2787
2921
3080
3257
3450
3689
3989
4280
4406
4285
4025
3870
3955
4167
4265
4161
3990
3928
3943
3830
3487
3079
2888
2997
3200
3222
2981
2605
2243
1934
1677
1529
1549
1676
1744
1655
1485
1388
1400
1426
1388
1337
1374
1507
1629
1629
1495
1309
1169
1124
1147
1145
1048
900
849
983
1202
1292
1152
913
782
833
977
1119
1251
1382
1446
1362
1145
904
730
627
576
580
615
574
365
24
-304
-541
-749
-1009
-1281
-1472
-1611
-1839
-2212
-2605
-2891
-3143
-3529
-4036
-4418
-4493
-4397
-4418
-4636
-4867
-4974
-5079
-5365
-5760
-5960
-5798
-5457
-5257
-5315
-5503
-5684
-5839
-5961
-5958
-5741
-5352
-4924
-4525
-4131
-3748
-3466
-3313
-3140
-2746
-2088
-1326
-641
-107
290
562
731
872
1074
1349
1662
2042
2577
3226
3743
3883
3693
3495
3560
3871
4244
4594
4978
5383
5621
5527
5172
4802
4576
4476
4461
4609
4961
5323
5337
4832
4049
3432
3222
3297
3400
3422
3438
3492
3456
3131
2458
1638
1001
782
943
1228
1375
1301
1094
837
513
87
-333
-531
-389
-29
309
482
489
328
-78
-712
-1325
-1556
-1276
-728
-306
-192
-279
-411
-593
-900
-1261
-1412
-1132
-497
157
489
404
55
-325
-598
-741
-775
-698
-505
-252
-79
-128
-423
-840
-1203
-1429
-1553
-1628
-1634
-1545
-1444
-1505
-1824
-2280
-2660
-2877
-3030
-3215
-3347
-3284
-3068
-2959
-3158
-3578
-3944
-4105
-4136
-4165
-4175
-4077
-3884
-3746
-3777
-3936
-4096
-4153
-4068
-3833
-3496
-3157
-2891
-2670
-2412
-2121
-1891
-1740
-1528
-1118
-585
-146
122
374
752
1160
1393
1450
1578
1953
2457
2848
3083
3334
3697
4036
4170
4147
4199
4466
4839
5106
5173
5096
4965
4828
4698
4590
4513
4468
4451
4434
4334
4080
3717
3418
3308
3317
3244
2991
2651
2347
2055
1665
1191
803
605
474
202
-233
-639
-862
-977
-1159
-1428
-1614
-1595
-1474
-1456
-1604
-1774
-1827
-1806
-1866
-2063
-2266
-2295
-2118
-1879
-1754
-1794
-1899
-1949
-1898
-1770
-1566
-1241
-785
-314
-23
-8
-161
-274
-235
-88
93
328
661
996
1109
867
416
78
52
256
458
550
603
707
783
641
216
-310
-653
-693
-561
-475
-531
-677
-878
-1196
-1684
-2249
-2677
-2831
-2756
-2604
-2471
-2378
-2364
-2521
-2880
-3313
-3592
-3565
-3261
-2851
-2529
-2404
-2459
-2590
-2695
-2750
-2766
-2685
-2380
-1813
-1173
-754
-668
-726
-660
-404
-100
157
452
893
1405
1794
1974
2044
2131
2246
2330
2408
2570
2849
3154
3377
3488
3501
3432
3321
3247
3266
3329
3347
3331
3364
3428
3349
3011
2569
2307
2291
2286
2069
1726
1498
1425
1283
926
503
268
227
150
-107
-417
-599
-662
-756
-942
-1128
-1239
-1326
-1458
-1600
-1684
-1719
-1765
-1824
-1832
-1793
-1782
-1819
-1801
-1649
-1449
-1345
-1328
-1235
-1006
-786
-707
-668
-459
-91
180
187
86
145
395
632
730
804
998
1231
1314
1227
1146
1197
1287
1287
1229
1246
1336
1337
1147
869
665
562
460
305
140
1
-149
-342
-540
-710
-901
-1170
-1460
-1639
-1676
-1706
-1848
-2060
-2223
-2328
-2475
-2687
-2825
-2773
-2611
-2518
-2542
-2560
-2490
-2416
-2444
-2494
-2372
-2029
-1640
-1401
-1312
-1232
-1089
-946
-843
-696
-408
-12
357
617
802
959
1081
1152
1232
1410
1687
1976
2206
2376
2497
2532
2446
2305
2233
2288
2404
2490
2535
2573
2578
2474
2253
2020
1892
1872
1879
1862
1830
1772
1613
1295
890
549
354
254
163
59
-42
-157
-332
-566
-780
-907
-962
-989
-985
-927
-857
-879
-1036
-1234
-1336
-1318
-1279
-1292
-1314
-1268
-1161
-1066
-1014
-950
-827
-677
-558
-456
-299
-73
137
260
330
448
642
831
921
918
900
920
971
1032
1094
1157
1195
1196
1184
1187
1192
1153
1058
957
893
851
772
630
455
282
105
-83
-271
-437
-598
-793
-1016
-1202
-1300
-1345
-1412
-1531
-1648
-1710
-1746
-1819
-1946
-2067
-2120
-2116
-2098
-2085
-2060
-2023
-2005
-2028
-2052
-2006
-1867
-1679
-1494
-1316
-1118
-901
-715
-598
-528
-434
-262
-19
244
486
684
830
920
966
1004
1073
1194
1359
1548
1725
1854
1910
1903
1871
1859
1879
1923
1984
2054
2100
2069
1939
1763
1624
1554
1505
1423
1314
1220
1142
1019
819
584
381
216
43
-148
-302
-376
-415
-506
-666
-827
-926
-988
-1071
-1173
-1243
-1253
-1240
-1243
-1259
-1259
-1258
-1284
-1323
-1313
-1223
-1095
-991
-914
-818
-681
-521
-358
-189
-17
129
234
338
481
634
730
763
818
962
1140
1246
1256
1258
1313
1373
1367
1318
1317
1379
1416
1361
1263
1204
1160
1031
791
545
400
344
272
128
-56
-240
-422
-609
-762
-856
-917
-995
-1088
-1156
-1206
-1299
-1459
-1614
-1681
-1680
-1704
-1790
-1884
-1936
-1977
-2047
-2098
-2041
-1879
-1718
-1634
-1577
-1465
-1302
-1172
-1100
-1017
-858
-660
-496
-374
-242
-95
17
70
124
249
426
582
699
833
1015
1206
1346
1441
1535
1629
1686
1703
1736
1816
1898
1914
1861
1804
1780
1759
1705
1638
1596
1569
1517
1429
1350
1300
1235
1097
896
700
560
453
331
178
14
-147
-310
-478
-637
-774
-879
-944
-960
-936
-918
-950
-1033
-1124
-1181
-1190
-1159
-1098
-1021
-961
-950
-981
-1009
-992
-928
-837
-724
-576
-394
-209
-64
29
91
163
271
419
588
748
868
945
995
1034
1063
1075
1066
1057
1065
1094
1126
1146
1146
1127
1083
1010
914
811
722
656
599
533
446
337
210
66
-91
-245
-372
-463
-534
-620
-741
-888
-1027
-1137
-1218
-1287
-1361
-1443
-1523
-1594
-1657
-1715
-1763
-1789
-1789
-1772
-1753
-1739
-1725
-1705
-1678
-1641
-1574
-1458
-1302
-1154
-1049
-979
-900
-780
-629
-474
-322
-161
9
162
285
394
517
651
766
853
942
1060
1189
1288
1346
1403
1496
1614
1713
1781
1835
1886
1919
1919
1893
1856
1805
1724
1622
1532
1466
1391
1270
1106
940
793
656
520
412
354
328
282
200
114
48
-24
-141
-287
-408
-473
-511
-568
-652
-737
-808
-872
-930
-962
-951
-906
-848
-788
-722
-648
-580
-522
-456
-364
-265
-190
-150
-119
-78
-36
-10
9
47
116
196
276
361
468
581
664
702
722
755
797
818
802
762
711
650
573
487
405
327
242
146
52
-18
-49
-60
-88
-151
-236
-315
-385
-468
-582
-717
-850
-970
-1090
-1230
-1389
-1543
-1663
-1752
-1829
-1897
-1928
-1904
-1855
-1821
-1797
-1745
-1650
-1546
-1473
-1426
-1368
-1280
-1177
-1085
-1002
-911
-800
-676
-544
-401
-245
-88
67
237
438
660
874
1062
1230
1383
1512
1615
1702
1790
1876
1942
1978
1997
2013
2026
2019
1986
1943
1908
1874
1823
1760
1698
1634
1543
1415
1276
1139
992
819
638
472
319
153
-30
-208
-359
-478
-575
-661
-742
-813
-876
-937
-1002
-1060
-1096
-1112
-1124
-1133
-1130
-1120
-1120
-1135
-1139
-1106
-1044
-975
-905
-817
-698
-564
-444
-344
-246
-129
1
126
245
375
518
652
755
824
869
897
908
913
925
952
988
1018
1030
1016
984
943
898
853
808
764
714
655
584
489
351
181
25
-84
-174
-291
-448
-618
-789
-962
-1118
-1229
-1298
-1369
-1467
-1573
-1655
-1702
-1734
-1777
-1829
-1866
-1869
-1844
-1817
-1801
-1784
-1753
-1705
-1634
-1530
-1387
-1226
-1071
-928
-781
-617
-432
-235
-39
144
312
468
625
790
957
1109
1229
1326
1431
1556
1676
1767
1842
1925
2025
2122
2187
2213
2209
2197
2183
2155
2090
1993
1880
1756
1609
1451
1306
1175
1033
864
692
534
386
235
91
-47
-190
-334
-451
-530
-602
-713
-868
-1028
-1159
-1254
-1330
-1397
-1452
-1483
-1496
-1509
-1529
-1527
-1476
-1389
-1302
-1230
-1155
-1061
-959
-863
-773
-682
-580
-473
-365
-256
-134
-1
130
240
340
454
585
710
807
884
955
1029
1098
1151
1181
1197
1212
1214
1175
1092
999
926
856
771
681
613
547
454
338
235
152
61
-60
-207
-359
-510
-653
-788
-923
-1065
-1207
-1338
-1462
-1575
-1665
-1720
-1756
-1788
-1811
-1810
-1785
-1746
-1698
-1644
-1585
-1518
-1440
-1352
-1262
-1167
-1055
-921
-778
-638
-501
-360
-209
-47
122
290
459
636
817
980
1118
1241
1366
1494
1619
1734
1823
1877
1905
1924
1937
1933
1916
1901
1888
1856
1804
1758
1721
1667
1581
1476
1368
1256
1138
1020
892
736
556
390
257
132
-9
-164
-316
-463
-602
-720
-801
-859
-913
-976
-1035
-1070
-1075
-1069
-1085
-1121
-1144
-1135
-1122
-1134
-1158
-1147
-1088
-1012
-949
-893
-820
-720
-603
-483
-357
-217
-71
53
147
228
321
420
501
552
586
609
632
665
707
738
743
734
724
712
692
675
666
641
591
535
495
451
374
269
164
54
-85
-243
-388
-510
-637
-788
-939
-1057
-1127
-1167
-1204
-1249
-1287
-1297
-1295
-1307
-1335
-1353
-1351
-1347
-1355
-1352
-1324
-1291
-1272
-1250
-1184
-1068
-935
-818
-713
-588
-420
-228
-46
117
277
446
608
748
868
979
1077
1156
1219
1276
1335
1400
1469
1521
1547
1566
1610
1674
1725
1751
1767
1778
1761
1706
1638
1570
1485
1367
1228
1080
922
761
611
472
327
182
57
-38
-128
-230
-341
-447
-545
-630
-695
-747
-806
-880
-962
-1046
-1124
-1192
-1248
-1305
-1364
-1399
-1388
-1343
-1287
-1221
-1129
-1013
-896
-786
-668
-532
-398
-290
-203
-107
15
129
198
229
274
363
466
542
604
692
803
896
952
998
1064
1152
1230
1268
1251
1204
1155
1107
1035
924
799
691
593
484
358
226
94
-32
-143
-232
-313
-402
-492
-575
-656
-749
-850
-947
-1041
-1142
-1255
-1372
-1476
-1549
-1587
-1609
-1635
-1649
-1628
-1567
-1494
-1421
-1335
-1227
-1102
-974
-844
-711
-582
-464
-357
-250
-133
-8
112
217
324
444
575
699
822
965
1122
1261
1370
1466
1565
1658
1728
1780
1812
1811
1775
1721
1662
1588
1497
1402
1313
1221
1120
1017
917
816
713
619
528
427
314
193
62
-85
-241
-387
-525
-670
-823
-965
-1086
-1189
-1280
-1356
-1421
-1474
-1509
-1516
-1493
-1446
-1383
-1316
-1261
-1216
-1166
-1097
-1028
-978
-942
-894
-814
-712
-602
-499
-397
-286
-164
-42
78
209
360
518
662
789
900
988
1048
1088
1120
1142
1146
1141
1134
1119
1088
1055
1037
1018
975
908
845
803
772
731
675
610
533
438
318
186
58
-67
-205
-358
-500
-612
-704
-800
-894
-961
-1002
-1042
-1089
-1123
-1130
-1116
-1099
-1085
-1072
-1054
-1028
-1002
-977
-947
-912
-882
-863
-835
-766
-661
-553
-457
-342
-195
-44
93
230
383
534
662
767
854
919
962
1003
1054
1096
1121
1148
1188
1216
1209
1192
1197
1219
1233
1234
1231
1226
1205
1162
1093
994
871
745
632
523
408
289
168
28
-136
-305
-442
-543
-627
-705
-767
-807
-841
-887
-940
-993
-1048
-1109
-1163
-1195
-1210
-1224
-1248
-1271
-1283
-1276
-1253
-1218
-1181
-1138
-1064
-934
-771
-621
-497
-377
-245
-115
4
119
227
307
364
425
505
575
614
643
690
750
811
877
958
1034
1085
1117
1146
1163
1159
1142
1130
1102
1036
932
817
704
590
474
360
247
134
29
-64
-154
-241
-313
-374
-439
-510
-567
-598
-630
-691
-773
-845
-900
-953
-1020
-1083
-1124
-1138
-1131
-1109
-1078
-1045
-1010
-951
-853
-722
-586
-462
-343
-222
-112
-20
69
171
267
328
361
408
491
578
629
649
678
748
854
972
1074
1149
1203
1242
1262
1254
1224
1188
1148
1093
1019
936
849
756
646
514
365
219
105
40
5
-39
-112
-199
-280
-361
-456
-558
-652
-732
-800
-867
-937
-1020
-1115
-1209
-1279
-1328
-1372
-1408
-1403
-1343
-1254
-1176
-1114
-1048
-967
-876
-782
-674
-562
-464
-381
-297
-211
-145
-103
-59
12
110
217
327
437
545
656
769
873
962
1040
1128
1218
1285
1315
1314
1289
1239
1176
1121
1081
1038
980
919
859
792
714
642
581
517
441
370
316
262
190
105
11
-103
-246
-391
-503
-582
-658
-748
-829
-890
-942
-1001
-1060
-1086
-1068
-1018
-967
-932
-903
-857
-794
-737
-707
-688
-651
-593
-534
-483
-431
-373
-318
-268
-207
-114
7
140
273
392
489
566
630
688
735
776
814
847
861
858
852
847
823
771
709
668
653
646
630
611
590
555
493
406
316
245
197
150
81
-13
-111
-203
-294
-394
-492
-579
-650
-702
-728
-728
-722
-730
-751
-771
-779
-770
-742
-702
-673
-661
-651
-621
-581
-558
-554
-542
-496
-422
-338
-260
-188
-115
-31
66
166
261
354
449
533
590
631
675
716
732
719
710
730
769
804
823
830
829
823
817
807
790
765
742
721
686
629
554
475
392
307
226
155
84
3
-80
-163
-247
-330
-396
-438
-473
-521
-568
-594
-601
-612
-648
-698
-750
-794
-819
-817
-809
-815
-833
-833
-800
-756
-729
-711
-668
-583
-484
-409
-358
-301
-222
-144
-102
-84
-39
50
136
170
173
202
268
323
338
352
406
485
543
573
603
641
665
662
642
618
589
552
512
472
429
389
358
330
285
216
146
102
89
76
40
-22
-89
-138
-174
-211
-256
-300
-339
-380
-433
-485
-518
-538
-567
-608
-629
-614
-580
-553
-535
-506
-461
-414
-376
-337
-294
-252
-219
-188
-152
-111
-69
-31
11
56
105
159
221
292
368
440
507
564
614
661
711
757
788
796
786
771
757
744
732
718
696
663
628
607
603
596
567
521
475
439
405
360
296
219
143
67
-16
-107
-193
-261
-321
-396
-482
-548
-579
-593
-625
-680
-735
-767
-771
-756
-744
-751
-770
-774
-754
-741
-758
-786
-790
-771
-751
-729
-688
-629
-574
-522
-450
-356
-263
-190
-127
-58
11
73
131
183
217
237
262
293
314
320
339
382
421
435
442
463
496
517
522
517
505
484
469
460
432
365
285
230
192
133
52
-14
-51
-88
-143
-201
-237
-257
-280
-304
-318
-321
-324
-333
-347
-363
-375
-381
-388
-402
-417
-413
-386
-353
-329
-304
-262
-202
-136
-66
11
94
176
257
341
423
484
520
546
584
636
685
718
745
776
813
839
848
858
885
919
933
924
918
931
939
911
856
805
766
709
621
523
439
363
269
163
70
6
-49
-120
-212
-303
-375
-427
-482
-554
-631
-689
-727
-769
-829
-890
-937
-978
-1033
-1092
-1127
-1130
-1122
-1116
-1104
-1077
-1042
-1003
-957
-898
-834
-773
-709
-640
-567
-498
-438
-385
-336
-284
-225
-168
-116
-62
9
90
158
205
256
322
390
436
471
514
566
605
620
617
606
583
549
510
478
454
432
406
374
336
292
246
203
167
137
110
75
32
-15
-57
-94
-128
-164
-215
-280
-336
-358
-359
-374
-415
-450
-445
-412
-387
-378
-358
-306
-240
-193
-165
-133
-76
-5
61
107
136
162
199
253
317
376
420
458
507
576
648
709
763
817
869
900
912
919
928
930
920
898
870
830
784
742
701
645
570
492
429
377
321
256
177
91
11
-54
-119
-209
-317
-409
-482
-569
-685
-794
-864
-917
-992
-1082
-1143
-1165
-1179
-1207
-1230
-1235
-1226
-1214
-1186
-1139
-1087
-1052
-1033
-1013
-978
-929
-873
-815
-755
-683
-598
-509
-423
-329
-221
-114
-27
54
150
260
360
441
519
601
665
697
713
739
777
799
793
780
785
803
804
781
753
742
737
713
666
619
582
536
469
396
330
260
170
74
-10
-81
-150
-219
-278
-330
-378
-411
-426
-435
-452
-461
-445
-421
-421
-441
-444
-417
-387
-372
-357
-326
-280
-229
-180
-134
-97
-54
20
125
231
319
394
470
546
610
659
703
743
783
826
864
881
869
842
820
811
810
810
805
798
795
790
764
711
648
599
552
479
375
274
191
118
31
-69
-179
-296
-412
-504
-568
-619
-676
-734
-782
-825
-868
-911
-949
-984
-1017
-1048
-1071
-1085
-1094
-1104
-1115
-1122
-1112
-1082
-1046
-1011
-964
-888
-795
-711
-634
-547
-447
-353
-270
-187
-102
-25
39
100
159
206
248
309
396
478
528
559
598
649
700
750
799
846
878
887
872
840
807
777
741
685
623
573
535
485
419
359
314
266
208
159
124
86
30
-23
-49
-61
-90
-144
-207
-272
-333
-377
-396
-402
-418
-444
-462
-464
-455
-432
-387
-325
-260
-201
-141
-81
-33
-5
14
39
78
126
175
215
250
282
314
350
396
449
496
532
571
622
668
686
682
681
690
685
652
612
575
533
479
431
390
333
247
161
110
78
38
-14
-61
-102
-153
-219
-284
-339
-390
-442
-507
-593
-690
-770
-817
-849
-891
-936
-952
-940
-922
-914
-907
-884
-845
-798
-754
-726
-709
-680
-634
-598
-586
-572
-519
-433
-358
-318
-291
-241
-165
-85
-12
52
117
189
266
348
424
486
528
551
560
569
579
583
573
562
558
555
550
545
547
547
535
519
508
496
470
432
391
352
315
274
219
143
50
-31
-82
-115
-154
-199
-238
-265
-285
-293
-290
-288
-300
-314
-313
-304
-310
-332
-350
-357
-360
-361
-346
-321
-309
-321
-329
-303
-244
-179
-128
-79
-20
49
108
142
169
208
261
301
316
325
343
357
347
330
332
350
359
355
361
384
407
412
408
405
391
358
317
288
265
230
180
124
67
10
-53
-119
-180
-231
-265
-283
-296
-313
-331
-345
-351
-356
-370
-394
-417
-431
-444
-463
-491
-517
-533
-548
-560
-550
-511
-472
-455
-443
-395
-307
-223
-173
-142
-97
-35
21
60
93
135
181
218
239
253
267
287
310
331
355
381
411
446
491
539
569
571
565
576
594
585
544
492
447
404
354
309
274
238
186
132
99
85
71
48
29
17
-1
-33
-72
-106
-139
-184
-242
-299
-337
-357
-378
-410
-450
-477
-478
-463
-448
-441
-431
-404
-355
-294
-237
-203
-192
-183
-158
-115
-76
-54
-51
-50
-39
-17
4
23
49
91
144
202
260
323
379
418
438
452
466
474
468
449
427
400
365
327
296
275
255
229
198
167
141
125
115
103
85
60
23
-28
-87
-138
-169
-190
-223
-274
-327
-371
-407
-444
-480
-510
-524
-524
-518
-506
-486
-456
-420
-388
-367
-349
-331
-313
-298
-281
-255
-222
-192
-168
-138
-100
-57
-19
25
82
154
229
300
361
415
457
481
499
523
560
593
599
576
543
520
507
490
463
435
412
393
372
352
339
324
296
257
222
197
166
111
38
-29
-81
-138
-220
-317
-398
-450
-491
-547
-607
-646
-656
-656
-661
-669
-664
-647
-630
-621
-615
-608
-601
-590
-566
-533
-511
-510
-509
-480
-421
-357
-305
-247
-158
-42
66
139
186
234
295
355
399
434
480
534
574
580
565
558
576
603
616
609
602
614
638
649
635
611
599
590
558
494
426
378
336
276
195
115
52
-16
-99
-182
-237
-269
-301
-350
-407
-447
-466
-482
-512
-553
-590
-614
-625
-621
-605
-594
-602
-619
-622
-601
-579
-566
-547
-504
-441
-378
-319
-254
-178
-104
-42
13
73
146
227
303
367
413
450
476
495
515
540
566
584
589
588
588
600
627
663
681
670
646
635
635
619
572
507
444
383
316
244
182
120
45
-53
-147
-208
-230
-232
-242
-272
-314
-357
-396
-432
-470
-518
-568
-600
-602
-595
-613
-658
-695
-697
-672
-646
-610
-547
-465
-404
-382
-367
-324
-255
-198
-162
-122
-56
19
64
79
100
150
211
257
288
328
377
411
417
418
446
501
552
576
581
591
613
627
619
582
526
462
404
361
329
299
261
217
168
115
61
17
-21
-63
-111
-138
-139
-146
-192
-268
-330
-366
-396
-435
-464
-476
-492
-531
-572
-591
-595
-602
-606
-581
-517
-444
-393
-360
-324
-273
-226
-209
-213
-199
-146
-85
-59
-61
-34
46
135
178
192
227
298
368
414
446
486
527
559
571
563
543
529
536
544
524
478
442
435
433
409
371
343
332
319
293
254
207
158
115
84
57
26
-10
-63
-137
-222
-287
-326
-356
-397
-438
-460
-469
-479
-495
-504
-501
-493
-486
-480
-469
-451
-428
-409
-395
-375
-339
-302
-284
-283
-272
-238
-195
-159
-121
-69
-8
44
83
124
174
225
265
292
319
351
378
385
381
386
411
427
419
396
393
413
434
440
438
431
412
376
328
284
249
222
187
134
72
18
-25
-73
-132
-185
-214
-223
-233
-251
-274
-303
-339
-373
-393
-400
-403
-408
-415
-428
-442
-442
-429
-415
-406
-389
-368
-354
-350
-323
-263
-198
-158
-134
-98
-57
-28
-5
31
78
113
139
182
239
284
309
330
361
388
403
414
426
436
442
450
447
422
389
379
385
370
317
258
228
216
195
162
130
96
51
6
-21
-40
-73
-120
-164
-200
-234
-265
-288
-314
-348
-374
-383
-392
-419
-445
-442
-419
-411
-419
-407
-367
-336
-331
-322
-281
-229
-202
-194
-170
-119
-70
-44
-28
1
48
98
138
166
197
230
258
279
301
338
377
399
400
396
412
439
456
445
422
408
405
402
391
375
354
317
264
207
164
136
119
100
71
27
-19
-51
-69
-103
-163
-226
-257
-262
-272
-300
-331
-345
-347
-349
-363
-387
-406
-410
-398
-386
-374
-355
-332
-315
-309
-301
-280
-257
-235
-201
-149
-97
-59
-32
-1
36
75
109
137
162
191
227
259
276
291
318
348
364
370
385
405
410
403
405
415
410
389
365
337
288
231
196
187
176
151
126
106
79
40
3
-28
-63
-105
-144
-175
-199
-220
-243
-279
-320
-341
-338
-336
-347
-353
-340
-331
-341
-353
-346
-338
-343
-346
-321
-279
-240
-201
-161
-142
-151
-156
-128
-77
-34
-6
14
33
65
121
176
197
191
201
238
265
269
287
330
359
354
338
334
326
306
300
316
316
287
258
257
258
235
201
176
150
115
89
85
86
63
23
-18
-58
-98
-130
-150
-160
-159
-156
-176
-234
-295
-316
-302
-297
-314
-326
-311
-291
-287
-300
-306
-289
-251
-209
-192
-201
-198
-163
-116
-91
-81
-56
-12
27
45
59
81
108
134
160
184
199
207
212
214
221
243
279
307
311
299
289
280
263
247
251
267
260
217
163
130
115
90
46
2
-26
-37
-47
-56
-65
-84
-119
-160
-196
-225
-250
-266
-268
-273
-287
-301
-306
-319
-343
-354
-330
-297
-294
-316
-326
-310
-286
-264
-240
-221
-211
-199
-168
-129
-100
-77
-44
-10
9
27
69
123
160
173
187
204
216
229
257
297
326
338
338
331
325
338
364
369
333
289
273
276
260
227
211
223
230
206
154
100
63
43
27
6
-15
-35
-62
-103
-135
-147
-158
-196
-246
-270
-263
-257
-264
-269
-263
-267
-286
-298
-294
-288
-291
-290
-276
-260
-252
-244
-222
-179
-129
-97
-95
-102
-77
-20
28
40
39
65
110
145
163
183
207
230
252
278
298
302
299
301
306
311
314
314
302
287
287
293
274
229
192
184
181
150
108
89
90
77
32
-24
-54
-55
-58
-89
-138
-161
-148
-132
-148
-185
-218
-253
-299
-336
-324
-268
-217
-211
-236
-254
-247
-232
-225
-218
-190
-150
-128
-132
-131
-107
-82
-82
-81
-46
3
31
50
94
145
160
150
164
201
207
173
158
190
232
252
265
275
262
229
210
213
208
189
182
184
167
133
113
104
71
20
7
36
48
13
-25
-27
-29
-71
-128
-156
-160
-173
-196
-212
-214
-210
-205
-202
-208
-225
-246
-253
-241
-213
-186
-179
-191
-193
-166
-131
-117
-119
-105
-72
-38
-21
-5
18
48
75
96
113
138
170
196
207
209
213
214
201
187
190
202
193
168
166
197
224
216
193
182
176
154
122
99
93
92
78
48
8
-24
-38
-46
-65
-91
-108
-118
-137
-162
-178
-180
-185
-194
-192
-183
-186
-206
-217
-206
-196
-201
-208
-192
-167
-159
-168
-162
-129
-89
-71
-72
-61
-18
34
64
62
61
80
101
104
101
128
179
215
209
185
174
176
174
167
168
172
164
148
143
151
155
146
134
119
98
76
70
76
77
60
31
-3
-37
-69
-94
-114
-134
-141
-129
-119
-134
-165
-179
-174
-184
-216
-235
-218
-193
-193
-209
-213
-205
-198
-190
-175
-160
-145
-125
-99
-85
-83
-71
-43
-24
-23
-15
17
47
48
51
91
147
177
177
183
205
218
205
192
206
240
266
256
220
185
170
170
164
151
141
129
101
62
36
31
30
14
-16
-42
-60
-71
-88
-113
-136
-143
-138
-146
-172
-187
-179
-176
-200
-226
-215
-184
-179
-201
-212
-194
-174
-162
-147
-123
-110
-110
-96
-60
-29
-23
-24
-6
31
70
106
131
137
132
139
168
196
198
180
174
195
224
241
240
234
238
245
246
240
241
252
253
230
195
172
164
152
127
100
76
50
22
5
-8
-34
-72
-100
-108
-110
-128
-157
-177
-183
-186
-194
-203
-212
-228
-259
-291
-298
-274
-237
-220
-230
-245
-241
-215
-188
-178
-178
-169
-142
-103
-64
-37
-16
2
12
20
41
77
101
99
91
113
160
198
207
207
219
232
232
226
222
219
214
219
236
242
226
196
172
155
132
107
85
69
58
56
55
40
6
-30
-59
-90
-123
-137
-127
-133
