37
61
78
71
56
48
44
34
24
20
20
24
31
36
29
13
6
14
20
15
6
2
-6
-26
-47
-48
-34
-24
-27
-35
-35
-29
-19
-9
-8
-14
-22
-20
-15
-12
-9
0
3
-11
-35
-47
-40
-27
-16
3
30
47
44
27
15
14
23
34
38
32
29
39
52
47
24
6
1
-3
-14
-22
-15
-2
3
0
-9
-19
-26
-25
-17
-9
-2
7
19
21
12
-1
-2
12
30
39
29
4
-24
-40
-41
-38
-40
-46
-49
-46
-43
-49
-60
-59
-35
0
18
12
-5
-16
-22
-22
-12
3
9
-1
-10
-7
1
2
0
9
25
34
26
12
5
9
14
9
-8
-24
-27
-15
-5
-9
-24
-39
-43
-39
-37
-37
-35
-21
-1
8
0
-21
-41
-58
-71
-77
-70
-53
-28
-2
18
28
27
18
1
-22
-40
-48
-44
-32
-14
6
17
7
-18
-44
-59
-63
-54
-42
-30
-18
0
15
13
-7
-24
-29
-36
-48
-43
-12
22
19
-17
-53
-67
-59
-38
-11
-1
-17
-37
-30
0
21
21
16
15
9
-6
-10
8
27
23
1
-13
-10
-6
-12
-13
1
22
29
29
32
30
6
-30
-41
-23
-1
-2
-14
-20
-17
-17
-25
-30
-28
-19
-13
-15
-18
-11
4
8
-9
-30
-35
-28
-23
-15
9
36
47
45
36
17
-11
-30
-26
-19
-22
-18
12
37
30
14
21
39
37
29
44
67
65
45
39
37
17
-4
1
13
0
-17
5
50
59
30
13
26
35
26
22
32
39
36
42
55
51
31
20
35
56
65
70
79
89
91
77
49
21
19
30
32
19
20
48
73
64
41
24
18
20
38
68
85
76
57
44
31
22
25
32
27
18
33
66
79
65
50
46
38
20
13
22
30
31
33
35
22
4
3
10
-3
-30
-38
-18
4
15
25
31
19
-5
-14
-7
-3
-7
-4
7
13
8
-5
-29
-54
-64
-49
-33
-38
-50
-47
-37
-46
-74
-92
-91
-76
-63
-54
-49
-42
-33
-32
-47
-66
-68
-63
-73
-89
-76
-40
-15
-18
-24
-16
-10
-12
-8
2
2
-13
-22
-21
-26
-47
-69
-79
-89
-102
-97
-71
-48
-43
-55
-77
-107
-132
-130
-100
-72
-65
-74
-81
-80
-76
-70
-64
-56
-46
-28
-1
29
53
55
34
4
-5
8
21
25
30
45
59
64
70
79
84
73
61
62
74
78
70
58
53
51
45
30
18
18
27
33
33
34
36
31
14
0
3
18
28
21
2
-10
-6
2
-6
-20
-15
11
29
18
2
3
8
3
4
22
31
7
-24
-18
10
18
-3
-23
-31
-43
-53
-45
-27
-25
-34
-30
-13
-7
-13
-11
2
7
3
4
6
-12
-40
-53
-51
-51
-52
-37
-15
-17
-34
-28
8
29
6
-30
-35
-13
-1
-8
-13
0
12
-1
-24
-25
5
31
22
1
4
32
49
43
37
47
55
40
12
-8
-14
-17
-25
-37
-39
-27
-12
-15
-41
-70
-81
-73
-56
-32
-7
1
-12
-31
-37
-34
-41
-52
-57
-54
-51
-50
-45
-41
-46
-56
-58
-50
-35
-17
-1
1
-2
6
35
63
69
62
55
54
48
45
53
61
58
44
36
37
41
45
50
55
55
58
63
63
49
34
31
41
49
51
51
48
36
17
1
-5
-3
1
2
-3
-18
-32
-33
-18
-2
9
10
-5
-38
-69
-76
-56
-30
-12
8
27
28
13
10
38
70
82
78
77
71
46
12
-3
1
8
14
27
42
50
51
57
62
53
33
28
37
47
44
39
46
60
66
59
45
41
48
54
51
46
55
66
67
56
51
50
40
17
-7
-22
-30
-27
-20
-17
-25
-30
-26
-26
-45
-57
-30
14
28
7
-8
-3
-1
-17
-31
-29
-22
-17
-8
11
26
29
21
4
-22
-46
-51
-43
-39
-46
-52
-58
-65
-70
-68
-69
-71
-73
-71
-78
-92
-94
-78
-67
-80
-96
-87
-60
-41
-38
-42
-48
-54
-53
-46
-44
-46
-34
-6
14
14
7
13
21
23
25
31
30
15
1
7
25
41
46
41
28
13
4
2
-5
-14
-13
0
12
7
-8
-26
-39
-40
-25
0
21
27
22
10
1
0
-2
-8
-6
20
57
67
47
31
40
53
39
7
-18
-30
-34
-37
-37
-36
-30
-11
23
53
64
65
66
63
54
44
38
29
15
13
33
59
73
74
68
60
57
61
64
55
32
11
1
2
9
11
1
-24
-53
-69
-73
-72
-65
-53
-37
-27
-25
-29
-37
-42
-38
-30
-23
-20
-14
-9
-9
-12
-8
6
17
18
7
-5
-4
10
22
18
6
15
43
63
46
9
-14
-7
9
17
9
-6
-14
-3
14
18
9
2
5
4
-3
-1
13
22
19
15
21
29
33
47
65
68
46
24
21
28
29
27
34
43
43
39
38
41
37
32
31
34
31
19
4
-9
-13
-8
4
16
19
9
-4
-1
20
40
37
18
9
8
-9
-45
-66
-51
-26
-20
-33
-35
-21
-7
-2
-2
2
4
0
-3
2
5
5
7
20
36
44
38
32
34
36
27
22
40
69
73
52
40
49
48
29
24
53
87
86
69
74
96
98
72
44
32
26
21
19
15
2
-5
9
26
24
5
-5
-6
-15
-32
-29
-3
16
3
-26
-44
-50
-54
-59
-53
-40
-34
-40
-45
-31
-10
-1
-10
-21
-25
-29
-33
-32
-30
-42
-64
-70
-46
-19
-18
-38
-55
-62
-66
-60
-36
-7
-3
-22
-41
-41
-35
-39
-55
-69
-67
-48
-29
-30
-48
-60
-51
-35
-38
-50
-51
-36
-26
-26
-23
-15
-16
-38
-61
-58
-27
-3
-11
-34
-33
-9
6
-8
-29
-35
-35
-43
-45
-19
14
23
9
7
15
10
-13
-28
-20
-15
-27
-39
-34
-24
-25
-25
-7
17
14
-16
-42
-44
-36
-37
-44
-37
-27
-36
-65
-85
-77
-57
-47
-49
-51
-45
-38
-31
-30
-34
-41
-36
-22
-17
-30
-49
-52
-40
-28
-20
-9
3
11
18
30
43
48
48
47
44
35
25
28
40
48
43
33
30
42
56
59
42
21
20
34
43
33
21
23
34
37
32
28
27
27
25
22
8
-12
-23
-14
2
8
6
5
12
17
13
6
-2
-9
-17
-19
-7
13
26
17
-11
-37
-44
-25
4
23
25
20
23
39
51
52
43
33
29
33
43
50
44
30
17
11
3
-3
2
18
20
-4
-31
-34
-17
-8
-20
-45
-59
-53
-29
-6
-2
-14
-18
-7
2
-5
-16
-21
-27
-39
-43
-23
9
35
43
34
19
13
32
57
64
53
52
68
77
63
46
45
48
42
30
26
28
29
36
43
32
-1
-24
-11
17
25
10
0
0
-5
-25
-37
-25
-7
-5
-16
-13
4
10
-5
-16
-7
4
-11
-36
-32
-7
1
-24
-43
-30
-9
-13
-32
-31
-1
35
63
74
56
19
-5
10
43
60
51
38
33
23
5
-9
-7
9
21
22
15
12
18
16
-2
-22
-15
18
43
33
-4
-36
-43
-26
-3
3
-8
-21
-22
-14
-11
-6
7
23
18
-4
-18
-13
0
5
1
-5
-10
-13
-10
-5
-3
-5
-4
6
23
30
26
21
24
33
31
14
4
13
28
17
-20
-55
-59
-42
-28
-29
-43
-63
-76
-68
-48
-37
-43
-56
-63
-66
-67
-62
-54
-50
-46
-32
-10
3
5
10
23
21
1
-20
-23
-10
1
2
-4
-10
-8
5
14
-2
-34
-51
-42
-23
-11
1
19
33
29
16
6
-3
-19
-34
-36
-25
-13
-6
-10
-27
-53
-71
-66
-45
-28
-26
-33
-38
-36
-29
-26
-32
-43
-54
-62
-59
-41
-8
16
15
-7
-18
-1
29
35
9
-26
-43
-36
-24
-22
-25
-17
0
12
13
15
25
35
40
42
50
53
45
31
21
17
19
30
42
42
28
12
7
7
8
19
36
38
18
0
3
14
10
3
9
17
6
-18
-27
-20
-21
-38
-46
-34
-22
-20
-21
-14
-7
-15
-26
-34
-40
-48
-48
-40
-35
-43
-53
-48
-37
-35
-50
-61
-49
-15
19
37
38
41
50
55
40
18
9
16
30
40
52
62
58
31
-1
-15
-9
-1
-2
-6
-6
-5
-12
-19
-10
17
41
43
25
6
1
5
11
15
16
15
22
40
56
60
50
41
43
50
56
54
51
50
49
42
31
26
34
49
44
19
-6
-18
-23
-29
-30
-27
-25
-33
-39
-35
-29
-30
-32
-32
-35
-38
-35
-23
-11
-6
-3
-2
-15
-33
-32
-6
19
20
8
2
4
16
42
69
65
29
-3
-6
3
2
2
17
31
24
9
13
30
30
10
1
18
44
45
22
4
14
39
49
40
36
47
46
11
-27
-33
-13
-1
-4
-1
7
0
-19
-21
0
12
3
-10
-11
-16
-37
-58
-61
-50
-35
-15
-2
-9
-33
-43
-23
-2
0
-2
8
20
12
-9
-13
-1
9
6
2
1
-6
-21
-34
-40
-43
-42
-32
-11
2
-13
-52
-91
-101
-78
-46
-31
-44
-69
-78
-62
-33
-4
24
43
39
18
7
17
32
28
13
3
-4
-13
-15
-7
-6
-21
-34
-23
-1
3
-4
1
14
17
12
20
38
41
26
14
18
18
8
-2
1
7
11
15
20
14
3
2
19
36
40
37
39
43
38
27
14
2
-10
-17
-14
-5
4
7
0
-15
-33
-42
-30
-9
2
-5
-17
-19
-9
-3
-15
-35
-44
-35
-20
-20
-34
-43
-30
-8
-1
-4
-1
12
20
15
14
27
42
43
35
23
8
-9
-21
-29
-35
-40
-36
-32
-41
-48
-31
-4
-2
-26
-33
-6
23
19
3
5
28
53
73
82
70
42
22
21
24
16
11
19
23
9
-6
-6
2
2
-5
-9
-5
6
16
18
13
12
18
16
-4
-20
-15
-8
-21
-44
-45
-26
-17
-24
-32
-36
-47
-56
-46
-30
-32
-56
-71
-65
-49
-30
-3
25
35
23
11
8
8
5
0
-5
-13
-19
-11
2
6
-3
-6
7
21
18
1
-15
-19
-16
-11
-1
13
19
9
-5
3
21
23
5
-10
-1
20
37
43
43
37
31
39
59
74
76
69
55
31
9
4
16
23
29
47
72
76
59
51
67
87
94
89
80
63
44
35
33
33
28
20
0
-29
-40
-19
5
4
-4
16
52
57
25
-1
-7
-14
-25
-21
2
12
-2
-17
-8
11
20
25
35
40
26
3
-2
16
28
3
-42
-67
-48
-12
-1
-14
-24
-20
-19
-25
-23
-9
-4
-16
-32
-35
-34
-45
-60
-59
-34
-8
-6
-21
-26
-6
14
3
-34
-57
-47
-29
-28
-36
-36
-24
-9
9
27
29
6
-28
-49
-46
-29
-18
-25
-43
-53
-44
-27
-12
3
19
22
8
4
26
50
34
-10
-37
-22
18
43
39
6
-31
-42
-21
7
17
9
6
9
10
8
3
-9
-27
-35
-20
5
16
1
-27
-49
-51
-28
4
30
43
45
32
8
0
17
37
29
4
-2
17
32
31
34
46
54
52
53
63
67
58
54
66
79
76
58
36
20
9
1
-7
-14
-21
-30
-40
-42
-33
-20
-12
-13
-17
-24
-32
-38
-39
-43
-48
-40
-16
1
-11
-37
-47
-37
-25
-20
-19
-22
-34
-46
-48
-47
-54
-65
-74
-76
-67
-43
-17
-8
-19
-28
-21
-5
10
26
35
27
11
14
37
48
33
14
14
21
23
25
28
20
-3
-21
-17
-9
-14
-26
-27
-18
-14
-18
-21
-20
-20
-28
-32
-25
-6
11
10
-11
-34
-50
-59
-65
-63
-56
-57
-69
-80
-82
-79
-78
-76
-66
-47
-26
-13
-14
-22
-23
-15
-8
-10
-2
22
43
37
16
7
13
18
16
17
17
11
6
5
1
-8
-7
9
16
-2
-17
-2
30
45
46
56
78
91
86
80
81
79
73
70
80
90
86
65
39
28
36
47
49
46
51
61
64
57
52
53
51
44
41
38
29
26
39
57
59
40
23
26
36
34
17
-2
-9
-1
13
20
16
5
-9
-25
-40
-45
-37
-25
-14
-2
10
15
13
7
5
1
-3
-2
1
0
-11
-24
-33
-38
-42
-49
-53
-55
-53
-49
-44
-33
-21
-14
-15
-22
-27
-34
-45
-46
-36
-26
-35
-48
-41
-18
-3
-2
-6
-9
-21
-40
-49
-44
-32
-20
-14
-24
-54
-76
-70
-53
-50
-53
-35
-5
9
3
0
4
-1
-18
-23
-7
6
-2
-22
-29
-17
-1
2
-8
-15
-7
11
22
21
19
23
28
25
18
16
16
20
36
57
71
73
80
99
112
94
51
17
18
38
43
23
9
23
43
41
21
14
19
9
-19
-31
-11
13
22
21
29
36
35
34
38
37
27
26
37
47
40
25
9
-5
-13
2
34
58
55
33
11
-1
0
19
41
48
33
11
-1
0
16
35
41
30
19
27
43
44
27
7
-1
3
14
22
12
-15
-39
-43
-32
-15
-1
7
5
-6
-13
-16
-18
-21
-20
-13
-12
-17
-22
-26
-22
-7
4
-6
-31
-39
-16
3
-9
-31
-27
-8
-5
-21
-29
-34
-57
-91
-101
-82
-68
-79
-96
-96
-80
-65
-56
-53
-57
-67
-78
-81
-74
-62
-53
-51
-51
-44
-34
-30
-34
-35
-29
-21
-13
-5
-5
-21
-41
-46
-37
-29
-28
-23
-15
-9
-8
-6
-8
-18
-23
-8
18
29
13
-12
-28
-30
-17
7
30
35
29
26
30
18
-13
-44
-48
-27
-6
-2
-10
-20
-25
-22
-18
-14
-9
-5
0
0
-11
-28
-40
-37
-29
-25
-24
-21
-15
-7
7
28
49
60
64
69
74
75
78
81
77
70
78
102
114
92
60
50
61
65
58
51
44
31
28
41
57
55
44
40
36
15
-4
-4
5
-5
-20
-11
17
28
9
-11
-14
-1
16
31
28
4
-23
-35
-35
-40
-40
-28
-11
-7
-12
-16
-23
-35
-40
-31
-23
-26
-31
-23
-14
-19
-32
-33
-28
-28
-26
-13
6
20
24
21
12
3
0
2
2
-2
-5
-11
-30
-48
-41
-19
-11
-21
-28
-19
-6
0
8
19
18
4
-6
-4
-3
-12
-18
-6
16
40
55
59
53
44
43
50
55
54
50
38
14
-11
-23
-22
-19
-14
0
19
21
4
-10
-2
21
40
46
41
36
33
29
15
-7
-21
-20
-13
-11
-12
-17
-29
-41
-37
-8
21
25
9
-4
-8
-12
-18
-15
-2
7
4
1
6
13
10
1
-5
-2
5
14
25
31
29
29
41
58
63
57
50
48
46
47
59
77
83
73
61
60
61
56
52
58
62
56
50
61
82
90
70
41
22
14
4
-7
-10
0
6
-5
-25
-28
-13
-3
-10
-22
-25
-25
-33
-43
-46
-38
-21
6
27
13
-29
-54
-39
-12
-9
-22
-28
-28
-39
-52
-49
-46
-65
-88
-89
-73
-70
-80
-83
-79
-83
-87
-70
-43
-36
-53
-68
-68
-62
-52
-35
-19
-20
-25
-21
-10
-7
-9
-2
-1
-27
-69
-95
-94
-82
-68
-47
-29
-22
-22
-10
9
22
23
28
40
48
51
45
31
13
6
14
19
7
-7
-8
-6
-17
-32
-35
-18
11
40
59
58
44
40
63
95
106
86
57
42
45
46
33
6
-12
-17
-20
-29
-36
-31
-34
-54
-73
-63
-36
-19
-10
9
33
38
25
19
25
26
12
5
18
31
24
2
-17
-24
-25
-23
-22
-24
-29
-28
-20
-15
-26
-45
-57
-56
-40
-23
-11
-3
6
19
36
52
58
49
33
19
4
-24
-62
-84
-78
-65
-68
-79
-76
-59
-45
-33
-11
11
14
5
9
29
43
46
45
40
22
1
-2
14
21
5
-15
-20
-16
-19
-22
-16
-4
1
-1
4
18
32
36
27
15
16
28
38
31
11
-7
-17
-21
-21
-15
-4
1
-5
-22
-38
-42
-29
-8
9
15
17
19
22
21
15
5
-3
-1
6
15
15
10
2
-8
-20
-27
-27
-25
-26
-20
-8
0
-3
-9
-4
6
11
10
6
0
-13
-21
-11
11
31
35
26
16
14
24
40
49
44
32
19
8
-2
-2
9
22
25
19
16
17
21
27
33
43
51
52
41
30
32
49
64
61
46
30
16
0
-9
3
29
43
43
48
72
94
92
71
60
71
90
101
101
98
96
85
62
37
26
34
44
40
26
21
26
25
5
-24
-46
-59
-68
-74
-70
-55
-39
-28
-23
-28
-40
-50
-47
-34
-31
-37
-46
-46
-43
-41
-38
-36
-39
-42
-38
-27
-29
-50
-68
-67
-60
-68
-87
-93
-77
-52
-32
-16
-2
8
16
20
18
13
10
14
14
8
7
10
5
-22
-44
-36
-14
-13
-36
-50
-44
-40
-56
-77
-77
-55
-31
-24
-37
-50
-42
-15
10
11
0
-9
-17
-31
-36
-18
9
17
3
-7
-3
-2
-10
-17
-15
-19
-30
-31
-12
6
0
-18
-21
-2
19
22
6
-14
-35
-52
-57
-42
-12
9
4
-22
-41
-36
-20
-15
-26
-40
-47
-45
-39
-31
-27
-25
-26
-27
-29
-30
-27
-17
-7
-5
-4
2
14
25
32
42
48
46
40
41
58
69
61
42
29
25
23
20
27
39
43
34
32
44
58
57
48
44
48
53
57
62
57
36
11
-5
-7
-5
-3
-2
-6
-22
-42
-53
-52
-40
-26
-22
-35
-53
-52
-31
-12
-7
-1
14
21
7
-16
-32
-39
-45
-40
-18
7
21
28
32
21
-3
-21
-20
-18
-34
-43
-24
8
15
-9
-37
-50
-54
-59
-61
-60
-58
-50
-34
-12
-1
1
1
3
-2
-14
-22
-16
-2
11
15
14
11
2
-15
-24
-6
35
65
63
50
52
67
75
77
87
106
117
110
96
84
71
58
50
46
43
44
50
55
52
48
51
51
43
37
38
41
40
45
66
87
85
62
43
40
50
60
62
50
31
19
12
-2
-33
-62
-70
-55
-33
-16
-7
-12
-25
-36
-43
-46
-50
-53
-55
-58
-53
-28
2
13
7
10
35
63
67
52
39
37
33
16
-9
-27
-22
-2
14
16
12
15
22
22
19
19
15
-7
-35
-44
-29
-13
-14
-25
-32
-32
-26
-21
-17
-19
-27
-37
-42
-46
-52
-64
-76
-77
-66
-55
-57
-61
-51
-30
-24
-43
-64
-57
-29
-17
-33
-57
-59
-38
-17
-9
-9
-4
0
0
-3
-2
2
-4
-16
-21
-11
10
33
41
24
-10
-28
-21
-14
-26
-37
-22
6
9
-16
-31
-27
-36
-59
-62
-33
-8
-21
-52
-61
-49
-37
-28
-12
0
-3
-12
-10
1
5
3
5
7
-4
-22
-26
-12
8
21
26
20
8
7
25
45
45
30
18
19
23
20
13
4
-6
-12
-8
6
22
24
13
3
8
31
53
55
36
19
18
24
24
14
11
18
31
41
49
52
54
51
44
34
24
25
41
60
59
31
5
11
37
47
20
-20
-36
-24
-5
13
38
64
66
29
-20
-42
-25
12
46
72
91
90
71
44
32
33
35
26
12
2
1
-2
-11
-18
-9
12
14
-12
-35
-23
4
5
-13
-12
16
24
-15
-63
-68
-31
11
32
34
22
4
-2
17
42
46
29
18
35
61
68
54
37
28
17
4
-7
-17
-30
-37
-22
6
11
-16
-47
-52
-35
-23
-23
-20
-4
8
-4
-32
-46
-35
-11
21
52
62
40
9
2
17
32
37
27
-14
-66
-66
-1
43
2
-54
-38
19
25
-10
-4
42
60
44
33
22
-14
-41
-6
50
54
14
-9
6
35
61
78
75
69
89
115
93
47
57
120
141
78
-4
-38
-25
3
15
-14
-64
-68
-16
1
-51
-66
13
75
20
-58
-27
50
30
-53
-53
38
88
31
-57
-76
10
148
207
97
-87
-139
-9
128
125
38
-5
11
21
-11
-61
-77
-16
71
41
-137
-272
-192
-11
30
-97
-214
-224
-173
-108
-41
-20
-62
-93
-67
-57
-113
-144
-82
-8
-8
-39
-50
-80
-129
-110
-14
61
72
62
14
-110
-172
-6
265
329
143
-38
-64
-30
5
87
158
78
-95
-167
-129
-134
-190
-154
-35
10
-51
-91
-50
6
33
30
-6
-31
30
96
-18
-257
-302
-45
195
115
-178
-383
-389
-251
-47
76
-34
-269
-324
-127
56
45
-19
19
92
121
168
248
256
196
236
430
583
535
356
222
227
374
559
587
381
147
133
265
265
87
-25
55
157
120
29
17
29
-30
-69
60
284
357
208
29
-10
27
14
-33
-34
-40
-159
-379
-574
-643
-537
-262
0
-52
-447
-735
-473
158
528
330
-126
-351
-153
341
801
845
426
56
239
699
708
223
16
451
888
687
165
-41
30
-12
-111
1
163
92
-18
99
174
-113
-423
-292
75
235
247
285
122
-223
-101
650
1068
529
-133
-31
373
434
632
1251
1239
76
-743
-29
875
323
-864
-1168
-1049
-1258
-873
-137
-2291
-8091
-11385
-6382
2274
3780
-4374
-13040
-13628
-7269
-153
3805
3073
-2469
-8725
-8636
-527
8322
9934
4449
-1900
-4046
-649
6626
12870
12339
4981
-1770
-966
5947
11712
11540
6458
730
-1479
1204
5719
7026
3639
-998
-3300
-3080
-1584
533
1806
69
-3920
-6067
-4238
-1145
32
-228
-215
-377
-1372
-1454
990
4109
4819
3117
1622
1822
3027
4199
4803
4353
2737
807
-284
-171
506
439
-1468
-4446
-5869
-4723
-4156
-7708
-13333
-14882
-10288
-4831
-4538
-9220
-13935
-14788
-11179
-4749
1066
2141
-2389
-7617
-7088
-8
7623
9631
5891
1320
335
3598
8895
13022
13164
9069
4614
4857
10068
14691
13929
9400
6141
6145
7676
9111
9888
8841
5370
1836
1370
3488
4852
3931
1893
-333
-2457
-2975
-758
1775
848
-3105
-5605
-4224
-1281
-70
-1416
-4297
-6983
-7192
-3978
-2
579
-2897
-6778
-7479
-4789
-910
1628
980
-2803
-6889
-7668
-4469
-472
401
-2852
-7498
-9427
-6841
-2135
392
-1018
-4095
-5447
-3897
-858
1280
875
-1613
-3782
-3810
-2606
-2221
-2886
-3443
-3892
-4993
-5906
-5104
-3425
-3108
-3862
-3415
-2164
-3146
-6250
-6926
-3039
896
-378
-5561
-8909
-7562
-3431
474
2093
139
-4255
-6433
-2631
4430
7871
4970
-45
-1993
-195
2975
5560
6240
4008
54
-1853
789
5881
8880
7692
4404
2785
4797
9021
12170
12420
10846
9338
8643
9231
11676
14433
14120
10660
8872
11457
14161
12572
9660
10339
12466
10860
6977
5765
5683
1869
-2854
-1593
2748
-183
-10700
-16718
-12071
-5076
-4389
-7841
-10601
-13305
-15723
-12724
-4081
686
-4863
-13818
-15797
-10443
-4337
-964
-643
-4340
-10223
-11350
-3977
5451
7687
2073
-4344
-5972
-2541
2950
5944
2791
-4746
-9940
-8888
-5078
-3809
-5539
-7653
-9289
-10737
-10666
-7891
-4515
-3869
-5840
-6999
-5414
-2970
-2160
-2467
-1675
224
900
-155
-177
2585
5693
6058
4263
2682
1955
2361
5154
8385
5710
-4499
-12809
-9511
842
4503
-3227
-13627
-17762
-14870
-7717
663
4446
-1122
-10852
-12926
-3736
7857
12709
10344
4575
-1111
-1729
6619
18761
22909
15286
5828
5562
14130
23167
26491
23506
17439
13635
15835
21568
24273
21178
15815
12307
11232
11575
12466
12110
8890
4448
2396
3437
4553
3091
-789
-5170
-7545
-6227
-3171
-3625
-9853
-16858
-17765
-12261
-6515
-5713
-9502
-13877
-14885
-11119
-4807
-293
-271
-3790
-7814
-9392
-6890
-1650
1673
-678
-6780
-10917
-10050
-5916
-1722
-30
-2619
-8178
-11053
-7048
-134
1534
-3763
-9619
-10671
-8253
-6064
-5346
-6138
-8785
-11833
-11886
-7981
-3584
-2262
-3371
-3809
-2322
-124
1766
3786
6205
7769
7227
5720
5875
8135
9987
9805
9121
9365
8969
6394
3521
2827
3276
2252
-559
-4346
-9365
-14481
-15976
-13185
-11712
-15963
-21991
-23269
-19952
-16431
-13577
-10226
-8622
-10657
-11744
-6455
2119
6407
5375
3866
3739
3916
6505
13542
19511
16963
9065
7008
14359
22725
24195
20191
16304
15290
17173
20631
22457
19963
14926
11755
11960
13543
14556
13858
10269
4825
1882
4103
8127
8600
4312
-2235
-8068
-9817
-5259
1432
993
-9308
-19826
-19835
-10865
-3223
-2825
-7339
-12234
-14349
-11416
-4097
2185
2042
-3573
-8771
-9243
-5081
635
3519
589
-5908
-9425
-6173
639
5059
4447
300
-3790
-3883
1067
6464
6175
386
-4546
-4829
-3202
-3060
-3893
-4622
-6449
-9576
-11252
-9815
-7299
-6003
-5754
-5972
-6711
-6525
-3423
897
2314
878
1165
4666
7425
7282
7513
10253
12131
10387
8048
8503
9643
8171
5302
3073
-605
-7166
-11807
-10064
-7053
-11684
-22660
-29002
-25510
-19344
-18608
-22059
-24229
-23991
-22574
-18559
-11423
-6260
-7954
-12652
-11734
-3552
4886
7859
6734
5384
5646
8670
15259
22443
24465
20258
16321
18959
26469
31900
31345
26785
22673
22174
25272
28497
27773
23074
18723
17942
19179
19150
16970
13538
9566
6506
6534
8599
7243
-587
-9488
-11161
-5371
-598
-3393
-11404
-17889
-18888
-14444
-7198
-2392
-5142
-13843
-19293
-14695
-4514
864
-2422
-9136
-13171
-12853
-8723
-2362
1627
-1468
-9179
-12570
-7089
1547
5072
2232
-2360
-4899
-4415
-1406
1811
1731
-2355
-6995
-9186
-9680
-10014
-9779
-9120
-10245
-13575
-15714
-14106
-10780
-8933
-8688
-8460
-7573
-5646
-2363
797
1929
2416
5190
9051
9976
8492
9463
13435
15104
12255
9207
8937
8787
6608
4097
1394
-4190
-11192
-13785
-11892
-13033
-20011
-25576
-24413
-21614
-22934
-25011
-22731
-18925
-18550
-19183
-15709
-9880
-7137
-7306
-5817
-1696
2108
4449
6533
8533
10278
13446
18905
23762
24875
23657
24086
27397
31377
32767
32767
30184
28420
29554
31905
31595
27847
23965
22490
22396
21875
20665
18508
14400
9041
5479
5442
6470
4283
-2399
-9996
-13176
-10401
-6228
-6655
-12180
-17510
-18189
-14735
-10112
-6853
-7267
-11999
-16812
-15456
-8131
-2723
-4933
-11320
-14957
-13773
-10066
-6031
-3616
-5207
-10105
-12967
-9716
-3181
355
-1383
-5374
-7848
-7549
-5501
-3650
-3433
-4879
-7324
-10287
-12535
-11931
-8557
-6363
-8469
-12177
-12342
-8599
-5139
-4125
-3750
-2636
-1682
-969
1175
4960
8078
8928
8611
8984
10473
12213
13114
12657
11294
9846
8437
6811
5106
2836
-1649
-8147
-12779
-13022
-12871
-17667
-25000
-27318
-23416
-20064
-21228
-23251
-22665
-21160
-19751
-15496
-8189
-3693
-5611
-8948
-6920
196
7229
11074
11654
9866
8595
12305
21440
29757
30937
26238
22708
25114
31668
32767
32767
30387
25366
24972
28113
30467
29358
25273
20289
17013
17332
19778
19757
14814
8126
4511
4688
5494
3883
-1090
-7927
-12618
-11660
-7031
-5227
-9420
-15479
-17515
-14297
-8787
-4748
-5191
-10290
-15289
-14354
-8044
-3197
-4359
-9285
-13495
-14636
-11866
-6259
-2671
-5631
-12188
-14273
-9349
-3302
-1722
-4045
-7414
-10386
-11339
-8965
-6030
-7269
-12179
-15168
-13903
-12064
-12630
-13950
-13937
-13062
-11757
-9501
-7525
-7920
-9261
-7543
-2233
2694
4265
3432
2579
3641
8003
14405
17963
15387
10268
9117
13024
17038
16669
11212
2337
-6410
-10221
-7761
-4565
-7677
-17354
-27218
-31599
-29763
-24494
-20052
-20284
-25109
-29196
-26921
-18518
-9671
-5678
-7161
-10232
-9656
-3187
6131
12945
15030
14494
14359
16352
21287
28245
32767
32767
30316
28046
28956
31095
32471
32677
30974
26848
22636
21687
23511
24153
21694
18092
15453
13796
12725
12166
11165
8662
5488
3187
1328
-1502
-4753
-6653
-7127
-7406
-7661
-7765
-9056
-12192
-14339
-12173
-7194
-4507
-6285
-9628
-10994
-9599
-6233
-2143
-32
-2697
-8594
-11471
-7216
408
3732
91
-5980
-9003
-7667
-3561
1123
2999
-1261
-9852
-15257
-12657
-6519
-4805
-9092
-14828
-18773
-20668
-19651
-15429
-11989
-13711
-18267
-19333
-15746
-11759
-9095
-5693
-1895
-561
-825
1298
5897
9477
11866
15512
18654
17273
13554
13875
18234
20026
16451
10681
4162
-3867
-9582
-7835
-2958
-5683
-17541
-28347
-30920
-28255
-24645
-20539
-18527
-23085
-30575
-30074
-18803
-7355
-5074
-9000
-11560
-10274
-5165
4607
15762
20237
15701
10693
13917
23681
32395
32767
32767
30060
24540
23762
29120
32767
32767
28667
22291
18361
17622
20223
23999
24038
18074
10400
7050
8794
11711
12444
9705
2963
-5968
-11424
-8905
-1853
809
-5060
-14407
-19632
-18045
-11722
-4451
-1125
-5595
-15003
-19595
-13076
-1143
4787
759
-7153
-11501
-9588
-2563
5504
8064
1742
-7575
-9628
-1933
7386
9631
3998
-4337
-9766
-9045
-3279
1432
-881
-9159
-16490
-18164
-15475
-12267
-11523
-14606
-19855
-22569
-20100
-15812
-14413
-15295
-14693
-12113
-9692
-7325
-3678
-172
1317
2775
6819
11262
12390
11640
13226
16771
17931
15093
10392
5523
1295
-450
633
581
-4613
-13252
-20088
-22439
-21139
-18243
-16838
-19837
-25555
-27768
-23309
-16272
-12083
-11567
-13095
-15356
-15173
-8446
2891
10372
9452
5430
5529
10565
17805
25726
31668
31110
24591
20138
23714
31554
32767
32767
30955
25256
20843
21587
27289
31514
28844
21286
14629
12009
13441
17376
19758
15784
5894
-3231
-6067
-3600
-104
1239
-1748
-9531
-17753
-19497
-13555
-6658
-5242
-8779
-13056
-15464
-14570
-9256
-1939
1228
-2598
-8375
-9213
-4616
636
3324
3520
1518
-2262
-4844
-2715
2872
6220
4025
-1049
-4750
-6082
-6004
-4636
-2815
-3818
-9593
-16538
-18908
-15963
-12374
-11982
-14592
-18368
-21400
-21044
-16034
-9876
-8091
-11152
-13677
-11339
-5197
1082
4686
4391
1800
1743
7224
14189
15871
11923
8296
8572
10713
11734
9857
3151
-7219
-13480
-9050
211
1027
-10111
-22906
-27285
-23087
-15015
-7495
-6316
-15119
-26603
-26854
-13214
508
1416
-7622
-15027
-14451
-6503
5557
15353
15266
5895
-970
4774
19131
29510
29184
21683
14465
13164
19263
28492
32767
28460
19597
14576
17102
23977
28790
26825
18742
10838
9549
14570
19148
17459
9648
83
-6284
-6166
-587
3975
790
-9334
-18154
-18863
-12487
-5208
-2347
-5536
-12316
-16943
-14413
-5819
1837
2657
-2400
-7309
-7062
-1447
5466
8569
5814
211
-2816
-593
4624
8307
7572
2888
-2522
-4888
-3039
84
179
-3866
-9147
-12400
-13000
-12145
-11123
-11294
-13846
-17924
-20357
-19018
-15568
-13229
-12858
-12995
-12719
-12022
-10088
-6075
-1524
781
727
1045
3204
5814
7639
9257
10724
10531
8285
5809
4230
2563
449
-624
-502
-1768
-5824
-10209
-12058
-11795
-11282
-10884
-10667
-11746
-13756
-13615
-9892
-6086
-6230
-9076
-10032
-7309
-2887
1173
3934
4338
2499
1733
5591
12664
17522
17306
14672
13651
15272
18151
20917
22508
21928
19590
17866
18645
20842
21680
20088
17502
15520
14356
13787
13892
13958
12115
7512
2094
-1097
-992
882
1979
89
-5395
-11852
-14357
-10534
-4022
-1117
-4279
-10384
-14362
-12868
-5983
1943
4415
-817
-7943
-8776
-2034
5868
8652
5618
21
-3986
-2872
3546
9915
9583
2395
-4640
-5497
-1206
2971
3356
-409
-6482
-11614
-12771
-9990
-6860
-7138
-11301
-16587
-19535
-18572
-15120
-12272
-11897
-13330
-14919
-15433
-13703
-9209
-4175
-2549
-4931
-6847
-4340
891
4388
4725
3565
2181
1313
2559
5902
7158
2325
-5852
-9854
-6521
-743
758
-3691
-10839
-16313
-16932
-12120
-5393
-2728
-6855
-13642
-15956
-11178
-3629
443
-978
-4746
-6364
-3719
2111
8094
11185
10494
8417
8843
13276
19073
22211
21503
19381
18857
20619
23154
24755
24773
23409
21363
19857
20015
21283
21242
18309
14244
12231
12564
12335
9676
5845
2455
-468
-2453
-1954
108
-487
-5486
-10466
-10429
-6574
-3716
-3463
-4243
-5665
-7836
-8160
-4380
303
664
-2643
-4075
-1704
988
1691
1804
1914
654
-968
166
3359
3937
592
-2444
-2304
-1274
-1735
-2609
-3150
-5177
-8809
-10676
-9276
-7821
-9081
-11477
-12901
-14183
-15973
-16296
-14263
-12549
-13222
-14455
-14007
-12589
-11295
-9255
-6341
-4680
-4912
-4452
-1938
242
363
507
2493
4350
3795
1760
-284
-2815
-5231
-4511
-503
1356
-3140
-10487
-13982
-12008
-8020
-5138
-4887
-8397
-14020
-15956
-10491
-2366
3
-4909
-10368
-10172
-4530
2547
7294
7319
3118
-334
2707
11695
19312
19695
14767
10999
12256
17438
22918
25216
22937
18332
15971
18074
21910
23212
21071
17809
15301
13707
12991
13051
12548
10028
6367
3811
2612
1166
-528
-779
-163
-1895
-6541
-9816
-8193
-3879
-1523
-2516
-5289
-8426
-10148
-7552
-739
4399
2345
-4166
-7128
-3419
2536
5683
5119
2090
-1673
-2983
548
5909
6724
1487
-4105
-4715
-1517
882
128
-3253
-7647
-10580
-9862
-6663
-5237
-7846
-12040
-14229
-13665
-11693
-9574
-8554
-9649
-11777
-12148
-9867
-7085
-5560
-4547
-3307
-2863
-3463
-2953
2
3169
3629
1827
478
775
1873
2882
2981
591
-4753
-9884
-10207
-5382
-844
-2240
-9311
-16418
-18377
-14591
-8329
-3964
-4744
-10608
-16786
-16851
-9559
-1400
187
-4766
-9570
-9066
-3855
2727
7748
8754
5308
1773
4329
13100
20795
21384
16897
13477
14175
18239
23833
27936
26723
20247
14677
15823
21759
25388
23026
17067
11540
8755
9408
12047
12518
7553
-479
-5230
-3569
946
2371
-1579
-8119
-12375
-11299
-6030
-1132
-780
-5023
-9795
-10567
-6238
-156
2703
428
-3757
-4828
-1321
3613
6069
4927
1847
-381
476
4083
6956
5814
1723
-1046
-379
1609
2033
271
-2896
-6489
-8748
-7975
-5346
-4685
-7962
-12717
-15220
-14531
-12311
-10386
-9870
-11186
-13395
-14312
-12465
-8585
-4872
-3343
-4568
-6770
-6609
-2571
2617
4743
3083
724
359
2010
4467
6127
4591
-1086
-7148
-7770
-2470
2140
-91
-8015
-15439
-17716
-14379
-8176
-4038
-6452
-14440
-20576
-18287
-9583
-2841
-3466
-9243
-14222
-14202
-8553
-131
5589
4383
-1724
-5172
-586
9322
17054
18329
15145
12182
12597
16906
23250
27928
27759
23407
19420
19792
23923
27538
27040
22445
16831
13657
14086
16039
15923
11778
4956
-1021
-3050
-781
2512
1916
-4424
-12422
-15488
-11410
-4555
-1079
-3405
-9333
-14239
-13715
-6859
1504
4208
-676
-7206
-8089
-2269
5281
9241
7691
2441
-1849
-557
6076
11965
11401
5446
186
-267
3049
6467
6806
2930
-3158
-7105
-6336
-3215
-2410
-5690
-10921
-15174
-16824
-15629
-13104
-12244
-14633
-18174
-19433
-17599
-14438
-11473
-9357
-8920
-10144
-10649
-7853
-2588
1590
2581
1430
288
702
3337
7074
8664
5743
367
-2527
-605
3377
4647
728
-6788
-13208
-13949
-8847
-3304
-3467
-9954
-17314
-19472
-14911
-7435
-3165
-5730
-12528
-16337
-12462
-3905
2024
1567
-2546
-4996
-2610
3981
11018
14108
12250
9527
11022
17055
23049
24940
23030
20660
20793
23852
27394
27989
24820
20995
19918
21030
20977
18271
14474
11259
8817
7099
6003
4161
164
-4508
-6517
-5474
-5013
-7712
-11460
-12653
-10974
-8903
-8117
-8459
-9314
-9830
-8620
-5330
-2042
-1168
-2237
-2499
-610
2073
3861
4621
4945
5020
5065
5634
6675
7204
6708
6052
6123
6221
4916
2302
226
-72
252
-1051
-4509
-8265
-10334
-10787
-11176
-12468
-14408
-16468
-18170
-18584
-17030
-14691
-13984
-15431
-16444
-14461
-10264
-6827
-5660
-5732
-5364
-3675
-615
2870
4955
4655
3282
2980
4144
5444
5754
4675
1990
-1572
-3792
-3381
-2421
-4073
-8161
-11514
-12462
-12271
-12152
-11880
-11779
-12959
-14608
-14042
-10776
-7879
-7759
-9009
-8918
-6869
-3732
-217
2609
3363
2749
3801
7920
12602
14929
15319
15925
17352
19083
21193
23344
23913
22494
21517
22835
24427
23261
19909
17414
16840
16848
16428
15076
11543
5821
1279
1081
3157
2535
-1754
-6053
-8075
-9116
-9963
-9335
-7592
-7520
-9581
-10446
-8433
-6417
-6698
-6814
-3902
-33
834
-968
-1702
127
2756
4799
6275
6539
4792
2755
3554
7178
9707
8111
3921
1071
1466
3618
4661
2902
-1050
-4988
-6973
-6814
-5990
-6454
-9215
-13234
-15831
-15295
-13203
-12781
-14721
-16334
-15460
-13266
-11942
-11505
-10602
-9033
-7437
-5577
-3031
-861
-384
-665
575
3536
5880
5985
4777
3786
3126
2301
1507
969
25
-1989
-4592
-6892
-8810
-10596
-11762
-11785
-11520
-12496
-14620
-15881
-14864
-12564
-11045
-11023
-11479
-11104
-9324
-6364
-3192
-1148
-727
-627
1213
5332
9952
12772
13307
13298
14879
18448
22270
24226
23972
23208
23742
25567
27073
26935
25371
23621
22600
22249
21906
20838
18507
14911
11033
8394
7446
6793
4813
1691
-1283
-3979
-7159
-9938
-9934
-7054
-4964
-6923
-11571
-14595
-13487
-9179
-4372
-2039
-4040
-8769
-11114
-7406
-118
4453
3005
-1904
-5159
-3543
2241
7812
8113
2528
-3345
-3244
2627
7962
7466
1695
-4671
-7199
-4683
-87
1392
-2836
-9677
-13530
-12284
-8810
-7162
-9026
-13200
-16605
-16327
-12574
-9190
-9409
-11840
-12586
-10474
-7727
-6039
-4822
-3387
-2177
-1287
40
1779
2835
2913
2981
3329
2925
1387
39
-7
327
-820
-3988
-7845
-10368
-10361
-8584
-7702
-10043
-14739
-17905
-16611
-12274
-9265
-10280
-13770
-15760
-13646
-8298
-3284
-1986
-4499
-6951
-4804
2350
9808
12380
9775
6778
8306
14808
22161
25490
23407
19284
18244
22288
28358
31393
29139
23960
20509
21593
25530
27511
24474
18545
14454
13932
14471
13350
10366
6430
2405
-96
41
490
-2611
-8437
-11252
-8517
-5065
-6159
-10356
-12911
-12575
-10885
-8167
-5040
-4811
-8981
-12625
-9941
-2954
826
-1417
-5298
-6371
-4497
-1103
2675
4403
1783
-2964
-4188
14
4960
5310
1163
-3213
-4475
-2587
124
867
-1630
-5929
-8984
-8840
-6239
-4000
-4888
-9041
-13103
-13239
-9605
-6374
-6595
-8901
-10225
-9660
-8078
-5916
-3486
-2029
-2313
-3047
-2491
-865
397
955
1481
1860
1108
-973
-3166
-3993
-3029
-1445
-1454
-4414
-8962
-11756
-10783
-7554
-5603
-7116
-11113
-14341
-13885
-9740
-5214
-4153
-7160
-10772
-10688
-5843
634
4308
3394
290
-618
3099
9747
15002
15739
12905
10738
12699
17995
22537
23313
21076
18774
18513
20436
23135
24337
22505
18807
16464
17116
18830
18574
15580
11418
7999
6426
6590
6889
5382
1911
-1878
-4716
-6364
-6401
-4792
-3724
-5892
-10342
-12956
-11841
-9213
-7395
-6534
-7031
-9895
-13107
-12115
-6435
-1772
-2752
-7040
-9382
-8040
-4490
-341
2246
560
-4525
-7243
-3541
3153
6089
3209
-1888
-4970
-4205
-177
4015
4129
-807
-6409
-7545
-4054
-180
344
-2882
-7467
-9896
-8099
-3949
-1954
-4207
-7984
-9351
-7505
-4498
-2463
-2430
-4234
-6140
-5868
-3248
-802
-778
-2618
-4192
-4400
-3746
-3252
-3570
-4611
-5586
-5863
-5816
-6246
-7144
-7761
-7719
-7305
-6922
-6868
-7270
-7626
-6996
-5341
-3974
-3878
-4266
-3640
-1679
718
2649
3697
3899
4030
5331
8128
11116
12655
12546
12097
12684
14527
16613
17673
17441
16838
16797
17294
17805
18062
17881
16969
15582
14675
14599
14402
13158
11289
9782
8780
7740
6353
4676
2918
1559
949
540
-608
-2444
-4004
-4838
-5179
-4991
-4372
-4531
-6415
-8555
-8513
-6430
-4909
-5329
-6636
-7705
-8281
-7602
-5049
-2484
-2842
-5729
-7379
-5747
-2796
-1038
-757
-1494
-3167
-4515
-3414
-296
1364
-436
-3483
-4558
-3355
-1754
-1135
-1826
-3617
-5440
-5776
-4469
-3199
-3449
-4894
-6193
-6413
-5476
-4190
-3854
-4899
-6081
-5952
-4749
-3822
-3760
-4192
-4806
-5337
-5189
-4320
-3829
-4478
-5421
-5602
-5451
-5837
-6328
-6050
-5444
-5554
-6255
-6637
-6556
-6392
-5907
-4808
-3912
-4262
-5321
-5352
-3577
-1074
468
293
-846
-1186
589
3936
6770
7491
6440
5393
6060
8847
12347
14172
13200
11045
10499
12510
15400
16891
16112
13902
12085
12269
14287
15903
15012
12083
9591
9150
10078
10622
9660
7301
4703
3332
3667
4513
4146
2177
-100
-1135
-575
537
734
-490
-2113
-2619
-1695
-509
-280
-1093
-2140
-2595
-2117
-1079
-419
-806
-1828
-2429
-2128
-1423
-1065
-1373
-2111
-2674
-2617
-2267
-2473
-3437
-4348
-4549
-4417
-4646
-5300
-6104
-6931
-7502
-7390
-6892
-7009
-7975
-8709
-8404
-7660
-7329
-7284
-7108
-6956
-6859
-6222
-4942
-4007
-4015
-4091
-3309
-2201
-1748
-1758
-1416
-749
-400
-494
-716
-1039
-1479
-1639
-1336
-1237
-2051
-3425
-4336
-4312
-3785
-3506
-3996
-5172
-6220
-6205
-5120
-3984
-3737
-4328
-4929
-4680
-3294
-1430
-320
-464
-859
-121
1803
3739
4835
5207
5313
5597
6609
8456
10137
10430
9579
9160
10065
11477
12128
11761
10964
10300
10047
10274
10607
10294
9005
7388
6447
6398
6467
5821
4468
3097
2242
1859
1638
1394
1017
412
-248
-527
-303
-68
-235
-472
-254
214
288
-59
-201
144
577
749
740
609
237
-171
-123
345
468
-245
-1303
-1917
-1965
-1915
-2158
-2811
-3819
-4870
-5457
-5441
-5370
-5851
-6765
-7486
-7714
-7681
-7657
-7687
-7758
-7842
-7725
-7218
-6549
-6171
-6072
-5703
-4746
-3579
-2751
-2325
-1990
-1488
-710
324
1285
1655
1340
954
1141
1807
2313
2188
1430
374
-443
-583
-236
-220
-1076
-2416
-3430
-3777
-3649
-3374
-3338
-3903
-4848
-5293
-4692
-3631
-3053
-3060
-3051
-2713
-2145
-1296
-96
996
1428
1492
2038
3230
4367
5011
5489
6091
6577
6800
7112
7735
8288
8384
8234
8196
8166
7896
7559
7451
7376
6877
5979
5188
4781
4537
4173
3653
2988
2181
1477
1244
1434
1489
1033
353
-5
122
514
905
1063
831
415
392
1034
1828
2044
1635
1206
1192
1490
1784
1833
1462
714
26
-132
98
14
-807
-1992
-2817
-2986
-2859
-3051
-3853
-4965
-5752
-5850
-5525
-5392
-5831
-6671
-7314
-7216
-6402
-5580
-5485
-6043
-6393
-5845
-4594
-3408
-2836
-2827
-2892
-2482
-1427
-174
574
565
260
298
844
1500
1752
1434
853
448
317
183
-181
-694
-1233
-1827
-2450
-2923
-3239
-3651
-4215
-4592
-4629
-4681
-4999
-5203
-4876
-4282
-3959
-3873
-3558
-2887
-2120
-1389
-640
45
578
1185
2111
3141
3836
4151
4438
4945
5633
6334
6803
6803
6447
6251
6528
6939
6934
6432
5752
5154
4755
4625
4612
4287
3430
2424
1847
1798
1902
1809
1430
835
260
66
423
1020
1317
1107
701
610
1080
1894
2558
2737
2542
2382
2551
3030
3576
3858
3650
3074
2602
2584
2798
2701
2084
1275
645
208
-218
-700
-1205
-1787
-2516
-3284
-3856
-4168
-4428
-4829
-5298
-5661
-5915
-6158
-6299
-6161
-5847
-5706
-5803
-5762
-5297
-4625
-4102
-3753
-3395
-2982
-2535
-1951
-1226
-668
-524
-550
-292
271
711
728
462
210
102
99
82
-110
-565
-1163
-1641
-1848
-1898
-2061
-2505
-3095
-3487
-3472
-3208
-3021
-3032
-3092
-3029
-2754
-2216
-1455
-720
-266
-4
452
1288
2271
3074
3626
4046
4438
4887
5467
6082
6438
6379
6149
6121
6320
6394
6087
5518
4964
4543
4195
3828
3341
2654
1865
1276
1049
922
502
-196
-744
-863
-730
-661
-734
-841
-888
-779
-429
57
386
451
530
909
1470
1857
1970
2034
2233
2505
2696
2718
2563
2306
2131
2142
2169
1892
1252
563
158
18
-163
-623
-1329
-2052
-2556
-2765
-2849
-3089
-3600
-4165
-4458
-4401
-4227
-4193
-4323
-4443
-4390
-4132
-3753
-3402
-3177
-3027
-2784
-2358
-1868
-1509
-1316
-1143
-874
-547
-275
-114
-63
-107
-186
-206
-157
-174
-387
-754
-1101
-1335
-1506
-1686
-1910
-2208
-2585
-2943
-3126
-3102
-3031
-3069
-3194
-3264
-3161
-2870
-2452
-2033
-1729
-1512
-1200
-654
53
713
1202
1561
1915
2384
2990
3604
4019
4164
4212
4382
4687
4940
4984
4824
4558
4312
4184
4146
4017
3635
3085
2635
2423
2329
2156
1846
1472
1139
938
907
968
982
901
827
855
973
1120
1279
1452
1610
1725
1808
1868
1921
2021
2186
2300
2189
1867
1580
1504
1520
1389
1029
522
-4
-421
-632
-736
-1044
-1712
-2454
-2835
-2836
-2860
-3193
-3692
-4060
-4179
-4109
-3960
-3893
-4043
-4282
-4237
-3747
-3148
-2903
-3018
-3062
-2718
-2114
-1577
-1273
-1165
-1116
-961
-597
-124
185
175
24
29
246
444
418
240
106
57
-32
-236
-472
-626
-697
-768
-900
-1117
-1406
-1657
-1694
-1482
-1272
-1353
-1662
-1815
-1568
-1102
-757
-647
-641
-575
-339
120
695
1108
1192
1158
1368
1866
2334
2525
2514
2500
2546
2641
2783
2888
2777
2419
2067
1962
2012
1916
1572
1137
781
542
425
405
337
50
-378
-617
-470
-127
74
36
-66
-35
208
638
1130
1485
1588
1594
1795
2268
2763
3012
3028
3020
3097
3192
3226
3193
3100
2923
2680
2430
2164
1800
1352
971
743
504
46
-573
-1074
-1302
-1399
-1585
-1911
-2285
-2598
-2752
-2694
-2529
-2498
-2700
-2912
-2847
-2522
-2238
-2182
-2240
-2215
-2062
-1852
-1652
-1526
-1535
-1629
-1628
-1447
-1250
-1261
-1472
-1650
-1650
-1563
-1543
-1626
-1767
-1933
-2079
-2116
-2016
-1910
-1956
-2127
-2235
-2163
-1981
-1823
-1714
-1622
-1544
-1472
-1320
-1022
-672
-441
-339
-192
121
495
769
955
1171
1439
1682
1876
2058
2207
2261
2285
2418
2621
2663
2435
2157
2086
2170
2143
1881
1498
1147
885
734
660
500
103
-413
-721
-692
-574
-667
-950
-1155
-1123
-920
-688
-514
-424
-350
-142
286
794
1135
1265
1403
1757
2272
2714
2945
3027
3103
3265
3494
3683
3712
3550
3316
3159
3101
3005
2744
2359
1996
1730
1496
1200
842
487
180
-79
-301
-513
-756
-1019
-1212
-1267
-1263
-1345
-1524
-1661
-1656
-1574
-1521
-1514
-1529
-1577
-1648
-1658
-1559
-1459
-1497
-1637
-1725
-1710
-1692
-1726
-1762
-1785
-1867
-2010
-2085
-2023
-1945
-1990
-2113
-2166
-2127
-2087
-2071
-2024
-1958
-1947
-1966
-1894
-1711
-1555
-1523
-1519
-1405
-1198
-1012
-876
-730
-560
-406
-256
-45
216
423
536
644
831
1059
1237
1355
1467
1574
1638
1658
1687
1731
1716
1602
1436
1293
1174
1027
826
596
348
86
-164
-359
-511
-689
-920
-1133
-1242
-1260
-1270
-1307
-1323
-1266
-1129
-936
-700
-452
-220
15
310
681
1058
1369
1633
1909
2205
2461
2647
2791
2925
3033
3081
3060
2988
2884
2775
2666
2520
2267
1905
1542
1296
1155
976
645
209
-166
-364
-416
-469
-648
-943
-1200
-1261
-1119
-955
-961
-1138
-1289
-1228
-974
-727
-654
-740
-816
-733
-495
-265
-200
-305
-424
-411
-274
-165
-206
-361
-494
-514
-464
-457
-564
-735
-858
-883
-869
-916
-1044
-1171
-1209
-1165
-1130
-1172
-1263
-1303
-1225
-1067
-948
-943
-999
-974
-798
-554
-386
-354
-370
-304
-112
124
281
301
243
228
319
454
498
396
223
98
49
7
-109
-300
-516
-705
-852
-975
-1111
-1278
-1447
-1562
-1611
-1638
-1674
-1688
-1620
-1467
-1288
-1120
-933
-682
-360
3
378
737
1064
1374
1714
2101
2480
2771
2978
3170
3388
3591
3715
3747
3708
3616
3484
3334
3177
2975
2691
2346
2006
1694
1378
1032
677
347
43
-252
-520
-743
-933
-1114
-1270
-1367
-1409
-1439
-1462
-1433
-1333
-1210
-1113
-1029
-907
-736
-546
-364
-206
-96
-30
43
186
368
477
451
360
322
361
400
358
226
44
-126
-233
-277
-345
-526
-798
-1025
-1110
-1110
-1153
-1284
-1434
-1523
-1539
-1508
-1459
-1418
-1395
-1353
-1244
-1081
-933
-835
-735
-575
-388
-249
-171
-86
44
167
212
169
81
-7
-65
-97
-158
-326
-611
-905
-1094
-1196
-1348
-1631
-1974
-2245
-2387
-2447
-2504
-2600
-2720
-2790
-2729
-2526
-2277
-2086
-1937
-1717
-1356
-902
-454
-39
374
809
1263
1728
2200
2654
3054
3400
3713
3994
4214
4371
4496
4601
4640
4570
4420
4261
4116
3936
3666
3313
2929
2565
2241
1935
1606
1220
802
430
162
-39
-249
-503
-753
-931
-1017
-1043
-1053
-1072
-1094
-1085
-1020
-908
-789
-690
-594
-479
-352
-234
-129
-30
60
110
111
93
87
91
74
9
-101
-234
-363
-467
-555
-670
-841
-1042
-1205
-1292
-1334
-1398
-1511
-1630
-1695
-1684
-1624
-1568
-1542
-1522
-1458
-1324
-1151
-999
-898
-815
-703
-552
-397
-279
-208
-165
-125
-89
-73
-97
-163
-254
-354
-463
-593
-750
-927
-1113
-1299
-1485
-1663
-1825
-1964
-2079
-2179
-2266
-2326
-2335
-2279
-2172
-2042
-1905
-1743
-1529
-1252
-922
-565
-205
151
516
907
1324
1741
2127
2478
2813
3142
3449
3710
3915
4068
4169
4224
4242
4232
4179
4068
3891
3660
3392
3104
2812
2516
2192
1820
1424
1061
759
484
177
-160
-472
-711
-877
-1006
-1126
-1253
-1375
-1451
-1435
-1332
-1218
-1155
-1129
-1061
-912
-729
-587
-505
-445
-366
-259
-141
-44
-2
-15
-44
-48
-34
-50
-119
-217
-310
-396
-493
-600
-696
-770
-830
-891
-950
-998
-1025
-1022
-997
-972
-959
-937
-870
-749
-621
-537
-495
-446
-352
-218
-87
2
35
29
31
68
111
97
-6
-148
-263
-327
-389
-505
-690
-914
-1129
-1302
-1437
-1567
-1728
-1915
-2082
-2194
-2255
-2296
-2330
-2346
-2328
-2269
-2159
-1998
-1806
-1608
-1405
-1162
-855
-501
-140
212
565
926
1290
1647
2002
2350
2673
2951
3182
3378
3546
3683
3782
3837
3833
3768
3661
3541
3410
3240
3010
2728
2426
2127
1841
1564
1285
986
674
385
155
-22
-189
-369
-543
-667
-727
-735
-721
-706
-704
-710
-688
-603
-472
-356
-297
-268
-215
-119
-12
63
87
66
17
-27
-44
-45
-78
-176
-310
-420
-482
-530
-616
-746
-881
-983
-1046
-1096
-1150
-1216
-1279
-1318
-1330
-1328
-1331
-1342
-1344
-1323
-1274
-1213
-1157
-1114
-1080
-1046
-1005
-958
-911
-872
-842
-820
-803
-794
-797
-816
-853
-901
-951
-998
-1044
-1097
-1162
-1238
-1319
-1395
-1453
-1490
-1517
-1550
-1588
-1611
-1597
-1545
-1466
-1368
-1248
-1103
-933
-739
-518
-276
-24
236
511
808
1120
1427
1716
1984
2236
2477
2707
2916
3089
3215
3300
3367
3431
3477
3466
3384
3246
3093
2950
2807
2637
2427
2197
1977
1779
1589
1388
1172
960
775
626
504
396
292
196
112
48
8
-11
-23
-35
-38
-20
9
26
20
7
5
5
-13
-54
-101
-143
-188
-251
-335
-426
-513
-598
-688
-784
-886
-994
-1104
-1202
-1281
-1340
-1397
-1457
-1519
-1565
-1588
-1589
-1579
-1564
-1547
-1531
-1504
-1455
-1378
-1295
-1225
-1175
-1128
-1065
-993
-930
-888
-863
-848
-834
-822
-812
-814
-842
-898
-968
-1030
-1085
-1144
-1217
-1291
-1356
-1411
-1467
-1527
-1581
-1617
-1624
-1601
-1557
-1501
-1437
-1352
-1226
-1057
-866
-681
-501
-305
-82
157
398
640
884
1125
1351
1562
1759
1939
2092
2219
2329
2426
2504
2549
2558
2534
2486
2413
2318
2211
2107
2005
1896
1768
1632
1505
1393
1288
1180
1076
989
925
877
845
826
819
821
830
852
887
928
977
1029
1080
1118
1139
1149
1149
1135
1107
1074
1033
976
895
790
660
514
361
214
70
-94
-288
-499
-696
-863
-1014
-1171
-1342
-1507
-1647
-1755
-1841
-1917
-1980
-2025
-2050
-2051
-2026
-1973
-1904
-1832
-1754
-1662
-1558
-1456
-1354
-1241
-1119
-1010
-933
-870
-792
-704
-631
-594
-585
-589
-593
-603
-621
-658
-719
-796
-871
-936
-992
-1042
-1086
-1117
-1138
-1149
-1147
-1121
-1070
-1007
-940
-865
-764
-636
-493
-347
-193
-16
181
375
560
744
933
1116
1273
1404
1522
1629
1719
1783
1828
1862
1880
1872
1842
1799
1749
1680
1579
1454
1332
1225
1119
993
854
729
631
548
467
381
297
225
178
171
196
224
239
255
291
347
407
471
542
612
673
727
787
847
891
916
925
924
910
888
859
806
706
574
445
335
221
79
-83
-247
-407
-568
-725
-865
-987
-1106
-1229
-1354
-1467
-1557
-1616
-1646
-1662
-1670
-1664
-1637
-1592
-1539
-1478
-1401
-1313
-1222
-1136
-1049
-956
-864
-784
-718
-658
-597
-535
-484
-458
-459
-470
-472
-466
-465
-479
-505
-538
-578
-620
-650
-656
-645
-641
-657
-668
-649
-591
-516
-444
-377
-300
-210
-110
3
135
278
412
530
643
764
894
1025
1149
1260
1351
1426
1499
1570
1621
1642
1644
1651
1658
1647
1601
1529
1454
1392
1344
1293
1218
1123
1029
952
885
817
748
686
632
578
529
503
500
504
503
504
521
546
566
577
587
605
631
655
665
658
641
622
595
554
498
428
342
243
139
39
-66
-186
-322
-463
-607
-761
-919
-1064
-1196
-1324
-1451
-1560
-1644
-1716
-1794
-1864
-1913
-1946
-1978
-2006
-2014
-1995
-1957
-1909
-1856
-1801
-1740
-1664
-1577
-1494
-1422
-1349
-1262
-1168
-1086
-1017
-948
-877
-809
-747
-688
-634
-588
-546
-501
-453
-410
-374
-339
-307
-279
-250
-210
-156
-99
-49
6
73
147
220
290
369
462
565
665
761
856
950
1042
1132
1220
1311
1403
1490
1562
1618
1659
1691
1722
1746
1757
1754
1746
1736
1712
1666
1609
1557
1505
1443
1373
1314
1263
1195
1112
1039
991
951
901
852
820
791
747
699
681
690
693
670
641
624
619
609
592
566
532
493
452
402
333
253
172
92
-3
-115
-228
-336
-452
-582
-716
-848
-984
-1124
-1252
-1356
-1452
-1562
-1682
-1787
-1866
-1921
-1957
-1979
-1999
-2025
-2045
-2040
-2014
-1979
-1938
-1887
-1824
-1763
-1699
-1621
-1529
-1440
-1367
-1302
-1230
-1149
-1072
-1004
-944
-886
-831
-776
-723
-675
-638
-607
-574
-530
-478
-429
-387
-345
-290
-226
-167
-118
-72
-14
60
149
247
346
442
540
638
731
806
872
952
1049
1141
1208
1257
1312
1370
1410
1422
1426
1437
1445
1434
1410
1383
1358
1324
1277
1223
1174
1137
1100
1054
996
942
904
878
862
860
871
882
883
881
895
924
955
980
1008
1045
1083
1119
1151
1173
1179
1176
1176
1180
1176
1152
1106
1038
951
857
770
687
589
466
322
168
12
-134
-263
-385
-522
-677
-829
-963
-1085
-1208
-1328
-1434
-1524
-1599
-1661
-1711
-1755
-1790
-1809
-1813
-1813
-1816
-1805
-1777
-1746
-1722
-1692
-1641
-1587
-1550
-1528
-1496
-1450
-1402
-1360
-1315
-1268
-1231
-1202
-1169
-1132
-1108
-1089
-1054
-997
-944
-916
-895
-852
-781
-705
-635
-567
-492
-417
-343
-262
-166
-59
48
148
245
342
434
520
604
692
783
870
948
1017
1071
1109
1133
1149
1160
1164
1158
1146
1127
1096
1058
1024
994
955
895
826
765
721
689
664
642
616
585
566
563
565
566
579
613
652
677
708
766
843
900
926
949
990
1038
1078
1105
1116
1107
1087
1075
1066
1037
977
904
826
733
630
532
439
329
190
40
-102
-241
-388
-529
-647
-754
-870
-992
-1095
-1170
-1237
-1315
-1389
-1438
-1460
-1473
-1483
-1483
-1469
-1446
-1420
-1385
-1336
-1282
-1232
-1184
-1128
-1066
-1005
-955
-914
-880
-852
-828
-806
-781
-750
-717
-702
-711
-730
-731
-709
-680
-662
-649
-630
-608
-585
-559
-521
-473
-413
-342
-257
-169
-85
-3
82
174
276
380
476
559
636
715
796
864
913
944
967
999
1046
1084
1080
1038
999
976
946
895
846
814
773
711
652
618
594
564
539
537
542
539
537
551
575
600
639
705
776
838
906
992
1069
1116
1154
1210
1266
1293
1298
1302
1297
1267
1225
1178
1112
1017
919
834
731
577
387
204
36
-133
-299
-459
-631
-820
-990
-1117
-1223
-1339
-1455
-1553
-1635
-1712
-1762
-1770
-1762
-1772
-1787
-1765
-1700
-1620
-1540
-1465
-1398
-1335
-1255
-1154
-1058
-984
-916
-839
-774
-731
-690
-628
-570
-537
-508
-471
-449
-450
-421
-348
-298
-323
-358
-335
-301
-320
-333
-254
-133
-70
-64
-43
-13
2
42
137
214
233
282
410
502
491
498
613
720
722
737
865
999
1034
1055
1138
1181
1125
1091
1155
1199
1160
1151
1228
1270
1210
1132
1059
923
782
789
901
925
843
795
761
605
393
347
496
674
787
839
788
636
540
594
672
686
748
897
951
839
765
822
817
671
613
734
788
627
428
299
104
-169
-308
-293
-373
-600
-762
-836
-1011
-1234
-1257
-1161
-1264
-1546
-1687
-1670
-1740
-1848
-1741
-1526
-1524
-1682
-1681
-1535
-1472
-1409
-1147
-878
-902
-1058
-1004
-817
-746
-679
-431
-218
-314
-522
-542
-477
-535
-590
-484
-356
-325
-282
-285
-592
-1075
-1222
-941
-705
-710
-637
-428
-483
-876
-1141
-1050
-867
-707
-410
-101
-105
-273
-162
132
153
-46
0
320
555
668
829
868
633
514
839
1142
899
481
505
757
704
559
822
1247
1219
792
471
365
347
569
1078
1413
1264
1012
1042
1110
959
859
1017
1141
1092
1248
1722
2025
1891
1664
1543
1287
974
1101
1644
1922
1690
1426
1357
1156
793
676
823
788
543
525
784
903
713
354
-149
-688
-874
-662
-617
-922
-954
-520
-445
-1123
-1687
-1538
-1386
-1774
-1936
-1274
-592
-692
-1081
-1152
-1225
-1446
-1173
-396
-125
-537
-524
146
224
-657
-1186
-755
-414
-616
-373
466
548
-531
-1468
-1667
-1901
-2090
-1205
168
274
-470
-61
689
-1527
-6571
-9367
-6315
148
5173
6536
4481
-27
-4728
-6555
-4780
-1719
785
3012
4811
4567
2105
-343
-1471
-2349
-3301
-2406
1158
4941
6160
4656
1739
-1543
-3784
-3425
-1080
557
358
51
785
1064
-312
-1807
-1647
-612
-275
-244
621
1672
1403
37
-815
-444
656
2099
3583
4101
2890
977
278
1207
2448
3017
3178
3272
3000
2310
1833
1894
1973
1649
1300
1345
1539
1538
1421
1138
242
-1142
-1915
-1427
-537
-334
-525
-237
246
-59
-1029
-1592
-1492
-1446
-1562
-1145
-272
-48
-832
-1558
-1452
-1136
-1247
-1161
-206
765
395
-973
-1561
-690
273
23
-842
-1020
-575
-491
-758
-538
3
-194
-1017
-1137
-363
-74
-694
-904
-227
-109
-1205
-1886
-999
123
114
-95
614
1213
386
-1092
-1854
-2046
-2055
-1097
923
2104
1230
-100
-31
697
563
49
372
1007
725
-148
-501
-355
-361
-405
-127
88
-194
-588
-527
-40
561
1028
1109
755
181
-804
-2569
-4178
-3711
-1090
1331
2118
2340
2587
1532
-721
-1428
211
1034
-625
-1486
1189
4646
5139
3450
1807
-514
-3841
-4577
-344
4999
6600
5301
4106
2188
-1883
-4938
-3515
-25
1276
1129
2243
3071
885
-2200
-2490
-943
-331
348
2603
3359
-288
-4674
-4588
-1492
-105
-149
1445
3223
1542
-2079
-3142
-1748
-1294
-1608
-89
2062
1436
-1140
-2025
-1249
-1570
-2463
-1127
1576
2086
283
-774
-476
-824
-1689
-1014
716
939
-351
-790
-84
-114
-967
-843
213
217
-1018
-1492
-595
-32
-735
-1491
-1245
-669
-708
-1105
-1099
-653
-354
-529
-867
-960
-926
-1112
-1241
-674
328
731
429
368
579
-34
-1249
-1144
717
2108
1568
549
547
691
58
-242
633
1400
1134
1085
1999
2268
897
-359
42
944
1073
1323
2307
2423
716
-878
-415
1194
2163
2407
2353
1525
30
-649
135
1100
1229
1081
1131
866
197
-139
46
326
730
1234
1020
83
129
1633
2016
-459
-3155
-2772
-378
958
1211
1981
2287
326
-2353
-2886
-1669
-829
-120
1476
2269
456
-1915
-2011
-1023
-1527
-2448
-1339
639
776
-341
-545
-395
-1366
-2134
-1024
290
-293
-1393
-1115
-852
-2057
-2615
-734
1033
62
-1580
-1079
31
-730
-1964
-1484
-579
-824
-497
1422
1805
-1409
-4611
-3898
-1085
299
889
2483
3200
811
-2526
-3593
-2894
-2034
-98
3155
4483
1941
-1280
-1927
-1605
-2546
-2748
35
3371
3919
2636
1893
915
-1532
-3303
-2095
422
1620
2051
2919
2713
291
-1771
-897
1159
1429
566
868
1897
1789
909
777
1029
508
-164
178
892
834
548
991
1488
1056
424
773
1599
1574
662
-96
-147
288
776
823
217
-363
27
1110
1553
812
-251
-720
-514
147
1043
1601
1222
92
-1052
-1791
-1981
-1293
277
1750
1949
782
-823
-1958
-2170
-1418
-176
800
1171
1017
174
-1500
-3095
-3127
-1473
282
872
584
90
-635
-1596
-2072
-1476
-221
743
719
-425
-1981
-2582
-1639
-351
-199
-816
-770
-7
213
-411
-877
-792
-779
-906
-540
119
147
-397
-644
-700
-1235
-1518
-293
1433
1252
-700
-1604
-420
647
158
-274
688
1532
719
-583
-856
-898
-1688
-1812
245
2977
3751
2436
691
-861
-2245
-2364
-423
1944
2566
1817
1384
1177
94
-1240
-1293
-330
384
1128
2676
3698
2306
-465
-1788
-1091
-15
947
2466
3523
2117
-1077
-2985
-2287
-411
1563
3743
5093
3698
96
-2660
-2974
-2058
-885
1165
3747
4613
2624
-479
-2479
-2952
-2264
-410
2015
3391
2827
1192
-292
-1339
-1916
-1623
-490
539
650
60
-521
-808
-937
-956
-653
62
713
507
-643
-1721
-1817
-1257
-791
-340
320
416
-713
-2021
-2012
-996
-273
128
791
886
-555
-2133
-1733
-144
82
-1066
-1288
-254
-29
-1114
-1667
-1068
-752
-962
-234
1243
1253
-627
-2085
-1831
-1118
-805
-134
791
480
-1008
-1644
-787
-28
-40
349
1262
1118
-258
-962
-332
64
-363
-135
1095
1387
-118
-1502
-1164
-78
446
835
1615
1877
936
-230
-542
-297
-54
428
1175
1379
735
126
218
549
648
852
1360
1632
1304
792
530
468
574
962
1322
1107
456
92
248
523
795
1280
1705
1480
791
509
755
652
-145
-691
-107
1080
1676
1300
461
-375
-1008
-1061
-173
1275
2234
1986
729
-837
-2035
-2309
-1471
-116
733
666
127
-490
-1248
-1932
-1832
-843
62
126
-204
-314
-495
-1132
-1684
-1571
-1244
-1283
-1301
-874
-654
-1143
-1392
-484
552
129
-1325
-2045
-1604
-994
-588
-30
226
-616
-1855
-1958
-969
-342
-493
-505
-188
-376
-1020
-1011
-182
345
130
-31
172
-2
-787
-1322
-1048
-353
404
1236
1723
1190
-61
-901
-852
-335
394
1323
1883
1415
369
-203
-209
-273
-257
497
1628
2014
1544
1130
983
429
-409
-367
908
2232
2459
1739
789
-23
-487
-322
399
1222
1906
2507
2780
2197
748
-759
-1367
-703
805
2174
2557
1967
1063
170
-817
-1510
-1027
562
1868
1925
1355
1009
585
-388
-1230
-1083
-401
-133
-116
377
1019
875
57
-501
-672
-1101
-1672
-1488
-480
281
187
-206
-383
-690
-1478
-2278
-2368
-1634
-555
245
294
-415
-1283
-1696
-1713
-1778
-1898
-1706
-1230
-902
-822
-685
-452
-444
-689
-824
-761
-819
-1020
-929
-423
-27
-136
-458
-557
-532
-710
-984
-912
-340
396
861
876
546
111
-207
-313
-206
94
540
995
1256
1148
625
-105
-555
-302
548
1422
1903
2001
1759
1032
-20
-684
-409
474
1202
1517
1693
1772
1403
482
-489
-848
-366
614
1446
1660
1338
976
859
785
528
244
193
378
701
1133
1475
1352
762
242
159
250
217
241
456
459
-42
-526
-320
350
680
377
-197
-734
-1147
-1220
-752
-22
435
470
291
-30
-529
-968
-989
-585
-81
292
472
379
-31
-568
-939
-958
-580
26
377
50
-699
-1127
-981
-777
-946
-1255
-1356
-1341
-1369
-1274
-972
-820
-1107
-1566
-1778
-1712
-1509
-1092
-453
6
-118
-657
-1072
-1100
-915
-725
-523
-219
148
391
346
72
-194
-284
-219
-55
196
400
358
163
193
539
782
567
108
-180
-210
-90
199
619
862
729
468
411
472
371
143
84
304
648
945
1095
1015
719
405
304
477
785
1003
977
773
626
655
735
753
782
855
814
626
566
792
990
772
259
-95
-61
275
724
995
717
-140
-1022
-1300
-927
-339
124
415
534
399
-6
-531
-906
-890
-454
180
712
968
885
486
-15
-276
-178
85
342
616
836
781
503
357
392
208
-323
-730
-667
-400
-241
-107
4
-289
-1078
-1794
-1918
-1580
-1107
-599
-265
-492
-1161
-1587
-1457
-1181
-1048
-801
-368
-176
-401
-667
-773
-911
-993
-650
-89
23
-291
-332
-40
-138
-728
-982
-542
-65
-5
-24
29
-249
-817
-957
-474
-38
18
165
565
659
244
-80
47
229
205
305
674
905
776
579
494
396
374
666
1036
1004
673
569
720
709
529
563
799
865
748
745
816
710
549
602
704
600
550
900
1314
1185
575
74
-57
0
135
344
487
481
507
616
492
-46
-654
-928
-894
-704
-278
384
926
1004
636
20
-628
-954
-638
176
982
1470
1606
1279
434
-495
-857
-517
123
718
1110
1077
553
-65
-363
-468
-665
-791
-604
-413
-641
-1064
-1171
-1026
-1055
-1246
-1241
-1026
-879
-830
-753
-772
-1002
-1166
-993
-740
-766
-907
-782
-461
-295
-351
-462
-572
-655
-549
-252
-78
-200
-377
-424
-502
-689
-703
-411
-158
-221
-361
-256
-18
77
35
-5
-28
-4
208
570
755
574
247
94
188
460
844
1194
1281
1025
582
198
89
364
867
1204
1163
970
898
857
654
431
449
636
739
745
765
705
444
201
263
504
593
515
469
398
119
-197
-182
114
254
76
-154
-252
-332
-456
-479
-362
-278
-281
-204
-9
103
36
-51
-50
-74
-158
-129
91
274
212
39
14
166
333
390
295
35
-298
-510
-505
-399
-324
-279
-261
-368
-612
-828
-907
-935
-1001
-1023
-909
-735
-599
-510
-522
-741
-1073
-1193
-958
-614
-423
-348
-275
-284
-446
-575
-471
-237
-113
-144
-209
-252
-287
-292
-258
-227
-204
-139
-43
1
-24
-57
-99
-159
-136
37
228
313
409
621
740
554
275
245
367
348
306
578
1039
1190
920
608
475
397
362
557
912
1085
978
831
762
635
442
389
528
661
659
598
562
542
522
454
266
50
56
300
455
314
70
-71
-209
-409
-456
-236
-32
-93
-276
-370
-459
-611
-613
-347
-89
-102
-242
-258
-185
-146
-83
58
151
89
-42
-148
-214
-166
74
338
356
159
-14
-151
-392
-616
-549
-287
-206
-369
-506
-536
-626
-749
-709
-585
-648
-835
-817
-566
-410
-466
-520
-456
-410
-430
-397
-292
-229
-221
-184
-143
-147
-99
75
221
168
11
-71
-111
-200
-242
-108
102
217
235
217
110
-98
-230
-145
48
169
216
276
355
416
475
519
490
380
260
189
228
449
791
989
857
551
361
338
368
445
614
751
706
565
507
503
427
327
335
412
418
373
380
412
376
311
308
337
302
202
80
-51
-139
-94
40
85
-13
-125
-184
-267
-374
-359
-209
-120
-190
-261
-210
-149
-207
-322
-377
-372
-316
-150
114
294
246
37
-150
-225
-213
-149
-49
53
92
5
-199
-408
-504
-493
-473
-477
-454
-408
-436
-565
-705
-792
-850
-873
-795
-634
-527
-551
-629
-660
-630
-559
-439
-295
-196
-161
-141
-112
-97
-95
-79
-41
14
103
222
294
257
158
77
18
-32
-21
93
233
289
251
192
145
97
52
44
72
123
194
286
364
382
324
223
145
155
262
406
514
549
501
381
245
184
240
360
455
477
418
302
185
141
185
258
300
288
235
169
119
102
101
108
127
128
65
-42
-93
-43
34
64
58
39
-24
-136
-220
-215
-145
-51
63
149
113
-38
-153
-128
-31
35
77
127
155
138
132
170
197
162
99
46
-15
-72
-56
30
62
-38
-181
-262
-293
-343
-402
-438
-465
-506
-523
-490
-466
-513
-605
-675
-700
-684
-601
-460
-352
-359
-443
-495
-471
-409
-343
-263
-184
-149
-162
-178
-175
-183
-205
-201
-150
-103
-97
-92
-56
-35
-79
-127
-94
-20
-7
-51
-40
63
171
223
247
255
210
147
185
358
531
580
537
498
463
417
432
573
746
785
679
560
522
542
589
670
744
723
601
484
446
436
409
400
442
473
434
370
345
327
263
195
185
190
138
71
68
99
88
57
76
93
13
-119
-167
-115
-66
-37
28
92
54
-66
-139
-137
-147
-175
-134
-33
22
-9
-63
-120
-219
-331
-373
-337
-284
-251
-251
-328
-483
-614
-643
-629
-642
-634
-578
-574
-674
-750
-700
-620
-629
-660
-623
-591
-637
-650
-523
-370
-341
-382
-367
-336
-374
-406
-315
-172
-120
-155
-168
-131
-95
-67
-24
9
7
-12
-25
-32
-6
89
208
265
259
248
233
201
210
314
443
502
525
576
597
523
444
483
585
626
628
667
708
677
631
649
671
625
581
609
623
543
450
435
419
318
229
257
326
317
257
215
142
0
-102
-67
20
36
1
-15
-49
-155
-261
-267
-203
-173
-201
-228
-222
-201
-187
-182
-183
-186
-184
-180
-173
-161
-152
-157
-170
-169
-159
-161
-165
-157
-153
-173
-190
-186
-198
-241
-271
-277
-312
-374
-376
-312
-292
-334
-332
-291
-366
-560
-662
-602
-550
-550
-421
-168
-109
-348
-575
-583
-579
-685
-639
-316
-51
-94
-197
-121
-90
-300
-478
-356
-163
-175
-195
29
270
225
57
50
76
-94
-269
-160
106
229
252
375
504
438
274
245
313
306
273
361
515
586
606
685
778
771
688
629
602
567
545
571
621
670
718
740
704
626
530
404
259
188
217
252
243
269
351
350
203
57
13
-45
-190
-280
-204
-105
-116
-140
-71
-30
-135
-272
-297
-288
-358
-413
-320
-167
-117
-149
-152
-144
-211
-311
-320
-229
-153
-152
-192
-221
-226
-213
-179
-128
-84
-82
-128
-177
-193
-193
-204
-202
-162
-125
-138
-165
-167
-182
-243
-293
-293
-307
-368
-393
-355
-349
-402
-377
-245
-171
-231
-266
-200
-206
-343
-389
-245
-129
-152
-79
179
313
136
-63
-53
-54
-238
-321
-73
213
230
180
306
387
183
-52
-15
106
45
2
224
480
458
341
421
540
422
240
297
462
459
397
527
721
719
621
671
767
657
427
345
383
333
229
271
422
467
380
318
300
202
22
-100
-108
-91
-97
-78
0
74
64
-31
-146
-226
-288
-370
-432
-399
-281
-188
-165
-159
-151
-209
-341
-434
-425
-381
-366
-331
-239
-157
-148
-180
-204
-238
-288
-309
-285
-252
-236
-227
-221
-225
-216
-189
-187
-221
-230
-195
-195
-262
-298
-248
-206
-244
-273
-217
-168
-220
-297
-299
-282
-318
-338
-273
-196
-194
-211
-169
-115
-115
-122
-77
-22
-11
-4
30
47
20
3
25
43
37
50
87
98
74
70
94
108
111
135
169
184
201
250
299
319
342
388
408
382
360
368
368
369
438
547
586
556
565
604
539
378
305
369
419
393
417
516
528
397
277
249
196
70
16
103
175
137
88
102
82
-34
-136
-151
-150
-181
-181
-129
-108
-144
-160
-145
-168
-219
-223
-199
-230
-285
-268
-216
-234
-283
-246
-169
-193
-287
-293
-217
-216
-293
-296
-203
-165
-224
-248
-191
-173
-247
-296
-250
-200
-221
-245
-210
-181
-218
-261
-243
-203
-209
-234
-213
-162
-143
-153
-151
-143
-165
-200
-195
-151
-119
-113
-90
-44
-24
-40
-48
-41
-60
-106
-105
-33
31
36
44
102
141
97
48
77
125
103
62
112
219
269
259
276
315
295
231
216
264
287
267
278
351
417
430
422
414
391
350
323
321
331
345
368
387
391
382
357
303
241
220
229
211
159
141
168
165
101
51
62
74
31
-19
-15
-7
-59
-135
-159
-141
-135
-131
-91
-44
-51
-110
-162
-183
-205
-236
-248
-223
-176
-131
-100
-94
-119
-159
-198
-229
-249
-245
-219
-195
-185
-174
-154
-148
-173
-202
-210
-208
-221
-234
-214
-172
-154
-160
-139
-84
-57
-94
-147
-158
-143
-151
-172
-156
-98
-49
-27
-12
2
-15
-62
-102
-113
-114
-119
-111
-70
-18
12
16
10
2
-14
-30
-41
-36
-10
38
96
150
186
195
177
142
113
104
106
106
118
155
208
248
261
263
262
245
207
173
170
192
205
211
233
272
291
276
259
255
229
171
127
133
151
133
106
108
115
86
41
24
17
-23
-73
-86
-73
-90
-124
-120
-93
-100
-146
-180
-187
-196
-214
-216
-206
-207
-219
-215
-209
-222
-245
-260
-283
-324
-350
-328
-294
-289
-295
-283
-265
-267
-275
-265
-257
-273
-293
-290
-279
-277
-272
-248
-231
-230
-226
-206
-182
-162
-135
-107
-97
-94
-70
-34
-21
-26
-16
8
18
28
72
123
134
119
131
167
181
174
191
225
227
197
180
183
176
162
183
233
264
269
284
318
331
311
294
303
316
314
307
304
292
265
241
233
232
223
217
232
265
289
277
244
220
213
202
176
156
159
166
156
131
107
81
55
37
24
2
-30
-49
-55
-63
-81
-101
-121
-154
-181
-182
-169
-174
-197
-204
-198
-195
-190
-168
-154
-184
-228
-229
-185
-158
-163
-173
-174
-184
-198
-199
-196
-215
-239
-232
-206
-195
-191
-166
-135
-128
-133
-122
-102
-102
-107
-96
-86
-96
-99
-72
-42
-48
-67
-53
-15
8
13
22
30
21
13
31
64
86
98
111
118
111
112
136
162
166
162
174
192
199
193
182
165
147
144
166
191
194
177
156
140
131
139
156
169
167
155
146
141
138
133
124
110
93
83
87
100
110
112
109
109
113
108
89
63
43
28
15
10
11
10
-3
-14
-13
-9
-23
-47
-55
-44
-37
-43
-54
-58
-64
-78
-97
-115
-125
-128
-119
-107
-97
-90
-81
-76
-85
-97
-97
-86
-71
-55
-38
-35
-46
-51
-40
-35
-60
-86
-78
-45
-29
-46
-65
-62
-46
-36
-35
-46
-60
-65
-51
-33
-36
-60
-82
-92
-93
-93
-90
-87
-77
-53
-21
-3
-9
-23
-22
-13
-14
-23
-23
-19
-30
-51
-60
-47
-37
-46
-63
-67
-60
-60
-72
-81
-76
-64
-54
-44
-35
-35
-53
-72
-72
-59
-55
-63
-62
-41
-21
-22
-33
-39
-39
-42
-39
-26
-14
-9
-1
17
34
29
10
1
5
13
24
47
80
108
119
112
97
84
79
83
92
103
112
112
103
90
73
46
12
0
23
57
65
50
45
60
68
58
44
42
47
51
64
77
70
44
24
29
41
40
27
19
18
20
25
37
46
38
16
1
-3
-5
-16
-34
-43
-35
-16
-1
2
-7
-26
-42
-43
-30
-22
-28
-38
-37
-26
-20
-21
-23
-26
-32
-35
-24
-7
-2
-1
10
31
41
40
43
52
52
40
38
51
56
42
25
25
36
38
35
40
56
67
66
54
41
34
38
48
53
51
41
28
21
24
40
59
71
75
78
84
90
93
90
80
63
46
36
32
34
36
39
42
49
56
57
49
43
42
41
31
20
17
16
8
2
4
5
-9
-25
-26
-19
-24
-38
-40
-30
-25
-37
-52
-59
-65
-77
-89
-91
-81
-68
-59
-63
-76
-81
-76
-69
-64
-57
-50
-54
-70
-74
-57
-45
-56
-77
-82
-70
-63
-66
-72
-72
-64
-52
-50
-75
-114
-131
-109
-70
-48
-47
-49
-49
-47
-37
-17
-1
-6
-21
-21
-6
6
1
-12
-11
4
12
15
25
45
57
42
15
5
16
26
21
11
-1
-19
-37
-38
-15
12
23
20
10
-3
-5
6
19
13
-2
-3
15
25
22
16
18
17
14
18
29
31
23
20
18
7
-5
3
24
34
25
18
23
25
24
29
37
27
3
-16
-19
-20
-19
-8
6
1
-25
-47
-54
-62
-74
-74
-56
-38
-41
-54
-61
-58
-62
-75
-80
-71
-59
-53
-48
-37
-35
-52
-66
-51
-16
-3
-26
-45
-30
-6
-8
-32
-43
-36
-33
-40
-37
-22
-6
1
5
14
22
33
46
50
42
32
30
31
28
24
30
40
44
40
35
29
31
44
58
56
39
23
16
14
15
27
38
32
20
24
34
26
-1
-12
4
20
12
-4
-9
-11
-24
-37
-34
-23
-18
-23
-29
-40
-56
-70
-70
-54
-32
-13
-4
-2
-4
-6
-8
-8
-3
7
23
39
47
41
26
21
34
49
44
29
32
58
77
72
53
38
31
25
23
28
34
41
44
38
24
14
16
23
27
30
35
37
29
27
33
35
22
10
15
26
26
22
20
19
13
9
15
24
31
40
49
44
22
5
10
22
21
12
10
14
15
13
19
31
32
23
15
18
28
31
23
14
14
13
4
-11
-16
-13
-13
-18
-15
0
9
1
-10
-10
-7
-12
-19
-15
-7
-4
0
9
10
-5
-22
-22
-10
-1
-3
-2
4
5
-1
-11
-18
-18
-15
-15
-21
-25
-20
-14
-15
-23
-27
-22
-16
-23
-38
-50
-50
-41
-34
-32
-26
-9
5
2
-15
-26
-26
-27
-28
-22
-12
-15
-28
-29
-11
1
-5
-11
-1
14
14
0
-14
-19
-12
6
22
20
4
-10
-15
-19
-26
-22
-11
-7
-13
-7
14
26
12
-4
5
37
58
55
42
41
51
48
27
5
4
22
36
36
30
27
26
22
18
11
1
-7
-6
-2
-5
-10
-8
-2
2
-3
-5
-3
6
14
14
-3
-28
-39
-27
-16
-24
-43
-49
-35
-16
-9
-17
-36
-55
-60
-51
-39
-30
-24
-24
-38
-50
-38
-10
1
-15
-25
-11
0
-14
-36
-37
-24
-18
-22
-23
-23
-31
-38
-31
-21
-25
-36
-31
-6
16
17
4
-3
-2
-1
-4
-6
-6
-11
-24
-34
-29
-9
7
9
0
-4
7
29
47
48
35
28
37
50
51
43
40
46
47
42
40
42
45
45
39
26
7
-3
0
6
6
5
6
-1
-23
-39
-33
-14
0
12
25
28
15
4
13
25
19
5
5
10
-1
-22
-20
4
21
12
-1
0
8
3
-15
-31
-37
-32
-23
-17
-19
-24
-20
-6
4
3
5
18
33
39
31
21
10
-4
-19
-22
-17
-13
-21
-22
-4
18
20
5
-1
10
19
14
5
5
9
11
14
18
18
16
22
31
26
4
-11
-6
6
9
6
0
-7
-15
-18
-17
-23
-36
-41
-28
-9
-2
-9
-17
-14
-1
9
4
-15
-30
-30
-26
-27
-27
-15
0
0
-14
-27
-26
-22
-22
-20
-13
-5
-4
-11
-18
-14
3
25
30
16
1
2
18
28
25
15
8
3
-2
-1
10
20
16
-3
-13
-2
13
14
9
17
36
44
38
38
50
55
46
36
39
43
38
36
45
49
38
20
17
26
33
26
14
7
5
3
-6
-20
-27
-21
-10
-7
-5
6
21
20
0
-19
-24
-26
-36
-46
-46
-39
-38
-39
-28
-12
-5
-9
-9
8
25
23
3
-17
-22
-18
-11
-4
2
3
-1
-6
-13
-29
-49
-58
-51
-39
-34
-31
-19
-14
-26
-42
-44
-34
-29
-30
-22
-14
-25
-49
-57
-37
-20
-31
-53
-57
-45
-36
-38
-38
-36
-41
-55
-67
-67
-62
-58
-50
-40
-33
-33
-28
-8
13
19
5
-8
-9
1
13
20
19
14
17
36
56
49
19
3
20
57
82
90
88
75
55
41
49
62
58
43
39
47
50
46
50
65
71
60
50
54
60
53
38
27
22
18
24
44
62
53
22
-4
-5
15
37
46
39
15
-11
-23
-16
-8
-11
-20
-19
-8
0
-4
-12
-11
-4
-3
-23
-59
-78
-59
-20
-11
-43
-75
-72
-51
-47
-64
-67
-51
-42
-41
-27
6
20
2
-16
0
28
21
-12
-33
-25
-21
-36
-46
-31
-12
-15
-37
-48
-44
-35
-24
-6
12
16
10
11
19
15
-4
-9
13
48
63
53
31
14
5
7
20
33
29
8
-11
-14
-6
2
9
16
17
8
-3
0
18
39
45
38
34
39
50
60
72
85
90
81
61
39
18
2
-7
-5
1
4
4
11
24
32
29
23
26
27
14
-6
-14
-6
-2
-14
-36
-55
-65
-73
-77
-72
-62
-58
-65
-73
-71
-56
-38
-29
-31
-35
-29
