-17
-6
-21
-26
-4
7
-17
-43
-31
1
11
-10
-25
-14
8
14
-3
-24
-31
-22
-8
1
14
38
58
62
57
59
65
59
42
38
51
63
60
53
50
43
29
20
25
34
35
28
19
10
10
21
36
37
23
10
6
1
-5
3
19
18
-7
-31
-33
-23
-19
-14
-6
-4
-14
-28
-33
-34
-36
-28
-6
10
1
-25
-43
-46
-38
-26
-17
-18
-28
-31
-17
1
12
16
19
14
-1
-10
2
30
53
59
51
39
35
38
42
39
33
25
12
-4
-11
4
19
13
-2
0
21
28
17
20
40
45
14
-20
-20
-2
-7
-33
-45
-30
-14
-17
-27
-24
-7
7
3
-19
-39
-40
-28
-25
-47
-75
-86
-73
-49
-29
-20
-24
-35
-49
-60
-68
-65
-55
-56
-78
-99
-95
-76
-74
-85
-75
-43
-30
-51
-70
-52
-28
-40
-82
-105
-88
-61
-57
-70
-76
-67
-54
-56
-68
-69
-40
0
20
15
17
31
31
10
-2
27
71
77
34
-8
-5
41
79
80
56
43
48
51
35
20
32
58
63
42
24
26
37
35
30
33
36
31
28
42
64
68
46
19
13
33
47
27
-19
-34
16
89
111
72
37
55
96
105
84
72
89
106
101
76
44
20
18
42
73
81
67
58
64
67
49
25
27
56
78
63
20
-13
-12
9
21
18
17
23
24
13
-1
-7
-18
-36
-48
-43
-43
-65
-95
-102
-84
-63
-53
-49
-54
-73
-92
-92
-71
-43
-25
-24
-41
-63
-62
-29
8
14
-4
-11
0
4
-12
-29
-27
-13
-14
-35
-53
-40
10
58
62
25
-12
-10
18
41
47
39
26
14
14
26
29
18
13
32
48
33
-1
-22
-15
-2
-4
-22
-44
-48
-31
-11
-21
-62
-92
-79
-45
-25
-32
-48
-56
-55
-45
-32
-29
-34
-31
-17
-14
-36
-55
-35
7
24
-4
-48
-76
-76
-56
-21
17
43
45
35
21
14
10
11
19
33
53
60
42
11
-5
5
21
26
24
25
33
38
39
35
29
21
23
38
52
52
47
50
59
61
59
63
70
70
56
40
31
32
30
25
20
19
15
5
-8
-7
13
35
38
23
8
-1
-15
-36
-50
-44
-27
-18
-19
-28
-41
-46
-35
-19
-23
-50
-69
-60
-44
-48
-67
-74
-67
-67
-71
-61
-40
-36
-56
-72
-63
-43
-30
-27
-26
-25
-24
-18
-6
2
0
-9
-15
-14
-10
-6
2
15
21
11
-3
-5
13
33
32
21
19
31
46
53
52
43
23
2
-14
-18
-11
12
42
53
39
20
23
43
53
48
47
54
48
25
7
13
23
19
9
8
10
-3
-28
-45
-41
-31
-31
-41
-48
-46
-38
-31
-28
-24
-16
-9
-8
-15
-27
-39
-43
-41
-43
-55
-65
-56
-40
-38
-53
-61
-52
-41
-47
-58
-53
-34
-17
-10
-12
-17
-24
-21
-7
8
6
-8
-8
17
49
59
44
30
30
40
42
40
43
47
48
54
69
90
103
105
101
87
61
45
60
94
106
86
69
85
120
136
123
104
96
87
64
36
25
30
35
30
21
21
21
14
1
-4
1
5
-5
-35
-69
-84
-75
-56
-54
-66
-64
-44
-35
-57
-82
-77
-52
-47
-66
-75
-67
-63
-81
-101
-100
-85
-73
-73
-81
-88
-84
-69
-51
-41
-35
-32
-36
-46
-48
-38
-33
-44
-59
-61
-56
-57
-63
-61
-52
-45
-39
-25
-1
20
29
20
2
-6
11
31
24
-5
-18
-5
7
-3
-11
2
15
-5
-41
-48
-8
47
71
52
16
-2
7
18
9
-12
-27
-26
-8
27
66
81
60
32
27
35
32
20
16
19
12
1
9
38
69
86
83
64
45
51
83
100
70
20
0
17
27
12
-1
6
18
16
14
22
39
40
26
15
14
21
26
34
50
67
70
60
49
47
47
45
40
32
12
-5
0
22
27
2
-23
-21
-6
-6
-17
-15
1
10
8
7
11
15
16
18
10
-12
-32
-37
-36
-43
-56
-53
-34
-19
-25
-44
-58
-62
-58
-47
-32
-13
0
0
-7
-7
4
8
0
-3
8
16
4
-15
-17
-1
9
5
2
4
0
-6
-7
1
10
18
27
31
24
17
14
8
-11
-27
-26
-20
-30
-51
-57
-46
-39
-43
-51
-56
-55
-48
-33
-19
-20
-31
-40
-43
-43
-41
-40
-47
-58
-56
-31
0
13
2
-14
-26
-37
-43
-36
-19
-13
-29
-52
-58
-39
-6
21
32
29
31
41
54
56
51
51
59
62
53
44
50
68
80
80
72
69
70
76
86
95
94
80
66
62
65
65
58
46
31
19
13
13
15
17
21
17
1
-9
1
22
24
3
-15
-9
10
18
12
3
-3
-3
-1
3
4
7
14
26
29
20
7
-7
-15
-11
5
19
10
-16
-40
-50
-54
-54
-42
-24
-16
-24
-34
-31
-22
-23
-37
-49
-45
-26
-13
-22
-40
-39
-14
8
4
-8
-2
21
30
9
-22
-35
-20
5
14
-5
-27
-19
17
36
15
-20
-25
3
32
44
46
47
44
32
12
-20
-52
-60
-32
8
29
30
31
41
41
18
-18
-42
-39
-16
-4
-24
-64
-83
-61
-25
-15
-36
-53
-46
-30
-20
-24
-36
-55
-69
-65
-43
-27
-34
-56
-67
-54
-27
-10
-17
-36
-59
-79
-92
-84
-53
-23
-28
-66
-98
-91
-59
-37
-36
-37
-33
-28
-30
-36
-38
-37
-31
-26
-29
-30
-7
35
58
41
13
18
50
72
63
36
5
-21
-29
-11
12
13
6
23
61
78
66
61
80
91
72
45
42
53
57
52
50
46
38
44
71
98
90
57
37
43
55
53
50
59
68
71
64
55
40
17
-3
-3
17
31
19
-15
-41
-38
-17
1
4
-2
-6
-9
-22
-44
-62
-57
-35
-21
-34
-61
-69
-54
-38
-44
-58
-58
-44
-33
-32
-35
-37
-42
-48
-44
-28
-16
-21
-32
-28
-7
16
32
39
35
13
-22
-41
-33
-10
-2
-7
-8
6
28
49
64
71
72
72
74
70
52
29
23
31
35
30
31
42
50
42
29
28
35
39
35
27
17
6
5
18
29
21
5
4
25
43
36
9
-13
-24
-31
-38
-41
-38
-32
-28
-22
-11
-1
-1
-7
-8
-3
-5
-21
-45
-56
-53
-50
-58
-72
-75
-64
-47
-36
-27
-14
4
16
18
14
5
0
5
15
17
6
-6
-6
2
10
18
29
31
13
-15
-25
-16
-11
-22
-25
-4
28
46
48
44
33
12
-6
-6
5
7
-8
-18
-9
8
18
16
15
21
33
41
38
26
15
12
15
16
7
-8
-20
-20
-9
7
20
29
33
29
15
3
9
32
50
43
20
9
19
33
26
0
-28
-47
-48
-34
-12
2
-10
-45
-77
-83
-62
-38
-34
-43
-39
-20
-10
-29
-56
-64
-53
-55
-74
-84
-64
-41
-42
-56
-51
-30
-16
-19
-25
-24
-27
-36
-34
-11
13
17
8
2
5
6
8
13
16
11
4
4
15
23
28
35
44
45
43
48
53
39
11
-9
4
38
58
52
39
38
46
44
26
15
28
51
54
24
-14
-35
-46
-61
-72
-59
-27
-4
-2
-5
-5
-15
-44
-83
-112
-125
-124
-105
-78
-60
-60
-67
-60
-40
-18
1
16
19
6
-2
3
4
-26
-74
-100
-94
-75
-55
-23
20
52
54
47
59
83
85
55
19
3
4
11
25
49
81
106
112
107
99
92
84
75
72
68
50
23
12
28
50
57
57
70
92
97
82
64
57
60
64
67
64
44
16
0
12
36
54
57
48
38
39
55
63
40
-2
-29
-23
-14
-16
-11
13
31
21
5
14
37
33
4
-15
-12
-10
-19
-16
3
2
-39
-80
-67
-20
7
-3
-21
-25
-31
-48
-54
-40
-31
-51
-75
-70
-38
-17
-26
-44
-56
-69
-85
-88
-73
-57
-60
-74
-83
-79
-71
-59
-44
-37
-53
-75
-73
-46
-25
-34
-52
-47
-23
-4
-5
-14
-19
-18
-12
2
23
32
20
3
2
24
52
68
68
53
30
12
7
12
14
3
-13
-19
-19
-22
-27
-27
-18
-2
13
17
10
-2
-1
11
17
8
-2
1
7
3
-10
-13
-5
-8
-23
-32
-26
-25
-41
-56
-55
-47
-47
-48
-32
-10
-9
-27
-37
-26
-12
-10
-21
-28
-33
-38
-32
-13
2
1
-11
-16
-7
3
7
5
0
-7
-8
3
19
27
26
30
42
54
57
56
61
59
40
14
8
31
67
87
82
62
41
29
28
36
44
44
35
28
28
33
35
30
24
21
19
19
21
24
26
25
28
32
30
15
0
-3
7
16
12
-4
-22
-31
-22
3
27
31
21
21
34
38
19
-10
-28
-31
-29
-24
-14
-12
-29
-51
-56
-43
-31
-29
-22
-4
5
-8
-28
-26
-5
7
-13
-52
-72
-52
-7
23
19
-3
-8
10
29
34
31
37
51
60
53
30
1
-23
-37
-40
-31
-11
13
28
32
34
43
47
40
38
48
44
10
-24
-17
18
31
5
-25
-27
-12
-2
7
14
9
-12
-17
10
46
54
39
27
25
20
16
23
38
41
30
23
36
60
75
65
36
11
10
34
59
62
45
25
12
6
1
-6
-10
-8
-9
-26
-50
-48
-13
14
-4
-44
-55
-25
4
7
-6
-23
-46
-73
-77
-57
-52
-78
-98
-83
-49
-36
-44
-49
-46
-48
-54
-59
-60
-51
-28
-3
-5
-32
-44
-15
25
31
6
-15
-14
-3
6
13
8
-8
-17
1
23
16
-21
-45
-33
0
18
14
-2
-13
-13
-9
-12
-24
-33
-31
-23
-23
-32
-34
-22
-3
3
-15
-52
-79
-74
-48
-32
-39
-51
-52
-47
-48
-51
-49
-55
-67
-67
-46
-26
-33
-49
-47
-29
-17
-12
-2
11
11
-1
-9
-8
-6
2
26
55
62
49
42
51
67
78
87
97
99
94
95
95
74
36
16
30
53
53
40
40
54
59
46
34
41
47
33
7
-8
-8
-4
-3
3
12
13
-1
-16
-19
-19
-29
-40
-36
-19
-2
7
16
22
9
-18
-35
-32
-23
-23
-20
-4
15
21
22
31
43
39
14
-7
-9
1
4
-6
-21
-26
-19
-12
-11
-13
-10
0
4
-4
-19
-26
-23
-13
-4
-3
-5
-1
7
5
-10
-20
-11
10
21
18
13
11
11
16
30
45
44
36
33
31
18
1
-5
0
6
9
17
18
0
-27
-34
-22
-15
-23
-26
-21
-15
-9
7
28
35
29
35
50
45
23
18
44
72
73
59
55
59
61
63
64
52
37
41
64
73
53
33
34
44
48
61
82
83
49
18
24
43
41
21
15
24
27
11
-3
-2
4
0
-19
-43
-52
-33
-8
-4
-23
-32
-21
-7
-6
-10
-19
-40
-65
-68
-45
-24
-17
-8
11
13
-17
-52
-72
-82
-92
-84
-56
-37
-41
-43
-33
-35
-64
-80
-52
-9
-6
-41
-62
-51
-41
-55
-76
-84
-82
-83
-83
-76
-61
-40
-13
7
10
1
-8
-13
-19
-20
-11
3
8
-1
-15
-19
-11
2
4
-8
-30
-49
-57
-48
-22
6
11
-10
-28
-21
-1
4
-7
-6
13
27
23
22
33
33
7
-15
-7
19
29
19
12
14
7
-15
-28
-20
-6
-7
-15
-13
-6
-14
-31
-38
-31
-21
-17
-12
4
19
27
30
27
22
25
43
54
35
-1
-14
9
36
36
26
35
59
76
79
84
93
98
91
81
76
80
94
107
97
66
40
44
66
78
74
60
45
34
35
51
58
37
3
-18
-14
4
12
5
-8
-12
3
24
25
8
-9
-17
-28
-39
-33
-11
-3
-22
-40
-39
-32
-40
-49
-45
-40
-47
-51
-40
-25
-28
-38
-44
-50
-62
-68
-59
-54
-65
-73
-61
-47
-49
-55
-40
-26
-41
-82
-104
-91
-70
-66
-68
-61
-49
-38
-29
-25
-24
-21
-11
1
6
11
27
46
45
23
5
11
30
38
23
-1
-20
-29
-31
-20
4
29
41
34
20
7
-2
-5
12
43
60
42
5
-17
-15
-10
-11
-9
10
38
52
41
12
-12
-12
6
17
3
-24
-37
-34
-26
-22
-21
-22
-29
-35
-37
-34
-30
-20
-8
-4
-12
-11
6
21
12
-13
-23
-7
18
38
53
60
52
35
24
21
18
10
14
31
49
49
38
35
46
58
57
42
34
43
61
68
56
30
5
-14
-19
-7
13
18
4
-11
-10
0
5
1
-9
-26
-50
-69
-68
-55
-42
-35
-22
-2
17
18
-3
-32
-49
-41
-16
-1
-10
-32
-43
-40
-37
-37
-34
-19
-3
-1
-5
-5
1
2
5
17
35
36
10
-21
-33
-32
-41
-65
-81
-70
-46
-39
-53
-56
-18
46
89
85
47
18
15
20
18
16
27
41
33
4
-29
-41
-33
-14
6
23
27
19
13
20
30
18
-12
-29
-21
-13
-34
-73
-90
-67
-23
11
19
9
-4
-5
7
15
6
-9
-9
10
27
29
23
20
12
3
12
36
45
21
-14
-26
-9
16
35
41
40
35
37
45
53
58
73
93
93
64
35
42
73
94
83
51
18
3
17
50
68
54
35
46
72
74
40
3
-8
1
13
15
13
16
35
69
93
83
45
10
0
3
-5
-31
-56
-59
-46
-41
-65
-96
-105
-79
-48
-36
-43
-48
-43
-24
-2
9
-6
-33
-44
-28
-10
-14
-31
-41
-35
-24
-13
-3
-1
-10
-16
-7
8
17
28
52
79
77
39
-4
-14
5
21
15
-2
-4
11
27
30
24
20
16
9
5
16
39
56
53
37
22
9
-5
-20
-18
4
28
34
26
20
25
28
18
5
2
6
-5
-30
-50
-58
-60
-64
-60
-42
-26
-27
-41
-48
-43
-41
-52
-72
-86
-81
-57
-30
-23
-42
-61
-61
-46
-34
-30
-25
-13
2
5
-4
-10
-1
20
37
41
36
33
38
46
50
50
49
51
55
54
40
18
-1
-10
-10
-4
8
22
29
25
17
8
2
-3
-3
1
2
-4
-13
-24
-32
-32
-27
-19
-19
-19
-16
-19
-28
-29
-11
8
-1
-34
-60
-65
-57
-48
-34
-19
-17
-29
-34
-26
-23
-36
-40
-23
-1
4
-5
-14
-23
-30
-22
5
25
25
12
13
27
40
44
46
50
54
53
41
29
27
41
53
43
15
-4
-3
7
11
13
21
27
19
0
-19
-29
-23
-16
-25
-50
-68
-61
-40
-27
-27
-34
-46
-57
-50
-25
-6
-11
-32
-41
-33
-23
-14
-4
-3
-20
-35
-22
11
32
31
22
12
-5
-18
-8
18
28
2
-32
-41
-23
4
16
11
0
-8
-3
8
18
23
22
11
-1
-5
-3
-5
-12
-12
-2
3
0
-2
1
2
0
7
19
20
10
10
23
21
-3
-14
7
23
3
-29
-27
-2
3
-18
-25
-3
22
26
19
24
41
62
81
90
77
46
16
6
20
42
51
40
27
33
58
74
67
54
47
42
31
24
38
64
76
68
54
41
34
27
20
10
4
9
29
47
44
27
11
2
-3
-5
7
31
41
23
-13
-38
-39
-27
-20
-19
-17
-13
-17
-28
-36
-33
-28
-27
-32
-34
-37
-43
-55
-69
-75
-69
-56
-53
-61
-62
-48
-36
-46
-61
-52
-26
-24
-47
-57
-37
-20
-30
-42
-31
-15
-30
-55
-51
-17
9
11
4
-4
-18
-29
-20
-1
3
-6
-6
8
15
5
0
12
24
19
10
14
22
23
14
7
3
2
1
-1
-7
-12
-15
-8
8
30
42
28
-8
-36
-36
-19
-11
-14
-13
-6
-6
-7
-4
-3
-24
-56
-69
-53
-29
-19
-19
-17
-14
-23
-35
-36
-23
-9
-11
-32
-57
-70
-62
-46
-41
-47
-55
-59
-60
-57
-47
-32
-18
-10
-1
8
-1
-25
-47
-45
-19
4
8
-2
-5
2
9
4
-16
-31
-30
-14
0
2
-4
-9
-12
-18
-28
-38
-38
-28
-21
-20
-19
-10
6
16
13
7
5
11
21
34
46
52
49
46
46
46
37
23
13
13
24
39
52
57
45
23
10
22
47
61
50
34
30
31
24
17
19
24
20
12
14
19
4
-26
-43
-31
-17
-20
-32
-41
-47
-56
-59
-40
-11
6
4
-12
-28
-30
-14
10
21
10
-6
-9
3
16
23
19
5
-11
-21
-23
-21
-12
6
17
11
1
7
30
42
29
9
2
11
20
20
13
15
37
65
65
27
-11
-6
26
39
20
-1
-3
0
4
19
32
23
-5
-16
-2
10
8
20
64
97
86
46
27
43
69
77
51
6
-21
2
52
68
28
-20
-25
5
25
25
25
39
56
58
43
19
0
2
29
66
83
68
38
15
5
-6
-25
-32
-8
24
18
-35
-78
-75
-47
-40
-56
-64
-53
-44
-42
-33
-22
-30
-53
-56
-23
23
47
40
15
-6
-8
8
20
11
-14
-29
-29
-15
8
33
36
14
-10
-9
7
16
15
13
5
-19
-39
-28
2
20
17
4
-17
-35
-28
10
34
-4
-69
-94
-58
-13
-1
-19
-39
-52
-54
-42
-31
-30
-33
-19
1
9
7
16
28
24
0
-23
-31
-30
-23
-18
-25
-54
-78
-66
-25
2
-7
-35
-49
-44
-26
-6
5
-2
-19
-33
-35
-32
-31
-36
-43
-45
-34
-17
-11
-15
-18
-15
-11
-17
-24
-22
-18
-25
-41
-50
-41
-18
7
21
19
2
-12
-10
12
38
48
34
16
17
38
56
50
25
6
4
9
7
-2
-8
-3
7
11
3
-3
5
21
27
21
12
16
25
30
21
-1
-25
-31
-13
11
22
18
8
-2
-4
1
6
-2
-15
-19
-6
2
-8
-23
-24
-19
-24
-36
-36
-29
-29
-29
-19
-9
-22
-50
-58
-37
-19
-23
-29
-20
-5
-11
-35
-57
-57
-35
-7
3
-8
-18
-16
-17
-26
-23
3
20
6
-11
-1
20
23
12
6
8
8
8
7
-2
-6
20
61
70
45
34
47
49
28
16
34
53
53
47
46
52
67
89
99
87
72
70
72
68
65
63
51
41
48
59
47
28
30
41
34
24
40
58
47
32
39
40
18
15
50
60
11
-29
-4
29
8
-21
-7
12
-4
-13
14
30
10
5
34
38
-7
-33
-4
18
-5
-35
-42
-54
-70
-54
-13
-5
-39
-70
-75
-68
-53
-34
-38
-58
-46
-5
-12
-74
-90
-28
12
-28
-66
-42
-8
-7
-6
2
-27
-50
9
83
42
-59
-47
49
54
-31
-27
67
74
-12
-24
51
50
-37
-57
2
14
-15
23
79
34
-36
10
74
4
-86
-18
85
17
-103
-49
85
71
-13
25
91
9
-89
-7
100
2
-150
-78
86
40
-150
-184
-58
-8
-65
-60
15
37
17
27
17
-54
-68
31
78
-18
-87
-14
52
-12
-75
-25
25
10
31
84
14
-116
-60
137
146
-53
-113
35
74
-77
-105
58
97
-60
-95
67
119
-8
-21
108
76
-131
-171
6
67
-71
-133
-39
5
-44
-43
-18
-63
-63
58
96
-44
-80
111
174
-75
-237
-29
173
20
-197
-130
24
-10
-65
40
100
-27
-108
-18
4
-113
-83
133
142
-177
-386
-201
87
137
30
-30
-29
-9
21
-20
-116
-36
246
317
-35
-309
-67
239
26
-330
-141
305
242
-189
-246
53
128
38
202
317
-62
-364
62
526
134
-414
-68
478
48
-631
-247
492
229
-310
142
596
-213
-817
325
1259
-76
-1322
300
2053
-8
-3218
-2157
1600
1888
-1142
-1549
1309
1806
-1125
-2004
763
2052
-69
-1027
928
1415
-958
-1468
1264
1959
-1197
-2460
888
3056
186
-2595
-550
2396
1303
-1181
-653
1026
249
-1304
-578
779
109
-919
-46
797
-456
-1426
244
1921
528
-1695
-1095
1031
1042
-682
-969
430
959
-37
-716
-291
77
-195
-287
200
516
183
-201
-22
313
69
-444
-140
887
983
-451
-1363
-39
1648
854
-1329
-1307
985
1778
-191
-1564
-147
1501
680
-977
-673
848
1019
-192
-793
-305
56
-84
-12
229
-75
-583
-227
699
694
-373
-738
379
1208
212
-1131
-561
1070
1005
-740
-1228
412
1431
181
-1115
-338
983
699
-287
-201
317
18
-304
234
422
-499
-796
454
1073
-277
-1233
-5
1146
198
-799
137
1023
12
-874
31
616
-465
-800
600
733
-1240
-1517
993
1830
-685
-1948
184
1349
-526
-1177
1059
1554
-1129
-1798
1086
1924
-1053
-2042
958
2074
-888
-2127
694
1997
-599
-1850
542
1763
-301
-1428
50
611
-494
-109
1323
353
-1841
-1276
891
734
-755
-403
478
-341
-720
805
966
-1280
-1530
1165
1573
-1161
-1261
1729
1419
-2158
-1939
1642
1216
-1890
-148
3220
-401
-5417
-511
7254
2795
-7284
-4652
6035
4957
-5060
-4129
5418
3613
-6658
-4312
7369
5455
-7218
-6021
7128
6221
-7784
-7347
8053
9278
-6843
-10599
4566
10181
-3072
-9345
1995
8026
-1783
-6882
2329
6687
-2610
-7202
1579
6606
-691
-5066
1042
3934
-2268
-4339
2404
4721
-1747
-4235
1499
3700
-1430
-3273
1255
2679
-1045
-1487
1901
1128
-2797
-1583
2807
1609
-2746
-1177
3539
1780
-3782
-2898
2711
2932
-1665
-2046
1669
1660
-1755
-1541
1659
1225
-1943
-1323
2154
1805
-1843
-1993
1560
2079
-1553
-2727
942
3277
321
-2874
-1021
2439
1425
-2288
-2198
1630
2728
-458
-2156
128
1484
-692
-1840
557
1920
-169
-1046
1220
1236
-2504
-2979
1993
3974
-793
-3509
943
3844
-978
-4985
-720
4270
1800
-2269
-524
2000
-729
-3134
253
3096
-162
-2683
1302
4187
-898
-5983
-1870
5156
4021
-2671
-4162
855
4001
928
-3687
-3605
1382
5125
2227
-3909
-4369
1688
4553
-267
-4195
-713
3381
1235
-1832
-132
1158
-1981
-2634
2765
4802
-1632
-5729
105
5495
882
-5002
-1721
4168
2468
-2635
-2498
756
1440
763
562
-1250
-2873
372
4393
1223
-4486
-2141
3956
1825
-4218
-1303
5444
1698
-6564
-2814
6928
3879
-6804
-4696
6399
5274
-5626
-5185
4985
4385
-5288
-3886
6196
4358
-6569
-5047
6356
5316
-6346
-5843
6156
6855
-4772
-7008
2884
5719
-1882
-4118
1466
2460
-1142
207
2461
-2645
-5997
2126
8648
439
-8213
-1353
7177
338
-8087
-452
9081
1867
-8195
-1984
7149
689
-7591
118
8513
-428
-9527
633
11375
718
-12465
-3258
11066
3868
-9669
-2537
11086
3248
-12762
-6697
11129
8907
-7880
-8483
5979
7725
-4843
-7290
3438
6090
-2946
-5138
3117
5302
-2194
-4589
1625
3049
-3317
-4027
4478
7639
-1542
-9107
-2911
7212
5264
-5220
-6833
3582
9154
44
-9565
-4122
6912
4889
-5338
-4139
6435
5557
-6870
-8017
5191
8452
-4538
-8658
5218
10882
-4155
-12811
1731
12877
-415
-13154
-590
14531
3850
-13577
-6893
9927
6355
-7676
-3920
8917
3868
-10376
-6135
9185
7106
-7462
-6586
6903
6257
-6955
-6937
5917
6848
-4820
-5799
4874
5183
-5408
-5359
5360
5112
-5584
-4366
7542
5563
-9357
-9012
8557
11977
-6162
-13530
3815
15036
-544
-16239
-5220
13369
9564
-7106
-8660
3112
5655
-2882
-5146
1936
5051
653
-1918
-103
-40
-1812
-396
2070
370
-1964
940
4445
981
-5148
-4552
1077
3188
1396
924
678
-2656
-4409
321
4737
763
-4919
-1476
5571
3084
-5218
-4262
4476
4217
-6065
-7160
6431
13426
340
-13993
-7955
7861
9232
-2121
-5120
2734
3874
-4691
-5796
4405
7312
-3849
-9432
1898
11122
1680
-10558
-5148
6827
3779
-6988
-3741
8771
7828
-5680
-9492
17
4696
194
292
5343
1179
-8580
-4887
8710
7780
-7797
-10126
6324
12540
-2933
-12394
723
11714
423
-11848
-2259
11595
4835
-9312
-5281
7780
4588
-8875
-7094
7702
9865
-3686
-9482
530
7519
948
-5359
-910
3871
-532
-4901
594
7277
2838
-6574
-6136
2795
5278
-1886
-5300
1420
6416
426
-6548
-2471
5512
3736
-3837
-3449
3278
3278
-2934
-2758
3624
3362
-3727
-4036
3565
4909
-2560
-4909
1646
4223
-1248
-3048
2091
2921
-2539
-2641
3324
2617
-4422
-3234
5372
4444
-5880
-6419
4579
7004
-2736
-4809
4725
5386
-6828
-8977
5405
11718
-1101
-10009
-279
8802
1323
-7318
-2030
4848
530
-3984
1456
5127
-1934
-6732
258
5926
-52
-5398
387
5762
-49
-6415
-1923
4898
2918
-2051
-1026
1678
-154
-2152
-124
1142
-898
-725
2830
2903
-1444
-2602
567
672
-2597
-1270
4264
4318
-2018
-4562
-219
2532
-260
-2404
-394
1606
1207
640
52
-1912
-2682
-146
1580
-496
-1425
2112
3717
-1248
-5540
-2269
2674
1795
-833
741
2252
-1127
-3753
-258
3303
748
-2560
-545
2163
433
-1244
848
1233
-2719
-3262
3025
6477
835
-5073
-2973
1142
21
-1682
1351
3661
227
-3103
-1104
859
-1651
-2990
631
2714
-540
-1910
2485
4127
-2096
-6670
-1683
4737
2766
-2287
-950
3230
1572
-3253
-2761
1723
2350
-975
-1765
800
1615
-494
-1781
-956
-23
617
1673
1635
-607
-2273
-874
1014
145
-1466
-325
1982
1632
-661
-1362
-373
-61
-112
1110
2037
425
-1461
-198
2092
1028
-1636
-545
3097
2580
-2492
-4610
-839
2319
405
-1568
1191
4182
1466
-3763
-4410
-711
1577
974
798
1925
1822
-106
-1692
-1970
-1779
-1242
103
1579
2126
1490
-390
-2937
-3682
-916
2506
2468
215
73
1400
-6
-3021
-2294
1539
2213
-661
-672
3037
3429
-1488
-4381
-1256
2230
1636
631
2078
2197
-954
-2561
-53
1760
-255
-1839
177
1944
178
-1964
-1369
-199
-501
-401
859
738
-985
-1110
489
310
-1406
-472
2723
2792
-869
-2348
516
2524
498
-1599
-223
2027
1700
-189
-1196
-1173
-663
517
1609
1162
-362
-1194
-1199
-1380
-1359
-357
552
100
-661
-230
572
176
-1018
-1567
-1031
242
1574
1697
231
-828
114
1078
-223
-1643
8
2594
1603
-1810
-2301
789
2687
1227
-735
-1053
-596
114
1267
1314
-817
-2302
-351
2360
1679
-886
-1014
768
721
-808
-440
1405
1244
-872
-1553
-140
769
230
-325
-481
-892
-997
-199
92
-1200
-2296
-1321
409
686
-58
-204
115
-85
-563
-537
35
826
1290
524
-1002
-740
2046
3563
751
-2841
-1806
2244
3013
-281
-2163
-345
1302
294
-851
-322
-99
-1204
-1425
-16
481
-777
-1023
761
1393
-871
-2647
-706
2615
2946
362
-1397
-757
196
-153
-533
472
1529
579
-1316
-905
2003
3212
49
-4014
-3855
-26
2409
1429
-28
269
890
474
200
767
453
-1762
-3764
-2960
485
4190
5709
3830
-324
-3373
-2986
-862
-263
-1235
-1070
1108
3328
3953
2875
61
-3889
-6137
-4038
778
3791
3171
1255
459
543
247
-682
-1641
-1849
-808
848
1496
491
-818
-983
-307
119
68
-118
-416
-872
-1265
-1390
-1071
-147
839
818
6
21
919
371
-2198
-3422
-878
2478
2523
194
-683
230
284
-726
-516
984
1351
31
-823
-45
1083
1133
75
-1170
-1295
234
1622
368
-2604
-3378
-866
1370
812
-396
163
1172
731
-136
-47
2
-785
-906
405
1172
101
-1052
-663
206
298
179
228
-353
-1260
-873
686
1390
766
390
681
526
1
132
335
-431
-908
415
1865
1144
-417
-391
85
-1086
-2171
-698
1208
341
-1307
-64
2213
1270
-1426
-1101
1509
1510
-1081
-1446
1128
2169
331
-540
1151
1992
68
-1627
-585
1244
1250
147
-154
192
-79
-983
-1552
-1450
-1185
-1152
-1031
-340
471
205
-1201
-2006
-1104
157
197
-231
250
1049
1048
812
922
336
-1008
-892
945
935
-2264
-4070
-1126
2321
1040
-2431
-2462
-9
-26
-2182
-2129
65
525
-815
-646
827
466
-1381
-1673
-720
-1044
-1655
105
2453
1530
-1418
-1799
476
1318
-139
-764
347
714
-446
-1065
-303
391
273
-23
-310
-746
-831
-504
-561
-655
509
1956
1167
-944
-551
2186
2497
-581
-1612
2219
5954
4893
1676
694
1076
366
87
2241
4532
4143
2598
2394
2469
1238
395
1523
2533
1560
814
2479
4156
2667
-468
-1452
195
2075
2957
3181
2693
1488
652
908
1378
1220
951
1055
907
30
-1056
-1774
-1970
-1498
-720
-784
-1810
-2028
-679
-81
-2160
-4756
-4607
-2385
-1285
-2034
-2893
-3336
-4061
-4500
-3846
-3365
-4335
-5181
-4144
-2951
-3968
-5661
-5220
-3897
-4874
-7202
-7080
-4446
-3132
-4471
-5620
-4771
-3638
-3878
-4673
-4836
-4438
-3633
-2297
-1145
-1124
-1747
-1871
-1672
-1988
-2498
-2354
-1673
-770
704
2276
2267
649
-15
1427
2520
1451
511
2195
4835
5659
5406
5994
6341
4782
3205
4215
6360
6793
6571
8427
11251
11913
10873
10719
10816
8948
6863
8145
11546
12401
10151
8514
8658
8207
6817
6563
6881
5383
3685
5694
9817
10042
5751
3051
4674
6013
3799
1355
1755
2488
1072
51
1894
4023
3359
1459
945
856
-465
-1659
-1433
-1838
-4675
-7856
-8944
-9303
-11224
-13738
-14709
-14588
-14909
-15264
-14709
-14131
-14593
-15134
-14351
-12447
-10175
-7733
-5951
-6215
-7974
-8775
-7797
-6731
-6353
-5321
-3364
-2365
-2901
-2965
-1726
-1419
-3555
-5989
-5986
-4123
-3162
-4408
-6735
-8301
-8314
-7625
-7728
-8796
-9468
-9151
-8887
-8847
-7264
-3715
-958
-978
-1641
-298
1739
1807
785
1467
3729
5226
5552
6051
6592
6058
5059
5022
5616
5808
6053
6874
6949
5412
4182
5197
7205
8046
8089
8600
8812
7560
5977
5790
6700
7799
9522
11972
13603
13715
13839
14605
14170
11947
10745
12518
14963
15186
13920
13260
12867
11521
10112
10035
10383
9493
7871
7292
8126
9274
9681
8778
6656
4498
3565
3501
3071
2254
1755
1116
-401
-1944
-2820
-4994
-10418
-16636
-18894
-16509
-13578
-13283
-14890
-16490
-17443
-17634
-17008
-16239
-15826
-14796
-12174
-8964
-6813
-5854
-5718
-6934
-9129
-9760
-7313
-4053
-3051
-4097
-4918
-4678
-3968
-3232
-3334
-5547
-8888
-9905
-7369
-4504
-4174
-4784
-3759
-2144
-2448
-4216
-5173
-4926
-4414
-3273
-750
1969
2992
2304
1021
-745
-3165
-4922
-4348
-1817
600
1484
984
-63
-982
-1570
-2111
-2824
-3237
-2765
-1789
-1310
-1556
-1821
-1793
-2123
-3317
-4602
-4568
-3042
-1767
-2299
-3445
-2389
1054
3368
1914
-1334
-2647
-1277
1043
3465
6042
7931
8545
9076
10122
9745
6983
4961
6709
10127
11346
10867
11645
13163
12675
10828
10714
12391
13414
13767
15268
17113
16998
15661
15575
16338
15993
15326
15975
16215
13883
11466
12518
14909
13818
9768
7289
7072
6097
4268
3947
3775
402
-4037
-4024
-832
-2501
-11595
-20355
-21331
-16664
-13044
-12545
-12722
-12089
-11178
-10199
-9086
-8729
-9720
-10694
-9608
-6182
-2244
-336
-2126
-6875
-11185
-11779
-9101
-6890
-7705
-10102
-10789
-8458
-4805
-2742
-4141
-8367
-12349
-12962
-10254
-7560
-7381
-8031
-6053
-1541
1320
-364
-4530
-7317
-7769
-7216
-5752
-2563
980
1966
1
-2341
-3627
-5179
-7683
-9232
-8295
-6200
-4857
-4210
-3721
-4245
-6194
-7589
-6520
-4346
-3797
-4684
-4306
-2064
-769
-2439
-5187
-5992
-4981
-4764
-6169
-6965
-5270
-2242
-194
618
1707
3536
4822
4740
4309
4966
6698
8386
9525
10694
12143
12722
11242
8870
8654
11731
15366
16503
16023
17080
19953
21670
20814
19500
19855
21370
22679
23344
22934
20896
18281
17214
17944
18675
18565
18307
17856
16617
15594
15960
15957
13142
9132
7630
8270
7404
4497
2252
823
-2016
-5381
-6663
-8053
-14002
-21828
-23382
-17545
-12479
-13158
-15219
-14238
-12630
-13290
-14122
-13307
-13067
-14034
-12584
-7915
-5253
-7874
-12113
-14102
-15131
-16569
-16147
-13529
-12976
-15921
-17118
-13069
-8327
-8347
-11417
-12910
-12679
-13035
-13517
-12633
-11336
-10472
-8115
-3330
625
556
-2181
-4515
-5902
-6851
-6461
-4476
-2870
-2610
-1749
610
1578
-1188
-5170
-6401
-5120
-4571
-5550
-5591
-3282
-376
938
794
566
229
-1564
-4710
-6571
-4972
-1402
683
400
42
923
1219
-962
-4410
-6189
-4809
-1040
3240
6290
7652
8311
8860
8294
6244
5019
6732
9616
10626
10592
12571
15785
16277
13813
12729
14773
16473
15613
15125
17597
20549
20771
19573
19830
20853
20288
18826
18860
19885
19273
17018
16010
17371
18638
17347
14144
11372
10222
10242
10545
10558
10213
9886
9672
8654
5945
2612
999
1286
670
-2345
-5049
-5036
-5753
-12547
-23323
-29094
-25923
-20531
-20195
-22479
-20767
-15802
-14208
-17415
-19779
-17920
-14957
-13972
-13373
-11095
-8613
-8211
-9880
-12729
-16163
-18415
-17587
-15235
-14934
-16123
-13975
-7281
-1705
-2252
-6558
-9104
-8702
-8012
-8182
-7841
-6040
-3168
78
2545
2747
851
-1031
-1875
-2851
-4088
-3381
-197
2234
1624
406
1487
3136
2030
-1086
-3100
-3785
-4717
-4799
-2128
879
54
-3187
-3228
439
1618
-2935
-8255
-8771
-5974
-4355
-3872
-1455
2486
4203
2447
-5
-770
-614
-1113
-1823
-941
2148
5901
8290
9069
9584
10252
9905
8557
8460
10330
11131
8896
7141
9777
13867
13469
9420
8234
11293
12884
10587
9644
13746
18712
19752
18664
18951
19464
18186
17238
18473
18669
14946
10811
10836
13003
12643
10645
11001
12880
12204
9393
8615
10215
10455
8360
6713
6306
5030
2762
1481
429
-3013
-7276
-7842
-5750
-8193
-17830
-27447
-29295
-25065
-21860
-21710
-20547
-16127
-11699
-10989
-13113
-14242
-12603
-10119
-9348
-10042
-9803
-7947
-7099
-9708
-14284
-17133
-17230
-16945
-17902
-18541
-16547
-11811
-6196
-1868
-295
-1282
-2592
-2189
-1035
-1621
-3608
-3719
-813
1964
1798
250
298
1617
1667
-4
-1551
-2165
-2803
-3677
-3472
-1472
1222
3021
3299
2411
1175
310
-188
-813
-1401
-1112
-68
317
-488
-1054
-368
171
-1167
-3546
-4687
-4041
-2816
-1364
1247
4969
7925
8391
6525
3817
1561
55
-1171
-2274
-2276
-87
3446
5770
5627
4659
5015
6545
7553
7272
6295
5427
5285
6236
7634
8057
7267
6724
7203
7468
6677
6339
7957
10327
11357
11246
11526
12125
11886
11093
10913
10997
10088
8474
7526
7281
6723
5860
5456
5377
5283
5970
7895
9649
10054
10064
10184
8484
4458
1865
3130
3966
-368
-6130
-6353
-3647
-8031
-20620
-29603
-26739
-18809
-16227
-17798
-15208
-7573
-2226
-2960
-5746
-6291
-5367
-5507
-7126
-9081
-10130
-9611
-8865
-10770
-15496
-18805
-17736
-15424
-16003
-17246
-13699
-5705
583
1975
1394
1896
2769
2643
1887
665
-1326
-2473
-685
2199
2035
-834
-1462
1622
3660
1337
-2011
-2214
-558
-144
75
2778
6609
7940
6694
5883
6353
6165
4768
3931
4313
4375
3258
2187
2347
3230
3541
2460
-11
-2852
-4463
-4313
-3455
-2532
-611
2644
5238
5275
3718
2421
826
-2497
-6065
-6671
-4248
-2253
-2724
-3893
-3504
-1784
3
1478
2323
1727
167
-167
1663
3574
3403
2081
1927
2970
3327
2613
2465
3640
4933
5686
7225
10318
12878
12358
9676
8374
9734
11132
10269
8764
9466
11729
12103
9297
5804
4332
5004
6635
8499
9942
10180
9448
8652
7541
5396
3687
4740
7006
5839
839
-2413
-1406
-2438
-11557
-23561
-27621
-22277
-16697
-16502
-16685
-11610
-4648
-2497
-4943
-6354
-4789
-3870
-6293
-10087
-11864
-10863
-9169
-9474
-12592
-16166
-16713
-13833
-10897
-10259
-9797
-6287
-490
3935
5580
6343
7545
7743
5242
994
-2065
-1980
331
2010
1335
-170
317
2823
4104
2114
-940
-1567
440
2438
2940
2989
3762
4843
5282
5072
4938
5126
4774
2777
-397
-2372
-1535
383
333
-1623
-2436
-1141
-735
-3432
-6978
-8062
-7052
-6518
-6808
-6142
-3991
-1578
252
1241
697
-1422
-3377
-3907
-4392
-6283
-7817
-6440
-3197
-1191
-665
548
2377
2626
1604
2187
4706
6139
5344
4829
5940
6532
5196
3794
3766
3810
3427
4739
8146
10333
9724
9821
13295
16854
16551
14465
14579
15264
12362
7544
6281
8306
7702
3162
712
3860
7867
7525
5005
5291
8016
8942
7063
5473
6287
8350
9399
7992
4278
640
-202
328
-3263
-13028
-22804
-25037
-20538
-16628
-16484
-15844
-11061
-4984
-2117
-1910
-652
2120
3036
295
-3542
-5072
-4442
-4827
-8099
-12246
-13641
-11450
-8719
-8558
-10121
-9667
-5319
667
4693
5616
5026
4681
4705
4063
2064
-700
-2790
-3389
-3270
-3763
-4813
-4980
-3785
-2951
-4223
-6663
-7607
-6211
-4386
-3756
-3298
-1216
2065
4377
4669
3713
2258
305
-1669
-2627
-2703
-3331
-4869
-5798
-5274
-4767
-5759
-7397
-8190
-8589
-9729
-10697
-9575
-6651
-4052
-2324
74
3535
6024
5888
3978
1951
51
-2288
-4831
-6605
-6890
-5593
-3284
-1077
313
1407
2991
4680
5612
6106
6966
7673
7397
7257
8797
10349
8459
3706
1280
3903
7808
8501
7318
8545
12468
15659
16852
17881
18934
17418
12670
8054
6565
7126
7104
6258
6132
7108
8228
9076
10046
11040
11308
10586
9626
9460
10390
11496
11287
9288
6695
4816
3521
2317
1854
2169
312
-6795
-16747
-22674
-21574
-18038
-17104
-16899
-12556
-4917
128
462
442
3487
6754
5898
1721
-1455
-2234
-3516
-7714
-13257
-16515
-15881
-13209
-11469
-11279
-10232
-6234
-855
2174
1595
-199
-930
-1184
-2353
-3986
-4833
-4971
-5130
-5121
-4633
-4486
-5367
-6397
-6686
-7168
-8813
-10132
-9014
-6339
-4955
-5225
-4576
-1897
467
196
-1926
-3719
-4467
-4724
-4919
-5475
-6793
-7949
-7094
-4545
-3611
-6318
-10002
-10682
-8619
-7512
-8597
-8841
-5726
-993
1964
2531
2821
4144
5309
4412
1332
-1898
-3100
-2293
-1597
-2402
-3362
-2346
343
2440
3166
4032
5909
7679
8643
9930
12010
13005
11511
9204
8225
7613
5327
2603
2736
5796
8271
8598
9405
12674
16001
16201
14246
13499
14409
14204
11582
8745
8112
9163
9669
8755
7569
7602
9235
11705
13806
14598
13927
12587
11831
12103
12072
9760
5407
2209
2560
4419
3963
1634
1803
5025
4859
-3794
-16124
-22314
-19882
-15589
-14643
-14031
-9227
-2285
1521
1972
3385
6812
8080
4453
-1022
-3987
-4777
-7266
-12924
-18496
-19850
-16762
-12999
-11807
-12114
-10227
-5142
-470
-32
-3072
-5750
-6224
-5825
-5730
-5400
-4676
-4634
-5363
-5343
-4311
-4351
-6536
-8684
-8565
-7429
-7855
-9555
-10070
-8782
-7328
-6494
-5490
-4312
-4081
-4631
-4373
-3184
-2952
-4314
-5302
-4492
-3241
-3170
-3542
-3142
-2937
-4434
-6632
-7270
-6405
-6125
-6807
-6273
-3265
427
2383
2556
2606
3219
3314
1755
-898
-2638
-2113
-369
241
-781
-1153
904
3759
4704
4321
5730
9442
12033
11118
8828
8256
8708
7278
3873
1509
1860
3325
4057
4563
6223
8934
11490
13230
14248
14706
14859
15215
15831
15918
14868
13281
12186
11477
10074
7773
6121
6758
9248
11392
11996
12363
14113
16194
15842
12608
9359
8244
7733
5577
2887
2420
4007
5116
5439
6722
7558
3233
-6808
-15742
-17527
-14898
-14367
-15856
-13549
-6405
-779
-683
-1687
1447
5851
4758
-2016
-7778
-8799
-8955
-12914
-18916
-21351
-18362
-13741
-11574
-11412
-9709
-4996
-200
757
-2198
-5357
-6190
-6283
-8102
-10727
-11233
-9355
-7848
-8177
-8727
-8025
-7100
-7223
-7564
-6934
-6170
-6725
-8106
-8664
-8090
-7215
-6158
-4616
-3359
-3399
-4062
-3995
-3738
-4875
-6759
-6850
-4918
-3906
-5211
-5961
-3423
48
-278
-4667
-8193
-7193
-3557
-1314
-1168
-464
2417
5784
7060
5974
4454
3868
3473
1945
-300
-1368
-424
1119
1610
1471
2452
5041
7878
9808
11221
12883
14369
14503
12885
10302
7744
5547
3523
1633
386
510
2136
4450
6425
7838
9226
10932
12671
14051
15001
15589
15795
15538
14538
12263
8657
4891
2627
2302
2819
3173
3616
4966
7422
10352
12597
13014
11698
10528
11014
11635
9626
5892
4904
7909
9807
6494
2100
3127
6904
3493
-9340
-20680
-20645
-13792
-11385
-14471
-13733
-5359
2654
3194
816
3672
10023
10727
3255
-4631
-6457
-5784
-9757
-18129
-23588
-21650
-15830
-12237
-12125
-11795
-8419
-3615
-958
-1620
-3724
-5385
-6820
-8998
-11565
-13215
-13448
-12822
-11804
-10553
-9659
-9766
-10334
-10077
-8964
-8501
-9474
-10657
-10565
-9343
-7878
-6174
-3985
-2206
-1924
-2519
-2495
-2056
-2926
-5288
-6899
-6202
-4523
-3742
-3262
-1339
1382
2095
-179
-2941
-3347
-1407
1054
3188
5315
7189
8012
8058
8482
9130
8254
5294
2428
1871
2648
1980
-490
-1902
-97
3544
6271
7541
8909
11163
13271
14068
13568
12324
10577
8426
6018
3388
787
-821
-579
812
1679
1788
2816
5647
8575
9530
9063
9440
11279
12886
12918
11970
11041
9882
7734
4801
2183
750
579
1139
1963
3437
6531
10910
14024
13822
12000
12079
13938
13491
9251
5674
6734
9280
7717
3550
3646
8275
8100
-2857
-16928
-21868
-16941
-12367
-13535
-14068
-7363
2312
6182
3985
3344
7312
9855
5536
-2217
-6501
-6870
-8895
-15069
-20999
-21670
-17923
-14530
-13873
-13988
-12229
-8596
-5041
-2966
-2371
-2831
-4313
-6871
-10015
-12765
-14318
-14539
-13834
-12743
-11767
-11298
-11335
-11352
-10836
-10000
-9541
-9555
-9184
-7670
-5416
-3524
-2471
-1743
-775
172
233
-1108
-3295
-4981
-5276
-4789
-4848
-5404
-4554
-1127
2912
4184
2096
-359
-512
936
1947
2543
4120
6309
7154
6423
6203
7326
7613
5293
2205
1279
2063
1518
-1052
-2721
-1162
2310
5123
6796
8313
9711
10336
10509
10895
10733
8790
5853
4123
3925
3226
1135
-323
749
3107
4275
4221
5036
7494
10021
11122
11091
11020
11517
12728
14313
15049
13717
10808
8098
6150
3764
588
-1385
-256
3197
6843
9974
13038
15568
16513
16130
15430
14104
11309
8305
7431
8068
7039
4300
4329
8769
11120
3916
-10155
-20080
-20215
-16575
-16781
-18927
-15688
-6542
821
1537
-94
1944
6169
6329
1033
-4458
-6230
-6993
-11177
-17793
-21567
-20221
-17323
-17134
-19095
-19161
-15389
-10068
-6348
-4679
-3548
-2494
-2811
-5340
-8919
-11562
-12472
-12284
-11831
-11412
-11108
-11023
-10962
-10435
-9315
-8165
-7508
-7008
-5827
-3814
-1872
-911
-747
-416
469
1106
466
-1339
-3005
-3434
-2867
-2372
-2353
-2018
-526
1698
3234
3186
2036
952
705
1433
2938
4660
5735
5775
5492
5821
6432
6043
4394
2816
2164
1337
-913
-3515
-4188
-2695
-1050
-190
1373
4535
7330
7625
6596
7010
8742
8839
6214
3434
2803
3189
2535
1504
2170
4299
5586
5252
4953
5895
7256
8088
8862
10190
11617
12669
13666
14502
14046
12015
10059
9334
8354
5367
1922
1509
4835
9004
11692
13585
15827
17565
17602
16480
15071
12808
9437
6850
6515
6363
3710
621
1953
7071
8152
-66
-12252
-18650
-17444
-15713
-18010
-19788
-15053
-6114
-759
-1437
-2653
198
4107
3314
-2226
-7154
-8503
-9207
-12866
-18147
-20746
-19394
-17196
-17065
-18085
-17293
-13561
-8459
-4128
-1648
-1140
-2111
-3531
-4645
-6007
-8654
-11885
-13173
-11351
-8812
-8783
-10834
-11200
-8013
-4112
-3192
-4749
-5095
-2772
-354
-358
-1713
-1834
-630
-367
-2121
-4387
-5377
-5092
-4542
-4181
-3841
-3330
-2375
-722
1041
1593
643
-170
753
2657
3496
2989
3013
4642
6401
6358
4775
3450
3091
2651
1124
-1104
-2886
-3506
-2977
-1727
-236
1320
3208
5619
8068
9697
10151
9765
8930
7793
6566
5507
4482
3228
2220
2532
4367
6402
7245
7042
6973
7562
8337
8907
9488
10332
11363
12427
13219
13014
11408
9382
8562
8934
8482
5970
3080
2457
4286
6450
7908
9916
13250
16125
16480
15108
14453
14733
13619
10212
6913
5823
5257
2477
-1187
-1417
2194
3780
-1781
-11645
-18165
-18368
-16489
-16528
-16368
-11955
-4516
473
833
186
1932
4100
2557
-2730
-7655
-9681
-10780
-13913
-18646
-21785
-21482
-19138
-17253
-16540
-15647
-13103
-8967
-4754
-2189
-1975
-3349
-4812
-5689
-6898
-9577
-12859
-14165
-12483
-10248
-10363
-11974
-11416
-7609
-4010
-3843
-5597
-5518
-3113
-1232
-1259
-1420
-414
289
-784
-2456
-2892
-2481
-2653
-3143
-2733
-1725
-1306
-1083
244
2002
2132
937
1311
4189
6561
5924
4348
5468
8918
10793
9215
6469
5135
4639
2948
-48
-2492
-3116
-2413
-1471
-622
577
2528
4999
7302
8984
10078
10511
9773
7775
5601
4435
3941
2833
1106
331
1324
2828
3364
3284
3863
5169
6114
6244
6254
6794
7716
8538
8901
8637
8013
7748
8128
8408
7785
6558
5471
4447
3178
2584
4086
7384
10493
12290
13529
14894
15681
15128
13638
11815
9643
7424
5923
4690
2266
-583
-412
3386
5011
-1497
-13303
-20921
-19932
-15716
-14452
-14292
-9753
-1523
3901
3601
1751
2516
3986
1950
-3348
-7749
-9238
-10199
-13334
-17727
-20115
-18927
-15874
-13762
-13488
-13457
-11628
-7698
-3258
-277
312
-986
-2790
-4127
-5527
-8179
-11588
-13252
-11869
-9681
-9576
-10660
-9439
-5403
-2290
-2692
-4443
-4300
-2582
-1534
-1177
-72
1152
596
-1099
-1344
-104
-245
-2692
-4685
-4256
-3210
-3640
-4325
-3158
-915
325
861
2343
4168
4201
2772
2723
5055
7341
7358
5905
4776
3980
2476
298
-1611
-2854
-3567
-3582
-2686
-1242
385
2586
5735
9077
11266
11791
11077
9499
7232
4929
3472
2905
2391
1486
749
842
1674
2716
3655
4457
5245
6269
7581
8656
8937
8750
8940
9569
9914
9794
9748
9675
8734
7069
5952
5509
4257
2157
1933
5301
9795
12048
12604
14222
16525
16271
12849
9570
8681
8604
7336
5357
3756
2540
2317
4276
6396
3278
-6887
-17884
-21980
-19067
-15229
-13469
-10809
-4896
1319
3741
2648
1286
854
-276
-3061
-6102
-7880
-9011
-11318
-15155
-18542
-19217
-17262
-15122
-14777
-15472
-14832
-11728
-7226
-3084
-507
-172
-1987
-4548
-6310
-7753
-10675
-14653
-16343
-13931
-10250
-8998
-9450
-8073
-4542
-2338
-3210
-4789
-4744
-3790
-2945
-1224
1693
3486
2634
1315
1885
2745
1073
-2137
-3515
-2540
-1522
-1072
484
3250
5052
5144
5288
6299
6506
4837
2883
2600
3871
5467
6680
7038
5990
3883
1977
772
-487
-2094
-2982
-2196
-124
2340
4774
6830
7878
7758
7118
6393
5135
2874
177
-1695
-1939
-846
502
1091
807
449
753
1488
1860
1750
2144
4066
7208
9982
11108
10878
10430
10163
9648
8866
8314
7849
6841
5705
5644
6415
6359
5447
5989
8933
11914
12884
13205
14624
15547
13582
9978
7979
7892
7243
5022
2524
794
312
1979
4802
3987
-4025
-15211
-21471
-20579
-17699
-16495
-14433
-8972
-3092
-888
-1448
-1257
-238
-1213
-4577
-7408
-7982
-8179
-10569
-14875
-18296
-18653
-16605
-14794
-14892
-15799
-15157
-12196
-8170
-4375
-1217
735
596
-1283
-3136
-4118
-5388
-7773
-9789
-9610
-7918
-6777
-6373
-5104
-2750
-1119
-1055
-1166
-488
-55
-394
253
3011
5710
5783
4267
3866
4299
3166
717
-331
287
-95
-1860
-1837
1172
3806
3502
2634
4132
6222
5323
1953
-157
402
1695
2297
2799
3521
3518
2299
600
-886
-2082
-2803
-2675
-1788
-492
1198
3172
4691
5179
5063
4986
4642
3254
901
-1338
-2401
-1992
-612
875
1912
2622
3295
3742
3631
3173
2958
3408
4792
7214
10018
11902
12333
12156
12155
11857
10556
8577
6669
5081
4099
4438
6166
8222
9796
11189
12717
13901
14336
14042
12661
9887
6902
5526
5711
5834
5326
4640
3149
422
-1078
809
2157
-3720
-15680
-23812
-22066
-15835
-12840
-12358
-9325
-4316
-2167
-3320
-3770
-2643
-3167
-5902
-7047
-4883
-3056
-5406
-10960
-15938
-18234
-18340
-17720
-17576
-17914
-16998
-12906
-6235
-256
2186
1228
-803
-2046
-2624
-3802
-5943
-7645
-7354
-5495
-4004
-3829
-4182
-4418
-4981
-5849
-5750
-4190
-2735
-2591
-2110
1057
5855
8375
6870
3867
2283
1676
275
-1228
-882
509
153
-1734
-1519
1886
4421
2844
4
449
3242
3701
1003
-802
689
3356
4949
6111
7443
7270
4489
897
-1385
-2560
-3436
-3300
-1493
691
1776
2327
3406
4085
2766
258
-741
668
2338
2220
1253
1872
4337
6206
5665
3855
2838
2590
1727
470
674
2903
5602
7529
9020
10320
10671
9840
8753
7820
6423
4797
4519
6123
7928
8333
7813
7670
8180
8838
9308
9440
9254
9208
9587
9725
8833
7223
5644
4166
2831
2136
1626
-51
-2017
-1014
2845
3463
-3654
-13836
-18601
-16712
-13982
-13311
-11775
-7858
-4629
-3903
-3242
-1207
-434
-2661
-5097
-4778
-3035
-2872
-4829
-7743
-10862
-13117
-12966
-10999
-10163
-11420
-11664
-8110
-2610
698
474
-1207
-2206
-2359
-2633
-3654
-5103
-6054
-5970
-5203
-4272
-3277
-2643
-3345
-5226
-6241
-4992
-3019
-2608
-3152
-2058
1067
3579
3407
1350
-748
-2238
-3145
-3053
-1865
-796
-1149
-2221
-1753
1067
4048
4480
2608
1148
1417
1818
840
-414
-140
1406
2924
4433
6377
7417
5718
2007
-1025
-2164
-2354
-2179
-1043
983
2746
3785
4555
4621
2821
-131
-1375
556
3520
4506
3425
2650
3419
4374
3808
1987
466
-57
-91
118
1120
3080
5184
6774
8019
8878
8570
6962
5321
4628
4311
3820
4107
5936
7845
7649
5337
2908
1924
2554
4326
6439
7934
8651
9326
10082
9961
8554
6683
4881
3016
1802
2335
3653
3692
3208
4893
7402
4975
-4297
-14205
-17969
-16236
-13647
-11188
-7058
-2402
-523
-1368
-1707
-476
137
-1063
-2441
-2285
-830
590
500
-2115
-6447
-9845
-10728
-10463
-10902
-11530
-10794
-8685
-6159
-3461
-987
-302
-2228
-5059
-6529
-6452
-5881
-5024
-3774
-2960
-3213
-3606
-3248
-3247
-5205
-8375
-10109
-8982
-6133
-3526
-1968
-1045
-286
156
-11
-490
-717
-831
-1416
-2092
-1577
252
1796
2062
2103
2982
3819
3352
2073
1143
515
-112
202
2124
4220
4757
4384
4816
5604
4649
1600
-1469
-2849
-2799
-2230
-1406
-302
912
2001
2616
2270
1111
283
664
1590
1726
890
104
22
261
309
289
564
1114
1554
1553
1057
371
238
1542
4329
7129
8010
6767
5335
5361
6153
6062
5104
4641
4924
4794
3860
3234
3767
5053
6513
8130
9777
10941
11344
10987
9861
8494
8049
8707
8937
7728
6252
5707
5307
4534
4996
6818
5614
-2240
-12667
-17451
-14509
-9520
-7070
-5720
-3262
-1459
-2537
-4861
-5421
-4072
-2557
-1285
414
2170
2692
1215
-2330
-7523
-12892
-16204
-16321
-14204
-11695
-9823
-8347
-6413
-3860
-2183
-3286
-6692
-9363
-9259
-7464
-5584
-3155
298
2628
1393
-2335
-5292
-6525
-7804
-9895
-11059
-9621
-5939
-1478
2367
4254
3301
332
-2232
-2504
-954
310
195
190
2458
6352
8339
6349
2595
333
-480
-1803
-3240
-2620
-227
1275
1319
2162
4446
5647
4257
2268
1767
1959
1454
1002
1765
2811
2539
1246
304
-174
-1059
-2318
-2963
-2490
-1229
434
2214
3531
3693
2572
814
-577
-889
-187
840
1683
2433
3167
3352
2487
1133
571
1359
2688
3409
3443
3850
5391
7351
8255
7710
6796
6419
6215
5585
4928
5055
6087
7660
9497
11052
11438
10577
9590
9310
9287
9002
8855
9061
8789
7441
5735
4650
4423
5069
6103
5263
20
-8279
-14288
-14519
-11117
-7990
-5813
-3460
-1876
-2877
-5368
-6262
-4777
-2976
-2179
-1484
-88
1008
175
-3163
-8147
-12919
-15619
-15780
-14540
-13105
-11605
-9840
-8180
-7113
-6771
-7299
-8769
-10392
-10840
-9731
-7823
-5693
-3483
-1965
-2249
-4048
-5663
-6141
-6160
-6410
-6437
-5531
-3679
-1315
917
2021
1332
-474
-1868
-1977
-972
718
2734
4622
6054
6910
6811
5404
3462
2480
2634
2579
1911
1937
3000
3232
1575
-19
538
2218
2807
2566
3350
5106
5927
5122
3851
2842
1583
-146
-1627
-2350
-2501
-2231
-1501
-670
-387
-831
-1623
-2317
-2555
-2081
-999
268
1483
2582
3123
2561
1254
307
70
-329
-1479
-2539
-2207
-321
2075
3945
5061
5782
6416
6933
7171
7180
7210
7432
7921
8732
9682
10328
10545
10741
10933
10286
8558
7299
8145
10344
11603
11194
10472
10336
10044
8830
7018
5243
3965
3766
4386
3564
-953
-7853
-12799
-13190
-10563
-7709
-5546
-3833
-3013
-3679
-5186
-6084
-5541
-3806
-1797
-534
-445
-1165
-2481
-5005
-8990
-13007
-15102
-15002
-13997
-12879
-11391
-9565
-8206
-7828
-8202
-9077
-10369
-11547
-11751
-10720
-8928
-6805
-4460
-2220
-850
-974
-2436
-4237
-5144
-4623
-3161
-1496
193
1869
2889
2547
1121
-403
-1404
-1619
-605
1715
4330
6092
7001
7523
7351
6217
5182
5378
6034
5610
4417
4077
4635
4457
3068
1958
2164
2925
3296
3443
3731
3865
3502
2742
1683
352
-844
-1476
-1788
-2240
-2643
-2679
-2824
-3690
-4864
-5480
-5499
-5314
-4609
-2927
-979
-30
-171
-409
-346
-564
-1313
-1950
-1922
-1491
-1180
-1028
-679
32
791
1201
1490
2501
4586
6813
7885
7663
7130
7067
7481
8107
8746
9235
9690
10434
11160
10903
9578
8675
9333
10649
11136
10939
11043
11154
10201
8403
7026
6446
6051
5605
4917
2643
-2412
-8670
-12402
-11558
-7767
-4262
-2914
-3477
-4655
-5446
-5850
-6277
-6274
-4705
-1687
792
1072
-401
-2502
-5327
-9165
-12606
-13652
-12383
-10803
-10106
-9588
-8453
-7357
-7607
-9538
-12139
-13951
-14123
-12746
-10365
-7389
-4230
-1698
-616
-1015
-2171
-3387
-4247
-4262
-3008
-720
1688
3230
3348
2203
766
38
-138
-702
-1460
-753
2178
5701
7737
8056
7490
6160
4116
2631
2912
4103
4390
3664
3345
3797
3745
2395
689
59
866
2296
3236
3221
2780
2541
2048
414
-1729
-2424
-1231
-294
-1402
-3417
-4159
-3714
-3976
-5529
-6865
-6679
-5443
-4406
-4029
-3804
-3103
-1978
-1209
-1413
-2064
-1937
-719
455
431
-494
-1000
-324
1061
2198
2781
3419
4698
6155
6706
6170
5683
6255
7566
8672
9194
9316
9282
9448
10077
10597
10026
8733
8538
10149
11718
11269
9479
8536
8953
9165
8032
6300
5442
5948
6800
6152
2854
-2190
-6559
-8529
-8256
-6706
-4606
-2897
-2883
-4819
-7165
-8196
-7683
-6309
-4360
-1965
91
800
-188
-2673
-6198
-9619
-11213
-10267
-8131
-6852
-7037
-7683
-7813
-7560
-7736
-8842
-10565
-11936
-11950
-10206
-7157
-3882
-1621
-1065
-1830
-2857
-3505
-3897
-4103
-3627
-2129
-99
1625
2569
2563
1646
431
-144
146
647
1044
1879
3406
4852
5477
5477
5167
4226
2604
1331
1416
2515
3512
3918
3938
3660
2958
1937
944
340
451
1217
1820
1389
230
-512
-544
-751
-1557
-2181
-2067
-1908
-2441
-3200
-3389
-3233
-3530
-4379
-5191
-5620
-5713
-5361
-4323
-2793
-1455
-893
-1087
-1532
-1720
-1517
-1062
-350
785
2171
3115
3073
2311
1628
1614
2387
3774
5415
6840
7708
7892
7395
6515
5992
6394
7369
8118
8636
9607
10950
11505
10636
9259
8615
8747
8877
8713
8594
8684
8658
8173
7308
6537
6227
5904
4272
623
-3870
-6960
-7491
-6172
-4341
-2958
-2810
-4477
-7450
-10020
-10689
-9300
-6592
-3353
-437
1103
589
-1701
-4810
-7660
-9238
-8830
-6649
-4032
-2596
-3014
-4627
-6184
-6942
-7201
-7744
-8761
-9456
-8847
-6806
-4210
-2247
-1674
-2488
-4040
-5506
-6330
-6216
-4951
-2668
-190
1467
2052
2110
2021
1618
911
521
990
2061
3021
3507
3683
3889
4262
4518
4037
2523
587
-669
-687
206
1396
2406
2766
2112
658
-836
-1745
-1916
-1367
-168
1269
2274
2498
2120
1422
554
-219
-516
-275
148
445
600
559
84
-829
-1739
-2237
-2448
-2777
-3294
-3631
-3475
-2984
-2606
-2563
-2611
-2348
-1706
-1019
-633
-560
-512
-126
772
2015
3142
3774
3971
4065
4189
4176
3943
3734
3817
4105
4224
3954
3536
3523
4230
5312
6002
5870
5200
4562
4218
4151
4449
5250
6310
6955
6657
5540
4272
3499
3358
3447
3249
2623
1843
1202
701
176
-440
-1120
-1852
-2609
-3250
-3571
-3433
-2793
-1787
-861
-693
-1687
-3481
-5110
-5701
-5065
-3695
-2369
-1778
-2296
-3825
-5708
-6963
-6893
-5609
-3940
-2758
-2410
-2736
-3423
-4157
-4578
-4418
-3806
-3294
-3381
-4031
-4723
-4958
-4619
-3885
-2971
-2078
-1461
-1316
-1515
-1577
-1090
-129
818
1373
1572
1652
1694
1631
1517
1576
1962
2554
3079
3333
3258
2879
2292
1676
1218
976
911
1046
1493
2211
2828
2859
2188
1256
703
842
1498
2256
2752
2737
2130
1148
301
41
318
619
497
-28
-655
-1254
-1920
-2598
-2910
-2536
-1696
-1061
-1124
-1763
-2457
-2814
-2794
-2513
-2053
-1518
-1131
-1091
-1341
-1567
-1486
-1075
-540
-115
71
2
-268
-677
-1193
-1759
-2171
-2086
-1313
-131
824
1123
971
941
1299
1755
1955
2033
2433
3216
3826
3724
3101
2713
2990
3533
3623
3083
2431
2218
2427
2627
2551
2317
2130
1931
1493
795
182
99
665
1516
2050
1885
1146
344
-67
-2
325
714
1096
1347
1184
435
-586
-1221
-1120
-653
-513
-919
-1399
-1408
-974
-580
-488
-471
-271
-96
-400
-1221
-1970
-1984
-1189
-124
606
783
550
162
-134
-116
295
913
1382
1487
1338
1229
1352
1681
2086
2456
2716
2806
2698
2422
2048
1676
1465
1559
1902
2130
1822
940
-23
-465
-213
383
877
1110
1133
926
386
-413
-1149
-1520
-1555
-1508
-1558
-1712
-2004
-2602
-3575
-4646
-5361
-5521
-5374
-5296
-5399
-5505
-5460
-5333
-5274
-5312
-5339
-5261
-5064
-4758
-4339
-3822
-3261
-2704
-2188
-1799
-1661
-1778
-1927
-1815
-1399
-942
-717
-696
-635
-416
-163
3
208
646
1258
1733
1862
1794
1817
1979
2069
1953
1803
1881
2220
2615
2913
3188
3575
4021
4302
4271
3998
3706
3578
3636
3743
3670
3250
2540
1813
1348
1199
1225
1292
1393
1488
1376
860
48
-621
-763
-404
96
420
508
405
68
-563
-1358
-1990
-2163
-1824
-1141
-350
307
611
486
105
-207
-257
-145
-78
-101
-72
87
248
226
17
-202
-290
-264
-202
-123
-8
91
96
10
-65
-63
-17
46
231
690
1404
2137
2614
2723
2525
2148
1765
1593
1773
2164
2359
2030
1271
521
132
81
121
103
57
-18
-287
-908
-1755
-2440
-2645
-2407
-2093
-2092
-2527
-3207
-3801
-4094
-4106
-4006
-3890
-3699
-3376
-3052
-2982
-3226
-3479
-3348
-2798
-2245
-2139
-2503
-2951
-3117
-2981
-2747
-2535
-2298
-1985
-1682
-1519
-1532
-1655
-1785
-1806
-1562
-936
-12
874
1360
1323
970
650
640
1024
1692
2361
2717
2634
2306
2083
2135
2324
2426
2425
2507
2742
2922
2784
2364
2030
2096
2462
2665
2313
1451
554
172
545
1451
2371
2835
2702
2185
1626
1269
1183
1354
1737
2232
2646
2792
2625
2254
1837
1454
1098
745
399
96
-93
-87
119
382
481
289
-99
-478
-717
-811
-743
-433
116
677
920
742
381
154
100
9
-220
-372
-138
481
1121
1403
1256
857
372
-131
-492
-392
379
1562
2475
2520
1696
583
-156
-272
20
369
600
713
698
460
-43
-636
-1002
-968
-705
-604
-929
-1583
-2198
-2442
-2239
-1775
-1380
-1363
-1872
-2750
-3565
-3871
-3570
-2996
-2615
-2607
-2779
-2869
-2859
-2934
-3190
-3468
-3520
-3292
-2964
-2743
-2677
-2666
-2626
-2563
-2524
-2509
-2475
-2374
-2161
-1811
-1346
-883
-590
-563
-707
-780
-563
-41
570
999
1127
1079
1102
1342
1707
1957
1937
1731
1592
1707
2034
2369
2554
2596
2591
2576
2498
2334
2186
2205
2409
2607
2554
2189
1703
1378
1353
1566
1877
2196
2464
2595
2491
2176
1856
1775
1998
2350
2593
2639
2560
2423
2173
1722
1116
554
227
175
311
535
766
857
604
-88
-1009
-1714
-1841
-1393
-695
-106
212
257
45
-409
-962
-1319
-1227
-722
-132
199
178
-32
-231
-348
-399
-385
-278
-112
5
26
62
272
635
890
764
260
-314
-638
-649
-529
-445
-390
-292
-203
-313
-729
-1305
-1737
-1837
-1681
-1484
-1382
-1356
-1332
-1317
-1382
-1573
-1847
-2122
-2338
-2450
-2407
-2194
-1899
-1715
-1809
-2166
-2587
-2843
-2852
-2697
-2509
-2344
-2198
-2098
-2113
-2276
-2492
-2575
-2391
-1991
-1566
-1290
-1201
-1200
-1175
-1076
-919
-723
-477
-175
154
449
673
825
923
977
1000
1038
1158
1393
1682
1913
2020
2035
2041
2074
2093
2068
2042
2112
2299
2499
2565
2444
2216
1991
1803
1619
1434
1324
1368
1541
1723
1808
1785
1706
1598
1449
1291
1235
1392
1741
2114
2326
2309
2114
1803
1395
922
504
303
384
632
847
902
790
550
192
-259
-681
-877
-727
-311
144
455
585
591
506
316
59
-124
-70
254
708
1093
1284
1270
1097
818
499
248
171
308
599
933
1199
1313
1206
863
358
-159
-533
-698
-674
-525
-312
-121
-64
-237
-624
-1089
-1462
-1658
-1685
-1579
-1369
-1111
-936
-990
-1313
-1775
-2172
-2382
-2419
-2357
-2247
-2115
-2022
-2056
-2238
-2474
-2629
-2656
-2627
-2629
-2645
-2585
-2405
-2177
-2019
-1963
-1950
-1912
-1849
-1805
-1773
-1677
-1456
-1128
-779
-492
-305
-226
-242
-300
-298
-163
70
276
362
366
401
501
559
445
175
-82
-155
-32
171
356
525
709
870
915
816
658
565
571
617
644
662
702
732
680
526
360
298
359
452
498
520
600
770
958
1073
1108
1137
1217
1333
1438
1511
1560
1580
1542
1446
1353
1340
1404
1453
1405
1275
1152
1113
1164
1277
1444
1660
1856
1910
1757
1483
1273
1250
1380
1533
1624
1657
1654
1578
1383
1115
921
917
1056
1171
1141
1010
912
926
999
1031
977
871
752
619
462
309
205
148
74
-76
-292
-515
-700
-859
-1016
-1161
-1264
-1341
-1449
-1626
-1820
-1939
-1942
-1902
-1935
-2089
-2308
-2492
-2575
-2547
-2425
-2247
-2079
-2011
-2092
-2275
-2445
-2502
-2423
-2240
-1994
-1717
-1486
-1402
-1520
-1764
-1952
-1935
-1708
-1395
-1123
-933
-808
-736
-732
-786
-835
-808
-696
-563
-472
-428
-393
-353
-326
-323
-320
-291
-254
-262
-320
-356
-284
-100
103
233
284
312
345
347
283
197
177
251
335
326
215
101
69
106
130
113
126
250
484
743
967
1169
1381
1581
1703
1726
1719
1770
1891
2018
2099
2148
2199
2230
2170
1994
1787
1671
1688
1765
1803
1783
1758
1779
1828
1868
1883
1887
1876
1815
1697
1574
1521
1551
1605
1622
1597
1556
1495
1367
1160
961
892
996
1181
1310
1321
1245
1129
975
775
571
433
375
321
183
-32
-227
-340
-424
-594
-886
-1210
-1446
-1568
-1636
-1694
-1713
-1660
-1589
-1615
-1801
-2078
-2304
-2400
-2388
-2322
-2218
-2074
-1942
-1919
-2044
-2234
-2349
-2330
-2245
-2185
-2155
-2075
-1892
-1663
-1495
-1442
-1463
-1490
-1492
-1473
-1416
-1284
-1063
-817
-632
-555
-565
-613
-675
-741
-775
-732
-605
-460
-379
-390
-451
-506
-545
-592
-650
-685
-663
-595
-524
-470
-423
-373
-343
-366
-431
-490
-498
-468
-445
-452
-466
-458
-438
-438
-466
-476
-422
-306
-178
-69
44
216
457
729
983
1204
1416
1620
1786
1885
1936
1997
2113
2265
2403
2485
2505
2471
2388
2268
2144
2075
2089
2166
2252
2304
2313
2294
2258
2205
2143
2095
2083
2097
2099
2055
1964
1854
1752
1656
1551
1429
1305
1197
1107
1023
941
874
832
799
747
652
518
362
201
41
-115
-264
-408
-555
-717
-901
-1094
-1273
-1430
-1571
-1706
-1828
-1919
-1969
-1991
-2003
-2011
-2013
-2005
-1999
-2011
-2040
-2078
-2105
-2105
-2072
-2013
-1944
-1878
-1830
-1802
-1793
-1787
-1765
-1703
-1596
-1445
-1262
-1060
-868
-718
-623
-572
-538
-494
-419
-307
-161
-11
93
124
92
37
-10
-36
-43
-32
-6
19
14
-38
-123
-204
-249
-266
-282
-321
-377
-438
-496
-552
-596
-596
-541
-471
-452
-521
-645
-757
-820
-846
-855
-844
-795
-723
-677
-691
-743
-770
-730
-633
-507
-356
-164
69
302
492
630
749
885
1037
1181
1303
1416
1548
1703
1848
1941
1968
1958
1945
1954
1982
2032
2115
2226
2339
2420
2463
2483
2496
2499
2488
2468
2457
2455
2452
2422
2358
2264
2154
2045
1944
1846
1746
1646
1557
1483
1419
1349
1257
1134
986
829
672
514
337
132
-97
-333
-567
-787
-982
-1145
-1289
-1440
-1619
-1814
-1997
-2136
-2215
-2236
-2221
-2196
-2193
-2231
-2314
-2427
-2531
-2589
-2579
-2514
-2426
-2353
-2323
-2349
-2412
-2461
-2442
-2341
-2196
-2058
-1945
-1845
-1749
-1665
-1592
-1509
-1393
-1248
-1097
-965
-854
-756
-664
-573
-476
-370
-260
-156
-69
2
66
133
199
243
248
225
206
216
246
269
275
273
269
257
234
208
196
212
266
357
458
520
523
490
458
444
441
449
483
538
581
593
593
615
655
691
719
767
851
959
1074
1193
1312
1408
1459
1478
1499
1532
1557
1564
1575
1609
1650
1665
1647
1620
1605
1598
1589
1584
1601
1639
1673
1677
1649
1607
1573
1544
1493
1388
1234
1075
954
878
819
751
667
566
442
301
161
44
-33
-70
-77
-76
-107
-192
-324
-476
-619
-746
-854
-933
-989
-1043
-1126
-1243
-1376
-1499
-1599
-1670
-1711
-1731
-1737
-1738
-1731
-1720
-1712
-1709
-1703
-1686
-1657
-1622
-1580
-1525
-1453
-1373
-1300
-1242
-1189
-1130
-1054
-960
-860
-759
-657
-554
-463
-408
-391
-391
-374
-325
-250
-172
-107
-64
-49
-52
-54
-37
1
59
129
199
248
258
221
152
69
-11
-73
-117
-153
-196
-256
-334
-428
-539
-653
-749
-811
-848
-870
-876
-858
-840
-858
-928
-1012
-1059
-1052
-1018
-981
-938
-877
-810
-756
-713
-657
-561
-431
-281
-122
49
231
414
595
769
937
1091
1233
1361
1479
1588
1694
1809
1942
2082
2204
2293
2359
2425
2503
2587
2675
2773
2882
2985
3061
3101
3111
3098
3057
2986
2896
2803
2714
2625
2528
2413
2271
2108
1942
1785
1637
1487
1330
1180
1040
899
742
563
360
136
-98
-321
-519
-697
-874
-1049
-1203
-1342
-1496
-1687
-1890
-2055
-2165
-2242
-2308
-2363
-2404
-2445
-2502
-2568
-2630
-2679
-2715
-2726
-2695
-2638
-2590
-2566
-2554
-2528
-2481
-2417
-2331
-2211
-2061
-1905
-1762
-1643
-1546
-1465
-1395
-1327
-1252
-1160
-1040
-893
-757
-675
-648
-625
-560
-461
-368
-290
-207
-105
-7
63
101
122
124
112
102
113
133
140
134
136
144
127
78
39
53
106
141
134
123
146
191
218
209
199
223
277
324
340
334
331
345
369
397
431
477
531
585
645
722
816
903
963
1005
1045
1085
1121
1156
1202
1251
1276
1281
1304
1369
1443
1472
1455
1448
1482
1530
1554
1568
1609
1669
1709
1701
1668
1629
1581
1513
1447
1410
1402
1392
1355
1287
1199
1097
996
912
856
817
776
730
675
609
521
400
250
86
-66
-181
-256
-313
-383
-471
-570
-679
-808
-940
-1045
-1100
-1130
-1167
-1212
-1249
-1282
-1331
-1404
-1475
-1523
-1553
-1573
-1572
-1545
-1515
-1514
-1542
-1561
-1543
-1501
-1454
-1399
-1321
-1233
-1169
-1143
-1127
-1090
-1034
-978
-930
-880
-819
-755
-701
-669
-657
-656
-646
-610
-557
-502
-455
-407
-355
-316
-310
-337
-375
-396
-392
-370
-346
-337
-343
-356
-368
-381
-394
-400
-388
-359
-321
-286
-257
-230
-202
-176
-160
-150
-134
-101
-59
-19
22
73
133
185
221
256
306
371
433
497
579
684
785
851
886
923
979
1039
1085
1121
1161
1202
1240
1284
1342
1392
1405
1388
1382
1407
1445
1473
1497
1532
1561
1559
1531
1507
1497
1483
1448
1403
1367
1344
1320
1278
1215
1145
1076
1015
961
911
868
823
768
697
616
532
446
362
289
231
174
97
-2
-98
-177
-250
-348
-468
-579
-646
-677
-703
-747
-805
-868
-936
-1004
-1063
-1101
-1130
-1159
-1184
-1194
-1193
-1196
-1215
-1242
-1261
-1265
-1254
-1236
-1212
-1179
-1136
-1099
-1085
-1084
-1067
-1018
-965
-930
-907
-865
-805
-756
-730
-707
-674
-640
-621
-609
-577
-525
-475
-442
-419
-399
-387
-393
-401
-388
-356
-334
-334
-337
-320
-297
-291
-299
-298
-283
-268
-255
-227
-180
-139
-118
-107
-97
-85
-73
-49
-3
41
64
74
97
139
178
200
218
253
303
352
395
445
505
555
573
568
572
604
656
706
741
759
766
766
764
754
733
715
713
721
725
730
754
786
790
756
725
732
758
762
735
705
685
667
640
614
592
561
520
486
478
490
502
496
467
425
379
346
328
321
311
287
251
220
206
199
178
130
66
9
-31
-57
-82
-116
-155
-188
-216
-254
-301
-338
-357
-376
-421
-481
-513
-505
-489
-501
-544
-583
-597
-598
-609
-635
-655
-654
-644
-646
-658
-661
-647
-629
-620
-617
-606
-594
-587
-578
-567
-558
-557
-551
-528
-500
-475
-449
-409
-372
-364
-378
-387
-376
-358
-348
-342
-332
-318
-306
-304
-311
-325
-328
-309
-269
-231
-211
-202
-187
-163
-145
-141
-139
-121
-87
-57
-43
-31
-7
19
29
25
24
40
71
110
153
191
216
234
249
266
283
308
342
378
407
432
460
484
500
511
523
531
530
533
557
589
601
589
575
579
598
624
649
669
678
678
682
692
700
697
684
672
661
656
658
658
642
608
571
541
523
506
484
457
429
401
371
337
302
270
232
185
139
106
78
34
-27
-87
-131
-166
-209
-251
-290
-324
-365
-407
-443
-472
-498
-530
-565
-597
-614
-612
-606
-614
-632
-649
-653
-647
-638
-633
-631
-631
-624
-607
-584
-562
-534
-501
-474
-466
-467
-463
-452
-443
-437
-427
-412
-397
-376
-343
-306
-285
-282
-282
-271
-253
-234
-219
-212
-217
-229
-231
-221
-207
-201
-208
-225
-245
-257
-252
-229
-198
-172
-159
-153
-148
-141
-131
-116
-93
-65
-41
-25
-8
19
48
64
70
84
117
153
180
199
222
255
294
335
375
410
443
480
517
544
566
595
637
683
722
747
757
760
770
792
816
826
826
831
838
838
835
844
855
853
841
836
837
823
794
766
751
734
705
674
645
604
543
477
429
391
343
285
237
203
161
98
28
-24
-64
-117
-185
-243
-275
-303
-354
-426
-485
-525
-558
-595
-625
-645
-664
-690
-715
-742
-770
-788
-781
-757
-740
-747
-765
-779
-789
-789
-760
-706
-653
-626
-615
-595
-560
-523
-493
-465
-436
-409
-381
-353
-329
-321
-330
-338
-325
-285
-237
-208
-199
-188
-159
-132
-132
-152
-159
-151
-152
-181
-211
-207
-167
-129
-127
-158
-190
-203
-200
-204
-217
-225
-214
-195
-187
-199
-227
-252
-250
-211
-150
-101
-78
-68
-53
-34
-20
-8
13
46
79
101
116
136
175
228
280
318
347
379
420
466
513
557
582
578
572
602
669
726
744
738
746
774
801
816
820
812
787
756
739
745
759
758
729
685
647
629
622
609
572
517
452
392
347
320
298
264
205
127
51
-5
-29
-41
-72
-136
-212
-272
-302
-315
-336
-376
-430
-479
-501
-500
-503
-523
-541
-531
-497
-473
-479
-499
-508
-496
-477
-466
-458
-438
-401
-357
-327
-313
-297
-262
-213
-166
-132
-109
-87
-58
-28
-5
8
26
58
83
83
67
60
72
84
86
89
99
97
75
50
42
41
28
1
-20
-32
-50
-86
-129
-158
-168
-171
-187
-220
-253
-268
-265
-262
-277
-302
-322
-325
-323
-332
-355
-375
-379
-362
-328
-291
-268
-266
-272
-257
-209
-160
-146
-153
-140
-95
-52
-28
-9
30
77
110
128
150
180
219
269
328
375
393
396
412
447
473
478
482
503
531
550
555
558
561
557
543
533
529
526
508
478
453
441
435
416
379
332
283
237
192
147
107
76
55
32
-2
-43
-83
-120
-164
-215
-258
-286
-310
-339
-363
-368
-364
-376
-405
-428
-430
-418
-406
-393
-370
-342
-319
-302
-284
-265
-251
-241
-224
-193
-153
-112
-73
-31
19
66
96
109
118
133
158
187
215
236
248
254
260
266
263
249
231
218
209
199
183
157
119
77
42
12
-22
-62
-97
-123
-148
-183
-223
-255
-280
-307
-343
-383
-424
-460
-493
-518
-536
-547
-552
-547
-536
-530
-535
-549
-549
-528
-492
-454
-413
-368
-330
-311
-310
-302
-269
-218
-171
-134
-95
-43
16
71
123
180
233
268
280
285
315
375
433
460
460
466
492
526
550
564
578
578
559
538
544
574
590
562
505
456
436
427
404
366
331
307
289
259
216
172
131
92
51
13
-8
-24
-51
-96
-139
-166
-185
-213
-249
-275
-282
-286
-298
-311
-311
-306
-316
-335
-334
-300
-260
-241
-235
-211
-169
-134
-121
-107
-73
-31
-9
-11
-8
26
79
124
151
171
201
236
261
273
285
308
331
334
321
311
316
325
321
308
293
279
257
230
212
198
170
120
73
54
48
17
-44
-102
-131
-144
-170
-207
-230
-238
-263
-318
-379
-407
-397
-385
-395
-424
-454
-469
-469
-459
-444
-432
-422
-409
-396
-385
-373
-355
-330
-306
-284
-256
-212
-163
-121
-94
-67
-31
16
65
111
144
163
173
186
212
251
291
322
337
339
342
366
414
461
478
461
437
423
420
416
411
409
401
379
350
335
329
316
288
252
217
179
135
103
86
61
10
-49
-79
-76
-76
-107
-154
-183
-190
-196
-215
-234
-240
-246
-261
-278
-282
-276
-276
-284
-283
-259
-223
-194
-182
-170
-143
-95
-47
-18
-5
15
55
101
130
146
174
213
246
260
277
313
354
378
385
394
404
396
371
352
355
362
347
316
294
292
292
273
234
189
146
109
76
43
0
-59
-119
-158
-180
-206
-248
-297
-339
-375
-410
-437
-456
-475
-508
-545
-567
-569
-566
-562
-553
-540
-532
-530
-525
-512
-490
-467
-442
-416
-394
-372
-341
-300
-262
-235
-215
-185
-138
-79
-20
28
62
85
103
131
176
230
275
301
312
321
332
344
358
377
394
397
388
378
380
387
394
388
368
336
311
299
287
259
216
183
164
146
121
101
91
74
32
-26
-75
-108
-139
-177
-216
-248
-268
-281
-285
-287
-296
-315
-332
-330
-310
-296
-307
-331
-340
-325
-301
-285
-266
-238
-205
-182
-166
-146
-115
-78
-43
-13
17
50
84
110
128
153
199
252
279
276
275
306
350
375
375
374
382
389
387
388
392
378
332
281
264
279
287
252
196
167
171
167
128
76
44
24
-18
-84
-137
-149
-138
-143
-181
-237
-282
-295
-286
-288
-314
-344
-349
-333
-332
-365
-412
-432
-416
-382
-349
-322
-291
-258
-231
-218
-208
-187
-151
-116
-98
-97
-97
-82
-47
1
45
69
84
109
154
199
227
242
260
281
302
321
341
353
344
325
313
315
319
319
315
306
295
292
304
319
314
270
205
156
148
164
164
129
77
33
-1
-34
-66
-78
-71
-71
-98
-137
-162
-164
-154
-156
-187
-234
-264
-255
-225
-211
-222
-232
-228
-225
-234
-239
-218
-180
-140
-102
-61
-30
-23
-31
-27
7
59
96
104
101
107
120
129
145
191
252
284
270
245
250
285
317
326
318
302
280
263
256
251
235
209
189
183
181
166
126
75
38
29
37
36
17
-8
-28
-54
-98
-149
-190
-217
-239
-256
-265
-265
-263
-267
-277
-285
-284
-277
-272
-276
-284
-292
-298
-299
-285
-254
-228
-220
-223
-214
-195
-180
-166
-141
-104
-77
-67
-56
-31
3
32
48
50
45
42
55
80
104
119
128
136
147
163
177
177
162
145
145
157
159
141
114
96
91
94
96
98
104
112
109
85
52
27
15
-1
-19
-29
-27
-32
-51
-65
-68
-71
-81
-86
-78
-72
-83
-106
-119
-120
-119
-117
-106
-93
-93
-103
-107
-101
-88
-72
-54
-38
-40
-66
-98
-102
-68
-27
-16
-32
-36
-8
28
44
45
54
70
76
72
69
63
49
35
43
67
85
86
90
102
111
108
108
116
124
118
104
91
81
68
51
41
42
50
51
46
39
37
33
20
3
-4
3
11
7
-5
-20
-42
-61
-68
-69
-83
-106
-113
-97
-75
-63
-57
-49
-49
-66
-83
-78
-51
-30
-32
-52
-77
-90
-83
-53
-16
6
6
-1
3
23
41
41
27
20
30
43
45
41
45
57
74
96
119
127
112
95
89
83
64
45
56
82
78
39
11
30
73
89
72
58
65
73
58
31
17
25
28
6
-29
-43
-28
-11
-8
-11
-9
-14
-34
-54
-53
-41
-38
-40
-34
-21
-16
-28
-47
-55
-47
-28
-16
-19
-31
-36
-32
-34
-40
-32
-4
14
7
-1
15
39
46
41
50
73
87
75
55
56
84
115
119
94
69
75
99
115
114
119
134
136
119
113
131
143
123
82
58
59
60
50
38
40
55
63
48
15
-15
-35
-64
-109
-137
-117
-75
-70
-118
-168
-180
-170
-172
-192
-211
-219
-224
-238
-252
-257
-245
-231
-239
-270
-292
-280
-251
-243
-257
-265
-251
-232
-223
-212
-183
-145
-131
-147
-168
-157
-112
-79
-87
-116
-114
-69
-20
4
15
32
49
53
55
71
90
94
91
100
124
144
146
135
123
122
130
145
156
156
146
126
111
110
122
131
128
119
115
109
95
81
68
49
20
1
3
7
-9
-32
-33
-17
-15
-36
-53
-48
-29
-14
-13
-16
-20
-23
-36
-64
-88
-85
-54
-26
-18
-14
6
36
54
64
76
94
105
107
110
121
138
153
160
159
164
184
208
219
220
224
231
225
213
222
257
280
260
213
183
180
184
187
193
200
190
162
128
103
82
59
36
23
19
7
-25
-63
-84
-88
-91
-107
-131
-155
-178
-201
-215
-219
-223
-233
-239
-229
-222
-248
-300
-336
-331
-304
-290
-284
-265
-238
-234
-258
-275
-254
-214
-189
-190
-196
-189
-170
-147
-122
-94
-72
-60
-59
-57
-39
-7
30
56
68
79
95
113
123
125
129
140
158
177
199
218
228
225
223
236
261
273
262
243
233
228
214
194
188
198
202
192
183
188
192
174
138
113
108
112
108
92
73
54
27
-5
-23
-17
-5
-8
-33
-55
-56
-51
-62
-83
-94
-85
-66
-52
-52
-65
-79
-75
-59
-52
-58
-56
-33
-8
-3
-14
-21
-19
0
45
106
137
111
65
56
86
113
115
108
115
129
134
115
90
89
130
184
196
154
101
81
95
100
80
47
26
25
22
-15
-79
-124
-111
-75
-69
-98
-114
-111
-132
-193
-250
-265
-253
-246
-252
-266
-302
-351
-376
-359
-334
-337
-366
-388
-383
-364
-345
-340
-348
-354
-344
-327
-317
-319
-319
-311
-302
-287
-259
-225
-210
-219
-231
-221
-180
-120
-72
-60
-73
-75
-39
8
26
14
1
11
35
56
67
79
108
148
168
155
143
169
226
257
233
184
158
169
197
213
206
183
169
185
214
221
199
174
177
194
202
197
195
199
202
190
163
133
117
120
132
133
116
91
87
118
160
163
115
69
78
130
160
141
111
109
126
130
117
105
101
106
122
143
150
135
115
108
110
108
110
127
156
178
182
168
145
120
107
109
111
104
94
98
110
115
108
97
90
82
70
54
34
12
-11
-17
-6
7
-5
-40
-72
-81
-70
-58
-50
-49
-58
-84
-116
-137
-146
-154
-165
-172
-173
-172
-173
-177
-182
-184
-182
-179
-179
-179
-172
-162
-156
-158
-160
-154
-142
-133
-138
-153
-162
-152
-135
-131
-134
-124
-99
-84
-95
-104
-90
-67
-62
-68
-65
-58
-61
-62
-45
-21
-16
-29
-37
-37
-46
-63
-68
-57
-48
-48
-43
-25
-11
-11
-22
-34
-38
-31
-14
-5
-17
-38
-43
-31
-22
-25
-25
-14
5
22
31
28
17
14
26
48
59
58
50
41
36
38
50
63
67
69
81
101
116
121
123
134
150
156
152
142
134
125
117
114
126
143
145
123
99
95
109
119
113
107
117
129
125
108
93
85
71
45
14
-6
-7
7
21
18
-5
-27
-31
-27
-36
-54
-56
-44
-47
-79
-113
-119
-106
-102
-112
-120
-121
-124
-121
-104
-85
-89
-119
-148
-159
-153
-139
-122
-110
-110
-116
-111
-92
-76
-73
-76
-76
-71
-68
-62
-45
-21
-5
-10
-29
-40
-33
-23
-25
-33
-35
-28
-23
-18
-6
13
22
10
-12
-19
6
41
48
16
-19
-18
5
5
-22
-33
-16
-10
-40
-63
-42
-2
9
-6
-10
-2
-3
-15
-17
-2
7
-1
-16
-25
-25
-16
-4
1
-2
2
16
28
31
39
54
62
49
32
34
49
60
54
42
36
47
66
75
73
79
100
115
110
112
132
140
105
62
61
97
115
96
73
66
59
51
54
68
68
51
38
38
45
61
85
88
48
-3
-11
20
36
20
-1
-8
-17
-33
-29
1
21
4
-32
-57
-58
-47
-39
-40
-48
-51
-45
-38
-28
-9
12
4
-35
-59
-35
7
9
-37
-79
-75
-38
-4
2
-9
-15
-5
9
9
-5
-11
-3
5
0
-6
-4
0
-2
0
12
26
30
24
15
5
-10
-23
-29
-26
-19
-11
-5
2
18
44
62
56
34
23
22
9
-17
-29
-9
17
20
1
-9
0
13
21
32
45
47
34
19
17
27
31
17
-3
-12
-3
10
13
3
-8
-15
-11
7
38
61
56
27
4
5
15
11
-2
-3
11
26
33
35
38
38
32
31
40
50
50
32
7
-13
-15
-2
11
10
-1
-6
5
18
17
2
-11
0
23
34
21
4
5
15
11
-4
-10
2
12
7
-6
-19
-30
-34
-21
-1
-1
-24
-45
-39
-20
-12
-17
-24
-28
-28
-28
-32
-48
-63
-54
-28
-19
-38
-55
-47
-33
-39
-53
-41
-12
-1
-23
-58
-84
-98
-110
-114
-109
-96
-84
-78
-76
-70
-58
-55
-67
-79
-75
-59
-51
-61
-62
-42
-19
-19
-39
-57
-53
-35
-17
-6
-6
-15
-27
-35
-28
-4
18
13
-19
-42
-30
-1
9
3
8
29
39
26
8
5
4
-15
-42
-53
-38
-16
-11
-25
-34
-17
9
10
-23
-50
-36
5
29
21
2
-12
-23
-23
-2
20
13
-15
-21
6
27
19
7
24
53
56
34
27
48
70
66
43
28
40
73
107
115
92
56
45
71
111
125
103
75
72
84
75
34
-2
-2
28
54
61
58
48
26
-2
-24
-33
-28
-10
7
-7
-57
-104
-107
-74
-46
-42
-52
-65
-84
-103
-100
-78
-64
-77
-102
-110
-97
-87
-97
-119
-129
-114
-87
-71
-68
-64
-61
-63
-62
-38
-3
7
-19
-28
10
58
61
31
21
43
49
24
10
39
81
96
81
61
47
42
50
74
102
106
86
66
66
74
69
58
59
75
78
58
37
41
57
61
50
44
43
31
21
35
57
51
14
-1
25
50
33
