67
77
64
51
60
82
89
70
36
6
-3
6
23
31
24
9
2
2
5
6
9
13
15
18
29
43
49
46
37
28
19
15
27
46
54
42
24
17
19
17
8
-2
-9
-16
-21
-16
1
25
40
41
34
29
27
26
25
26
32
40
50
60
69
66
43
14
-2
3
19
28
21
4
-9
-1
28
46
41
25
32
60
79
66
38
14
-3
-22
-39
-44
-44
-47
-50
-39
-23
-22
-36
-40
-24
-7
-19
-52
-73
-59
-32
-26
-41
-48
-26
4
7
-19
-46
-48
-33
-18
-4
9
16
5
-11
-18
-18
-24
-34
-32
-17
-3
1
5
13
21
31
46
65
73
70
63
52
38
29
37
60
73
67
54
45
38
34
44
60
59
33
9
11
30
41
49
64
75
65
44
35
41
42
35
36
43
41
29
19
13
0
-20
-23
-6
9
-3
-25
-29
-17
-8
-10
-13
-9
-6
-15
-31
-33
-17
3
3
-16
-34
-36
-26
-18
-15
-9
-3
-6
-19
-26
-20
-12
-10
-14
-15
-15
-19
-32
-48
-57
-58
-57
-60
-57
-38
-12
1
-9
-24
-30
-28
-28
-27
-12
11
26
24
18
15
6
-7
-15
-4
21
38
39
27
18
22
29
30
21
10
5
0
-10
-20
-21
-17
-20
-32
-39
-35
-27
-26
-29
-28
-19
-5
2
-1
-8
-11
-8
-7
-13
-24
-38
-55
-71
-76
-67
-57
-60
-74
-81
-75
-69
-71
-71
-61
-45
-35
-33
-39
-48
-52
-40
-19
-9
-15
-24
-23
-15
-12
-10
-10
-14
-20
-16
-6
-9
-31
-43
-21
8
13
5
12
31
32
13
4
15
24
22
23
32
33
21
16
24
25
12
4
9
7
-7
-7
22
52
54
44
55
79
80
56
30
18
11
5
8
20
28
28
24
15
-2
-17
-16
-1
9
6
2
1
1
-2
2
19
38
51
59
71
84
89
86
87
96
105
102
87
78
83
97
106
104
92
71
44
20
10
9
3
-8
-4
19
38
25
-3
-8
18
46
45
18
-10
-24
-27
-30
-34
-34
-30
-30
-45
-63
-67
-58
-57
-81
-105
-103
-82
-72
-78
-73
-46
-23
-26
-41
-45
-37
-31
-32
-33
-39
-54
-72
-76
-65
-57
-61
-68
-64
-52
-44
-42
-41
-33
-17
2
15
10
-8
-19
-11
7
17
19
20
29
28
7
-23
-36
-28
-19
-19
-16
3
27
37
31
30
35
34
20
10
18
33
32
14
1
11
31
41
34
27
31
45
54
50
39
28
23
25
31
37
41
39
36
37
36
35
32
35
44
59
71
79
82
78
63
38
11
-11
-23
-27
-26
-24
-27
-32
-28
-10
10
12
-1
-17
-24
-28
-34
-35
-20
4
15
8
-5
-13
-16
-20
-25
-18
-7
-2
-10
-12
-2
7
-3
-22
-26
-12
3
11
15
14
8
6
19
33
22
-8
-30
-34
-35
-35
-25
-9
-10
-32
-45
-33
-19
-27
-44
-50
-46
-43
-41
-31
-23
-34
-61
-82
-87
-75
-59
-58
-74
-90
-82
-49
-30
-43
-64
-64
-41
-26
-26
-34
-41
-43
-43
-41
-41
-44
-42
-28
-14
-12
-21
-29
-35
-43
-53
-54
-44
-35
-31
-23
-5
11
11
-3
-7
4
11
0
-10
-1
19
29
31
39
52
48
27
15
22
32
28
16
13
18
20
6
-11
-23
-25
-24
-29
-33
-24
-6
0
-10
-15
-2
16
19
15
20
29
21
0
-9
1
17
26
35
38
32
21
22
41
63
74
68
54
43
41
45
44
40
38
37
32
21
16
20
22
17
9
10
15
17
11
1
-7
-4
12
28
25
3
-18
-30
-35
-34
-25
-15
-15
-23
-25
-17
-9
-11
-19
-26
-27
-26
-26
-27
-24
-13
5
17
18
17
32
56
76
79
70
57
49
53
62
63
45
20
6
15
40
61
60
42
29
36
48
48
41
44
53
47
24
1
-9
-5
9
29
43
42
34
30
30
24
23
33
39
25
3
0
8
4
-18
-41
-49
-43
-26
-6
-2
-30
-66
-70
-42
-19
-24
-40
-41
-24
-1
12
6
-9
-18
-11
4
12
9
-1
-18
-35
-38
-26
-16
-25
-46
-54
-39
-17
-3
5
12
8
-14
-46
-60
-44
-23
-23
-30
-8
39
65
43
13
15
40
49
32
12
-3
-16
-18
9
53
78
63
25
3
14
38
43
24
10
25
45
41
24
37
81
100
68
28
31
62
79
72
70
75
65
35
11
15
35
44
34
18
14
26
41
40
23
1
-21
-38
-44
-33
-18
-21
-41
-53
-42
-23
-20
-37
-59
-71
-66
-53
-43
-43
-47
-49
-50
-49
-47
-43
-39
-33
-27
-25
-31
-45
-54
-58
-67
-84
-96
-99
-90
-77
-69
-74
-91
-102
-96
-85
-87
-91
-80
-67
-70
-75
-50
-6
13
-8
-32
-29
-14
-12
-18
-22
-27
-36
-41
-33
-28
-35
-46
-48
-47
-46
-45
-36
-23
-19
-28
-42
-48
-33
-6
7
-6
-28
-31
-18
-6
-5
-9
-7
3
19
37
41
30
17
20
40
55
49
32
22
27
40
52
67
80
80
63
48
59
89
103
91
77
88
105
103
87
86
96
92
68
49
54
73
84
82
68
53
45
45
44
30
10
0
10
33
50
43
17
-7
-14
-8
-8
-17
-20
-14
-14
-25
-31
-29
-29
-37
-36
-21
-7
-9
-11
-3
0
-15
-35
-38
-23
-11
-12
-15
-17
-16
-17
-18
-21
-27
-34
-40
-40
-31
-18
-11
-12
-12
-6
-2
-16
-40
-51
-43
-30
-22
-11
3
11
5
-5
-6
-1
-5
-18
-30
-28
-14
0
2
-3
-4
3
12
10
-2
-12
-11
0
5
-3
-21
-33
-30
-18
-5
1
-2
-16
-27
-26
-14
-8
-13
-15
-5
8
11
5
2
5
12
11
1
-14
-17
-2
18
14
0
5
33
54
53
47
50
46
26
13
23
29
7
-17
-6
22
23
-2
-14
4
20
17
8
13
20
11
-4
-6
7
25
40
45
31
6
-8
0
18
19
3
-17
-26
-21
-5
13
21
11
-7
-12
1
18
24
18
7
-5
-18
-32
-41
-42
-35
-20
-4
9
16
18
14
-4
-26
-37
-30
-15
-6
2
17
28
20
3
3
24
37
25
6
4
15
16
10
13
34
48
46
33
26
24
22
22
31
48
61
56
38
20
11
13
21
26
21
9
3
14
32
40
31
15
-4
-31
-58
-69
-58
-42
-36
-33
-26
-25
-46
-79
-93
-81
-60
-45
-34
-28
-39
-61
-71
-54
-29
-18
-15
-6
4
0
-16
-25
-17
-7
-10
-18
-17
-12
-13
-15
-8
4
7
-1
-9
-18
-36
-59
-65
-49
-28
-19
-16
-7
4
8
9
12
23
33
38
32
12
-13
-27
-19
-4
-4
-14
-12
10
28
27
16
13
12
5
-3
-6
-7
-11
-6
18
45
53
50
60
78
71
35
18
46
89
90
50
13
4
10
16
24
34
34
23
20
36
50
40
15
4
13
21
13
-3
-9
-6
-2
1
5
9
12
16
21
22
9
-11
-23
-26
-27
-33
-39
-42
-43
-43
-40
-37
-40
-45
-44
-38
-37
-45
-56
-62
-57
-42
-21
-5
-2
-10
-19
-21
-21
-28
-39
-44
-35
-23
-21
-27
-21
0
16
11
1
7
21
16
-9
-25
-22
-16
-21
-25
-28
-33
-39
-28
4
28
21
-6
-26
-38
-45
-51
-58
-67
-70
-59
-41
-41
-63
-77
-58
-21
6
11
5
-4
-14
-13
-2
12
16
19
22
23
9
-9
-12
-3
3
-6
-12
2
25
36
28
20
25
38
43
41
40
41
35
26
25
30
23
5
-2
14
35
44
45
52
59
52
35
27
32
43
56
72
76
56
27
18
37
62
71
65
56
48
35
22
23
41
62
65
47
26
19
25
37
47
50
48
43
35
28
23
23
23
14
-5
-21
-22
-18
-21
-30
-35
-40
-49
-55
-45
-29
-26
-32
-25
-8
-3
-14
-24
-31
-47
-67
-65
-39
-24
-40
-62
-61
-44
-33
-20
6
25
19
-3
-20
-30
-48
-60
-48
-21
-8
-13
-16
-12
-12
-15
-5
18
26
9
-9
-10
3
17
35
53
51
22
-11
-19
-8
-2
-3
4
22
33
24
7
-6
-12
-12
-6
-1
-3
-4
3
12
5
-10
-4
28
50
36
-2
-28
-22
6
33
41
32
22
22
30
30
20
12
10
14
15
15
9
-8
-26
-27
-9
11
16
12
8
1
-9
-9
7
29
40
35
22
6
-9
-16
-10
9
25
27
15
5
10
30
45
37
5
-25
-25
5
34
29
1
-21
-23
-24
-29
-26
-10
0
-7
-13
-2
5
-11
-32
-28
-7
0
-8
-7
10
13
-9
-29
-28
-18
-12
-9
-3
1
-9
-23
-26
-18
-6
-3
-13
-27
-31
-23
-15
-22
-38
-48
-44
-32
-20
-19
-21
-18
-12
-19
-33
-28
-3
10
-10
-27
-9
19
8
-24
-22
20
47
33
11
4
-2
-13
-9
16
37
42
45
45
26
-1
-1
27
42
27
7
-6
-28
-57
-56
-20
10
2
-22
-30
-31
-44
-60
-60
-43
-19
-1
3
-13
-40
-62
-61
-44
-23
-16
-28
-50
-62
-54
-34
-16
-12
-22
-37
-48
-46
-37
-25
-3
29
49
40
15
1
-2
-13
-24
-15
7
11
-5
-11
2
16
21
32
42
29
-6
-28
-19
4
23
41
56
59
47
32
24
22
31
48
58
54
51
65
77
73
64
64
66
59
52
59
70
73
75
86
96
84
60
42
35
35
41
46
38
19
10
15
9
-11
-19
-7
-3
-24
-40
-19
18
40
41
35
21
-7
-28
-25
-12
-11
-19
-22
-25
-41
-53
-41
-12
2
-8
-24
-31
-30
-31
-38
-47
-52
-49
-47
-56
-66
-67
-59
-45
-16
31
72
69
25
-23
-46
-42
-26
-8
-3
-14
-30
-30
-16
-1
11
15
7
-5
-3
9
10
-8
-27
-25
-13
-10
-18
-34
-52
-54
-37
-22
-21
-21
-7
-6
-37
-67
-54
-19
-15
-41
-59
-53
-40
-24
3
26
36
46
59
39
-12
-34
3
45
31
-7
-8
12
-3
-41
-50
-18
17
29
17
-16
-57
-70
-37
23
70
83
63
23
-5
-2
20
32
29
26
21
17
22
38
43
35
37
50
40
5
-7
19
40
37
40
59
53
14
-5
22
54
56
53
66
71
65
72
88
70
21
0
31
61
45
6
0
32
65
56
15
-7
18
39
3
-48
-32
22
18
-31
-23
41
43
-39
-80
-27
26
14
3
31
35
-7
-24
1
-10
-58
-42
37
51
-34
-86
-36
6
-33
-77
-52
-26
-57
-80
-35
18
1
-51
-66
-41
-19
-18
-26
-45
-69
-79
-65
-36
-23
-54
-101
-88
0
54
-6
-89
-59
29
20
-67
-73
16
32
-68
-125
-55
12
-24
-80
-61
-26
-60
-121
-126
-83
-42
-1
43
57
7
-77
-125
-97
-25
18
16
32
92
106
6
-91
-32
106
113
-7
-48
43
91
14
-44
-3
26
-17
-21
63
108
36
-39
-13
55
78
73
72
55
19
2
6
7
29
76
81
18
-21
23
55
1
-38
27
93
49
-22
-1
49
20
-25
12
72
59
27
49
66
21
-4
58
112
51
-47
-53
26
102
137
131
74
0
-32
-18
1
27
72
69
-20
-96
-46
62
84
22
-21
-28
-32
-13
29
20
-45
-49
31
44
-58
-94
30
127
38
-90
-69
24
20
-39
-25
36
45
13
-7
-31
-69
-69
-18
16
21
44
48
-49
-175
-169
-41
48
53
50
26
-78
-163
-91
37
18
-84
-39
123
131
-73
-228
-179
-73
-60
-63
19
101
47
-112
-220
-190
-74
27
67
50
-12
-107
-155
-76
63
76
-55
-115
6
109
11
-118
-40
127
105
-71
-127
-22
15
-69
-67
97
202
74
-163
-268
-166
34
183
202
112
-6
-95
-134
-100
3
98
116
101
106
66
-72
-183
-126
23
107
148
213
183
-48
-273
-202
83
245
186
91
49
-25
-118
-108
-5
80
135
189
149
-31
-167
-91
60
69
6
59
154
89
-72
-84
76
182
115
-16
-88
-92
-59
10
108
211
256
152
-103
-320
-287
-38
193
263
210
105
-24
-122
-149
-149
-141
-35
192
336
213
-67
-250
-252
-161
-19
159
268
201
4
-177
-251
-190
-30
106
109
47
64
104
-4
-214
-275
-120
54
125
149
131
-19
-233
-282
-103
99
156
101
10
-93
-156
-123
-44
1
37
90
78
-45
-154
-123
-17
37
32
-6
-102
-197
-131
94
252
195
17
-164
-333
-401
-210
171
427
385
175
-54
-285
-457
-423
-163
162
413
515
354
-81
-505
-585
-317
37
313
466
395
63
-300
-414
-277
-83
88
244
318
237
53
-156
-350
-400
-146
286
513
353
25
-220
-329
-275
-11
280
293
44
-122
-41
93
112
58
-32
-167
-201
20
315
343
98
-111
-149
-136
-107
33
215
235
79
-52
-37
52
94
16
-150
-234
-71
246
416
308
64
-166
-325
-318
-88
179
252
208
236
228
-19
-336
-364
-123
62
122
246
375
233
-159
-422
-328
-25
230
308
211
33
-102
-195
-295
-277
26
432
516
201
-154
-315
-389
-400
-172
235
462
376
201
40
-225
-514
-531
-234
115
366
518
434
-3
-494
-613
-370
-57
256
542
475
-106
-661
-553
5
287
140
16
107
132
-45
-231
-308
-326
-232
62
405
522
328
-80
-526
-724
-437
132
451
315
59
-21
-10
-32
-50
-89
-262
-422
-258
184
489
439
206
-43
-297
-478
-448
-222
97
448
648
401
-207
-603
-459
-123
48
235
537
483
-207
-856
-627
259
840
662
94
-398
-658
-619
-215
425
932
924
265
-682
-1169
-766
115
730
855
706
296
-432
-1019
-852
-77
556
737
743
600
-29
-959
-1310
-570
663
1344
1051
178
-636
-1017
-882
-228
798
1555
1152
-411
-1726
-1424
70
1114
1044
652
456
-79
-1132
-1649
-773
771
1578
1261
474
-243
-835
-1216
-1073
-267
829
1486
1199
223
-639
-923
-863
-691
-177
704
1271
961
163
-440
-827
-1167
-1006
99
1427
1671
599
-677
-1150
-894
-484
-78
510
1097
1022
6
-1102
-1111
-129
463
72
-171
543
1024
-19
-1443
-1157
461
1055
73
-521
256
809
-97
-1155
-790
264
440
-40
78
680
562
-359
-868
-456
3
-156
-362
97
839
929
200
-579
-737
-392
-95
-108
-214
-74
353
749
724
225
-420
-843
-918
-617
67
817
1000
434
-208
-297
-174
-408
-597
-39
752
565
-458
-802
80
892
524
-360
-562
-78
265
139
-148
-313
-290
-60
335
737
843
258
-943
-1629
-643
1204
1604
26
-1215
-432
826
532
-451
-249
510
54
-965
-537
903
1099
-77
-602
-26
76
-577
-434
716
1096
122
-564
-79
229
-644
-1446
-607
1363
2532
1748
-387
-2204
-2380
-1094
382
1259
1694
1619
571
-904
-1357
-694
-460
-1044
-730
1227
2783
1970
-321
-2055
-2557
-1774
625
3429
3478
-277
-4136
-3830
20
3193
3355
1570
-616
-2565
-3299
-1730
1286
3123
2338
141
-1407
-1524
-744
103
442
170
-218
-52
651
1028
333
-1015
-1699
-916
687
1706
1412
186
-1154
-1877
-1408
213
1860
2120
796
-963
-2002
-1892
-584
1426
2605
1518
-1063
-2479
-1332
782
1467
466
-581
-572
65
510
550
224
-573
-1501
-1411
375
2489
2519
84
-2319
-2434
-903
434
1300
2069
1658
-735
-2842
-1762
1193
1878
-272
-1384
419
2026
693
-1575
-1731
-437
40
52
1218
2587
1659
-1454
-3709
-2937
-1
2699
3406
1878
-678
-2458
-2450
-1039
703
1777
1580
389
-617
-678
-446
-680
-710
360
1629
1400
-179
-1331
-1249
-664
-35
905
1744
1361
-311
-1848
-1961
-686
1012
1975
1486
-25
-1222
-1360
-895
-265
714
1652
1345
-225
-1233
-643
90
-519
-1347
-479
1545
2460
1551
111
-1011
-2168
-3093
-2321
660
3905
4747
2554
-951
-3706
-4703
-3558
-228
3900
5797
3500
-1127
-4019
-3428
-1245
267
993
1598
1769
1098
114
-722
-1670
-2371
-1500
1037
3067
2642
385
-1711
-2531
-1935
-100
1962
2507
947
-1181
-2012
-1213
338
1567
1520
34
-1470
-1302
109
706
-41
-407
603
1553
895
-732
-1702
-1617
-1043
-51
1562
2969
2531
-189
-3191
-3669
-1163
1690
2293
1127
320
180
-542
-1512
-1005
614
921
-341
-544
1054
1557
-569
-2429
-1290
1051
1601
898
891
694
-1433
-3681
-2583
1372
3935
2888
366
-1038
-1501
-2197
-2492
-822
2310
3967
2169
-1236
-2593
-1197
88
-446
-737
1025
2658
1389
-1293
-1998
-863
-417
-494
945
2827
1936
-1231
-2615
-1068
205
-461
-685
1117
2711
1870
-312
-1758
-2167
-1888
-636
1256
2387
2077
923
-578
-2100
-2474
-909
1127
1593
897
736
779
-510
-2336
-2175
180
2183
2243
1137
-285
-2015
-3218
-2232
966
3982
4315
1571
-2429
-4892
-4005
-587
2643
3808
3017
971
-1640
-3289
-2563
-482
581
579
1464
2898
2039
-1369
-3650
-2546
-192
1052
1807
2589
1562
-1685
-3688
-1749
1762
2850
1194
-832
-1991
-2131
-593
2211
3464
1165
-2532
-3739
-1535
1717
3496
2712
-369
-3746
-4328
-1044
3300
4796
2535
-1083
-3321
-3229
-1493
590
2012
2411
1770
223
-1434
-1887
-917
-54
-391
-694
617
2506
2516
423
-1571
-2127
-1935
-1520
-272
1686
2801
2193
789
-393
-1542
-2712
-2798
-1087
1281
2691
2967
2621
1173
-1894
-4843
-4608
-720
3445
4446
2532
315
-939
-1807
-2310
-1496
433
1678
1237
177
-154
181
410
255
-189
-736
-879
-276
409
266
-280
-25
937
1272
572
-221
-636
-1150
-1627
-1086
530
1938
2203
1484
92
-1654
-2665
-1843
235
1777
1899
1074
-84
-1076
-1152
-198
565
164
-602
-497
268
797
907
519
-702
-1858
-1099
1159
1867
-42
-1616
-672
717
298
-353
555
1007
-900
-2308
35
3370
2481
-2038
-4589
-2653
1084
3859
4973
3305
-1942
-7476
-7691
-1504
5930
9002
6283
-348
-7444
-10388
-6022
3225
10080
9056
1532
-6060
-8141
-4250
1295
3819
2711
961
536
320
-808
-1665
-1297
-1115
-1955
-1434
2396
6411
5362
-960
-6917
-7616
-3447
2142
6254
7012
3483
-2605
-6740
-5566
-571
3608
4062
1562
-1518
-3178
-2055
1650
4737
3133
-2724
-6757
-4088
2458
5712
3175
-823
-1966
-1035
-746
-961
104
1843
1619
-1059
-3066
-1300
3198
5738
2881
-3497
-7646
-5646
870
6675
7610
3282
-3133
-6869
-5081
207
3851
3260
749
-549
-581
-542
-68
1006
579
-2403
-4433
-1380
4806
7474
3555
-3006
-6631
-5731
-2071
2354
5783
6093
2345
-3167
-6063
-3939
1010
4062
2792
-709
-2633
-1549
1024
2897
2682
64
-3440
-4674
-1954
2365
4382
3174
802
-1343
-3299
-4107
-2028
2138
4740
3461
-86
-2682
-2821
-1183
644
1366
884
255
204
284
58
-105
-255
-1158
-2202
-1147
2264
4613
2941
-1238
-4232
-4518
-2621
971
4835
5685
1882
-3350
-5251
-3068
257
2447
3102
1928
-860
-3025
-2213
695
2410
1334
-980
-2153
-1236
960
2515
1813
-711
-2736
-2519
-439
2015
3395
2440
-897
-4069
-3790
-84
3353
3593
1362
-1062
-2532
-2665
-1109
1335
2579
1602
-279
-1379
-1469
-917
324
1798
2060
429
-1640
-2095
-719
820
1067
287
-115
573
1432
1058
-548
-1910
-1920
-896
329
1359
1933
1664
567
-785
-1812
-2025
-919
1128
2274
1097
-1137
-1751
-185
1489
1559
372
-985
-1809
-1437
276
1831
1351
-663
-1626
-348
1547
2120
1228
-423
-2443
-3918
-3052
723
4923
5867
2607
-1859
-3840
-2880
-1525
-1416
-1228
696
3374
4528
3620
1437
-2027
-6375
-8394
-4569
3525
9555
9063
3298
-3710
-8658
-9021
-3652
4485
9117
6804
694
-3654
-4457
-3770
-2971
-1040
2586
5654
5122
1039
-3113
-4477
-3758
-2794
-949
3063
6771
5588
-507
-5902
-6255
-2845
1072
3999
4720
1815
-2772
-4121
-1124
1420
366
-971
764
2751
1060
-2305
-2850
-886
52
-326
518
2651
3450
1759
-1257
-4190
-5452
-3134
2135
5981
4939
739
-2461
-3130
-2301
-725
1116
1851
675
-1163
-1875
-891
1467
3948
3804
-584
-5916
-6460
-1367
4089
5567
3905
1247
-2212
-5396
-4999
-306
4226
4425
1554
-740
-1517
-1668
-1003
417
576
-1357
-2288
689
4990
5199
405
-4648
-5737
-3335
-127
2616
4674
4976
2387
-2005
-5049
-4571
-1565
1128
1971
1869
2172
2488
1375
-1208
-3303
-3213
-1397
553
1908
2710
2442
621
-1459
-1653
-141
495
-722
-1474
-46
1657
1380
391
837
1344
-613
-3380
-2876
720
2883
1698
208
719
1265
-342
-2695
-3226
-1663
754
3052
4101
2753
-282
-2642
-3119
-2435
-1197
587
2042
2101
1449
1251
601
-1650
-3493
-2087
1096
1857
-121
-893
1040
2439
988
-1179
-1504
-808
-913
-1368
-725
945
2457
2904
1737
-989
-3734
-4266
-1964
1534
3944
3879
1509
-1293
-2406
-1931
-1808
-2205
-695
3343
6156
4106
-1281
-5448
-6181
-4135
-24
5129
8073
5586
-1029
-6455
-6884
-3253
1019
3582
3983
2630
189
-2200
-3008
-1555
748
1507
335
-552
276
1156
153
-1629
-1909
-781
326
1584
3315
3245
-629
-5331
-5617
-1267
2721
3406
2734
2396
840
-2559
-4650
-2809
872
2569
1792
788
530
15
-1120
-1688
-826
659
1268
522
-582
-727
201
993
663
-319
-749
-236
508
607
-174
-1234
-1394
95
2333
3144
1313
-1846
-3708
-2933
-398
2088
3315
2887
801
-2241
-4277
-3165
797
4186
3814
456
-2263
-2413
-1273
-384
430
1356
1349
88
-812
-199
647
118
-1107
-1286
-257
873
1532
1511
172
-2209
-3280
-1102
2559
3735
1288
-1600
-1746
-49
289
-1379
-2210
-164
2737
3062
721
-1234
-1215
-807
-1278
-1233
563
2396
1970
-76
-1441
-1616
-1540
-961
948
2905
2462
-173
-1985
-1449
-528
-1200
-2058
-388
3320
5144
2481
-2475
-5204
-4006
-1074
1257
2911
3938
2764
-1071
-4424
-3884
-488
1928
2148
1870
1374
-831
-3715
-3541
518
4241
3842
545
-2234
-3399
-3490
-2035
1411
4853
5200
1809
-2828
-5513
-4533
-440
4047
5502
2586
-2422
-5421
-3981
709
4839
5049
1283
-3192
-4887
-3045
520
3510
4281
2100
-1986
-4873
-3764
717
4755
5007
1519
-2900
-5278
-4344
-804
3276
5439
4104
-46
-3906
-4320
-1392
1473
1693
466
297
1062
849
-333
-743
-427
-1171
-2516
-1488
2365
5021
3239
-983
-3570
-3509
-2105
426
3883
5245
1517
-4599
-6286
-1243
4822
5408
1018
-2926
-3537
-2245
-444
2267
4907
4187
-899
-6022
-5918
-755
4324
5361
2921
-376
-2867
-3711
-2281
627
2472
1751
218
445
1728
827
-2809
-5109
-2477
2910
5527
3465
-42
-2018
-3050
-3872
-2537
1832
5364
3778
-1090
-3500
-1815
323
630
792
1550
611
-2232
-2945
330
3129
1237
-2262
-1696
2078
3177
99
-2496
-1754
-458
-1085
-1232
1702
5045
4231
-369
-4030
-4279
-3124
-2406
-654
3548
7588
7077
1408
-5237
-8451
-7197
-2781
3156
8150
8668
3276
-4313
-7980
-5550
-582
2552
3228
3100
2380
148
-2646
-3407
-1573
315
374
181
1896
4022
2874
-1797
-5510
-4557
-574
2211
2492
2144
2055
883
-1677
-3339
-2320
-7
1137
895
809
1355
1452
417
-1187
-2504
-2896
-1696
1045
3504
3325
548
-1931
-1649
474
1415
-167
-2386
-2432
195
3146
3750
1685
-1129
-2872
-3191
-2251
126
3285
4834
2753
-1691
-4735
-4025
-588
2951
4527
3068
-981
-4781
-4764
-674
3519
4095
1656
-733
-1813
-2349
-2330
-834
1451
2356
1451
784
1415
1422
-1017
-4227
-4803
-1922
2015
4550
4961
3160
-721
-4782
-5635
-2077
2657
4191
1970
-778
-1518
-761
83
779
1235
476
-1641
-2996
-1470
1811
3286
1228
-2067
-2878
-248
2928
2981
-489
-3949
-3674
173
3908
4351
1486
-2465
-4935
-4051
61
4307
4861
1433
-2257
-3036
-1495
233
1446
1976
757
-2070
-3401
-699
3594
4257
-59
-4990
-5622
-1488
3887
6497
4474
-943
-5952
-6749
-2710
2972
5998
4389
-217
-4083
-4472
-1776
1399
3040
2906
1357
-1258
-3609
-3629
-989
2045
3329
3105
2346
541
-2804
-5614
-4761
-121
4815
6589
4524
-32
-5126
-8115
-6283
348
7397
9384
5185
-1031
-4826
-5829
-5792
-4294
408
6617
9078
5176
-1527
-5873
-6634
-5262
-1994
3135
7198
6562
1892
-2548
-4418
-4751
-4075
-1114
3569
6258
4457
235
-2635
-3068
-2509
-1854
-542
1693
3634
3614
1454
-1004
-1930
-1799
-2301
-2852
-675
4242
7008
3577
-3172
-6580
-4451
-535
1707
2675
3354
2549
-474
-3337
-3106
-136
2550
2836
985
-1615
-3538
-3417
-636
3400
5580
3806
-539
-3755
-3753
-1885
-259
1201
3360
4800
3033
-1337
-4539
-4326
-2149
79
2437
4705
4545
584
-4405
-6073
-3441
674
3448
4258
3467
1066
-2654
-5912
-5961
-1589
4677
7830
5024
-1330
-6039
-6103
-2407
2240
4998
4099
431
-2509
-2242
-176
931
856
722
-127
-2307
-2952
1023
6532
6439
-829
-8322
-8940
-2967
4294
8467
7644
1970
-5138
-8047
-4508
1213
3294
1156
-979
-193
1987
2385
163
-2620
-3521
-2083
204
1813
2329
1855
513
-934
-1260
-435
134
-188
-315
310
405
-692
-1239
264
2352
2664
1290
-193
-1560
-3299
-4251
-2576
1367
5018
6087
3793
-1112
-5952
-7138
-3625
1504
4303
3787
1538
-697
-1618
-618
818
-130
-3522
-5229
-1828
4545
8341
6435
270
-6227
-9055
-6107
992
7464
9102
5225
-1684
-7514
-8130
-2548
4684
7165
3707
-880
-2562
-2212
-2018
-1760
-670
446
1215
2676
4151
2486
-2924
-7431
-6453
-1127
4039
6601
6370
2848
-3441
-8409
-7377
-907
5167
6170
3061
-70
-1122
-1200
-1555
-1352
396
2066
1123
-1471
-1713
1381
3471
1121
-2737
-3034
163
2618
2337
663
-1586
-4232
-4738
-375
6114
7883
2413
-5145
-8388
-6097
-1110
3793
6803
6455
2631
-2500
-5904
-5931
-3136
499
3229
4707
5056
3306
-1192
-5797
-6182
-2097
1778
2442
2317
3801
4178
234
-5189
-6374
-2795
897
2033
2333
3258
3318
1028
-2496
-4923
-4833
-2208
1579
4225
4227
2072
-851
-3424
-4332
-2290
1878
4958
4520
1151
-3011
-5959
-5546
-622
5987
8501
4436
-2251
-5998
-5416
-2630
490
2982
3750
2500
709
-158
-424
-1099
-2214
-3119
-3099
-1260
2443
5704
5480
1715
-2466
-4529
-4425
-2798
-24
2583
3263
2166
1024
343
-729
-1880
-1785
-761
-401
-570
311
1930
2151
581
-798
-757
83
1018
1379
-319
-3975
-5534
-1247
5870
8398
3909
-2286
-4740
-3893
-2761
-1670
733
3692
4640
2626
-455
-2032
-1490
-513
-806
-1806
-1603
113
1735
2488
3000
2742
84
-3892
-5226
-2567
703
1924
2639
3891
2792
-1883
-5086
-2183
2946
2901
-2085
-4630
-1272
3389
4344
2220
-95
-2014
-3702
-3504
-244
3606
4032
616
-2538
-1810
1285
2091
-791
-3490
-2388
867
2402
1909
1663
1450
-761
-3715
-3636
-471
1698
1317
1205
2490
2197
-873
-3154
-2214
-832
-1642
-2095
979
5210
5658
1804
-2498
-4527
-4561
-3318
-915
1820
3485
3704
3156
2173
338
-2555
-5604
-6771
-4219
1481
6895
8510
5703
427
-4759
-7476
-6215
-2106
1499
2864
3456
4231
3279
-273
-3270
-3040
-1973
-3163
-4204
-766
5333
7564
3810
-1381
-3837
-3928
-3071
-1094
1410
2276
1088
91
411
447
-608
-821
939
2181
151
-3419
-3766
597
5166
4471
-961
-4799
-2706
2196
3734
751
-2499
-2966
-1698
-159
1831
3387
2217
-1180
-2878
-1167
843
381
-1049
-1248
-839
-388
1860
5655
6098
97
-7380
-8542
-2720
3610
5568
4040
1631
-833
-2835
-2902
-630
2049
2897
1559
-794
-2793
-3242
-1357
2227
4953
4065
-342
-4561
-4871
-1770
1028
1802
2274
3139
1836
-2529
-5571
-3098
2233
4454
2627
471
-868
-3329
-5484
-2669
4616
8820
5156
-1799
-4947
-3745
-2271
-1871
-724
1327
2367
2217
2615
3457
2240
-1938
-6313
-7517
-5012
-510
4406
8375
8993
4185
-4098
-9738
-8358
-2461
1892
2847
3647
5672
5295
51
-6104
-7465
-3881
375
2881
4116
3939
1607
-1262
-1967
-858
-573
-1369
-1037
589
1125
140
110
1723
2118
-407
-3232
-3221
-965
1143
2704
4293
4253
185
-6261
-9258
-5128
2821
7786
7016
3597
790
-2145
-6461
-9196
-6038
1912
8336
9041
5441
419
-4798
-8281
-6843
-965
3673
3205
939
1780
4363
3569
-1107
-5017
-5484
-4332
-2979
35
4816
7446
4587
-1316
-4403
-2480
634
316
-2999
-4766
-2392
1872
4639
5354
4685
1576
-4339
-8872
-6742
820
6476
6001
2681
793
-498
-3390
-5631
-3303
2442
6024
4541
670
-1787
-2261
-2256
-2014
-289
2910
4984
3334
-1102
-4461
-4440
-2436
-506
1408
3534
4181
2340
138
-544
-1614
-4878
-6843
-2846
4691
8172
5201
998
-588
-2074
-5597
-7111
-2227
5845
9429
5961
98
-3230
-3949
-4282
-4193
-1715
3116
6936
6552
2600
-1580
-3844
-4260
-3100
-613
1307
638
-988
255
3999
4959
645
-4558
-5878
-4301
-2513
562
5889
8857
4461
-3989
-8026
-5315
-1495
-592
42
3369
6753
5808
858
-3792
-5344
-4560
-3055
-987
1953
4624
4991
2697
-157
-1671
-2348
-3290
-3601
-1790
1282
3496
4567
4980
3079
-2546
-8319
-8353
-2549
2862
4030
3644
4506
4296
283
-4925
-6541
-3988
-532
1639
2792
3366
3027
1523
-943
-3464
-4078
-1438
2603
4194
2210
-377
-819
-20
-302
-1768
-2604
-1745
271
2334
3599
3626
2262
-433
-3704
-5566
-4107
-70
3269
3756
2393
887
-622
-2079
-2270
-1063
-439
-1087
-625
2166
4126
2134
-1721
-3217
-2183
-1433
-1178
697
3489
3682
631
-1956
-1415
373
438
-1022
-1734
-981
-70
178
626
2035
3168
1963
-1383
-3913
-3352
-789
1295
2260
2698
2068
-319
-2875
-3265
-1897
-987
-612
962
3305
3856
2194
602
-181
-1957
-4772
-5441
-2159
2562
5398
5887
4798
1727
-3095
-6695
-5978
-1671
2472
3967
3387
2232
867
-844
-2102
-1789
-398
58
-1060
-1473
962
4517
5230
2028
-2276
-5023
-5762
-4146
442
5826
7361
3580
-1429
-3511
-3302
-3116
-2298
659
3768
3586
583
-1350
-512
711
-151
-2331
-3239
-1473
2065
4961
4883
1352
-3568
-6630
-5765
-1543
3199
5402
4190
1243
-1368
-3012
-3752
-3144
-1137
967
2014
2571
3351
3208
693
-3222
-5932
-6035
-3668
717
5615
7746
5063
23
-2938
-2944
-2929
-4381
-4937
-2088
3130
7380
8293
5514
-18
-6311
-10374
-9497
-3382
4846
10287
9855
4610
-1666
-5809
-6778
-4905
-1443
1519
2643
2905
3859
4565
2588
-1765
-4952
-4770
-2859
-1376
231
3132
5783
5312
1528
-2576
-4312
-3796
-2646
-1347
1046
4527
6565
4371
-1215
-5742
-5910
-2856
302
2342
3614
3604
1566
-1159
-2141
-1156
-286
-691
-1292
-924
93
1039
1863
2467
2089
276
-2052
-3172
-2203
-31
1529
1554
706
-59
-676
-1157
-689
914
1769
153
-2347
-2448
62
2003
1636
801
1129
1149
-796
-3121
-3012
-514
1709
2007
1226
800
922
768
-319
-2055
-3276
-2881
-896
1479
2857
2603
1144
-338
-959
-1082
-1642
-2445
-2212
-633
1029
1933
2613
3065
1844
-1408
-4238
-4113
-1611
896
2445
3360
3187
1230
-1387
-2489
-1641
-399
95
174
353
502
518
627
766
487
-314
-1113
-1381
-1149
-848
-659
-127
1165
2441
2112
-40
-2022
-2040
-890
-491
-914
-683
536
1558
1774
1665
1280
134
-1320
-1924
-1632
-1361
-1008
461
2686
3652
2393
326
-853
-1226
-1775
-2504
-2351
-611
2060
3913
3474
983
-1692
-2854
-2395
-1284
-273
454
1001
1520
1855
1407
4
-1333
-1538
-1133
-1245
-1311
172
2552
3107
1008
-1213
-1366
-572
-876
-1790
-1333
629
2184
2044
797
-355
-864
-815
-475
-65
320
591
496
-106
-884
-1269
-1014
-278
467
484
-523
-1479
-804
1176
2062
615
-1318
-1535
-662
-640
-1228
-492
1675
3019
2152
301
-710
-663
-447
-498
-517
-195
326
673
792
1106
1729
1769
258
-2160
-3489
-2606
-331
1885
3199
3126
1439
-1023
-2591
-2482
-1435
-318
762
1633
1644
791
99
146
145
-735
-1931
-2115
-791
1198
2462
2178
761
-541
-968
-901
-891
-747
-212
239
219
323
1105
1798
1284
-119
-1107
-1224
-1020
-724
-48
823
1193
855
318
16
-73
-179
-545
-1185
-1496
-678
1061
2325
2077
747
-527
-1078
-830
-86
397
-7
-777
-672
489
1451
1296
510
-176
-879
-1756
-2121
-1245
458
1726
1653
358
-1162
-1765
-1226
-539
-715
-1470
-1661
-755
760
2049
2319
1059
-1186
-2760
-2557
-1344
-514
-140
552
1326
1078
-273
-1443
-1518
-967
-627
-571
-323
328
989
967
-44
-1434
-2153
-1841
-1105
-568
-211
171
500
633
492
-123
-1201
-1945
-1430
40
1147
1273
1047
1005
863
482
441
1027
1544
1248
397
-139
215
1430
2943
3828
3518
2511
1856
1863
1926
1623
1319
1530
2215
2903
3169
2925
2508
2379
2603
2799
2724
2498
2196
1770
1518
1864
2498
2523
1799
1182
1086
865
151
-317
31
543
449
101
116
110
-598
-1581
-1801
-1214
-843
-1315
-2156
-2635
-2661
-2636
-2792
-2983
-3107
-3442
-4280
-5282
-5653
-5191
-4583
-4396
-4405
-4405
-4881
-6086
-7154
-7112
-6305
-5779
-5714
-5560
-5350
-5644
-6283
-6412
-5821
-5242
-5154
-5170
-4877
-4514
-4473
-4680
-4744
-4454
-3923
-3408
-3014
-2552
-1804
-940
-423
-411
-568
-486
29
1034
2383
3606
4371
4991
5909
6815
7011
6607
6510
7135
7942
8448
8866
9479
10126
10638
11145
11629
11722
11276
10699
10447
10548
10844
11311
11924
12443
12508
11913
10811
9682
8969
8676
8521
8460
8615
8723
8265
7300
6498
6106
5601
4724
4111
4341
4951
5017
4249
3049
1901
1165
1033
1228
1072
245
-786
-1409
-1654
-2086
-3156
-4798
-6547
-7986
-9286
-11096
-13612
-15981
-17111
-16901
-16230
-15991
-16602
-18090
-19938
-21081
-20861
-19931
-19513
-19843
-20017
-19381
-18338
-17668
-17580
-17658
-17367
-16517
-15406
-14523
-13980
-13378
-12330
-10871
-9253
-7709
-6577
-6220
-6502
-6709
-6220
-5040
-3571
-2265
-1520
-1391
-1292
-549
617
1285
1228
1382
2589
4542
6391
7841
9113
10235
10962
11282
11579
12278
13467
14846
16066
17165
18500
20106
21400
21890
21839
21867
22077
22121
21865
21493
21094
20656
20331
20218
20027
19353
18189
16753
15126
13519
12588
12838
13824
14495
14307
13529
12558
11432
10141
9029
8629
9081
9732
9544
8206
6690
6215
6652
6531
4761
1754
-1322
-3828
-5928
-8132
-10893
-14185
-17169
-18785
-18978
-18981
-20036
-22145
-24269
-25419
-25354
-24582
-23919
-23796
-23870
-23506
-22606
-21702
-21225
-21041
-20680
-19752
-18170
-16245
-14480
-13033
-11578
-9929
-8454
-7488
-6694
-5566
-4290
-3470
-3170
-2822
-2043
-1043
-267
-101
-874
-2651
-4939
-6879
-7809
-7653
-6930
-6467
-6723
-7192
-6817
-5277
-3537
-2836
-3411
-4409
-4739
-3763
-1560
1148
3487
5068
5994
6379
6292
6177
6691
7919
9217
10112
10902
12078
13473
14299
13866
12209
10210
9076
9310
10196
10586
10174
9673
9795
10533
11351
11689
11267
10339
9680
9978
11205
12778
14175
15118
15421
15124
14701
14660
14985
15252
15216
15032
15075
15738
17137
18707
19389
18610
16898
15282
14321
13968
13950
13842
13022
11006
7851
4013
-56
-4079
-7956
-11718
-15225
-17828
-18809
-18358
-17729
-18148
-19768
-21792
-23325
-23968
-23938
-23791
-23801
-23573
-22539
-20790
-19080
-17967
-17367
-16895
-16215
-15006
-13122
-10906
-9008
-7743
-6893
-6169
-5532
-5021
-4588
-4160
-3670
-3040
-2315
-1654
-1021
-126
1017
1689
1111
-617
-2535
-3743
-4110
-4208
-4774
-6001
-7107
-6887
-5021
-2653
-1364
-1660
-2697
-3222
-2566
-956
819
2128
3038
3993
4958
5244
4356
2685
1142
340
296
686
1164
1583
2074
2770
3501
3969
4141
4143
3851
3071
2175
2035
3109
4866
6302
6855
6773
6792
7455
8569
9371
9440
9332
10039
11899
14321
16409
17533
17478
16542
15510
15142
15590
16461
17403
18441
19788
21473
23057
23691
22780
20847
19387
19412
20200
19802
16799
11501
5647
1064
-1669
-3514
-5879
-9131
-12317
-14367
-15208
-15596
-16203
-17166
-18221
-18985
-19244
-19154
-19083
-19191
-19325
-19335
-19206
-18861
-18127
-17042
-15905
-14895
-13854
-12548
-11018
-9587
-8673
-8503
-8847
-9059
-8633
-7674
-6623
-5666
-4713
-3859
-3389
-3333
-3324
-3102
-2913
-3279
-4422
-5902
-6862
-6863
-6616
-7530
-10182
-13329
-14858
-13798
-11232
-9208
-8849
-9459
-9312
-7377
-4352
-1953
-1203
-1617
-2056
-2000
-1811
-2042
-2818
-3820
-4607
-4974
-5033
-4903
-4362
-3025
-910
1396
3234
4336
4783
4767
4569
4612
5315
6873
9102
11385
12924
13363
13228
13541
14887
16969
19033
20571
21599
22507
23656
24984
25981
26187
25680
25034
24839
25349
26429
27643
28534
29004
29358
29812
30098
29770
28826
27726
26761
25539
23182
19043
13385
7424
2513
-903
-3481
-6075
-8809
-11143
-12677
-13664
-14754
-16367
-18312
-19954
-20801
-20927
-20792
-20685
-20561
-20395
-20436
-20977
-21966
-22953
-23366
-22836
-21464
-19826
-18541
-17777
-17260
-16778
-16460
-16470
-16620
-16436
-15588
-14170
-12621
-11368
-10498
-9777
-8959
-8075
-7351
-6970
-6975
-7313
-7764
-7895
-7348
-6340
-5816
-6901
-9921
-13788
-16414
-16146
-13177
-9512
-7301
-7043
-7378
-6603
-4283
-1532
119
64
-1008
-1916
-2085
-1905
-2097
-2929
-4007
-4723
-4722
-4000
-2683
-850
1391
3713
5625
6815
7400
7761
8189
8820
9860
11618
14135
16831
18703
19063
18217
17413
17924
19970
22470
23992
24046
23472
23574
24858
26609
27636
27419
26545
26086
26642
27934
29250
30099
30461
30573
30607
30538
30230
29554
28404
26580
23753
19678
14544
9066
4150
330
-2527
-5033
-7761
-10807
-13794
-16279
-18167
-19721
-21208
-22573
-23532
-23906
-23858
-23734
-23737
-23795
-23767
-23736
-23985
-24622
-25262
-25219
-24073
-22088
-20027
-18558
-17823
-17541
-17405
-17295
-17126
-16631
-15461
-13557
-11356
-9502
-8306
-7525
-6703
-5734
-4966
-4758
-4992
-5137
-4806
-4180
-3780
-3841
-4100
-4304
-4871
-6719
-10195
-14165
-16459
-15517
-11783
-7457
-4756
-4221
-4574
-4145
-2456
-516
319
-330
-1631
-2466
-2452
-2065
-1962
-2345
-2960
-3494
-3794
-3733
-3073
-1644
371
2447
4086
5192
6045
6966
8022
9081
10095
11244
12708
14313
15564
16173
16489
17246
18782
20617
21887
22191
21972
22097
23101
24774
26380
27299
27529
27608
28065
28934
29781
30134
29865
29242
28717
28612
28867
29009
28390
26552
23417
19216
14338
9250
4493
583
-2213
-4089
-5646
-7530
-9997
-12771
-15328
-17303
-18676
-19644
-20377
-20925
-21263
-21388
-21359
-21288
-21355
-21756
-22553
-23483
-24013
-23705
-22584
-21148
-19966
-19262
-18820
-18258
-17409
-16475
-15751
-15189
-14361
-12928
-11078
-9349
-8056
-7072
-6162
-5323
-4728
-4474
-4474
-4549
-4580
-4671
-5138
-6136
-7277
-7901
-7978
-8558
-10945
-15225
-19730
-22095
-20968
-16987
-12291
-8995
-7820
-7861
-7703
-6771
-5648
-5173
-5442
-5806
-5696
-5180
-4656
-4281
-3899
-3433
-3037
-2768
-2307
-1186
760
3216
5630
7602
9115
10473
11914
13238
13987
14097
14214
15090
16731
18409
19467
19921
20205
20625
21208
21867
22531
23192
23948
24970
26291
27667
28738
29323
29551
29727
30086
30584
30933
30893
30584
30406
30567
30667
29857
27462
23565
18995
14662
10826
7079
3069
-867
-4044
-6282
-8210
-10585
-13498
-16325
-18341
-19297
-19574
-19882
-20714
-21928
-22877
-23059
-22642
-22266
-22371
-22816
-23116
-22932
-22273
-21359
-20419
-19620
-19035
-18568
-17992
-17136
-16029
-14794
-13507
-12241
-11157
-10279
-9271
-7758
-5984
-4806
-4789
-5527
-6096
-6007
-5494
-5061
-5113
-5867
-7223
-8644
-9555
-10015
-10742
-12410
-14995
-17769
-19574
-19213
-16138
-11198
-6442
-3704
-3289
-4081
-4804
-4948
-4613
-3967
-3087
-2179
-1616
-1674
-2253
-2954
-3384
-3374
-2935
-2086
-746
1181
3604
6100
8083
9270
9962
10679
11539
12205
12509
12895
13988
15876
18012
19728
20667
20805
20394
19924
19922
20604
21750
22963
24026
25018
26141
27403
28473
28931
28725
28318
28272
28750
29502
30211
30732
31018
30900
29962
27668
23872
19198
14707
10937
7559
4101
780
-1820
-3678
-5518
-7996
-11080
-14217
-16812
-18508
-19358
-19893
-20746
-22005
-23143
-23722
-23938
-24256
-24758
-25116
-25153
-25072
-25107
-25179
-25012
-24441
-23506
-22391
-21385
-20765
-20453
-19877
-18456
-16315
-14265
-12864
-11781
-10342
-8540
-7062
-6403
-6342
-6372
-6251
-6024
-5849
-5983
-6611
-7462
-7924
-7778
-7596
-8169
-9762
-12113
-14741
-16803
-17055
-14694
-10408
-6086
-3328
-2416
-2680
-3411
-4213
-4811
-4907
-4236
-2780
-965
391
623
-161
-1150
-1608
-1423
-806
297
2227
5015
8015
10272
11271
11323
11191
11440
12141
13124
14302
15705
17279
18770
19849
20339
20344
20190
20172
20400
20858
21513
22254
22864
23269
23751
24651
25853
26861
27419
27783
28284
28895
29380
29653
29830
30089
30525
30901
30467
28419
24762
20454
16433
12800
9259
6008
3636
2261
1211
-354
-2795
-5925
-9260
-12278
-14747
-16890
-19010
-20926
-22076
-22285
-22194
-22697
-24067
-25822
-27351
-28487
-29403
-30131
-30344
-29676
-28174
-26437
-25263
-25099
-25653
-26005
-25277
-23406
-21160
-19265
-17664
-15859
-13856
-12326
-11780
-11921
-12013
-11618
-10801
-9882
-9170
-8796
-8591
-8270
-7857
-7763
-8298
-9306
-10421
-11452
-12252
-12422
-11532
-9689
-7628
-6123
-5376
-5012
-4579
-4040
-3741
-3884
-4123
-3846
-2864
-1613
-622
1
516
1173
2023
2975
3905
4825
5974
7519
9166
10338
10879
11277
12027
12993
13714
14069
14320
14654
14994
15274
15581
16011
16557
17205
17907
18485
18752
18817
19128
20089
21649
23349
24717
25596
26132
26580
27177
28117
29426
30844
31969
32597
32766
32408
31216
29071
26419
23899
21690
19529
17226
14822
12287
9482
6465
3458
472
-2650
-5768
-8446
-10637
-12899
-15699
-18784
-21550
-23718
-25366
-26578
-27444
-28210
-29064
-29842
-30302
-30560
-30931
-31380
-31476
-30948
-30003
-29022
-28135
-27227
-26171
-24924
-23480
-21893
-20312
-18899
-17704
-16688
-15882
-15420
-15306
-15221
-14707
-13598
-12169
-10827
-9835
-9345
-9404
-9749
-9798
-9189
-8181
-7312
-6744
-6261
-5743
-5280
-4846
-4240
-3416
-2538
-1676
-760
115
703
1047
1506
2222
2886
3259
3589
4257
5225
6175
6992
7824
8756
9683
10469
11042
11384
11605
11958
12609
13391
13954
14168
14265
14549
15038
15440
15472
15217
15129
15655
16848
18359
19720
20639
21114
21458
22073
23071
24130
24886
25391
26006
26910
27926
28773
29253
29199
28527
27385
26068
24686
23135
21393
19632
17947
16153
13964
11232
7999
4500
1148
-1664
-3902
-5922
-8088
-10480
-12975
-15441
-17806
-20026
-22086
-23942
-25481
-26599
-27339
-27785
-27922
-27726
-27391
-27211
-27236
-27211
-26913
-26354
-25640
-24820
-23954
-23111
-22264
-21287
-20140
-18957
-17913
-17148
-16784
-16845
-17078
-17054
-16537
-15660
-14695
-13793
-12988
-12305
-11726
-11132
-10350
-9279
-7971
-6636
-5503
-4603
-3739
-2794
-1944
-1420
-1088
-528
479
1703
2752
3464
3988
4580
5349
6111
6546
6586
6584
6916
7490
7855
7815
7677
7871
8510
9397
10283
11034
11615
12033
12249
12192
11930
11760
11990
12615
13331
13827
13980
13860
13708
13894
14681
15958
17350
18574
19612
20544
21396
22149
22780
23263
23647
24051
24447
24516
23928
22781
21566
20635
19907
19111
18139
17056
15882
14464
12554
10032
7111
4286
1954
67
-1776
-3879
-6182
-8409
-10349
-12014
-13609
-15327
-17130
-18745
-19956
-20845
-21647
-22439
-23096
-23499
-23638
-23563
-23331
-23005
-22566
-21916
-21069
-20268
-19753
-19440
-19019
-18345
-17585
-16980
-16606
-16392
-16213
-15953
-15582
-15198
-14937
-14824
-14789
-14763
-14679
-14422
-13897
-13136
-12205
-11075
-9695
-8188
-6838
-5846
-5182
-4653
-4032
-3184
-2151
-1119
-220
577
1314
1888
2243
2600
3317
4494
5836
6949
7644
7955
8012
7933
7793
7648
7611
7845
8402
9104
9702
10109
10414
10679
10863
10932
10956
11082
11421
11959
12516
12860
12945
12965
13130
13449
13801
14172
14690
15474
16519
17707
18848
19761
20434
21005
21505
21684
21252
20247
19060
18046
17246
16468
15583
14679
13962
13473
12911
11828
10087
8041
6174
4620
3129
1456
-339
-2005
-3424
-4792
-6454
-8517
-10624
-12210
-13060
-13527
-14109
-14944
-15802
-16481
-17022
-17565
-18126
-18542
-18573
-18091
-17260
-16467
-15975
-15658
-15201
-14538
-13967
-13788
-13961
-14127
-13946
-13373
-12668
-12157
-11953
-11908
-11825
-11708
-11732
-12042
-12608
-13294
-13956
-14432
-14481
-13855
-12551
-11001
-9892
-9595
-9807
-9859
-9405
-8690
-8104
-7649
-6998
-5987
-4915
-4307
-4403
-4871
-5037
-4461
-3296
-2011
-779
666
2499
4330
5493
5760
5603
5732
6497
7743
9075
10221
11165
12009
12734
13156
13159
12923
12833
13168
13910
14836
15702
16356
16746
16918
16976
17035
17184
17496
18040
18862
19943
21168
22362
23352
23995
24134
23598
22347
20629
18907
17581
16756
16269
15845
15216
14185
12703
10905
9061
7454
6242
5346
4503
3438
2080
522
-1200
-3178
-5422
-7657
-9454
-10593
-11234
-11747
-12396
-13190
-14007
-14817
-15739
-16850
-17950
-18617
-18547
-17840
-16926
-16211
-15801
-15533
-15216
-14842
-14563
-14482
-14490
-14361
-14024
-13673
-13569
-13727
-13878
-13744
-13369
-13123
-13335
-13902
-14309
-14081
-13264
-12380
-11909
-11865
-11914
-11831
-11745
-11879
-12166
-12223
-11747
-10874
-10069
-9646
-9456
-9096
-8380
-7523
-6837
-6316
-5620
-4467
-2970
-1561
-579
15
537
1267
2254
3392
4592
5833
7099
8328
9450
10443
11338
12186
13044
13970
14973
15950
16709
17091
17116
16982
16924
17071
17417
17936
18610
19384
20096
20552
20704
20717
20848
21227
21764
22245
22474
22342
21804
20860
19583
18111
16605
15187
13940
12943
12224
11649
10901
9673
7964
6139
4642
3583
2662
1504
55
-1402
-2610
-3664
-4871
-6356
-7833
-8872
-9371
-9676
-10230
-11111
-11984
-12527
-12812
-13225
-13995
-14897
-15439
-15378
-14970
-14696
-14761
-14893
-14679
-14042
-13366
-13123
-13427
-13960
-14332
-14455
-14538
-14741
-14941
-14873
-14497
-14123
-14124
-14509
-14850
-14663
-13858
-12806
-11992
-11628
-11607
-11730
-11903
-12075
-12102
-11791
-11119
-10344
-9804
-9597
-9470
-9073
-8279
-7255
-6221
-5235
-4221
-3175
-2252
-1601
-1169
-696
49
1114
2391
3799
5343
7009
8656
10081
11215
12218
13351
14746
16295
17749
18874
19565
19839
19806
19658
19630
19912
20549
21431
22362
23160
23706
23964
23986
23911
23889
23957
23948
23579
22659
21255
19654
18149
16831
15592
14296
12942
11660
10549
9531
8393
6976
5341
3738
2396
1308
245
-1029
-2537
-4082
-5447
-6591
-7617
-8583
-9387
-9889
-10130
-10372
-10875
-11634
-12385
-12894
-13215
-13613
-14229
-14848
-15060
-14669
-13929
-13350
-13266
-13558
-13805
-13688
-13255
-12847
-12787
-13116
-13618
-14031
-14242
-14320
-14385
-14473
-14543
-14554
-14519
-14466
-14340
-14017
-13437
-12719
-12123
-11826
-11768
-11727
-11546
-11280
-11082
-10982
-10821
-10432
-9862
-9337
-9034
-8893
-8681
-8228
-7536
-6691
-5721
-4625
-3493
-2522
-1823
-1245
-475
671
2051
3362
4464
5523
6795
8319
9857
11151
12182
13161
14289
15551
16734
17624
18160
18458
18743
19219
19953
20807
21524
21932
22107
22291
22638
23064
23380
23546
23713
23949
23993
23395
21977
20100
18367
17055
15887
14420
12620
10937
9787
9025
8030
6341
4153
2115
689
-268
-1267
-2622
-4178
-5570
-6658
-7647
-8793
-10079
-11185
-11784
-11833
-11593
-11420
-11510
-11827
-12188
-12415
-12434
-12276
-12024
-11744
-11462
-11164
-10811
-10357
-9774
-9108
-8484
-8029
-7752
-7516
-7163
-6695
-6295
-6180
-6399
-6811
-7232
-7576
-7825
-7980
-8127
-8543
-9600
-11367
-13262
-14276
-13744
-11998
-10197
-9404
-9751
-10500
-10873
-10757
-10572
-10619
-10709
-10492
-10025
-9832
-10336
-11336
-12143
-12215
-11591
-10666
-9655
-8395
-6694
-4761
-3150
-2260
-1921
-1522
-540
1064
2917
4620
6038
7268
8427
9499
10405
11158
11939
12987
14383
15925
17236
18052
18446
18751
19265
20002
20762
21409
22021
22754
23587
24308
24765
25055
25365
25617
25405
24382
22709
21010
19791
18944
17890
16227
14167
12273
10818
9511
7877
5843
3823
2250
1077
-152
-1801
-3752
-5556
-6891
-7814
-8600
-9417
-10206
-10829
-11254
-11573
-11886
-12216
-12527
-12787
-12979
-13081
-13059
-12879
-12512
-11952
-11261
-10584
-10064
-9701
-9289
-8592
-7604
-6648
-6116
-6104
-6314
-6354
-6112
-5832
-5819
-6114
-6492
-6733
-6855
-7089
-7659
-8658
-10013
-11473
-12609
-12934
-12225
-10819
-9529
-9104
-9686
-10734
-11517
-11676
-11342
-10828
-10295
-9772
-9380
-9388
-9944
-10829
-11507
-11521
-10804
-9629
-8301
-6959
-5644
-4484
-3686
-3313
-3113
-2603
-1406
461
2609
4552
6012
7015
7766
8443
9140
9943
11014
12526
14447
16417
17906
18597
18659
18626
18963
19748
20730
21674
22569
23513
24472
25261
25772
26120
26457
26673
26403
25432
24051
22847
22094
21379
19998
17724
15121
13008
11626
10430
8756
6575
4513
3097
2117
847
-1142
-3487
-5420
-6584
-7349
-8328
-9665
-10916
-11610
-11817
-12076
-12770
-13683
-14238
-14134
-13707
-13603
-14120
-14894
-15253
-14865
-14040
-13411
-13295
-13408
-13159
-12270
-11076
-10238
-10136
-10535
-10861
-10760
-10382
-10139
-10246
-10545
-10779
-10940
-11260
-11864
-12520
-12808
-12535
-11926
-11379
-11064
-10839
-10529
-10205
-10123
-10410
-10857
-11100
-10935
-10431
-9773
-9069
-8336
-7636
-7087
-6712
-6332
-5688
-4709
-3613
-2728
-2204
-1926
-1655
-1237
-629
173
1201
2453
3852
5284
6687
8053
9367
10570
11622
12572
13507
14437
15251
15869
16372
16950
17698
18503
19204
19822
20564
21548
22585
23325
23653
23877
24425
25343
26130
26159
25255
23847
22548
21591
20691
19438
17744
15922
14340
13043
11726
10043
7939
5698
3681
2043
637
-792
-2348
-3917
-5338
-6632
-8007
-9602
-11228
-12438
-12924
-12848
-12731
-12981
-13512
-13884
-13810
-13472
-13298
-13465
-13686
-13528
-12891
-12117
-11622
-11484
-11411
-11126
-10660
-10289
-10210
-10353
-10505
-10547
-10542
-10616
-10828
-11145
-11500
-11818
-12003
-11979
-11772
-11531
-11410
-11427
-11459
-11374
-11157
-10876
-10568
-10212
-9842
-9588
-9552
-9626
-9515
-9012
-8226
-7491
-7010
-6634
-6031
-5072
-3983
-3099
-2505
-1989
-1340
-609
-36
277
544
1101
2070
3255
4369
5318
6214
7177
8177
9111
9989
10971
12165
13453
14527
15140
15331
15387
15595
16043
16628
17252
17952
18849
19942
21020
21794
22158
22299
22495
22800
22928
22527
21558
20352
19257
18221
16843
14874
12642
10851
9879
9330
8372
6548
4230
2188
771
-416
-1968
-3943
-5762
-6890
-7493
-8296
-9777
-11599
-12918
-13248
-12921
-12684
-12904
-13269
-13254
-12766
-12251
-12173
-12490
-12700
-12375
-11591
-10809
-10379
-10212
-9927
-9282
-8425
-7748
-7528
-7711
-8013
-8196
-8242
-8299
-8488
-8799
-9150
-9499
-9872
-10253
-10490
-10383
-9894
-9269
-8887
-8940
-9263
-9504
-9463
-9258
-9152
-9230
-9305
-9125
-8666
-8151
-7799
-7594
-7323
-6820
-6134
-5433
-4795
-4139
-3370
-2553
-1901
-1577
-1513
-1427
-1014
-141
1107
2510
3853
5020
5999
6835
7594
8358
9234
10305
11527
12659
13369
13504
13295
13233
13681
14555
15431
15996
16359
16881
17708
18564
19068
19230
19484
20164
20977
21153
20192
18454
16884
16109
15852
15284
13947
12235
10921
10262
9676
8362
6172
3792
2034
1006
56
-1486
-3584
-5551
-6803
-7470
-8206
-9425
-10805
-11590
-11402
-10678
-10285
-10697
-11568
-12122
-11927
-11272
-10791
-10790
-10984
-10870
-10291
-9549
-9016
-8702
-8278
-7507
-6549
-5820
-5573
-5700
-5928
-6142
-6412
-6761
-7008
-6959
-6718
-6701
-7236
-8168
-8930
-9052
-8602
-8095
-7973
-8237
-8548
-8643
-8571
-8541
-8628
-8702
-8624
-8434
-8286
-8238
-8165
-7921
-7529
-7169
-6966
-6822
-6496
-5829
-4896
-3929
-3111
-2475
-1933
-1388
-785
-106
662
1528
2489
3538
4648
5755
6757
7576
8256
8966
9889
11045
12243
13206
13798
14118
14399
14807
15351
15941
16521
17108
17721
18316
18830
19272
19739
20283
20758
20852
20338
19323
18202
17321
16636
15765
14399
12696
11188
10270
9745
8966
7439
5324
3278
1800
760
-397
-2008
-3824
-5319
-6306
-7165
-8385
-9949
-11259
-11721
-11368
-10845
-10767
-11143
-11468
-11333
-10877
-10596
-10762
-11113
-11130
-10583
-9747
-9080
-8755
-8529
-8059
-7277
-6452
-5916
-5772
-5878
-6044
-6206
-6409
-6684
-6979
-7238
-7478
-7783
-8196
-8655
-9024
-9206
-9205
-9099
-8970
-8860
-8791
-8798
-8924
-9175
-9493
-9765
-9900
-9867
-9719
-9557
-9477
-9518
-9625
-9663
-9468
-8945
-8133
-7176
-6240
-5416
-4685
-3970
-3206
-2358
-1410
-337
872
2199
3597
5014
6399
7689
8828
9813
10737
11743
12887
14041
14967
15521
15812
16124
16658
17363
18009
18460
18816
19288
19949
20651
21196
21554
21852
22125
22165
21684
20640
19368
18280
17437
16478
15025
13165
11462
10421
9920
9255
7781
5533
3203
1487
455
-418
-1663
-3302
-4921
-6195
-7255
-8467
-9941
-11312
-12079
-12136
-11911
-11974
-12499
-13154
-13467
-13279
-12824
-12424
-12166
-11897
-11478
-10958
-10489
-10111
-9670
-8976
-8003
-6937
-6031
-5437
-5140
-5041
-5026
-5018
-5001
-5014
-5102
-5239
-5307
-5238
-5201
-5603
-6771
-8543
-10197
-10894
-10348
-9104
-8141
-8116
-8938
-9996
-10762
-11132
-11264
-11224
-10894
-10284
-9775
-9931
-10964
-12416
-13431
-13420
-12471
-11139
-9868
-8660
-7292
-5764
-4424
-3602
-3151
-2455
-949
1343
3787
5670
6774
7440
8146
9071
10073
11038
12128
13624
15517
17339
18464
18641
18225
17894
18116
18876
19831
20689
21371
21881
22146
22065
21738
21518
21737
22325
22755
22442
21251
19605
18087
16923
15846
14482
12777
11059
9642
8449
7066
5157
2844
624
-1082
-2270
-3290
-4471
-5826
-7137
-8264
-9308
-10461
-11708
-12749
-13256
-13220
-13020
-13102
-13567
-14083
-14212
-13852
-13324
-13026
-12995
-12840
-12142
-10905
-9592
-8685
-8222
-7813
-7093
-6152
-5439
-5271
-5486
-5613
-5393
-5053
-5030
-5465
-6040
-6333
-6293
-6285
-6659
-7342
-7922
-8120
-8105
-8281
-8811
-9424
-9747
-9758
-9840
-10359
-11232
-11979
-12198
-11930
-11550
-11331
-11196
-10901
-10385
-9849
-9491
-9232
-8765
-7900
-6787
-5771
-5028
-4399
-3594
-2512
-1326
-228
841
2177
3980
6086
8040
9478
10444
11304
12385
13659
14817
15614
16135
16695
17488
18362
18976
19206
19349
19864
20903
22101
22905
23105
23029
23135
23451
23467
22660
21113
19533
18588
18233
17737
16432
14414
12457
11228
10603
9812
8235
6014
3871
2348
1292
84
-1668
-3729
-5511
-6687
-7493
-8424
-9685
-10983
-11848
-12119
-12114
-12296
-12817
-13374
-13524
-13136
-12537
-12201
-12293
-12498
-12326
-11602
-10639
-9936
-9677
-9562
-9147
-8355
-7605
-7400
-7809
-8370
-8542
-8221
-7784
-7650
-7840
-8039
-8005
-7865
-7938
-8308
-8697
-8765
-8515
-8306
-8447
-8859
-9176
-9192
-9107
-9307
-9902
-10552
-10795
-10504
-10001
-9718
-9764
-9851
-9606
-8907
-7950
-7020
-6241
-5547
-4805
-3960
-3049
-2131
-1227
-310
665
1730
2883
4090
5316
6546
7776
8990
10154
11254
12329
13432
14525
15453
16065
16386
16655
17126
17826
18544
19076
19466
19948
20655
21415
21919
22056
22021
22041
22028
21629
20629
19287
18111
17316
16550
15269
13383
11454
10157
9566
9028
7818
5861
3789
2257
1281
274
-1285
-3295
-5175
-6490
-7375
-8327
-9628
-11051
-12117
-12605
-12748
-12967
-13422
-13881
-13995
-13670
-13173
-12865
-12858
-12919
-12712
-12121
-11360
-10733
-10320
-9899
-9208
-8289
-7542
-7366
-7757
-8263
-8397
-8095
-7756
-7803
-8248
-8698
-8802
-8612
-8482
-8616
-8821
-8734
-8275
-7776
-7639
-7905
-8220
-8239
-8014
-7919
-8222
-8779
-9183
-9180
-8903
-8678
-8662
-8693
-8486
-7899
-7048
-6168
-5429
-4871
-4436
-4007
-3461
-2725
-1843
-955
-160
604
1502
2636
3904
5088
6073
6963
7953
9105
10272
11233
11912
12431
12981
13663
14429
15175
15838
16436
17044
17751
18600
19524
20362
20963
21305
21494
21606
21538
21097
20235
19201
18346
17755
17115
16025
14461
12877
11777
11178
10556
9365
7587
5734
4285
3203
2014
366
-1584
-3347
-4634
-5622
-6695
-7986
-9232
-10095
-10539
-10853
-11319
-11915
-12370
-12489
-12355
-12236
-12297
-12449
-12474
-12255
-11867
-11476
-11165
-10864
-10436
-9841
-9204
-8748
-8620
-8771
-9004
-9161
-9270
-9486
-9889
-10336
-10566
-10476
-10264
-10236
-10467
-10677
-10508
-9927
-9296
-9018
-9123
-9269
-9143
-8834
-8735
-9087
-9670
-9999
-9826
-9391
-9128
-9180
-9244
-8919
-8129
-7183
-6416
-5862
-5277
-4465
-3502
-2641
-2002
-1435
-694
300
1400
2442
3439
4536
5821
7194
8425
9362
10080
10822
11766
12848
13837
14552
15036
15495
16107
16860
17579
18130
18607
19256
20173
21108
21666
21694
21450
21319
21394
21332
20697
19456
18085
17100
16477
15647
14138
12152
10401
9380
8846
8036
6422
4237
2234
916
21
-1163
-2997
-5112
-6835
-7898
-8654
-9635
-10978
-12296
-13099
-13293
-13282
-13535
-14087
-14520
-14419
-13810
-13140
-12838
-12902
-12902
-12407
-11432
-10413
-9758
-9434
-9032
-8237
-7192
-6387
-6222
-6609
-7035
-7070
-6813
-6777
-7284
-8073
-8576
-8541
-8276
-8256
-8578
-8868
-8693
-8056
-7441
-7345
-7760
-8186
-8178
-7844
-7721
-8167
-8953
-9501
-9487
-9123
-8877
-8961
-9129
-8944
-8232
-7254
-6432
-5947
-5605
-5105
-4367
-3567
-2895
-2360
-1786
-984
88
1279
2384
3369
4407
5648
6991
8183
9102
9856
10610
11420
12230
12949
13533
14071
14753
15657
16613
17381
18018
18841
20023
21322
22322
22848
23079
23276
23483
23464
22948
21951
20846
20009
19382
18499
17013
15131
13447
12352
11619
10616
8921
6751
4744
3317
2249
950
-897
-3013
-4835
-6073
-6945
-7910
-9189
-10528
-11433
-11679
-11575
-11677
-12214
-12847
-13033
-12603
-11940
-11568
-11614
-11721
-11432
-10629
-9642
-8922
-8603
-8367
-7779
-6810
-5945
-5696
-6047
-6494
-6609
-6484
-6560
-7117
-7989
-8732
-9066
-9142
-9365
-9922
-10539
-10758
-10445
-9961
-9809
-10178
-10787
-11174
-11145
-10964
-11053
-11509
-12004
-12187
-12054
-11864
-11780
-11734
-11530
-11007
-10164
-9224
-8483
-7981
-7419
-6536
-5447
-4499
-3824
-3217
-2412
-1325
-38
1313
2625
3892
5184
6524
7790
8852
9765
10735
11872
13041
14001
14682
15274
16043
17057
18130
19065
19917
20932
22224
23582
24628
25163
25345
25519
25859
26157
25981
25124
23847
22664
21827
21079
19912
18112
16026
14256
13033
11972
10472
8325
5875
3635
1855
378
-1178
-3064
-5121
-6884
-8108
-9092
-10316
-11796
-13065
-13745
-13970
-14175
-14648
-15337
-15940
-16125
-15819
-15323
-15032
-14962
-14726
-14018
-13009
-12134
-11593
-11169
-10515
-9548
-8567
-7986
-7930
-8105
-8081
-7725
-7325
-7299
-7771
-8416
-8760
-8636
-8384
-8499
-9103
-9806
-10102
-9875
-9480
-9380
-9717
-10236
-10573
-10605
-10526
-10575
-10782
-10968
-10949
-10728
-10485
-10417
-10494
-10411
-9897
-9048
-8205
-7531
-6870
-6048
-5117
-4199
-3303
-2395
-1474
-498
632
1886
3078
4139
5251
6572
7956
9154
10149
11139
12259
13446
14548
15451
16143
16770
17542
18530
19570
20458
21193
21974
22975
24150
25217
25881
26123
26248
26536
26869
26823
26146
25014
23800
22704
21637
20354
18684
16715
14811
13301
12106
10757
8875
6578
4322
2410
759
-895
-2680
-4520
-6267
-7837
-9264
-10674
-12154
-13591
-14684
-15237
-15422
-15637
-16103
-16686
-17107
-17242
-17175
-17044
-16900
-16642
-16123
-15350
-14567
-14043
-13770
-13442
-12755
-11674
-10468
-9538
-9122
-9075
-9021
-8809
-8687
-8917
-9358
-9654
-9696
-9688
-9854
-10281
-10952
-11644
-11923
-11554
-10877
-10494
-10588
-10830
-10903
-10811
-10673
-10519
-10396
-10382
-10391
-10200
-9750
-9238
-8804
-8317
-7593
-6667
-5712
-4794
-3833
-2758
-1601
-472
509
1277
1914
2625
3573
4744
5995
7224
8420
9595
10730
11828
12925
14036
15130
16146
17004
17591
17894
18128
18588
19313
20034
20563
21041
21684
22475
23273
24029
24716
25205
25442
25548
25531
25086
23984
22519
21218
20201
19125
17688
15891
13915
12016
10460
9250
7972
6192
3979
1809
6
-1546
-3181
-5146
-7384
-9509
-11117
-12237
-13279
-14471
-15594
-16369
-16811
-17075
-17283
-17585
-18065
-18469
-18429
-18039
-17779
-17798
-17721
-17301
-16737
-16191
-15507
-14566
-13488
-12339
-11123
-10106
-9653
-9608
-9375
-8737
-8120
-7956
-8242
-8745
-9208
-9378
-9275
-9374
-10034
-10859
-11124
-10734
-10243
-10064
-10173
-10438
-10698
-10648
-10186
-9722
-9650
-9670
-9197
-8277
-7551
-7377
-7479
-7381
-6780
-5599
-4108
-2913
-2400
-2249
-1805
-839
305
1269
2073
2964
4071
5258
6270
7039
7828
8923
10260
11503
12466
13277
14151
15207
16421
17568
18300
18532
18678
19246
20270
21319
22057
22576
23199
24095
25101
25834
26068
26031
26191
26689
27132
27039
26317
25215
24008
22809
21529
19949
17964
15836
14000
12529
10971
8879
6366
3955
1983
311
-1380
-3213
-5064
-6750
-8170
-9387
-10646
-12221
-14041
-15584
-16385
-16645
-17034
-17884
-18846
-19423
-19527
-19384
-19183
-19004
-18809
-18353
-17370
-16029
-14918
-14357
-13994
-13296
-12232
-11199
-10507
-10097
-9661
-8910
-7904
-7173
-7246
-7971
-8584
-8567
-8154
-7892
-8014
-8402
-8887
-9397
-9934
-10525
-11060
-11247
-10879
-10123
-9343
-8753
-8428
-8469
-8836
-9151
-9035
-8549
-8046
-7717
-7603
-7816
-8379
-8966
-9219
-9172
-9006
-8579
-7618
-6307
-5157
-4338
-3578
-2710
-1918
-1287
-485
913
2875
4861
6316
7192
7960
9075
10493
11834
12902
13905
15168
16756
18403
19676
20356
20733
21385
22529
23842
25042
26283
27706
29005
29867
30499
31238
31880
31942
31396
30649
29924
29141
28241
27145
25568
23326
20762
18411
16336
14219
11957
9735
7588
5338
2967
640
-1618
-3948
-6342
-8554
-10375
-11852
-13254
-14875
-16714
-18349
-19347
-19848
-20460
-21485
-22557
-23165
-23201
-22892
-22506
-22277
-22260
-22138
-21469
-20276
-19095
-18301
-17693
-16914
-15944
-15002
-14218
-13556
-12942
-12344
-11850
-11639
-11763
-11997
-12090
-12022
-11895
-11754
-11699
-11915
-12306
-12414
-12035
-11607
-11574
-11693
-11402
-10628
-9772
-9097
-8632
-8408
-8337
-8034
-7252
-6318
-5696
-5315
-4777
-3998
-3176
-2343
-1451
-680
-194
260
1025
2012
2879
3553
4169
4749
5311
6072
7067
7895
8342
8957
10412
12458
14151
15077
15750
16766
18089
19358
20432
21377
22164
22735
23309
24277
25659
26858
27260
27029
26989
27624
28539
29083
29119
28894
28447
27601
26391
25105
23966
22937
21791
20238
18169
15875
13837
12219
10763
9155
7206
4800
2045
-572
-2660
-4454
-6390
-8394
-10170
-11922
-14012
-16110
-17546
-18355
-19113
-19924
-20468
-20869
-21501
-22116
-22128
-21676
-21439
-21587
-21762
-21803
-21641
-20943
-19720
-18723
-18357
-17942
-17009
-16278
-16271
-16128
-15120
-14102
-14035
-14337
-14320
-14772
-16305
-17546
-17103
-15963
-15895
-16711
-17254
-17710
-18586
-18722
-16859
-14155
-12769
-12856
-13078
-13086
-13270
-13041
-11563
-9411
-7720
-6627
-6002
-6356
-7425
-7333
-4911
-1473
1126
2697
3712
3998
3920
5009
7856
11022
13193
14614
15496
15311
14738
15863
19121
22261
23529
23679
23875
23936
23756
24255
25784
27392
28357
28762
28447
27331
26604
27515
29301
30328
30600
30929
30779
29467
28318
28877
30155
30142
28630
26166
22397
18067
15920
16449
15701
10833
4830
1792
811
-1196
-3883
-5469
-7120
-10305
-12708
-11943
-10549
-12111
-15125
-15951
-15202
-15840
-17432
-17758
-17783
-19582
-21491
-20675
-18605
-18839
-21040
-22062
-21304
-20445
-19578
-18028
-17185
-18303
-19236
-17504
-14796
-14379
-15736
-15803
-14045
-12457
-11754
-11077
-10489
-10629
-10781
-9950
-8926
-9039
-9871
-10204
-10228
-11041
-12821
-14814
-16269
-16525
-15303
-13594
-13072
-14050
-15060
-14667
-12686
-9796
-7222
-6388
-7434
-8524
-7912
-6153
-5057
-5318
-6437
-7888
-8963
-8604
-6812
-5135
-4519
-3983
-2461
-441
1386
3378
5697
7539
8748
10423
12883
14889
15915
17239
19638
21928
22980
23461
24410
25738
27098
28719
30437
31275
30866
30142
30009
30304
30469
30369
30160
30061
30315
30852
31201
31096
30809
30559
30216
29749
29257
28424
26717
24030
20606
16929
14170
13265
12559
8609
1275
-4551
-5046
-2878
-3285
-7135
-11528
-14901
-17230
-17455
-15410
-14465
-17499
-21933
-23354
-22126
-21655
-22273
-22068
-21761
-23214
-24747
-23478
-20822
-20377
-21789
-21913
-20555
-19945
-19969
-18895
-17399
-17204
-17275
-15785
-13997
-13924
-14260
-12891
-11137
-11208
-11847
-10818
-9316
-9638
-10781
-10420
-9170
-9067
-9851
-10148
-10257
-10864
-11135
-10589
-10482
-11376
-11907
-11582
-11778
-12680
-12616
-11542
-11382
-11967
-10742
-7566
-5515
-5755
-5907
-4564
-3115
-2193
-678
872
253
-1967
-2428
-317
1404
967
4
7
363
795
2317
4929
7140
8308
9201
10329
11718
13690
16005
17337
17324
17644
19408
21373
22391
23307
24788
25750
25725
26211
27960
29504
29817
29860
30316
30486
30345
30867
31717
31545
30696
30579
30640
29451
28032
28274
29022
27863
25457
23630
21133
16470
12644
12808
13308
8259
-367
-4985
-4071
-3670
-7211
-11656
-14587
-17495
-20496
-20803
-18592
-18244
-21591
-25183
-26048
-25347
-24800
-24181
-23782
-24990
-26983
-26821
-24153
-22192
-22839
-24193
-24016
-22601
-21195
-20175
-19741
-20142
-20543
-19649
-17847
-16875
-17147
-17277
-16521
-15831
-15939
-15963
-14860
-13204
-12470
-12920
-13185
-12205
-10780
-10368
-10828
-10679
-9454
-8275
-7775
-7298
-6721
-7023
-8055
-7855
-5618
-3391
-3128
-3836
-3454
-1933
-554
443
1617
2721
3071
2832
2645
2674
2837
3128
3125
2232
824
-27
-193
-460
-789
-209
1336
2755
3674
4858
6555
8071
9229
10657
12466
14115
15677
17681
19654
20423
20101
20350
22249
24950
26837
27310
27165
27605
29009
30609
31477
31613
31577
31472
31103
30772
30897
31178
31078
30673
30163
29240
27872
26691
25706
23943
21233
18606
15979
11915
6952
3957
3197
671
-5752
-12134
-14035
-13044
-13599
-16250
-18558
-20129
-21969
-23007
-22032
-21316
-23661
-27409
-28855
-28106
-28079
-29224
-29822
-30183
-31892
-32768
-32768
-30172
-28302
-28519
-29003
-28432
-27024
-24954
-22640
-21636
-22439
-22664
-20242
-16965
-15750
-15934
-14783
-12331
-10933
-10788
-9714
-7289
-5678
-5804
-5769
-4031
-1733
-662
-678
-406
657
1961
3144
4264
5092
5260
5299
6309
8043
8633
7367
6342
7390
8583
6839
3421
2969
6453
9108
7173
3076
1393
2683
4257
4660
4285
3193
1322
-109
231
1836
3143
3377
2624
1393
1000
2773
5967
8281
9010
9673
11087
12437
13675
15844
18306
18968
18173
18831
21537
23336
22829
22531
24201
25740
25218
24309
24952
25910
25542
24951
25482
25887
24878
23867
24255
24550
23084
21183
20717
20697
19265
17015
15464
14078
11595
8438
5324
1508
-2996
-5884
-6312
-7756
-13343
-20249
-22964
-21084
-19593
-21741
-25649
-28297
-29193
-29102
-28205
-27018
-26960
-28584
-30492
-31031
-30102
-28756
-27873
-27688
-27850
-27591
-26362
-24430
-22516
-20984
-19750
-18634
-17392
-15742
-13820
-12167
-10951
-9736
-8339
-7178
-6310
-4971
-2856
-1053
-700
-1080
-238
2352
4727
4787
3231
2999
5429
8220
8440
6626
5907
7333
8665
8271
7517
7962
8655
8146
7097
6760
6610
5744
4965
5182
5332
4276
3217
3635
4301
3244
1410
1228
2423
2459
690
-955
-1295
-1206
-1489
-1787
-1841
-1910
-1849
-1259
-333
754
2567
5146
7030
7272
7442
9636
13206
15495
15375
14302
14227
15802
18284
20006
19614
17819
17116
18720
20926
21523
20578
19550
19010
18785
19063
19564
18792
16020
13151
12494
13318
12830
10381
8274
8009
8057
6605
4529
3754
3898
2912
484
-1754
-3448
-6083
-9540
-11274
-10806
-11922
-17283
-23362
-24731
-21843
-20135
-22143
-25131
-26478
-26683
-26233
-24109
-21071
-20378
-23017
-25454
-24368
-20989
-18644
-18277
-18509
-18331
-17693
-16501
-14563
-12150
-9993
-8924
-9069
-8939
-6627
-2889
-1108
-2431
-3396
-1003
2381
2852
1411
2027
4760
5990
4943
4718
6413
7270
5899
4760
5592
6354
5040
3265
3397
4582
4413
2953
2299
2924
3052
1824
851
1633
2903
2212
-352
-2004
-1222
3
-787
-2816
-3372
-1834
-153
326
251
518
1157
2182
3752
5170
5273
4188
3453
4134
5786
7133
7097
5653
4373
5197
7900
10038
10293
10146
11133
12498
13203
13950
15153
15154
13016
11060
11714
13545
13433
11281
9528
9135
9074
8942
9187
9307
8376
6944
6316
6437
6285
5568
4425
2584
387
-691
-252
-109
-1470
-2765
-2276
-1112
-1229
-2180
-2351
-1985
-2366
-3272
-3859
-4941
-7547
-10145
-10376
-9239
-10420
-14919
-19088
-19234
-16200
-13855
-14231
-15841
-16396
-15442
-13806
-11807
-9446
-7721
-7936
-9365
-9384
-6811
-3687
-2561
-3315
-3994
-3622
-2633
-1413
-158
434
-82
-850
-739
-72
-83
-966
-1665
-1483
-930
-928
-1694
-2433
-2127
-897
-151
-676
-1244
-460
762
483
-976
-1472
-667
-502
-1678
-2464
-1879
-1342
-1905
-2255
-1046
815
1818
2139
2781
3799
4716
5588
6568
7364
7891
8405
8563
7616
6005
5353
6210
7157
6819
5607
4776
4797
5285
5677
5515
4746
4029
4050
4487
4470
3963
3750
4003
3906
3008
2086
2159
3099
3704
3179
2198
2164
3314
4200
3544
1969
985
872
772
410
205
-31
-879
-1863
-1862
-1034
-711
-1266
-1696
-1474
-1134
-841
-101
791
737
-285
-905
-477
10
-294
-740
-388
494
935
672
386
744
1538
1901
1449
854
659
120
-1419
-2578
-1632
-127
-1776
-6740
-10153
-8396
-4177
-2735
-5079
-7968
-8942
-8145
-6192
-3592
-2078
-3382
-6309
-7461
-5588
-3126
-2666
-3746
-4360
-4136
-4264
-4840
-4341
-2359
-1105
-2500
-4801
-4563
-1849
-558
-2611
-4919
-4211
-2020
-1746
-3010
-2858
-1261
-966
-2153
-1690
1420
3816
2783
349
143
2365
4226
4071
2864
2063
1888
1992
2545
3813
5102
5189
4118
3628
4825
6345
6216
4832
4150
4391
3952
2473
1258
368
-1691
-4515
-5295
-3289
-1846
-3774
-7106
-7962
-5821
-3458
-2892
-3688
-4578
-4829
-4268
-3259
-2509
-2275
-2170
-1990
-1928
-1824
-1211
-205
617
1208
1900
2486
2604
2644
3074
3372
2931
2320
2237
2115
1391
1062
2075
3283
3188
2601
3219
4599
5158
5275
6507
8369
8827
7802
7333
8214
9003
8633
7765
7212
6908
6768
6995
7319
7149
6487
5756
5028
4261
3730
3412
2623
949
-1231
-3476
-5420
-6114
-5130
-4524
-7123
-11940
-14133
-11176
-6549
-5169
-7297
-9397
-9254
-7591
-5684
-4049
-3260
-3906
-5453
-6352
-5645
-3947
-2795
-3191
-4571
-5345
-4725
-3502
-2607
-1911
-1229
-1133
-1438
-494
2106
3713
2086
-672
-660
2181
4232
3596
1993
1185
824
515
1041
2350
2714
1227
-561
-722
542
1449
942
-298
-867
-416
-159
-1169
-2483
-2264
-733
-27
-843
-1511
-1160
-1153
-2152
-2562
-1683
-1630
-3762
-5851
-5589
-4638
-5935
-8782
-10133
-9557
-9372
-10361
-10746
-9537
-8045
-7456
-7135
-6062
-4396
-2885
-1801
-978
-281
314
844
1468
2293
2912
2549
1357
877
2084
3649
3757
3081
3770
5830
7061
6808
7017
8754
10289
10007
9050
9377
10807
11649
11216
10287
9745
9814
10155
10138
9493
8913
9266
10184
10390
9494
8458
8136
8350
8508
8235
7396
6301
5796
6259
6821
6479
5586
5180
5286
5089
4469
4067
3961
3420
2028
239
-1158
-1738
-1956
-3099
-5783
-8336
-8259
-5869
-4537
-6111
-8204
-7799
-5576
-4228
-4086
-3432
-2195
-2127
-3376
-3876
-2739
-1730
-2441
-4016
-4851
-4974
-5378
-6078
-6231
-5797
-5826
-6875
-8010
-8013
-7208
-7122
-8172
-8818
-7885
-6561
-6619
-7517
-7356
-6183
-5781
-6149
-5192
-2713
-1585
-3257
-4905
-3528
-634
77
-1748
-3092
-2408
-1358
-1504
-1973
-1405
-270
29
-643
-1043
-332
903
1524
1345
1228
1727
2270
2134
1616
1429
1477
1262
982
1010
782
-320
-1369
-1005
84
-186
-2047
-3397
-3049
-2309
-2527
-3046
-2789
-2236
-2431
-3147
-3362
-2841
-2212
-1999
-2246
-2686
-2855
-2532
-2166
-2285
-2548
-2194
-1345
-861
-913
-715
251
1651
2962
3926
4418
4643
5213
6266
6998
6943
6978
7929
8936
8736
7931
8182
9537
10425
10254
10177
10995
11967
12237
12118
12326
12854
13207
13143
12821
12561
12564
12670
12553
12292
12308
12564
12480
11861
11117
10373
9378
8425
8001
7270
4729
1010
-1065
-527
-250
-3008
-7247
-9215
-8164
-6890
-7522
-9230
-10329
-10528
-10393
-10084
-9548
-9226
-9742
-11024
-12140
-12181
-11297
-10611
-10875
-11604
-11963
-11887
-11551
-10547
-8936
-8269
-9694
-11496
-10883
-8219
-6906
-8486
-10486
-10291
-8697
-7932
-8152
-7990
-7211
-6625
-6144
-4908
-3080
-1874
-1727
-1696
-867
500
1484
1663
1489
1652
2254
2843
3233
3804
4663
5186
4975
4663
4980
5607
5830
5703
5565
5054
3816
2617
2385
2594
2011
695
-202
-350
-503
-980
-1305
-1313
-1385
-1659
-2109
-3113
-4684
-5551
-4549
-2709
-2339
-3936
-5547
-5450
-4042
-2682
-1916
-1493
-1210
-1078
-1052
-989
-709
-134
407
345
-344
-909
-728
-4
809
1648
2521
3236
3893
4876
5956
6370
6267
6920
8738
10284
10259
9391
9184
9776
10371
10931
11909
12834
12731
11867
11715
13016
14833
15750
15314
14146
13139
12777
12929
13148
13096
12628
11697
10518
9639
9362
9237
8624
7552
6475
5484
4419
3335
2127
229
-2350
-4392
-5152
-5983
-8598
-12136
-13958
-13355
-12443
-13020
-14482
-15507
-15933
-15998
-15316
-13866
-12854
-13355
-14761
-15535
-15026
-13851
-12990
-13042
-13915
-14751
-14572
-13377
-12203
-11857
-11994
-11678
-10524
-9083
-8284
-8455
-8813
-8193
-6485
-4841
-4134
-3855
-3154
-2168
-1469
-802
478
2045
2852
2681
2477
3041
4126
4931
4973
4426
3941
4008
4328
4226
3803
3976
4988
5762
5410
4595
4523
5221
5729
5561
5061
4591
4156
3672
3068
2273
1456
932
573
-140
-1238
-2050
-2210
-2198
-2496
-2932
-3268
-3651
-4094
-4246
-4138
-4306
-4791
-4887
-4348
-3852
-3715
-3243
-2081
-1107
-1053
-1183
-422
947
1831
1986
2031
2258
2494
2881
3734
4705
5040
4791
5002
6423
8514
10038
10430
10312
10690
11780
12825
13092
12725
12359
12217
12036
11692
11343
10989
10417
9606
8839
8402
8378
8580
8487
7638
6403
5866
6415
7017
6532
5252
4301
3992
3740
3272
2842
2383
1483
287
-523
-790
-1160
-2154
-3597
-5016
-6032
-6444
-6568
-7350
-9321
-11523
-12405
-11913
-11721
-13030
-14946
-15639
-14575
-12966
-12211
-12433
-12669
-12136
-11018
-9938
-9036
-8015
-7018
-6711
-7199
-7520
-6835
-5681
-5298
-5931
-6530
-6172
-5136
-4403
-4495
-5013
-5067
-4120
-2587
-1581
-1784
-2616
-2803
-1811
-383
447
540
531
801
1059
1050
1145
1768
2578
2836
2536
2419
2766
2957
2616
2396
2932
3645
3500
2573
1948
2187
2804
3201
3279
3056
2502
1927
1840
2197
2405
2229
2067
2126
2007
1457
896
802
1032
1202
1292
1445
1520
1363
1265
1636
2331
2775
2742
2602
2731
3050
3315
3536
3848
4146
4150
3864
3642
3725
3919
3910
3685
3435
3183
2815
2396
2131
2038
1935
1789
1757
1871
1971
2041
2283
2738
3129
3258
3298
3477
3671
3573
3187
2923
3125
3581
3656
3002
2082
1736
2156
2616
2413
1746
1309
1315
1453
1544
1667
1623
1021
50
-457
-70
589
593
-221
-1297
-2117
-2522
-2516
-2276
-2225
-2668
-3343
-3674
-3497
-3194
-3118
-3199
-3248
-3297
-3469
-3720
-3941
-4140
-4350
-4467
-4408
-4306
-4362
-4536
-4568
-4290
-3758
-3136
-2598
-2319
-2343
-2451
-2339
-1976
-1600
-1374
-1241
-1172
-1271
-1498
-1557
-1268
-856
-635
-579
-504
-506
-812
-1258
-1329
-872
-385
-406
-871
-1294
-1375
-1173
-879
-679
-745
-1088
-1446
-1552
-1490
-1579
-1919
-2298
-2533
-2661
-2740
-2733
-2676
-2754
-2994
-3111
-2842
-2339
-2005
-1970
-1959
-1669
-1142
-672
-439
-314
4
651
1422
1966
2174
2309
2684
3297
3880
4225
4362
4450
4624
4932
5298
5550
5564
5433
5349
5365
5383
5380
5467
5662
5804
5786
5696
5626
5521
5369
5384
5700
6020
5853
5150
4430
4183
4342
4448
4155
3505
2830
2464
2425
2309
1685
706
65
146
455
152
-951
-2235
-3017
-3111
-2737
-2278
-2225
-2916
-4048
-4761
-4509
-3718
-3252
-3406
-3716
-3675
-3263
-2764
-2402
-2275
-2305
-2145
-1412
-240
622
554
-177
-682
-423
318
905
1026
785
405
81
23
381
1031
1564
1642
1317
938
736
625
433
191
28
-144
-601
-1402
-2248
-2870
-3356
-3865
-4232
-4216
-4056
-4370
-5343
-6383
-6827
-6708
-6552
-6626
-6779
-6900
-7111
-7410
-7526
-7312
-7020
-6963
-7082
-7064
-6788
-6422
-6164
-6054
-5987
-5769
-5190
-4263
-3366
-2915
-2859
-2667
-1945
-894
-46
342
476
673
1011
1361
1644
1940
2351
2832
3226
3484
3759
4183
4623
4823
4799
4913
5407
6019
6257
6024
5749
5870
6348
6786
6911
6811
6743
6820
6942
6985
6961
6950
6880
6556
5934
5271
4843
4580
4196
3640
3169
2927
2702
2269
1768
1510
1562
1725
1865
1971
1985
1854
1761
1953
2288
2297
1861
1495
1685
2190
2390
2165
1993
2205
2569
2738
2752
2828
2944
2941
2871
2936
3092
3049
2680
2222
1943
1833
1739
1641
1621
1631
1511
1235
940
686
349
-142
-586
-737
-717
-989
-1809
-2867
-3636
-3976
-4185
-4500
-4836
-5105
-5511
-6250
-7086
-7543
-7509
-7402
-7628
-8125
-8547
-8724
-8754
-8783
-8869
-8994
-9056
-8901
-8527
-8199
-8166
-8314
-8266
-7863
-7319
-6891
-6587
-6317
-6118
-6040
-5940
-5632
-5202
-4934
-4920
-4910
-4647
-4195
-3834
-3683
-3547
-3140
-2403
-1574
-959
-629
-369
68
700
1315
1741
1993
2200
2466
2811
3189
3488
3634
3697
3850
4159
4505
4742
4857
4923
4980
5058
5213
5437
5596
5616
5657
5916
6289
6444
6287
6140
6336
6792
7139
7191
7074
6971
6930
6930
6990
7123
7298
7491
7696
7840
7786
7508
7197
7125
7371
7733
7902
7697
7192
6625
6209
6000
5922
5866
5727
5418
4935
4407
3977
3643
3277
2832
2404
2030
1578
945
253
-284
-639
-981
-1434
-1968
-2507
-2996
-3358
-3529
-3609
-3816
-4212
-4620
-4883
-5100
-5448
-5896
-6260
-6463
-6600
-6745
-6885
-7032
-7248
-7497
-7605
-7441
-7086
-6742
-6552
-6523
-6574
-6594
-6528
-6438
-6418
-6438
-6340
-6093
-5899
-5959
-6174
-6223
-5931
-5432
-4999
-4776
-4719
-4678
-4530
-4290
-4094
-4030
-4002
-3846
-3575
-3376
-3346
-3379
-3337
-3222
-3081
-2885
-2603
-2340
-2241
-2289
-2322
-2245
-2111
-2001
-1925
-1837
-1678
-1399
-1041
-760
-661
-596
-289
314
954
1389
1693
2085
2619
3138
3515
3767
3976
4201
4489
4819
5077
5153
5098
5076
5152
5267
5380
5516
5647
5674
5630
5716
6034
6387
6507
6410
6354
6468
6610
6596
6447
6324
6331
6452
6597
6650
6538
6308
6090
5962
5883
5802
5742
5720
5628
5300
4689
3936
3266
2847
2694
2657
2534
2218
1751
1230
728
332
160
223
324
204
-205
-765
-1331
-1854
-2303
-2617
-2806
-2973
-3187
-3404
-3589
-3805
-4074
-4255
-4185
-3890
-3552
-3325
-3263
-3408
-3755
-4144
-4348
-4295
-4125
-3989
-3940
-4019
-4306
-4751
-5083
-5029
-4594
-4023
-3569
-3360
-3405
-3588
-3671
-3482
-3106
-2772
-2551
-2297
-1930
-1612
-1538
-1648
-1678
-1439
-963
-427
-26
103
-43
-289
-413
-345
-211
-159
-200
-260
-315
-428
-625
-796
-743
-397
83
420
479
354
222
180
246
410
605
677
517
205
-104
-411
-827
-1306
-1584
-1512
-1290
-1268
-1572
-2055
-2523
-2844
-2913
-2703
-2398
-2279
-2412
-2576
-2570
-2465
-2420
-2400
-2224
-1863
-1501
-1284
-1152
-959
-676
-388
-163
16
216
502
889
1325
1705
1954
2088
2211
2437
2804
3227
3566
3753
3869
4035
4258
4437
4533
4644
4858
5122
5301
5349
5319
5264
5210
5199
5249
5281
5171
4916
4655
4475
4273
3913
3459
3151
3121
3225
3188
2875
2380
1884
1502
1264
1167
1172
1156
968
561
56
-365
-615
-708
-674
-541
-424
-486
-751
-1042
-1170
-1137
-1066
-997
-886
-796
-889
-1173
-1415
-1392
-1152
-906
-747
-625
-535
-534
-580
-519
-291
-48
73
139
267
378
262
-85
-371
-337
-42
242
336
269
137
-5
-115
-123
-20
115
186
190
160
74
-125
-421
-690
-862
-994
-1187
-1443
-1699
-1954
-2288
-2707
-3101
-3379
-3603
-3894
-4251
-4555
-4734
-4850
-4984
-5150
-5326
-5530
-5759
-5918
-5898
-5727
-5568
-5559
-5685
-5833
-5916
-5911
-5835
-5720
-5595
-5466
-5339
-5255
-5276
-5382
-5413
-5200
-4756
-4289
-3999
-3885
-3785
-3557
-3183
-2725
-2245
-1774
-1330
-904
-472
-21
438
875
1282
1686
2128
2633
3192
3732
4161
4440
4655
4960
5424
5969
6454
6806
7048
7221
7349
7478
7678
7964
8231
8344
8293
8202
8193
8248
8256
8148
7972
7836
7789
7772
7669
7415
7057
6706
6424
6185
5917
5595
5237
4856
4423
3915
3369
2865
2458
2141
1844
1488
1040
531
28
-405
-728
-943
-1114
-1338
-1682
-2113
-2521
-2824
-3025
-3170
-3259
-3266
-3229
-3259
-3442
-3715
-3917
-3927
-3758
-3520
-3305
-3154
-3090
-3137
-3268
-3366
-3288
-2978
-2530
-2108
-1836
-1737
-1747
-1763
-1705
-1568
-1398
-1225
-1046
-887
-850
-1036
-1397
-1741
-1914
-1915
-1840
-1765
-1742
-1849
-2140
-2538
-2862
-3000
-3004
-2995
-3026
-3100
-3245
-3511
-3874
-4227
-4470
-4589
-4632
-4655
-4705
-4814
-4981
-5161
-5306
-5397
-5437
-5420
-5327
-5161
-4956
-4751
-4568
-4402
-4231
-4018
-3712
-3266
-2689
-2070
-1530
-1116
-749
-307
238
818
1367
1901
2472
3074
3648
4146
4579
4982
5377
5778
6187
6593
6976
7325
7640
7907
8091
8188
8234
8280
8352
8447
8534
8561
8472
8266
8005
7763
7559
7364
7152
6924
6668
6367
6010
5605
5155
4671
4201
3801
3477
3154
2760
2288
1772
1234
687
181
-233
-558
-874
-1250
-1692
-2162
-2625
-3056
-3423
-3707
-3934
-4154
-4389
-4617
-4801
-4935
-5042
-5136
-5203
-5219
-5191
-5153
-5132
-5109
-5047
-4938
-4825
-4750
-4721
-4712
-4689
-4616
-4473
-4273
-4078
-3948
-3896
-3886
-3881
-3853
-3777
-3628
-3435
-3269
-3182
-3163
-3163
-3150
-3106
-2995
-2786
-2509
-2259
-2114
-2063
-2023
-1912
-1704
-1439
-1171
-934
-736
-573
-443
-334
-220
-63
146
390
622
793
877
882
874
936
1110
1353
1576
1709
1755
1767
1805
1898
2031
2180
2336
2506
2680
2811
2853
2824
2817
2905
3070
3218
3276
3263
3249
3265
3266
3200
3083
2992
2983
3029
3047
2973
2812
2614
2427
2267
2139
2050
2011
2022
2052
2046
1959
1797
1625
1513
1490
1526
1580
1631
1664
1665
1614
1511
1384
1281
1245
1299
1426
1554
1591
1502
1341
1200
1126
1085
1026
944
869
805
714
553
313
31
-244
-473
-640
-762
-873
-1000
-1155
-1351
-1599
-1881
-2141
-2316
-2402
-2458
-2552
-2710
-2916
-3157
-3425
-3692
-3916
-4070
-4173
-4269
-4398
-4569
-4772
-4985
-5185
-5342
-5435
-5454
-5409
-5334
-5274
-5253
-5257
-5237
-5156
-5013
-4821
-4586
-4303
-3986
-3664
-3366
-3092
-2829
-2556
-2252
-1900
-1494
-1061
-641
-254
101
427
718
989
1279
1625
2017
2413
2762
3026
3194
3294
3387
3534
3741
3963
4147
4279
4368
4412
4410
4380
4371
4414
4500
4584
4624
4602
4515
4384
4247
4124
4013
3903
3803
3720
3630
3475
3225
2921
2638
2410
2218
2028
1830
1629
1423
1207
980
743
496
251
47
-79
-139
-180
-243
-334
-432
-525
-602
-653
-663
-645
-627
-632
-663
-710
-762
-811
-834
-821
-799
-817
-886
-956
-973
-939
-907
-911
-936
-958
-981
-1025
-1091
-1161
-1215
-1242
-1242
-1231
-1243
-1298
-1380
-1446
-1474
-1470
-1439
-1369
-1275
-1198
-1179
-1210
-1243
-1247
-1226
-1201
-1184
-1171
-1174
-1202
-1259
-1332
-1402
-1455
-1484
-1497
-1504
-1518
-1541
-1568
-1594
-1618
-1643
-1661
-1659
-1621
-1548
-1453
-1356
-1272
-1207
-1155
-1096
-1016
-906
-778
-648
-525
-414
-329
-284
-266
-241
-179
-87
6
89
175
262
331
367
378
397
450
551
687
813
888
918
951
1030
1137
1236
1317
1399
1493
1585
1660
1723
1788
1868
1965
2061
2127
2141
2122
2100
2087
2068
2030
1984
1949
1921
1870
1768
1616
1447
1305
1198
1099
980
847
723
610
498
391
300
215
119
24
-39
-64
-88
-128
-160
-169
-187
-256
-364
-452
-474
-447
-423
-438
-493
-557
-596
-602
-596
-603
-617
-605
-549
-465
-386
-326
-274
-210
-136
-69
-21
27
104
219
347
460
549
618
665
691
715
760
832
912
978
1018
1014
946
818
678
578
526
492
441
360
238
65
-159
-400
-615
-781
-894
-972
-1050
-1169
-1344
-1534
-1684
-1777
-1841
-1904
-1960
-1993
-2001
-2000
-2001
-2006
-2016
-2024
-2018
-1989
-1938
-1868
-1780
-1689
-1615
-1559
-1507
-1441
-1358
-1260
-1138
-989
-825
-664
-515
-379
-249
-112
54
251
456
642
798
933
1057
1179
1310
1461
1614
1737
1808
1820
1784
1727
1688
1686
1706
1707
1666
1578
1441
1253
1032
811
617
450
302
167
26
-137
-334
-547
-748
-918
-1055
-1157
-1225
-1266
-1291
-1312
-1340
-1379
-1419
-1438
-1410
-1333
-1221
-1096
-967
-838
-716
-611
-524
-432
-310
-147
47
256
459
633
764
868
977
1110
1276
1473
1703
1937
2122
2239
2325
2427
2545
2648
2723
2787
2850
2894
2897
2861
2793
2698
2571
2416
2242
2067
1901
1736
1550
1333
1081
800
496
182
-116
-380
-613
-834
-1059
-1295
-1539
-1783
-2009
-2199
-2343
-2442
-2504
-2543
-2576
-2608
-2633
-2644
-2642
-2612
-2533
-2406
-2264
-2140
-2031
-1910
-1771
-1629
-1488
-1334
-1158
-974
-799
-642
-506
-386
-269
-135
16
161
287
405
524
634
711
753
782
812
848
888
933
967
964
905
804
686
570
459
357
269
184
79
-67
-256
-476
-706
-920
-1096
-1233
-1346
-1461
-1588
-1728
-1873
-2014
-2127
-2188
-2196
-2164
-2111
-2046
-1976
-1904
-1825
-1731
-1613
-1456
-1252
-1019
-790
-581
-374
-156
60
257
446
657
900
1150
1385
1597
1777
1921
2044
2173
2305
2424
2525
2624
2720
2787
2816
2830
2847
2861
2865
2869
2871
2858
2819
2767
2701
2599
2456
2309
2192
2088
1955
1785
1607
1433
1247
1044
840
644
442
224
-3
-222
-426
-625
-819
-994
-1140
-1264
-1386
-1513
-1627
-1707
-1755
-1793
-1831
-1855
-1857
-1843
-1817
-1771
-1696
-1600
-1501
-1412
-1331
-1254
-1166
-1066
-967
-879
-794
-699
-605
-547
-535
-534
-510
-469
-438
-424
-400
-355
-319
-317
-346
-388
-423
-447
-449
-429
-405
-398
-413
-435
-457
-490
-539
-588
-613
-610
-599
-591
-595
-620
-675
-747
-806
-828
-826
-817
-816
-817
-823
-842
-875
-907
-920
-897
-837
-755
-669
-586
-505
-427
-352
-269
-159
-21
131
278
420
559
684
797
906
1027
1154
1268
1366
1455
1540
1609
1652
1672
1679
1678
1676
1678
1676
1656
1611
1558
1508
1454
1382
1304
1240
1189
1125
1033
931
842
772
711
654
601
551
497
433
365
302
243
188
139
99
64
16
-58
-146
-223
-274
-311
-348
-386
-419
-443
-459
-475
-501
-533
-547
-529
-484
-435
-392
-352
-315
-284
-252
-202
-140
-82
-25
47
130
198
241
282
334
389
430
451
454
435
405
377
350
310
260
225
207
179
119
38
-40
-108
-172
-230
-280
-326
-366
-398
-430
-475
-534
-579
-595
-598
-612
-640
-662
-669
-673
-692
-730
-768
-797
-815
-829
-840
-843
-850
-880
-926
-959
-963
-952
-944
-935
-918
-901
-901
-904
-887
-852
-807
-752
-679
-596
-522
-465
-410
-342
-261
-177
-93
-11
64
129
191
249
295
323
343
378
431
474
488
488
499
521
528
510
493
503
527
539
535
526
524
524
525
520
510
499
502
519
533
534
529
534
545
549
544
545
555
560
546
515
480
458
451
439
403
353
316
307
313
309
293
272
252
229
206
193
196
213
234
255
278
300
310
308
300
303
319
348
381
413
432
431
411
383
360
347
336
317
285
244
200
150
85
9
-68
-141
-213
-278
-327
-368
-422
-499
-587
-674
-754
-822
-869
-901
-937
-981
-1021
-1052
-1090
-1145
-1199
-1234
-1255
-1273
-1289
-1302
-1320
-1346
-1375
-1402
-1426
-1435
-1425
-1400
-1376
-1355
-1323
-1282
-1240
-1197
-1143
-1079
-1014
-945
-860
-764
-675
-593
-494
-370
-235
-108
11
127
244
362
476
576
662
749
854
963
1048
1111
1178
1260
1333
1372
1394
1430
1485
1534
1554
1554
1562
1587
1619
1640
1648
1642
1620
1589
1559
1545
1533
1516
1493
1466
1432
1391
1345
1294
1232
1158
1090
1035
978
911
844
790
736
666
590
519
449
367
281
208
152
100
45
-10
-64
-117
-162
-198
-237
-283
-329
-366
-396
-424
-450
-472
-495
-523
-552
-578
-603
-631
-652
-662
-668
-678
-694
-718
-747
-776
-803
-827
-855
-884
-911
-938
-970
-998
-1008
-1012
-1037
-1093
-1154
-1188
-1192
-1192
-1206
-1236
-1273
-1306
-1328
-1342
-1357
-1379
-1404
-1414
-1406
-1391
-1385
-1385
-1378
-1364
-1355
-1345
-1320
-1282
-1254
-1249
-1234
-1186
-1116
-1055
-1005
-950
-883
-810
-728
-632
-529
-430
-337
-242
-150
-60
32
131
235
341
465
603
737
845
943
1054
1178
1294
1390
1479
1570
1664
1750
1820
1881
1948
2026
2101
2157
2201
2253
2311
2350
2357
2347
2337
2327
2313
2295
2278
2255
2213
2153
2082
2014
1940
1851
1748
1648
1565
1489
1389
1258
1120
1002
898
780
637
488
354
242
130
3
-135
-263
-371
-462
-552
-640
-723
-806
-891
-970
-1041
-1108
-1177
-1235
-1276
-1305
-1329
-1338
-1331
-1329
-1344
-1359
-1344
-1308
-1275
-1251
-1224
-1196
-1177
-1161
-1133
-1094
-1057
-1020
-978
-934
-899
-870
-836
-799
-774
-766
-761
-752
-742
-744
-757
-773
-784
-789
-796
-813
-835
-856
-884
-922
-966
-1004
-1035
-1066
-1093
-1109
-1122
-1149
-1187
-1217
-1227
-1226
-1225
-1225
-1219
-1203
-1174
-1132
-1080
-1026
-970
-912
-849
-773
-681
-576
-466
-354
-234
-106
18
136
258
390
531
676
820
959
1100
1251
1414
1565
1686
1783
1876
1968
2054
2139
2230
2314
2375
2420
2462
2493
2503
2491
2472
2442
2393
2334
2280
2227
2151
2045
1923
1800
1674
1543
1409
1268
1116
953
785
618
451
287
127
-32
-186
-329
-467
-614
-772
-926
-1059
-1168
-1260
-1348
-1434
-1514
-1578
-1631
-1685
-1735
-1762
-1756
-1736
-1723
-1706
-1667
-1608
-1554
-1510
-1457
-1385
-1302
-1222
-1134
-1027
-899
-768
-654
-562
-481
-393
-296
-194
-93
6
103
199
291
371
432
482
538
602
651
670
677
700
731
739
720
693
672
655
633
612
593
560
507
443
384
331
283
232
178
123
71
26
-17
-58
-95
-131
-172
-222
-262
-280
-283
-287
-293
-294
-285
-267
-238
-203
-173
-157
-145
-123
-86
-44
-1
45
100
163
228
285
329
360
392
430
473
509
536
557
576
596
614
622
614
595
570
546
521
490
450
407
363
313
248
166
78
-7
-92
-177
-253
-320
-393
-485
-584
-672
-750
-836
-925
-1003
-1063
-1115
-1168
-1218
-1261
-1300
-1335
-1355
-1360
-1363
-1365
-1362
-1347
-1317
-1267
-1199
-1120
-1041
-960
-877
-793
-716
-635
-531
-406
-278
-162
-50
69
195
314
434
565
704
835
950
1053
1151
1241
1318
1390
1462
1532
1592
1640
1684
1724
1747
1751
1745
1742
1739
1721
1685
1636
1588
1540
1481
1400
1314
1244
1185
1107
993
862
747
655
564
461
357
266
180
88
-9
-99
-181
-261
-342
-418
-486
-551
-619
-684
-734
-765
-788
-816
-850
-880
-900
-914
-925
-926
-914
-895
-879
-871
-864
-856
-849
-840
-822
-798
-779
-765
-754
-745
-742
-744
-738
-714
-682
-664
-668
-682
-691
-697
-708
-719
-732
-749
-771
-783
-786
-794
-816
-841
-857
-869
-891
-917
-928
-930
-934
-940
-934
-911
-891
-889
-892
-886
-870
-848
-817
-771
-709
-644
-585
-531
-475
-410
-338
-265
-197
-125
-37
68
177
280
377
472
569
667
767
872
982
1085
1173
1255
1353
1463
1563
1637
1699
1769
1842
1906
1962
2020
2078
2119
2144
2167
2197
2225
2238
2230
2208
2186
2170
2153
2120
2071
2015
1956
1890
1818
1750
1680
1595
1497
1401
1316
1227
1122
1009
896
782
663
538
411
286
168
61
-45
-162
-289
-416
-534
-649
-763
-869
-968
-1067
-1166
-1263
-1353
-1440
-1526
-1611
-1691
-1765
-1834
-1906
-1977
-2032
-2065
-2094
-2141
-2208
-2272
-2314
-2327
-2322
-2312
-2315
-2333
-2345
-2333
-2307
-2293
-2291
-2283
-2259
-2226
-2189
-2149
-2113
-2076
-2023
-1945
-1860
-1787
-1716
-1626
-1527
-1440
-1365
-1274
-1162
-1049
-952
-860
-754
-631
-503
-379
-260
-138
-5
139
281
411
536
662
790
919
1049
1176
1299
1416
1531
1651
1766
1870
1964
2051
2136
2216
2288
2358
2431
2507
2569
2598
2608
2631
2671
2694
2680
2649
2628
2612
2579
2531
2491
2454
2396
2311
2216
2122
2024
1924
1830
1740
1639
1523
1403
1286
1165
1037
909
780
650
512
370
237
118
14
-84
-187
-291
-395
-503
-618
-731
-827
-904
-966
-1025
-1082
-1146
-1218
-1279
-1320
-1346
-1373
-1402
-1428
-1456
-1489
-1516
-1520
-1508
-1498
-1491
-1479
-1467
-1470
-1483
-1485
-1471
-1458
-1454
-1444
-1414
-1375
-1355
-1355
-1358
-1349
-1335
-1325
-1314
-1296
-1281
-1283
-1291
-1281
-1250
-1226
-1226
-1231
-1216
-1189
-1168
-1150
-1120
-1087
-1062
-1042
-1004
-952
-904
-867
-824
-765
-706
-653
-597
-526
-439
-344
-248
-154
-58
52
177
297
390
471
569
689
814
929
1042
1160
1278
1389
1495
1603
1710
1814
1914
2014
2114
2203
2269
2312
2349
2381
2406
2428
2459
2496
2513
2494
2459
2432
2401
2344
2268
2198
2135
2055
1952
1839
1726
1605
1476
1346
1213
1072
926
785
643
489
332
182
33
-128
-294
-448
-584
-715
-845
-963
-1071
-1181
-1292
-1392
-1477
-1555
-1629
-1689
-1738
-1785
-1835
-1871
-1884
-1881
-1878
-1872
-1850
-1810
-1767
-1731
-1691
-1631
-1559
-1489
-1424
-1349
-1266
-1187
-1110
-1025
-930
-845
-771
-694
-605
-520
-450
-381
-302
-219
-148
-92
-42
6
49
87
123
152
169
183
200
217
228
232
229
221
209
200
194
185
166
133
98
71
64
67
59
37
14
6
3
-4
-12
-15
-20
-25
-19
6
33
42
43
58
95
138
173
203
235
277
323
361
386
415
464
526
572
602
636
684
725
744
750
756
764
773
788
807
822
830
835
832
811
776
743
718
686
644
595
541
478
409
342
271
190
114
58
13
-43
-115
-196
-282
-369
-449
-515
-586
-672
-759
-825
-871
-914
-957
-1000
-1047
-1111
-1175
-1214
-1224
-1225
-1222
-1211
-1188
-1165
-1150
-1137
-1121
-1096
-1059
-1007
-943
-875
-805
-737
-670
-597
-508
-404
-300
-207
-116
-16
99
216
323
425
530
635
721
786
857
958
1067
1150
1208
1275
1354
1417
1454
1489
1529
1555
1562
1569
1584
1581
1554
1526
1514
1489
1431
1356
1293
1234
1159
1072
986
902
810
709
607
506
404
298
192
86
-11
-102
-204
-320
-428
-510
-579
-662
-755
-832
-887
-937
-993
-1047
-1095
-1133
-1153
-1155
-1148
-1145
-1139
-1126
-1114
-1103
-1076
-1028
-983
-957
-933
-889
-829
-771
-716
-659
-603
-554
-505
-453
-405
-363
-317
-268
-226
-191
-150
-104
-81
-89
-111
-127
-138
-142
-135
-123
-130
-153
-175
-191
-214
-240
-259
-277
-319
-375
-407
-406
-407
-438
-482
-508
-511
-499
-480
-460
-444
-421
-387
-344
-302
-257
-202
-139
-73
2
94
192
281
366
461
572
684
791
902
1024
1155
1274
1370
1449
1531
1632
1740
1836
1913
1980
2041
2099
2149
2190
2214
2224
2228
2226
2203
2155
2099
2048
1996
1926
1838
1738
1628
1510
1388
1259
1118
972
835
701
544
361
175
1
-171
-345
-504
-649
-801
-967
-1121
-1248
-1377
-1525
-1664
-1764
-1836
-1914
-2008
-2104
-2185
-2250
-2294
-2321
-2341
-2350
-2345
-2333
-2325
-2315
-2283
-2232
-2178
-2124
-2051
-1964
-1885
-1815
-1738
-1644
-1547
-1452
-1357
-1262
-1175
-1091
-1002
-911
-820
-724
-611
-502
-412
-338
-262
-190
-130
-78
-21
36
79
117
167
227
277
308
329
354
389
436
479
506
518
535
562
588
613
644
680
701
709
730
777
834
885
936
988
1033
1068
1108
1158
1207
1255
1317
1394
1461
1503
1536
1588
1656
1716
1760
1794
1833
1874
1910
1938
1958
1975
1993
2004
1999
1978
1946
1912
1880
1852
1817
1768
1700
1627
1555
1477
1380
1263
1143
1032
924
804
666
530
406
278
128
-36
-185
-308
-430
-567
-709
-846
-985
-1128
-1263
-1386
-1513
-1650
-1777
-1872
-1943
-2008
-2080
-2158
-2237
-2294
-2315
-2321
-2344
-2391
-2431
-2448
-2458
-2467
-2451
-2406
-2358
-2329
-2302
-2260
-2209
-2161
-2105
-2029
-1940
-1856
-1775
-1691
-1607
-1524
-1435
-1349
-1281
-1223
-1146
-1038
-925
-841
-778
-704
-599
-483
-386
-320
-259
-175
-71
24
95
164
246
328
392
456
540
634
711
774
844
923
991
1047
1107
1174
1239
1301
1370
1441
1496
1538
1587
1654
1722
1772
1806
1837
1870
1904
1933
1955
1976
1995
2007
2009
2002
1996
1994
1984
1963
1941
1924
1896
1843
1776
1721
1678
1630
1562
1475
1377
1280
1192
1119
1046
958
858
758
661
558
444
328
218
112
10
-83
-173
-273
-384
-495
-595
-688
-780
-870
-960
-1049
-1126
-1185
-1230
-1283
-1346
-1401
-1443
-1481
-1521
-1554
-1575
-1597
-1627
-1654
-1660
-1655
-1656
-1664
-1666
-1655
-1638
-1616
-1588
-1556
-1527
-1499
-1469
-1434
-1392
-1342
-1291
-1252
-1225
-1191
-1140
-1077
-1013
-953
-899
-850
-801
-742
-677
-620
-574
-516
-440
-359
-295
-241
-175
-92
-12
46
89
136
198
276
363
446
519
584
649
716
773
818
861
919
992
1056
1100
1134
1180
1235
1279
1309
1340
1376
1402
1408
1409
1423
1441
1442
1428
1416
1407
1392
1366
1337
1314
1289
1252
1200
1139
1077
1021
971
910
831
744
663
595
530
459
383
303
224
153
88
13
-79
-176
-248
-295
-346
-420
-504
-575
-631
-689
-747
-792
-824
-857
-900
-939
-967
-990
-1018
-1039
-1045
-1044
-1053
-1070
-1078
-1070
-1059
-1054
-1047
-1028
-997
-967
-939
-912
-883
-861
-849
-837
-815
-785
-758
-734
-705
-662
-615
-575
-537
-498
-456
-414
-366
-317
-277
-250
-222
-184
-139
-102
-71
-36
8
55
100
140
178
223
278
334
376
410
454
516
576
616
651
695
743
780
811
850
893
929
954
985
1025
1056
1070
1076
1086
1102
1114
1118
1119
1115
1099
1073
1050
1044
1046
1033
993
950
919
884
825
750
680
619
549
470
403
349
290
214
135
67
5
-60
-128
-194
-268
-354
-447
-535
-609
-669
-723
-779
-846
-910
-958
-988
-1020
-1062
-1106
-1140
-1162
-1172
-1174
-1179
-1198
-1222
-1232
-1227
-1219
-1213
-1200
-1180
-1162
-1145
-1114
-1067
-1021
-987
-954
-902
-841
-784
-736
-680
-613
-548
-501
-466
-426
-373
-315
-266
-224
-169
-89
-9
45
70
101
162
238
303
350
391
435
475
506
535
569
609
650
683
708
729
753
782
811
828
834
839
853
877
895
901
897
903
922
940
939
928
926
924
910
890
886
900
906
891
871
860
851
834
809
781
746
706
676
659
639
605
568
545
526
501
472
445
407
346
277
226
195
157
95
20
-51
-112
-172
-233
-291
-344
-398
-460
-533
-607
-671
-723
-775
-835
-900
-966
-1030
-1089
-1143
-1193
-1240
-1279
-1312
-1343
-1377
-1407
-1428
-1445
-1465
-1479
-1480
-1471
-1465
-1459
-1433
-1394
-1357
-1330
-1298
-1250
-1193
-1135
-1073
-1001
-922
-838
-749
-661
-583
-510
-424
-328
-241
-172
-98
-4
97
181
251
325
414
513
611
703
781
841
892
953
1018
1070
1101
1124
1155
1189
1211
1217
1221
1241
1269
1283
1276
1260
1251
1244
1234
1223
1215
1201
1169
1130
1100
1075
1037
982
928
893
870
843
810
778
749
716
682
651
621
587
546
501
458
418
383
352
321
288
254
216
173
132
98
70
34
-17
-67
-103
-127
-163
-220
-284
-343
-391
-432
-474
-524
-585
-645
-697
-748
-807
-872
-928
-974
-1022
-1078
-1135
-1182
-1220
-1251
-1282
-1315
-1347
-1380
-1413
-1441
-1457
-1460
-1460
-1466
-1472
-1459
-1426
-1404
-1409
-1415
-1385
-1316
-1242
-1190
-1149
-1105
-1047
-977
-892
-801
-705
-607
-506
-413
-329
-249
-162
-71
20
114
209
303
396
496
597
688
761
832
908
984
1051
1121
1203
1284
1345
1390
1430
1461
1475
1481
1491
1503
1504
1498
1495
1490
1475
1448
1420
1387
1348
1312
1285
1260
1225
1175
1113
1039
959
887
835
793
744
682
614
546
484
430
379
320
249
177
116
76
48
20
-24
-82
-131
-159
-184
-223
-262
-283
-294
-325
-372
-409
-425
-440
-466
-495
-511
-521
-530
-538
-557
-593
-637
-657
-657
-662
-686
-710
-716
-721
-742
-775
-804
-827
-854
-881
-898
-911
-932
-958
-979
-983
-974
-961
-957
-970
-989
-1000
-999
-992
-981
-966
-945
-928
-918
-909
-883
-834
-779
-737
-707
-668
-604
-526
-461
-407
-351
-290
-231
-173
-96
-1
84
144
203
286
388
475
538
590
641
692
748
814
888
956
1011
1057
1097
1135
1177
1223
1257
1262
1247
1238
1247
1262
1262
1244
1216
1183
1143
1100
1061
1027
984
930
866
801
738
679
624
570
513
455
396
332
257
174
95
30
-27
-88
-156
-224
-287
-343
-393
-438
-483
-521
-539
-540
-545
-570
-604
-625
-627
-623
-622
-626
-630
-630
-625
-617
-608
-598
-585
-571
-558
-546
-528
-501
-471
-443
-419
-394
-369
-346
-326
-310
-298
-288
-279
-272
-265
-256
-246
-246
-250
-247
-234
-231
-252
-279
-285
-273
-264
-263
-262
-255
-250
-243
-238
-235
-237
-238
-229
-218
-211
-206
-195
-181
-168
-148
-116
-84
-60
-34
0
35
60
97
158
220
250
258
281
334
392
436
477
522
569
612
655
699
729
740
741
745
760
777
791
798
803
810
815
810
800
797
794
774
735
695
660
622
572
521
470
414
354
300
252
192
120
54
2
-53
-119
-186
-243
-302
-370
-438
-498
-545
-580
-610
-642
-686
-729
-755
-774
-805
-842
-860
-859
-866
-886
-894
-886
-876
-873
-856
-818
-779
-759
-739
-695
-633
-584
-554
-518
-461
-397
-350
-325
-300
-254
-190
-133
-95
-63
-24
24
64
99
135
172
205
237
272
310
342
361
369
365
360
370
400
426
426
403
378
360
353
359
380
398
399
384
371
365
358
340
311
285
271
276
282
271
248
240
262
289
296
289
295
316
329
316
293
285
299
315
318
309
299
303
323
347
363
361
348
338
337
340
341
338
339
344
346
337
310
274
239
214
199
179
144
97
53
15
-23
-68
-113
-150
-181
-220
-273
-327
-366
-389
-411
-448
-505
-566
-618
-657
-690
-724
-764
-810
-855
-887
-903
-915
-931
-947
-952
-947
-940
-933
-926
-914
-888
-844
-789
-742
-713
-686
-647
-597
-553
-519
-482
-432
-370
-303
-238
-172
-95
-11
71
139
202
272
347
414
470
522
579
635
688
740
786
813
825
846
891
944
975
971
947
930
930
936
927
901
871
853
835
810
784
761
732
685
630
578
523
462
416
394
367
299
205
130
91
66
32
-2
-33
-73
-121
-158
-181
-205
-238
-263
-270
-275
-288
-302
-315
-329
-350
-356
-338
-310
-295
-293
-293
-296
-299
-295
-274
-248
-236
-245
-261
-268
-256
-238
-227
-233
-251
-266
-268
-255
-241
-236
-247
-269
-297
-325
-349
-357
-357
-371
-406
-443
-460
-469
-498
-544
-572
-565
-550
-553
-568
-576
-584
-600
-610
-598
-569
-544
-528
-514
-500
-486
-463
-416
-356
-303
-264
-223
-167
-104
-48
-2
39
89
157
234
298
340
385
459
550
625
676
727
793
852
889
919
966
1022
1054
1061
1069
1088
1105
1104
1094
1081
1064
1042
1028
1027
1015
976
922
876
835
789
739
687
627
548
467
401
346
277
194
126
82
38
-28
-104
-173
-233
-297
-362
-415
-459
-506
-559
-600
-626
-653
-696
-739
-755
-747
-744
-765
-788
-790
-774
-755
-734
-708
-687
-678
-676
-668
-652
-630
-598
-557
-526
-519
-513
-475
-418
-379
-363
-344
-310
-282
-269
-252
-214
-172
-149
-138
-124
-103
-85
-77
-77
-82
-83
-73
-57
-42
-35
-32
-35
-47
-63
-66
-53
-34
-17
-10
-16
-29
-33
-19
-2
5
6
23
