-354.000000
-482.000000
-228.000000
-128.000000
-212.000000
-258.000000
-362.000000
-521.000000
-200.000000
-150.000000
-145.000000
-218.000000
-277.000000
5.000000
77.000000
-267.000000
-171.000000
-62.000000
-91.000000
-55.000000
67.000000
25.000000
-329.000000
-108.000000
-35.000000
51.000000
261.000000
245.000000
410.000000
569.000000
319.000000
244.000000
143.000000
113.000000
339.000000
403.000000
503.000000
439.000000
475.000000
392.000000
313.000000
363.000000
699.000000
806.000000
605.000000
441.000000
328.000000
705.000000
1022.000000
704.000000
627.000000
809.000000
739.000000
920.000000
630.000000
425.000000
217.000000
385.000000
680.000000
642.000000
508.000000
119.000000
268.000000
-59.000000
-14.000000
50.000000
80.000000
203.000000
-8.000000
166.000000
-67.000000
-95.000000
50.000000
246.000000
187.000000
43.000000
-69.000000
-212.000000
85.000000
104.000000
41.000000
11.000000
29.000000
-57.000000
-88.000000
12.000000
86.000000
163.000000
78.000000
-64.000000
-135.000000
-297.000000
-290.000000
-261.000000
-549.000000
-561.000000
-599.000000
-642.000000
-615.000000
-290.000000
-305.000000
-417.000000
-452.000000
-494.000000
-380.000000
-234.000000
29.000000
-357.000000
-385.000000
-596.000000
-449.000000
-60.000000
11.000000
-295.000000
-506.000000
-177.000000
-449.000000
-236.000000
-240.000000
-116.000000
4.000000
-83.000000
-326.000000
-928.000000
-799.000000
-636.000000
-389.000000
-407.000000
-650.000000
-489.000000
-211.000000
58.000000
53.000000
-148.000000
-209.000000
63.000000
114.000000
-132.000000
-39.000000
-127.000000
-1.000000
88.000000
34.000000
82.000000
-185.000000
66.000000
266.000000
257.000000
339.000000
114.000000
-53.000000
18.000000
-254.000000
-173.000000
58.000000
-323.000000
-164.000000
277.000000
393.000000
123.000000
-215.000000
-239.000000
198.000000
144.000000
-429.000000
-245.000000
-45.000000
-64.000000
-131.000000
-85.000000
37.000000
97.000000
179.000000
95.000000
265.000000
326.000000
199.000000
446.000000
622.000000
512.000000
212.000000
-189.000000
52.000000
344.000000
339.000000
742.000000
778.000000
487.000000
353.000000
287.000000
187.000000
12.000000
-57.000000
28.000000
385.000000
434.000000
224.000000
-29.000000
-283.000000
-51.000000
-84.000000
-86.000000
377.000000
413.000000
338.000000
316.000000
-85.000000
-408.000000
-240.000000
-188.000000
-234.000000
-199.000000
-326.000000
-151.000000
157.000000
236.000000
312.000000
193.000000
-143.000000
-35.000000
263.000000
225.000000
214.000000
68.000000
-95.000000
150.000000
300.000000
464.000000
573.000000
271.000000
-77.000000
-213.000000
48.000000
189.000000
358.000000
404.000000
81.000000
-68.000000
39.000000
385.000000
326.000000
243.000000
371.000000
368.000000
444.000000
302.000000
321.000000
321.000000
-105.000000
-43.000000
68.000000
233.000000
147.000000
-131.000000
-27.000000
-137.000000
-22.000000
14.000000
11.000000
-160.000000
-409.000000
-368.000000
-174.000000
-516.000000
-656.000000
-204.000000
-194.000000
-43.000000
-181.000000
-283.000000
-289.000000
-384.000000
-482.000000
-491.000000
-380.000000
-315.000000
-122.000000
-80.000000
-88.000000
-269.000000
-86.000000
-124.000000
7.000000
302.000000
-3.000000
-32.000000
-229.000000
-237.000000
-138.000000
-113.000000
-76.000000
1.000000
131.000000
259.000000
199.000000
-141.000000
-30.000000
-8.000000
5.000000
43.000000
244.000000
13.000000
-304.000000
-368.000000
-372.000000
-248.000000
-558.000000
-279.000000
-280.000000
-320.000000
-310.000000
-298.000000
-250.000000
-417.000000
-136.000000
-280.000000
-242.000000
-259.000000
-564.000000
-294.000000
-210.000000
-489.000000
-234.000000
29.000000
10.000000
-147.000000
-315.000000
-535.000000
-452.000000
42.000000
44.000000
30.000000
-11.000000
108.000000
-104.000000
-320.000000
-138.000000
-5.000000
71.000000
94.000000
332.000000
148.000000
-237.000000
-324.000000
-138.000000
38.000000
64.000000
1.000000
-68.000000
-121.000000
193.000000
332.000000
359.000000
265.000000
40.000000
118.000000
-141.000000
-75.000000
-31.000000
-273.000000
-15.000000
165.000000
432.000000
290.000000
-150.000000
168.000000
91.000000
221.000000
394.000000
378.000000
254.000000
266.000000
290.000000
-21.000000
120.000000
120.000000
200.000000
89.000000
289.000000
287.000000
248.000000
188.000000
-71.000000
145.000000
246.000000
358.000000
374.000000
274.000000
130.000000
130.000000
-43.000000
120.000000
311.000000
217.000000
369.000000
448.000000
377.000000
263.000000
165.000000
425.000000
553.000000
519.000000
560.000000
321.000000
79.000000
-87.000000
190.000000
200.000000
332.000000
660.000000
664.000000
604.000000
495.000000
389.000000
510.000000
436.000000
367.000000
578.000000
380.000000
457.000000
312.000000
292.000000
185.000000
272.000000
330.000000
-12.000000
112.000000
326.000000
300.000000
155.000000
454.000000
465.000000
547.000000
442.000000
311.000000
34.000000
-57.000000
-55.000000
-196.000000
196.000000
185.000000
243.000000
121.000000
-67.000000
48.000000
-9.000000
19.000000
209.000000
53.000000
10.000000
194.000000
256.000000
401.000000
199.000000
-257.000000
-223.000000
-220.000000
-455.000000
-484.000000
-377.000000
-104.000000
35.000000
-229.000000
-554.000000
-495.000000
-159.000000
-178.000000
-362.000000
55.000000
-28.000000
-8.000000
-40.000000
-79.000000
185.000000
-111.000000
-14.000000
-208.000000
-539.000000
-530.000000
-377.000000
-75.000000
-123.000000
-219.000000
-90.000000
-160.000000
-59.000000
-213.000000
-359.000000
-465.000000
-530.000000
-385.000000
-381.000000
-265.000000
-299.000000
-147.000000
-128.000000
55.000000
-32.000000
-121.000000
-129.000000
-285.000000
-473.000000
-719.000000
-665.000000
-374.000000
-97.000000
-94.000000
74.000000
-115.000000
-194.000000
-223.000000
1.000000
125.000000
193.000000
266.000000
-31.000000
-24.000000
-151.000000
160.000000
59.000000
-154.000000
-209.000000
-134.000000
142.000000
-146.000000
-171.000000
-190.000000
-8.000000
-86.000000
-36.000000
276.000000
200.000000
209.000000
-78.000000
-125.000000
-154.000000
-145.000000
-51.000000
-16.000000
4.000000
-197.000000
-87.000000
135.000000
200.000000
289.000000
243.000000
178.000000
250.000000
-254.000000
-284.000000
8.000000
88.000000
194.000000
56.000000
162.000000
99.000000
-8.000000
78.000000
323.000000
250.000000
15.000000
25.000000
319.000000
271.000000
239.000000
496.000000
548.000000
232.000000
18.000000
230.000000
2.000000
103.000000
-52.000000
-23.000000
31.000000
66.000000
291.000000
65.000000
-42.000000
-395.000000
-731.000000
-633.000000
-97.000000
-166.000000
-9.000000
64.000000
-287.000000
-456.000000
-518.000000
-202.000000
-131.000000
-68.000000
25.000000
-81.000000
-46.000000
156.000000
-122.000000
142.000000
224.000000
4.000000
-149.000000
-316.000000
-98.000000
-307.000000
-90.000000
-1.000000
86.000000
-187.000000
-419.000000
-21.000000
-142.000000
-135.000000
-277.000000
-370.000000
-52.000000
66.000000
-110.000000
-157.000000
-166.000000
-483.000000
-491.000000
-449.000000
-394.000000
-368.000000
-524.000000
-357.000000
-390.000000
-215.000000
-359.000000
-332.000000
-119.000000
-409.000000
-431.000000
-750.000000
-378.000000
-85.000000
-97.000000
-3.000000
-96.000000
144.000000
209.000000
291.000000
211.000000
41.000000
9.000000
-56.000000
-123.000000
-44.000000
74.000000
124.000000
399.000000
353.000000
115.000000
195.000000
297.000000
535.000000
361.000000
457.000000
634.000000
429.000000
357.000000
441.000000
695.000000
382.000000
345.000000
397.000000
409.000000
614.000000
708.000000
789.000000
681.000000
482.000000
362.000000
369.000000
309.000000
119.000000
57.000000
65.000000
86.000000
135.000000
278.000000
463.000000
-51.000000
-197.000000
-162.000000
14.000000
156.000000
23.000000
2.000000
-40.000000
-43.000000
-203.000000
41.000000
-20.000000
-76.000000
-345.000000
-305.000000
-166.000000
-410.000000
-294.000000
-335.000000
-409.000000
-392.000000
-102.000000
-10.000000
-253.000000
-356.000000
-90.000000
200.000000
300.000000
218.000000
255.000000
170.000000
168.000000
188.000000
-20.000000
151.000000
316.000000
90.000000
124.000000
441.000000
524.000000
605.000000
388.000000
457.000000
452.000000
502.000000
492.000000
304.000000
505.000000
410.000000
417.000000
346.000000
214.000000
27.000000
100.000000
172.000000
300.000000
321.000000
-67.000000
-80.000000
-53.000000
216.000000
118.000000
22.000000
73.000000
-281.000000
-288.000000
-203.000000
-206.000000
-49.000000
-154.000000
-286.000000
-271.000000
-444.000000
-358.000000
-229.000000
-214.000000
-434.000000
-374.000000
-222.000000
-221.000000
-91.000000
-259.000000
-266.000000
-433.000000
-580.000000
-120.000000
96.000000
-144.000000
5.000000
-15.000000
-219.000000
40.000000
120.000000
-41.000000
-44.000000
7.000000
-363.000000
-530.000000
-519.000000
-426.000000
136.000000
297.000000
300.000000
294.000000
269.000000
214.000000
327.000000
390.000000
-160.000000
-370.000000
-327.000000
-78.000000
-19.000000
-214.000000
-115.000000
-234.000000
45.000000
410.000000
222.000000
199.000000
326.000000
148.000000
34.000000
73.000000
-216.000000
6.000000
166.000000
296.000000
479.000000
-8.000000
-39.000000
-33.000000
74.000000
300.000000
88.000000
-225.000000
45.000000
132.000000
-93.000000
-41.000000
-3.000000
116.000000
-13.000000
147.000000
143.000000
-168.000000
-264.000000
216.000000
460.000000
178.000000
-131.000000
-260.000000
77.000000
189.000000
-10.000000
-257.000000
-109.000000
68.000000
411.000000
309.000000
160.000000
94.000000
-15.000000
469.000000
338.000000
-48.000000
-192.000000
-140.000000
-234.000000
-186.000000
-441.000000
-605.000000
-292.000000
-413.000000
-416.000000
-315.000000
-293.000000
-380.000000
-287.000000
-157.000000
-198.000000
-582.000000
-684.000000
-535.000000
-603.000000
-583.000000
-298.000000
-26.000000
-112.000000
-345.000000
-596.000000
-423.000000
-559.000000
-854.000000
-659.000000
-216.000000
-177.000000
-228.000000
-384.000000
-427.000000
-118.000000
-268.000000
-147.000000
-175.000000
140.000000
339.000000
96.000000
-23.000000
-236.000000
44.000000
179.000000
67.000000
-92.000000
-66.000000
-44.000000
-38.000000
93.000000
437.000000
311.000000
-65.000000
221.000000
321.000000
260.000000
174.000000
50.000000
84.000000
228.000000
336.000000
596.000000
359.000000
162.000000
17.000000
-330.000000
-190.000000
133.000000
308.000000
144.000000
190.000000
97.000000
52.000000
107.000000
10.000000
25.000000
-1.000000
115.000000
318.000000
-87.000000
-264.000000
-164.000000
-139.000000
-64.000000
-15.000000
198.000000
-108.000000
-438.000000
-518.000000
-228.000000
-62.000000
-72.000000
-91.000000
-13.000000
-212.000000
-314.000000
21.000000
-194.000000
-353.000000
-348.000000
-23.000000
48.000000
110.000000
168.000000
56.000000
16.000000
-63.000000
-128.000000
-145.000000
23.000000
-238.000000
-138.000000
-47.000000
-21.000000
104.000000
271.000000
654.000000
414.000000
417.000000
497.000000
296.000000
357.000000
221.000000
122.000000
136.000000
187.000000
286.000000
267.000000
-35.000000
-209.000000
130.000000
104.000000
460.000000
434.000000
393.000000
556.000000
180.000000
370.000000
268.000000
433.000000
505.000000
378.000000
235.000000
73.000000
154.000000
330.000000
577.000000
440.000000
422.000000
462.000000
503.000000
286.000000
200.000000
183.000000
204.000000
317.000000
249.000000
297.000000
2.000000
126.000000
298.000000
-82.000000
23.000000
-31.000000
-48.000000
13.000000
-125.000000
-208.000000
-164.000000
203.000000
120.000000
282.000000
399.000000
231.000000
-110.000000
-321.000000
-382.000000
-500.000000
83.000000
214.000000
170.000000
40.000000
-56.000000
-105.000000
-65.000000
311.000000
170.000000
52.000000
-110.000000
-40.000000
95.000000
48.000000
148.000000
158.000000
318.000000
222.000000
121.000000
154.000000
-121.000000
-154.000000
-46.000000
-20.000000
362.000000
156.000000
-37.000000
115.000000
-147.000000
-137.000000
-189.000000
-64.000000
-303.000000
-202.000000
-33.000000
-149.000000
29.000000
-117.000000
-76.000000
-150.000000
201.000000
147.000000
-144.000000
-53.000000
-92.000000
-115.000000
95.000000
347.000000
116.000000
61.000000
59.000000
95.000000
248.000000
284.000000
-8.000000
-130.000000
-265.000000
-385.000000
-237.000000
-408.000000
-527.000000
-392.000000
-291.000000
-329.000000
-118.000000
-195.000000
-416.000000
-474.000000
-459.000000
-265.000000
-98.000000
-4.000000
-307.000000
-372.000000
-389.000000
-382.000000
-221.000000
-237.000000
-173.000000
-269.000000
-354.000000
-373.000000
-300.000000
-421.000000
-638.000000
-474.000000
-263.000000
-79.000000
-45.000000
35.000000
63.000000
-256.000000
-396.000000
-468.000000
-415.000000
-204.000000
-262.000000
-261.000000
-147.000000
-192.000000
-525.000000
-344.000000
-80.000000
-169.000000
6.000000
-232.000000
-316.000000
-339.000000
-182.000000
-4.000000
-155.000000
-90.000000
-237.000000
-192.000000
-94.000000
-3.000000
-48.000000
-86.000000
1.000000
151.000000
328.000000
384.000000
154.000000
-181.000000
51.000000
-34.000000
-192.000000
-180.000000
-369.000000
-369.000000
-236.000000
-303.000000
-180.000000
-124.000000
-128.000000
150.000000
277.000000
178.000000
68.000000
129.000000
-82.000000
55.000000
323.000000
297.000000
67.000000
-7.000000
-186.000000
-426.000000
0.000000
64.000000
46.000000
-115.000000
58.000000
177.000000
-78.000000
112.000000
10.000000
65.000000
-129.000000
-370.000000
-231.000000
-166.000000
-196.000000
-149.000000
-329.000000
-549.000000
-304.000000
-278.000000
-151.000000
-96.000000
-116.000000
-405.000000
-458.000000
-215.000000
-146.000000
237.000000
193.000000
-38.000000
-451.000000
-471.000000
-574.000000
-654.000000
-308.000000
-275.000000
-99.000000
-96.000000
-24.000000
-79.000000
-11.000000
114.000000
-41.000000
-172.000000
-82.000000
-142.000000
-180.000000
63.000000
-8.000000
-66.000000
-123.000000
225.000000
262.000000
287.000000
411.000000
96.000000
-25.000000
-35.000000
291.000000
425.000000
385.000000
89.000000
-113.000000
-48.000000
28.000000
47.000000
180.000000
259.000000
38.000000
175.000000
-16.000000
182.000000
320.000000
61.000000
67.000000
-76.000000
15.000000
226.000000
456.000000
307.000000
306.000000
544.000000
401.000000
354.000000
457.000000
440.000000
412.000000
196.000000
-246.000000
-255.000000
19.000000
178.000000
333.000000
354.000000
282.000000
100.000000
104.000000
442.000000
552.000000
578.000000
312.000000
86.000000
122.000000
336.000000
542.000000
645.000000
875.000000
485.000000
355.000000
389.000000
252.000000
381.000000
583.000000
385.000000
41.000000
205.000000
1.000000
2.000000
186.000000
325.000000
189.000000
20.000000
241.000000
294.000000
538.000000
560.000000
188.000000
-7.000000
45.000000
-93.000000
-27.000000
88.000000
79.000000
-309.000000
-178.000000
40.000000
-206.000000
137.000000
100.000000
148.000000
58.000000
132.000000
267.000000
278.000000
65.000000
-97.000000
116.000000
165.000000
337.000000
160.000000
143.000000
-388.000000
-516.000000
-266.000000
-59.000000
75.000000
-166.000000
116.000000
220.000000
354.000000
166.000000
-154.000000
-517.000000
-169.000000
206.000000
-30.000000
161.000000
-168.000000
-61.000000
160.000000
259.000000
372.000000
43.000000
119.000000
115.000000
147.000000
116.000000
336.000000
499.000000
124.000000
399.000000
638.000000
828.000000
731.000000
625.000000
739.000000
396.000000
351.000000
251.000000
85.000000
-290.000000
-429.000000
-32.000000
321.000000
371.000000
203.000000
284.000000
129.000000
92.000000
-54.000000
-40.000000
-10.000000
25.000000
499.000000
469.000000
369.000000
167.000000
-138.000000
-87.000000
79.000000
12.000000
319.000000
228.000000
-12.000000
188.000000
134.000000
27.000000
-277.000000
-113.000000
-178.000000
-103.000000
139.000000
90.000000
224.000000
66.000000
131.000000
78.000000
-47.000000
46.000000
36.000000
25.000000
91.000000
25.000000
66.000000
172.000000
-92.000000
-150.000000
-194.000000
-181.000000
-320.000000
-382.000000
-447.000000
-479.000000
-256.000000
-517.000000
-216.000000
-138.000000
-160.000000
-74.000000
-16.000000
18.000000
-224.000000
-124.000000
-282.000000
-75.000000
-81.000000
-146.000000
-103.000000
-186.000000
-201.000000
-412.000000
-385.000000
-595.000000
-814.000000
-781.000000
-403.000000
-335.000000
-347.000000
-407.000000
-701.000000
-525.000000
-500.000000
-292.000000
-424.000000
-711.000000
-1006.000000
-1200.000000
-788.000000
-854.000000
-713.000000
-600.000000
-785.000000
-617.000000
-323.000000
-434.000000
-1893.000000
-4248.000000
-5461.000000
-3900.000000
-1833.000000
533.000000
3483.000000
3034.000000
1538.000000
-1834.000000
-4054.000000
-1301.000000
-2374.000000
-2334.000000
-1573.000000
-3666.000000
-1011.000000
793.000000
4349.000000
9995.000000
8419.000000
6049.000000
1840.000000
-2246.000000
-2819.000000
-2456.000000
3548.000000
8188.000000
10934.000000
10499.000000
7887.000000
5137.000000
-812.000000
-2872.000000
-5935.000000
-7527.000000
-5251.000000
-4497.000000
-566.000000
2422.000000
3844.000000
6984.000000
4802.000000
2288.000000
-2075.000000
-9191.000000
-14392.000000
-18263.000000
-15582.000000
-10289.000000
-5593.000000
-2390.000000
-1681.000000
-6090.000000
-14256.000000
-18158.000000
-17261.000000
-13044.000000
-4559.000000
-1428.000000
-1145.000000
-3465.000000
-9559.000000
-10526.000000
-11998.000000
-9345.000000
-5260.000000
-2271.000000
-1429.000000
-4748.000000
-6890.000000
-8532.000000
-3329.000000
4785.000000
10339.000000
17202.000000
16989.000000
14212.000000
14051.000000
11660.000000
12196.000000
12499.000000
11916.000000
11883.000000
13469.000000
14002.000000
14538.000000
17992.000000
19028.000000
20461.000000
20760.000000
16698.000000
15483.000000
14386.000000
11738.000000
12352.000000
10187.000000
8030.000000
7868.000000
6480.000000
6270.000000
6667.000000
5522.000000
4087.000000
1880.000000
274.000000
-1322.000000
-2974.000000
-3532.000000
-4755.000000
-4470.000000
-4689.000000
-7832.000000
-9094.000000
-9026.000000
-10361.000000
-8511.000000
-10296.000000
-12823.000000
-11862.000000
-14153.000000
-15259.000000
-13469.000000
-14691.000000
-14204.000000
-12850.000000
-14661.000000
-12531.000000
-11628.000000
-12062.000000
-12212.000000
-13811.000000
-14266.000000
-13313.000000
-12159.000000
-10880.000000
-9883.000000
-8605.000000
-7827.000000
-6878.000000
-5136.000000
-5499.000000
-4100.000000
-3656.000000
-4387.000000
-2532.000000
-1595.000000
-1363.000000
1265.000000
2952.000000
4909.000000
7662.000000
7030.000000
6921.000000
8183.000000
8673.000000
10245.000000
11575.000000
11048.000000
13259.000000
14848.000000
15426.000000
17785.000000
18825.000000
19476.000000
19774.000000
19364.000000
18816.000000
19156.000000
19417.000000
19479.000000
20338.000000
21393.000000
22555.000000
23703.000000
23722.000000
23153.000000
23049.000000
22196.000000
21553.000000
21214.000000
20646.000000
20613.000000
20330.000000
18826.000000
18465.000000
18811.000000
16693.000000
14281.000000
12471.000000
9986.000000
8293.000000
4707.000000
-1962.000000
-5990.000000
-8912.000000
-10810.000000
-11584.000000
-13283.000000
-15379.000000
-18161.000000
-19650.000000
-23886.000000
-25016.000000
-23580.000000
-25450.000000
-26002.000000
-29828.000000
-32462.000000
-30754.000000
-31266.000000
-29733.000000
-27785.000000
-29440.000000
-28292.000000
-27729.000000
-28087.000000
-24211.000000
-21146.000000
-19955.000000
-18225.000000
-18490.000000
-16523.000000
-12681.000000
-10753.000000
-7974.000000
-5997.000000
-4634.000000
-4240.000000
-3874.000000
-3566.000000
-2209.000000
-51.000000
418.000000
196.000000
1541.000000
2348.000000
818.000000
2087.000000
-437.000000
-268.000000
864.000000
-3907.000000
-2346.000000
-3823.000000
-5212.000000
-2112.000000
-5474.000000
-4829.000000
-2852.000000
-4289.000000
-2348.000000
-1975.000000
-2073.000000
-992.000000
-644.000000
-914.000000
2534.000000
4770.000000
5540.000000
8079.000000
7946.000000
9683.000000
10708.000000
10891.000000
12721.000000
14984.000000
15120.000000
15917.000000
17400.000000
18134.000000
21073.000000
22064.000000
23547.000000
25382.000000
25662.000000
26262.000000
26430.000000
26901.000000
28697.000000
29720.000000
30684.000000
31526.000000
30644.000000
30633.000000
29882.000000
30998.000000
32547.000000
31058.000000
31900.000000
29340.000000
28897.000000
29750.000000
26195.000000
25959.000000
15762.000000
4888.000000
3100.000000
1131.000000
1032.000000
2189.000000
-8377.000000
-14059.000000
-7613.000000
-20763.000000
-16536.000000
-13203.000000
-19455.000000
-8362.000000
-24583.000000
-29300.000000
-22895.000000
-30012.000000
-22263.000000
-26884.000000
-32398.000000
-26756.000000
-28597.000000
-30968.000000
-26420.000000
-21348.000000
-20575.000000
-17520.000000
-22738.000000
-20101.000000
-11022.000000
-14052.000000
-10750.000000
-8952.000000
-7516.000000
-4355.000000
-4600.000000
-3778.000000
2923.000000
8652.000000
3807.000000
5697.000000
6553.000000
7982.000000
10789.000000
6643.000000
7247.000000
9258.000000
6094.000000
2461.000000
2559.000000
2818.000000
5159.000000
4732.000000
-444.000000
308.000000
1603.000000
-2597.000000
-1555.000000
-1020.000000
-2943.000000
-1721.000000
-7103.000000
-7949.000000
-2656.000000
-5070.000000
-3632.000000
-3871.000000
-5504.000000
-661.000000
-2757.000000
-4404.000000
-879.000000
-587.000000
-1340.000000
-775.000000
-2803.000000
739.000000
3484.000000
2171.000000
5955.000000
6877.000000
7874.000000
9780.000000
8721.000000
9611.000000
12406.000000
10680.000000
9287.000000
9920.000000
9854.000000
10929.000000
11563.000000
10800.000000
12198.000000
13893.000000
12029.000000
13559.000000
15145.000000
15449.000000
18358.000000
17265.000000
14922.000000
17616.000000
17290.000000
15553.000000
18707.000000
17654.000000
17433.000000
19821.000000
15299.000000
17235.000000
19500.000000
14222.000000
11819.000000
4250.000000
1642.000000
4297.000000
386.000000
-509.000000
-5560.000000
-6681.000000
-5620.000000
-13561.000000
-10133.000000
-13726.000000
-12609.000000
-11043.000000
-26708.000000
-23531.000000
-26618.000000
-27831.000000
-23477.000000
-31796.000000
-29867.000000
-28115.000000
-30544.000000
-29775.000000
-23529.000000
-21120.000000
-17658.000000
-16331.000000
-20903.000000
-11416.000000
-9888.000000
-10958.000000
-6312.000000
-7974.000000
-3687.000000
-2806.000000
-4000.000000
11.000000
6733.000000
7917.000000
7171.000000
9050.000000
8591.000000
13147.000000
11100.000000
8393.000000
10374.000000
7925.000000
5159.000000
2532.000000
1007.000000
2048.000000
3878.000000
719.000000
39.000000
1364.000000
-589.000000
-31.000000
-649.000000
-622.000000
159.000000
-4393.000000
-6670.000000
-4702.000000
-4797.000000
-2900.000000
-3393.000000
-4618.000000
-1424.000000
-1730.000000
-1934.000000
-1045.000000
104.000000
2066.000000
1456.000000
-456.000000
712.000000
2276.000000
3132.000000
5234.000000
5383.000000
6848.000000
8132.000000
8505.000000
9381.000000
10830.000000
12318.000000
12069.000000
11660.000000
11200.000000
11645.000000
11724.000000
11328.000000
11604.000000
12165.000000
12355.000000
12769.000000
13090.000000
13358.000000
15515.000000
15025.000000
15109.000000
15370.000000
13960.000000
15919.000000
14076.000000
14201.000000
15304.000000
13402.000000
14944.000000
13475.000000
13542.000000
13759.000000
7870.000000
3360.000000
2154.000000
767.000000
-421.000000
-765.000000
-8260.000000
-9768.000000
-7094.000000
-16184.000000
-11513.000000
-14191.000000
-17172.000000
-9560.000000
-24856.000000
-22567.000000
-21901.000000
-28057.000000
-21593.000000
-29703.000000
-31704.000000
-28869.000000
-29713.000000
-31022.000000
-25387.000000
-22720.000000
-21559.000000
-15248.000000
-20167.000000
-11555.000000
-6283.000000
-9561.000000
-3546.000000
-5642.000000
-3652.000000
-1534.000000
-2576.000000
-1230.000000
4508.000000
6624.000000
4993.000000
9605.000000
9272.000000
14746.000000
16407.000000
12886.000000
15103.000000
13173.000000
10058.000000
8378.000000
6871.000000
5132.000000
6034.000000
2907.000000
1412.000000
2957.000000
2647.000000
2982.000000
3273.000000
3915.000000
2822.000000
3202.000000
-623.000000
79.000000
1924.000000
-2242.000000
-1242.000000
-4041.000000
-4718.000000
-1437.000000
-3175.000000
-2764.000000
-1054.000000
-2098.000000
-499.000000
-246.000000
-1219.000000
1582.000000
752.000000
-27.000000
1444.000000
531.000000
1479.000000
3352.000000
2524.000000
3771.000000
4910.000000
4237.000000
6347.000000
6608.000000
7177.000000
8936.000000
7987.000000
7277.000000
7123.000000
6265.000000
5945.000000
7736.000000
7087.000000
7332.000000
8741.000000
8438.000000
10846.000000
12204.000000
13274.000000
14852.000000
14350.000000
13800.000000
14518.000000
14554.000000
14535.000000
15332.000000
13343.000000
10565.000000
7716.000000
2088.000000
1269.000000
2849.000000
-676.000000
195.000000
-5136.000000
-9808.000000
-4657.000000
-12160.000000
-9984.000000
-9628.000000
-16454.000000
-10429.000000
-21113.000000
-23471.000000
-20267.000000
-25839.000000
-22881.000000
-27901.000000
-32009.000000
-29558.000000
-27806.000000
-29046.000000
-24261.000000
-21129.000000
-22070.000000
-15511.000000
-18359.000000
-13319.000000
-5670.000000
-8532.000000
-3589.000000
-4099.000000
-3660.000000
629.000000
1067.000000
3037.000000
7551.000000
9776.000000
8237.000000
12402.000000
13193.000000
16991.000000
20708.000000
17048.000000
18494.000000
17470.000000
15780.000000
15296.000000
13699.000000
11789.000000
11067.000000
8214.000000
4890.000000
6591.000000
5093.000000
6406.000000
6872.000000
3764.000000
4502.000000
2497.000000
1553.000000
2896.000000
1550.000000
282.000000
-1746.000000
-5311.000000
-5586.000000
-5018.000000
-6138.000000
-5231.000000
-6286.000000
-7583.000000
-5615.000000
-6170.000000
-5160.000000
-3346.000000
-4208.000000
-3384.000000
-3885.000000
-4586.000000
-2572.000000
-1500.000000
-1418.000000
-716.000000
-1904.000000
-1176.000000
1633.000000
1967.000000
3694.000000
4601.000000
4304.000000
4535.000000
4730.000000
5600.000000
6524.000000
6978.000000
5894.000000
6484.000000
6542.000000
7586.000000
9233.000000
9521.000000
11725.000000
12162.000000
13121.000000
13236.000000
13967.000000
15876.000000
15955.000000
16618.000000
15383.000000
14293.000000
12806.000000
8878.000000
4971.000000
3858.000000
3644.000000
1035.000000
628.000000
-4929.000000
-6797.000000
-2951.000000
-10239.000000
-6254.000000
-8009.000000
-12253.000000
-6365.000000
-18339.000000
-16760.000000
-16220.000000
-22541.000000
-19287.000000
-26385.000000
-28842.000000
-27078.000000
-27011.000000
-27860.000000
-22409.000000
-20656.000000
-20528.000000
-13593.000000
-17162.000000
-8402.000000
-3649.000000
-6226.000000
273.000000
-2567.000000
-243.000000
1536.000000
1051.000000
2954.000000
6573.000000
7586.000000
6458.000000
11724.000000
11413.000000
17112.000000
18503.000000
15688.000000
19553.000000
17314.000000
16607.000000
15548.000000
13249.000000
11295.000000
10113.000000
5736.000000
2831.000000
3663.000000
1654.000000
3150.000000
2871.000000
1901.000000
2439.000000
1981.000000
240.000000
2468.000000
2389.000000
-856.000000
83.000000
-5927.000000
-6255.000000
-5615.000000
-9592.000000
-8071.000000
-9986.000000
-10737.000000
-8996.000000
-9522.000000
-8941.000000
-5693.000000
-5472.000000
-4822.000000
-3187.000000
-5002.000000
-2593.000000
-1487.000000
-2655.000000
-1503.000000
-2395.000000
-1781.000000
199.000000
552.000000
1947.000000
4094.000000
5386.000000
6289.000000
7181.000000
7547.000000
8655.000000
10009.000000
9577.000000
10037.000000
9885.000000
9897.000000
10312.000000
10138.000000
12210.000000
12238.000000
12697.000000
13508.000000
13443.000000
16324.000000
16321.000000
17244.000000
18566.000000
17087.000000
17031.000000
12181.000000
7751.000000
6274.000000
5888.000000
4091.000000
528.000000
-2355.000000
-7628.000000
-4594.000000
-7451.000000
-9316.000000
-5075.000000
-10677.000000
-6687.000000
-12609.000000
-18002.000000
-13260.000000
-18735.000000
-18092.000000
-23249.000000
-29074.000000
-29059.000000
-28839.000000
-29246.000000
-28281.000000
-23994.000000
-25824.000000
-20004.000000
-19169.000000
-16050.000000
-5883.000000
-7969.000000
-3372.000000
-3120.000000
-3742.000000
-14.000000
-918.000000
707.000000
1855.000000
3953.000000
1543.000000
4713.000000
6914.000000
9864.000000
15979.000000
13043.000000
16733.000000
16922.000000
16471.000000
18161.000000
16873.000000
16317.000000
14410.000000
11436.000000
6230.000000
6399.000000
4764.000000
4469.000000
5395.000000
3029.000000
3374.000000
3583.000000
3001.000000
4524.000000
7186.000000
4058.000000
4456.000000
1647.000000
-1913.000000
896.000000
-4169.000000
-5482.000000
-6194.000000
-10240.000000
-9436.000000
-10380.000000
-11159.000000
-7845.000000
-6931.000000
-7473.000000
-5274.000000
-5491.000000
-3149.000000
563.000000
-627.000000
584.000000
970.000000
-733.000000
789.000000
121.000000
515.000000
2267.000000
1099.000000
1399.000000
2145.000000
3668.000000
5663.000000
7006.000000
7187.000000
7545.000000
8645.000000
8369.000000
8517.000000
8427.000000
8320.000000
8035.000000
7681.000000
7215.000000
8242.000000
9189.000000
9249.000000
11646.000000
11938.000000
12977.000000
13925.000000
11202.000000
9623.000000
8070.000000
7211.000000
6798.000000
3763.000000
1037.000000
-2719.000000
-4887.000000
-4644.000000
-7407.000000
-6318.000000
-7590.000000
-8540.000000
-7810.000000
-12957.000000
-10445.000000
-11317.000000
-13496.000000
-13738.000000
-20039.000000
-20949.000000
-22452.000000
-24100.000000
-24609.000000
-24074.000000
-23334.000000
-22916.000000
-19775.000000
-19152.000000
-11957.000000
-8603.000000
-8490.000000
-3710.000000
-5022.000000
-1249.000000
333.000000
331.000000
2287.000000
1707.000000
1623.000000
416.000000
2955.000000
4265.000000
8523.000000
9259.000000
8683.000000
12254.000000
12228.000000
15485.000000
16705.000000
16568.000000
16599.000000
15216.000000
12979.000000
11646.000000
11013.000000
8886.000000
8854.000000
6430.000000
4444.000000
4117.000000
2769.000000
3579.000000
5297.000000
3854.000000
3229.000000
3393.000000
1258.000000
3161.000000
886.000000
-1759.000000
-1656.000000
-6424.000000
-7067.000000
-8183.000000
-10690.000000
-10044.000000
-10920.000000
-12243.000000
-10667.000000
-9722.000000
-8519.000000
-4668.000000
-4177.000000
-2015.000000
-53.000000
-795.000000
1987.000000
2878.000000
2626.000000
3837.000000
2239.000000
1764.000000
2722.000000
1965.000000
2675.000000
3089.000000
2718.000000
4649.000000
6162.000000
6348.000000
8030.000000
8506.000000
9095.000000
10937.000000
10804.000000
11069.000000
11733.000000
11460.000000
11883.000000
12315.000000
11702.000000
13353.000000
14232.000000
12954.000000
12113.000000
8940.000000
7395.000000
8550.000000
7542.000000
5748.000000
4574.000000
260.000000
-643.000000
-691.000000
-5331.000000
-2879.000000
-5124.000000
-7038.000000
-6384.000000
-14014.000000
-12849.000000
-13714.000000
-16422.000000
-16434.000000
-21671.000000
-23789.000000
-23719.000000
-24248.000000
-25256.000000
-23065.000000
-24502.000000
-23903.000000
-20392.000000
-21672.000000
-15337.000000
-13553.000000
-13321.000000
-9038.000000
-9974.000000
-6915.000000
-4594.000000
-3131.000000
-1406.000000
556.000000
104.000000
211.000000
4421.000000
4440.000000
9503.000000
9523.000000
8744.000000
12989.000000
12423.000000
15263.000000
15979.000000
15897.000000
16563.000000
16416.000000
14364.000000
13525.000000
14232.000000
12451.000000
13042.000000
10530.000000
8929.000000
8553.000000
6898.000000
7023.000000
5295.000000
4529.000000
2788.000000
1624.000000
1536.000000
34.000000
601.000000
-2259.000000
-4127.000000
-4467.000000
-6987.000000
-6618.000000
-7991.000000
-8926.000000
-9399.000000
-9970.000000
-10410.000000
-10245.000000
-8289.000000
-8451.000000
-6118.000000
-6487.000000
-5815.000000
-2822.000000
-3331.000000
-568.000000
-146.000000
497.000000
1896.000000
1902.000000
2977.000000
3307.000000
3696.000000
2873.000000
3400.000000
2745.000000
3540.000000
4886.000000
4258.000000
5408.000000
5688.000000
7106.000000
8258.000000
9957.000000
11636.000000
12616.000000
13552.000000
13655.000000
15752.000000
16436.000000
17581.000000
18253.000000
16539.000000
15177.000000
12578.000000
10693.000000
10754.000000
10138.000000
8423.000000
5944.000000
1775.000000
1274.000000
1576.000000
-690.000000
116.000000
-2785.000000
-4801.000000
-6354.000000
-11502.000000
-10507.000000
-12935.000000
-15443.000000
-17954.000000
-23898.000000
-25194.000000
-26231.000000
-26821.000000
-28271.000000
-27475.000000
-28247.000000
-27506.000000
-25201.000000
-24886.000000
-17740.000000
-16402.000000
-14987.000000
-12403.000000
-12683.000000
-7500.000000
-5420.000000
-3967.000000
-2733.000000
-1374.000000
-699.000000
211.000000
2992.000000
4773.000000
9387.000000
9038.000000
9733.000000
12353.000000
13015.000000
17087.000000
17634.000000
18293.000000
18581.000000
17628.000000
17201.000000
16127.000000
15976.000000
14625.000000
13920.000000
10686.000000
8577.000000
7373.000000
5225.000000
6487.000000
3738.000000
2528.000000
742.000000
-1842.000000
81.000000
-2399.000000
-2228.000000
-3282.000000
-6381.000000
-6273.000000
-8551.000000
-9489.000000
-10057.000000
-11207.000000
-12158.000000
-12630.000000
-14313.000000
-13370.000000
-10924.000000
-10667.000000
-7705.000000
-7908.000000
-6904.000000
-3124.000000
-1992.000000
807.000000
2069.000000
2018.000000
3717.000000
4105.000000
4255.000000
5861.000000
5716.000000
5337.000000
5919.000000
4626.000000
5415.000000
6939.000000
6872.000000
8409.000000
9016.000000
9697.000000
11769.000000
12636.000000
13751.000000
16285.000000
16301.000000
16588.000000
17938.000000
17313.000000
19299.000000
19500.000000
18765.000000
18222.000000
14923.000000
12653.000000
11596.000000
11121.000000
9170.000000
8317.000000
3877.000000
427.000000
1290.000000
-3498.000000
-2291.000000
-4180.000000
-8399.000000
-6715.000000
-14044.000000
-14600.000000
-15070.000000
-19030.000000
-18854.000000
-24476.000000
-27986.000000
-29471.000000
-29481.000000
-31372.000000
-30115.000000
-30688.000000
-31905.000000
-27255.000000
-29055.000000
-22856.000000
-18774.000000
-18495.000000
-12953.000000
-13062.000000
-9538.000000
-5662.000000
-3283.000000
-1108.000000
1233.000000
2066.000000
2312.000000
5808.000000
5636.000000
10011.000000
11721.000000
10758.000000
14246.000000
14450.000000
17344.000000
19716.000000
20332.000000
20834.000000
21069.000000
20415.000000
19478.000000
19667.000000
17586.000000
17424.000000
15070.000000
11160.000000
9960.000000
7480.000000
5949.000000
5230.000000
2567.000000
528.000000
-427.000000
-2734.000000
-2233.000000
-2600.000000
-4458.000000
-3746.000000
-6977.000000
-8000.000000
-7559.000000
-9572.000000
-9172.000000
-11139.000000
-12847.000000
-13238.000000
-14105.000000
-13249.000000
-11820.000000
-11215.000000
-10022.000000
-7843.000000
-7326.000000
-4238.000000
-1820.000000
-667.000000
2014.000000
1707.000000
2941.000000
3163.000000
3244.000000
4611.000000
4070.000000
4212.000000
3148.000000
3195.000000
3148.000000
4175.000000
5134.000000
5298.000000
6883.000000
7045.000000
9349.000000
10553.000000
12214.000000
14578.000000
15186.000000
16415.000000
16816.000000
18271.000000
19087.000000
19794.000000
19982.000000
18664.000000
16991.000000
13888.000000
12785.000000
12713.000000
11028.000000
9926.000000
6064.000000
1989.000000
2181.000000
-906.000000
-1770.000000
-2416.000000
-6674.000000
-6442.000000
-11506.000000
-14167.000000
-13225.000000
-16709.000000
-17230.000000
-21378.000000
-26289.000000
-27480.000000
-28067.000000
-29463.000000
-29087.000000
-29256.000000
-30793.000000
-27775.000000
-28171.000000
-24188.000000
-18159.000000
-17781.000000
-13224.000000
-11780.000000
-9524.000000
-4155.000000
-1942.000000
274.000000
2527.000000
3153.000000
3183.000000
5788.000000
6220.000000
9071.000000
11285.000000
9346.000000
12050.000000
12669.000000
14223.000000
17300.000000
17554.000000
18346.000000
18930.000000
18316.000000
18022.000000
18867.000000
17115.000000
16589.000000
14411.000000
9878.000000
9206.000000
6745.000000
4622.000000
4134.000000
1116.000000
-694.000000
-1875.000000
-4064.000000
-3552.000000
-3103.000000
-4846.000000
-4417.000000
-5789.000000
-8033.000000
-6525.000000
-8396.000000
-9315.000000
-9180.000000
-12419.000000
-11956.000000
-12637.000000
-13425.000000
-11292.000000
-11777.000000
-11400.000000
-9542.000000
-9313.000000
-6955.000000
-3554.000000
-2940.000000
-747.000000
386.000000
464.000000
2588.000000
2448.000000
3270.000000
4350.000000
3222.000000
2766.000000
2319.000000
2013.000000
3125.000000
4195.000000
4293.000000
5487.000000
5863.000000
7144.000000
9903.000000
11361.000000
13886.000000
15462.000000
16083.000000
17449.000000
19126.000000
20328.000000
21634.000000
22155.000000
21388.000000
20516.000000
16881.000000
15365.000000
14975.000000
13044.000000
11889.000000
8079.000000
3839.000000
2308.000000
1546.000000
-640.000000
-906.000000
-3751.000000
-5842.000000
-5762.000000
-11678.000000
-10818.000000
-12256.000000
-15692.000000
-15447.000000
-22532.000000
-24856.000000
-25798.000000
-26990.000000
-27342.000000
-28456.000000
-29523.000000
-29240.000000
-25854.000000
-26121.000000
-19663.000000
-16959.000000
-15923.000000
-10280.000000
-11003.000000
-5770.000000
-2499.000000
-749.000000
1660.000000
1648.000000
2004.000000
2166.000000
4436.000000
4046.000000
7356.000000
6400.000000
5324.000000
8692.000000
8018.000000
11886.000000
13368.000000
13989.000000
15480.000000
15188.000000
15457.000000
15448.000000
15857.000000
14205.000000
13798.000000
10667.000000
7785.000000
7239.000000
4572.000000
4327.000000
2295.000000
402.000000
-1071.000000
-2241.000000
-1641.000000
-2287.000000
-1254.000000
-3026.000000
-3171.000000
-3096.000000
-5014.000000
-3383.000000
-5215.000000
-6070.000000
-7080.000000
-9392.000000
-9982.000000
-10659.000000
-10567.000000
-11222.000000
-10356.000000
-11019.000000
-9310.000000
-7719.000000
-7163.000000
-3340.000000
-3054.000000
-1098.000000
499.000000
1128.000000
2610.000000
2914.000000
3166.000000
2735.000000
3033.000000
1419.000000
1691.000000
898.000000
430.000000
2284.000000
1259.000000
3179.000000
4649.000000
6158.000000
8845.000000
10619.000000
13067.000000
15955.000000
18225.000000
19362.000000
21764.000000
21985.000000
23636.000000
24347.000000
22626.000000
22410.000000
19033.000000
17209.000000
16078.000000
13359.000000
12043.000000
10179.000000
5806.000000
4324.000000
2993.000000
-470.000000
1243.000000
-2474.000000
-3829.000000
-3740.000000
-10529.000000
-9060.000000
-12121.000000
-15335.000000
-15765.000000
-22492.000000
-24989.000000
-26306.000000
-28230.000000
-30033.000000
-29114.000000
-31307.000000
-29775.000000
-26527.000000
-28390.000000
-20412.000000
-19142.000000
-17154.000000
-11830.000000
-13125.000000
-7677.000000
-4788.000000
-3441.000000
-1666.000000
-428.000000
-783.000000
754.000000
2478.000000
1048.000000
6263.000000
4633.000000
5372.000000
8882.000000
7806.000000
13059.000000
14089.000000
15136.000000
17258.000000
17825.000000
18081.000000
18757.000000
18874.000000
17305.000000
18168.000000
14110.000000
12824.000000
12111.000000
8695.000000
9383.000000
5692.000000
3783.000000
2910.000000
-22.000000
417.000000
-616.000000
-1512.000000
-1902.000000
-3577.000000
-4544.000000
-4671.000000
-5178.000000
-5737.000000
-6896.000000
-9701.000000
-10511.000000
-11659.000000
-12709.000000
-12475.000000
-14178.000000
-14459.000000
-14052.000000
-14097.000000
-11945.000000
-10120.000000
-8520.000000
-5909.000000
-5485.000000
-4027.000000
-1517.000000
-542.000000
1425.000000
1786.000000
1339.000000
1879.000000
1608.000000
1890.000000
2720.000000
2282.000000
2093.000000
2967.000000
3259.000000
5405.000000
7631.000000
9146.000000
12378.000000
14490.000000
16860.000000
19653.000000
21508.000000
23662.000000
25307.000000
25280.000000
25098.000000
25579.000000
24226.000000
22455.000000
19388.000000
16445.000000
15785.000000
12199.000000
10072.000000
6799.000000
2213.000000
3100.000000
-765.000000
-2383.000000
-2920.000000
-7433.000000
-5403.000000
-9908.000000
-12858.000000
-11956.000000
-16537.000000
-17107.000000
-20638.000000
-25016.000000
-26626.000000
-27134.000000
-29863.000000
-30390.000000
-29917.000000
-32441.000000
-27167.000000
-27926.000000
-25614.000000
-18908.000000
-19934.000000
-14365.000000
-12182.000000
-10258.000000
-4823.000000
-2804.000000
-1233.000000
725.000000
1980.000000
1367.000000
5290.000000
4276.000000
5695.000000
8994.000000
5772.000000
9695.000000
10335.000000
11761.000000
15286.000000
15221.000000
16735.000000
18190.000000
18866.000000
18704.000000
21219.000000
19329.000000
18901.000000
18323.000000
13663.000000
14196.000000
11364.000000
8818.000000
7868.000000
3700.000000
1540.000000
-231.000000
-2537.000000
-2779.000000
-3199.000000
-5300.000000
-5820.000000
-6541.000000
-7518.000000
-6403.000000
-7141.000000
-8133.000000
-8448.000000
-11144.000000
-11872.000000
-12670.000000
-14221.000000
-13944.000000
-15123.000000
-15761.000000
-15243.000000
-14312.000000
-12668.000000
-10430.000000
-8861.000000
-7471.000000
-5612.000000
-4280.000000
-1408.000000
281.000000
1372.000000
2485.000000
2139.000000
2398.000000
2338.000000
2249.000000
1773.000000
1822.000000
2097.000000
2598.000000
3587.000000
4696.000000
6974.000000
8908.000000
11507.000000
13323.000000
15772.000000
18092.000000
19939.000000
22449.000000
22646.000000
23778.000000
23801.000000
23919.000000
23541.000000
20252.000000
17594.000000
15040.000000
13892.000000
11582.000000
9073.000000
6164.000000
1794.000000
2026.000000
-962.000000
-3391.000000
-2854.000000
-7587.000000
-5455.000000
-8236.000000
-12810.000000
-10245.000000
-14696.000000
-14277.000000
-16266.000000
-21407.000000
-22178.000000
-23334.000000
-24747.000000
-26025.000000
-25157.000000
-28481.000000
-24919.000000
-24674.000000
-25062.000000
-17339.000000
-19163.000000
-13896.000000
-10615.000000
-10135.000000
-3978.000000
-1933.000000
854.000000
2696.000000
5117.000000
3987.000000
7326.000000
7411.000000
6977.000000
12004.000000
7783.000000
10621.000000
11492.000000
11366.000000
15412.000000
14956.000000
16384.000000
17451.000000
18887.000000
18407.000000
20304.000000
19282.000000
18702.000000
19932.000000
15281.000000
14802.000000
11755.000000
8904.000000
8131.000000
4272.000000
1391.000000
-1030.000000
-3454.000000
-4965.000000
-4962.000000
-7951.000000
-7819.000000
-8277.000000
-10371.000000
-8827.000000
-11075.000000
-10165.000000
-10413.000000
-12904.000000
-12486.000000
-14580.000000
-14962.000000
-15316.000000
-16322.000000
-16994.000000
-16848.000000
-16716.000000
-16231.000000
-13835.000000
-13968.000000
-10946.000000
-9658.000000
-8283.000000
-4154.000000
-4197.000000
-973.000000
66.000000
952.000000
2558.000000
2542.000000
3646.000000
3605.000000
4290.000000
3083.000000
4716.000000
4647.000000
5810.000000
8922.000000
8471.000000
12134.000000
13043.000000
15389.000000
18589.000000
19764.000000
22433.000000
23210.000000
24422.000000
24663.000000
25396.000000
24567.000000
24286.000000
22908.000000
18041.000000
16228.000000
13828.000000
11578.000000
10150.000000
6319.000000
1635.000000
1160.000000
-2273.000000
-5083.000000
-3496.000000
-8847.000000
-6658.000000
-8906.000000
-14754.000000
-10845.000000
-14875.000000
-14639.000000
-15428.000000
-21390.000000
-22109.000000
-22606.000000
-24837.000000
-25302.000000
-24023.000000
-28237.000000
-24288.000000
-24084.000000
-25277.000000
-16363.000000
-17741.000000
-12864.000000
-8597.000000
-9008.000000
-2387.000000
643.000000
2897.000000
6047.000000
8513.000000
6747.000000
10689.000000
10422.000000
9613.000000
15111.000000
10334.000000
12575.000000
13426.000000
11909.000000
15880.000000
15146.000000
15033.000000
16921.000000
17379.000000
15855.000000
18366.000000
16434.000000
15989.000000
17647.000000
12346.000000
12492.000000
9664.000000
5724.000000
6079.000000
1719.000000
-1529.000000
-3533.000000
-6956.000000
-8509.000000
-8499.000000
-11386.000000
-12641.000000
-11956.000000
-15128.000000
-13104.000000
-13419.000000
-14618.000000
-11652.000000
-14578.000000
-13772.000000
-13682.000000
-15358.000000
-14285.000000
-15084.000000
-15904.000000
-16082.000000
-15478.000000
-16388.000000
-13600.000000
-12607.000000
-11738.000000
-8136.000000
-8461.000000
-4451.000000
-2279.000000
-672.000000
2188.000000
2780.000000
4721.000000
5616.000000
7174.000000
7117.000000
8113.000000
7704.000000
7712.000000
8919.000000
7818.000000
10235.000000
10505.000000
11748.000000
13338.000000
13959.000000
16330.000000
17542.000000
19506.000000
20604.000000
21856.000000
22260.000000
23391.000000
23798.000000
23222.000000
23284.000000
19741.000000
16799.000000
14892.000000
12726.000000
10073.000000
7588.000000
3247.000000
-849.000000
-933.000000
-5945.000000
-6118.000000
-6380.000000
-10356.000000
-6574.000000
-12424.000000
-13828.000000
-10649.000000
-14352.000000
-12028.000000
-14739.000000
-18292.000000
-17993.000000
-18324.000000
-21064.000000
-20246.000000
-20208.000000
-23509.000000
-18274.000000
-21691.000000
-19444.000000
-12678.000000
-15113.000000
-8831.000000
-8064.000000
-6514.000000
-203.000000
1901.000000
3785.000000
7109.000000
8412.000000
7145.000000
11998.000000
9082.000000
11037.000000
14038.000000
8462.000000
11675.000000
9501.000000
8949.000000
11285.000000
9612.000000
9391.000000
10655.000000
10147.000000
8915.000000
11913.000000
9440.000000
11172.000000
11814.000000
7396.000000
9247.000000
5867.000000
4058.000000
3954.000000
-317.000000
-2147.000000
-4125.000000
-7947.000000
-8949.000000
-9570.000000
-12867.000000
-12154.000000
-13217.000000
-14663.000000
-12435.000000
-13596.000000
-12350.000000
-10971.000000
-12658.000000
-11483.000000
-11558.000000
-12430.000000
-11238.000000
-12323.000000
-13203.000000
-12654.000000
-13693.000000
-13162.000000
-11821.000000
-11575.000000
-9345.000000
-7707.000000
-6613.000000
-3196.000000
-1212.000000
1078.000000
3838.000000
4966.000000
6695.000000
7805.000000
8581.000000
9196.000000
9433.000000
9341.000000
9381.000000
9593.000000
9940.000000
10736.000000
10716.000000
11416.000000
11936.000000
13352.000000
14834.000000
15438.000000
16974.000000
17441.000000
18737.000000
19446.000000
19595.000000
20051.000000
19971.000000
20014.000000
18975.000000
16920.000000
13729.000000
12267.000000
10673.000000
7637.000000
6166.000000
2224.000000
-1399.000000
-1548.000000
-5470.000000
-6677.000000
-6947.000000
-10537.000000
-8142.000000
-11240.000000
-13110.000000
-9970.000000
-12168.000000
-11042.000000
-11805.000000
-14748.000000
-14417.000000
-13145.000000
-15497.000000
-14989.000000
-14999.000000
-18401.000000
-14118.000000
-16634.000000
-15669.000000
-10386.000000
-12274.000000
-8244.000000
-6840.000000
-6289.000000
-1506.000000
1488.000000
1805.000000
4919.000000
5835.000000
4967.000000
9820.000000
7312.000000
8537.000000
10327.000000
5998.000000
7773.000000
6421.000000
5773.000000
6982.000000
5807.000000
4509.000000
5921.000000
5314.000000
4862.000000
8332.000000
5965.000000
7638.000000
8070.000000
5548.000000
7689.000000
5756.000000
4271.000000
3380.000000
1102.000000
-1256.000000
-2320.000000
-4672.000000
-7093.000000
-6663.000000
-10228.000000
-10833.000000
-10902.000000
-13511.000000
-11400.000000
-12371.000000
-13004.000000
-11439.000000
-12659.000000
-11669.000000
-10585.000000
-11509.000000
-11440.000000
-10822.000000
-12239.000000
-11283.000000
-10704.000000
-11951.000000
-9327.000000
-9804.000000
-8955.000000
-6578.000000
-6417.000000
-3136.000000
-1301.000000
-98.000000
1977.000000
3854.000000
4813.000000
6599.000000
7826.000000
7377.000000
9044.000000
7978.000000
8760.000000
9715.000000
8711.000000
9873.000000
9269.000000
9825.000000
10025.000000
10352.000000
10576.000000
11544.000000
12708.000000
12285.000000
13809.000000
13644.000000
14976.000000
16056.000000
15583.000000
16384.000000
15974.000000
16062.000000
15501.000000
13864.000000
11805.000000
11015.000000
9985.000000
7483.000000
6178.000000
2520.000000
1011.000000
473.000000
-3778.000000
-3413.000000
-5154.000000
-6272.000000
-4345.000000
-7781.000000
-6817.000000
-6057.000000
-6889.000000
-5836.000000
-7100.000000
-8393.000000
-8199.000000
-8067.000000
-10685.000000
-9519.000000
-11569.000000
-12896.000000
-10644.000000
-14073.000000
-11331.000000
-10418.000000
-11111.000000
-8220.000000
-8218.000000
-6420.000000
-3736.000000
-2103.000000
-1647.000000
1559.000000
1279.000000
2165.000000
5042.000000
2645.000000
5746.000000
4748.000000
3049.000000
4578.000000
2934.000000
3566.000000
3514.000000
2777.000000
2165.000000
3622.000000
2539.000000
3260.000000
4584.000000
2936.000000
5869.000000
4881.000000
4912.000000
5956.000000
4208.000000
4572.000000
3452.000000
1849.000000
309.000000
-1006.000000
-3247.000000
-4782.000000
-5970.000000
-8657.000000
-9225.000000
-10508.000000
-11820.000000
-11460.000000
-12479.000000
-12220.000000
-11780.000000
-12010.000000
-10940.000000
-10449.000000
-9787.000000
-9291.000000
-8832.000000
-8757.000000
-8343.000000
-7322.000000
-7335.000000
-6152.000000
-5931.000000
-5268.000000
-4040.000000
-3534.000000
-2046.000000
-967.000000
590.000000
1595.000000
2994.000000
3731.000000
4683.000000
6104.000000
6305.000000
7312.000000
7023.000000
7188.000000
7216.000000
7036.000000
6700.000000
6140.000000
6062.000000
5208.000000
5906.000000
5008.000000
5066.000000
6150.000000
6058.000000
7053.000000
7223.000000
8423.000000
10181.000000
11726.000000
12431.000000
13443.000000
14102.000000
14251.000000
15303.000000
13543.000000
12591.000000
12440.000000
10550.000000
9565.000000
7987.000000
4831.000000
4182.000000
3481.000000
1004.000000
1601.000000
-140.000000
-610.000000
1609.000000
-1032.000000
-338.000000
661.000000
-933.000000
491.000000
-1146.000000
-3310.000000
-2587.000000
-4009.000000
-6086.000000
-5875.000000
-8422.000000
-9627.000000
-8272.000000
-11588.000000
-10435.000000
-9616.000000
-11509.000000
-8698.000000
-8940.000000
-8518.000000
-5618.000000
-5230.000000
-4293.000000
-1893.000000
-2498.000000
-1488.000000
804.000000
-961.000000
1288.000000
1222.000000
-1016.000000
426.000000
-1010.000000
-965.000000
-107.000000
-1732.000000
-1870.000000
-631.000000
-1443.000000
-593.000000
975.000000
26.000000
2339.000000
2451.000000
1880.000000
3893.000000
2837.000000
3274.000000
2900.000000
862.000000
473.000000
-689.000000
-2207.000000
-3748.000000
-5283.000000
-7452.000000
-8187.000000
-8489.000000
-9755.000000
-9555.000000
-10510.000000
-10400.000000
-9643.000000
-9882.000000
-8528.000000
-7890.000000
-7266.000000
-6735.000000
-6041.000000
-5641.000000
-5116.000000
-3952.000000
-4365.000000
-3484.000000
-3394.000000
-2885.000000
-1866.000000
-2096.000000
-1149.000000
-882.000000
-244.000000
88.000000
841.000000
745.000000
670.000000
1569.000000
898.000000
1595.000000
1178.000000
1494.000000
1998.000000
1557.000000
1880.000000
1119.000000
1643.000000
1711.000000
2615.000000
2720.000000
2906.000000
4378.000000
4632.000000
6390.000000
6785.000000
8652.000000
10405.000000
11715.000000
13887.000000
14755.000000
17104.000000
18244.000000
19678.000000
20246.000000
20136.000000
20175.000000
19540.000000
19693.000000
18099.000000
17310.000000
15596.000000
12982.000000
12675.000000
10494.000000
9178.000000
8976.000000
6420.000000
6642.000000
5402.000000
3247.000000
4499.000000
2768.000000
2011.000000
1057.000000
-1694.000000
-2739.000000
-3623.000000
-5806.000000
-8117.000000
-9160.000000
-12796.000000
-12830.000000
-14681.000000
-17519.000000
-15308.000000
-17995.000000
-17590.000000
-17401.000000
-18523.000000
-16301.000000
-15432.000000
-14842.000000
-14002.000000
-11993.000000
-11886.000000
-8791.000000
-8189.000000
-7961.000000
-4510.000000
-6421.000000
-4542.000000
-3733.000000
-4061.000000
-2122.000000
-2545.000000
-2245.000000
-1289.000000
-452.000000
-535.000000
1568.000000
1644.000000
2595.000000
4710.000000
3613.000000
5606.000000
6087.000000
5961.000000
6379.000000
5650.000000
4890.000000
4525.000000
3698.000000
1593.000000
1441.000000
-1094.000000
-2241.000000
-2726.000000
-5380.000000
-5143.000000
-6261.000000
-6934.000000
-6613.000000
-7448.000000
-7177.000000
-6380.000000
-6270.000000
-6104.000000
-5273.000000
-5719.000000
-4915.000000
-4256.000000
-5263.000000
-4510.000000
-5420.000000
-5857.000000
-5505.000000
-6557.000000
-6516.000000
-6879.000000
-7022.000000
-7035.000000
-6695.000000
-6748.000000
-6537.000000
-5430.000000
-5200.000000
-3638.000000
-3240.000000
-2361.000000
-502.000000
213.000000
1971.000000
2544.000000
3535.000000
4473.000000
5605.000000
6645.000000
7116.000000
8590.000000
8965.000000
10492.000000
11327.000000
12811.000000
14771.000000
15871.000000
17773.000000
18888.000000
21100.000000
22345.000000
23731.000000
24830.000000
25323.000000
26260.000000
25515.000000
24539.000000
22962.000000
22228.000000
20600.000000
18577.000000
16994.000000
13392.000000
12379.000000
10757.000000
8027.000000
7960.000000
4753.000000
3379.000000
3008.000000
-588.000000
-663.000000
-2164.000000
-4578.000000
-5040.000000
-7878.000000
-10280.000000
-10630.000000
-12725.000000
-15146.000000
-15518.000000
-19185.000000
-20213.000000
-20026.000000
-23487.000000
-21554.000000
-21984.000000
-23027.000000
-20820.000000
-21556.000000
-19950.000000
-16874.000000
-16012.000000
-14553.000000
-11285.000000
-11373.000000
-8255.000000
-5787.000000
-6824.000000
-2547.000000
-2949.000000
-2560.000000
-150.000000
-954.000000
485.000000
1562.000000
765.000000
1228.000000
2972.000000
1650.000000
3568.000000
4208.000000
3141.000000
5814.000000
4295.000000
4804.000000
5833.000000
4692.000000
5447.000000
5143.000000
3887.000000
3598.000000
2783.000000
677.000000
1062.000000
-331.000000
-1665.000000
-1539.000000
-3868.000000
-4126.000000
-4824.000000
-6071.000000
-5935.000000
-7106.000000
-7826.000000
-7606.000000
-7979.000000
-8402.000000
-8347.000000
-9017.000000
-9058.000000
-8718.000000
-8975.000000
-8450.000000
-8718.000000
-8536.000000
-7908.000000
-7987.000000
-7384.000000
-7215.000000
-6927.000000
-6297.000000
-5905.000000
-5062.000000
-4696.000000
-3990.000000
-2848.000000
-1977.000000
-694.000000
678.000000
2034.000000
3183.000000
4814.000000
5609.000000
6975.000000
8722.000000
9542.000000
11418.000000
11585.000000
12501.000000
13937.000000
14415.000000
15618.000000
16272.000000
17238.000000
18209.000000
19228.000000
19692.000000
20991.000000
21747.000000
22329.000000
23799.000000
23256.000000
23988.000000
24448.000000
24011.000000
23681.000000
22089.000000
20736.000000
19940.000000
18504.000000
16526.000000
14978.000000
11614.000000
9845.000000
7916.000000
4402.000000
3538.000000
508.000000
-1442.000000
-2930.000000
-6664.000000
-7839.000000
-9206.000000
-10910.000000
-12043.000000
-13768.000000
-16111.000000
-16460.000000
-17218.000000
-19161.000000
-18556.000000
-20583.000000
-20724.000000
-19971.000000
-21706.000000
-20010.000000
-19740.000000
-19963.000000
-18591.000000
-18174.000000
-17285.000000
-14856.000000
-13914.000000
-13044.000000
-10284.000000
-10102.000000
-7547.000000
-5291.000000
-5232.000000
-1969.000000
-1335.000000
-681.000000
1025.000000
1166.000000
2276.000000
3316.000000
2937.000000
2860.000000
4010.000000
2937.000000
3641.000000
3677.000000
2214.000000
3658.000000
2481.000000
2075.000000
2461.000000
1607.000000
1820.000000
1751.000000
765.000000
393.000000
713.000000
-612.000000
-399.000000
-1624.000000
-3272.000000
-2845.000000
-4733.000000
-4892.000000
-5534.000000
-7002.000000
-7142.000000
-8246.000000
-8873.000000
-9025.000000
-8895.000000
-9263.000000
-8849.000000
-8957.000000
-8455.000000
-7094.000000
-7239.000000
-5913.000000
-5609.000000
-4954.000000
-3806.000000
-3761.000000
-2720.000000
-2319.000000
-1923.000000
-1542.000000
-1024.000000
-691.000000
-236.000000
174.000000
300.000000
1501.000000
1864.000000
2847.000000
3807.000000
4503.000000
6424.000000
7444.000000
8670.000000
9774.000000
10857.000000
12100.000000
13141.000000
14175.000000
14959.000000
16271.000000
16704.000000
17428.000000
17897.000000
18138.000000
19375.000000
19657.000000
20164.000000
20228.000000
20227.000000
20585.000000
20348.000000
20220.000000
19771.000000
19683.000000
18977.000000
18215.000000
17197.000000
15574.000000
14679.000000
12850.000000
11367.000000
9640.000000
7567.000000
5767.000000
3659.000000
1663.000000
-744.000000
-2384.000000
-4551.000000
-5848.000000
-7411.000000
-9664.000000
-10504.000000
-12205.000000
-12906.000000
-13839.000000
-14930.000000
-15309.000000
-15702.000000
-15816.000000
-16385.000000
-16228.000000
-16574.000000
-16093.000000
-15686.000000
-15835.000000
-14918.000000
-14765.000000
-14064.000000
-13548.000000
-13181.000000
-12357.000000
-11367.000000
-10619.000000
-10060.000000
-8879.000000
-8539.000000
-7234.000000
-6132.000000
-5756.000000
-4388.000000
-4079.000000
-3558.000000
-2676.000000
-2401.000000
-1920.000000
-1613.000000
-1863.000000
-1931.000000
-1760.000000
-2598.000000
-2660.000000
-2611.000000
-3047.000000
-2594.000000
-3059.000000
-2865.000000
-2118.000000
-2273.000000
-2115.000000
-1819.000000
-1725.000000
-1416.000000
-964.000000
-979.000000
-655.000000
-309.000000
-702.000000
-781.000000
-911.000000
-1282.000000
-1242.000000
-2046.000000
-2629.000000
-2918.000000
-3834.000000
-4060.000000
-4414.000000
-5018.000000
-5333.000000
-5352.000000
-5584.000000
-5154.000000
-4808.000000
-5044.000000
-3886.000000
-3499.000000
-2949.000000
-1812.000000
-1586.000000
-490.000000
497.000000
935.000000
1686.000000
2318.000000
2731.000000
3705.000000
4137.000000
4279.000000
5507.000000
5758.000000
6736.000000
7923.000000
8111.000000
9590.000000
10585.000000
11479.000000
12677.000000
13460.000000
14406.000000
15347.000000
15772.000000
15984.000000
16581.000000
16557.000000
16719.000000
16634.000000
15710.000000
15719.000000
15469.000000
14999.000000
14849.000000
13860.000000
13352.000000
13039.000000
12267.000000
11922.000000
11396.000000
10574.000000
10183.000000
9604.000000
8875.000000
8523.000000
7438.000000
6659.000000
5830.000000
4497.000000
3852.000000
2646.000000
1621.000000
551.000000
-775.000000
-1749.000000
-3172.000000
-4043.000000
-4969.000000
-6007.000000
-6782.000000
-8007.000000
-8694.000000
-9271.000000
-9946.000000
-10413.000000
-11053.000000
-11590.000000
-12219.000000
-12716.000000
-13420.000000
-13680.000000
-13940.000000
-14851.000000
-15003.000000
-15787.000000
-15636.000000
-15175.000000
-15927.000000
-15669.000000
-15659.000000
-15464.000000
-14783.000000
-14435.000000
-14005.000000
-12860.000000
-11967.000000
-11334.000000
-9938.000000
-9260.000000
-7718.000000
-6251.000000
-5874.000000
-4473.000000
-3706.000000
-2758.000000
-1623.000000
-1440.000000
-835.000000
-77.000000
259.000000
616.000000
1186.000000
1008.000000
1800.000000
1978.000000
1573.000000
2439.000000
1932.000000
2308.000000
2628.000000
1874.000000
1985.000000
1960.000000
1446.000000
1488.000000
1217.000000
326.000000
643.000000
69.000000
-270.000000
-167.000000
-1258.000000
-1312.000000
-1518.000000
-2407.000000
-2374.000000
-2774.000000
-3226.000000
-2557.000000
-2766.000000
-2681.000000
-1864.000000
-1871.000000
-820.000000
192.000000
251.000000
1400.000000
2071.000000
2583.000000
3997.000000
4139.000000
4688.000000
5933.000000
6003.000000
6505.000000
6896.000000
6839.000000
7707.000000
7815.000000
7545.000000
8337.000000
8392.000000
8837.000000
9714.000000
9445.000000
10208.000000
10961.000000
11197.000000
11993.000000
12068.000000
12190.000000
12804.000000
12825.000000
12735.000000
12999.000000
12391.000000
12446.000000
12407.000000
11591.000000
11938.000000
11256.000000
10801.000000
10716.000000
9974.000000
9608.000000
9215.000000
8666.000000
8129.000000
7971.000000
6900.000000
6549.000000
6086.000000
5261.000000
5252.000000
4038.000000
3542.000000
2855.000000
1678.000000
868.000000
-250.000000
-1570.000000
-2761.000000
-3782.000000
-5557.000000
-6355.000000
-7837.000000
-9357.000000
-9806.000000
-11622.000000
-12403.000000
-13165.000000
-14309.000000
-14287.000000
-15160.000000
-15780.000000
-15703.000000
-16200.000000
-16215.000000
-15839.000000
-16467.000000
-16280.000000
-15524.000000
-15758.000000
-14998.000000
-14696.000000
-14328.000000
-12880.000000
-12554.000000
-12028.000000
-11010.000000
-10531.000000
-9465.000000
-8462.000000
-8028.000000
-6652.000000
-5667.000000
-5297.000000
-4162.000000
-3441.000000
-2614.000000
-1206.000000
-777.000000
-171.000000
581.000000
747.000000
1710.000000
2207.000000
2309.000000
2723.000000
2387.000000
2191.000000
2298.000000
1829.000000
1732.000000
1888.000000
1286.000000
1134.000000
922.000000
341.000000
881.000000
983.000000
602.000000
843.000000
464.000000
420.000000
735.000000
430.000000
196.000000
-114.000000
-668.000000
-559.000000
-260.000000
-717.000000
-404.000000
-456.000000
-678.000000
-267.000000
-691.000000
-274.000000
625.000000
890.000000
1540.000000
2338.000000
3027.000000
4041.000000
4875.000000
5218.000000
5996.000000
6897.000000
7591.000000
8650.000000
9074.000000
9690.000000
10499.000000
10715.000000
11155.000000
11301.000000
11330.000000
11628.000000
11704.000000
11499.000000
11481.000000
11215.000000
11356.000000
11394.000000
10994.000000
11107.000000
10976.000000
10740.000000
10590.000000
10236.000000
9524.000000
9137.000000
8565.000000
7672.000000
7108.000000
6175.000000
5241.000000
4245.000000
3368.000000
2745.000000
1794.000000
776.000000
-201.000000
-1019.000000
-1739.000000
-2255.000000
-2919.000000
-3691.000000
-4168.000000
-4625.000000
-4870.000000
-5339.000000
-5984.000000
-6352.000000
-6604.000000
-6857.000000
-7216.000000
-7524.000000
-7521.000000
-7543.000000
-7593.000000
-7584.000000
-7492.000000
-7393.000000
-7437.000000
-7420.000000
-7294.000000
-7082.000000
-7210.000000
-6923.000000
-6854.000000
-6844.000000
-6615.000000
-6964.000000
-6715.000000
-6641.000000
-6567.000000
-6202.000000
-6213.000000
-5976.000000
-5561.000000
-5457.000000
-5234.000000
-4919.000000
-4777.000000
-4378.000000
-4126.000000
-4085.000000
-3634.000000
-3521.000000
-3531.000000
-3108.000000
-3445.000000
-3037.000000
-2635.000000
-3028.000000
-2561.000000
-2582.000000
-2799.000000
-2593.000000
-2611.000000
-2864.000000
-2677.000000
-2845.000000
-2892.000000
-2418.000000
-2887.000000
-2395.000000
-2228.000000
-2578.000000
-2139.000000
-2391.000000
-2365.000000
-2020.000000
-2255.000000
-2725.000000
-2478.000000
-2597.000000
-2319.000000
-1797.000000
-2125.000000
-1402.000000
-1241.000000
-786.000000
2.000000
464.000000
1676.000000
2524.000000
3571.000000
4288.000000
5341.000000
6348.000000
7398.000000
8504.000000
8792.000000
9689.000000
10061.000000
10490.000000
10876.000000
11019.000000
11305.000000
11392.000000
11858.000000
11860.000000
11851.000000
11635.000000
11442.000000
11321.000000
10876.000000
10712.000000
10385.000000
10159.000000
9409.000000
8778.000000
8266.000000
7356.000000
6768.000000
5574.000000
4667.000000
3790.000000
2562.000000
1623.000000
519.000000
-419.000000
-1163.000000
-1974.000000
-2925.000000
-3311.000000
-3805.000000
-4375.000000
-4459.000000
-5131.000000
-5182.000000
-5019.000000
-5119.000000
-4827.000000
-4837.000000
-4805.000000
-4620.000000
-4462.000000
-4510.000000
-3984.000000
-3690.000000
-3379.000000
-2883.000000
-3158.000000
-2627.000000
-2322.000000
-2141.000000
-1752.000000
-1594.000000
-1260.000000
-1125.000000
-1189.000000
-1436.000000
-1283.000000
-1279.000000
-1204.000000
-1240.000000
-1639.000000
-1445.000000
-1455.000000
-1571.000000
-1715.000000
-1872.000000
-1674.000000
-1419.000000
-1318.000000
-1578.000000
-1295.000000
-1220.000000
-1037.000000
-667.000000
-813.000000
-625.000000
-763.000000
-464.000000
-563.000000
-700.000000
-426.000000
-715.000000
-814.000000
-1359.000000
-1551.000000
-1693.000000
-2025.000000
-2149.000000
-2602.000000
-3156.000000
-3657.000000
-3859.000000
-4133.000000
-4425.000000
-4812.000000
-5191.000000
-5485.000000
-5975.000000
-6198.000000
-6522.000000
-6765.000000
-6909.000000
-7205.000000
-7204.000000
-7089.000000
-6754.000000
-6550.000000
-6254.000000
-5957.000000
-5555.000000
-4681.000000
-4051.000000
-2978.000000
-1957.000000
-1121.000000
-93.000000
871.000000
2026.000000
3046.000000
4036.000000
4943.000000
5997.000000
6930.000000
7908.000000
9105.000000
9780.000000
10698.000000
11092.000000
11401.000000
12246.000000
12424.000000
12677.000000
12617.000000
12502.000000
12411.000000
12037.000000
11589.000000
10995.000000
10593.000000
9743.000000
8886.000000
7882.000000
6733.000000
6001.000000
5073.000000
3924.000000
2820.000000
1636.000000
657.000000
-57.000000
-1166.000000
-2323.000000
-3271.000000
-4147.000000
-4615.000000
-4916.000000
-5344.000000
-5624.000000
-5970.000000
-6095.000000
-5901.000000
-5872.000000
-5638.000000
-5527.000000
-5416.000000
-5074.000000
-4939.000000
-4612.000000
-3920.000000
-3380.000000
-3107.000000
-2719.000000
-2653.000000
-2457.000000
-1974.000000
-1920.000000
-1740.000000
-1578.000000
-1540.000000
-1294.000000
-956.000000
-753.000000
-594.000000
-555.000000
-573.000000
-306.000000
-144.000000
-157.000000
-442.000000
-1099.000000
-1016.000000
-156.000000
366.000000
591.000000
890.000000
811.000000
412.000000
-32.000000
-314.000000
45.000000
-132.000000
-433.000000
-476.000000
-806.000000
-694.000000
-798.000000
-1188.000000
-1338.000000
-1415.000000
-1498.000000
-1493.000000
-1705.000000
-1579.000000
-1312.000000
-1380.000000
-986.000000
-1282.000000
-1816.000000
-1935.000000
-2318.000000
-2395.000000
-2523.000000
-2772.000000
-2904.000000
-2789.000000
-2821.000000
-2771.000000
-2496.000000
-2734.000000
-2574.000000
-2597.000000
-2194.000000
-1396.000000
-1192.000000
-689.000000
-606.000000
-326.000000
244.000000
826.000000
1291.000000
1701.000000
2251.000000
2598.000000
3304.000000
3833.000000
4550.000000
4997.000000
5177.000000
5605.000000
5877.000000
6352.000000
6357.000000
6278.000000
6363.000000
6508.000000
6715.000000
6576.000000
6397.000000
6208.000000
6224.000000
5923.000000
5389.000000
5009.000000
4555.000000
4310.000000
3500.000000
2845.000000
2628.000000
2285.000000
1959.000000
1413.000000
971.000000
267.000000
-531.000000
-1317.000000
-1689.000000
-1840.000000
-2227.000000
-2380.000000
-2850.000000
-3420.000000
-3982.000000
-4545.000000
-4903.000000
-5118.000000
-5383.000000
-5613.000000
-5710.000000
-5885.000000
-5707.000000
-5545.000000
-5335.000000
-5190.000000
-4978.000000
-4568.000000
-4532.000000
-4283.000000
-4313.000000
-4050.000000
-3554.000000
-3451.000000
-3150.000000
-3313.000000
-2962.000000
-2370.000000
-2090.000000
-1679.000000
-1557.000000
-1159.000000
-835.000000
-408.000000
-77.000000
294.000000
712.000000
681.000000
1085.000000
1301.000000
1703.000000
2068.000000
1915.000000
2053.000000
2083.000000
2268.000000
2447.000000
2367.000000
2131.000000
1814.000000
1585.000000
1393.000000
1502.000000
1299.000000
963.000000
718.000000
244.000000
-90.000000
-581.000000
-946.000000
-960.000000
-1090.000000
-1482.000000
-1701.000000
-2103.000000
-2598.000000
-2663.000000
-3092.000000
-3315.000000
-3530.000000
-3974.000000
-3918.000000
-4042.000000
-4146.000000
-3831.000000
-3829.000000
-3943.000000
-3697.000000
-3333.000000
-2738.000000
-2167.000000
-1929.000000
-1628.000000
-1264.000000
-752.000000
24.000000
437.000000
698.000000
1011.000000
1431.000000
2300.000000
3056.000000
3549.000000
4033.000000
4631.000000
5115.000000
5736.000000
6235.000000
6607.000000
7241.000000
7465.000000
7924.000000
8395.000000
8563.000000
8898.000000
8935.000000
8894.000000
9065.000000
9155.000000
9129.000000
9108.000000
8759.000000
8461.000000
8443.000000
8283.000000
8273.000000
7945.000000
7509.000000
7201.000000
6752.000000
6319.000000
5578.000000
4972.000000
4173.000000
3405.000000
2459.000000
1327.000000
291.000000
-927.000000
-1698.000000
-2725.000000
-3697.000000
-4681.000000
-5643.000000
-6264.000000
-7143.000000
-7941.000000
-8540.000000
-8920.000000
-9280.000000
-9573.000000
-9643.000000
-9884.000000
-10275.000000
-10410.000000
-10495.000000
-10589.000000
-10431.000000
-10273.000000
-10083.000000
-9785.000000
-9445.000000
-8995.000000
-8533.000000
-7989.000000
-7393.000000
-6882.000000
-6261.000000
-5510.000000
-4767.000000
-3889.000000
-3068.000000
-2310.000000
-1376.000000
-454.000000
7.000000
366.000000
810.000000
1174.000000
1848.000000
2234.000000
2517.000000
2640.000000
2695.000000
2941.000000
2930.000000
2955.000000
2963.000000
3191.000000
3158.000000
3157.000000
3025.000000
2876.000000
3017.000000
2620.000000
2477.000000
2174.000000
1930.000000
1577.000000
1005.000000
722.000000
234.000000
-178.000000
-626.000000
-1006.000000
-1511.000000
-1886.000000
-2145.000000
-2441.000000
-2726.000000
-3074.000000
-3064.000000
-3053.000000
-3069.000000
-3036.000000
-2994.000000
-2904.000000
-2869.000000
-2812.000000
-2748.000000
-2464.000000
-2129.000000
-1862.000000
-1412.000000
-1168.000000
-814.000000
-373.000000
-108.000000
295.000000
486.000000
1048.000000
1696.000000
1898.000000
2452.000000
3150.000000
3880.000000
4536.000000
4898.000000
5052.000000
5355.000000
5984.000000
6618.000000
7175.000000
7531.000000
7909.000000
8212.000000
8458.000000
8914.000000
9480.000000
9804.000000
9766.000000
9809.000000
9723.000000
9633.000000
9742.000000
9518.000000
8993.000000
8415.000000
7856.000000
7522.000000
7000.000000
6254.000000
5367.000000
4285.000000
3501.000000
2620.000000
1830.000000
1354.000000
747.000000
-46.000000
-872.000000
-1673.000000
-2343.000000
-2794.000000
-3250.000000
-3579.000000
-3962.000000
-4372.000000
-4708.000000
-5100.000000
-5262.000000
-5451.000000
-5584.000000
-5726.000000
-6001.000000
-5873.000000
-5969.000000
-5768.000000
-5486.000000
-5516.000000
-5360.000000
-5309.000000
-5080.000000
-4883.000000
-4446.000000
-4115.000000
-3830.000000
-3709.000000
-3565.000000
-3209.000000
-3050.000000
-2778.000000
-2929.000000
-2813.000000
-2449.000000
-2341.000000
-2130.000000
-2126.000000
-1997.000000
-1880.000000
-1819.000000
-1546.000000
-1751.000000
-2012.000000
-2098.000000
-1819.000000
-1752.000000
-2066.000000
-2208.000000
-2459.000000
-2301.000000
-2518.000000
-2690.000000
-2673.000000
-2976.000000
-3019.000000
-2930.000000
-2959.000000
-3320.000000
-3762.000000
-3930.000000
-3764.000000
-3917.000000
-4188.000000
-4303.000000
-4460.000000
-4348.000000
-4458.000000
-4472.000000
-4271.000000
-4289.000000
-4117.000000
-4022.000000
-3898.000000
-3864.000000
-3676.000000
-3480.000000
-3342.000000
-2822.000000
-2732.000000
-2496.000000
-2094.000000
-1624.000000
-867.000000
-222.000000
558.000000
1132.000000
1824.000000
2469.000000
3071.000000
3949.000000
4467.000000
5246.000000
5950.000000
6654.000000
7354.000000
7781.000000
8416.000000
8614.000000
8853.000000
9205.000000
9639.000000
10043.000000
10032.000000
9863.000000
9600.000000
9629.000000
9677.000000
9592.000000
9295.000000
8682.000000
8407.000000
8016.000000
7606.000000
7090.000000
6441.000000
6122.000000
5353.000000
4653.000000
3963.000000
3407.000000
2793.000000
1953.000000
1197.000000
646.000000
485.000000
61.000000
-231.000000
-946.000000
-1603.000000
-1842.000000
-2110.000000
-2227.000000
-2427.000000
-2539.000000
-2685.000000
-2667.000000
-2561.000000
-2594.000000
-2513.000000
-2294.000000
-2100.000000
-1974.000000
-1785.000000
-1633.000000
-1618.000000
-1360.000000
-1177.000000
-1014.000000
-750.000000
-617.000000
-749.000000
-816.000000
-575.000000
-490.000000
-334.000000
-303.000000
-300.000000
-178.000000
-237.000000
-181.000000
-150.000000
-279.000000
-205.000000
-183.000000
-137.000000
35.000000
71.000000
-110.000000
-2.000000
-170.000000
-285.000000
-55.000000
-370.000000
-395.000000
-686.000000
-919.000000
-1221.000000
-1370.000000
-1325.000000
-1427.000000
-1558.000000
-2002.000000
-2251.000000
-2738.000000
-2863.000000
-3303.000000
-3633.000000
-3667.000000
-3977.000000
-4295.000000
-4670.000000
-4911.000000
-5206.000000
-5400.000000
-5944.000000
-6223.000000
-6445.000000
-6799.000000
-6997.000000
-7493.000000
-7771.000000
-7758.000000
-7767.000000
-7692.000000
-7531.000000
-7470.000000
-7285.000000
-7040.000000
-6847.000000
-6261.000000
-5740.000000
-5442.000000
-4871.000000
-4522.000000
-4004.000000
-3342.000000
-2854.000000
-2155.000000
-1644.000000
-1125.000000
-429.000000
336.000000
870.000000
1412.000000
1892.000000
2479.000000
3270.000000
3620.000000
4084.000000
4398.000000
4784.000000
5371.000000
5664.000000
5765.000000
6124.000000
6307.000000
6318.000000
6599.000000
6271.000000
6049.000000
5944.000000
5813.000000
5915.000000
5768.000000
5632.000000
5449.000000
5114.000000
4881.000000
4760.000000
4435.000000
4321.000000
4124.000000
3775.000000
3563.000000
3341.000000
3234.000000
2924.000000
2783.000000
2579.000000
2333.000000
2087.000000
1878.000000
1508.000000
1178.000000
1245.000000
1034.000000
985.000000
837.000000
648.000000
465.000000
367.000000
261.000000
296.000000
578.000000
697.000000
1067.000000
1149.000000
1137.000000
1053.000000
872.000000
1027.000000
1250.000000
1415.000000
1432.000000
1393.000000
1404.000000
1574.000000
1390.000000
1223.000000
1475.000000
1359.000000
1436.000000
1625.000000
1581.000000
1744.000000
2068.000000
2083.000000
2020.000000
2036.000000
1945.000000
1996.000000
1617.000000
1435.000000
1291.000000
1016.000000
1075.000000
936.000000
580.000000
180.000000
-192.000000
-555.000000
-713.000000
-930.000000
-1283.000000
-1618.000000
-1942.000000
-2279.000000
-2273.000000
-2442.000000
-2817.000000
-2994.000000
-3238.000000
-3422.000000
-3696.000000
-3689.000000
-3727.000000
-3784.000000
-3807.000000
-3908.000000
-3914.000000
-3844.000000
-3592.000000
-3674.000000
-3780.000000
-3691.000000
-3555.000000
-3201.000000
-2912.000000
-2956.000000
-2836.000000
-2576.000000
-2378.000000
-2181.000000
-2094.000000
-1834.000000
-1393.000000
-1150.000000
-1096.000000
-880.000000
-814.000000
-536.000000
-319.000000
-289.000000
-85.000000
-67.000000
-51.000000
28.000000
323.000000
253.000000
182.000000
119.000000
-37.000000
-15.000000
-163.000000
-146.000000
-114.000000
-162.000000
-224.000000
-256.000000
-435.000000
-558.000000
-599.000000
-747.000000
-891.000000
-955.000000
-1143.000000
-1056.000000
-894.000000
-1012.000000
-956.000000
-946.000000
-984.000000
-1044.000000
-1118.000000
-1363.000000
-1411.000000
-1519.000000
-1691.000000
-1838.000000
-1857.000000
-1663.000000
-1719.000000
-1849.000000
-2071.000000
-2043.000000
-1974.000000
-1870.000000
-1821.000000
-1847.000000
-1608.000000
-1430.000000
-1299.000000
-1187.000000
-952.000000
-722.000000
-725.000000
-507.000000
-258.000000
-104.000000
166.000000
642.000000
1131.000000
1335.000000
1604.000000
1974.000000
2218.000000
2368.000000
2543.000000
2751.000000
2861.000000
2998.000000
3240.000000
3114.000000
3171.000000
3614.000000
3775.000000
3881.000000
3949.000000
3970.000000
4117.000000
3828.000000
3671.000000
3867.000000
3782.000000
4028.000000
4153.000000
4172.000000
4003.000000
3757.000000
3680.000000
3532.000000
3424.000000
3021.000000
2816.000000
2467.000000
2267.000000
1968.000000
1635.000000
1763.000000
1558.000000
1484.000000
1170.000000
938.000000
912.000000
779.000000
778.000000
851.000000
817.000000
697.000000
624.000000
251.000000
75.000000
-74.000000
-178.000000
-373.000000
-653.000000
-869.000000
-1107.000000
-1190.000000
-1354.000000
-1592.000000
-1808.000000
-1786.000000
-1626.000000
-1511.000000
-1643.000000
-1690.000000
-1814.000000
-1840.000000
-1866.000000
-2051.000000
-2071.000000
-2201.000000
-2030.000000
-1926.000000
-1963.000000
-1906.000000
-1633.000000
-1324.000000
-1223.000000
-1230.000000
-1389.000000
-1428.000000
-1483.000000
-1487.000000
-1228.000000
-907.000000
-364.000000
150.000000
223.000000
276.000000
332.000000
259.000000
253.000000
382.000000
440.000000
852.000000
1100.000000
1252.000000
1419.000000
1144.000000
1188.000000
1222.000000
1360.000000
1435.000000
1686.000000
1618.000000
1513.000000
1713.000000
1574.000000
1759.000000
1646.000000
1504.000000
1071.000000
587.000000
403.000000
47.000000
-115.000000
-439.000000
-665.000000
-743.000000
-1183.000000
-1461.000000
-1570.000000
-1788.000000
-2124.000000
-2567.000000
-2599.000000
-2863.000000
-3061.000000
-3219.000000
-3889.000000
-4297.000000
-4518.000000
-4499.000000
-4680.000000
-4936.000000
-4905.000000
-4985.000000
-4856.000000
-4714.000000
-4480.000000
-4154.000000
-4012.000000
-3815.000000
-3338.000000
-2980.000000
-3113.000000
-2858.000000
-2282.000000
-1890.000000
-1610.000000
-1342.000000
-986.000000
-733.000000
-602.000000
-386.000000
92.000000
425.000000
567.000000
851.000000
1038.000000
1247.000000
1569.000000
1764.000000
1934.000000
2105.000000
2214.000000
2369.000000
2578.000000
2575.000000
2461.000000
2511.000000
2640.000000
2699.000000
2708.000000
2654.000000
2448.000000
2176.000000
2053.000000
2005.000000
2016.000000
1945.000000
1891.000000
1994.000000
1802.000000
1568.000000
1420.000000
1450.000000
1449.000000
1331.000000
1366.000000
1342.000000
1226.000000
1198.000000
1243.000000
1112.000000
999.000000
933.000000
950.000000
835.000000
579.000000
545.000000
609.000000
406.000000
490.000000
599.000000
484.000000
638.000000
625.000000
721.000000
648.000000
714.000000
916.000000
860.000000
917.000000
850.000000
734.000000
655.000000
715.000000
1009.000000
1050.000000
1085.000000
1151.000000
1080.000000
1177.000000
1140.000000
1263.000000
1274.000000
1571.000000
1732.000000
1718.000000
1831.000000
1582.000000
1678.000000
1816.000000
2155.000000
2189.000000
2159.000000
2152.000000
1974.000000
1935.000000
1750.000000
1731.000000
1702.000000
1611.000000
1368.000000
1132.000000
1074.000000
1025.000000
966.000000
897.000000
767.000000
512.000000
37.000000
22.000000
61.000000
-54.000000
-92.000000
-500.000000
-686.000000
-636.000000
-768.000000
-1015.000000
-1111.000000
-1512.000000
-1838.000000
-2057.000000
-2156.000000
-1974.000000
-2025.000000
-2214.000000
-2296.000000
-2463.000000
-2579.000000
-2425.000000
-2461.000000
-2316.000000
-2373.000000
-2368.000000
-2078.000000
-1854.000000
-1739.000000
-1716.000000
-1714.000000
-1682.000000
-1415.000000
-1338.000000
-1293.000000
-1014.000000
-969.000000
-1100.000000
-964.000000
-1127.000000
-1165.000000
-875.000000
-733.000000
-640.000000
-696.000000
-1039.000000
-990.000000
-843.000000
-866.000000
-640.000000
-795.000000
-826.000000
-722.000000
-819.000000
-932.000000
-1003.000000
-1150.000000
-1120.000000
-951.000000
-963.000000
-1235.000000
-1285.000000
-1031.000000
-1084.000000
-1163.000000
-1205.000000
-1095.000000
-1158.000000
-1064.000000
-994.000000
-911.000000
-762.000000
-923.000000
-604.000000
-428.000000
-432.000000
-381.000000
-533.000000
-402.000000
-222.000000
-133.000000
-111.000000
-194.000000
9.000000
-4.000000
107.000000
250.000000
248.000000
586.000000
498.000000
728.000000
1043.000000
1015.000000
1293.000000
1535.000000
1644.000000
1619.000000
1351.000000
1219.000000
1398.000000
1530.000000
1768.000000
1882.000000
1845.000000
1879.000000
1878.000000
1670.000000
1606.000000
1597.000000
1489.000000
1695.000000
1641.000000
1601.000000
1576.000000
1381.000000
1515.000000
1505.000000
1359.000000
1333.000000
1199.000000
1284.000000
1218.000000
871.000000
695.000000
556.000000
509.000000
710.000000
720.000000
488.000000
371.000000
257.000000
314.000000
413.000000
546.000000
414.000000
357.000000
275.000000
150.000000
225.000000
-34.000000
-96.000000
-21.000000
107.000000
260.000000
346.000000
204.000000
-37.000000
-196.000000
-181.000000
81.000000
168.000000
167.000000
166.000000
-100.000000
-183.000000
-48.000000
105.000000
314.000000
51.000000
-173.000000
-141.000000
-227.000000
-429.000000
-534.000000
-529.000000
-609.000000
-750.000000
-773.000000
-943.000000
-1018.000000
-917.000000
-1036.000000
-964.000000
-966.000000
-1159.000000
-1411.000000
-1556.000000
-1610.000000
-1570.000000
-1507.000000
-1784.000000
-2042.000000
-1954.000000
-1828.000000
-1637.000000
-1725.000000
-1897.000000
-1857.000000
-1970.000000
-1613.000000
-1510.000000
-1472.000000
-1523.000000
-1544.000000
-1220.000000
-1147.000000
-984.000000
-1211.000000
-1230.000000
-1165.000000
-1024.000000
-839.000000
-946.000000
-834.000000
-829.000000
-885.000000
-730.000000
-372.000000
-260.000000
-211.000000
-128.000000
-137.000000
201.000000
450.000000
475.000000
771.000000
785.000000
737.000000
912.000000
945.000000
1093.000000
1204.000000
1239.000000
1422.000000
1623.000000
1671.000000
1515.000000
1323.000000
1577.000000
1824.000000
1726.000000
1677.000000
1743.000000
1837.000000
1784.000000
1860.000000
1824.000000
1808.000000
1564.000000
1241.000000
1331.000000
1109.000000
838.000000
666.000000
906.000000
1076.000000
999.000000
808.000000
569.000000
600.000000
453.000000
360.000000
262.000000
208.000000
127.000000
250.000000
130.000000
91.000000
278.000000
175.000000
11.000000
-8.000000
200.000000
201.000000
413.000000
414.000000
427.000000
376.000000
543.000000
836.000000
740.000000
832.000000
788.000000
961.000000
1229.000000
1366.000000
1309.000000
1211.000000
1336.000000
1283.000000
1330.000000
1315.000000
1064.000000
1224.000000
1153.000000
1203.000000
1454.000000
1223.000000
986.000000
747.000000
451.000000
248.000000
77.000000
28.000000
-90.000000
-443.000000
-648.000000
-784.000000
-891.000000
-1291.000000
-1790.000000
-2285.000000
-2458.000000
-2565.000000
-2838.000000
-2974.000000
-3297.000000
-3462.000000
-3666.000000
-3737.000000
-3871.000000
-4201.000000
-4396.000000
-4322.000000
-4295.000000
-4472.000000
-4357.000000
-4108.000000
-3861.000000
-3601.000000
-3535.000000
-3550.000000
-3371.000000
-3242.000000
-2814.000000
-2381.000000
-2035.000000
-1726.000000
-1475.000000
-1134.000000
-985.000000
-697.000000
-452.000000
-129.000000
202.000000
512.000000
886.000000
1303.000000
1569.000000
1810.000000
2045.000000
2142.000000
2378.000000
2753.000000
3173.000000
3135.000000
3351.000000
3547.000000
3710.000000
3887.000000
3717.000000
3523.000000
3235.000000
3248.000000
3024.000000
2696.000000
2439.000000
2227.000000
2178.000000
1978.000000
1721.000000
1424.000000
1079.000000
881.000000
569.000000
209.000000
15.000000
-150.000000
-221.000000
-316.000000
-360.000000
-501.000000
-513.000000
-742.000000
-896.000000
-783.000000
-847.000000
-915.000000
-964.000000
-927.000000
-997.000000
-733.000000
-471.000000
-280.000000
-201.000000
-201.000000
-32.000000
7.000000
420.000000
830.000000
890.000000
877.000000
961.000000
1197.000000
1340.000000
1736.000000
2063.000000
1987.000000
2130.000000
2257.000000
2409.000000
2498.000000
2432.000000
2353.000000
2438.000000
2557.000000
2489.000000
2428.000000
2236.000000
2305.000000
2173.000000
1848.000000
1878.000000
1871.000000
1649.000000
1536.000000
1382.000000
1193.000000
1085.000000
724.000000
567.000000
435.000000
233.000000
33.000000
-328.000000
-628.000000
-777.000000
-933.000000
-1242.000000
-1380.000000
-1625.000000
-1892.000000
-2062.000000
-2346.000000
-2365.000000
-2549.000000
-2900.000000
-3071.000000
-3154.000000
-3186.000000
-3273.000000
-3457.000000
-3669.000000
-3671.000000
-3722.000000
-3728.000000
-3912.000000
-4022.000000
-3984.000000
-4128.000000
-3899.000000
-3787.000000
-3485.000000
-3307.000000
-3305.000000
-3065.000000
-3031.000000
-2834.000000
-2665.000000
-2294.000000
-2052.000000
-1979.000000
-1608.000000
-1555.000000
-1453.000000
-1109.000000
-812.000000
-251.000000
165.000000
418.000000
643.000000
815.000000
1095.000000
1264.000000
1579.000000
1757.000000
1887.000000
2014.000000
2154.000000
2491.000000
2510.000000
2721.000000
2801.000000
2583.000000
2610.000000
2530.000000
2364.000000
2301.000000
2116.000000
1945.000000
1858.000000
1715.000000
1495.000000
1214.000000
1055.000000
688.000000
499.000000
248.000000
65.000000
51.000000
-79.000000
-46.000000
-431.000000
-624.000000
-687.000000
-701.000000
-716.000000
-970.000000
-1216.000000
-1196.000000
-1030.000000
-1038.000000
-769.000000
-477.000000
-274.000000
-211.000000
6.000000
128.000000
283.000000
696.000000
574.000000
518.000000
786.000000
1038.000000
1268.000000
1618.000000
1946.000000
2000.000000
1927.000000
1954.000000
2296.000000
2618.000000
2948.000000
2958.000000
2851.000000
3138.000000
3127.000000
3139.000000
3156.000000
3101.000000
2806.000000
2374.000000
2261.000000
2118.000000
2064.000000
1946.000000
1724.000000
1517.000000
1334.000000
1025.000000
744.000000
703.000000
492.000000
10.000000
-316.000000
-491.000000
-622.000000
-706.000000
-1084.000000
-1746.000000
-2085.000000
-2095.000000
-2121.000000
-2286.000000
-2582.000000
-2754.000000
-2731.000000
-2667.000000
-2854.000000
-3032.000000
-3075.000000
-2949.000000
-2915.000000
-2716.000000
-2602.000000
-2676.000000
-2597.000000
-2608.000000
-2294.000000
-2315.000000
-2217.000000
-1957.000000
-1952.000000
-1780.000000
-1577.000000
-1300.000000
-1202.000000
-1131.000000
-950.000000
-807.000000
-565.000000
-336.000000
-346.000000
-99.000000
195.000000
163.000000
328.000000
426.000000
619.000000
701.000000
563.000000
817.000000
958.000000
1023.000000
1086.000000
1056.000000
1027.000000
1099.000000
1033.000000
929.000000
1011.000000
1106.000000
1132.000000
821.000000
662.000000
522.000000
460.000000
700.000000
715.000000
451.000000
300.000000
131.000000
21.000000
146.000000
120.000000
56.000000
42.000000
122.000000
186.000000
93.000000
-134.000000
-293.000000
-358.000000
-399.000000
-322.000000
-302.000000
-250.000000
-190.000000
-257.000000
-323.000000
-461.000000
-400.000000
-28.000000
217.000000
247.000000
307.000000
352.000000
559.000000
793.000000
686.000000
675.000000
717.000000
884.000000
0.012136
0.012136
0.012136
0.012136
0.012136
0.012136
0.012136
0.012136
0.012136
0.012136
0.012136
0.012136
0.012136
0.012136
0.012136
0.012136
0.012136
0.012136
0.012136
0.012136
0.012136
0.012136
0.012136
0.012136
0.012136
0.012136
0.012136
0.012136
0.012136
0.012136
0.012136
0.012136
0.012136
0.012136
0.012136
0.012136
0.012136
0.012136
0.012136
0.012136
0.012136
0.012136
0.012136
0.012136
0.012136
0.012136
0.012136
0.012136
0.012136
0.012136
0.012136
0.012136
0.012136
0.012136
0.012136
0.012136
0.012136
0.012136
0.012136
0.012136
0.012136
0.012136
0.012136
0.012136
0.012136
0.012136
0.012136
0.012136
0.012136
0.012136
0.012136
0.012136
0.012136
0.012136
0.012136
0.012136
0.012136
0.012136
0.012136
0.012136
0.012136
0.012136
0.012136
0.012136
0.012136
0.012136
0.012136
0.012136
0.012136
0.012136
0.012136
0.012136
0.012136
0.012136
0.012136
0.012136
0.012136
0.012136
0.012136
0.012136
0.012136
0.012136
0.012136
0.012136
0.012136
0.012136
0.012136
0.012136
0.012136
0.012136
0.012136
0.012136
0.012136
0.012136
0.012136
0.012136
0.012136
0.012136
0.012136
0.012136
0.012136
0.012136
0.012136
0.012136
0.012136
0.012136
0.012136
0.012136
0.012136
0.012136
0.012136
0.012136
0.012136
0.012136
0.012136
0.012136
0.012136
0.012136
0.012136
0.012136
0.012136
0.012136
0.012136
0.012136
0.012136
0.012136
0.012136
0.012136
0.012136
0.012136
0.012136
0.012136
0.012136
0.012136
0.012136
0.012136
0.012136
0.012136
0.012136
0.012136
0.012136
0.012136
0.012136
0.012136
0.012136
0.012136
0.012136
0.012136
0.012136
0.012136
0.012136
0.012136
0.012136
0.012136
0.012136
0.012136
0.012136
0.012136
0.012136
0.012136
0.012136
0.012136
0.012136
0.012136
0.012136
0.012136
0.012136
0.012136
0.012136
0.012136
0.012136
0.012136
0.012136
0.012136
0.012136
0.012136
0.012136
0.012136
0.012136
0.012136
0.012136
0.012136
0.012136
0.012136
0.012136
0.012136
0.012136
0.012136
0.012136
0.012136
0.012136
0.012136
0.012136
0.012136
0.012136
0.012136
0.012136
0.012136
0.012136
0.012136
0.012136
0.012136
0.012136
0.012136
0.012136
0.012136
0.012136
0.012136
0.012136
0.012136
0.012136
0.012136
0.012136
0.012136
0.012136
0.012136
0.012136
0.012136
0.012136
