-44
-42
-38
-39
-40
-30
-14
-7
-15
-29
-42
-52
-56
-54
-42
-28
-22
-23
-32
-42
-43
-29
-10
-1
-12
-30
-36
-35
-39
-53
-64
-60
-48
-42
-46
-58
-66
-63
-53
-49
-60
-77
-72
-47
-24
-26
-42
-50
-41
-30
-27
-28
-24
-12
2
11
10
2
1
18
38
43
34
28
31
41
48
50
44
34
28
31
39
45
48
53
55
50
44
49
60
66
65
55
40
27
27
31
23
1
-10
6
30
39
34
34
38
32
21
16
21
19
6
-13
-34
-50
-49
-31
-16
-24
-40
-39
-20
-5
-3
-3
2
4
-6
-16
-15
1
22
39
45
40
36
34
29
21
21
32
42
34
16
4
3
2
0
1
1
-3
-10
-8
0
6
9
16
25
28
23
19
21
30
38
48
53
44
27
18
22
25
13
-11
-28
-24
-7
6
9
7
8
12
15
14
13
14
18
20
18
6
-12
-24
-21
-8
2
4
0
-6
-8
-2
8
16
18
17
6
-16
-45
-60
-47
-24
-26
-56
-80
-75
-57
-54
-63
-65
-58
-55
-60
-64
-60
-50
-39
-35
-38
-42
-35
-23
-21
-27
-20
9
32
18
-15
-22
10
41
41
25
18
14
0
-16
-16
-6
-12
-28
-26
5
29
19
-11
-26
-21
-19
-27
-28
-17
-12
-23
-36
-32
-20
-20
-29
-35
-33
-30
-26
-17
-11
-16
-23
-17
0
6
-6
-20
-27
-34
-43
-42
-34
-25
-19
-12
-6
-9
-15
-9
9
17
4
-15
-18
-11
-11
-19
-19
-3
18
30
30
25
19
11
-4
-13
-5
12
19
7
-2
15
44
56
47
41
51
65
69
68
67
68
69
67
59
49
46
49
56
54
46
41
46
51
48
39
32
32
30
19
2
3
28
56
57
30
4
2
16
23
17
7
5
14
18
4
-16
-15
14
41
42
30
30
35
24
4
-1
7
4
-8
-4
14
12
-16
-37
-32
-23
-35
-49
-38
-13
0
-5
-12
-18
-25
-30
-32
-42
-67
-86
-79
-61
-51
-49
-39
-25
-29
-51
-63
-49
-26
-16
-17
-20
-21
-24
-25
-22
-17
-12
-4
6
12
11
5
1
0
4
14
25
30
24
14
12
17
24
27
26
20
6
-7
-10
-7
-4
-2
0
-2
-6
-7
-4
-7
-21
-34
-33
-24
-17
-12
-3
9
13
15
25
38
38
27
19
20
26
27
26
27
27
17
-2
-24
-36
-36
-26
-13
5
26
38
32
19
19
36
53
55
47
42
39
35
33
35
33
29
27
26
17
-7
-28
-30
-19
-9
-6
0
13
25
23
8
-10
-13
-1
14
18
11
7
12
20
22
17
8
3
1
0
-1
1
12
24
29
19
4
-8
-11
-4
5
2
-13
-29
-30
-24
-23
-29
-37
-46
-63
-78
-83
-82
-84
-88
-82
-71
-63
-55
-42
-33
-35
-36
-28
-25
-45
-65
-60
-45
-54
-82
-91
-69
-44
-33
-27
-21
-22
-28
-19
-2
0
-19
-34
-27
-10
1
2
0
-3
-1
9
18
23
24
26
21
6
-5
-6
-4
-11
-18
-15
-10
-11
-7
3
4
-17
-34
-23
2
7
-6
-7
10
23
16
2
2
19
46
68
72
55
33
28
40
55
57
52
46
41
31
17
12
18
25
23
17
28
46
48
33
28
51
81
87
74
65
64
55
39
39
57
70
68
65
66
64
56
48
39
21
3
3
15
17
-2
-18
-4
28
50
53
56
62
69
67
61
47
20
-14
-27
-8
19
20
-8
-35
-40
-29
-22
-18
-16
-11
-7
-2
1
2
0
-1
-6
-19
-34
-39
-40
-48
-62
-67
-50
-18
6
10
-5
-26
-32
-17
4
1
-30
-63
-71
-53
-31
-27
-40
-54
-52
-39
-34
-36
-36
-30
-33
-47
-60
-60
-53
-41
-27
-14
-12
-24
-32
-27
-10
11
29
28
0
-33
-44
-28
-14
-17
-25
-28
-36
-51
-50
-17
28
51
36
0
-31
-34
-11
13
10
-18
-32
-18
-1
-7
-19
-18
-5
-5
-27
-51
-63
-59
-45
-27
-9
-5
-16
-28
-24
-3
21
35
40
46
47
37
17
3
-1
1
-3
-14
-24
-19
7
35
36
10
-11
-1
24
31
23
22
32
36
31
30
35
35
33
39
47
39
15
-5
-12
-13
-6
7
16
9
-3
-7
-2
0
1
10
15
13
16
27
37
31
27
34
42
34
29
38
45
33
21
32
47
42
31
39
51
40
21
27
45
33
-8
-35
-29
-6
9
23
35
34
21
19
34
47
47
45
40
19
-20
-50
-47
-24
-9
-13
-25
-34
-36
-30
-17
-8
-17
-45
-70
-69
-41
-14
-8
-18
-27
-28
-30
-38
-42
-33
-19
-15
-28
-48
-58
-51
-38
-34
-42
-58
-66
-66
-68
-71
-68
-51
-27
-15
-20
-27
-17
4
14
6
-1
5
12
3
-15
-26
-29
-30
-31
-24
-10
6
19
22
16
4
2
12
20
22
26
36
39
28
19
29
50
58
48
29
8
-12
-15
5
35
47
34
15
12
27
42
43
33
33
48
63
62
55
55
57
48
30
21
24
28
27
28
31
24
9
-5
-7
0
7
11
9
2
5
13
14
-3
-18
-16
-3
5
12
29
51
56
42
27
19
10
-1
-4
0
3
-8
-31
-55
-58
-25
31
69
67
43
26
21
14
4
7
28
46
38
4
-27
-31
-14
-10
-26
-30
-1
30
19
-31
-66
-60
-42
-40
-50
-59
-70
-83
-87
-78
-69
-71
-67
-46
-17
-3
-5
-17
-27
-29
-15
4
6
-6
-5
14
23
-1
-39
-55
-39
-17
-6
-6
-7
-13
-18
-17
-6
12
26
31
26
18
16
25
35
33
18
-2
-15
-18
-13
1
20
33
37
38
45
48
39
21
10
8
-2
-31
-53
-48
-25
-11
-4
8
23
26
20
23
33
32
20
20
40
52
37
11
1
2
-1
-5
-4
-4
-14
-28
-34
-37
-41
-42
-40
-45
-59
-57
-28
3
0
-29
-53
-54
-42
-25
-11
-7
-16
-22
-13
-7
-19
-31
-14
9
2
-31
-44
-25
-16
-39
-63
-56
-37
-33
-39
-37
-34
-38
-37
-12
23
34
17
0
5
16
9
-17
-32
-19
9
28
24
7
-8
-15
-15
-16
-22
-30
-26
-5
13
2
-27
-31
3
38
36
13
2
9
13
3
-6
-6
-1
2
0
-9
-16
-6
25
46
31
-2
-16
1
24
33
32
29
24
15
3
-3
-2
5
15
27
35
36
27
13
8
15
16
5
-2
15
44
54
43
40
60
77
71
55
48
52
60
67
71
59
32
11
11
26
37
44
55
66
66
50
31
25
37
48
38
15
5
19
36
31
15
7
6
-3
-19
-25
-15
-5
2
10
15
12
13
28
41
23
-15
-31
-9
15
10
-11
-23
-24
-27
-35
-35
-30
-31
-40
-49
-45
-30
-12
-4
-10
-19
-17
-3
11
12
-3
-28
-48
-52
-41
-20
-6
-3
-11
-18
-17
-7
2
-5
-16
-17
-8
0
-1
1
10
12
-1
-14
-8
11
23
20
6
-7
-9
-3
1
-3
-8
-8
-1
2
0
-6
-8
3
26
45
42
15
-10
-9
13
35
45
43
21
-13
-36
-30
-11
0
6
18
30
24
9
3
6
4
3
15
26
9
-29
-55
-50
-34
-23
-14
-3
-5
-21
-31
-22
-7
-7
-15
-19
-15
-8
-2
1
-3
-12
-12
4
23
30
18
2
2
25
49
43
14
-4
11
33
29
4
-3
17
36
30
11
5
13
26
38
45
41
24
7
5
10
-1
-28
-48
-45
-31
-29
-37
-35
-24
-23
-33
-35
-18
-7
-25
-61
-83
-84
-80
-69
-50
-40
-56
-78
-69
-24
10
8
-7
-3
9
2
-25
-46
-48
-39
-33
-35
-41
-50
-54
-48
-35
-24
-27
-35
-32
-8
20
25
3
-24
-35
-35
-39
-38
-18
13
31
26
18
25
41
48
39
23
17
18
12
-4
-8
9
25
14
-14
-25
-10
3
-9
-25
-19
-1
6
2
4
18
32
33
14
-18
-31
-4
39
52
21
-14
-15
11
25
21
16
17
13
4
-2
-5
-2
7
19
16
-8
-28
-21
0
3
-19
-39
-36
-12
11
25
29
23
9
0
0
2
-3
-11
-12
2
16
21
17
17
27
44
55
52
42
34
41
62
80
80
67
54
41
19
2
7
26
28
5
-13
-7
11
20
16
10
9
19
44
70
70
47
32
41
46
27
12
30
58
59
34
21
30
35
19
-2
-5
12
32
44
44
41
49
65
68
44
16
11
24
27
13
0
0
1
-4
-6
1
8
-2
-24
-42
-48
-48
-41
-24
-4
4
-7
-24
-24
-7
5
-4
-26
-41
-38
-27
-17
-11
-12
-20
-32
-41
-44
-38
-32
-30
-32
-31
-18
-5
-3
-8
-10
-10
-25
-51
-69
-72
-69
-65
-55
-35
-25
-27
-33
-29
-21
-20
-31
-45
-59
-65
-56
-48
-57
-75
-78
-64
-58
-66
-63
-34
-3
11
17
35
55
55
42
33
31
31
27
23
17
12
18
30
34
26
20
23
22
10
3
7
10
1
-9
0
18
31
38
42
33
11
1
20
47
48
27
10
8
6
-4
-10
-7
-3
1
17
35
39
31
22
16
4
-11
-11
4
14
3
-19
-30
-30
-33
-35
-26
-12
-12
-27
-38
-34
-27
-28
-35
-38
-36
-36
-38
-34
-23
-11
-4
-5
-13
-23
-27
-20
-13
-18
-34
-50
-53
-44
-26
-15
-11
-7
9
24
18
0
-3
18
31
12
-18
-21
0
14
7
-3
-5
-12
-28
-41
-36
-23
-17
-13
-6
0
-4
-13
-15
-11
-12
-22
-29
-27
-15
-3
5
7
7
10
8
-2
-15
-17
-3
17
30
30
24
24
34
49
55
55
57
67
66
45
15
5
21
44
50
34
11
-10
-22
-19
-2
21
36
36
27
16
12
21
42
61
60
41
31
48
73
71
42
17
17
29
38
46
56
58
48
39
48
63
69
64
60
64
68
66
58
50
50
58
66
63
51
40
37
32
21
9
1
-5
-4
5
17
18
16
25
41
44
31
21
20
6
-27
-50
-44
-26
-23
-36
-41
-31
-19
-10
-5
-6
-12
-14
-17
-34
-65
-83
-71
-54
-61
-79
-75
-51
-36
-38
-40
-34
-32
-39
-39
-24
-16
-28
-42
-47
-53
-73
-100
-117
-116
-103
-90
-85
-89
-90
-84
-75
-77
-80
-73
-62
-61
-71
-72
-54
-36
-34
-37
-29
-17
-17
-25
-27
-22
-16
-7
9
25
24
9
0
0
-1
-7
-12
-13
-15
-22
-23
-15
-8
-11
-18
-26
-31
-32
-26
-16
-10
-8
-2
11
15
2
-19
-29
-20
-5
3
4
7
17
32
42
44
44
50
59
63
58
50
42
38
45
58
73
80
84
85
77
55
32
23
24
23
16
13
13
14
15
24
30
20
-5
-18
-5
20
31
26
15
14
14
8
2
5
19
35
44
47
49
47
40
41
60
81
82
68
69
95
118
110
86
77
88
98
91
73
57
48
41
29
12
-1
1
10
10
-3
-14
-12
-5
-4
-5
4
12
7
-4
-6
1
2
-8
-18
-14
-4
1
-6
-16
-19
-17
-13
-17
-26
-31
-31
-28
-28
-30
-28
-14
9
24
15
-7
-24
-24
-16
-14
-21
-33
-45
-53
-53
-51
-56
-67
-69
-60
-52
-48
-38
-17
-3
-8
-19
-20
-16
-15
-13
-6
-7
-22
-31
-15
8
12
3
7
23
27
9
-10
-18
-19
-20
-21
-32
-57
-80
-80
-64
-54
-59
-60
-51
-35
-23
-12
-4
3
18
38
46
30
-3
-27
-39
-47
-51
-38
-18
-11
-29
-52
-59
-44
-20
-3
2
10
23
33
21
2
-3
10
22
24
28
37
35
15
5
20
42
47
43
47
53
43
25
17
21
21
16
18
24
21
7
-3
0
13
31
44
40
19
-1
0
16
22
6
-16
-21
-5
13
12
-7
-20
-13
-2
-3
-11
-9
1
2
-11
-23
-28
-32
-34
-27
-14
-12
-12
0
18
15
-5
-10
14
37
27
-3
-24
-30
-33
-33
-31
-38
-52
-55
-38
-26
-42
-66
-65
-40
-24
-34
-54
-61
-50
-35
-27
-30
-34
-28
-13
-4
-8
-14
-12
-10
-15
-17
-4
11
7
-16
-30
-21
0
20
36
48
57
59
60
66
71
69
57
42
30
28
34
43
46
40
26
10
4
8
14
11
7
12
14
0
-24
-32
-22
-12
-14
-14
-8
-7
-13
-12
2
3
-20
-42
-39
-23
-27
-47
-57
-53
-59
-79
-85
-65
-39
-27
-25
-23
-23
-30
-30
-18
0
10
15
23
31
25
8
-8
-11
-4
6
14
18
19
16
6
-3
-2
11
21
13
-6
-18
-18
-18
-21
-24
-23
-18
-14
-8
-10
-18
-26
-21
-8
-3
-6
-8
0
7
8
7
7
12
22
30
31
22
13
10
7
-5
-14
-7
7
9
-4
-13
-10
-11
-15
-7
19
39
42
41
51
57
42
23
24
41
48
33
11
-3
-11
-15
-13
-15
-27
-44
-44
-25
-1
4
-8
-25
-31
-21
3
27
35
27
7
-13
-30
-45
-59
-66
-63
-49
-37
-28
-21
-7
11
24
31
44
64
79
77
60
45
44
55
71
74
61
42
33
35
31
25
31
55
71
63
41
31
34
38
38
43
47
46
44
50
56
50
39
31
29
22
5
-15
-33
-50
-58
-47
-19
4
9
5
4
14
31
49
55
43
25
10
6
16
34
50
54
46
38
38
39
32
29
35
41
31
12
3
10
13
-3
-26
-36
-26
-9
-2
-2
2
19
39
47
38
24
20
24
25
18
15
18
20
16
10
11
20
30
34
30
21
21
31
38
26
-3
-23
-24
-18
-20
-23
-18
-17
-36
-63
-67
-45
-23
-16
-8
13
35
41
33
25
14
-7
-29
-31
-12
2
0
-8
-11
-11
-17
-25
-24
-11
-3
-15
-40
-57
-57
-46
-41
-49
-67
-85
-84
-61
-40
-45
-74
-94
-87
-67
-61
-68
-76
-86
-100
-106
-98
-83
-80
-90
-99
-98
-86
-65
-38
-26
-42
-70
-83
-75
-54
-35
-29
-35
-42
-33
-6
13
7
-4
-8
-13
-30
-36
-9
27
29
5
-10
-3
0
-5
-1
19
25
3
-25
-32
-21
-8
-2
-7
-23
-40
-44
-30
-8
12
30
42
46
47
48
44
31
15
11
19
28
31
32
36
46
55
56
47
39
45
60
63
44
22
15
19
23
21
19
19
22
24
22
17
11
6
-3
-17
-26
-24
-19
-24
-28
-19
-10
-20
-32
-18
15
23
-3
-25
-11
15
21
8
-4
-10
-12
-5
8
15
12
14
26
32
19
8
15
34
46
49
47
40
30
27
31
25
5
-12
-9
1
-4
-22
-35
-26
-9
-1
-9
-24
-35
-35
-23
-8
-6
-24
-41
-38
-23
-17
-25
-24
-1
24
26
15
17
35
51
57
67
82
92
91
84
70
46
22
14
22
20
2
-10
-6
6
9
8
14
25
32
34
30
22
21
33
50
51
39
26
19
9
-4
-9
-3
-5
-14
-16
-7
-1
-2
0
11
16
8
0
8
29
37
22
0
-7
0
6
5
9
29
52
63
61
53
43
33
31
39
44
29
10
16
44
58
41
15
7
9
5
-5
-7
0
9
8
-18
-57
-83
-77
-53
-38
-35
-31
-30
-43
-60
-54
-36
-32
-45
-47
-35
-31
-43
-49
-42
-40
-50
-50
-36
-29
-31
-29
-20
-28
-57
-72
-50
-20
-20
-39
-48
-37
-28
-33
-44
-51
-51
-45
-37
-37
-46
-56
-55
-43
-28
-23
-33
-50
-62
-64
-63
-63
-60
-51
-39
-34
-40
-55
-64
-55
-31
-12
-9
-5
13
35
40
33
30
31
26
26
43
61
50
27
30
54
48
4
-30
-24
-12
-26
-49
-54
-52
-61
-72
-61
-37
-22
-15
-10
-11
-17
-16
0
10
3
-6
4
17
11
-5
-3
10
6
-16
-28
-13
12
16
-2
-23
-28
-13
14
36
40
25
7
0
-2
-7
-13
1
29
40
18
-15
-27
-18
-9
-1
16
29
14
-17
-28
-19
-20
-33
-24
11
30
10
-18
-22
-11
-9
-2
18
33
24
11
13
10
-15
-37
-17
32
66
69
58
51
41
26
15
9
7
11
25
30
9
-20
-31
-28
-38
-62
-75
-67
-56
-62
-66
-47
-16
-3
-14
-19
-2
14
6
-9
1
26
33
18
8
20
35
37
34
36
38
46
71
100
100
66
33
25
18
-3
-20
-16
-7
-17
-32
-20
9
29
34
37
35
24
16
27
44
42
16
-9
-17
-9
10
34
55
56
41
25
18
22
32
42
49
46
38
34
39
55
73
87
91
86
75
64
63
71
76
66
54
53
51
35
19
33
67
73
41
10
13
20
-1
-28
-24
-2
2
-14
-22
-16
-19
-30
-30
-14
0
6
7
2
-16
-29
-15
16
29
16
-1
-3
0
-2
-7
-2
11
23
25
18
2
-6
-5
-2
-5
-16
-29
-35
-32
-24
-22
-29
-39
-44
-45
-50
-49
-40
-30
-30
-35
-39
-47
-62
-66
-53
-41
-51
-69
-64
-43
-37
-49
-59
-58
-59
-67
-67
-59
-57
-60
-56
-50
-57
-64
-50
-14
11
9
-9
-23
-32
-36
-31
-19
-14
-19
-28
-37
-49
-62
-66
-57
-42
-35
-39
-47
-56
-57
-55
-49
-39
-28
-25
-30
-30
-18
1
13
21
30
31
17
5
14
26
9
-29
-53
-51
-44
-42
-31
-7
4
-7
-9
13
34
30
15
16
34
47
47
40
33
35
48
64
64
53
56
79
92
73
40
21
21
20
13
0
-14
-27
-34
-30
-27
-34
-46
-44
-30
-21
-30
-43
-41
-24
-10
-9
-12
-5
12
29
47
70
82
73
58
56
63
64
65
80
105
109
89
68
65
66
51
30
19
22
32
45
48
29
-5
-30
-29
-25
-34
-49
-46
-26
-12
-24
-52
-73
-70
-51
-37
-44
-60
-63
-51
-41
-40
-37
-25
-11
-10
-18
-17
-11
-17
-39
-58
-55
-38
-31
-34
-31
-21
-23
-45
-55
-27
21
45
36
23
19
16
9
16
44
72
86
87
82
66
46
36
37
35
21
12
19
28
24
12
10
14
20
22
20
5
-21
-42
-37
-10
22
37
37
37
50
74
95
104
104
100
89
69
57
63
71
62
38
29
48
73
81
67
48
33
21
8
3
4
-7
-43
-80
-88
-69
-61
-73
-75
-47
-20
-26
-50
-54
-42
-42
-52
-52
-45
-55
-78
-80
-55
-39
-45
-45
-22
2
1
-17
-34
-43
-46
-40
-24
-10
-8
-18
-35
-44
-38
-23
-21
-32
-31
-5
18
10
-13
-15
1
1
-20
-27
-5
19
27
30
35
36
30
32
43
51
50
50
62
86
105
108
92
75
79
101
112
101
93
110
136
137
117
98
90
88
87
87
75
60
63
87
103
87
68
78
107
121
119
114
106
90
80
98
126
138
143
164
190
190
170
164
179
188
177
164
163
165
168
173
173
158
135
127
132
128
114
107
107
96
65
35
18
-1
-32
-59
-71
-83
-104
-120
-118
-117
-135
-164
-176
-173
-177
-194
-209
-209
-207
-210
-216
-217
-214
-211
-211
-211
-203
-185
-162
-149
-153
-163
-168
-173
-192
-225
-250
-262
-272
-284
-292
-293
-294
-301
-309
-316
-331
-353
-367
-355
-329
-315
-320
-323
-298
-257
-229
-223
-212
-173
-121
-86
-72
-55
-27
-7
0
11
42
79
99
104
116
140
162
181
201
222
237
251
278
312
333
335
331
326
322
326
349
379
385
373
375
393
399
381
371
396
437
459
465
476
499
528
559
580
576
555
552
571
587
580
570
565
548
509
466
428
379
317
269
242
212
167
121
74
5
-81
-146
-180
-223
-289
-334
-336
-343
-402
-479
-522
-547
-598
-663
-699
-707
-725
-758
-785
-802
-831
-871
-901
-922
-943
-953
-938
-915
-920
-951
-972
-975
-986
-1016
-1043
-1053
-1060
-1066
-1056
-1031
-1017
-1031
-1043
-1022
-978
-940
-917
-890
-847
-798
-756
-712
-661
-602
-529
-442
-350
-274
-216
-155
-72
17
95
167
252
346
436
517
606
698
779
844
911
989
1063
1128
1204
1301
1393
1453
1500
1567
1657
1732
1781
1828
1897
1970
2027
2075
2122
2159
2166
2165
2186
2223
2242
2228
2203
2180
2147
2096
2036
1975
1894
1794
1704
1640
1578
1482
1363
1256
1168
1071
951
829
725
629
519
396
273
151
16
-126
-254
-373
-516
-701
-901
-1073
-1217
-1365
-1531
-1692
-1829
-1966
-2121
-2275
-2402
-2511
-2627
-2746
-2845
-2929
-3025
-3134
-3229
-3286
-3320
-3351
-3388
-3426
-3462
-3494
-3519
-3537
-3548
-3546
-3527
-3490
-3437
-3369
-3299
-3238
-3181
-3092
-2955
-2794
-2635
-2472
-2287
-2095
-1920
-1750
-1562
-1349
-1132
-914
-688
-468
-270
-77
145
379
577
733
889
1080
1290
1491
1675
1843
2002
2177
2388
2608
2790
2935
3089
3278
3475
3663
3847
4025
4185
4331
4490
4652
4782
4880
4984
5112
5214
5263
5281
5298
5309
5300
5286
5271
5240
5182
5120
5067
4991
4872
4738
4618
4504
4365
4201
4030
3851
3648
3419
3180
2935
2681
2413
2142
1869
1582
1264
919
576
259
-44
-363
-697
-1013
-1311
-1623
-1958
-2278
-2560
-2837
-3140
-3442
-3715
-3983
-4283
-4595
-4875
-5135
-5421
-5728
-6012
-6263
-6520
-6800
-7069
-7303
-7518
-7730
-7927
-8089
-8221
-8329
-8401
-8423
-8403
-8367
-8321
-8242
-8108
-7924
-7719
-7496
-7221
-6873
-6484
-6103
-5731
-5337
-4919
-4492
-4047
-3564
-3068
-2605
-2168
-1706
-1219
-775
-399
-35
363
769
1143
1501
1854
2175
2451
2731
3053
3382
3676
3963
4281
4611
4910
5190
5486
5782
6056
6341
6675
7016
7294
7523
7757
7985
8157
8291
8446
8612
8719
8762
8805
8853
8824
8689
8518
8359
8182
7966
7751
7547
7292
6951
6580
6232
5871
5454
5016
4622
4274
3943
3626
3328
3019
2674
2334
2061
1860
1691
1528
1384
1280
1210
1142
1036
874
685
516
375
231
51
-182
-481
-850
-1263
-1698
-2176
-2720
-3304
-3867
-4395
-4932
-5519
-6156
-6812
-7456
-8061
-8609
-9097
-9538
-9941
-10300
-10600
-10839
-11046
-11250
-11419
-11483
-11414
-11265
-11082
-10838
-10521
-10186
-9875
-9539
-9123
-8664
-8211
-7718
-7130
-6515
-5980
-5516
-5043
-4579
-4196
-3866
-3494
-3079
-2708
-2402
-2106
-1829
-1632
-1495
-1327
-1111
-904
-700
-432
-93
247
565
898
1264
1648
2071
2571
3118
3654
4180
4730
5292
5821
6314
6797
7263
7696
8106
8514
8882
9168
9379
9550
9691
9788
9837
9842
9801
9719
9601
9446
9255
9039
8795
8509
8204
7934
7698
7437
7135
6850
6604
6358
6116
5947
5844
5717
5562
5480
5492
5486
5407
5343
5347
5359
5365
5432
5521
5489
5321
5168
5081
4934
4668
4392
4148
3841
3449
3052
2595
1926
1091
333
-284
-942
-1726
-2517
-3283
-4153
-5131
-6066
-6958
-7951
-8992
-9816
-10384
-10954
-11654
-12340
-12924
-13492
-14028
-14366
-14490
-14554
-14557
-14322
-13862
-13429
-13119
-12769
-12275
-11701
-11042
-10208
-9263
-8396
-7609
-6775
-5948
-5320
-4881
-4418
-3864
-3322
-2803
-2235
-1722
-1441
-1346
-1253
-1167
-1222
-1346
-1314
-1111
-926
-837
-779
-786
-967
-1246
-1424
-1458
-1451
-1395
-1186
-876
-656
-611
-645
-675
-678
-587
-314
123
610
1084
1541
1929
2168
2267
2356
2558
2905
3363
3861
4316
4645
4810
4837
4785
4702
4622
4616
4778
5100
5427
5617
5681
5688
5641
5571
5635
5944
6402
6887
7442
8099
8668
8974
9155
9440
9807
10155
10609
11293
11990
12399
12570
12699
12708
12463
12176
12140
12243
12221
12155
12201
12117
11581
10768
10065
9461
8785
8208
7939
7677
7022
6123
5308
4389
3050
1579
490
-302
-1192
-2122
-2868
-3748
-5185
-6876
-8222
-9305
-10576
-11874
-12675
-13103
-13742
-14652
-15456
-16216
-17277
-18372
-18862
-18771
-18700
-18767
-18545
-18014
-17665
-17614
-17433
-16946
-16395
-15754
-14669
-13193
-11872
-10946
-10102
-9154
-8332
-7736
-7083
-6187
-5220
-4331
-3451
-2620
-2091
-1942
-1904
-1742
-1498
-1263
-963
-523
-54
277
431
453
390
311
340
568
944
1334
1654
1927
2174
2326
2314
2242
2323
2641
3086
3550
4005
4396
4632
4766
4963
5236
5435
5571
5878
6417
6923
7173
7240
7252
7184
7061
7052
7184
7248
7159
7135
7293
7401
7243
6958
6789
6751
6774
6916
7186
7404
7471
7561
7821
8092
8174
8158
8272
8529
8786
8985
9154
9240
9179
9044
8953
8858
8614
8224
7862
7628
7402
7028
6532
6047
5586
5045
4418
3824
3289
2713
2111
1651
1326
868
162
-528
-1022
-1545
-2319
-3117
-3645
-4042
-4587
-5180
-5637
-6176
-7059
-8005
-8605
-9035
-9732
-10557
-11026
-11198
-11574
-12232
-12812
-13273
-13883
-14497
-14664
-14451
-14396
-14562
-14455
-13958
-13550
-13450
-13281
-12779
-12134
-11436
-10469
-9282
-8318
-7732
-7142
-6308
-5521
-5034
-4633
-4042
-3327
-2670
-2100
-1657
-1482
-1543
-1550
-1317
-964
-664
-402
-69
363
829
1195
1343
1343
1447
1805
2296
2749
3124
3395
3492
3489
3553
3645
3545
3322
3358
3763
4165
4286
4293
4370
4413
4402
4588
5021
5375
5527
5810
6384
6834
6817
6610
6610
6738
6770
6825
7026
7120
6907
6676
6709
6751
6465
6083
6058
6331
6513
6538
6604
6671
6570
6450
6584
6829
6825
6628
6622
6846
6901
6603
6220
5982
5788
5553
5392
5306
5048
4538
4069
3858
3675
3219
2639
2310
2251
2128
1768
1318
861
315
-262
-621
-761
-1028
-1573
-2067
-2253
-2428
-2999
-3818
-4425
-4726
-4968
-5195
-5279
-5375
-5795
-6417
-6799
-6924
-7246
-7875
-8311
-8247
-8047
-8141
-8447
-8754
-9157
-9708
-10058
-9951
-9709
-9710
-9745
-9397
-8814
-8503
-8526
-8478
-8150
-7678
-7067
-6179
-5183
-4498
-4172
-3828
-3314
-2941
-2887
-2867
-2593
-2184
-1863
-1630
-1481
-1594
-1997
-2355
-2381
-2213
-2092
-1946
-1597
-1144
-799
-555
-298
-89
24
246
777
1447
1940
2229
2474
2644
2612
2501
2535
2664
2702
2726
2952
3281
3404
3306
3257
3342
3410
3494
3802
4284
4610
4678
4744
4925
5011
4894
4794
4888
5031
5056
5058
5127
5109
4852
4529
4421
4525
4623
4647
4726
4886
4949
4812
4627
4561
4552
4459
4367
4447
4595
4497
4116
3732
3464
3098
2600
2316
2390
2424
2104
1702
1515
1298
776
267
168
232
68
-81
157
402
51
-638
-942
-861
-938
-1139
-987
-636
-682
-1023
-1049
-877
-1207
-1953
-2226
-1812
-1466
-1560
-1657
-1626
-1960
-2678
-3099
-3070
-3293
-4005
-4468
-4272
-4087
-4533
-5284
-5853
-6376
-6994
-7307
-7099
-6892
-7115
-7363
-7124
-6666
-6562
-6768
-6784
-6414
-5823
-5109
-4299
-3603
-3241
-3084
-2791
-2277
-1799
-1589
-1517
-1254
-704
-174
-5
-148
-312
-388
-447
-397
-111
191
193
85
324
799
918
617
522
904
1300
1423
1608
2010
2188
1959
1856
2186
2427
2178
1934
2226
2672
2666
2396
2393
2560
2479
2277
2381
2689
2755
2616
2690
2976
3028
2732
2485
2541
2682
2656
2541
2507
2511
2412
2208
2013
1849
1644
1417
1336
1481
1646
1572
1323
1191
1234
1216
1046
957
1098
1305
1441
1609
1824
1842
1590
1392
1489
1681
1724
1751
1971
2252
2357
2307
2230
2091
1877
1782
1938
2200
2392
2531
2655
2672
2553
2391
2212
2004
1931
2161
2489
2583
2494
2484
2426
2002
1401
1114
1105
942
688
782
1019
683
-213
-877
-1109
-1584
-2477
-3012
-2853
-2771
-3297
-3889
-4123
-4582
-5666
-6593
-6618
-6310
-6507
-6862
-6606
-6071
-6127
-6642
-6774
-6446
-6243
-6098
-5385
-4239
-3538
-3497
-3411
-2940
-2603
-2694
-2738
-2347
-1844
-1602
-1492
-1362
-1480
-2024
-2618
-2810
-2683
-2612
-2676
-2682
-2560
-2458
-2501
-2638
-2719
-2642
-2400
-2036
-1561
-1046
-713
-715
-819
-650
-254
-24
10
258
808
1188
1170
1156
1395
1524
1362
1437
2077
2694
2701
2506
2725
3052
2873
2471
2536
2893
2881
2610
2705
3011
2798
2134
1827
2029
2069
1769
1724
2101
2312
2125
2065
2347
2474
2242
2185
2607
3037
3104
3144
3459
3739
3697
3611
3758
3895
3785
3688
3886
4179
4249
4176
4185
4228
4154
4005
3904
3854
3839
3911
4069
4223
4324
4348
4215
3949
3767
3781
3797
3680
3650
3869
4041
3840
3449
3178
2897
2396
1956
1939
2096
1945
1566
1345
1165
607
-215
-801
-1111
-1504
-1973
-2200
-2315
-2802
-3664
-4434
-5007
-5691
-6441
-6829
-6841
-6929
-7202
-7305
-7217
-7361
-7762
-7900
-7577
-7209
-7007
-6634
-5991
-5559
-5606
-5730
-5601
-5502
-5705
-5897
-5751
-5521
-5574
-5776
-5855
-5944
-6260
-6590
-6599
-6364
-6167
-5997
-5696
-5342
-5094
-4877
-4576
-4299
-4115
-3817
-3264
-2693
-2343
-2065
-1679
-1338
-1174
-923
-373
193
484
772
1407
2119
2441
2527
2862
3395
3709
3856
4233
4726
4827
4577
4545
4813
4848
4509
4332
4547
4688
4478
4315
4434
4427
4057
3819
4080
4379
4230
3977
4116
4355
4173
3820
3853
4090
3974
3664
3776
4192
4217
3828
3741
4126
4326
4097
4038
4423
4654
4369
4149
4455
4781
4592
4313
4526
4867
4704
4299
4306
4575
4514
4280
4496
5017
5110
4742
4571
4699
4562
4107
3955
4225
4289
3927
3661
3623
3216
2274
1507
1328
1218
787
450
466
261
-573
-1505
-2029
-2534
-3426
-4213
-4359
-4329
-4858
-5776
-6507
-7168
-8170
-9199
-9633
-9607
-9747
-10055
-10049
-9808
-9906
-10398
-10703
-10542
-10220
-9915
-9431
-8775
-8328
-8264
-8301
-8200
-8091
-8106
-8085
-7812
-7335
-6887
-6626
-6530
-6477
-6369
-6177
-5874
-5404
-4795
-4232
-3824
-3420
-2882
-2391
-2148
-1969
-1526
-898
-424
-122
259
695
951
1121
1535
2151
2594
2826
3184
3715
4104
4285
4544
4945
5239
5395
5646
5937
5937
5667
5504
5533
5481
5324
5315
5390
5193
4774
4556
4583
4475
4186
4094
4241
4231
3983
3856
3920
3810
3462
3277
3383
3445
3322
3254
3291
3180
2942
2899
3075
3178
3214
3439
3745
3788
3675
3789
4025
3979
3816
4038
4504
4604
4365
4374
4619
4491
3977
3761
4002
4086
3827
3798
4176
4333
3934
3468
3302
3110
2665
2343
2406
2533
2416
2162
1809
1147
245
-486
-922
-1281
-1538
-1523
-1544
-2110
-3044
-3742
-4236
-5013
-5866
-6092
-5825
-5981
-6756
-7410
-7710
-8289
-9277
-9885
-9815
-9814
-10285
-10576
-10243
-9890
-10062
-10327
-10177
-9861
-9667
-9250
-8385
-7567
-7171
-6824
-6212
-5711
-5585
-5398
-4861
-4411
-4314
-4037
-3283
-2744
-2984
-3398
-3211
-2762
-2727
-2769
-2134
-1143
-797
-1121
-1159
-584
-133
-185
-58
777
1693
1846
1497
1554
2128
2442
2219
2225
3034
3994
4187
3900
4130
4889
5170
4783
4865
6009
7117
7111
6655
6889
7382
6954
5957
5899
6919
7506
6976
6433
6645
6683
5681
4530
4532
5351
5703
5441
5487
5965
5853
4712
3571
3514
4207
4580
4418
4400
4663
4395
3240
2197
2311
3075
3248
2855
2976
3595
3385
2053
1158
1680
2447
2237
1836
2325
2786
1819
233
-130
515
478
-231
-10
1141
1359
189
-609
-180
128
-468
-688
248
977
458
-123
342
694
-389
-1900
-2226
-1845
-2114
-2703
-2552
-2288
-3243
-4871
-5557
-5435
-5974
-7127
-7384
-6604
-6341
-7164
-7930
-8152
-8768
-9960
-10401
-9560
-8794
-9057
-9379
-8819
-8224
-8607
-9207
-8785
-7670
-6894
-6284
-5141
-4022
-4007
-4631
-4409
-3220
-2403
-2457
-2433
-1888
-1699
-2326
-2845
-2563
-2181
-2370
-2468
-1785
-1105
-1497
-2401
-2447
-1605
-1000
-859
-317
764
1394
1197
1040
1440
1748
1586
1768
2879
4052
4266
3955
4176
4895
5314
5358
5614
6111
6399
6615
7302
8214
8469
7963
7540
7611
7646
7294
6986
7016
7025
6786
6632
6602
6070
4897
4039
4246
4850
4816
4299
4149
4347
4175
3630
3412
3509
3153
2396
2324
3191
3653
2754
1519
1413
2132
2297
1722
1375
1387
876
-118
-276
801
1665
1202
341
334
573
-269
-1731
-2057
-911
201
339
199
337
7
-1278
-2342
-1869
-459
226
-77
-143
441
483
-765
-2151
-2235
-1415
-1120
-1518
-1621
-1458
-2289
-4211
-5396
-4820
-4038
-4746
-6019
-6021
-5284
-5751
-7237
-7712
-6982
-7011
-8144
-8252
-6670
-5789
-7008
-8165
-7244
-5811
-6024
-6746
-5869
-4402
-4575
-5520
-4755
-2865
-2569
-3745
-3616
-1823
-1028
-2030
-2487
-1420
-888
-1847
-2240
-981
-132
-1046
-1800
-828
104
-808
-2056
-1609
-441
-290
-358
688
1603
780
-340
471
2220
2446
1572
1849
3118
3440
3043
3750
5032
4636
2991
2905
4672
5522
4548
4113
5299
5960
4861
3976
4692
5228
4170
3360
4533
5897
5132
3435
3306
4205
3836
2414
2155
3275
3861
3369
3099
3196
2270
430
-164
1377
3215
3554
2817
2116
1476
684
302
668
1178
1478
2104
3137
3515
2623
1388
927
1260
2089
3454
4784
4866
3851
3682
5224
6613
6123
4960
5180
6372
6847
6771
7312
7712
6486
4858
5420
7401
7117
3810
1138
1511
2677
1991
452
-210
-1195
-3920
-6361
-6094
-5039
-6801
-10508
-11910
-10254
-9373
-11374
-13783
-14315
-14262
-15019
-15054
-13183
-11711
-12979
-15055
-14509
-11878
-10603
-11375
-11391
-9283
-7130
-6721
-7000
-6603
-6182
-6372
-5765
-3195
-468
-254
-2164
-3338
-2571
-1453
-1326
-1460
-961
-400
-444
-527
-155
-194
-1394
-2672
-2460
-1037
14
134
69
197
150
-49
95
532
851
1326
2458
3677
3920
3366
3147
3496
3766
4046
4971
6032
6036
5267
5107
5458
4882
3578
3588
5377
6772
6307
5129
4410
3482
2014
1559
2954
4364
3981
2780
2514
2729
2021
837
714
1728
2725
3248
3517
3318
2514
1916
2354
3616
5115
6546
7299
6774
5853
6192
7556
8182
8222
9703
12337
13130
11549
10867
12430
13201
11735
11530
14578
16705
14314
10990
11424
13261
11979
9762
11212
13413
9804
2303
-514
2798
4831
2311
181
359
-2558
-9940
-14073
-10766
-7533
-11501
-17670
-18143
-15607
-17390
-21923
-22370
-19739
-20650
-24260
-23409
-18426
-17694
-22898
-25320
-20313
-14679
-14614
-16117
-13873
-10968
-11945
-13305
-9761
-4497
-3890
-5937
-3673
2171
3984
226
-2166
502
3695
3807
3752
5698
5997
2380
-520
1345
3966
1760
-2917
-3728
-627
980
-671
-2548
-3669
-5983
-8459
-7242
-2805
-707
-3369
-6666
-6795
-5345
-4947
-4659
-2914
-1106
-881
-997
10
867
261
-27
2232
5940
8337
8761
8375
7813
7337
7757
9141
10050
9754
9579
10494
11268
10613
9231
8183
7307
6712
7469
9157
9250
6870
4684
5010
6510
6922
6558
6627
6581
5772
5599
7226
9051
9142
8431
8905
10235
10790
10669
11268
12909
14843
16519
17383
16760
15199
14454
15143
16145
16757
17218
16876
14714
11895
10356
8898
4969
440
134
3735
5122
1306
-4169
-8476
-12972
-16908
-15853
-10646
-9728
-16963
-24724
-25517
-22882
-23315
-24984
-23430
-21724
-24630
-28204
-26087
-21669
-22517
-26201
-23910
-16138
-12255
-14910
-17013
-14960
-12954
-12400
-8700
-1775
1148
-2472
-5400
-2277
2477
3450
2826
4504
6716
6400
5216
5586
5724
3779
2420
4314
6837
5949
2148
-1341
-3258
-3822
-2807
-1276
-2116
-5925
-9319
-9835
-9231
-9639
-10150
-9740
-9759
-10772
-10669
-8741
-7828
-9341
-10019
-7088
-3022
-1432
-1527
-582
1102
1886
2915
6084
9789
10966
10116
10316
12130
13344
13269
13640
15133
16131
15545
14357
13691
13304
12689
12172
12097
11909
10838
9066
7739
7746
8699
9342
8998
8179
7593
7291
7276
8038
9579
10767
10769
10405
10979
12478
14026
15296
16304
16742
16716
17161
18361
19163
18809
18213
18227
18161
17165
15298
12205
7229
2200
981
3995
6217
3225
-3587
-10275
-15218
-17735
-16174
-11891
-11207
-17925
-26875
-30422
-28537
-26542
-25964
-24687
-23810
-26358
-30135
-29767
-25703
-23503
-24001
-22236
-17167
-14169
-15591
-16529
-13121
-8177
-5106
-2689
302
1322
-696
-1511
2276
7450
9006
7242
5823
5921
6327
6834
7710
7782
6221
4550
4361
4719
3960
2239
584
-736
-1576
-1762
-2526
-5536
-9639
-11503
-10465
-9528
-10606
-12282
-13366
-14728
-16102
-15203
-12090
-10390
-11761
-12973
-11145
-8164
-6852
-6250
-4241
-1836
-1064
-914
822
3468
4845
5391
7328
10521
12474
12308
11907
12879
14615
15839
16336
16472
16191
15319
14374
14235
14868
14920
13288
10858
9589
9848
10067
9360
8680
8705
8622
8114
8358
9606
10055
8883
8105
9420
11482
12385
12540
12873
12756
12085
12658
14925
16252
15119
13927
14739
15621
14346
12044
9865
6334
1840
832
4627
6906
2142
-6085
-11150
-12833
-14008
-13442
-10189
-10129
-18227
-28089
-29606
-24076
-21016
-22617
-23133
-21950
-24227
-28501
-26917
-19595
-15930
-18730
-19726
-14773
-10839
-12376
-12840
-6932
-401
383
-850
1533
4687
4140
3596
8246
14112
13809
8717
6301
8384
10504
10670
10779
10689
8205
4461
3234
4954
6216
5019
2525
145
-1759
-2875
-3356
-4283
-5901
-7038
-7666
-9434
-12182
-13230
-11864
-10843
-11578
-11945
-11015
-11156
-12779
-12110
-7671
-3939
-4448
-6108
-4860
-2273
-1488
-1054
1567
4232
3812
2432
4071
7557
8875
8243
9013
11184
11797
10717
10611
11816
12142
11341
11277
11951
11474
9784
8731
8668
8220
7131
6386
5966
5166
4578
5231
6467
6932
6838
7137
7550
7509
7833
9361
11065
11498
11046
11009
11574
12239
13007
13773
13854
13254
13008
13377
13137
11360
8413
5067
2397
2095
4295
5573
2285
-4275
-9347
-10862
-10513
-9664
-8884
-10743
-17272
-24489
-25686
-21007
-17621
-19326
-22584
-24250
-25753
-27130
-24663
-18409
-14866
-17391
-20493
-18720
-14778
-13100
-11632
-6996
-2412
-2722
-5447
-4557
-190
2893
4082
6399
8899
7563
3493
2691
6825
10779
10651
8322
6574
5157
3863
4540
7346
8806
6437
2464
507
956
1784
1879
1326
-71
-2404
-4612
-5466
-5129
-4714
-4805
-5232
-5783
-6362
-6711
-6546
-5880
-5032
-4395
-4191
-4270
-4216
-3740
-2841
-1695
-700
-397
-728
-659
651
2603
4047
4946
5846
6311
5745
5316
6671
8904
9472
8228
7577
8245
8336
7378
7487
9033
9117
6639
4951
6541
8767
8409
7058
7790
9487
9263
8215
9571
12550
13447
12134
12127
14137
14819
12947
11933
14235
17318
17694
15883
14631
14514
14162
13443
13365
13180
10497
5254
1328
2030
5073
4758
-776
-7402
-10916
-11741
-11940
-11491
-10946
-13914
-21659
-28220
-27253
-21799
-20391
-24760
-28989
-30159
-31097
-32082
-29274
-23624
-21991
-25864
-27793
-23315
-17772
-16254
-15395
-11303
-7528
-7908
-8566
-4735
564
2298
2294
4536
6818
5236
2662
4456
9131
11064
9589
8160
7295
5506
4638
7183
10321
9322
5127
2550
2785
3380
3567
3954
2951
-874
-4659
-4727
-2467
-1913
-3491
-4835
-5621
-6764
-6980
-4939
-2891
-3569
-5476
-5501
-4061
-3437
-3281
-2069
-826
-1156
-1646
-246
1836
2497
2729
4428
6442
6710
6268
7285
9122
9917
10131
10988
11431
10190
8917
9765
11543
11642
10156
8994
8540
8189
8536
10048
11079
10139
8719
9166
11074
12367
12626
12831
13116
13234
14024
15937
17272
16344
14477
14371
16198
17687
17574
16688
15853
14957
14166
13924
13360
10742
6412
3491
4160
6333
5779
1112
-5007
-9371
-11038
-10570
-9046
-8860
-12837
-20229
-25711
-25245
-21545
-20624
-24169
-28815
-31870
-32768
-32768
-29691
-25800
-25713
-29339
-31024
-27371
-21853
-18886
-17620
-15221
-12446
-11401
-10655
-7486
-3148
-1038
-808
823
3934
5111
3670
3320
6196
9424
9743
8031
6846
6428
5947
6242
8038
9129
6881
2745
900
2529
4503
4035
1724
-640
-2448
-3378
-2766
-1365
-1561
-4118
-6534
-6257
-4024
-2384
-2396
-3397
-4601
-5186
-4119
-1647
95
-381
-1832
-2132
-994
609
2304
3903
4498
3799
3305
4352
6112
7126
7566
8186
8391
7416
6326
6702
8118
8850
8413
7556
6562
5434
5105
6438
8373
8907
7774
6668
6886
8140
9606
10842
11536
11500
11239
11757
13333
15003
15681
15509
15592
16347
16894
16505
15907
16131
16700
16320
14853
12948
10415
7163
5159
6331
8581
7396
2043
-3427
-6037
-6811
-7003
-6183
-5794
-9388
-16500
-21181
-20084
-17488
-18554
-22210
-24987
-27187
-30054
-31060
-28052
-24739
-25839
-29327
-29617
-26303
-23476
-22070
-19383
-15439
-13412
-13558
-12464
-8996
-5885
-4479
-2683
561
2980
2912
2207
3279
5755
7744
8561
8677
8331
7618
7224
7894
9264
9866
8683
6538
5391
5927
6635
5922
4198
2797
1930
1182
916
1281
921
-1134
-3225
-3154
-1667
-1273
-2375
-3285
-3418
-3597
-3667
-2797
-1841
-2430
-3872
-3821
-2029
-638
-630
-708
71
1038
1695
2531
3576
4059
3981
4395
5660
6717
6562
5582
5064
5792
7211
7908
7209
6065
5821
6590
7686
8888
9974
9988
8792
8354
10268
12920
13633
12755
12754
14078
15063
15388
16239
17357
17303
16495
16718
17699
17425
15772
14642
14474
13599
11159
8051
5191
3177
2838
3697
3035
-905
-6012
-9034
-9564
-9022
-8137
-8186
-11593
-17767
-21526
-19724
-16385
-16956
-20750
-23794
-25578
-27392
-27455
-24103
-21073
-22828
-26752
-26727
-22721
-19866
-19411
-17850
-14403
-12214
-11889
-10421
-7175
-4988
-4464
-2713
1130
4061
4183
3363
3835
5501
7350
8707
8799
7510
6339
6557
7349
7576
7639
7673
6402
3987
3051
4229
4245
1434
-804
229
1535
-303
-3028
-3102
-2217
-3540
-5119
-3549
-1145
-2375
-5493
-5126
-1633
-350
-2265
-3022
-1276
-552
-1842
-1543
1423
3095
1541
431
2550
5142
5144
4346
5487
7182
6885
5765
6422
8079
8177
7060
7060
8033
7733
6121
5643
7066
8338
8116
7535
7683
7915
7781
8346
10173
11797
11758
10869
10992
12463
14115
15210
15986
16559
16532
15881
15400
15803
16676
16801
15543
13442
11161
8541
5613
3748
4055
4856
3013
-1840
-6675
-9242
-10213
-10487
-9723
-9126
-11836
-17885
-22260
-21345
-18148
-17540
-19528
-21372
-23044
-25506
-26394
-23249
-19100
-18880
-21643
-22236
-19626
-17403
-16670
-14800
-11460
-9601
-9639
-8395
-4995
-2490
-2195
-1448
1305
3756
3999
3573
4310
5502
6009
6324
6870
6679
5213
3675
3332
3902
4250
3638
2155
712
321
760
704
-404
-1868
-3293
-4788
-5453
-4218
-2531
-3204
-5963
-7510
-6636
-5558
-5377
-4561
-3081
-3319
-5168
-5100
-2210
-244
-1167
-1812
178
2174
1780
1288
3054
4974
4815
4801
7344
10018
9578
7810
8441
10830
11616
10663
10554
11540
11531
10409
10152
10917
10673
8991
7929
8579
9405
8913
7839
7603
8136
8448
8359
8482
8995
9546
10182
11319
12675
13317
13106
13080
13856
14716
14953
14928
14963
14460
13080
11422
9644
7138
4627
4163
5504
5154
1125
-4026
-7189
-8697
-9794
-9752
-8949
-10918
-16921
-22042
-21721
-18870
-19061
-21914
-23391
-23567
-25142
-26644
-24616
-21028
-20897
-23426
-23103
-19274
-16902
-17463
-16772
-13045
-9881
-9314
-8500
-5615
-3078
-2405
-1189
2045
4675
4514
3586
4635
7028
8565
8769
8328
7415
6289
5828
6235
6520
5944
4765
3404
2199
1738
2089
2112
921
-689
-1672
-2485
-3794
-4664
-4043
-2977
-3216
-4527
-5414
-5625
-5860
-5868
-5003
-4004
-4113
-4869
-4723
-3516
-2552
-2431
-2461
-2087
-1448
-624
451
1391
1780
2067
3073
4727
6144
6838
7109
7378
7842
8644
9731
10633
10952
11004
11398
12030
12101
11251
10178
9821
10295
10938
11152
10764
9823
8645
8041
8713
10164
10929
10319
9281
9042
9650
10518
11523
12592
12956
12110
11046
11181
12301
12854
12050
10384
8360
6239
4983
5590
7102
6879
3628
-1057
-4744
-6518
-6819
-6466
-6778
-9270
-13800
-17920
-19432
-18984
-18965
-20426
-22481
-24157
-25251
-25524
-24722
-23634
-23567
-24322
-24099
-22062
-19622
-18266
-17440
-15781
-13351
-11167
-9320
-7194
-5015
-3450
-1912
782
4040
5706
5221
4680
5888
8038
9416
9828
9913
9450
8182
7273
7877
8862
8079
5657
3900
3797
3867
2936
1873
1589
1308
144
-1246
-2080
-3001
-4518
-5268
-3866
-1620
-1198
-3040
-5054
-5624
-5003
-3882
-2569
-1778
-2315
-3528
-3612
-2030
-259
310
-16
-176
235
1036
1978
2753
3175
3599
4501
5646
6334
6442
6492
6864
7594
8621
9552
9638
8830
8291
8944
10064
10330
9679
9033
8757
8615
8717
9252
9628
9114
8107
7672
8022
8437
8508
8496
8529
8303
7698
7149
7209
7870
8368
7894
6665
5866
6166
6818
6727
5599
3552
809
-1332
-909
1740
3043
259
-4898
-8736
-10154
-10421
-10237
-10005
-11376
-15075
-18388
-18411
-16761
-17363
-20437
-22626
-22405
-21333
-20361
-18999
-18041
-18988
-20551
-19622
-16110
-13157
-12233
-11532
-9706
-7685
-6174
-4524
-2737
-1736
-1126
652
3528
5628
6167
6218
6518
6765
7055
7849
8579
8283
7409
7152
7378
7057
6214
5620
5091
3952
2650
2164
2278
2029
1352
835
417
-313
-1081
-1346
-1275
-1337
-1474
-1403
-1176
-900
-529
-201
-82
131
696
1058
671
221
762
2032
2970
3386
3641
3401
2438
1957
3140
4940
5354
4393
3770
4128
4655
5045
5706
6262
5918
5197
5403
6455
6960
6422
5751
5612
5718
5794
5989
6271
6374
6317
6241
5977
5379
4785
4587
4724
4933
5062
4939
4501
4149
4296
4537
4093
3089
2494
2798
3549
4118
4114
3265
1751
437
-53
-163
-602
-1233
-1574
-1808
-2474
-3761
-5697
-8161
-10106
-10065
-8295
-7159
-8370
-11049
-13356
-14562
-14626
-13489
-12066
-12188
-14038
-15229
-13965
-11582
-10367
-10455
-10607
-10522
-10379
-9395
-7008
-4507
-3494
-3457
-2760
-1339
-485
-426
-29
1214
2592
3600
4486
5223
5244
4538
3968
4082
4371
4141
3523
3139
3198
3347
3217
2721
1901
862
-68
-444
-159
389
747
873
990
1176
1296
1206
887
532
577
1342
2530
3385
3481
3044
2486
2117
2305
3171
4073
4144
3538
3290
3750
4123
3816
3174
2533
1689
803
637
1263
1637
1127
382
46
-275
-967
-1432
-1064
-328
2
-77
-205
-377
-559
-322
454
1128
1151
860
957
1672
2765
3825
4389
4269
3924
3992
4455
4789
4838
4852
4850
4639
4321
4082
3689
2919
2183
1953
1845
1147
-3
-844
-1191
-1574
-2342
-3373
-4521
-5616
-6210
-6055
-5702
-5940
-6727
-7271
-7095
-6490
-5992
-5828
-5826
-5555
-4694
-3534
-2951
-3539
-4831
-5576
-4794
-2604
-177
1114
768
-485
-1425
-1368
-521
422
875
804
749
1189
1829
1853
928
-447
-1617
-2287
-2358
-1881
-1293
-1113
-1211
-1005
-470
-259
-677
-1254
-1501
-1373
-801
393
1891
2889
3053
2839
2714
2648
2579
2726
3208
3888
4701
5646
6396
6432
5655
4471
3341
2578
2353
2465
2373
1869
1440
1508
1701
1380
446
-819
-2195
-3264
-3336
-2364
-1426
-1562
-2532
-3374
-3682
-3627
-3250
-2597
-2143
-2253
-2438
-1917
-731
367
942
1136
1123
931
795
1050
1667
2285
2722
3097
3475
3723
3743
3628
3549
3656
3999
4410
4543
4204
3584
3053
2759
2546
2190
1590
824
208
200
947
1908
2209
1536
455
-271
-399
-62
661
1595
2196
2020
1312
620
27
-645
-1112
-953
-551
-739
-1427
-1605
-931
-397
-1054
-2882
-5147
-6974
-7336
-5642
-2972
-1707
-3107
-5865
-7693
-7729
-6876
-6467
-7202
-8721
-9586
-8288
-5007
-1980
-1458
-3492
-6072
-7102
-5958
-3585
-1542
-692
-462
447
2464
4552
5326
4476
3001
2320
3202
5207
7047
7740
7443
6996
6769
6324
5173
3506
2110
1727
2430
3467
3822
3155
2076
1404
1272
1117
355
-999
-2247
-2484
-1466
-30
643
242
-489
-732
-378
154
396
106
-501
-740
-114
917
1304
602
-591
-1434
-1638
-1405
-1071
-997
-1390
-2021
-2392
-2327
-2161
-2249
-2587
-2954
-3203
-3296
-3236
-3095
-3016
-3126
-3470
-3981
-4452
-4617
-4335
-3641
-2649
-1510
-433
426
1115
1795
2507
3178
3793
4334
4652
4634
4468
4515
4892
5366
5610
5414
4775
3982
3498
3513
3680
3516
2966
2421
2249
2468
2753
2645
1912
896
331
593
1247
1521
1131
493
192
350
417
-483
-2752
-5664
-7663
-7616
-5859
-3929
-3269
-4112
-5446
-5982
-5298
-4197
-3904
-4775
-5823
-5554
-3338
-24
2669
3454
2397
744
-142
211
1303
2424
3361
4421
5896
7616
8980
9420
8871
7827
6931
6507
6490
6691
7009
7335
7396
6802
5316
3101
686
-1359
-2796
-3803
-4676
-5479
-6012
-6138
-6075
-6294
-7099
-8295
-9283
-9500
-8832
-7649
-6425
-5330
-4195
-2847
-1430
-336
187
312
505
1097
1969
2660
2800
2443
1984
1704
1462
854
-321
-1750
-2829
-3189
-3054
-3089
-3810
-5144
-6522
-7409
-7749
-7907
-8217
-8642
-8840
-8546
-7868
-7176
-6717
-6368
-5792
-4820
-3632
-2536
-1579
-459
1151
3175
5072
6275
6722
6970
7708
9091
10543
11230
10798
9692
8761
8522
8753
8738
7947
6481
4940
3837
3168
2481
1366
-109
-1427
-2041
-1831
-1191
-706
-697
-1000
-1133
-704
288
1477
2457
3129
3797
4848
6287
7506
7612
6131
3564
1257
530
1710
3807
5222
4960
3382
1843
1498
2286
2965
2212
-172
-2972
-4467
-3777
-1548
589
1271
370
-1088
-1838
-1349
-96
987
1298
988
745
1218
2554
4337
5882
6626
6393
5428
4212
3183
2480
1868
913
-685
-2814
-4979
-6646
-7665
-8407
-9462
-11119
-13047
-14487
-14835
-14150
-13152
-12663
-12938
-13435
-13231
-11758
-9261
-6613
-4663
-3641
-3092
-2341
-1054
557
1987
2891
3324
3647
4236
5236
6499
7658
8265
7971
6741
4989
3442
2680
2655
2595
1538
-856
-3902
-6324
-7264
-7032
-6864
-7861
-9968
-11940
-12352
-10808
-8278
-6272
-5583
-5691
-5333
-3679
-1069
1295
2376
2131
1468
1450
2485
4125
5538
6171
6071
5702
5503
5580
5695
5522
4928
4116
3507
3466
4018
4784
5228
5044
4394
3777
3611
3897
4266
4369
4246
4317
4996
6294
7803
9045
9854
10448
11149
12078
13115
14077
14898
15594
16118
16341
16189
15734
15035
13855
11628
7919
3053
-1732
-4961
-6019
-5692
-5585
-6773
-8875
-10390
-10109
-8326
-6743
-7083
-9587
-12735
-14433
-13646
-11115
-8606
-7427
-7474
-7546
-6510
-4263
-1765
-202
-86
-956
-1829
-1929
-1156
-17
801
898
355
-400
-961
-1267
-1685
-2747
-4722
-7343
-9902
-11702
-12513
-12681
-12804
-13239
-13821
-14039
-13469
-12135
-10489
-9058
-8053
-7225
-6083
-4270
-1843
771
3075
4841
6236
7632
9252
10942
12241
12738
12376
11500
10567
9805
9093
8169
6919
5501
4180
3081
2074
921
-517
-2200
-3989
-5758
-7387
-8704
-9516
-9769
-9698
-9727
-10138
-10800
-11244
-11067
-10293
-9314
-8434
-7476
-5888
-3301
-33
2994
4898
5499
5392
5385
5821
6381
6503
5958
5055
4334
4113
4289
4538
4608
4450
4113
3634
3046
2454
2013
1788
1666
1487
1267
1265
1758
2714
3743
4416
4687
4953
5677
6900
8178
9029
9439
9918
10994
12640
14214
15000
14818
14147
13648
13589
13712
13599
13104
12408
11707
10960
9988
8758
7456
6171
4548
1910
-2100
-6921
-11207
-13732
-14328
-14014
-14085
-15005
-16052
-16086
-14700
-12712
-11507
-11851
-13231
-14283
-13904
-12061
-9648
-7623
-6240
-5000
-3266
-925
1493
3248
3978
3926
3690
3746
4131
4505
4464
3854
2879
1913
1226
767
210
-820
-2471
-4566
-6733
-8644
-10193
-11459
-12524
-13331
-13676
-13358
-12343
-10816
-9093
-7476
-6102
-4900
-3639
-2072
-118
2050
4068
5616
6629
7334
8040
8860
9616
9989
9804
9161
8306
7387
6349
5069
3575
2108
935
122
-515
-1199
-1954
-2573
-2842
-2776
-2636
-2685
-2945
-3185
-3134
-2719
-2082
-1413
-777
-101
693
1587
2480
3282
3942
4402
4578
4423
4040
3651
3433
3328
3072
2438
1481
508
-217
-751
-1428
-2508
-3865
-5046
-5656
-5700
-5528
-5458
-5451
-5204
-4535
-3646
-2963
-2707
-2646
-2337
-1596
-721
-200
-179
-262
128
1153
2323
2911
2617
1857
1398
1673
2435
3046
3099
2769
2606
2996
3842
4717
5300
5644
6052
6727
7577
8334
8829
9163
9599
10338
11359
12434
13284
13729
13772
13573
13353
13211
12969
12166
10288
7168
3211
-756
-3987
-6272
-7978
-9615
-11323
-12726
-13289
-12867
-11940
-11288
-11397
-12110
-12807
-12915
-12312
-11326
-10403
-9719
-9082
-8140
-6712
-4946
-3214
-1851
-977
-505
-280
-243
-477
-1081
-1981
-2888
-3465
-3574
-3369
-3158
-3168
-3394
-3653
-3798
-3884
-4133
-4695
-5457
-6071
-6207
-5778
-4935
-3883
-2670
-1194
625
2662
4633
6307
7669
8855
9960
10929
11648
12093
12392
12692
12965
12971
12445
11343
9860
8210
6425
4402
2110
-281
-2492
-4328
-5812
-7138
-8456
-9682
-10523
-10724
-10319
-9623
-9005
-8663
-8559
-8501
-8278
-7778
-7060
-6315
-5750
-5454
-5326
-5091
-4446
-3305
-1935
-808
-228
-73
125
780
1900
3081
3874
4196
4370
4779
5465
6098
6301
5967
5329
4734
4397
4279
4199
4056
3931
3950
4081
4122
3891
3380
2718
2044
1444
933
481
77
-192
-188
113
526
809
857
735
541
345
222
257
487
895
1491
2326
3400
4578
5642
6415
6847
7019
7091
7169
7191
6968
6410
5711
5217
5097
5167
5077
4665
4123
3800
3840
3968
3601
2229
-186
-3094
-5667
-7364
-8276
-8930
-9713
-10477
-10665
-9803
-7913
-5561
-3535
-2344
-1894
-1643
-1151
-466
32
107
-70
-84
425
1524
2932
4138
4763
4859
4776
4691
4368
3452
1907
109
-1440
-2445
-2967
-3348
-3911
-4644
-5190
-5267
-5050
-5046
-5615
-6673
-7823
-8657
-8976
-8859
-8592
-8407
-8255
-7843
-6971
-5779
-4642
-3874
-3531
-3424
-3270
-2891
-2333
-1797
-1441
-1231
-1000
-615
-83
479
911
1115
1119
1085
1187
1449
1704
1727
1468
1123
980
1185
1655
2201
2698
3149
3626
4160
4683
5027
5044
4735
4256
3760
3286
2770
2139
1357
468
-363
-909
-1095
-1105
-1189
-1391
-1552
-1538
-1380
-1181
-1038
-1057
-1297
-1654
-1914
-1973
-1944
-1962
-2013
-1987
-1824
-1505
-1040
-551
-266
-290
-418
-369
-126
67
33
-168
-390
-539
-548
-358
-25
280
480
705
1141
1808
2571
3292
3899
4386
4841
5454
6364
7509
8676
9716
10624
11419
12041
12408
12502
12349
11941
11261
10378
9470
8692
8040
7396
6684
5941
5233
4570
3922
3260
2549
1748
893
119
-460
-898
-1377
-2056
-3022
-4304
-5826
-7349
-8594
-9468
-10066
-10451
-10554
-10337
-9904
-9371
-8732
-7961
-7173
-6556
-6187
-6015
-5975
-6016
-6053
-5994
-5822
-5598
-5370
-5162
-5024
-4988
-4989
-4920
-4791
-4762
-4964
-5372
-5835
-6191
-6325
-6191
-5833
-5373
-4923
-4532
-4169
-3771
-3302
-2817
-2435
-2182
-1905
-1375
-480
714
2082
3519
4931
6241
7451
8609
9701
10615
11229
11498
11437
11114
10651
10181
9715
9146
8395
7493
6471
5266
3818
2197
534
-1117
-2775
-4394
-5827
-6926
-7641
-8000
-8058
-7878
-7519
-7024
-6449
-5875
-5369
-4933
-4534
-4164
-3841
-3535
-3149
-2604
-1902
-1138
-448
56
355
508
588
632
634
569
393
101
-219
-433
-499
-533
-644
-766
-705
-348
234
881
1491
2050
2618
3270
3994
4676
5199
5579
5922
6283
6632
6927
7151
7274
7272
7208
7210
7308
7375
7250
6904
6440
5975
5552
5119
4569
3859
3116
2553
2255
2094
1896
1605
1278
979
747
580
369
-52
-727
-1447
-1923
-2067
-2046
-2075
-2224
-2406
-2475
-2361
-2186
-2213
-2610
-3253
-3831
-4164
-4328
-4469
-4611
-4660
-4543
-4246
-3801
-3302
-2900
-2694
-2631
-2562
-2416
-2299
-2390
-2774
-3329
-3798
-3970
-3822
-3530
-3316
-3261
-3263
-3161
-2919
-2670
-2591
-2717
-2917
-3033
-2993
-2823
-2597
-2401
-2274
-2129
-1810
-1291
-771
-487
-440
-418
-259
4
268
508
770
1094
1472
1842
2085
2122
2046
2056
2219
2367
2304
2026
1680
1359
1060
780
536
303
44
-191
-306
-295
-277
-350
-484
-592
-646
-696
-815
-1043
-1352
-1648
-1843
-1943
-2041
-2190
-2339
-2404
-2363
-2241
-2043
-1738
-1326
-862
-421
-33
333
719
1117
1470
1746
1988
2259
2550
2778
2884
2908
2920
2945
2952
2903
2791
2647
2519
2460
2497
2616
2776
2932
3047
3121
3195
3305
3421
3458
3364
3192
3043
2975
2958
2925
2836
2700
2559
2465
2458
2561
2763
2999
3171
3233
3243
3295
3380
3381
3203
2878
2507
2154
1801
1401
919
366
-187
-645
-970
-1211
-1425
-1615
-1759
-1871
-1978
-2076
-2175
-2352
-2677
-3091
-3439
-3663
-3853
-4131
-4484
-4802
-4991
-5023
-4918
-4737
-4547
-4370
-4150
-3817
-3361
-2833
-2284
-1750
-1257
-808
-377
36
355
496
491
485
579
705
696
470
110
-225
-444
-594
-775
-1040
-1343
-1585
-1715
-1765
-1801
-1852
-1892
-1891
-1856
-1827
-1835
-1882
-1951
-2016
-2044
-2019
-1948
-1854
-1719
-1487
-1133
-718
-335
0
348
745
1103
1272
1186
924
638
421
235
-37
-447
-902
-1233
-1365
-1382
-1424
-1541
-1661
-1690
-1592
-1394
-1154
-928
-737
-531
-238
166
618
1024
1343
1599
1841
2088
2311
2467
2552
2630
2777
3003
3246
3450
3634
3857
4131
4404
4625
4786
4894
4927
4852
4673
4432
4168
3876
3534
3149
2764
2410
2074
1712
1312
925
631
481
445
439
406
359
352
403
471
501
462
357
191
-27
-266
-494
-699
-886
-1040
-1115
-1089
-1002
-940
-944
-985
-998
-958
-901
-880
-907
-939
-917
-826
-696
-567
-456
-366
-313
-328
-420
-564
-728
-911
-1118
-1311
-1422
-1408
-1296
-1153
-1026
-920
-837
-794
-820
-930
-1117
-1353
-1606
-1850
-2073
-2247
-2334
-2307
-2183
-2014
-1843
-1687
-1566
-1515
-1545
-1633
-1748
-1884
-2051
-2220
-2337
-2383
-2393
-2424
-2502
-2613
-2735
-2864
-3019
-3217
-3438
-3630
-3749
-3786
-3737
-3562
-3216
-2715
-2153
-1625
-1143
-661
-153
352
798
1155
1437
1692
1964
2253
2525
2745
2931
3125
3352
3595
3816
3982
4082
4127
4152
4183
4210
4182
4070
3898
3726
3577
3423
3219
2968
2714
2501
2317
2119
1898
1686
1532
1436
1353
1249
1131
1042
1007
1015
1031
1037
1041
1074
1136
1193
1199
1140
1043
943
851
748
604
415
221
94
77
133
167
115
-7
-123
-184
-222
-321
-543
-864
-1203
-1494
-1753
-2036
-2370
-2721
-3027
-3260
-3424
-3535
-3603
-3625
-3585
-3462
-3243
-2944
-2606
-2284
-2008
-1751
-1449
-1072
-666
-315
-50
173
420
702
981
1208
1347
1403
1417
1440
1468
1448
1328
1115
866
628
428
260
97
-100
-350
-625
-878
-1092
-1290
-1496
-1701
-1876
-1999
-2060
-2061
-2014
-1936
-1828
-1685
-1509
-1313
-1120
-953
-814
-688
-543
-373
-191
-21
137
303
473
622
724
784
836
907
996
1078
1134
1164
1191
1236
1288
1318
1303
1250
1184
1125
1074
1029
991
972
983
1037
1132
1254
1378
1484
1576
1657
1728
1775
1779
1735
1660
1587
1534
1482
1393
1252
1093
962
865
762
609
415
227
100
57
79
139
222
341
530
793
1090
1359
1566
1730
1890
2055
2194
2273
2277
2223
2144
2053
1942
1782
1552
1258
933
610
289
-51
-432
-840
-1226
-1549
-1803
-2022
-2244
-2463
-2645
-2750
-2778
-2763
-2748
-2745
-2731
-2676
-2585
-2502
-2469
-2482
-2504
-2500
-2487
-2502
-2560
-2637
-2700
-2738
-2774
-2831
-2916
-3014
-3105
-3185
-3263
-3348
-3423
-3460
-3436
-3357
-3237
-3084
-2892
-2665
-2415
-2159
-1910
-1662
-1407
-1132
-845
-553
-255
70
427
794
1141
1460
1757
2026
2239
2382
2467
2519
2553
2572
2579
2577
2565
2546
2533
2523
2494
2429
2337
2249
2174
2102
2027
1971
1961
2002
2081
2174
2263
2340
2411
2482
2540
2561
2538
2492
2443
2396
2341
2278
2212
2132
2023
1888
1738
1576
1386
1168
937
715
509
329
184
65
-52
-177
-287
-361
-412
-477
-573
-679
-767
-826
-858
-865
-864
-861
-849
-809
-742
-678
-640
-617
-590
-549
-499
-439
-371
-299
-224
-138
-39
53
118
157
189
221
238
233
214
188
155
117
84
49
-9
-103
-214
-319
-423
-546
-692
-838
-965
-1084
-1201
-1322
-1449
-1592
-1750
-1905
-2040
-2163
-2282
-2393
-2479
-2531
-2550
-2539
-2500
-2446
-2389
-2323
-2235
-2127
-2014
-1910
-1805
-1683
-1534
-1358
-1164
-985
-845
-746
-659
-574
-516
-515
-551
-582
-586
-582
-589
-601
-596
-562
-495
-399
-300
-226
-173
-100
25
187
347
501
681
901
1135
1349
1528
1677
1798
1891
1966
2019
2039
2014
1961
1910
1875
1836
1773
1691
1605
1519
1426
1322
1221
1135
1078
1047
1035
1043
1072
1124
1186
1241
1288
1333
1385
1443
1502
1560
1620
1684
1754
1826
1894
1942
1960
1955
1941
1915
1867
1789
1689
1589
1502
1425
1339
1228
1091
932
760
572
366
147
-70
-269
-443
-602
-754
-892
-999
-1071
-1122
-1180
-1249
-1315
-1360
-1383
-1397
-1409
-1409
-1381
-1327
-1260
-1200
-1162
-1151
-1168
-1203
-1249
-1306
-1377
-1460
-1546
-1625
-1691
-1746
-1794
-1844
-1896
-1948
-1999
-2051
-2107
-2165
-2213
-2238
-2222
-2167
-2078
-1975
-1872
-1768
-1647
-1493
-1320
-1159
-1022
-884
-711
-497
-271
-55
157
386
636
888
1116
1305
1448
1555
1648
1734
1797
1813
1777
1713
1641
1555
1443
1299
1126
922
689
442
208
-6
-211
-417
-606
-758
-871
-952
-1008
-1029
-1015
-980
-927
-850
-744
-616
-478
-333
-175
-9
141
262
366
467
564
644
696
729
752
767
770
763
743
710
660
602
545
496
460
435
428
442
482
544
612
681
748
824
910
996
1083
1175
1275
1381
1489
1605
1727
1838
1917
1964
1992
1996
1965
1899
1810
1713
1600
1469
1324
1173
1002
805
582
350
108
-151
-422
-692
-952
-1199
-1426
-1622
-1779
-1912
-2035
-2152
-2253
-2329
-2380
-2416
-2446
-2465
-2456
-2409
-2332
-2244
-2140
-2012
-1867
-1731
-1618
-1517
-1412
-1301
-1198
-1100
-994
-878
-752
-619
-478
-338
-211
-99
4
105
197
274
341
416
516
647
793
930
1049
1161
1283
1410
1518
1600
1662
1722
1783
1846
1913
1979
2027
2051
2054
2039
2000
1927
1821
1687
1527
1346
1154
958
755
540
317
86
-155
-411
-675
-925
-1159
-1384
-1606
-1818
-2005
-2155
-2262
-2335
-2383
-2416
-2425
-2405
-2364
-2301
-2209
-2080
-1929
-1780
-1628
-1448
-1227
-983
-740
-500
-257
-18
212
423
618
801
981
1163
1333
1464
1558
1642
1732
1812
1858
1876
1889
1885
1846
1777
1714
1669
1614
1531
1438
1355
1274
1174
1059
957
872
789
704
622
546
464
369
265
158
47
-71
-193
-316
-436
-551
-660
-767
-873
-978
-1084
-1196
-1322
-1461
-1602
-1734
-1848
-1940
-2006
-2047
-2062
-2047
-2003
-1947
-1897
-1851
-1791
-1706
-1601
-1489
-1363
-1211
-1025
-811
-578
-336
-87
160
397
613
801
970
1126
1274
1415
1548
1680
1806
1917
2012
2096
2171
2212
2200
2142
2068
1997
1918
1810
1681
1553
1446
1356
1266
1168
1064
955
830
677
499
324
168
29
-112
-251
-373
-468
-546
-626
-717
-817
-924
-1039
-1161
-1284
-1395
-1489
-1574
-1654
-1723
-1765
-1775
-1766
-1758
-1759
-1768
-1777
-1770
-1729
-1658
-1575
-1490
-1388
-1253
-1098
-944
-783
-596
-391
-204
-39
131
316
490
630
765
919
1073
1189
1269
1346
1422
1471
1492
1502
1502
1459
1368
1269
1183
1088
955
798
657
542
434
323
213
103
-6
-105
-184
-250
-317
-376
-412
-426
-434
-435
-406
-346
-274
-206
-140
-78
-29
9
48
88
105
95
75
60
43
8
-38
-82
-129
-193
-274
-363
-460
-572
-692
-806
-904
-989
-1057
-1100
-1116
-1106
-1074
-1021
-959
-894
-825
-737
-630
-512
-382
-235
-67
114
300
494
687
864
1017
1144
1252
1344
1419
1470
1482
1452
1414
1393
1376
1322
1220
1096
972
835
670
490
319
154
-21
-203
-364
-493
-594
-674
-727
-755
-768
-773
-771
-753
-713
-645
-554
-453
-352
-245
-116
30
170
298
425
551
653
716
753
774
776
750
704
650
585
496
386
273
159
27
-126
-288
-440
-584
-727
-868
-997
-1100
-1173
-1222
-1256
-1275
-1270
-1229
-1165
-1094
-1021
-928
-806
-665
-518
-367
-213
-67
71
213
367
519
644
740
822
898
957
991
1008
1016
1006
971
920
870
823
767
698
624
556
485
402
310
228
164
113
66
25
-7
-23
-22
-12
-4
-1
4
17
34
46
43
40
45
54
51
37
20
2
-27
-72
-126
-184
-248
-324
-407
-498
-591
-675
-740
-796
-865
-946
-1013
-1046
-1061
-1087
-1118
-1126
-1107
-1078
-1046
-993
-912
-822
-740
-659
-562
-452
-337
-218
-90
44
172
290
399
502
602
698
787
856
910
965
1024
1064
1075
1077
1092
1098
1071
1028
1005
999
969
902
841
814
796
745
667
600
561
529
485
434
385
334
283
239
202
165
123
72
10
-54
-107
-140
-174
-233
-309
-373
-420
-470
-527
-564
-568
-571
-598
-635
-646
-629
-608
-593
-563
-515
-459
-409
-352
-285
-216
-149
-71
19
106
175
231
289
348
396
433
467
494
508
512
506
480
431
375
336
313
281
235
188
147
102
43
-17
-60
-99
-150
-206
-249
-280
-320
-368
-399
-401
-398
-414
-445
-470
-488
-519
-570
-630
-686
-735
-782
-825
-864
-901
-937
-969
-1001
-1035
-1063
-1070
-1061
-1056
-1066
-1076
-1061
-1023
-976
-927
-862
-777
-680
-584
-488
-384
-271
-153
-36
69
158
240
331
429
519
600
678
754
814
852
887
931
968
977
969
972
986
982
947
909
900
906
889
841
794
773
767
750
712
664
625
600
582
557
528
500
481
455
416
378
356
340
308
259
218
203
199
187
173
167
160
136
105
89
94
98
82
62
54
59
66
68
65
56
45
43
53
66
67
58
55
55
44
19
-8
-22
-22
-16
-10
-6
-4
-6
-6
-8
-18
-41
-63
-82
-105
-140
-173
-199
-222
-259
-303
-343
-381
-435
-509
-587
-658
-728
-801
-867
-917
-965
-1027
-1096
-1146
-1174
-1193
-1209
-1218
-1219
-1216
-1206
-1174
-1122
-1070
-1030
-985
-914
-821
-727
-640
-549
-452
-360
-282
-217
-151
-68
28
119
191
248
312
392
467
517
552
596
654
707
743
785
843
902
940
969
1013
1070
1111
1130
1147
1175
1195
1193
1186
1186
1187
1164
1120
1073
1026
966
887
805
735
669
585
476
362
264
188
115
24
-86
-187
-259
-309
-357
-403
-432
-441
-454
-480
-499
-495
-482
-481
-485
-467
-425
-384
-358
-333
-299
-267
-248
-227
-191
-153
-136
-131
-112
-76
-49
-37
-26
-2
28
48
62
88
123
150
159
160
167
178
186
182
166
142
116
84
41
-13
-70
-131
-207
-302
-398
-476
-549
-638
-742
-838
-913
-982
-1057
-1122
-1161
-1192
-1247
-1302
-1303
-1238
-1162
-1132
-1124
-1069
-950
-829
-756
-697
-590
-434
-291
-207
-141
-29
121
238
293
338
430
546
612
618
633
703
784
804
768
750
790
850
885
901
927
959
969
960
973
1033
1107
1145
1142
1130
1141
1174
1213
1248
1275
1288
1273
1226
1167
1119
1083
1028
939
833
746
680
606
504
387
284
195
103
9
-68
-127
-189
-266
-342
-391
-412
-423
-433
-434
-426
-417
-411
-406
-389
-359
-328
-310
-306
-309
-310
-313
-324
-347
-374
-401
-435
-479
-524
-560
-592
-638
-698
-754
-794
-826
-859
-890
-910
-930
-959
-986
-985
-959
-931
-920
-916
-901
-872
-840
-813
-795
-783
-769
-742
-707
-677
-666
-663
-659
-651
-644
-635
-625
-622
-638
-658
-648
-599
-547
-529
-529
-512
-466
-418
-381
-336
-266
-179
-101
-43
9
74
155
245
336
421
499
573
648
723
792
848
891
936
994
1058
1107
1123
1119
1127
1152
1167
1155
1135
1129
1132
1113
1069
1029
1011
997
966
925
892
866
829
783
751
732
710
672
637
622
626
627
618
605
596
597
610
631
645
643
636
631
621
603
589
594
601
584
543
509
488
455
391
324
284
249
179
79
-8
-66
-124
-208
-289
-335
-367
-432
-530
-612
-648
-670
-719
-783
-825
-832
-837
-864
-903
-930
-943
-959
-984
-1015
-1041
-1063
-1085
-1111
-1142
-1177
-1219
-1258
-1286
-1301
-1319
-1358
-1410
-1452
-1465
-1456
-1448
-1454
-1461
-1455
-1430
-1392
-1344
-1289
-1229
-1164
-1084
-982
-867
-757
-658
-555
-430
-295
-169
-64
36
150
276
393
491
581
679
782
873
943
998
1055
1117
1175
1212
1228
1234
1247
1271
1296
1306
1293
1264
1234
1212
1189
1158
1123
1089
1060
1024
977
918
857
796
730
655
575
499
431
365
292
215
146
88
35
-22
-79
-127
-169
-213
-269
-317
-343
-343
-343
-352
-360
-348
-319
-288
-261
-228
-183
-133
-88
-45
11
77
134
180
231
302
376
428
459
497
555
611
643
655
673
701
723
729
728
726
717
694
669
654
636
595
529
464
419
379
316
234
151
77
3
-77
-162
-238
-315
-399
-491
-582
-670
-759
-855
-953
-1044
-1123
-1197
-1269
-1345
-1417
-1484
-1544
-1598
-1639
-1661
-1668
-1676
-1689
-1696
-1685
-1654
-1613
-1563
-1505
-1438
-1367
-1293
-1207
-1096
-965
-827
-691
-558
-429
-302
-172
-36
104
233
347
457
577
700
807
887
956
1029
1107
1176
1228
1261
1279
1292
1302
1304
1294
1279
1268
1261
1237
1187
1130
1086
1054
1012
954
896
844
786
719
658
617
579
514
427
349
293
239
166
89
33
-12
-70
-144
-209
-259
-307
-370
-430
-472
-501
-540
-586
-618
-621
-612
-619
-650
-690
-718
-721
-699
-654
-599
-541
-498
-471
-444
-392
-311
-224
-158
-110
-50
36
130
199
247
299
371
451
518
564
598
627
652
673
688
692
678
649
615
576
530
472
408
344
281
225
176
120
41
-50
-124
-166
-195
-243
-308
-359
-382
-396
-420
-442
-438
-412
-396
-408
-430
-432
-411
-385
-370
-363
-358
-349
-338
-324
-304
-284
-270
-269
-278
-290
-298
-301
-293
-276
-254
-234
-216
-197
-174
-148
-116
-79
-39
1
43
92
147
188
207
224
264
323
365
377
386
416
448
449
425
416
432
438
403
343
300
280
252
200
137
82
38
-2
-40
-77
-120
-169
-216
-252
-281
-307
-322
-325
-329
-348
-369
-370
-348
-325
-313
-307
-287
-254
-221
-195
-171
-142
-108
-70
-34
-2
22
43
68
94
113
115
106
104
117
130
128
116
113
120
120
105
87
84
91
92
74
45
20
15
30
52
61
53
42
41
42
43
45
52
55
44
30
30
42
54
54
46
33
13
-14
-36
-43
-40
-39
-44
-55
-64
-64
-49
-29
-12
-2
10
27
48
71
102
140
174
201
224
248
266
275
286
312
341
357
351
342
338
337
324
299
272
242
203
155
106
71
43
6
-41
-84
-113
-135
-160
-182
-197
-210
-235
-260
-266
-259
-261
-280
-297
-299
-296
-295
-293
-280
-270
-275
-286
-287
-280
-285
-304
-317
-311
-304
-314
-332
-338
-326
-313
-307
-303
-292
-271
-242
-207
-171
-138
-106
-74
-36
12
70
132
188
232
266
297
327
361
403
452
497
526
538
548
559
564
559
547
532
510
480
454
438
423
393
350
311
281
252
215
174
138
106
73
37
-1
-36
-60
-71
-78
-97
-125
-143
-144
-143
-156
-177
-188
-186
-185
-195
-206
-211
-211
-211
-216
-221
-227
-230
-228
-220
-219
-233
-254
-265
-258
-247
-246
-256
-265
-263
-252
-240
-225
-203
-177
-158
-152
-150
-139
-118
-95
-75
-55
-30
-3
19
29
28
23
24
41
66
86
88
76
58
49
49
55
55
45
28
8
-6
-5
11
31
41
35
23
16
21
38
63
83
90
85
84
97
121
144
163
174
177
173
169
176
187
191
185
179
175
160
129
99
92
107
121
117
97
67
37
14
5
3
-5
-22
-37
-44
-55
-74
-90
-95
-95
-102
-110
-113
-121
-144
-171
-181
-170
-158
-158
-171
-193
-216
-222
-205
-179
-165
-161
-152
-142
-148
-160
-152
-116
-81
-60
-37
6
49
70
85
123
179
219
232
245
272
299
309
311
326
358
385
389
375
357
348
342
328
311
298
285
257
207
155
113
75
30
-18
-57
-87
-117
-157
-203
-249
-280
-296
-310
-340
-383
-419
-434
-441
-458
-481
-497
-503
-505
-509
-517
-526
-533
-524
-503
-485
-481
-478
-458
-428
-404
-387
-365
-336
-305
-269
-226
-183
-153
-125
-83
-26
29
75
119
167
218
268
317
365
411
463
522
577
612
629
648
679
709
725
725
721
725
736
740
729
704
678
655
628
595
567
544
511
461
404
356
311
258
198
146
98
43
-15
-61
-96
-132
-175
-213
-240
-262
-286
-309
-326
-340
-356
-374
-385
-383
-376
-380
-392
-392
-365
-323
-290
-273
-255
-234
-217
-203
-174
-122
-76
-55
-48
-31
-1
31
55
72
82
86
91
99
105
104
102
98
92
85
89
95
82
55
34
27
10
-23
-51
-57
-69
-111
-160
-181
-186
-203
-230
-246
-256
-279
-311
-326
-323
-327
-348
-371
-387
-403
-418
-428
-434
-447
-463
-475
-482
-483
-470
-440
-415
-410
-410
-394
-368
-349
-328
-289
-245
-220
-208
-180
-129
-80
-39
2
46
83
117
167
225
265
287
313
356
389
403
416
444
475
493
497
497
489
472
458
458
459
449
433
428
434
435
415
376
332
306
305
316
317
302
278
260
255
261
270
275
272
263
251
245
256
281
295
278
249
244
270
287
272
251
254
264
253
231
229
244
239
204
167
145
130
111
96
85
66
37
12
-6
-28
-54
-73
-82
-102
-138
-177
-210
-242
-278
-307
-324
-346
-384
-418
-434
-448
-483
-531
-558
-554
-546
-564
-602
-633
-640
-635
-635
-645
-655
-657
-649
-632
-617
-609
-605
-589
-547
-496
-463
-455
-452
-430
-392
-344
-290
-236
-195
-169
-148
-119
-81
-39
3
33
45
56
93
152
201
228
256
300
330
331
334
372
422
433
412
402
414
422
418
429
459
480
470
447
432
427
430
447
457
429
358
292
268
265
246
214
197
193
170
128
93
89
95
85
54
16
-13
-28
-33
-33
-35
-40
-45
-49
-43
-21
15
48
61
62
70
93
118
130
130
134
153
181
201
210
219
241
267
277
264
244
238
250
262
263
244
215
184
161
142
125
103
82
65
50
30
4
-23
-43
-65
-92
-129
-169
-207
-239
-263
-283
-306
-332
-355
-369
-380
-400
-433
-463
-473
-468
-464
-471
-485
-501
-517
-533
-543
-538
-522
-501
-482
-474
-478
-485
-476
-447
-409
-380
-359
-339
-319
-299
-270
-236
-204
-184
-173
-158
-130
-92
-54
-20
10
40
69
94
115
139
172
207
228
229
227
238
262
283
292
293
297
307
324
342
355
360
362
363
363
359
354
350
346
336
323
312
312
320
328
323
308
297
300
311
315
305
294
288
280
269
258
257
263
259
241
218
210
218
227
220
196
176
174
182
180
160
137
121
109
93
71
48
18
-14
-39
-48
-52
-67
-95
-125
-149
-171
-193
-216
-237
-259
-283
-305
-331
-360
-388
-403
-408
-416
-434
-453
-458
-448
-440
-445
-461
-471
-470
-462
-449
-432
-412
-398
-392
-381
-360
-329
-302
-279
-250
-214
-180
-148
-110
-67
-29
1
28
56
80
106
147
198
234
246
256
291
337
365
372
381
399
408
403
400
406
407
395
387
387
378
349
322
315
311
279
226
185
169
155
119
74
39
14
-20
-65
-104
-132
-156
-182
-210
-235
-254
-272
-292
-315
-340
-358
-364
-361
-361
-368
-369
-353
-325
-305
-301
-297
-273
-235
-198
-174
-151
-124
-95
-65
-26
24
72
111
147
187
218
235
259
310
369
406
411
418
449
492
521
528
523
514
511
518
524
512
483
460
449
442
428
407
380
336
274
214
177
155
128
89
42
-13
-71
-120
-153
-184
-230
-281
-324
-364
-409
-452
-483
-507
-534
-558
-567
-573
-586
-597
-598
-603
-626
-644
-626
-586
-562
-557
-541
-503
-469
-445
-406
-341
-285
-259
-241
-199
-144
-103
-69
-31
8
39
70
119
174
211
234
259
292
323
356
396
430
437
427
427
446
457
447
427
416
415
418
420
414
393
368
359
357
335
285
234
211
202
177
130
83
51
31
9
-18
-44
-67
-86
-100
-113
-129
-153
-178
-192
-194
-195
-207
-224
-227
-206
-184
-186
-209
-224
-215
-200
-196
-194
-182
-163
-148
-140
-128
-105
-81
-62
-45
-30
-21
-9
12
38
52
48
36
32
37
45
49
54
59
65
67
62
53
52
63
75
75
62
46
36
26
10
-10
-28
-38
-38
-33
-28
-31
-44
-55
-52
-35
-23
-32
-54
-61
-45
-29
-32
-43
-36
-14
-2
-9
-14
2
23
35
41
53
67
68
65
76
103
123
120
107
100
105
116
123
120
108
102
108
119
121
111
97
86
71
52
37
28
14
-2
-13
-20
-35
-62
-80
-78
-69
-76
-102
-131
-151
-158
-154
-147
-152
-174
-191
-189
-178
-179
-193
-199
-190
-174
-162
-148
-131
-118
-113
-104
-88
-72
-56
-32
-5
10
7
1
15
44
67
77
88
113
145
171
193
215
235
247
252
255
262
267
269
267
268
272
272
263
253
244
233
213
190
176
172
165
142
111
85
68
51
31
9
-11
-26
-38
-52
-75
-101
-122
-135
-148
-174
-206
-232
-242
-242
-244
-249
-264
-282
-291
-284
-273
-278
-294
-299
-276
-239
-213
-200
-188
-170
-152
-140
-128
-109
-83
-51
-20
6
23
38
55
74
90
103
116
132
148
165
180
192
192
190
197
211
221
216
201
190
186
186
190
193
190
180
170
165
161
150
132
113
94
72
47
23
1
-21
-38
-48
-57
-80
-116
-146
-159
-159
-156
-154
-153
-154
-161
-169
-173
-176
-183
-195
-199
-190
-178
-178
-184
-181
-163
-146
-146
-148
-136
-112
-95
-82
-60
-33
-22
-27
-26
-2
27
44
53
68
85
95
96
101
116
138
160
175
172
161
163
176
178
160
146
158
178
175
152
138
144
154
151
141
133
130
128
121
105
84
74
72
63
43
30
31
24
-12
-47
-47
-22
-15
-35
-53
-51
-55
-76
-97
-107
-123
-151
-167
-156
-141
-149
-169
-180
-179
-171
-154
-123
-101
-112
-136
-140
-114
-90
-88
-89
-78
-66
-74
-87
-72
-23
19
18
-13
-26
-6
22
28
19
21
32
40
41
49
61
67
65
66
74
81
81
86
98
105
102
91
83
83
94
110
120
109
85
70
68
71
67
59
55
48
38
33
38
46
46
36
22
7
-2
0
6
2
-19
-42
-50
-49
-49
-54
-60
-59
-58
-55
-53
-60
-75
-90
-89
-72
-58
-54
-55
-54
-52
-51
-46
-38
-35
-43
-53
-50
-30
-13
-9
-15
-10
9
28
40
45
46
45
44
55
74
79
60
31
22
32
41
45
57
77
84
69
47
40
47
50
46
33
10
-4
8
41
64
57
37
27
31
30
26
27
27
16
4
9
26
27
3
-25
-36
-35
-37
-45
-52
-55
-59
-65
-71
-72
-66
-65
-72
-82
-82
-70
-62
-73
-95
-107
-102
-92
-89
-90
-83
-67
-50
-48
-61
-74
-68
-44
-21
-16
-29
-37
-31
-18
-14
-21
-27
-17
-1
8
4
4
13
23
28
33
39
37
24
17
29
46
45
35
33
40
42
39
40
47
50
45
38
28
12
1
2
6
3
-3
-5
-9
-23
-31
-21
-4
1
-2
-3
-7
-20
-25
-9
10
4
-14
-11
10
21
10
4
10
17
10
-3
-10
-11
-3
10
12
-4
-15
1
28
35
19
11
17
23
23
24
30
32
28
21
9
-11
-23
-12
6
14
15
22
35
33
25
28
36
26
7
5
18
23
4
-11
-6
11
16
2
-20
-35
-31
-14
-7
-28
-53
-52
-27
-12
-24
-42
-46
-40
-38
-40
-37
-32
-35
-43
-48
-46
-42
-38
-30
-21
-16
-18
-23
-24
-21
-15
-9
-7
-13
-17
-8
11
19
4
-18
-20
-4
12
19
26
36
42
42
46
57
58
49
44
55
69
80
88
94
86
64
51
57
66
57
37
30
40
53
63
69
65
50
31
14
-1
-14
-18
-13
-8
-11
-23
-35
-44
-49
-41
-23
