39
47
5
-31
-34
-32
-36
-21
25
59
43
-4
-38
-37
-17
6
19
13
-18
-54
-76
-74
-52
-17
14
25
12
-15
-47
-70
-71
-48
-18
-3
6
22
37
33
7
-23
-51
-68
-53
-8
35
37
9
-14
-27
-47
-63
-39
18
59
49
7
-25
-30
-21
-9
-2
-6
-22
-44
-64
-74
-64
-36
-7
10
16
17
9
-15
-37
-35
-10
9
11
2
-6
-11
-21
-32
-36
-33
-25
-17
-4
16
30
25
3
-12
-8
11
33
45
39
14
-10
-9
22
59
78
72
47
14
-19
-35
-26
2
41
82
103
83
40
9
8
17
22
34
63
97
107
80
30
-18
-41
-32
-3
36
77
112
120
90
41
6
1
16
35
52
63
70
68
55
26
-8
-27
-19
2
25
47
70
77
57
21
-3
0
20
30
19
6
6
20
28
16
1
3
16
18
7
-1
3
14
22
27
29
29
22
7
-14
-22
-9
12
20
18
22
31
27
13
13
26
27
12
15
42
55
29
-4
-6
16
32
33
27
14
-9
-28
-31
-25
-19
-11
-3
-3
-13
-20
-23
-27
-27
-8
22
36
22
4
4
12
8
-3
-4
8
18
12
-13
-47
-68
-68
-56
-45
-34
-18
-4
-9
-34
-64
-83
-82
-62
-39
-27
-32
-43
-47
-46
-47
-49
-41
-25
-11
-12
-30
-50
-62
-63
-68
-74
-70
-57
-48
-51
-58
-57
-50
-39
-23
-9
-14
-30
-38
-31
-26
-33
-33
-19
-9
-11
-14
-15
-29
-43
-28
14
40
26
2
4
17
19
11
15
27
34
40
43
39
26
15
13
11
14
25
30
10
-18
-15
12
21
2
-12
7
38
46
31
15
10
15
24
22
5
-10
-9
0
1
-1
10
26
32
26
23
24
24
26
32
27
9
-4
5
20
17
5
-1
-2
-5
-3
7
13
-3
-22
-20
-1
8
3
-8
-16
-25
-40
-55
-62
-46
-11
11
-4
-38
-47
-26
-8
-11
-12
2
16
18
18
23
18
4
5
23
39
36
28
27
25
13
-1
-10
-11
-10
-4
3
3
1
3
1
-12
-27
-30
-26
-31
-36
-29
-24
-41
-63
-54
-18
3
-11
-32
-30
-17
-10
-5
7
18
13
-3
-16
-26
-39
-46
-30
6
34
35
16
0
-4
-2
-4
-3
0
4
2
0
7
17
21
20
27
41
50
46
38
44
64
80
80
69
60
58
56
49
44
47
55
61
60
51
35
24
31
51
60
46
25
26
45
56
47
30
22
18
18
21
24
15
1
-2
5
-1
-22
-33
-19
-3
-9
-25
-23
-6
6
2
-13
-29
-38
-25
8
30
21
-4
-13
-4
1
-4
-9
-6
-5
-12
-22
-35
-47
-45
-21
8
19
11
2
3
8
8
4
1
2
11
21
23
10
-7
-13
-11
-11
-18
-29
-36
-39
-37
-33
-33
-30
-18
-6
-10
-25
-35
-33
-29
-24
-10
4
-1
-24
-38
-34
-31
-33
-30
-16
-14
-28
-38
-33
-30
-41
-45
-25
-4
-10
-31
-40
-34
-31
-34
-39
-42
-45
-38
-19
-3
3
4
8
9
4
6
26
49
58
51
30
4
-14
-9
13
24
18
14
22
29
31
38
48
42
19
6
18
35
36
29
32
38
30
12
5
13
30
42
47
42
31
18
2
-18
-31
-19
8
20
0
-26
-29
-10
9
20
28
34
23
-1
-16
-9
1
-3
-12
-11
-2
-5
-22
-29
-12
3
-6
-31
-38
-22
-6
-7
-9
-2
5
4
0
3
4
-4
-19
-25
-22
-20
-27
-36
-37
-30
-23
-24
-35
-46
-50
-42
-29
-11
7
17
10
-8
-16
5
38
56
47
24
10
10
19
30
39
42
39
31
20
13
14
24
39
44
33
22
28
40
35
17
9
21
37
40
39
46
54
50
37
24
16
14
26
46
45
12
-20
-17
11
18
-6
-34
-40
-36
-34
-35
-30
-23
-18
-12
-13
-34
-64
-76
-61
-41
-37
-44
-49
-44
-33
-22
-24
-38
-49
-39
-20
-20
-32
-31
-11
-3
-19
-42
-55
-62
-69
-63
-44
-36
-50
-61
-44
-14
-1
-11
-22
-24
-27
-34
-34
-24
-8
2
-5
-28
-48
-46
-26
-12
-14
-17
-9
-1
-8
-19
-23
-17
-15
-13
-4
12
25
36
36
21
-3
-15
-1
19
20
0
-20
-27
-23
-15
-9
-12
-16
-8
12
27
23
14
20
39
52
52
46
39
36
38
45
47
45
43
46
49
37
22
20
32
44
46
39
29
14
4
11
28
37
32
27
35
42
37
22
14
10
3
-14
-31
-37
-32
-21
-11
-4
-2
0
3
3
0
-1
6
15
16
12
12
17
19
11
2
-4
-1
7
19
24
15
2
1
9
11
2
-7
-3
2
-4
-15
-18
-12
-3
-1
-1
0
1
3
2
-2
-10
-16
-18
-14
-11
-15
-24
-29
-24
-10
4
7
5
7
11
12
7
8
16
22
13
-7
-22
-23
-16
-15
-26
-39
-46
-41
-26
-14
-13
-13
-5
6
8
0
-2
16
31
22
-2
-9
10
32
41
40
40
41
38
39
47
49
41
39
52
63
51
30
26
40
44
26
8
6
12
7
-5
-9
-2
5
9
14
18
15
3
-11
-24
-30
-26
-15
-6
-6
-13
-22
-27
-29
-26
-20
-18
-24
-33
-38
-38
-37
-36
-32
-27
-29
-40
-50
-51
-45
-38
-31
-24
-20
-26
-34
-30
-15
-10
-25
-43
-38
-9
18
31
30
16
-7
-31
-47
-50
-50
-47
-39
-29
-27
-33
-31
-18
-6
-3
-2
1
-2
-18
-36
-42
-37
-35
-35
-32
-20
-9
-8
-15
-24
-28
-13
14
33
24
-1
-13
-10
-7
-13
-15
-4
4
-7
-26
-29
-17
-9
-10
-6
6
14
6
-8
-20
-25
-27
-19
-6
1
-4
-11
-8
4
14
14
11
11
18
24
17
1
-13
-13
-8
-10
-20
-24
-14
-3
-4
-15
-20
-15
-3
9
14
7
-7
-20
-22
-13
-5
-3
-5
-4
7
20
21
2
-18
-18
1
14
4
-9
-14
-16
-32
-54
-52
-19
17
25
11
3
17
39
47
32
8
1
17
40
45
27
13
20
41
48
31
3
-14
-15
-6
1
-2
-17
-30
-30
-25
-32
-55
-67
-50
-20
-5
-16
-33
-38
-28
-16
-11
-12
-13
-7
7
19
22
22
20
17
13
19
35
42
23
-2
-8
11
24
20
19
35
49
42
23
18
33
56
78
97
107
100
82
71
69
68
55
38
32
37
38
32
24
32
57
82
88
76
68
81
96
89
61
36
31
41
48
46
39
29
22
24
24
18
11
10
14
9
-7
-16
-13
-10
-12
-11
-3
-2
-15
-16
12
47
59
49
43
48
43
19
-5
-13
-11
-4
8
22
23
5
-10
-4
14
17
1
-10
-1
20
29
20
8
3
1
-18
-46
-60
-46
-20
-13
-26
-39
-32
-12
1
-6
-32
-53
-54
-35
-13
-7
-12
-24
-33
-36
-29
-16
-11
-17
-26
-29
-24
-16
-8
0
2
0
-1
1
-2
-12
-12
7
26
22
-1
-16
-8
10
16
11
12
21
25
19
14
20
37
43
35
27
29
39
40
26
3
-12
-10
6
18
15
0
-8
-7
-12
-30
-44
-35
-10
7
4
-9
-14
-10
-6
-3
3
8
7
0
2
16
31
27
7
-8
-7
-2
-4
-11
-16
-23
-29
-27
-17
-14
-23
-27
-17
-17
-40
-60
-48
-17
-10
-29
-35
-14
10
17
12
5
-5
-16
-21
-19
-18
-21
-16
-6
-10
-28
-38
-28
-13
-7
-9
-7
-6
-16
-28
-34
-33
-37
-48
-54
-45
-26
-14
-21
-38
-50
-46
-37
-32
-28
-26
-33
-52
-68
-65
-45
-29
-31
-47
-62
-71
-68
-61
-51
-44
-39
-35
-27
-17
-6
-1
-8
-23
-39
-43
-30
-7
4
-12
-39
-45
-18
17
33
26
15
9
6
8
12
9
-1
-7
-4
0
0
5
23
32
22
13
22
35
30
11
6
14
14
5
4
21
35
29
15
12
26
37
26
-8
-38
-40
-22
-10
-12
-6
19
40
37
19
8
11
17
19
14
6
-1
-2
-6
-26
-51
-52
-25
1
0
-14
-20
-17
-23
-38
-52
-54
-34
-2
19
9
-18
-24
3
25
19
2
4
17
8
-23
-38
-20
10
15
-12
-36
-25
13
42
40
17
5
18
39
47
31
3
-17
-16
2
20
26
24
19
16
12
9
11
22
41
61
61
40
22
27
45
53
48
49
52
43
24
15
18
15
6
10
30
48
49
38
24
12
4
4
2
-2
1
15
21
9
-3
7
25
20
6
14
41
49
32
22
32
42
32
21
21
22
11
-5
-7
7
27
38
39
35
35
29
13
-2
3
19
25
19
20
30
27
0
-26
-28
-17
-18
-26
-25
-13
-3
-4
-8
-13
-14
-12
-17
-32
-40
-30
-20
-33
-52
-49
-31
-26
-39
-50
-55
-63
-66
-50
-30
-31
-46
-51
-40
-32
-26
-14
0
-2
-17
-23
-17
-16
-21
-15
-3
-5
-23
-37
-38
-34
-34
-37
-42
-47
-49
-46
-45
-50
-51
-47
-42
-36
-24
-9
-1
-2
-1
1
-5
-12
-2
21
31
19
5
2
1
-3
5
21
28
15
-2
-8
-6
0
14
23
17
7
16
37
46
35
23
18
14
11
23
43
42
17
1
11
29
36
41
49
51
41
31
28
20
-3
-19
-7
22
37
38
38
42
38
30
24
24
24
25
29
36
40
40
36
27
8
-9
-7
8
19
21
25
30
18
-6
-14
3
16
2
-22
-24
-7
8
8
3
-4
-15
-20
-11
-4
-16
-36
-41
-34
-37
-55
-69
-69
-67
-70
-71
-67
-62
-57
-48
-34
-23
-15
-11
-14
-34
-56
-59
-42
-22
-16
-19
-26
-29
-23
-14
-15
-33
-51
-46
-18
8
8
-13
-30
-23
2
24
24
12
5
9
13
11
5
1
3
10
20
24
19
11
19
45
71
73
48
18
5
12
20
17
10
16
34
45
38
26
19
16
15
20
33
38
25
5
0
9
21
31
46
64
69
49
21
8
20
35
31
13
6
20
38
40
34
40
60
73
70
62
55
46
30
17
13
14
10
3
6
21
38
43
34
23
24
36
49
48
36
24
26
32
30
19
16
30
53
65
60
46
42
50
54
36
-3
-33
-29
-1
19
12
-6
-10
2
19
25
20
11
12
31
53
47
14
-12
-8
7
9
-1
-3
2
7
16
27
32
19
0
-7
-6
-11
-20
-31
-40
-46
-43
-33
-25
-18
-1
16
4
-37
-62
-47
-20
-28
-63
-87
-82
-67
-63
-73
-85
-90
-78
-55
-40
-45
-58
-61
-61
-69
-78
-79
-73
-66
-56
-43
-32
-19
-3
13
18
11
7
19
34
41
37
32
33
37
47
62
70
61
41
28
32
51
62
56
40
33
36
40
35
26
28
48
75
88
74
49
42
62
83
75
45
18
12
24
39
45
32
4
-15
-15
-11
-15
-20
-17
-13
-16
-20
-27
-39
-58
-68
-61
-52
-54
-51
-35
-22
-26
-37
-44
-43
-38
-21
-3
-6
-33
-56
-52
-38
-33
-27
-7
8
0
-21
-27
-14
7
20
22
17
12
18
24
16
-5
-9
11
33
41
41
44
40
25
13
17
22
15
7
21
46
59
47
28
18
13
4
-5
-10
-6
0
2
-2
-9
-17
-33
-53
-57
-37
-10
-1
-19
-37
-37
-30
-38
-60
-74
-68
-55
-47
-39
-23
-6
-1
-6
-8
-9
-23
-42
-39
-5
29
33
7
-14
-12
3
12
8
8
25
53
72
66
46
29
20
11
0
-3
3
8
7
1
-4
-8
-8
-1
8
12
12
13
17
18
14
14
24
35
35
19
2
-5
-2
-3
-6
2
18
21
-2
-27
-28
-14
-11
-20
-15
13
42
50
40
28
18
12
18
28
30
21
18
26
37
36
23
13
22
42
47
27
3
3
20
29
18
14
29
43
36
17
4
-7
-25
-32
-12
25
44
25
-11
-27
-8
24
32
11
-4
11
37
39
22
23
44
50
22
-10
-13
6
24
33
27
-4
-40
-44
-13
3
-26
-65
-66
-36
-19
-27
-41
-44
-44
-48
-51
-50
-46
-29
6
33
17
-35
-74
-73
-56
-48
-46
-36
-25
-32
-52
-65
-62
-45
-12
24
38
20
-9
-25
-33
-44
-50
-40
-23
-14
-9
-2
-1
-11
-20
-16
-14
-30
-51
-54
-48
-55
-71
-71
-59
-54
-54
-44
-26
-29
-55
-75
-69
-54
-48
-50
-57
-69
-76
-65
-30
9
35
46
55
67
75
65
37
11
6
21
30
20
8
7
11
20
30
32
23
12
16
24
12
-6
0
29
40
20
10
33
65
67
40
7
-15
-23
-10
16
27
18
6
7
12
4
-11
-23
-32
-38
-37
-35
-39
-51
-54
-52
-59
-73
-77
-60
-37
-21
-13
-8
-9
-19
-28
-31
-35
-43
-48
-38
-17
-8
-26
-57
-66
-48
-31
-43
-61
-42
4
28
10
-20
-28
-19
-9
8
35
53
47
35
35
40
38
33
37
42
34
19
12
15
17
15
10
3
1
6
13
8
-7
-12
-3
-1
-16
-28
-14
20
45
49
43
40
42
49
58
55
38
20
20
27
29
22
14
7
0
-1
10
32
52
57
46
28
17
22
32
30
9
-8
0
22
32
17
-5
-14
-7
7
14
15
12
10
4
-10
-31
-43
-38
-19
1
18
33
43
35
11
-14
-19
-6
9
13
4
-4
-4
0
2
4
7
11
9
8
13
21
21
17
19
22
15
-1
-10
-2
8
8
8
12
11
-2
-14
-13
-4
2
9
17
19
6
-9
-14
-8
-1
10
27
41
38
19
-2
-8
3
25
48
54
38
13
-4
-6
-5
-12
-27
-38
-39
-35
-34
-43
-58
-69
-68
-52
-28
-14
-21
-36
-48
-51
-57
-69
-80
-80
-67
-48
-37
-39
-48
-50
-45
-45
-51
-53
-45
-41
-57
-78
-79
-52
-20
-6
-9
-12
-13
-15
-21
-24
-18
-6
0
0
-5
-7
-7
-6
0
16
31
16
-36
-81
-78
-41
-24
-41
-54
-31
3
16
14
14
9
-7
-25
-34
-33
-28
-17
-13
-26
-44
-41
-17
2
10
25
42
36
9
1
20
43
56
69
80
72
49
39
48
51
45
42
44
32
14
16
33
42
36
27
19
21
45
80
85
47
7
4
14
4
-16
-11
19
50
64
52
21
6
26
46
24
-16
-16
13
17
-7
-5
31
49
38
36
56
70
76
97
111
79
23
1
10
7
0
19
42
28
4
17
49
42
8
-5
1
-9
-27
-20
0
1
-8
-6
-8
-25
-30
-1
18
-1
-31
-38
-36
-44
-45
-34
-31
-40
-32
-19
-38
-79
-86
-55
-37
-48
-50
-32
-30
-49
-49
-21
2
2
-8
-17
-26
-27
-20
-26
-47
-57
-47
-50
-69
-65
-29
-11
-32
-41
-15
6
3
7
25
11
-40
-61
-35
-13
-22
-25
-8
-10
-37
-43
-15
13
20
22
10
-31
-69
-69
-50
-45
-41
-12
4
-15
-22
11
30
-8
-36
-2
41
30
12
35
55
25
-3
27
62
43
14
32
56
37
6
12
31
25
16
37
59
61
61
67
55
29
23
34
22
-6
-9
6
-1
-18
-2
32
30
0
-4
16
16
-5
-16
-13
-15
-17
-6
-7
-36
-57
-52
-50
-67
-66
-30
-3
-17
-40
-42
-45
-63
-68
-52
-46
-62
-76
-79
-94
-115
-115
-95
-90
-97
-91
-73
-65
-70
-79
-92
-101
-87
-63
-68
-93
-87
-54
-58
-104
-114
-68
-38
-59
-68
-30
0
-17
-39
-33
-27
-39
-43
-21
9
29
39
21
-19
-28
20
60
42
16
41
73
53
24
47
82
74
59
81
101
79
69
106
127
85
48
76
112
99
83
104
125
108
98
119
125
99
97
127
130
100
101
133
123
75
68
99
85
20
-3
37
69
60
53
60
48
31
44
58
28
1
33
73
37
-38
-57
-23
-12
-40
-52
-29
-7
1
-1
-18
-48
-65
-64
-70
-81
-64
-33
-34
-71
-94
-88
-82
-83
-68
-48
-44
-45
-39
-46
-64
-43
14
27
-26
-59
-24
8
-13
-31
0
25
15
28
74
79
36
38
109
145
109
94
148
185
158
132
141
144
140
180
226
199
137
153
215
206
149
167
249
268
218
214
260
258
207
202
238
230
182
168
188
182
171
207
240
214
183
211
241
198
138
149
191
180
130
104
96
81
72
77
66
49
76
125
115
47
9
19
9
-32
-49
-39
-52
-82
-84
-88
-138
-187
-173
-142
-167
-213
-209
-184
-210
-257
-264
-255
-273
-293
-285
-295
-345
-374
-350
-341
-380
-402
-372
-353
-381
-399
-377
-360
-369
-360
-333
-337
-369
-373
-347
-337
-345
-337
-318
-303
-265
-212
-199
-225
-204
-132
-112
-163
-162
-69
-2
-19
-19
43
76
54
79
160
183
147
185
294
320
263
280
385
421
370
388
488
526
489
511
582
572
511
534
609
603
561
613
685
634
550
603
709
673
558
555
631
612
520
496
529
521
499
509
477
377
347
428
450
332
256
330
380
282
175
182
192
124
90
135
115
-4
-49
12
-12
-174
-258
-180
-147
-278
-402
-391
-378
-480
-593
-607
-603
-671
-753
-780
-790
-839
-909
-969
-1011
-1025
-1027
-1070
-1141
-1158
-1109
-1104
-1178
-1222
-1166
-1103
-1109
-1127
-1098
-1057
-1034
-1005
-981
-995
-995
-896
-757
-716
-758
-726
-587
-478
-475
-483
-396
-245
-148
-156
-189
-125
26
113
87
104
264
410
400
374
496
625
588
543
694
873
838
748
869
1044
993
884
1019
1224
1168
1011
1107
1316
1280
1126
1214
1422
1376
1184
1223
1417
1418
1288
1331
1455
1372
1201
1252
1406
1364
1231
1271
1364
1269
1130
1177
1255
1158
1065
1154
1193
992
820
903
972
791
616
689
755
576
392
422
427
223
69
138
140
-120
-337
-282
-235
-443
-664
-669
-660
-848
-1055
-1094
-1109
-1230
-1336
-1366
-1456
-1612
-1655
-1620
-1734
-1943
-1960
-1837
-1917
-2172
-2206
-1992
-1974
-2269
-2427
-2214
-2015
-2147
-2337
-2242
-2034
-2058
-2226
-2212
-2006
-1884
-1939
-1986
-1903
-1779
-1709
-1659
-1578
-1492
-1417
-1324
-1219
-1156
-1105
-965
-764
-668
-692
-633
-413
-246
-277
-297
-104
128
173
171
350
548
504
391
544
843
918
814
889
1133
1196
1041
1006
1201
1373
1396
1407
1470
1515
1565
1671
1721
1655
1671
1890
2055
1975
1908
2093
2261
2129
1984
2203
2541
2547
2365
2432
2668
2652
2422
2406
2650
2763
2629
2548
2658
2715
2563
2395
2388
2418
2296
2105
2066
2174
2143
1818
1456
1394
1511
1385
997
806
957
963
519
73
91
260
34
-414
-540
-397
-487
-839
-993
-885
-948
-1294
-1496
-1359
-1259
-1464
-1684
-1625
-1531
-1738
-2035
-1990
-1707
-1686
-1984
-2109
-1874
-1757
-2046
-2280
-2049
-1779
-2003
-2352
-2193
-1824
-1974
-2427
-2356
-1881
-1911
-2454
-2538
-1992
-1805
-2333
-2651
-2237
-1851
-2103
-2453
-2342
-2110
-2134
-2170
-2082
-2165
-2323
-2084
-1684
-1849
-2317
-2097
-1367
-1330
-2005
-2066
-1274
-946
-1474
-1594
-862
-556
-1158
-1300
-362
211
-436
-881
-17
856
410
-261
337
1399
1371
721
902
1703
1883
1572
1800
2394
2382
2003
2286
3022
3105
2610
2662
3341
3561
3085
2903
3385
3695
3411
3215
3490
3621
3269
3064
3372
3539
3095
2687
2933
3280
2968
2359
2265
2555
2495
2068
1874
1969
1843
1440
1237
1313
1231
904
749
860
799
398
72
105
218
98
-145
-281
-321
-378
-466
-557
-637
-669
-668
-729
-859
-933
-931
-967
-1008
-917
-820
-958
-1175
-1114
-936
-1083
-1364
-1183
-743
-868
-1489
-1597
-1043
-904
-1545
-1878
-1305
-881
-1467
-2201
-2039
-1529
-1683
-2209
-2261
-2034
-2219
-2621
-2664
-2581
-2874
-3214
-3073
-2818
-3078
-3548
-3560
-3310
-3422
-3750
-3707
-3406
-3409
-3645
-3576
-3255
-3228
-3464
-3328
-2705
-2296
-2521
-2822
-2502
-1769
-1377
-1456
-1380
-854
-394
-380
-358
124
658
785
950
1578
1963
1468
1115
2104
3392
3089
1866
2135
3805
4155
2588
1912
3500
4762
3668
2326
3149
4538
3901
2422
2836
4374
4204
2647
2513
3885
4022
2504
2047
3513
4304
3025
1893
2679
3678
2999
1948
2470
3612
3350
2192
2079
2907
2982
2195
2008
2608
2675
1973
1734
2207
2171
1370
1156
1943
2210
1205
475
1206
1982
1179
-85
216
1472
1426
60
-439
456
784
-314
-1055
-282
425
-387
-1398
-924
-12
-557
-1776
-1521
-191
-224
-1849
-2578
-1400
-437
-1283
-2457
-2183
-1416
-1917
-3091
-3132
-2227
-2095
-2950
-3297
-2701
-2458
-3151
-3590
-2985
-2373
-2794
-3466
-3154
-2348
-2484
-3510
-3910
-3154
-2521
-2992
-3724
-3591
-3090
-3365
-4084
-3937
-2969
-2621
-3268
-3551
-2769
-2127
-2559
-3028
-2401
-1517
-1652
-2194
-1819
-984
-1081
-1807
-1654
-651
-304
-891
-1067
-349
141
-181
-397
156
838
1010
973
1086
1161
1158
1383
1788
1993
2065
2296
2413
2045
1639
1843
2371
2598
2682
2934
2874
2208
1893
2695
3627
3452
2806
2978
3574
3403
2820
3033
3796
3927
3492
3394
3428
2894
2417
2952
3673
3190
2159
2248
3067
2794
1526
1216
2245
2766
1863
876
918
1259
1032
694
866
1154
995
601
364
197
14
69
406
567
258
-190
-326
-179
-100
-200
-207
80
345
91
-521
-677
-113
347
72
-293
34
487
66
-801
-864
-206
-94
-739
-996
-502
-323
-1004
-1602
-1438
-1238
-1680
-2114
-1801
-1319
-1575
-2252
-2460
-2292
-2501
-2993
-2973
-2496
-2566
-3445
-4098
-3843
-3457
-3787
-4270
-3995
-3475
-3864
-4851
-5021
-4255
-3938
-4571
-4974
-4472
-4007
-4260
-4401
-3822
-3412
-3838
-4148
-3510
-2827
-3053
-3331
-2573
-1543
-1501
-1877
-1358
-337
-187
-739
-587
463
1245
1365
1610
2223
2463
2100
1922
2384
2945
3118
3229
3683
4178
4154
3691
3458
3806
4303
4395
4268
4491
4926
4816
4143
3851
4280
4520
4047
3720
4179
4567
4106
3634
4055
4521
3942
3102
3331
4095
4020
3418
3570
4188
3905
2821
2322
2598
2553
2018
1961
2475
2539
1861
1254
1032
643
31
-65
556
1181
1260
902
277
-545
-1222
-1349
-972
-382
250
612
223
-828
-1723
-1917
-1644
-1142
-309
537
635
-46
-668
-874
-1142
-1487
-1201
-333
48
-420
-853
-857
-1209
-2196
-2852
-2636
-2316
-2422
-2413
-2193
-2749
-4258
-5280
-4970
-4466
-4833
-5325
-5147
-5245
-6516
-7760
-7459
-6406
-6382
-7194
-7342
-6895
-7173
-7983
-7802
-6698
-6433
-7268
-7356
-6044
-5092
-5476
-5642
-4510
-3649
-4364
-4988
-3687
-1868
-1798
-2559
-1786
-89
69
-932
-394
1717
2593
1713
1750
3507
4351
3195
2706
4463
6030
5453
4738
5802
6661
5254
3748
4937
7167
7217
5894
6072
7106
6184
4065
4218
6670
7813
6587
5871
6895
7131
5291
3956
5040
6508
6134
5221
5734
6528
5572
3778
3401
4166
4178
3560
3993
5219
5141
3412
2051
2069
2149
1468
1324
2683
4116
3823
2241
1051
659
341
105
642
1693
2021
1156
-27
-650
-800
-892
-890
-549
50
563
775
775
761
685
260
-376
-346
910
2478
2900
2150
1399
812
-599
-2578
-3246
-2056
-976
-1419
-2263
-2599
-3910
-7055
-9494
-8713
-6459
-6065
-7262
-7628
-7674
-9707
-12523
-12525
-10120
-9581
-11835
-13019
-11597
-11075
-13271
-14715
-13074
-11643
-13182
-14428
-11866
-8400
-8379
-9843
-8319
-5215
-5163
-7113
-5858
-1486
634
-626
-645
1820
2156
-1093
-2582
756
4209
3430
1538
2614
4122
2229
-307
1223
4747
4912
2577
2948
5935
6450
3872
3135
5648
6881
4836
3587
5595
7249
5745
4332
6274
8768
7925
5565
5736
7800
8466
8125
9547
11895
11617
8704
6956
7983
9472
9795
10028
10566
9649
6688
3934
3374
4302
5115
5398
5199
4151
2362
805
130
192
795
1635
1839
1003
248
621
1249
990
780
1914
3208
2884
2190
3515
5803
5993
4530
4762
6882
7578
6278
6128
7463
6292
1716
-1148
846
3605
2713
149
-914
-2647
-7553
-11526
-9504
-4768
-4634
-9049
-11786
-11571
-12977
-16393
-16630
-13147
-12326
-16484
-19427
-17250
-15076
-17506
-20189
-17887
-14106
-14584
-16796
-14887
-10734
-10437
-12744
-11137
-6009
-4336
-7086
-7346
-2705
568
-1194
-3121
-1491
-437
-3284
-5328
-2140
1799
427
-3564
-3918
-1729
-2489
-5533
-5478
-2326
-1228
-2856
-2681
-162
-181
-3824
-5584
-2318
1956
3184
2955
3659
3773
2031
1464
4812
9595
11893
12055
12741
13982
14061
13341
13572
14798
15908
16991
18588
19733
19043
16735
13953
11428
10059
10956
13478
15112
14543
12793
10452
6844
3169
2774
6160
9249
9030
7250
5916
3505
-602
-2393
1042
5782
6608
4973
5331
6682
5138
2639
4703
10256
12389
9775
8561
11277
12942
11145
10689
13524
13095
5402
-2228
-1490
4234
6303
4153
2359
-693
-9452
-19166
-19811
-12115
-7654
-11441
-16206
-16845
-18186
-23209
-25436
-20724
-16339
-19196
-23899
-22687
-19427
-22129
-27619
-26539
-19683
-16167
-17420
-16289
-11732
-10792
-14255
-13611
-6004
105
-666
-2016
1820
5832
4093
647
1672
4416
3353
976
2469
4678
825
-7037
-10535
-8055
-5723
-6351
-6876
-6775
-9643
-14986
-16860
-13135
-8864
-7891
-7808
-6170
-5364
-7517
-9823
-8954
-5993
-3336
-508
3184
5314
3787
1195
1899
6387
11720
15820
18277
18515
16599
15006
16496
20496
23873
24787
23706
21409
18442
16125
15747
16707
17234
16731
15706
13993
11107
8075
6711
7128
7899
8436
8979
8611
6081
2762
1835
3963
6599
8106
9318
10195
8893
5922
5221
8497
12198
13151
13384
15546
17476
16151
13546
12881
12130
7970
3661
5188
10711
12119
6982
646
-3977
-9367
-14578
-13661
-6900
-4059
-10785
-20255
-24480
-25443
-27629
-27942
-22644
-17524
-20259
-27390
-29829
-27550
-27399
-29041
-25610
-17742
-14395
-18060
-20778
-17685
-13532
-11859
-8406
-896
4245
2091
-1702
361
6110
8758
8191
8896
10448
8715
4544
2975
4397
3918
24
-3005
-2709
-2452
-5447
-9775
-12179
-12902
-13633
-13753
-12069
-10240
-10985
-13798
-15414
-14266
-11942
-10164
-8751
-7211
-6230
-6360
-6596
-5579
-3358
-850
1644
4241
6411
7453
7850
9002
11609
15093
18375
20454
20670
19431
18360
18768
20222
21407
21727
21121
19267
16413
14147
13653
13886
13185
11845
11120
10583
8920
6717
5846
6401
6912
7319
8817
10792
10992
9186
7774
8201
9488
10843
12825
15115
15980
15058
14176
14370
14394
13124
11219
9549
8175
7526
8226
9042
7344
2498
-3202
-7375
-9283
-8849
-6802
-6016
-9543
-16496
-22535
-24972
-24758
-23446
-21647
-20967
-23499
-28165
-30910
-29912
-27406
-25406
-23228
-20620
-19509
-20513
-21006
-18830
-15075
-11347
-7333
-3143
-962
-1787
-3000
-1656
1884
5490
8140
9322
8044
4736
2138
2096
3213
3351
2471
1320
-462
-2991
-5045
-6226
-8120
-11319
-13531
-12829
-10732
-9783
-10094
-10614
-11704
-13577
-14089
-11313
-7114
-5002
-5305
-5523
-4712
-4132
-3803
-1991
1292
3532
3638
3817
5974
8760
10204
11094
13212
15789
16725
16502
17634
20281
21682
20639
19341
19386
19190
17407
15931
16542
17178
15075
11644
10264
10697
10031
8211
7878
9037
8874
7268
7439
10078
11784
10953
10413
12119
13888
13930
14201
16301
18108
17805
17413
18801
19668
17267
13159
10523
9472
8614
8475
9452
8887
4331
-2051
-6072
-6900
-6517
-5940
-5605
-7513
-12900
-19026
-21956
-21563
-20646
-20566
-21080
-22887
-26528
-29788
-29808
-27160
-24727
-23484
-22487
-21872
-22389
-22688
-20511
-16210
-12153
-9162
-6461
-4393
-4015
-4341
-3118
-247
2295
3670
4593
4891
3552
1213
-178
-365
-981
-2564
-3887
-4552
-5777
-8056
-10327
-12059
-14050
-16363
-17457
-16447
-14669
-13868
-14122
-14533
-14822
-14974
-14207
-11755
-8430
-6138
-5683
-5939
-5483
-4155
-2498
-544
1832
3924
4960
5698
7780
11241
14192
15478
16056
17040
18130
19052
20642
23008
24258
22980
20547
19055
18363
17211
15873
15291
14760
13015
10734
9468
8892
7657
6187
6062
7204
8216
8924
10073
11165
11215
11075
12371
14692
16394
17494
19093
20745
21212
21002
21139
20398
17171
13267
12126
13717
14813
13806
11423
7390
973
-5199
-6693
-3585
-982
-2350
-6395
-11187
-16607
-21290
-21995
-18583
-15820
-17592
-22449
-26915
-29857
-31199
-29812
-25730
-22022
-21436
-22938
-23771
-23016
-21047
-17593
-12778
-8451
-6213
-5318
-4198
-2625
-898
1408
4198
5970
5855
5095
5001
5016
4257
3297
2735
1686
-557
-2861
-4111
-5289
-7768
-10813
-12793
-13807
-15080
-16622
-17494
-17768
-18170
-18246
-16893
-14614
-13339
-13691
-14093
-13031
-10819
-8502
-6276
-3983
-2276
-1978
-2497
-2081
70
2964
5498
7902
10599
12675
13041
12544
13146
15118
16964
18164
19713
21436
21252
18421
15323
14354
14828
14704
13685
12651
11478
9612
7808
7207
7414
7320
7127
7863
9459
10854
11575
12058
12971
14993
18273
21451
22604
21893
21621
22997
24865
26174
27008
26271
21841
14931
10782
12307
16046
16994
14246
9100
1620
-6771
-11020
-8156
-2950
-2675
-8033
-14299
-19199
-23699
-26551
-25043
-21225
-20914
-25471
-30208
-31967
-32511
-32768
-30913
-25837
-21952
-22254
-23833
-22617
-19081
-15655
-11854
-6281
-1002
599
-766
-958
1911
5849
8809
10845
11999
11132
8225
5655
5500
6790
7014
5457
3366
1260
-1893
-6410
-10583
-12720
-13257
-13660
-14344
-15202
-17070
-20523
-23822
-24266
-21608
-18165
-15702
-14280
-13963
-15001
-15982
-14499
-10478
-6551
-4468
-3416
-2478
-2066
-1934
-494
2607
5612
7583
9710
12410
13792
12758
11269
11606
13440
15353
17085
18417
17916
15019
11757
10395
10627
10831
10691
10738
10537
9250
7309
6075
6288
7775
10067
12529
14417
15346
15472
15436
16513
19853
24606
27942
28331
27496
27658
28616
29461
30581
31267
28209
20492
13601
13440
18069
20481
17861
12502
5395
-3841
-11322
-11287
-5381
-2320
-6447
-13361
-18674
-23531
-28489
-29699
-25946
-23053
-25882
-31124
-32768
-32768
-32768
-32768
-30876
-25564
-22215
-21347
-20112
-17787
-15859
-13616
-8701
-2009
2402
2860
2064
2858
5014
7082
8867
10682
11791
11086
8770
6316
4781
3820
2693
1621
1151
356
-2587
-7582
-12240
-15215
-17635
-19915
-19991
-17268
-15526
-18283
-23334
-25739
-24559
-22434
-20096
-16287
-12302
-11305
-12864
-13033
-10464
-7870
-6621
-4627
-982
1726
1779
1293
2676
5260
7416
9272
11339
12786
12924
12611
12782
13170
13439
13897
14369
14029
12963
12223
11967
11207
9650
8141
7208
6795
7276
8952
10739
11172
10489
10154
10802
12325
15007
18607
21306
21821
21592
22655
24546
25740
26709
28594
30227
29759
28026
26818
25001
20501
15299
13863
16448
18301
16062
10935
4903
-1774
-7897
-10420
-8628
-6184
-6793
-10204
-14335
-18699
-23387
-26802
-27214
-25510
-24211
-24383
-25260
-26264
-27574
-28783
-28515
-25794
-21195
-16430
-13152
-11972
-12106
-11834
-9635
-5397
-678
2468
3305
2998
3126
3921
4537
4604
4521
4421
4006
3420
3105
2639
1074
-1356
-3225
-4035
-4911
-6673
-8651
-10098
-11398
-12987
-14353
-15067
-15713
-16698
-17134
-15990
-13753
-11923
-11264
-11259
-10916
-9589
-7325
-4817
-2786
-1369
-356
247
487
925
2018
3332
4190
4721
5396
6038
6370
6893
7985
8794
8480
7892
8345
9275
9012
7466
6154
5760
5639
5511
5720
5914
5409
4751
4980
5548
5184
4640
6121
9762
13030
14115
13769
13414
13601
14819
17561
20868
22794
22960
22784
22818
22081
20568
19983
20938
21586
20271
17684
15282
13353
11707
10449
8891
5508
453
-3449
-3836
-1790
-365
-1284
-4353
-8849
-13669
-16819
-16662
-13876
-11144
-10755
-12931
-16178
-18613
-19127
-17916
-16099
-14728
-14165
-14066
-13606
-12019
-9527
-7472
-6841
-6945
-6389
-4983
-3690
-2948
-2341
-1847
-2056
-2896
-3423
-3230
-2964
-3070
-3159
-3077
-3524
-4903
-6389
-6844
-6135
-5086
-4736
-5829
-8257
-10598
-11066
-9465
-7544
-6961
-7597
-8321
-8524
-8192
-7250
-5825
-4638
-4234
-4066
-3228
-1889
-1159
-1532
-2222
-2237
-1536
-816
-558
-670
-902
-1234
-1622
-1629
-786
485
936
12
-1217
-1458
-1091
-1481
-2630
-3058
-2261
-1564
-1821
-2019
-1360
-1024
-2075
-3015
-1650
1473
3837
4739
5789
7737
9407
10248
11452
13610
15571
16732
18328
20992
22985
22662
21123
20565
21204
21665
21410
20881
20032
18553
17020
16066
14953
12671
10004
8671
8687
8393
7060
5674
4974
4456
3704
3158
2965
2430
1296
417
334
156
-1179
-3174
-4292
-3955
-3124
-2944
-3528
-4395
-5443
-6800
-7933
-7837
-6491
-5377
-5828
-7358
-8436
-8476
-8112
-7877
-7865
-8474
-10059
-11712
-11895
-10631
-9708
-10207
-11183
-11403
-11049
-10902
-10992
-10947
-10767
-10462
-9759
-8748
-7981
-7475
-6618
-5439
-4744
-4593
-4026
-2865
-2273
-2745
-3110
-2543
-2037
-2692
-3904
-4584
-4891
-5406
-5722
-5309
-4807
-5067
-5833
-6612
-7801
-9435
-9829
-7333
-2998
76
-183
-3409
-7728
-10723
-10295
-6375
-1687
543
-396
-2857
-5200
-6587
-6142
-3480
-162
1285
433
-378
982
4002
6740
8288
9119
9863
10857
12497
15006
17811
19839
20566
20355
19760
19047
18528
18720
19611
20105
18974
16416
14021
12976
12951
13007
12854
12571
11785
10179
8507
8039
8878
9695
9312
7828
6019
4452
3430
3057
2831
1836
-89
-1853
-2422
-2253
-2639
-3843
-4742
-4496
-3762
-3735
-4552
-5383
-5791
-6110
-6488
-6493
-6051
-5935
-6719
-7876
-8603
-8992
-9575
-10242
-10530
-10629
-11064
-11632
-11679
-11300
-11155
-11215
-10873
-10272
-10243
-10735
-10540
-8982
-6799
-4976
-3755
-3156
-3344
-3934
-3924
-2960
-1903
-1679
-2261
-3167
-4143
-4987
-5432
-5613
-5960
-6383
-6273
-5504
-4652
-4133
-3879
-3869
-4039
-3781
-2603
-1191
-611
-645
-322
128
-368
-1488
-1747
-1166
-1405
-2593
-2583
-475
1479
1112
-641
-1717
-1932
-1974
-1292
536
1838
1024
-366
279
2297
2695
1315
1540
5047
9007
10181
9230
8875
9722
10424
10804
12160
14669
16769
17414
17110
16342
14754
12704
11940
13369
15330
15661
14707
14532
15511
15646
13553
10373
8001
6884
6481
6615
7126
7128
5893
3958
2284
975
-142
-468
400
1222
351
-1758
-2925
-2210
-901
-371
-581
-1189
-2443
-4085
-4828
-4097
-3237
-3745
-5152
-5892
-5675
-5616
-6345
-7350
-8195
-9167
-10409
-11368
-11607
-11507
-11710
-12301
-12937
-13422
-13690
-13440
-12299
-10407
-8516
-7360
-7057
-7195
-7344
-7219
-6519
-5086
-3470
-2932
-4288
-6809
-8764
-9165
-8582
-8102
-8074
-8166
-8181
-8214
-8251
-8125
-7814
-7388
-6754
-5866
-5044
-4553
-3962
-2596
-766
184
-469
-1668
-1710
-266
1421
2210
2286
2467
2880
2838
1914
708
384
1457
3100
3748
2535
211
-1462
-1291
354
2100
2954
3043
3075
3378
3645
3592
3554
4141
5429
6764
7520
7823
8351
9481
10786
11432
11075
10435
10819
12844
15565
17195
16816
15155
13625
12937
12844
12821
12470
11465
9683
7484
5537
4314
3896
4133
4652
4913
4699
4513
5009
6032
6752
6810
6716
6964
7357
7504
7400
7146
6668
6181
6321
7176
7708
6920
5214
3761
2808
1627
-79
-1921
-4078
-7425
-11787
-15215
-16029
-14939
-14220
-15224
-17551
-20142
-22156
-22947
-22326
-21014
-20040
-19483
-18489
-16635
-14479
-12575
-10790
-9001
-7676
-7082
-6473
-4810
-2057
808
2810
3560
3156
2120
1213
684
-168
-2092
-4621
-6410
-6810
-6501
-6481
-7096
-8216
-9690
-11218
-12278
-12566
-12235
-11485
-10366
-9183
-8506
-8358
-7874
-6323
-4077
-2082
-735
137
627
866
1559
3464
6306
8970
10915
12628
14467
15919
16480
16573
16911
17399
17366
16612
15542
14445
13274
12068
10955
9652
7578
4686
1746
-459
-1878
-2885
-3555
-3607
-2942
-1949
-1238
-1125
-1329
-1125
14
1821
3451
4421
5167
6473
8458
10376
11391
11353
10800
10392
10442
10860
11403
11987
12754
13846
15074
15882
15742
14660
13277
12351
12084
12031
11740
11290
10991
10606
9309
6550
2764
-1094
-4599
-8132
-12095
-15988
-18469
-18486
-16509
-14589
-14760
-17145
-19758
-20492
-19113
-17110
-15825
-15251
-14572
-13220
-11134
-8480
-5636
-3328
-2398
-3308
-5771
-8644
-10244
-9400
-6685
-4312
-4175
-5944
-7492
-7241
-5702
-4635
-5173
-6996
-8962
-10082
-9978
-8873
-7400
-6349
-6316
-7401
-9147
-10876
-12178
-13057
-13595
-13671
-13121
-11925
-10001
-7068
-3242
392
2524
3178
4003
6560
10658
14751
17612
19157
19911
20328
20587
20524
19708
17924
15558
13119
10549
7634
5008
3829
4124
4269
2761
13
-2309
-3336
-3610
-3847
-4034
-3904
-3561
-3230
-2860
-2342
-1801
-1381
-994
-564
-190
224
1207
3088
5265
6634
6855
6754
7302
8505
9594
10064
10115
10101
9980
9555
8982
8632
8486
8040
7021
5855
5119
4757
4270
3580
3201
3412
3742
3570
2937
2444
2589
3455
4835
6282
7206
7318
6963
6756
6930
7213
7052
5547
1598
-4918
-12002
-16463
-16679
-14113
-11723
-11254
-12375
-13816
-14560
-14156
-12805
-11359
-10708
-10905
-11148
-10579
-8821
-5911
-2456
118
346
-1680
-3959
-4478
-3213
-1801
-1484
-1944
-2077
-1293
69
1164
1252
179
-1566
-3393
-5219
-7249
-9242
-10465
-10613
-10369
-10638
-11481
-12186
-12311
-12193
-12321
-12545
-12165
-10672
-8232
-5472
-2937
-724
1481
4076
7155
10336
12984
14707
15657
16244
16570
16359
15533
14531
13745
12805
10922
7971
4773
2129
-44
-2344
-5047
-8023
-11147
-14172
-16348
-16816
-15556
-13491
-11483
-9594
-7521
-5305
-3264
-1555
-172
786
1262
1542
2113
3245
4932
7051
9268
10955
11758
12247
13475
15654
17671
18247
17290
15789
14618
13855
13200
12522
11841
11034
9891
8422
6920
5675
4658
3584
2356
1390
1331
2353
3848
5004
5592
6038
6729
7510
7963
8016
8041
8331
8631
8363
7328
6059
5275
5054
4817
4255
3834
3850
3194
-117
-6619
-14023
-18894
-19874
-18848
-18717
-20357
-22081
-21848
-19478
-16489
-14225
-12690
-11313
-10230
-10119
-10780
-10620
-8224
-4282
-1239
-709
-1630
-1483
766
3453
4119
2228
-386
-1639
-1250
-502
-389
-603
-356
340
698
266
-531
-1119
-1668
-2843
-4760
-6608
-7516
-7552
-7573
-8117
-8736
-8607
-7640
-6602
-6091
-5731
-4724
-3069
-1754
-1563
-2067
-2162
-1450
-609
-319
-228
607
2421
4257
5002
4657
4267
4503
4650
3390
546
-2374
-3731
-3573
-3469
-4529
-6108
-6774
-6132
-5178
-4896
-5023
-4466
-2672
-258
1703
2794
3538
4659
6223
7608
8269
8350
8423
8755
9100
9238
9448
10232
11667
13196
14112
14113
13414
12418
11373
10294
9102
7795
6473
5225
4054
2911
1797
796
34
-377
-409
-174
104
258
298
336
423
505
550
612
802
1238
2064
3379
5061
6682
7724
7958
7604
7098
6715
6428
6094
5691
5300
4888
4280
3430
2654
2314
2158
1165
-1640
-6072
-10634
-13663
-14672
-14518
-14310
-14295
-13879
-12549
-10527
-8462
-6697
-5115
-3659
-2701
-2611
-3053
-3043
-1893
-2
1529
2085
2148
2622
3700
4567
4304
2892
1214
114
-398
-991
-2191
-3862
-5455
-6622
-7463
-8244
-9012
-9566
-9722
-9535
-9250
-9076
-9052
-9074
-9012
-8834
-8630
-8540
-8587
-8557
-8084
-6907
-5071
-2877
-656
1375
3055
4245
4942
5421
6077
7013
7800
7826
6955
5781
5133
5252
5525
5076
3596
1528
-490
-2229
-3819
-5233
-6047
-5825
-4658
-3144
-1818
-693
560
2066
3490
4337
4412
3934
3302
2813
2608
2711
3028
3342
3430
3247
2976
2855
2949
3094
3056
2751
2314
1996
1966
2160
2299
2065
1351
368
-473
-881
-923
-972
-1362
-2061
-2682
-2835
-2488
-1962
-1582
-1375
-1103
-571
183
1016
1906
2988
4306
5625
6563
6946
6985
7074
7431
7988
8575
9126
9612
9903
9820
9396
8924
8646
8420
7820
6624
5153
4062
3774
4120
4511
4410
3716
2730
1819
1073
277
-815
-2216
-3724
-5137
-6382
-7432
-8195
-8585
-8649
-8547
-8368
-8055
-7523
-6846
-6244
-5905
-5813
-5767
-5564
-5191
-4827
-4629
-4523
-4275
-3779
-3242
-2966
-3001
-3082
-2974
-2766
-2736
-2997
-3345
-3496
-3390
-3210
-3170
-3329
-3575
-3779
-3947
-4238
-4812
-5622
-6385
-6757
-6549
-5779
-4627
-3412
-2520
-2158
-2122
-1917
-1214
-171
769
1368
1762
2216
2846
3595
4343
4908
5067
4712
3996
3227
2607
2150
1840
1716
1758
1799
1683
1445
1223
1020
658
-9
-922
-1872
-2639
-3047
-3010
-2660
-2368
-2475
-2985
-3545
-3785
-3626
-3286
-3060
-3116
-3393
-3594
-3350
-2523
-1406
-550
-294
-456
-502
-37
840
1654
2025
2015
2028
2351
2887
3332
3549
3643
3723
3768
3824
4124
4831
5709
6284
6379
6330
6530
6903
7013
6646
6104
5870
6108
6567
6885
6905
6759
6738
7026
7492
7747
7500
6866
6231
5834
5583
5273
4896
4603
4459
4369
4227
4052
3890
3678
3288
2686
2030
1557
1379
1366
1239
833
255
-241
-533
-744
-1086
-1639
-2329
-3029
-3608
-3936
-3980
-3901
-3924
-4101
-4298
-4469
-4777
-5322
-5864
-6043
-5845
-5640
-5708
-5881
-5812
-5436
-5017
-4810
-4859
-5103
-5475
-5819
-5904
-5651
-5248
-4917
-4651
-4294
-3837
-3459
-3263
-3167
-3089
-3105
-3295
-3520
-3504
-3132
-2555
-2051
-1842
-2042
-2616
-3359
-4016
-4499
-4934
-5417
-5820
-5909
-5612
-5084
-4502
-3949
-3467
-3120
-2906
-2711
-2423
-2075
-1791
-1636
-1563
-1501
-1401
-1209
-888
-493
-165
-2
29
30
63
149
309
535
746
873
960
1105
1307
1441
1428
1349
1334
1407
1510
1648
1882
2198
2506
2786
3167
3769
4534
5254
5763
6044
6179
6302
6557
7002
7525
7918
8110
8259
8553
8966
9284
9353
9196
8898
8477
7937
7374
6922
6593
6264
5838
5358
4918
4517
4068
3564
3133
2905
2815
2636
2205
1592
1003
558
217
-98
-385
-608
-789
-982
-1176
-1320
-1436
-1621
-1881
-2060
-2032
-1916
-1971
-2265
-2568
-2656
-2590
-2622
-2843
-3085
-3164
-3111
-3086
-3174
-3349
-3578
-3851
-4119
-4307
-4426
-4567
-4756
-4877
-4796
-4539
-4247
-4004
-3776
-3553
-3415
-3412
-3418
-3256
-2930
-2667
-2667
-2865
-3002
-2909
-2678
-2531
-2582
-2743
-2853
-2838
-2747
-2653
-2563
-2445
-2314
-2263
-2363
-2578
-2773
-2840
-2779
-2678
-2619
-2594
-2518
-2298
-1919
-1480
-1126
-895
-664
-285
225
694
1009
1253
1558
1886
2044
1950
1756
1646
1600
1449
1137
807
602
482
325
127
-12
-50
-50
-39
63
328
689
1024
1296
1572
1911
2308
2751
3237
3716
4097
4364
4603
4883
5140
5248
5195
5079
4958
4789
4535
4244
3960
3620
3131
2514
1900
1370
900
450
39
-305
-606
-896
-1155
-1348
-1493
-1603
-1621
-1471
-1188
-905
-677
-403
24
546
1019
1382
1683
1940
2093
2101
2012
1871
1640
1264
767
218
-377
-1059
-1798
-2477
-3026
-3495
-3965
-4415
-4727
-4827
-4760
-4640
-4551
-4497
-4391
-4132
-3704
-3209
-2776
-2431
-2095
-1701
-1281
-892
-533
-179
164
468
747
1032
1297
1441
1408
1259
1100
995
930
865
757
594
430
357
409
477
421
245
108
121
203
194
56
-98
-167
-183
-240
-371
-516
-591
-563
-474
-397
-352
-270
-78
181
367
416
432
557
783
982
1101
1237
1480
1790
2065
2275
2463
2637
2770
2848
2866
2774
2527
2206
1965
1839
1677
1342
914
573
364
159
-125
-423
-654
-854
-1094
-1352
-1554
-1703
-1856
-2014
-2108
-2121
-2100
-2044
-1881
-1576
-1211
-862
-489
-13
538
1046
1463
1833
2187
2492
2736
2969
3183
3260
3116
2842
2591
2370
2051
1583
1062
578
90
-455
-983
-1397
-1747
-2186
-2744
-3257
-3590
-3803
-4051
-4363
-4624
-4729
-4700
-4629
-4574
-4537
-4482
-4374
-4213
-4040
-3894
-3737
-3481
-3104
-2713
-2435
-2280
-2146
-1953
-1729
-1558
-1471
-1425
-1350
-1211
-1035
-882
-776
-685
-559
-410
-300
-244
-164
9
240
436
599
845
1261
1787
2290
2709
3103
3544
4044
4558
5024
5407
5711
5981
6262
6540
6760
6892
6963
7000
6983
6871
6667
6402
6077
5650
5101
4465
3805
3154
2501
1818
1098
398
-181
-580
-854
-1121
-1418
-1663
-1785
-1838
-1937
-2095
-2220
-2272
-2332
-2467
-2633
-2741
-2797
-2871
-2982
-3079
-3159
-3290
-3488
-3656
-3709
-3703
-3756
-3867
-3913
-3830
-3693
-3599
-3529
-3387
-3131
-2808
-2477
-2158
-1840
-1525
-1223
-953
-731
-546
-348
-75
245
520
699
854
1088
1397
1655
1772
1768
1724
1666
1560
1396
1213
1059
932
798
639
484
371
312
269
185
48
-92
-179
-215
-268
-379
-512
-590
-581
-526
-478
-463
-467
-478
-500
-557
-678
-865
-1083
-1288
-1471
-1667
-1878
-2046
-2113
-2093
-2057
-2046
-2019
-1912
-1719
-1489
-1256
-1001
-676
-257
229
734
1232
1740
2294
2883
3452
3950
4391
4814
5205
5498
5653
5710
5732
5735
5694
5600
5473
5309
5087
4822
4569
4359
4147
3876
3548
3216
2906
2605
2293
1977
1658
1318
948
572
211
-148
-530
-932
-1331
-1720
-2089
-2404
-2642
-2844
-3091
-3384
-3628
-3752
-3806
-3901
-4051
-4162
-4176
-4149
-4171
-4232
-4260
-4231
-4217
-4279
-4388
-4461
-4450
-4376
-4277
-4166
-4017
-3805
-3524
-3215
-2940
-2721
-2521
-2283
-2011
-1764
-1570
-1381
-1125
-801
-474
-186
83
370
674
959
1197
1388
1548
1689
1830
1975
2102
2179
2204
2208
2220
2229
2213
2178
2138
2077
1962
1780
1562
1347
1139
915
668
421
197
16
-118
-213
-275
-313
-332
-333
-323
-303
-262
-186
-81
33
145
263
394
518
613
694
793
912
1018
1094
1163
1257
1364
1431
1434
1401
1370
1341
1281
1175
1055
969
935
929
927
936
990
1102
1229
1321
1374
1431
1523
1627
1705
1758
1831
1950
2069
2134
2141
2136
2143
2125
2025
1837
1608
1388
1177
941
656
333
5
-305
-610
-938
-1294
-1651
-1979
-2270
-2545
-2809
-3040
-3211
-3329
-3421
-3500
-3550
-3548
-3499
-3429
-3358
-3292
-3228
-3162
-3102
-3056
-3028
-3008
-2968
-2901
-2823
-2760
-2710
-2648
-2561
-2473
-2412
-2377
-2349
-2317
-2284
-2250
-2200
-2122
-2019
-1895
-1748
-1569
-1359
-1121
-847
-539
-207
124
441
754
1078
1411
1734
2019
2250
2428
2566
2689
2803
2894
2939
2938
2913
2877
2820
2726
2595
2441
2277
2107
1937
1782
1663
1601
1598
1634
1688
1767
1899
2087
2284
2436
2539
2627
2713
2769
2760
2707
2654
2618
2570
2473
2332
2187
2060
1930
1766
1562
1345
1143
952
753
544
348
193
80
-18
-119
-213
-268
-276
-270
-284
-320
-348
-343
-311
-269
-230
-196
-150
-83
0
70
106
119
130
125
63
-73
-247
-415
-578
-770
-1004
-1254
-1486
-1693
-1892
-2101
-2317
-2527
-2712
-2867
-2989
-3083
-3140
-3157
-3135
-3084
-3009
-2903
-2764
-2597
-2418
-2244
-2079
-1931
-1807
-1702
-1603
-1507
-1445
-1447
-1498
-1545
-1555
-1544
-1534
-1512
-1449
-1349
-1249
-1158
-1054
-926
-794
-688
-608
-535
-457
-373
-279
-171
-45
93
236
379
511
628
728
822
914
1000
1067
1110
1140
1179
1240
1313
1383
1441
1504
1581
1676
1773
1858
1932
2005
2075
2118
2130
2137
2180
2255
2326
2368
2409
2484
2593
2702
2775
2802
2795
2776
2756
2732
2684
2596
2477
2340
2185
2002
1798
1588
1380
1165
937
702
474
269
95
-51
-178
-289
-380
-438
-471
-492
-508
-512
-498
-476
-458
-457
-466
-484
-516
-576
-666
-770
-875
-989
-1119
-1259
-1396
-1540
-1711
-1909
-2111
-2300
-2480
-2659
-2832
-2990
-3125
-3225
-3272
-3271
-3236
-3180
-3097
-2980
-2837
-2669
-2465
-2225
-1972
-1722
-1457
-1166
-860
-566
-285
6
312
605
853
1057
1248
1441
1613
1732
1787
1796
1775
1721
1642
1557
1471
1366
1226
1067
921
794
669
551
453
373
288
190
99
33
-11
-44
-71
-93
-110
-112
-86
-33
32
94
149
195
235
271
309
341
356
340
292
214
122
35
-40
-118
-209
-307
-396
-481
-571
-659
-729
-778
-824
-870
-900
-897
-859
-798
-727
-650
-560
-442
-296
-134
28
193
361
525
681
833
983
1118
1222
1294
1344
1378
1393
1386
1354
1290
1193
1080
957
813
636
441
250
55
-166
-416
-674
-914
-1126
-1313
-1476
-1620
-1745
-1842
-1906
-1940
-1942
-1910
-1843
-1753
-1644
-1508
-1335
-1132
-911
-685
-464
-259
-65
126
314
485
630
755
869
964
1041
1112
1184
1250
1303
1349
1387
1403
1390
1368
1348
1320
1258
1173
1093
1034
983
930
882
844
812
771
716
662
631
627
625
604
571
551
554
573
610
670
740
789
813
838
885
936
967
975
966
930
864
786
715
644
555
445
331
222
112
3
-98
-183
-260
-343
-439
-531
-597
-632
-669
-725
-783
-811
-801
-771
-734
-693
-654
-623
-585
-526
-461
-415
-383
-339
-282
-249
-255
-272
-270
-257
-271
-329
-423
-533
-643
-747
-858
-1001
-1179
-1375
-1555
-1709
-1848
-1982
-2114
-2233
-2325
-2392
-2450
-2499
-2520
-2498
-2443
-2378
-2312
-2234
-2133
-2005
-1849
-1672
-1496
-1335
-1177
-1011
-839
-677
-523
-375
-247
-148
-62
33
130
217
295
379
460
517
549
585
639
698
748
790
832
880
938
1021
1135
1270
1410
1542
1671
1807
1964
2147
2337
2521
2696
2860
3005
3136
3265
3389
3487
3539
3556
3558
3545
3503
3432
3332
3201
3035
2843
2629
2392
2138
1887
1644
1391
1115
836
586
372
183
6
-170
-350
-526
-661
-741
-788
-841
-902
-942
-942
-923
-910
-905
-897
-879
-855
-841
-846
-867
-890
-909
-930
-969
-1034
-1126
-1235
-1338
-1423
-1513
-1632
-1770
-1889
-1971
-2047
-2137
-2229
-2303
-2355
-2396
-2420
-2417
-2392
-2351
-2293
-2217
-2133
-2039
-1928
-1799
-1665
-1540
-1414
-1276
-1139
-1014
-905
-795
-688
-597
-532
-493
-470
-454
-442
-437
-452
-496
-563
-642
-716
-777
-826
-875
-932
-988
-1034
-1068
-1091
-1094
-1068
-1016
-943
-849
-736
-614
-483
-324
-122
100
312
516
734
971
1211
1449
1686
1912
2112
2292
2472
2652
2808
2928
3029
3122
3196
3244
3278
3303
3311
3298
3269
3237
3198
3143
3074
3003
2940
2883
2816
2733
2650
2586
2536
2475
2390
2300
2218
2135
2037
1933
1831
1722
1588
1442
1301
1155
988
806
624
443
251
51
-148
-351
-567
-784
-986
-1178
-1375
-1569
-1739
-1886
-2022
-2154
-2273
-2377
-2473
-2557
-2628
-2686
-2735
-2766
-2775
-2773
-2771
-2760
-2738
-2716
-2700
-2675
-2626
-2568
-2519
-2470
-2405
-2333
-2271
-2215
-2148
-2074
-2003
-1928
-1835
-1739
-1659
-1590
-1505
-1402
-1303
-1221
-1148
-1070
-990
-910
-829
-766
-728
-697
-639
-562
-499
-469
-450
-411
-355
-302
-260
-229
-194
-133
-45
43
102
144
216
339
482
608
707
804
909
1023
1145
1270
1381
1464
1533
1617
1713
1786
1815
1825
1850
1887
1902
1882
1843
1803
1768
1748
1745
1740
1706
1651
1620
1638
1668
1667
1642
1644
1700
1782
1844
1876
1899
1936
1986
2033
2057
2059
2053
2050
2040
2002
1926
1831
1732
1624
1487
1311
1118
938
769
584
374
172
9
-141
-323
-533
-714
-841
-940
-1041
-1136
-1201
-1249
-1300
-1337
-1340
-1324
-1321
-1332
-1332
-1313
-1297
-1303
-1327
-1358
-1388
-1413
-1442
-1495
-1585
-1703
-1819
-1914
-1993
-2088
-2217
-2364
-2485
-2557
-2613
-2699
-2815
-2909
-2942
-2927
-2901
-2876
-2861
-2845
-2790
-2658
-2483
-2351
-2287
-2202
-2015
-1772
-1583
-1476
-1365
-1185
-968
-779
-634
-501
-365
-227
-90
51
190
308
397
480
600
759
907
994
1049
1152
1329
1511
1632
1709
1807
1945
2099
2252
2399
2514
2590
2674
2807
2941
2997
2984
2999
3071
3119
3078
2998
2947
2899
2800
2666
2556
2461
2321
2130
1958
1835
1713
1538
1336
1168
1046
928
787
640
516
425
357
298
234
161
93
56
49
36
-5
-50
-63
-53
-66
-121
-174
-184
-174
-192
-241
-283
-304
-328
-369
-401
-423
-477
-574
-645
-632
-596
-638
-752
-816
-775
-715
-732
-806
-854
-855
-856
-875
-897
-926
-981
-1034
-1037
-1017
-1052
-1157
-1256
-1292
-1301
-1339
-1406
-1478
-1572
-1687
-1748
-1716
-1701
-1841
-2076
-2181
-2072
-1945
-2025
-2255
-2367
-2245
-2064
-2043
-2174
-2272
-2227
-2097
-1986
-1931
-1910
-1887
-1805
-1620
-1383
-1224
-1188
-1151
-952
-618
-327
-194
-134
12
305
664
952
1097
1161
1302
1602
1950
2147
2167
2197
2387
2643
2768
2728
2671
2698
2759
2767
2723
2648
2534
2393
2302
2287
2248
2074
1821
1664
1660
1661
1516
1276
1125
1133
1175
1113
966
858
848
877
870
814
732
656
625
646
653
555
373
236
208
185
42
-190
-371
-461
-554
-713
-892
-1038
-1166
-1292
-1377
-1412
-1473
-1603
-1711
-1683
-1552
-1462
-1461
-1452
-1335
-1141
-958
-813
-674
-516
-333
-130
76
241
340
415
531
682
790
799
742
709
723
732
667
534
399
297
203
76
-82
-241
-385
-525
-653
-752
-828
-906
-986
-1039
-1050
-1043
-1038
-1019
-975
-919
-872
-826
-759
-687
-639
-607
-557
-474
-396
-360
-354
-349
-336
-329
-326
-324
-341
-394
-464
-499
-490
-491
-540
-596
-591
-530
-482
-481
-475
-410
-306
-219
-153
-62
58
158
220
304
457
621
702
718
783
950
1113
1153
1100
1088
1169
1255
1253
1184
1126
1108
1093
1058
1008
946
871
801
758
722
648
536
437
391
372
326
235
131
54
17
4
-26
-102
-197
-251
-237
-210
-246
-344
-414
-400
-355
-372
-449
-489
-441
-369
-360
-394
-397
-346
-289
-253
-215
-178
-173
-189
-155
-54
24
3
-58
-48
40
103
78
14
-2
50
111
117
61
2
5
70
119
101
57
60
117
174
196
204
219
241
276
334
394
420
413
412
448
494
511
478
420
382
390
405
359
245
141
99
75
0
-113
-196
-244
-310
-408
-487
-528
-571
-636
-684
-698
-713
-759
-808
-810
-768
-726
-717
-735
-753
-735
-690
-661
-676
-703
-690
-648
-637
-668
-692
-669
-626
-613
-635
-665
-672
-643
-595
-563
-564
-564
-518
-437
-363
-312
-255
-175
-83
13
116
209
272
319
388
481
554
575
567
583
640
699
702
636
561
544
569
544
432
311
264
265
229
147
74
33
-2
-35
-45
-51
-90
-140
-136
-71
-19
-26
-54
-54
-19
23
48
40
11
7
56
110
93
14
-38
-20
12
-5
-64
-110
-114
-82
-40
-17
-22
-24
11
79
144
198
251
307
373
476
609
714
754
790
897
1044
1128
1126
1123
1183
1268
1311
1302
1264
1221
1190
1177
1149
1077
983
913
874
821
741
650
564
474
391
335
282
192
81
8
-13
-28
-83
-154
-201
-214
-217
-245
-312
-390
-428
-423
-431
-486
-540
-549
-549
-593
-657
-682
-679
-706
-754
-773
-765
-787
-845
-871
-842
-814
-829
-862
-872
-861
-846
-836
-835
-841
-835
-805
-787
-807
-830
-808
-765
-755
-778
-779
-752
-738
-745
-733
-702
-697
-721
-727
-693
-652
-634
-625
-602
-569
-529
-481
-441
-417
-384
-312
-235
-196
-177
-124
-35
34
64
94
147
198
239
282
329
356
361
379
426
480
523
552
567
576
600
638
649
627
633
712
795
799
752
758
838
915
934
935
966
1014
1046
1068
1088
1104
1115
1133
1153
1159
1150
1131
1096
1054
1036
1037
1001
907
818
799
803
738
601
485
434
397
324
226
135
63
9
-36
-94
-168
-231
-264
-299
-360
-414
-426
-428
-461
-481
-441
-393
-424
-505
-522
-452
-396
-423
-470
-460
-412
-391
-422
-471
-500
-503
-501
-530
-593
-646
-666
-687
-738
-787
-803
-815
-869
-934
-951
-945
-989
-1075
-1117
-1083
-1039
-1044
-1073
-1071
-1024
-953
-889
-855
-836
-786
-688
-596
-556
-535
-471
-371
-292
-236
-167
-92
-52
-36
14
102
165
173
174
217
279
309
293
260
257
309
379
395
341
295
320
372
378
348
351
397
433
447
474
516
533
518
518
550
577
571
556
565
596
629
636
605
557
543
574
593
553
489
470
485
468
411
364
349
335
309
297
304
305
292
287
298
304
296
289
289
292
310
345
372
370
367
394
428
431
417
431
467
477
456
442
449
453
440
429
418
388
346
315
296
268
232
200
167
107
30
-38
-95
-157
-218
-268
-329
-423
-522
-591
-643
-724
-831
-922
-986
-1052
-1129
-1198
-1253
-1311
-1367
-1401
-1420
-1447
-1481
-1494
-1484
-1466
-1448
-1422
-1390
-1351
-1289
-1203
-1129
-1090
-1046
-948
-815
-708
-639
-561
-455
-344
-246
-154
-63
20
102
194
290
367
424
475
527
583
642
698
727
737
772
850
922
934
913
921
967
1001
992
966
953
952
950
943
924
891
856
835
820
791
751
702
647
590
548
520
469
376
285
244
237
203
128
61
34
25
-3
-54
-106
-137
-139
-123
-111
-108
-105
-87
-67
-56
-39
-5
25
32
45
96
161
191
189
203
252
296
301
290
297
324
348
353
341
327
325
331
328
306
283
270
251
211
171
153
138
97
42
10
-1
-31
-92
-158
-202
-235
-269
-312
-363
-419
-468
-507
-557
-623
-685
-726
-766
-827
-885
-910
-916
-939
-975
-988
-977
-969
-976
-977
-961
-943
-926
-904
-867
-819
-757
-681
-607
-542
-473
-393
-316
-255
-192
-110
-23
44
105
183
270
342
393
437
481
524
567
610
647
672
700
731
746
740
733
744
759
757
743
737
739
736
720
696
665
625
587
558
541
527
502
457
396
343
316
298
258
197
149
122
84
20
-44
-81
-100
-125
-161
-196
-232
-273
-310
-333
-339
-342
-347
-358
-370
-381
-387
-394
-406
-415
-406
-386
-375
-390
-405
-398
-373
-353
-351
-350
-339
-327
-327
-335
-334
-324
-315
-313
-310
-297
-280
-268
-256
-237
-208
-184
-173
-164
-141
-107
-82
-74
-66
-45
-13
10
21
31
51
80
117
160
199
217
213
207
213
230
250
266
275
281
289
303
314
318
318
330
350
364
366
366
366
364
364
371
373
358
336
328
332
329
317
302
288
266
243
222
195
156
116
89
66
31
-9
-35
-51
-76
-117
-156
-188
-219
-249
-269
-277
-285
-295
-301
-307
-317
-326
-329
-321
-303
-277
-250
-234
-224
-204
-175
-153
-140
-125
-102
-85
-76
-59
-29
-3
14
31
54
70
75
84
99
106
101
105
122
132
115
92
81
85
91
98
109
111
91
58
25
5
-1
-5
-19
-48
-76
-93
-109
-139
-174
-201
-222
-250
-277
-285
-283
-295
-322
-347
-355
-354
-357
-359
-356
-348
-338
-330
-315
-291
-261
-234
-218
-207
-183
-141
-93
-57
-30
0
36
76
112
145
178
219
263
297
318
335
356
380
402
424
450
485
519
541
551
548
543
543
553
570
582
575
547
522
519
534
539
515
475
444
428
414
392
364
334
301
264
220
175
136
109
85
51
9
-32
-74
-122
-169
-201
-221
-247
-286
-319
-338
-356
-383
-415
-442
-461
-468
-463
-457
-462
-470
-467
-460
-462
-461
-447
-430
-430
-434
-420
-385
-355
-336
-315
-285
-264
-251
-233
-208
-189
-183
-179
-168
-156
-141
-125
-117
-120
-117
-98
-82
-87
-103
-100
-75
-61
-72
-101
-129
-148
-157
-163
-179
-206
-232
-241
-237
-229
-224
-230
-248
-270
-282
-289
-302
-311
-300
-274
-264
-275
-282
-269
-251
-231
-195
-145
-104
-82
-61
-25
7
28
56
108
166
206
238
286
352
413
452
484
529
582
626
653
673
702
736
766
785
805
833
858
869
866
861
860
860
853
839
822
801
767
720
670
623
576
528
486
459
432
380
302
228
177
137
85
18
-50
-115
-176
-229
-273
-308
-342
-380
-425
-480
-531
-560
-564
-564
-587
-625
-647
-637
-614
-606
-615
-624
-621
-608
-588
-556
-514
-484
-471
-457
-423
-387
-368
-352
-313
-261
-229
-219
-199
-163
-140
-140
-132
-97
-64
-59
-67
-63
-56
-61
-71
-68
-59
-64
-78
-91
-105
-135
-180
-219
-236
-235
-242
-270
-306
-327
-329
-333
-354
-379
-388
-382
-385
-404
-426
-430
-414
-387
-364
-348
-333
-307
-272
-239
-207
-167
-121
-80
-43
3
57
106
157
228
304
355
384
429
499
568
617
665
723
781
822
852
879
900
919
949
985
1003
1001
1001
1016
1022
1000
971
952
937
911
881
856
825
777
719
668
624
573
511
454
408
361
294
209
136
87
46
-20
-103
-175
-223
-259
-301
-344
-383
-416
-449
-484
-520
-558
-588
-599
-604
-621
-652
-672
-670
-663
-667
-673
-666
-651
-635
-620
-602
-583
-563
-537
-504
-476
-462
-453
-440
-415
-387
-363
-347
-333
-316
-293
-270
-251
-238
-230
-217
-198
-180
-174
-177
-174
-162
-150
-148
-152
-151
-152
-163
-174
-175
-174
-181
-188
-178
-157
-152
-163
-173
-177
-182
-191
-188
-167
-146
-139
-135
-122
-104
-91
-80
-62
-40
-26
-21
-8
24
65
95
116
139
168
202
237
275
311
338
357
380
407
434
452
469
488
511
535
561
579
581
582
595
610
608
595
597
615
617
588
561
558
559
536
498
472
457
432
399
372
350
312
264
222
196
172
140
107
71
26
-24
-56
-63
-72
-108
-156
-180
-180
-190
-222
-249
-256
-269
-304
-337
-336
-315
-312
-329
-340
-331
-317
-309
-296
-281
-276
-282
-277
-262
-251
-246
-230
-204
-183
-177
-174
-163
-148
-137
-128
-121
-119
-120
-122
-124
-127
-125
-120
-127
-148
-161
-147
-128
-137
-166
-186
-186
-187
-197
-206
-206
-210
-234
-266
-285
-285
-284
-296
-316
-324
-314
-302
-302
-309
-310
-303
-296
-279
-244
-208
-195
-200
-195
-169
-144
-131
-112
-76
-39
-17
-3
19
47
73
102
141
183
216
240
260
277
292
315
348
377
390
395
413
434
439
427
422
436
453
455
446
433
419
399
381
381
391
388
362
323
294
277
263
247
232
221
209
188
155
119
95
87
83
64
38
27
33
32
10
-25
-45
-43
-32
-27
-30
-37
-46
-56
-63
-60
-42
-14
12
27
27
20
17
21
31
35
32
32
44
59
64
58
51
48
49
58
71
74
61
48
53
60
48
23
7
0
-15
-39
-59
-74
-94
-115
-123
-128
-149
-182
-203
-211
-225
-250
-269
-275
-286
-306
-315
-311
-311
-327
-338
-338
-339
-347
-349
-341
-332
-331
-325
-314
-314
-323
-313
-277
-243
-236
-241
-226
-190
-151
-124
-107
-100
-97
-85
-55
-22
-5
-2
2
12
25
38
53
71
85
94
103
112
118
119
122
127
134
145
158
161
145
121
107
108
113
114
113
115
109
98
92
100
107
97
75
63
73
91
99
92
83
84
96
111
122
126
128
126
122
119
117
121
136
162
180
176
165
165
175
180
186
204
228
233
224
228
240
226
189
178
210
239
220
172
148
157
164
153
139
127
102
70
47
42
48
46
33
13
-9
-33
-59
-85
-100
-97
-95
-117
-150
-166
-162
-170
-201
-224
-216
-201
-207
-225
-221
-198
-183
-187
-191
-181
-167
-161
-161
-159
-151
-143
-142
-145
-144
-136
-129
-119
-100
-77
-67
-75
-78
-63
-43
-34
-29
-22
-21
-39
-54
-48
-37
-45
-67
-80
-73
-71
-86
-108
-126
-138
-149
-160
-164
-163
-160
-163
-180
-203
-212
-200
-182
-183
-205
-231
-238
-221
-195
-181
-184
-189
-185
-179
-174
-159
-128
-99
-84
-77
-55
-23
-5
3
28
76
116
124
119
136
183
237
272
288
299
319
344
364
383
414
448
458
438
429
454
488
497
491
497
508
503
492
508
538
544
514
488
482
473
447
427
425
424
405
382
376
373
350
309
275
255
243
229
213
191
169
147
123
93
67
59
67
68
47
16
-8
-28
-55
-81
-94
-99
-107
-122
-140
-160
-182
-199
-201
-196
-198
-214
-234
-256
-274
-284
-281
-272
-274
-290
-314
-336
-355
-371
-381
-390
-396
-391
-382
-392
-432
-473
-477
-454
-445
-469
-498
-502
-488
-481
-490
-504
-507
-501
-493
-495
-515
-536
-540
-518
-493
-488
-503
-517
-508
-481
-451
-431
-426
-422
-406
-380
-362
-358
-354
-336
-305
-273
-245
-209
-170
-142
-130
-118
-87
-43
-5
18
32
47
68
99
135
160
169
183
227
286
329
346
364
394
419
426
427
437
454
472
496
524
544
547
545
549
557
562
565
575
587
590
584
574
571
573
572
558
539
528
525
521
511
498
482
466
454
451
435
390
339
325
343
344
309
276
278
289
271
231
198
180
171
164
146
101
43
14
24
28
-1
-37
-50
-55
-82
-112
-119
-114
-128
-157
-172
-174
-183
-207
-235
-264
-295
-316
-320
-317
-323
-331
-333
-342
-369
-400
-410
-407
-418
-447
-470
-466
-449
-443
-460
-485
-495
-482
-464
-460
-469
-472
-458
-440
-430
-430
-434
-440
-443
-438
-419
-397
-384
-381
-371
-343
-313
-293
-281
-258
-227
-207
-202
-194
-168
-135
-106
-77
-50
-37
-37
-24
14
51
66
77
114
165
197
205
215
238
261
272
272
268
267
279
299
311
312
318
339
361
371
381
396
407
408
412
427
440
440
440
438
419
383
361
367
384
388
381
367
340
314
321
356
374
351
312
291
288
291
296
293
271
244
238
245
229
190
171
184
189
155
108
84
86
87
77
57
33
12
-5
-29
-60
-73
-60
-46
-61
-91
-102
-103
-131
-177
-199
-189
-182
-201
-221
-223
-222
-235
-256
-268
-270
-273
-277
-274
-269
-265
-266
-270
-275
-276
-270
-268
-277
-289
-291
-279
-257
-235
-221
-217
-218
-214
-205
-194
-187
-178
-169
-161
-152
-138
-126
-121
-124
-126
-126
-124
-120
-118
-114
-106
-91
-78
-76
-77
-67
-48
-40
-49
-58
-58
-57
-57
-50
-32
-24
-34
-50
-54
-49
-41
-25
-10
-7
-15
-11
4
13
13
30
65
77
53
37
66
108
110
79
70
100
130
129
112
110
129
151
171
193
213
222
223
221
219
210
199
201
226
254
256
232
214
220
232
224
207
202
207
201
181
169
172
175
172
169
168
158
146
144
147
135
104
79
73
75
77
72
52
12
-24
-24
0
4
-23
-49
-52
-48
-58
-67
-64
-53
-47
-41
-44
-72
-111
-119
-78
-41
-59
-112
-135
-106
-67
-61
-82
-95
-85
-69
-61
-59
-60
-66
-83
-94
-82
-57
-43
-43
-34
-7
13
7
-14
-22
-16
-12
-17
-29
-38
-38
-30
-27
-37
-50
-48
-34
-31
-39
-44
-33
-12
5
0
-32
-70
-80
-52
-30
-48
-83
-93
-75
-60
-57
-47
-28
-21
-28
-34
-28
-22
-17
-12
-2
12
38
64
67
51
53
89
122
131
142
177
204
189
165
176
212
232
230
234
247
255
268
300
326
314
283
278
307
334
338
329
318
306
305
317
318
285
242
222
230
232
207
171
145
127
113
106
103
93
71
48
31
16
-6
-34
-57
-69
-82
-105
-137
-155
-150
-141
-151
-174
-187
-189
-199
-221
-240
-246
-246
-249
-253
-260
-276
-290
-280
-254
-243
-255
-256
-225
-188
-179
-187
-186
-185
-204
-228
-219
-187
-179
-204
-222
-206
-180
-171
-168
-164
-169
-187
-188
-164
-144
-158
-180
-179
-160
-143
-130
-115
-108
-114
-120
-114
-100
-90
-86
-98
-130
-157
-148
-118
-108
-122
-126
-102
-73
-54
-39
-27
-28
-32
-15
14
21
8
13
44
65
57
44
41
41
45
63
89
103
106
112
113
98
90
105
121
115
103
114
132
118
85
83
114
132
120
103
97
91
82
74
67
54
35
19
3
-15
-25
-29
-37
-49
-51
-37
-27
-36
-53
-64
-77
-98
-125
-152
-170
-169
-159
-164
-190
-206
-191
-174
-184
-203
-199
-184
-187
-204
-208
-203
-208
-219
-217
-215
-233
-257
-256
-224
-189
-171
-177
-193
-196
-172
-148
-158
-182
-170
-129
-110
-132
-143
-112
-68
-48
-44
-33
-18
-12
-9
-2
-2
-4
1
12
26
48
78
94
94
104
135
151
134
128
166
211
206
174
170
199
219
216
213
220
221
211
197
185
183
205
231
229
200
181
185
187
178
186
214
227
210
189
181
170
148
132
115
83
59
70
86
59
4
-14
9
17
-5
-26
-35
-56
-85
-88
-72
-73
-96
-114
-123
-138
-148
-137
-133
-164
-210
-229
-229
-237
-244
-228
-215
-238
-279
-288
-266
-250
-249
-239
-222
-211
-197
-168
-142
-144
-158
-154
-139
-142
-157
-152
-110
-57
-22
-20
-37
-39
-5
40
53
43
55
108
164
188
195
214
244
267
282
296
305
307
316
341
365
377
385
400
416
419
406
395
395
402
410
415
412
408
409
415
409
392
383
392
396
376
346
335
332
310
269
230
193
152
118
109
98
60
20
22
46
26
-42
-96
-113
-135
-186
-237
-259
-269
-276
-279
-295
-340
-385
-396
-398
-434
-479
-481
-458
-475
-528
-561
-572
-602
-634
-621
-588
-593
-614
-592
-545
-535
-553
-543
-516
-519
-534
-515
-488
-495
-504
-464
-416
-423
-451
-427
-371
-343
-335
-305
-268
-266
-272
-250
-220
-203
-170
-108
-69
-69
-54
0
40
41
57
108
132
110
103
134
143
106
81
100
122
119
121
126
114
107
138
170
157
140
175
214
190
153
179
224
212
172
170
174
129
86
100
105
44
-7
21
55
17
-32
-22
-11
-55
-86
-49
-16
-36
-40
10
35
-2
-3
70
100
33
-19
7
19
-39
-78
-50
-39
-92
-124
-98
-89
-121
-125
-86
-70
-69
-14
68
77
29
