0
-1
0
0
1
0
-1
-2
-1
0
-1
0
-1
0
-1
0
0
1
-1
-1
0
0
0
-1
1
-1
-1
0
0
0
-1
0
1
1
-1
-1
1
0
0
0
-1
0
0
1
0
0
0
-1
0
-1
0
-1
0
-1
0
0
-1
1
0
0
0
0
-1
0
0
-1
0
0
-1
-1
-1
-1
0
-1
0
0
0
0
0
0
0
0
0
0
-1
0
0
0
-1
0
0
0
0
-2
-2
0
-1
0
0
0
0
0
0
-1
-1
-2
-1
0
0
-1
0
1
0
0
0
0
0
-1
0
0
-1
0
0
-2
-1
-1
0
0
1
0
0
-1
0
0
-1
-1
0
-1
0
0
-1
-1
-1
1
0
-1
0
1
0
-1
-2
-1
-1
-1
-1
-2
-1
-1
0
0
1
0
0
0
0
0
0
0
0
-1
0
1
1
0
0
0
1
0
0
2
1
0
0
0
1
1
0
0
0
0
1
0
1
0
0
-1
-2
-1
0
0
-1
-2
-1
-2
-1
0
0
1
1
1
0
0
1
1
-1
0
0
1
-1
0
2
0
0
0
0
-1
0
0
1
1
1
0
0
0
1
1
0
-1
-1
0
1
2
2
0
0
1
1
2
1
2
1
1
1
2
0
1
1
1
2
1
1
1
0
1
1
1
1
2
1
0
0
0
0
0
1
-1
-1
0
0
0
0
0
-1
0
-1
-1
0
-1
0
-1
-2
-1
-1
-1
-1
0
0
-1
-1
0
0
0
0
0
0
-1
0
0
0
-1
0
-1
0
0
0
0
-1
0
1
0
0
-1
-1
0
0
0
-1
-1
0
0
0
0
0
0
-1
-1
0
0
0
-1
-1
-1
-1
-1
-1
-1
0
-1
-1
0
-1
0
1
1
0
0
1
0
1
0
0
1
0
1
0
0
1
1
0
-1
0
0
0
-1
-1
-1
0
-1
-1
0
0
0
0
0
1
0
0
1
-1
0
-1
0
0
-2
0
-1
0
0
-1
0
0
0
-1
-1
0
1
1
0
0
0
1
0
0
-1
-1
0
0
0
0
1
0
0
-1
0
-1
0
0
0
0
0
1
0
0
0
0
-1
0
0
0
-1
-1
-1
-1
-1
-2
-1
0
0
0
0
-2
-1
0
0
-1
-1
-1
0
-1
-1
0
-1
0
1
1
0
-1
0
-1
0
0
0
-1
0
0
-2
-1
0
0
1
0
-1
1
0
-1
1
2
1
1
0
0
0
1
1
1
0
1
0
1
2
1
0
0
0
1
0
1
0
0
1
0
0
0
-1
0
1
-1
0
-1
0
1
0
1
0
1
0
-1
1
0
0
0
0
1
0
0
-1
1
1
0
0
1
1
0
0
0
0
1
1
1
2
1
0
1
-1
2
2
1
0
0
0
0
0
1
2
1
2
1
1
1
2
1
0
1
2
2
1
1
1
1
1
1
1
0
1
2
1
0
0
0
0
0
-1
-1
0
-1
0
0
0
0
-1
0
1
0
1
0
0
1
0
0
0
0
0
0
0
0
1
1
0
0
0
0
1
-1
0
-1
0
0
-1
-1
0
-2
-1
0
1
0
1
1
1
1
0
-1
0
0
-1
0
0
-1
-1
-1
1
0
0
0
0
0
0
0
0
-1
-1
-1
-1
0
-1
0
0
0
0
0
-1
0
0
1
1
0
1
1
1
1
0
1
0
0
1
0
0
1
0
0
0
0
-1
0
0
0
-1
-1
0
0
1
0
0
-1
1
0
0
0
0
-1
0
0
0
1
0
0
0
1
0
0
-1
-1
0
0
0
-1
0
1
1
0
0
0
1
-1
-1
-1
-1
-1
0
1
-1
0
-1
0
-1
-1
0
1
1
0
0
1
0
0
0
0
1
0
0
0
0
0
0
0
-1
-1
-1
-1
0
1
1
1
0
-1
0
0
0
1
0
-1
1
-1
0
0
0
0
1
0
0
0
0
-1
-1
-1
-1
-1
-1
-1
-1
-1
-2
-1
0
1
0
-1
0
0
1
0
1
0
1
1
1
0
2
0
1
0
1
1
1
2
1
1
0
0
1
0
0
0
-1
-1
0
0
-1
-1
0
0
0
-1
0
1
-1
0
0
-1
0
0
0
-1
0
1
0
-1
-1
1
0
-1
-1
1
1
0
1
0
0
0
0
1
2
1
1
1
-1
2
2
1
0
0
1
1
1
1
0
0
1
1
3
2
2
1
1
1
2
1
2
1
2
1
1
2
1
1
0
1
1
1
1
0
1
1
0
0
0
0
0
-1
-1
-1
0
0
0
0
0
-1
-1
0
0
-1
0
0
1
0
0
0
0
0
0
0
0
0
2
0
-1
-1
0
-1
0
0
-1
-1
-1
0
0
0
1
1
-1
0
0
0
0
0
1
-1
-1
0
0
1
1
0
-1
-1
0
0
0
0
0
-1
0
-1
-2
-1
0
0
-1
-1
0
0
-1
-1
0
-1
0
-1
1
1
1
1
-1
-1
-1
-1
1
1
1
-1
0
-1
-1
-1
0
0
-1
0
0
0
1
-1
-1
0
0
0
0
0
1
0
-1
-1
1
0
0
0
0
1
1
0
0
-1
0
0
-1
0
0
0
0
2
0
0
1
1
0
0
-2
-1
1
1
0
-1
0
0
-1
0
-1
0
-1
0
-1
0
0
0
0
0
0
0
0
-1
0
-1
-1
0
-1
-1
0
0
-1
0
0
0
0
-1
-1
-1
-1
-1
0
-1
0
0
0
0
-1
-1
-1
0
1
0
-1
0
0
-1
0
-2
-1
0
0
-1
-1
-1
-1
0
0
0
0
1
1
2
1
1
0
1
1
0
1
0
1
0
1
1
1
-1
0
1
0
1
-1
0
0
0
0
0
0
-1
-1
-1
0
-1
0
-1
-1
-1
-1
0
-1
-1
-1
0
0
1
0
-1
0
1
1
-2
-1
0
0
-1
-1
0
0
0
1
-1
-1
0
0
1
1
0
1
1
0
1
1
0
0
-1
0
1
0
1
0
2
2
1
1
2
1
1
1
1
1
2
3
1
1
2
2
1
1
0
1
0
0
0
1
1
0
0
1
-1
-1
0
0
0
0
0
-1
-1
-1
0
-1
-1
-1
-1
0
0
-2
-2
-2
0
0
0
-1
0
-1
-1
-1
1
1
0
0
-1
0
-1
0
-1
0
0
0
0
2
1
1
1
0
1
1
0
2
1
2
0
1
0
1
2
1
1
2
0
1
1
1
2
1
0
1
0
-1
0
0
1
0
0
0
-1
0
-1
-1
0
0
-1
-1
0
-1
-2
-3
-2
-2
-2
-2
-3
-3
-3
-3
-4
-4
-3
-2
-3
-3
-3
-4
-3
-3
-3
-3
-3
-3
-2
-2
-2
-1
0
-1
-1
1
0
1
0
0
1
3
2
2
1
3
2
3
3
4
3
4
3
3
4
4
4
4
4
2
2
3
5
5
4
3
2
4
3
3
2
3
1
1
0
0
1
0
0
-1
-1
-1
-1
-2
-3
-3
-4
-3
-4
-4
-5
-5
-4
-5
-4
-5
-5
-5
-5
-5
-6
-5
-5
-5
-5
-4
-5
-6
-4
-4
-4
-4
-4
-3
-4
-3
-3
-3
-1
-2
-1
-1
0
0
1
2
3
3
2
2
4
5
5
5
4
6
5
6
5
5
5
5
5
6
6
5
5
5
6
5
6
3
4
4
4
4
3
2
3
2
1
0
-1
0
-1
0
-1
-2
-1
-3
-3
-4
-4
-5
-4
-4
-5
-4
-4
-5
-7
-6
-5
-6
-6
-4
-4
-6
-5
-4
-5
-4
-3
-3
-3
-2
-3
-3
-4
-4
-2
-2
-2
-2
0
-1
-1
0
1
0
1
3
3
4
4
4
6
5
6
7
8
7
7
8
8
8
7
7
7
6
6
6
5
5
4
3
2
2
0
-1
0
-2
-3
-4
-4
-4
-5
-5
-6
-5
-5
-5
-5
-6
-4
-6
-5
-5
-5
-5
-4
-3
-2
-2
-2
-2
1
1
0
0
0
2
1
2
1
1
1
0
0
1
0
-1
-2
-2
-4
-4
-6
-7
-8
-8
-9
-10
-10
-11
-12
-13
-13
-13
-14
-13
-14
-15
-14
-14
-14
-13
-13
-12
-11
-11
-11
-9
-10
-9
-8
-8
-7
-6
-6
-6
-7
-7
-6
-6
-6
-8
-8
-8
-8
-9
-10
-10
-10
-10
-12
-12
-12
-11
-12
-13
-12
-10
-9
-8
-9
-5
-3
-2
1
4
7
10
13
14
18
22
25
29
32
35
38
41
44
47
48
49
51
53
54
54
55
55
55
55
53
52
50
48
46
43
41
40
38
35
32
30
27
26
23
22
19
17
15
13
13
12
11
11
10
9
8
8
6
4
3
2
1
0
-3
-5
-8
-11
-14
-17
-20
-25
-29
-34
-40
-44
-50
-54
-60
-66
-71
-75
-81
-84
-87
-91
-93
-95
-98
-99
-98
-97
-97
-94
-91
-86
-81
-76
-70
-63
-54
-45
-37
-27
-19
-9
1
11
19
26
35
43
48
55
60
64
67
70
72
74
73
72
69
66
63
58
52
46
42
35
27
20
13
6
0
-8
-14
-21
-26
-30
-35
-39
-41
-42
-44
-45
-45
-45
-43
-42
-39
-36
-33
-29
-24
-20
-18
-13
-8
-4
0
5
9
13
15
19
22
23
29
29
33
37
37
39
40
43
48
50
52
54
58
64
69
74
79
84
89
93
99
104
107
109
110
112
113
114
111
108
103
98
91
83
73
62
50
38
25
9
-5
-20
-36
-50
-65
-79
-91
-104
-116
-127
-137
-146
-153
-159
-163
-165
-167
-167
-167
-166
-163
-157
-150
-146
-138
-131
-124
-111
-102
-90
-79
-68
-56
-43
-30
-16
-3
10
21
34
46
58
68
79
90
98
105
112
117
121
122
123
122
121
118
112
106
97
90
80
70
59
50
40
29
17
7
-2
-10
-16
-23
-30
-34
-38
-41
-42
-42
-40
-41
-39
-36
-32
-28
-25
-21
-19
-16
-14
-13
-10
-10
-10
-14
-19
-21
-26
-33
-41
-50
-58
-70
-84
-99
-111
-124
-137
-153
-167
-180
-193
-205
-216
-225
-233
-239
-244
-247
-247
-246
-242
-234
-227
-217
-204
-191
-172
-154
-137
-116
-99
-79
-58
-38
-17
3
20
37
53
70
86
102
115
128
140
153
165
176
187
199
212
227
239
253
265
279
294
309
324
339
354
370
383
396
409
423
435
444
453
460
467
471
473
474
471
466
459
448
437
421
403
384
363
340
313
283
251
215
177
138
96
53
12
-33
-79
-123
-169
-212
-256
-297
-336
-376
-409
-442
-471
-498
-521
-540
-556
-567
-576
-578
-579
-576
-572
-563
-552
-541
-529
-515
-500
-484
-471
-459
-448
-434
-422
-412
-401
-394
-388
-383
-382
-381
-382
-381
-381
-382
-384
-387
-393
-395
-397
-396
-397
-396
-391
-389
-382
-373
-362
-346
-331
-309
-287
-261
-230
-200
-169
-138
-106
-70
-38
-4
29
68
107
143
179
218
259
304
345
391
441
485
529
578
625
666
711
755
798
844
888
923
959
987
1016
1046
1069
1090
1109
1126
1144
1156
1167
1175
1181
1187
1186
1180
1169
1152
1134
1111
1086
1059
1027
985
940
887
832
770
702
634
560
484
407
328
249
173
100
27
-43
-118
-194
-270
-340
-407
-469
-521
-571
-614
-653
-691
-727
-763
-795
-830
-854
-877
-898
-918
-938
-953
-966
-979
-988
-1000
-1010
-1020
-1034
-1046
-1055
-1065
-1076
-1097
-1116
-1135
-1153
-1171
-1187
-1202
-1215
-1226
-1236
-1241
-1247
-1247
-1242
-1233
-1217
-1199
-1171
-1134
-1082
-1024
-959
-889
-811
-726
-633
-533
-426
-315
-203
-88
23
133
239
342
439
532
616
695
771
835
890
934
970
1001
1022
1040
1053
1059
1062
1054
1039
1017
991
958
921
879
830
785
735
682
623
562
504
447
392
334
286
234
184
140
98
64
31
-1
-22
-37
-43
-49
-52
-49
-40
-30
-13
13
41
79
121
166
213
262
310
367
421
473
518
561
607
649
689
726
758
790
816
838
850
860
864
865
863
855
847
835
828
818
808
796
779
753
721
688
648
608
571
534
499
458
415
369
317
263
209
154
97
39
-23
-84
-145
-214
-282
-352
-419
-491
-564
-642
-726
-810
-903
-998
-1097
-1199
-1304
-1410
-1519
-1633
-1742
-1846
-1949
-2046
-2133
-2210
-2278
-2336
-2380
-2414
-2433
-2439
-2423
-2383
-2318
-2235
-2134
-2018
-1889
-1737
-1572
-1395
-1205
-1011
-809
-607
-411
-215
-26
157
332
493
641
782
906
1011
1106
1185
1253
1309
1349
1379
1391
1390
1377
1353
1318
1272
1218
1159
1096
1027
955
876
796
711
626
545
467
399
332
271
214
155
109
67
29
-1
-32
-52
-76
-94
-116
-127
-133
-140
-148
-151
-146
-146
-144
-140
-127
-123
-122
-113
-99
-83
-54
-14
24
70
114
154
212
274
347
421
489
561
639
722
810
906
999
1093
1181
1266
1345
1419
1489
1548
1597
1632
1657
1673
1680
1675
1660
1641
1609
1566
1512
1443
1365
1284
1200
1118
1026
929
822
710
597
485
379
270
164
60
-42
-147
-253
-354
-456
-549
-637
-724
-807
-893
-978
-1067
-1151
-1228
-1300
-1368
-1437
-1512
-1584
-1655
-1732
-1806
-1874
-1934
-1995
-2057
-2113
-2170
-2220
-2262
-2294
-2323
-2342
-2348
-2331
-2294
-2246
-2187
-2115
-2023
-1919
-1808
-1679
-1533
-1378
-1218
-1052
-875
-699
-523
-354
-187
-20
136
277
413
545
668
774
873
969
1053
1118
1168
1215
1254
1277
1293
1305
1317
1317
1305
1291
1276
1248
1209
1172
1138
1103
1059
1012
965
913
847
773
715
660
601
535
474
417
352
281
221
177
134
90
46
25
4
-26
-48
-59
-68
-81
-93
-95
-85
-70
-44
-14
27
63
100
149
211
282
346
421
502
582
655
731
820
910
995
1077
1160
1235
1296
1348
1398
1447
1480
1493
1502
1504
1495
1472
1454
1450
1438
1396
1335
1276
1218
1148
1071
996
924
836
729
624
535
447
342
223
110
9
-106
-236
-359
-469
-583
-704
-822
-918
-1010
-1116
-1231
-1333
-1416
-1502
-1598
-1686
-1769
-1859
-1955
-2046
-2125
-2200
-2283
-2360
-2429
-2492
-2545
-2590
-2626
-2645
-2638
-2621
-2602
-2566
-2503
-2415
-2317
-2204
-2056
-1882
-1701
-1524
-1320
-1088
-858
-643
-429
-194
37
241
428
619
803
951
1067
1186
1316
1416
1469
1510
1562
1593
1585
1566
1571
1569
1526
1458
1399
1346
1259
1140
1047
977
892
777
665
571
467
340
223
143
80
1
-85
-149
-201
-250
-311
-352
-375
-396
-424
-448
-448
-439
-438
-435
-416
-401
-395
-388
-360
-328
-298
-256
-204
-152
-95
-39
22
94
172
251
347
446
535
628
719
818
928
1038
1145
1245
1340
1437
1534
1616
1689
1757
1821
1864
1879
1899
1930
1939
1913
1890
1875
1830
1746
1652
1585
1511
1393
1251
1140
1055
933
782
657
554
422
252
111
16
-99
-254
-413
-530
-625
-752
-906
-1018
-1089
-1199
-1365
-1485
-1543
-1645
-1813
-1934
-1986
-2066
-2208
-2321
-2378
-2458
-2559
-2631
-2690
-2747
-2790
-2818
-2828
-2803
-2738
-2696
-2696
-2661
-2548
-2404
-2291
-2154
-1943
-1723
-1559
-1375
-1113
-846
-635
-446
-213
49
264
424
584
771
933
1029
1115
1240
1353
1396
1395
1435
1514
1538
1480
1443
1482
1496
1402
1300
1283
1254
1126
1002
990
1001
894
721
630
612
568
466
374
358
337
219
98
90
131
84
-45
-100
-58
-85
-202
-278
-233
-185
-242
-308
-292
-237
-249
-277
-236
-155
-122
-125
-74
36
154
201
199
257
388
511
591
685
809
885
902
964
1116
1270
1331
1358
1466
1585
1598
1595
1669
1710
1665
1656
1733
1747
1632
1519
1484
1449
1379
1325
1294
1203
1026
866
798
756
655
548
513
429
264
161
97
-55
-218
-255
-278
-422
-553
-603
-737
-937
-1015
-1028
-1147
-1287
-1331
-1451
-1688
-1786
-1775
-1936
-2168
-2189
-2149
-2322
-2536
-2522
-2502
-2727
-2913
-2788
-2596
-2619
-2722
-2693
-2609
-2610
-2563
-2316
-1983
-1784
-1719
-1572
-1305
-1083
-910
-654
-337
-85
108
321
526
666
771
895
1053
1249
1441
1557
1586
1586
1591
1600
1657
1768
1856
1852
1756
1622
1526
1486
1461
1433
1402
1340
1195
1011
894
829
712
600
553
495
391
277
140
-65
-232
-217
-175
-254
-321
-352
-522
-757
-771
-622
-607
-691
-638
-541
-588
-625
-539
-488
-525
-462
-250
-86
-23
21
26
11
133
368
542
610
680
764
803
886
1067
1194
1201
1230
1359
1489
1521
1517
1535
1503
1477
1601
1708
1601
1459
1474
1502
1418
1391
1459
1387
1184
1134
1211
1159
984
881
859
838
752
587
440
372
236
21
-22
62
-125
-551
-708
-609
-730
-1005
-1068
-1099
-1386
-1632
-1613
-1672
-1897
-2000
-2054
-2293
-2516
-2517
-2503
-2687
-2828
-2830
-2949
-3163
-3144
-2858
-2672
-2793
-2951
-2875
-2704
-2588
-2389
-1983
-1667
-1634
-1571
-1232
-895
-704
-421
-14
264
424
653
871
965
1057
1253
1442
1596
1800
1932
1832
1684
1709
1807
1825
1836
1883
1818
1596
1402
1343
1342
1278
1171
1065
967
829
703
629
498
308
245
314
268
96
-3
-74
-265
-361
-220
-150
-335
-420
-318
-376
-594
-544
-334
-357
-439
-285
-158
-292
-324
-104
-25
-175
-100
257
400
224
152
318
432
451
576
759
836
843
879
892
955
1177
1380
1320
1234
1380
1530
1421
1347
1498
1552
1398
1348
1436
1390
1272
1217
1121
968
1017
1170
1077
807
691
637
538
547
574
372
149
170
45
-373
-527
-268
-268
-614
-766
-776
-1102
-1380
-1249
-1206
-1472
-1506
-1366
-1670
-2126
-2108
-1969
-2256
-2528
-2411
-2361
-2663
-2871
-2872
-2956
-3104
-3080
-2900
-2725
-2643
-2683
-2806
-2861
-2678
-2279
-1776
-1436
-1331
-1261
-1043
-799
-506
-1
560
816
857
1048
1386
1546
1506
1620
1963
2253
2281
2220
2202
2110
1848
1712
1920
2154
1998
1630
1427
1354
1124
889
896
985
871
615
477
443
341
88
-84
-2
128
47
-129
-104
-84
-376
-626
-375
6
-82
-334
-319
-250
-421
-417
-116
25
-119
-156
-66
-83
-76
60
157
118
194
306
323
294
344
383
423
635
843
818
625
633
852
1160
1283
1205
1144
1206
1307
1225
1227
1280
1346
1290
1246
1162
991
934
922
884
760
797
821
735
534
323
191
259
405
300
67
-115
-211
-445
-671
-659
-562
-678
-890
-1026
-1104
-1272
-1511
-1639
-1480
-1303
-1472
-1826
-1894
-1835
-2064
-2355
-2338
-2211
-2424
-2607
-2646
-2739
-3040
-3171
-3175
-3130
-2882
-2512
-2567
-3036
-3140
-2671
-2102
-1770
-1369
-1054
-1033
-1080
-677
66
655
960
1243
1623
1900
1972
2126
2465
2849
2975
2951
3004
3074
2973
2650
2522
2694
2871
2658
2335
2179
2045
1706
1407
1514
1648
1410
877
579
504
292
30
-28
77
-97
-412
-593
-617
-696
-736
-625
-582
-652
-758
-757
-805
-757
-641
-468
-359
-312
-353
-453
-346
-77
211
345
423
479
552
639
815
1019
1230
1346
1404
1451
1540
1615
1604
1610
1685
1828
1885
1773
1466
1277
1357
1553
1516
1360
1262
1048
779
669
762
673
458
400
334
113
-67
-107
-292
-523
-535
-511
-743
-982
-899
-863
-1021
-1175
-1262
-1419
-1582
-1653
-1713
-1667
-1562
-1753
-2205
-2403
-2372
-2612
-2943
-2822
-2658
-3046
-3530
-3718
-3751
-3799
-3902
-4338
-4966
-4570
-3431
-3024
-3861
-4536
-4360
-3865
-3224
-2129
-1202
-1305
-1868
-1855
-785
524
1506
1837
2077
2274
2637
3105
3802
4304
4346
4246
4346
4712
4900
4747
4157
4010
4272
4540
4068
3479
3228
2904
2389
2273
2638
2396
1212
273
289
510
340
-17
-332
-829
-1354
-1436
-1248
-1276
-1469
-1718
-1877
-1959
-1819
-1744
-1836
-1842
-1574
-1311
-1201
-1000
-858
-866
-915
-545
9
337
527
742
903
732
836
1564
2366
2519
2317
2359
2587
2602
2808
3338
3668
3345
2754
2628
2791
2902
2672
2401
2187
2004
1664
1283
1001
739
512
461
513
217
-390
-747
-718
-769
-1073
-1285
-1410
-1565
-1759
-1946
-2172
-2378
-2416
-2491
-2718
-2840
-2804
-2884
-2866
-2685
-2607
-3185
-3573
-3454
-3328
-3642
-3992
-3806
-4213
-4711
-5063
-4747
-4994
-5941
-6948
-7254
-5779
-3979
-3515
-5684
-7557
-7249
-5303
-3192
-1540
-967
-2457
-4063
-2979
173
2837
3505
2838
2392
2549
4054
5837
6869
6792
6357
6324
6900
7462
7729
7171
6539
6861
7574
7521
6276
5148
4687
4793
5218
5582
4789
2617
579
593
1708
2358
1355
-348
-1837
-2785
-2471
-1577
-1129
-1946
-3415
-4129
-3802
-3024
-2476
-2756
-3102
-3185
-2623
-2263
-2195
-2066
-1959
-1480
-1074
-297
83
-303
-215
690
2152
2676
2344
2490
2848
3206
3812
4829
5410
4704
3904
4276
4952
5127
4735
4579
4317
3783
3321
3132
3039
2509
1904
1445
1161
859
153
-542
-832
-859
-878
-1378
-1886
-2255
-2657
-2755
-2641
-2428
-2616
-3264
-3499
-3383
-3085
-3104
-3201
-3278
-3296
-3444
-3562
-3509
-3647
-3881
-4172
-4380
-4895
-5455
-5519
-5487
-5925
-6594
-7084
-8040
-9311
-8381
-5232
-3597
-6660
-10670
-10676
-7101
-3904
-2625
-2415
-3752
-5739
-5484
-1389
3172
4376
2487
1138
2018
4651
7033
7938
7698
7207
7283
7577
8207
9130
8990
7647
7259
8611
9373
7266
4953
5244
6887
7191
6204
5251
3526
1216
872
3190
4738
2497
-1224
-2977
-2466
-1343
-772
-1165
-2902
-4936
-5683
-4768
-3384
-2962
-4029
-5386
-5408
-3920
-2870
-3296
-3643
-2806
-1635
-1389
-1198
-563
-410
-652
907
4001
5249
3093
716
1990
5213
7455
7517
6359
4729
3601
4687
7461
9019
7615
4813
3268
3843
5337
5873
4869
3070
1644
1132
936
1080
976
-17
-1426
-2055
-1729
-1967
-3341
-4053
-3304
-2513
-2983
-4209
-4907
-5206
-5026
-3940
-2759
-3018
-4931
-6242
-5448
-3772
-2680
-2796
-3855
-5308
-6073
-5333
-4262
-4149
-5041
-6392
-7398
-7846
-7653
-8404
-9798
-8393
-4690
-3831
-9076
-13789
-11330
-5026
-1605
-2230
-3953
-5927
-7203
-4250
2229
6456
4923
1174
399
2842
6950
9932
10073
7987
6381
7146
8485
9233
9886
9740
8601
7779
8306
8378
6220
5064
6972
8964
7485
4082
2356
1992
2051
3218
4919
3548
-1372
-4715
-3388
-361
503
-1009
-3430
-5757
-6574
-4942
-2985
-2691
-3872
-5178
-5772
-5347
-3772
-2509
-2824
-3474
-2613
-1299
-1491
-2018
-927
1120
2061
2437
3414
3503
2394
2225
5255
8484
8274
5788
4404
5326
7029
8479
9264
8248
5890
4403
5128
6876
7374
6219
4121
2560
2247
2638
2539
1701
1110
521
-787
-2011
-2315
-1904
-2207
-2799
-2801
-3238
-4554
-5641
-4837
-3383
-3285
-4241
-5104
-5290
-5258
-4753
-3710
-3407
-4072
-4971
-5472
-5273
-4856
-4438
-4860
-6128
-6837
-7058
-7266
-7956
-8514
-9531
-10817
-9037
-4853
-4000
-10185
-15617
-11728
-3019
346
-3308
-7050
-7457
-5723
-1643
3784
6183
3137
-681
397
5126
9429
10428
8521
6288
6332
8835
10281
9384
8832
9244
9211
8103
7790
7782
6197
5083
7016
9268
7044
1964
48
2253
4465
4353
2806
432
-2882
-4023
-1672
1122
479
-3162
-6075
-6301
-4687
-2884
-2940
-4615
-5792
-5646
-5015
-4837
-4074
-3251
-3422
-3948
-3006
-1597
-1881
-2572
-1151
1644
2611
1856
1635
2236
2718
3712
6162
7829
6509
4159
4214
6566
8643
8765
7696
6256
5492
5911
6846
7236
6545
5393
4070
3159
2989
3194
2626
1373
712
289
-798
-2222
-2536
-1917
-2113
-3202
-4026
-4429
-5003
-5175
-4260
-3479
-4199
-5538
-5797
-5062
-4505
-4233
-4104
-4333
-4784
-5116
-4890
-4588
-4481
-4639
-5354
-6264
-6649
-6414
-6394
-7204
-8675
-10552
-10559
-6484
-2291
-4576
-13079
-16131
-8194
1163
1501
-5097
-8777
-6814
-2241
2654
5710
4559
771
102
3959
8190
9920
9204
7566
6378
7684
10237
10117
7851
7541
9454
9684
7438
5829
5731
5825
6364
7761
7413
3572
102
853
3988
5161
3294
626
-1947
-3415
-2147
417
905
-2032
-5161
-6028
-5080
-3590
-2771
-3361
-4919
-5672
-4963
-4349
-4013
-3271
-2401
-2396
-3002
-2476
-1637
-1253
-659
992
2641
2137
1081
1455
3183
4887
5584
6274
6048
4928
4783
6204
8443
8831
7434
5923
5347
6160
6991
7108
6054
4763
3718
2979
2777
2896
2625
1415
34
-536
-822
-1551
-2153
-2354
-2409
-3053
-4189
-4564
-4584
-4661
-4422
-4199
-4504
-5531
-5920
-5165
-4159
-3904
-4219
-4648
-5055
-4978
-4391
-3690
-3797
-4667
-5535
-5764
-5559
-5398
-5806
-6952
-8775
-9641
-6905
-2561
-2421
-9297
-15154
-10903
-880
3349
-2203
-8530
-8292
-3044
2475
5188
4604
1783
365
2739
6616
9290
9658
8291
6646
6554
8987
10511
9102
7525
8429
9822
8566
6007
5110
5792
6684
7431
7150
4229
672
251
2758
4520
3263
798
-1522
-3701
-3709
-1358
419
-1448
-5218
-6831
-6137
-4779
-3967
-3698
-4525
-5933
-6396
-5751
-4613
-3508
-2759
-2790
-3512
-3474
-2275
-1314
-647
344
1722
2303
1773
1704
2423
3979
5816
7030
6524
4624
4132
5988
8333
8906
7589
5896
4721
4954
6436
7437
6432
4026
2502
2379
2900
3078
2487
1159
-530
-1261
-1174
-1305
-1865
-2739
-3291
-4059
-4758
-4811
-4927
-5218
-5624
-5419
-5502
-6188
-6719
-6267
-5265
-4756
-4939
-5548
-6289
-6254
-5456
-4701
-4720
-5689
-6379
-6797
-6765
-6363
-6442
-7386
-9628
-10252
-6246
-1610
-2645
-10748
-15268
-8597
1956
4432
-2723
-8611
-6685
-223
5133
6557
5142
2809
2462
4842
7750
10361
11128
9780
7329
6841
9633
11482
10249
8646
8821
9526
8210
6581
6037
6113
6556
7107
6640
3705
633
822
3052
3993
2389
29
-1757
-3349
-3183
-1456
-330
-2041
-5228
-6762
-6140
-4625
-3773
-4163
-5303
-6120
-5854
-5242
-4603
-3527
-2572
-2700
-3512
-3066
-1298
-176
2
425
1953
3215
3195
2766
3057
4811
6770
7662
6755
5257
5164
6752
8515
8905
7854
6524
5441
5361
6190
7241
6885
4783
2819
2126
2821
3263
2728
1222
-639
-1455
-1400
-1335
-1902
-2841
-3478
-4247
-4916
-5104
-5006
-5127
-5548
-5582
-5638
-6198
-6583
-6197
-5312
-5116
-5572
-5882
-6165
-6354
-6194
-5653
-5276
-5973
-7040
-7370
-7036
-6684
-7037
-7771
-8823
-10304
-8978
-4499
-1330
-5433
-13207
-13423
-4561
3478
2024
-4477
-7323
-4524
738
5172
6697
5567
3656
3579
4918
7467
10965
12768
10967
7269
6729
9954
11837
10926
9711
9632
8889
6969
6178
6651
7254
7188
6773
5219
2450
901
1967
3533
3264
1508
-176
-2130
-3759
-3230
-1017
-276
-2588
-5667
-6937
-6226
-4592
-3546
-3872
-5421
-6589
-6294
-5202
-3771
-2603
-2250
-3111
-3814
-2754
-726
675
1228
1754
2389
2387
2618
3792
5515
6446
6500
6489
6374
6371
6801
7789
8397
8112
7396
6490
5769
5783
6600
6940
5547
3470
2510
2560
2503
2094
1528
358
-1334
-2337
-2248
-2167
-2763
-3578
-4266
-5106
-5693
-5694
-5467
-5697
-6112
-6112
-6329
-6897
-7051
-6315
-5643
-5878
-6477
-6699
-6675
-6531
-6271
-5976
-6185
-6887
-7472
-7249
-6571
-6513
-7726
-9688
-10964
-10350
-6571
-2336
-2475
-9244
-15491
-12295
-1967
4643
1518
-5159
-7640
-4611
975
6380
9190
7767
4018
1833
3438
8753
14182
15592
11148
5522
5079
9279
12733
12620
10928
9035
6572
4892
5669
7678
8432
7362
5531
2995
735
549
2241
3166
2051
349
-1405
-3793
-5474
-4157
-1187
-760
-3764
-7190
-8390
-7186
-4715
-2840
-3139
-5360
-7143
-6911
-5169
-2807
-935
-636
-2133
-3392
-2347
100
2077
3049
3795
4066
3564
3244
4254
6442
8337
9152
8578
6948
5898
6965
9342
10581
9707
7916
6201
5289
5783
7382
8050
6433
3688
1866
1516
1912
2547
2465
858
-1400
-2915
-3093
-2676
-2266
-2255
-3416
-5200
-6334
-5919
-5075
-4737
-4859
-5312
-6166
-7088
-6932
-5722
-4867
-5056
-5792
-6366
-6650
-6529
-5926
-5400
-5545
-6319
-7172
-7600
-7554
-7496
-7666
-8408
-9437
-10875
-10476
-6710
-2450
-3779
-11110
-14758
-8924
645
3727
-402
-4733
-5114
-2186
2622
7464
9696
7771
4332
2607
4686
10298
15595
15578
9718
4749
5769
10310
13177
12859
10826
7853
4900
4379
6215
8080
7952
6119
3190
-71
-1135
674
2412
1325
-1218
-2479
-3228
-4880
-5773
-4368
-2598
-3161
-5696
-7700
-8105
-6823
-4976
-3877
-4478
-5636
-6117
-5892
-4959
-3075
-812
-196
-1295
-2010
-823
1514
3734
4835
4599
4003
4577
6520
8045
8009
7712
8414
8763
8203
7898
8587
9013
8316
7635
7445
7040
6196
5471
5023
4474
4174
3954
2806
859
-306
125
419
-333
-1426
-2353
-3312
-4170
-3974
-3327
-3637
-4712
-5593
-5833
-5794
-5401
-4835
-5101
-6024
-6371
-5572
-4979
-5292
-5614
-5503
-5469
-5814
-5876
-5679
-5991
-6703
-6975
-6721
-6778
-7694
-8829
-9682
-10329
-11130
-10073
-6021
-2220
-4593
-12674
-16112
-9338
1320
4999
476
-5045
-6598
-3472
2438
8382
10954
8783
4703
1664
3003
9441
16767
18101
11460
4584
4047
8624
12931
14291
12901
8768
4038
2182
4113
7322
8815
7531
3297
-1844
-3638
-942
2202
1778
-1016
-3054
-4694
-6665
-7298
-5227
-2916
-3506
-6343
-8781
-9261
-7916
-5823
-4202
-4258
-5214
-6025
-6045
-4938
-2803
-223
1038
720
-30
-241
918
3567
6679
8001
6471
4864
5274
7461
9079
9742
9960
9037
7711
7119
7940
8911
9093
8794
7567
5508
4074
4452
5373
4846
3394
2201
1159
-149
-930
-591
-352
-1061
-2094
-3020
-3872
-4315
-3757
-2959
-3300
-4343
-4925
-4875
-4813
-4618
-4019
-3773
-4208
-4693
-4566
-4338
-4221
-4074
-4086
-4619
-5261
-5400
-5553
-6062
-6436
-6229
-6334
-7644
-9003
-9306
-9375
-10736
-11813
-9216
-4185
-2657
-8207
-14783
-13797
-5214
2694
3635
-428
-4247
-4733
-1507
4089
9678
12343
10689
5995
2357
4551
12104
18608
17990
11775
6619
6153
9022
12409
14349
13362
9309
4672
2231
3101
6101
8630
7709
2720
-2669
-4045
-1739
332
-14
-1565
-3354
-5958
-8362
-8532
-6223
-4307
-4806
-6958
-8850
-9237
-8246
-6582
-5154
-4441
-4313
-4631
-4893
-4231
-2449
-261
1140
1574
1540
1638
2720
4605
6351
6737
6388
6961
8266
9100
8680
8288
8548
8921
9127
8900
8332
7310
6416
6184
5938
5524
4765
3773
2188
533
241
700
742
-486
-2129
-3117
-3681
-3361
-2886
-2958
-3900
-4920
-4951
-4905
-4818
-4562
-3905
-3984
-4888
-5320
-4804
-4191
-3959
-3706
-3434
-3874
-4467
-4463
-4126
-4105
-4374
-4580
-5352
-6307
-6801
-6586
-6660
-7797
-8841
-9654
-10679
-12391
-12229
-8306
-3322
-3133
-9552
-15517
-13742
-4682
3187
4223
154
-3827
-4255
-1071
4441
9970
13009
12042
7513
3648
4806
11284
17649
18346
13769
8403
6345
7924
11209
13498
12763
9558
5820
3232
2510
3789
6284
6833
3542
-1551
-4194
-3170
-1414
-1155
-2249
-3774
-5568
-7307
-7848
-7188
-6245
-5951
-6322
-7065
-7725
-7537
-6461
-5238
-4625
-4201
-3545
-2601
-1764
-1202
-542
461
1964
3288
4080
4596
5306
5998
6250
6826
8302
9859
9920
8574
7540
7627
8423
9020
9007
8015
6336
4961
4456
4511
4289
3731
2663
1050
-372
-749
-412
-591
-1635
-2754
-3413
-3740
-3768
-3638
-3778
-4332
-4777
-4708
-4504
-4373
-4183
-4004
-4069
-4170
-3808
-3331
-3123
-3038
-2805
-2808
-3305
-3458
-3132
-3011
-3578
-4373
-4734
-5340
-6035
-6455
-6339
-6639
-8062
-9664
-10769
-11405
-11809
-10466
-6693
-3131
-4491
-10506
-14879
-11701
-2971
3695
3849
-337
-3587
-3106
681
5604
9572
11545
11185
8933
6555
6570
10305
15264
17273
14570
9774
7171
8400
11274
12346
10623
8049
6443
5515
4351
3462
3629
3638
2072
-603
-2377
-2492
-2216
-2389
-3322
-4859
-6262
-6560
-5643
-5181
-6296
-7757
-7868
-6606
-5389
-5014
-4993
-4834
-4348
-3656
-2800
-1665
-285
913
1472
1633
2182
3447
5083
6447
7094
6859
6448
7230
9083
10369
9785
8342
7756
8071
8463
8418
7922
6850
5470
4601
4280
3942
3179
2364
1468
95
-1180
-1644
-1405
-1551
-2659
-4117
-5088
-5117
-4262
-3561
-3852
-5017
-5958
-5894
-5195
-4253
-3610
-3556
-4042
-4423
-4160
-3781
-3521
-3159
-2655
-2736
-3696
-4424
-4380
-4124
-4390
-4880
-5079
-5652
-6641
-7584
-7784
-7794
-8482
-9926
-11700
-12175
-9985
-5604
-2854
-5044
-10679
-13896
-10727
-3249
2794
3618
162
-3214
-3163
640
5756
9361
10646
9767
8191
7128
7747
9892
12327
13673
12916
10344
7666
7071
8796
10331
9320
6533
4410
4041
4406
4303
3416
1742
-392
-1614
-1681
-1255
-1638
-2803
-3761
-4835
-6008
-6765
-6086
-4647
-4292
-5628
-7183
-7368
-6118
-4447
-3309
-2893
-3167
-3311
-2514
-864
623
1185
1475
2166
3263
4325
5310
6382
7016
6889
6570
7132
8640
9889
9867
8710
7434
6860
7277
8201
8598
7544
5424
3726
3451
4030
4084
3084
1517
140
-744
-1079
-1139
-1374
-1971
-2914
-3751
-4194
-4152
-3740
-3618
-3953
-4555
-4895
-4623
-4024
-3459
-3361
-3539
-3708
-3615
-3367
-3240
-3069
-2848
-2784
-3282
-3971
-4242
-4007
-3918
-4343
-4926
-5463
-5965
-6536
-6983
-7358
-8004
-8844
-9773
-10751
-11354
-10325
-7003
-3561
-3414
-7379
-11706
-11633
-6066
1200
5089
3644
-551
-2917
-926
4177
8806
10508
9515
7935
7630
8554
9806
10507
10866
11037
10563
9337
8074
7919
8444
8500
7283
5394
3647
2966
3607
4526
3821
599
-2758
-3926
-2594
-1032
-927
-2155
-4430
-6659
-7795
-6744
-4678
-3659
-4443
-5812
-6301
-5961
-5058
-4094
-3050
-2442
-2187
-1723
-956
-22
612
1309
2295
3531
4794
5691
6157
6090
5899
6397
7874
9572
10037
9059
7605
6940
7139
7600
7906
7608
6545
4996
3862
3546
3409
2639
1329
242
-162
-397
-1040
-1978
-2699
-2949
-3101
-3464
-3782
-3779
-3527
-3370
-3512
-3755
-4059
-3960
-3271
-2309
-1864
-2216
-2681
-2780
-2554
-2418
-2175
-1860
-1890
-2540
-3347
-3731
-3769
-3934
-4201
-4452
-4874
-5630
-6490
-6985
-7262
-7762
-8532
-9286
-9884
-10078
-9167
-6726
-4131
-3712
-6270
-9469
-9771
-5866
-115
3670
3416
479
-1967
-1309
2361
6703
9064
8650
7011
6161
6932
8483
9560
9669
9138
8379
7730
7425
7605
7678
7079
5747
4252
2961
2187
2272
3025
3106
1316
-1670
-3956
-4267
-3069
-1622
-1198
-2613
-5347
-7546
-7516
-5649
-3906
-3686
-4721
-5772
-6079
-5311
-4114
-3157
-2765
-2611
-1929
-873
206
851
1179
1835
2891
4303
5357
5938
6077
5873
5950
6675
7913
8414
7903
7016
6700
6692
6521
6288
5999
5389
4447
3744
3429
2992
2064
987
129
-228
-439
-819
-1467
-2097
-2223
-2129
-2300
-2778
-3053
-2802
-2272
-1889
-1871
-2221
-2608
-2525
-1908
-1204
-1044
-1381
-1731
-1796
-1596
-1280
-947
-971
-1685
-2812
-3522
-3293
-2722
-2676
-3424
-4423
-5102
-5416
-5508
-5620
-5951
-6597
-7335
-7876
-8324
-8798
-8777
-7309
-4579
-2463
-2857
-5371
-7506
-7015
-3658
651
3586
3593
1556
-157
548
3532
6631
8106
7614
6674
6612
7731
9050
9369
8511
7108
6364
6710
7587
7789
6720
5035
3563
2657
1997
1636
1620
1682
1249
-4
-1722
-3436
-4445
-4364
-3384
-2595
-3040
-4616
-6193
-6675
-6049
-4947
-4129
-3907
-4237
-4610
-4324
-3214
-1904
-1249
-1187
-959
-60
1127
2016
2500
2863
3401
4252
5301
6039
6026
5550
5501
6271
7213
7397
6650
5686
5266
5561
6006
5881
4974
3646
2580
2082
2185
2360
1902
672
-660
-1112
-985
-1012
-1517
-1886
-1871
-1938
-2151
-2228
-1891
-1722
-1827
-1880
-1633
-1456
-1678
-1816
-1583
-1259
-1467
-2007
-2195
-1778
-1136
-843
-1115
-1938
-2985
-3568
-3323
-2666
-2461
-2952
-3597
-4036
-4332
-4722
-5114
-5412
-5714
-5964
-6138
-6308
-6945
-8026
-8597
-7476
-4604
-1792
-1065
-2914
-5552
-6580
-4758
-901
2809
4371
3525
1918
1586
3138
5408
7022
7528
7546
7643
7951
8243
8222
7794
7080
6586
6529
6534
6012
4953
4073
3567
3006
1851
516
-315
-492
-381
-506
-1148
-2610
-4492
-5804
-5669
-4476
-3525
-3696
-4817
-5928
-6254
-5569
-4449
-3600
-3353
-3322
-3014
-2369
-1634
-1037
-461
157
830
1412
1882
2303
2785
3455
4305
5126
5549
5454
5196
5297
5808
6243
6129
5545
4921
4560
4548
4690
4636
3925
2674
1562
1241
1568
1800
1411
436
-615
-1226
-1193
-933
-1020
-1576
-2096
-2195
-1975
-1764
-1678
-1822
-2189
-2570
-2488
-1972
-1476
-1425
-1731
-2025
-2109
-1817
-1489
-1434
-1921
-2413
-2568
-2442
-2441
-2637
-2832
-3073
-3315
-3599
-3840
-4284
-4931
-5557
-5820
-5632
-5304
-5208
-5556
-6161
-6914
-7782
-8329
-7616
-5258
-2327
-610
-1044
-2911
-4598
-4524
-2219
1307
4108
4983
4284
3504
3776
5223
7020
8285
8686
8470
8202
8172
8513
8774
8525
7564
6518
5956
5845
5548
4744
3711
2759
1843
714
-463
-1332
-1619
-1599
-1695
-2344
-3579
-5016
-5933
-5799
-4833
-3852
-3626
-4174
-4901
-5047
-4314
-2988
-1802
-1290
-1336
-1310
-735
205
1131
1785
2259
2639
3006
3393
3754
4079
4414
4911
5497
5947
6002
5730
5366
5215
5144
4880
4329
3871
3807
3853
3696
3187
2602
1860
1136
634
589
607
324
-224
-734
-1114
-1526
-1814
-1945
-1847
-1817
-1700
-1573
-1499
-1723
-2044
-2062
-1740
-1334
-1209
-1274
-1465
-1603
-1668
-1572
-1543
-1715
-2098
-2397
-2570
-2716
-2845
-2902
-2899
-3153
-3598
-4062
-4322
-4571
-4891
-5202
-5417
-5627
-5845
-5928
-5841
-6046
-6933
-8389
-9541
-9359
-7446
-4356
-1625
-529
-1513
-3459
-4700
-3896
-1274
1827
4014
4901
4982
5006
5601
6785
8017
8468
8200
7827
7920
8240
8453
8490
8260
7586
6348
4981
3860
3153
2667
2230
1645
753
-397
-1521
-2223
-2462
-2549
-3055
-4100
-5299
-5930
-5657
-4727
-3757
-3328
-3519
-4009
-4196
-3746
-2721
-1546
-601
-23
345
743
1321
2050
2785
3339
3652
3891
4222
4637
4915
5082
5314
5684
5949
5964
5821
5617
5279
4822
4465
4269
3984
3429
2848
2554
2498
2246
1603
734
25
-383
-560
-621
-687
-831
-1226
-1757
-2145
-2184
-1984
-1833
-1711
-1582
-1440
-1422
-1493
-1453
-1316
-1186
-1195
-1269
-1365
-1549
-1743
-1782
-1582
-1366
-1473
-1831
-2219
-2435
-2579
-2795
-3049
-3432
-3854
-4272
-4508
-4625
-4893
-5372
-6000
-6538
-6928
-7200
-7358
-7526
-7838
-8499
-9466
-10072
-9466
-7198
-4098
-1633
-874
-1838
-3376
-4014
-2666
282
3242
4931
5400
5742
6613
7813
8844
9300
9211
8801
8493
8588
8901
9081
8676
7748
6631
5578
4467
2999
1447
322
-182
-435
-862
-1539
-2421
-3391
-4147
-4566
-4829
-5283
-5780
-5840
-5309
-4447
-3737
-3257
-2978
-2827
-2620
-2199
-1425
-442
501
1354
2135
2934
3634
4195
4635
4941
5209
5480
5806
5995
5919
5841
6068
6581
6899
6689
6113
5451
4925
4543
4292
4031
3553
2876
2214
1816
1631
1374
873
192
-423
-818
-978
-940
-836
-874
-1172
-1528
-1606
-1359
-1119
-1100
-1189
-1112
-885
-682
-562
-519
-499
-564
-644
-675
-716
-878
-1216
-1515
-1584
-1528
-1613
-2022
-2490
-2802
-3001
-3313
-3913
-4701
-5546
-6119
-6196
-5970
-5932
-6457
-7299
-8097
-8686
-9035
-9229
-9535
-10354
-11364
-11377
-9513
-6211
-3080
-1400
-1445
-2532
-3401
-2944
-894
1840
4140
5703
6924
8167
9296
10076
10369
10151
9625
9156
9019
9062
8897
8452
7870
7298
6477
5091
3086
876
-845
-1721
-1954
-2080
-2433
-3001
-3720
-4467
-5086
-5478
-5829
-6373
-6869
-6791
-5904
-4583
-3407
-2614
-2166
-1859
-1514
-986
-296
468
1306
2288
3372
4389
5172
5711
6031
6156
6112
5968
5791
5540
5228
5027
5157
5588
5952
5891
5342
4493
3541
2677
2143
1995
1973
1779
1391
1033
760
494
189
-87
-316
-537
-717
-782
-718
-538
-282
20
252
313
200
48
42
217
444
534
476
339
211
131
102
-23
-435
-1078
-1596
-1781
-1832
-2042
-2369
-2668
-3000
-3504
-4095
-4635
-5229
-6025
-6836
-7277
-7305
-7235
-7347
-7641
-8086
-8654
-9265
-9824
-10509
-11545
-12693
-12957
-11416
-8081
-4144
-1099
92
-406
-1517
-1850
-728
1505
3859
5751
7230
8684
10250
11730
12619
12500
11399
9975
8866
8238
7778
7353
7013
6714
6198
5223
3648
1496
-949
-3039
-4326
-4840
-4996
-5067
-5102
-5082
-4985
-4903
-5092
-5730
-6557
-6925
-6483
-5347
-3868
-2338
-1009
-2
876
1784
2543
2864
2821
2837
3147
3815
4819
6000
6973
7400
7420
7222
6806
6032
4992
4048
3520
3581
4067
4515
4563
4178
3652
3028
2271
1391
543
-173
-655
-749
-405
138
623
871
872
647
379
195
51
-89
-68
307
947
1418
1535
1483
1504
1518
1316
916
458
26
-337
-497
-371
-150
-131
-447
-1010
-1678
-2363
-2944
-3398
-3759
-4076
-4376
-4699
-5083
-5458
-5830
-6280
-6846
-7384
-7803
-8279
-8858
-9362
-9597
-9782
-10303
-11168
-12159
-12607
-11774
-9061
-5017
-1253
888
1181
590
222
781
2486
4694
6697
8130
9411
11001
12667
13895
14125
13296
11784
10066
8662
7495
6480
5556
4772
4189
3521
2551
1005
-1116
-3357
-5297
-6597
-7360
-7644
-7500
-7133
-6659
-6162
-5686
-5370
-5345
-5354
-5153
-4629
-3843
-2849
-1580
-118
1455
2954
4098
4757
4951
4953
4922
4982
5309
5883
6488
6846
6938
6874
6578
6004
5199
4291
3368
2528
1981
1693
1494
1399
1577
1989
2143
1735
909
9
-758
-1260
-1277
-763
-27
581
930
1187
1538
1958
2173
1904
1272
739
550
627
758
989
1259
1374
1276
1059
791
182
-773
-1755
-2421
-2802
-3132
-3351
-3401
-3408
-3610
-4029
-4483
-5038
-5714
-6410
-6916
-7223
-7633
-8020
-8152
-7905
-7580
-7626
-7982
-8667
-9492
-10370
-11254
-12029
-12899
-13085
-11767
-8435
-3880
233
2904
3652
3081
2304
2323
3723
5651
7499
9008
10519
12326
14008
15309
15771
15158
13659
11470
9220
6917
4763
3071
2131
2099
2292
1974
651
-1606
-4020
-6079
-7378
-8076
-8490
-8822
-9036
-8703
-7657
-6231
-4863
-3863
-3155
-2750
-2541
-2226
-1634
-784
203
1527
3307
5071
6291
6808
7055
7237
7253
7064
6710
6288
5695
5079
4760
4847
5078
4937
4332
3448
2512
1685
962
504
253
169
249
464
806
991
944
759
552
491
482
647
904
1170
1442
1722
2198
2642
2884
2836
2580
2308
1934
1606
1302
977
549
19
-281
-421
-560
-908
-1451
-2032
-2898
-3855
-4686
-5103
-5211
-5409
-5558
-5739
-5828
-5938
-6221
-6550
-6994
-7233
-7542
-8131
-8756
-9135
-9083
-9202
-9524
-9664
-9896
-10749
-12388
-13385
-12323
-9392
-5346
-1363
2004
3964
4323
4251
4628
5958
7371
8449
9529
10506
11583
12651
14068
15505
15981
15263
13450
11050
8167
5157
2880
1496
720
50
-696
-1552
-2794
-4078
-4972
-5491
-6081
-7077
-8112
-8789
-8998
-8482
-7204
-5428
-3768
-2467
-1294
-262
559
1232
1942
2690
3204
3598
4197
5041
5895
6554
7167
7772
7995
7669
6851
5828
4723
3594
2756
2227
1889
1522
1135
934
900
1032
1251
1388
1239
669
-8
-403
-403
-106
297
799
1262
1585
1890
2352
2905
3219
3113
2728
2296
1903
1642
1478
1433
1394
1284
1148
876
491
-165
-963
-1783
-2554
-3197
-3843
-4451
-5044
-5419
-5521
-5458
-5318
-5248
-5385
-5898
-6589
-7170
-7601
-7973
-8247
-8324
-8391
-8617
-8924
-9083
-9137
-9371
-9776
-10455
-11576
-13151
-14268
-13468
-10443
-6009
-1681
1864
4366
5616
6075
6393
7481
8736
9298
9207
9187
10108
11619
13404
15046
16021
15831
14174
11711
8897
5987
3063
330
-1893
-3606
-4768
-5356
-5495
-5362
-5218
-5202
-5592
-6444
-7585
-8491
-8835
-8531
-7613
-6341
-4802
-3113
-1216
841
2802
4548
5732
6262
6142
5674
5367
5330
5576
5912
6247
6592
6738
6700
6471
6045
5418
4445
3256
1849
425
-585
-1012
-865
-422
147
891
1610
2244
2719
3089
3295
3025
2416
1785
1514
1662
2063
2780
3742
4685
5303
5515
5475
5137
4300
3133
1797
581
-463
-1243
-1552
-1587
-1436
-1388
-1404
-1494
-1860
-2513
-3499
-4525
-5589
-6485
-7080
-7352
-7161
-6649
-5885
-5256
-4894
-4799
-5200
-6081
-7230
-8213
-9001
-9891
-10747
-11274
-11356
-11258
-11287
-11480
-11971
-12468
-11894
-9557
-5924
-2571
-133
1931
3790
5452
6945
8747
10655
11459
11163
10631
11014
12199
13334
14177
14422
14014
12732
10827
8884
6833
4540
1830
-1069
-3738
-5992
-7471
-8133
-8244
-8036
-7842
-7547
-7335
-7232
-6939
-6439
-5735
-5275
-4958
-4466
-3461
-1763
293
2410
4260
5795
6812
7240
7428
7689
7847
7304
6145
4945
4103
3478
3201
3329
3456
3055
2184
1367
683
220
-257
-604
-870
-1315
-1526
-1217
-67
1268
2412
3319
3867
4228
4345
4743
5252
5489
5369
4981
4774
4595
4608
4819
5022
4912
4323
3583
2802
2035
1131
138
-956
-2238
-3379
-4136
-4294
-4182
-4069
-3973
-4000
-4058
-4196
-4282
-4404
-4760
-5237
-5812
-6300
-6650
-6794
-6715
-6727
-6675
-6595
-6659
-7121
-8093
-8940
-9806
-10860
-12131
-13538
-14792
-16109
-15954
-13174
-8411
-3916
-1175
1243
3917
6424
8105
9236
10526
10755
9834
8639
8804
10533
12376
13671
14104
14073
13439
12258
10904
9058
6494
2923
-1005
-4722
-7626
-9146
-9498
-9235
-9014
-8679
-8006
-7133
-6266
-5541
-4865
-4582
-4886
-5517
-5685
-4666
-2777
-707
1177
3039
4885
6417
7694
8982
9892
9634
8139
6220
4748
3593
2587
1862
1424
1148
578
344
597
982
902
-36
-854
-1530
-2124
-2748
-2840
-1756
-449
782
1831
3365
5092
6243
7036
7524
7707
7045
6047
5528
5413
5220
4769
4524
4327
3928
3463
3296
3077
2097
562
-807
-1821
-2776
-3825
-4582
-4871
-5051
-5159
-5013
-4321
-3433
-2819
-2509
-2505
-2566
-2784
-3150
-3722
-4557
-5234
-5746
-6131
-6534
-6886
-7033
-7416
-7948
-8566
-9267
-10150
-11655
-13478
-15481
-16212
-14395
-10686
-6998
-4446
-1324
2702
6497
9412
11697
13587
13593
12225
10992
10665
10958
11318
11806
11762
11550
11846
12430
12195
10651
8671
5972
2117
-2345
-6036
-8509
-10549
-12014
-12506
-11988
-10761
-8819
-6363
-4329
-3124
-2646
-2524
-2702
-2840
-2390
-1763
-1398
-1083
114
2395
4908
7063
8794
10034
10358
9724
8583
7283
5671
3568
1271
-714
-1942
-2632
-2938
-2781
-2238
-1689
-1566
-1419
-1146
-1072
-1330
-1539
-1176
-763
-422
193
1404
2938
4197
5462
6666
7566
7974
8101
8276
7870
6840
5587
4573
3568
2106
988
373
61
-613
-1302
-1429
-1821
-2459
-3324
-3737
-4220
-5110
-5653
-5932
-5861
-5967
-5488
-4553
-3871
-3396
-2933
-2250
-2251
-2816
-3349
-3865
-4854
-6217
-7348
-8239
-9210
-9965
-10416
-10911
-11460
-12418
-13731
-15333
-15149
-12034
-8080
-5735
-4393
-950
3179
5834
7758
10782
13620
13078
11783
12674
14359
13856
12444
13196
13826
12276
10529
11209
11832
9205
5799
3779
1690
-2411
-6077
-6902
-7761
-10573
-12940
-12093
-9991
-9300
-8325
-5422
-2626
-2406
-2904
-1509
326
315
-680
-329
911
1461
2321
4752
7573
8831
8850
9305
9750
8992
7296
5614
3976
1578
-902
-2341
-2973
-3519
-3976
-3765
-3266
-2958
-2440
-1699
-1209
-1299
-1273
-691
-226
33
508
1589
2706
3510
4474
5660
6758
7311
7600
7820
7652
6987
6106
5314
4323
2990
1665
649
-224
-1135
-1846
-2346
-2889
-3428
-3625
-3504
-3663
-4061
-4333
-4491
-4735
-5013
-4840
-4494
-4268
-4009
-3440
-2839
-2636
-2561
-2508
-2816
-3726
-4700
-5449
-6474
-8040
-9480
-10536
-11474
-12597
-13846
-14931
-15993
-15378
-12275
-8210
-5637
-4141
-720
3602
6585
8258
10760
13354
13113
11979
12684
14224
13637
12246
13001
13610
11713
9678
10789
12084
9502
5476
3526
2332
-1322
-5554
-7063
-7776
-10369
-13014
-12589
-10480
-9585
-8769
-6050
-3143
-2479
-2464
-472
2094
2481
1414
1581
2797
3079
2997
4240
6288
7266
7332
8167
9431
9711
8916
7872
6576
4211
1378
-649
-2001
-3572
-5179
-5777
-5470
-4977
-4312
-3130
-1797
-934
-125
956
1868
2131
2140
2410
2601
2542
2737
3514
4314
4856
5478
6397
7144
7257
7081
6660
5818
4482
2992
1593
145
-1291
-2588
-3604
-4396
-4673
-4428
-4058
-3951
-4027
-3774
-3475
-3355
-3383
-3382
-3534
-4149
-4667
-4684
-4437
-4387
-4392
-4156
-4007
-4232
-4568
-4815
-5381
-6665
-8172
-9470
-10890
-12571
-14244
-15543
-16974
-17624
-15462
-11123
-7330
-5525
-2704
2440
6960
9213
10804
13474
14529
13105
12144
12787
13056
11642
11190
11706
10861
9171
9391
11188
10173
6692
4396
3703
1277
-3535
-6612
-7421
-9146
-12641
-14468
-12985
-11130
-10346
-8852
-5753
-3327
-2426
-941
1777
3408
2892
2441
3190
3471
2592
2692
4356
5610
5537
5902
7717
9178
9376
8776
8100
6814
4514
2323
357
-1654
-3761
-5238
-5828
-6053
-5699
-4738
-3256
-1823
-380
1341
2841
3856
4148
4186
4130
3952
3823
3540
3246
3134
3594
4469
5245
5913
6622
7268
7068
6130
5196
4325
2948
786
-1245
-2730
-4038
-5180
-5627
-5211
-4773
-4517
-3916
-2965
-2310
-2126
-1836
-1572
-1937
-2797
-3304
-3388
-3795
-4505
-4949
-4965
-5132
-5527
-5639
-5592
-6104
-7250
-8330
-9303
-10497
-12118
-13838
-15690
-17045
-16076
-12870
-9493
-7655
-5289
-420
4795
8208
10484
13557
15818
15473
14365
14222
14301
12988
11519
10738
9422
7866
7818
9220
8928
6557
5094
4903
3298
-617
-3723
-4876
-6918
-10807
-13723
-13579
-12435
-12182
-11374
-8920
-6231
-4504
-2465
551
2904
3613
3881
4684
4911
4162
3929
4752
5148
4341
4031
5329
6825
7109
6901
7198
7273
6086
4235
2838
1496
-536
-3008
-4897
-5854
-6405
-6569
-6171
-5139
-3746
-2033
19
1909
3344
4295
5081
5534
5394
4880
4230
3711
3132
2662
2656
3087
3775
4329
4665
4832
5021
5124
4758
3724
2174
535
-1161
-2835
-4189
-5001
-5442
-5751
-5716
-5199
-4335
-3307
-2226
-1429
-1154
-1154
-1020
-996
-1642
-2615
-3437
-4182
-5233
-6360
-6915
-7031
-7493
-8490
-9194
-9456
-9866
-10872
-12094
-13376
-14811
-15010
-13073
-10140
-8488
-7433
-4145
798
4705
6953
9936
13666
15267
14844
14886
16036
15939
14092
12529
11457
9864
8235
8064
8186
6556
4372
3544
3196
1060
-1992
-3454
-4292
-6867
-10450
-12040
-11380
-11205
-11911
-11418
-9304
-7345
-6033
-3903
-844
1534
2579
3469
4671
5294
5312
5504
5884
5512
4588
4554
5364
5714
5322
5228
5662
5449
4310
3333
2880
1989
101
-1822
-2845
-3463
-4330
-5115
-5155
-4509
-3636
-2443
-917
656
1959
2989
3956
4533
4675
4485
4160
3789
3151
2688
2512
2617
2795
2783
2830
2994
3467
3741
3427
2682
1838
1042
-245
-1670
-2711
-3346
-4149
-5152
-5414
-4902
-4222
-3777
-3177
-2338
-1776
-1429
-1093
-932
-1256
-1934
-2795
-3799
-4926
-5943
-6617
-7437
-8651
-9645
-10005
-10204
-10737
-11394
-11955
-12734
-13105
-11665
-8730
-6394
-5477
-3656
315
4336
6803
8969
12196
14506
14575
14429
15510
16310
15094
13369
12500
11367
9574
8623
8858
7902
5269
3424
3150
2179
-705
-3025
-3623
-4844
-7874
-10355
-10133
-9197
-9741
-10326
-9094
-6985
-5784
-4680
-2303
351
1710
2279
3464
4781
5160
5079
5456
5749
5046
4330
4811
5623
5379
4565
4508
4781
4080
2805
2193
1928
721
-1205
-2369
-2646
-3158
-4147
-4657
-4285
-3693
-3027
-1953
-591
502
1262
2213
3172
3627
3624
3579
3548
3153
2641
2555
2717
2632
2279
2166
2409
2614
2573
2334
1937
1270
424
-404
-1192
-1939
-2723
-3563
-4364
-4836
-4768
-4430
-4101
-3789
-3352
-2819
-2360
-1981
-1737
-1674
-1964
-2629
-3436
-4234
-4944
-5710
-6649
-7900
-9126
-9868
-10418
-11086
-11937
-12590
-13214
-14046
-13722
-11409
-8353
-6739
-5864
-2949
1484
4913
6814
9336
12593
14025
13766
14039
15350
15532
14104
12989
12188
10776
9350
9263
9245
7269
4849
4103
4007
1993
-1067
-2401
-2850
-5023
-8402
-9790
-8942
-8862
-10054
-10169
-8438
-6787
-5927
-4207
-1428
692
1586
2566
4173
5136
5176
5446
6039
5780
4745
4630
5561
5814
4990
4553
5098
5198
4230
3463
3464
3041
1424
-155
-753
-1222
-2325
-3405
-3583
-3326
-3233
-2844
-1814
-696
-54
587
1667
2623
2915
2872
3050
3134
2765
2398
2376
2392
2121
1855
1909
2010
1938
1827
1691
1296
652
107
-351
-961
-1658
-2293
-2854
-3437
-3844
-3889
-3819
-3811
-3771
-3534
-3236
-3036
-2835
-2636
-2659
-3010
-3447
-3873
-4437
-5199
-6067
-7071
-8255
-9338
-10196
-10923
-11738
-12576
-13312
-14016
-13809
-11827
-8761
-6587
-5513
-3100
1173
5059
7070
8871
11762
13732
13664
13278
14187
14882
13768
12234
11342
10463
9149
8540
8618
7515
5423
4228
4096
2753
-132
-2015
-2582
-4208
-7480
-9569
-9128
-8765
-9834
-10303
-8739
-6810
-5862
-4455
-1891
496
1716
2615
4076
5110
5319
5606
6124
5883
4826
4563
5312
5654
5025
4539
5003
5336
4817
4132
4069
3969
2829
1329
388
-50
-837
-2071
-2926
-3141
-2970
-2734
-2205
-1399
-629
156
1024
2018
2761
3166
3378
3333
3140
2917
2795
2542
2115
1780
1622
1584
1473
1425
1403
1178
771
354
-11
-518
-1117
-1793
-2536
-3232
-3770
-4054
-4236
-4392
-4449
-4340
-4170
-3949
-3599
-3300
-3269
-3516
-3761
-4062
-4638
-5383
-6097
-6926
-8190
-9495
-10378
-10964
-11785
-12886
-13797
-14402
-14103
-12243
-9311
-6960
-5515
-2952
1258
5198
7479
9437
12164
13910
13797
13433
14112
14462
13207
11596
10527
9563
8478
8048
7943
6701
4912
4091
3856
2330
-250
-1782
-2651
-4776
-7925
-9602
-9271
-9317
-10385
-10637
-9142
-7314
-6074
-4353
-1834
429
1711
2791
4292
5355
5657
5791
6008
5649
4692
4355
4840
5092
4517
4072
4486
4892
4573
4021
3987
3839
2765
1397
541
49
-850
-2123
-3042
-3346
-3295
-3073
-2498
-1704
-872
28
955
1896
2730
3410
3768
3630
3321
3178
3120
2806
2307
1973
1820
1645
1474
1544
1712
1544
1158
912
657
117
-507
-926
-1440
-2298
-3077
-3324
-3310
-3632
-4076
-4042
-3683
-3485
-3449
-3224
-2954
-3078
-3459
-3808
-4128
-4687
-5514
-6454
-7586
-8785
-9822
-10618
-11411
-12419
-13399
-14103
-13837
-12049
-9361
-7081
-5500
-2945
1107
5026
7595
9640
12163
13912
14081
13833
14180
14332
13229
11672
10399
9259
8286
7899
7738
6569
4918
4179
3995
2726
325
-1321
-2246
-4215
-7239
-9183
-9155
-9099
-10033
-10555
-9490
-7620
-6137
-4529
-2219
110
1682
2832
4231
5358
5830
5987
5987
5534
4646
4324
4705
4828
4233
3766
4165
4567
4299
3828
3815
3758
2786
1423
476
-104
-1055
-2426
-3483
-3935
-3965
-3747
-3155
-2383
-1592
-615
543
1624
2361
2991
3563
3671
3270
2935
2964
2813
2124
1402
1257
1346
1193
992
1084
1189
941
660
452
123
-367
-850
-1415
-2229
-2892
-3185
-3351
-3776
-4210
-4062
-3697
-3639
-3661
-3294
-2838
-2933
-3303
-3490
-3638
-4125
-4966
-5820
-6815
-8025
-9138
-10054
-10963
-12092
-13079
-13741
-13817
-12569
-10103
-7514
-5759
-3638
127
4320
7337
9342
11708
13874
14530
14305
14351
14580
13835
12339
10917
9573
8521
8037
7864
6869
5199
4328
4104
3067
816
-1022
-1984
-3741
-6600
-8874
-9373
-9430
-10268
-10910
-10310
-8727
-7165
-5534
-3383
-1179
695
2283
3786
4817
5276
5653
5824
5379
4429
3949
4229
4295
3718
3227
3548
4096
4027
3642
3587
3686
3146
1967
935
248
-547
-1755
-2952
-3600
-3779
-3631
-3230
-2617
-1870
-1003
94
1213
2083
2702
3196
3453
3281
2958
2784
2602
2106
1410
996
919
850
715
667
710
658
511
402
220
-65
-480
-1057
-1786
-2523
-2901
-3084
-3370
-3849
-4138
-3922
-3615
-3396
-3297
-3094
-2925
-3014
-3242
-3601
-3887
-4475
-5459
-6725
-7995
-8959
-9982
-11004
-12115
-13149
-14067
-14327
-12861
-10310
-7938
-6346
-3916
219
4313
7170
9366
12222
14491
15003
14851
15105
15454
14588
13131
11715
10201
9018
8588
8535
7304
5540
4921
4879
3669
1227
-250
-879
-2749
-5838
-7953
-8201
-8566
-9810
-10467
-9678
-8316
-7236
-5619
-3176
-884
835
2463
4271
5509
6057
6571
6896
6416
5275
4691
4892
4725
3858
3192
3470
3908
3728
3450
3582
3758
3164
2047
1153
508
-302
-1556
-2862
-3754
-4074
-3906
-3583
-3187
-2546
-1529
-309
733
1619
2468
3137
3320
2995
2749
2735
2580
2008
1237
824
704
639
493
387
472
440
262
-18
-155
-228
-632
-1326
-2164
-2743
-3090
-3439
-3846
-4212
-4334
-4351
-4258
-3975
-3563
-3238
-3198
-3286
-3387
-3595
-3960
-4480
-5293
-6491
-7896
-9008
-9886
-10916
-12065
-13120
-13943
-14641
-14299
-12182
-9358
-7321
-5818
-2755
1668
5300
7543
9772
12637
14227
14277
14280
14870
14936
13589
12066
10710
9427
8461
8194
7798
6144
4657
4399
4250
2561
252
-653
-1369
-3709
-6664
-7808
-7585
-8384
-9908
-10173
-8747
-7429
-6682
-5064
-2524
-288
1142
2661
4493
5748
6296
6673
6920
6474
5627
5325
5401
4977
4049
3630
4009
4199
3774
3489
3766
3851
3053
1986
1444
1107
218
-1225
-2382
-2893
-3067
-3143
-3092
-2713
-2059
-1163
-121
844
1752
2571
3185
3315
3141
3143
3182
2865
2125
1483
1194
921
620
443
477
379
66
-60
3
-13
-328
-722
-1153
-1801
-2392
-2666
-2867
-3440
-4165
-4387
-4163
-3993
-3979
-3836
-3504
-3412
-3622
-3812
-3880
-4090
-4830
-5917
-7084
-8200
-9182
-10301
-11472
-12600
-13503
-14279
-14814
-13986
-11675
-9045
-7383
-5635
-2082
2263
5622
7757
10246
12857
14087
14328
14617
15162
14685
13354
12024
10553
9144
8280
8121
7132
5172
4137
4284
3843
1713
-55
-437
-1455
-4109
-6606
-7057
-7081
-8384
-9792
-9662
-8358
-7514
-6686
-4888
-2578
-721
728
2609
4448
5529
6127
6754
7041
6441
5699
5645
5665
4808
3609
3316
3786
3689
3003
2845
3355
3368
2470
1780
1637
1278
193
-980
-1622
-2108
-2549
-2692
-2463
-2187
-1879
-1042
110
1023
1666
2422
3269
3594
3588
3690
3802
3472
2779
2367
2171
1855
1361
1044
916
662
381
278
263
84
-215
-482
-838
-1380
-1838
-2051
-2350
-2990
-3646
-3879
-3816
-3878
-4014
-4024
-3905
-3990
-4284
-4463
-4507
-4630
-5234
-6090
-6987
-7870
-8724
-9763
-10816
-11801
-12594
-13384
-14074
-13644
-11760
-9366
-7774
-6259
-3134
986
4352
6544
9006
11739
13196
13492
13852
14514
14165
12788
11534
10366
8904
7618
7203
6620
4972
3600
3452
3286
1684
-125
-651
-1248
-3321
-5717
-6542
-6642
-7770
-9205
-9340
-8365
-7726
-7202
-5700
-3556
-1848
-489
1344
3266
4411
5038
5883
6508
6157
5408
5300
5392
4534
3191
2715
3077
2935
2134
1929
2478
2578
1848
1308
1402
1183
289
-622
-1105
-1571
-2118
-2239
-2121
-2181
-2187
-1447
-355
277
698
1616
2756
3217
3245
3593
4092
3966
3321
2900
2818
2545
1914
1372
1046
754
523
413
266
0
-186
-225
-389
-761
-1059
-1160
-1371
-1880
-2369
-2561
-2639
-2878
-3168
-3267
-3224
-3280
-3500
-3777
-3994
-4202
-4532
-5058
-5766
-6499
-7183
-7907
-8787
-9699
-10422
-11037
-11743
-12326
-12020
-10536
-8682
-7233
-5684
-2951
646
3752
6063
8445
11020
12769
13466
13985
14581
14477
13434
12132
10855
9405
8109
7315
6415
4882
3526
3122
2788
1500
32
-531
-972
-2533
-4577
-5649
-5951
-6733
-7926
-8406
-8011
-7516
-6984
-5843
-4214
-2703
-1285
395
2044
3210
4178
5266
5945
5716
5238
5293
5364
4570
3369
2876
2940
2546
1757
1565
1949
1852
1096
658
847
784
18
-787
-1162
-1484
-1963
-2217
-2154
-2159
-2157
-1640
-739
-89
385
1310
2488
3071
3131
3553
4349
4547
3895
3279
3211
3105
2466
1710
1337
1165
819
391
132
66
44
-79
-362
-723
-921
-938
-1090
-1575
-2115
-2362
-2470
-2819
-3319
-3555
-3512
-3602
-3992
-4379
-4529
-4640
-4981
-5505
-6030
-6503
-6978
-7528
-8196
-8926
-9553
-10007
-10462
-11069
-11553
-11298
-10044
-8326
-6825
-5312
-2957
212
3195
5542
7849
10309
12145
13046
13697
14395
14501
13682
12474
11268
9925
8603
7616
6583
5087
3731
3140
2647
1444
158
-384
-882
-2301
-3992
-4816
-5136
-5966
-7041
-7417
-7174
-6983
-6700
-5797
-4490
-3304
-2145
-705
746
1908
3000
4111
4774
4791
4721
4945
4999
4419
3636
3260
3087
2608
1966
1682
1702
1465
854
373
313
310
-59
-669
-1097
-1225
-1304
-1494
-1636
-1545
-1260
-926
-570
-100
545
1239
1776
2141
2522
3013
3394
3451
3285
3112
2957
2674
2248
1855
1557
1234
834
471
220
49
-138
-391
-676
-903
-1033
-1162
-1436
-1819
-2131
-2369
-2719
-3221
-3674
-3970
-4239
-4591
-4975
-5323
-5587
-5781
-6013
-6390
-6769
-6899
-6960
-7370
-8021
-8364
-8417
-8748
-9403
-9870
-9942
-9703
-8880
-7297
-5601
-4211
-2328
606
3651
5910
7966
10343
12220
13076
13642
14291
14301
13353
12198
11168
9729
8098
7066
6225
4707
3149
2631
2467
1403
39
-363
-441
-1578
-3232
-3908
-3912
-4625
-5845
-6238
-5793
-5590
-5643
-4989
-3602
-2412
-1588
-389
1261
2603
3458
4296
5100
5373
5199
5178
5257
4792
3855
3216
2968
2493
1709
1267
1292
1090
446
89
348
523
113
-411
-546
-563
-831
-1084
-1026
-927
-980
-846
-323
260
697
1216
1852
2311
2609
3056
3507
3511
3143
2893
2784
2406
1781
1327
1069
658
129
-164
-235
-386
-654
-859
-995
-1173
-1357
-1500
-1729
-2095
-2447
-2725
-3078
-3522
-3875
-4110
-4394
-4761
-5058
-5257
-5482
-5732
-5927
-6122
-6426
-6772
-7048
-7342
-7803
-8344
-8759
-9067
-9495
-10086
-10426
-9962
-8665
-7141
-5852
-4392
-2026
1019
3765
5922
8062
10266
11857
12662
13197
13586
13358
12441
11261
10007
8652
7493
6647
5556
4052
2987
2731
2321
1148
63
-300
-814
-2199
-3633
-4214
-4559
-5526
-6581
-6824
-6532
-6351
-6038
-5114
-3864
-2773
-1635
-119
1430
2575
3532
4490
5076
5144
5188
5441
5344
4554
3718
3426
3216
2530
1799
1626
1657
1227
617
554
915
940
472
66
7
-3
-154
-271
-312
-363
-284
86
584
1014
1480
2080
2603
2909
3239
3724
3999
3765
3316
3031
2803
2348
1752
1239
801
351
-28
-242
-395
-564
-736
-939
-1231
-1483
-1578
-1725
-2167
-2739
-3101
-3336
-3741
-4265
-4626
-4819
-5028
-5286
-5497
-5624
-5688
-5740
-5871
-6128
-6396
-6594
-6889
-7410
-8002
-8445
-8772
-9199
-9806
-10281
-10072
-8980
-7477
-6092
-4657
-2516
357
3174
5486
7632
9782
11422
12289
12777
13108
12974
12223
11125
9832
8446
7364
6697
5797
4365
3242
2994
2717
1582
384
-23
-492
-2032
-3829
-4657
-5017
-6064
-7390
-7792
-7397
-7120
-6815
-5763
-4216
-2906
-1721
-119
1581
2754
3606
4558
5190
5050
4728
4816
4793
4018
3062
2747
2743
2270
1650
1624
1881
1671
1206
1126
1326
1298
920
455
73
-221
-323
-269
-360
-500
-233
437
1059
1561
2254
3094
3676
3937
4236
4644
4791
4456
3907
3438
2999
2484
1942
1417
906
530
344
203
12
-128
-147
-251
-597
-958
-1110
-1314
-1854
-2504
-2879
-3096
-3502
-4000
-4250
-4292
-4377
-4515
-4596
-4637
-4697
-4741
-4821
-5069
-5411
-5706
-6114
-6808
-7557
-8096
-8562
-9185
-9888
-10409
-10479
-9834
-8483
-6915
-5522
-3889
-1391
1593
4100
6023
7936
9755
10839
11245
11558
11743
11298
10292
9236
8263
7331
6616
6048
5184
4102
3427
3138
2451
1234
231
-443
-1608
-3406
-4869
-5569
-6260
-7359
-8120
-8010
-7510
-7031
-6210
-4818
-3315
-2037
-699
800
2053
2918
3669
4258
4304
3960
3827
3859
3463
2699
2273
2343
2284
1890
1749
2032
2160
1871
1580
1560
1546
1227
671
131
-243
-413
-462
-557
-662
-411
245
889
1364
2007
2925
3634
3830
3910
4228
4428
4066
3351
2762
2302
1682
970
479
166
-150
-402
-464
-389
-358
-370
-331
-374
-657
-1026
-1284
-1560
-2047
-2629
-3063
-3377
-3731
-4046
-4152
-4108
-4132
-4239
-4254
-4175
-4116
-4154
-4338
-4607
-4870
-5231
-5853
-6648
-7365
-7885
-8372
-9068
-9806
-9995
-9222
-7757
-6238
-4842
-3016
-373
2527
4964
6996
8989
10621
11378
11571
11796
11861
11225
10068
8966
8014
7137
6536
6114
5349
4311
3707
3489
2763
1406
291
-509
-1931
-3986
-5506
-6128
-6865
-8104
-8820
-8395
-7578
-6961
-6046
-4455
-2754
-1415
-128
1306
2489
3211
3719
4059
3949
3514
3313
3306
2918
2210
1886
2084
2204
2012
1986
2293
2409
2098
1787
1704
1487
892
175
-379
-746
-964
-998
-890
-706
-294
478
1367
2147
2929
3768
4386
4561
4559
4650
4575
4004
3118
2307
1660
1023
400
-67
-392
-625
-676
-578
-482
-441
-368
-288
-456
-902
-1279
-1443
-1770
-2466
-3127
-3402
-3542
-3853
-4094
-3976
-3711
-3638
-3611
-3370
-3164
-3252
-3424
-3596
-3947
-4443
-4973
-5646
-6553
-7475
-8058
-8402
-8958
-9673
-9929
-9324
-8038
-6505
-5000
-3351
-1173
1433
3886
5907
7765
9465
10525
10874
11095
11415
11330
10591
9632
8788
8020
7400
7002
6420
5391
4439
3971
3387
2110
685
-337
-1507
-3327
-5075
-5959
-6486
-7400
-8230
-8140
-7369
-6625
-5806
-4475
-2888
-1556
-383
895
2027
2715
3128
3454
3469
3100
2817
2834
2697
2184
1799
1924
2156
2054
1894
2060
2247
1981
1424
1026
746
247
-463
-1090
-1493
-1717
-1743
-1527
-1154
-652
86
982
1817
2549
3299
3971
4272
4215
4112
4012
3629
2891
2114
1524
1014
463
7
-234
-332
-385
-409
-393
-353
-334
-431
-739
-1182
-1554
-1849
-2265
-2822
-3260
-3466
-3619
-3817
-3867
-3689
-3469
-3315
-3122
-2854
-2716
-2791
-2950
-3181
-3564
-4028
-4518
-5200
-6107
-6899
-7374
-7824
-8483
-9081
-9295
-9222
-8837
-7794
-6155
-4548
-3132
-1292
1180
3580
5411
6991
8541
9663
10178
10508
10851
10842
10287
9519
8779
8068
7492
7078
6461
5415
4397
3811
3196
1991
524
-603
-1619
-3073
-4666
-5624
-5985
-6452
-7094
-7229
-6537
-5509
-4591
-3632
-2383
-989
269
1317
2226
2973
3472
3685
3652
3507
3396
3313
3115
2804
2615
2673
2776
2723
2622
2628
2601
2300
1796
1332
941
446
-180
-740
-1091
-1236
-1198
-978
-599
-65
643
1440
2141
2689
3201
3646
3818
3672
3441
3240
2866
2215
1564
1150
841
455
104
-42
-72
-143
-233
-291
-376
-549
-800
-1139
-1563
-1947
-2194
-2431
-2767
-3048
-3094
-3025
-3036
-3061
-2951
-2766
-2675
-2686
-2721
-2847
-3124
-3488
-3872
-4325
-4894
-5522
-6141
-6726
-7257
-7725
-8139
-8478
-8752
-8963
-8925
-8306
-7082
-5718
-4492
-3044
-1016
1267
3255
4931
6522
7894
8826
9464
9993
10231
10001
9487
8905
8217
7474
6895
6359
5521
4436
3582
2988
2173
969
-254
-1299
-2429
-3702
-4747
-5379
-5895
-6436
-6687
-6381
-5734
-5025
-4177
-3075
-1918
-855
258
1404
2268
2741
3085
3470
3667
3541
3384
3368
3249
2925
2752
2890
2993
2820
2638
2663
2641
2331
1909
1600
1273
759
215
-130
-286
-355
-335
-169
164
695
1351
1963
2461
2960
3472
3771
3741
3603
3519
3281
2711
2061
1635
1317
872
419
206
152
34
-94
-76
-21
-143
-387
-586
-789
-1137
-1544
-1869
-2161
-2500
-2775
-2879
-2890
-2932
-2973
-2941
-2881
-2820
-2738
-2696
-2847
-3206
-3599
-3926
-4282
-4784
-5408
-6030
-6565
-7022
-7441
-7810
-8078
-8302
-8563
-8708
-8344
-7372
-6187
-5092
-3845
-2102
-51
1891
3643
5315
6794
7876
8635
9257
9677
9726
9396
8796
8036
7291
6693
6065
5153
4122
3337
2714
1851
769
-173
-1008
-2107
-3390
-4360
-4912
-5423
-6007
-6316
-6164
-5756
-5220
-4454
-3511
-2566
-1578
-474
542
1270
1873
2528
2988
3007
2878
3033
3281
3158
2794
2718
2947
3006
2766
2615
2714
2694
2291
1799
1550
1379
957
380
1
-112
-145
-159
-8
360
804
1243
1752
2334
2863
3258
3522
3619
3539
3400
3271
3013
2528
2029
1739
1547
1242
949
898
975
875
664
639
783
746
423
97
-77
-283
-674
-1091
-1335
-1458
-1628
-1823
-1883
-1793
-1733
-1809
-1911
-1941
-1985
-2211
-2609
-3045
-3469
-3932
-4421
-4880
-5345
-5859
-6337
-6663
-6898
-7171
-7462
-7648
-7764
-7832
-7646
-6991
-5994
-4983
-3949
-2556
-736
1127
2745
4241
5735
6999
7830
8360
8798
9028
8799
8142
7351
6641
5974
5231
4364
3463
2655
1973
1297
540
-232
-954
-1726
-2644
-3538
-4145
-4538
-4990
-5473
-5666
-5434
-5001
-4566
-4002
-3179
-2267
-1451
-657
232
1069
1630
1936
2200
2493
2708
2743
2641
2497
2421
2409
2358
2211
2074
2003
1855
1525
1223
1153
1107
761
252
33
168
254
97
30
320
755
991
1167
1557
2084
2349
2265
2190
2352
2500
2289
1839
1523
1454
1375
1180
992
951
991
1006
942
920
1028
1093
897
521
239
144
6
-377
-818
-1070
-1172
-1301
-1437
-1484
-1470
-1485
-1547
-1623
-1689
-1731
-1822
-2061
-2462
-2847
-3088
-3289
-3623
-4068
-4466
-4779
-5097
-5462
-5799
-6061
-6286
-6532
-6732
-6697
-6293
-5609
-4808
-3887
-2721
-1304
231
1797
3345
4744
5849
6723
7469
8004
8173
8044
7781
7312
6537
5672
5062
4584
3821
2795
2007
1571
1056
225
-572
-1111
-1705
-2615
-3490
-3941
-4179
-4614
-5111
-5212
-4875
-4445
-4040
-3440
-2598
-1751
-1020
-260
573
1287
1728
1994
2220
2402
2445
2381
2295
2184
2004
1834
1776
1767
1653
1475
1379
1363
1270
1105
1017
987
866
665
590
670
724
686
735
917
1103
1215
1342
1488
1576
1589
1598
1593
1517
1432
1384
1314
1172
1095
1143
1183
1075
973
1035
1110
984
770
682
627
404
91
-88
-161
-332
-600
-757
-786
-898
-1112
-1270
-1350
-1530
-1839
-2124
-2310
-2539
-2908
-3306
-3574
-3796
-4099
-4390
-4554
-4669
-4887
-5162
-5317
-5352
-5460
-5660
-5763
-5709
-5598
-5384
-4837
-3937
-2948
-1983
-829
638
2165
3487
4649
5740
6626
7158
7419
7574
7585
7298
6726
6067
5454
4893
4343
3772
3163
2557
2027
1565
1055
423
-260
-912
-1584
-2332
-3031
-3508
-3804
-4105
-4358
-4275
-3788
-3195
-2696
-2126
-1308
-435
219
727
1286
1802
2027
2018
2029
2104
2076
1890
1693
1600
1561
1514
1471
1451
1460
1496
1513
1469
1411
1395
1342
1145
895
765
721
599
417
367
453
493
469
556
760
890
885
901
1003
1052
974
889
879
827
678
560
549
533
439
347
338
333
244
137
84
23
-136
-342
-495
-610
-805
-1084
-1332
-1508
-1704
-1994
-2278
-2467
-2638
-2896
-3177
-3351
-3439
-3602
-3881
-4098
-4145
-4194
-4388
-4638
-4758
-4791
-4915
-5113
-5217
-5165
-5131
-5176
-5113
-4732
-4083
-3377
-2679
-1798
-629
665
1865
2933
3981
4991
5744
6136
6394
6672
6722
6338
5767
5333
4996
4496
3857
3337
2932
2425
1855
1422
1044
464
-259
-853
-1323
-1871
-2433
-2762
-2898
-3055
-3136
-2849
-2264
-1743
-1356
-822
-83
559
965
1324
1730
2003
2035
2003
2065
2126
2044
1891
1823
1832
1839
1828
1850
1897
1940
1974
2003
2020
2012
1959
1836
1650
1462
1300
1124
907
718
615
548
466
437
542
694
757
766
859
987
973
834
752
728
574
295
115
106
76
-75
-157
-52
59
28
-11
72
112
-64
-319
-471
-622
-947
-1347
-1616
-1807
-2090
-2402
-2553
-2588
-2712
-2926
-3042
-3047
-3148
-3402
-3635
-3765
-3929
-4205
-4452
-4554
-4596
-4689
-4758
-4672
-4487
-4340
-4204
-3972
-3629
-3257
-2867
-2366
-1731
-1039
-342
416
1257
2091
2828
3453
4021
4507
4817
4932
4930
4867
4678
4326
3917
3561
3226
2803
2327
1924
1599
1201
711
267
-80
-452
-908
-1319
-1576
-1745
-1911
-2023
-1966
-1763
-1534
-1289
-958
-534
-119
210
488
795
1097
1307
1410
1504
1642
1756
1806
1864
2006
2179
2293
2367
2496
2661
2747
2717
2638
2555
2407
2153
1865
1615
1378
1122
887
751
709
696
695
743
842
930
953
932
885
773
580
366
185
23
-142
-252
-250
-167
-67
66
264
442
498
448
379
240
-67
-502
-927
-1309
-1724
-2142
-2413
-2530
-2618
-2711
-2721
-2634
-2583
-2633
-2715
-2802
-2964
-3214
-3435
-3574
-3691
-3784
-3756
-3582
-3362
-3144
-2847
-2480
-2189
-2047
-1935
-1770
-1674
-1725
-1772
-1650
-1428
-1245
-1017
-572
42
595
1030
1500
2030
2433
2579
2592
2628
2614
2412
2093
1872
1810
1733
1560
1448
1510
1602
1516
1320
1212
1139
860
376
-22
-229
-492
-911
-1200
-1155
-1028
-1060
-1021
-655
-222
-84
-81
164
505
532
335
352
579
604
441
528
937
1230
1284
1463
1899
2225
2242
2236
2367
2369
2096
1825
1731
1632
1400
1210
1225
1303
1297
1331
1479
1578
1511
1392
1318
1187
909
576
314
101
-101
-224
-203
-87
56
246
507
778
972
1082
1114
1022
797
517
233
-87
-463
-793
-971
-1037
-1080
-1078
-962
-805
-761
-826
-898
-991
-1241
-1663
-2091
-2432
-2751
-3078
-3293
-3301
-3180
-3024
-2806
-2479
-2121
-1846
-1684
-1583
-1542
-1590
-1716
-1881
-2014
-2082
-2084
-2017
-1848
-1556
-1185
-810
-459
-109
204
416
520
576
611
592
533
512
565
657
771
949
1181
1396
1567
1711
1818
1822
1727
1597
1434
1203
942
735
580
413
264
218
249
248
215
247
336
348
266
226
272
285
210
177
279
411
465
520
693
912
1029
1054
1119
1235
1282
1213
1132
1131
1143
1090
1012
1024
1107
1149
1110
1081
1119
1122
1010
829
693
585
405
181
23
-39
-98
-188
-226
-166
-98
-85
-99
-76
-51
-86
-171
-233
-262
-305
-359
-382
-347
-294
-271
-266
-248
-246
-306
-430
-575
-725
-901
-1100
-1286
-1419
-1516
-1595
-1644
-1646
-1615
-1591
-1586
-1588
-1593
-1615
-1659
-1702
-1703
-1664
-1600
-1508
-1359
-1133
-886
-668
-452
-222
-25
80
117
156
174
101
-20
-84
-89
-127
-200
-190
-85
-11
-5
41
183
292
285
288
391
496
483
447
540
681
710
691
782
953
1031
1016
1077
1238
1330
1294
1286
1380
1428
1324
1194
1157
1109
931
707
574
483
316
111
5
-15
-68
-157
-188
-138
-109
-136
-148
-108
-76
-94
-104
-72
-20
29
83
167
277
401
519
613
688
753
791
763
681
595
506
361
162
-13
-132
-245
-394
-516
-557
-575
-634
-708
-719
-698
-721
-779
-804
-775
-752
-766
-755
-697
-619
-561
-514
-453
-398
-367
-380
-425
-489
-552
-626
-714
-813
-876
-889
-881
-874
-847
-771
-665
-589
-560
-513
-428
-392
-421
-437
-385
-303
-260
-209
-70
128
280
386
531
696
786
779
764
779
757
680
617
629
667
687
726
821
926
982
1003
1018
1005
937
835
730
635
544
475
448
449
470
509
561
600
609
598
559
483
375
263
162
73
-7
-54
-64
-49
-30
-11
8
12
-6
-51
-113
-188
-266
-329
-377
-411
-414
-379
-333
-290
-248
-195
-151
-153
-188
-210
-217
-241
-284
-296
-250
-188
-142
-83
27
143
202
212
232
253
214
114
29
-19
-71
-151
-205
-192
-154
-135
-115
-55
1
9
-23
-53
-94
-183
-289
-362
-413
-481
-534
-525
-479
-462
-463
-418
-351
-351
-414
-447
-427
-449
-540
-584
-520
-444
-440
-424
-295
-151
-109
-132
-92
-4
-14
-114
-170
-136
-123
-187
-222
-150
-49
-30
-41
9
95
117
67
38
59
64
7
-40
-15
45
76
92
152
257
340
367
380
426
459
432
369
342
357
349
307
296
340
379
365
340
352
357
298
205
146
112
52
-19
-36
2
41
62
99
161
211
225
220
213
201
171
132
96
67
54
48
34
15
17
30
20
-16
-36
-21
-25
-66
-85
-43
7
20
35
117
218
257
267
322
401
418
371
359
390
369
282
233
259
258
188
146
182
195
121
57
67
62
-35
-142
-167
-185
-289
-408
-434
-417
-468
-548
-543
-475
-468
-523
-517
-450
-429
-486
-526
-491
-470
-516
-557
-524
-455
-432
-429
-373
-273
-194
-158
-113
-24
62
97
103
129
169
174
131
91
82
68
22
-32
-50
-37
-29
-29
-18
31
87
105
88
75
96
91
28
-33
-13
35
25
8
83
200
221
177
186
221
147
-10
-85
-88
-142
-217
-176
-54
26
71
145
224
203
100
23
-57
-189
-312
-341
-319
-294
-225
-94
21
74
117
158
128
39
-14
-24
-54
-82
-13
117
208
271
383
501
519
478
474
474
395
291
268
289
265
236
297
399
442
455
515
580
562
484
428
384
286
154
62
20
-20
-59
-63
-24
12
21
14
-10
-52
-126
-215
-299
-353
-371
-362
-337
-285
-197
-114
-71
-67
-67
-89
-146
-224
-272
-280
-271
-244
-193
-118
-46
-11
-14
-48
-97
-158
-240
-325
-370
-371
-348
-330
-292
-212
-139
-115
-121
-110
-90
-112
-169
-195
-162
-136
-161
-174
-123
-66
-85
-135
-109
-41
-52
-122
-115
-28
-21
-123
-166
-100
-89
-212
-287
-194
-107
-151
-172
-18
161
156
94
170
276
197
15
-26
28
-41
-208
-230
-109
-65
-127
-91
66
138
79
59
131
134
22
-58
-46
-71
-175
-210
-135
-78
-84
-33
111
196
180
196
290
329
260
232
313
376
340
330
433
529
501
443
476
518
442
324
309
363
345
276
291
376
387
300
244
261
228
104
7
17
42
-9
-50
4
73
54
-8
-12
15
-37
-134
-160
-119
-105
-147
-139
-61
-12
-40
-69
-36
-13
-69
-130
-117
-85
-111
-165
-158
-117
-137
-197
-207
-168
-168
-210
-212
-160
-135
-170
-187
-161
-153
-203
-248
-233
-213
-233
-252
-206
-141
-122
-131
-103
-56
-61
-108
-122
-93
-93
-130
-139
-92
-63
-83
-92
-48
-10
-21
-24
27
88
102
108
154
197
178
128
98
61
-25
-124
-184
-217
-265
-295
-281
-247
-238
-237
-210
-198
-234
-277
-288
-293
-327
-342
-278
-192
-134
-80
18
116
146
135
140
149
108
42
17
36
42
39
83
165
226
267
313
363
398
407
396
385
376
352
328
300
286
286
267
236
219
223
217
182
155
161
171
156
152
195
251
277
295
346
401
405
370
351
338
286
209
154
131
105
72
62
84
101
100
91
78
47
-8
-76
-148
-214
-270
-313
-347
-362
-353
-333
-326
-325
-315
-308
-327
-365
-385
-386
-389
-394
-364
-293
-226
-175
-116
-39
12
20
16
20
14
-24
-63
-69
-62
-55
-51
-19
26
50
55
59
68
52
16
-20
-39
-59
-90
-116
-119
-117
-128
-144
-147
-143
-163
-194
-213
-219
-241
-276
-287
-277
-276
-290
-287
-257
-243
-257
-264
-254
-252
-283
-305
-291
-261
-247
-219
-139
-35
48
120
219
323
384
399
424
457
453
411
376
383
377
344
323
341
359
333
301
293
286
233
164
123
107
65
17
5
32
56
60
83
133
166
162
147
151
145
109
71
58
63
54
45
68
104
128
131
140
157
156
131
99
78
61
27
-11
-28
-34
-46
-74
-93
-94
-89
-93
-100
-84
-56
-36
-27
-1
38
63
64
66
79
84
58
32
32
39
26
0
-3
13
5
-33
-59
-60
-74
-120
-154
-150
-137
-153
-160
-130
-91
-87
-109
-108
-102
-134
-199
-237
-244
-269
-309
-316
-276
-241
-232
-209
-158
-132
-156
-187
-197
-225
-288
-345
-356
-349
-356
-344
-280
-204
-156
-112
-46
16
33
35
59
90
97
96
139
205
253
294
358
426
452
448
453
455
418
360
323
313
284
244
233
246
235
194
164
143
88
-1
-77
-121
-168
-227
-247
-220
-182
-151
-108
-38
16
38
44
54
50
14
-18
-37
-46
-70
-84
-73
-53
-50
-51
-41
-43
-59
-72
-81
-88
-89
-77
-58
-25
13
37
64
75
67
64
48
24
3
-16
-17
-9
9
49
101
149
189
225
256
265
252
239
228
210
188
177
179
183
183
190
203
204
186
159
132
95
44
-8
-47
-81
-114
-138
-151
-161
-175
-185
-188
-195
-210
-221
-225
-227
-232
-233
-219
-202
-194
-185
-173
-162
-166
-172
-168
-163
-160
-151
-126
-93
-61
-33
0
37
56
59
55
53
40
14
-1
2
7
12
33
76
121
156
182
213
234
231
206
184
158
118
74
41
22
0
-23
-35
-32
-32
-40
-46
-42
-44
-58
-75
-85
-90
-103
-114
-118
-118
-121
-130
-132
-129
-133
-136
-128
-115
-101
-87
-69
-44
-19
-2
14
27
33
30
17
3
-20
-41
-62
-77
-89
-96
-90
-78
-57
-38
-14
14
36
52
60
62
57
48
36
23
11
-2
-12
-18
-23
-25
-23
-23
-19
-16
-18
-19
-20
-20
-15
-7
6
19
36
54
68
80
86
85
79
69
56
43
30
18
8
5
12
25
43
56
68
75
74
74
67
58
45
38
39
46
61
85
111
142
170
197
215
224
225
213
196
176
154
133
120
115
114
125
136
150
159
157
154
139
116
89
57
21
-14
-42
-64
-77
-80
-80
-73
-68
-66
-69
-80
-94
-117
-145
-172
-192
-214
-228
-233
-228
-213
-195
-173
-149
-120
-99
-80
-69
-58
-53
-52
-49
-46
-38
-33
-23
-15
-6
1
6
10
13
13
9
2
-5
-10
-15
-23
-32
-40
-49
-61
-74
-92
-115
-140
-171
-195
-224
-250
-267
-282
-288
-283
-275
-257
-233
-204
-169
-140
-111
-86
-65
-49
-39
-38
-45
-47
-57
-68
-76
-71
-67
-63
-47
-28
-9
10
31
43
60
77
78
81
79
75
76
76
73
75
87
107
131
157
184
210
239
271
300
326
351
372
381
389
389
390
387
379
371
359
348
334
319
301
287
269
251
233
208
183
152
119
86
50
20
-9
-33
-59
-78
-95
-110
-117
-126
-136
-142
-148
-151
-156
-164
-171
-172
-172
-169
-160
-151
-134
-117
-100
-87
-72
-62
-55
-48
-45
-45
-50
-53
-58
-60
-59
-57
-51
-42
-32
-19
-6
7
14
16
18
18
15
9
-2
-10
-24
-39
-51
-65
-76
-87
-98
-107
-117
-123
-133
-141
-151
-158
-166
-172
-178
-185
-189
-192
-197
-199
-202
-201
-199
-195
-187
-178
-162
-141
-117
-92
-67
-37
-9
15
41
61
74
81
78
76
68
56
39
23
10
-1
-5
-12
-7
4
18
31
45
64
78
94
100
107
110
108
103
98
91
86
83
81
89
99
108
122
137
152
170
185
199
211
219
220
215
208
198
188
177
166
155
143
131
120
110
100
91
88
82
75
62
48
36
24
13
0
-12
-21
-27
-33
-36
-41
-44
-44
-47
-47
-49
-51
-53
-56
-60
-61
-61
-64
-62
-61
-55
-45
-40
-30
-23
-18
-15
-14
-11
-11
-11
-13
-12
-18
-27
-35
-41
-46
-51
-54
-63
-72
-84
-98
-111
-122
-133
-141
-149
-154
-153
-155
-152
-145
-136
-125
-113
-99
-86
-75
-63
-55
-48
-40
-38
-33
-30
-27
-24
-24
-24
-23
-20
-19
-17
-16
-14
-11
-11
-8
-3
0
-1
-3
-6
-6
-6
-11
-15
-21
-26
-33
-40
-41
-42
-38
-28
-22
-11
-3
11
24
37
46
53
63
68
72
67
65
61
55
46
40
40
38
35
39
43
44
48
53
51
57
62
56
56
50
43
40
32
22
16
16
18
21
26
33
41
53
67
82
95
111
123
135
145
150
155
159
164
162
158
154
149
144
136
125
114
103
93
82
67
55
44
30
16
6
-6
-15
-27
-39
-48
-55
-64
-72
-82
-91
-95
-102
-110
-116
-123
-124
-131
-132
-133
-136
-133
-131
-128
-126
-125
-126
-124
-122
-117
-116
-117
-114
-111
-105
-98
-93
-85
-76
-65
-53
-43
-29
-19
-10
-1
2
7
9
11
11
5
2
-5
-13
-20
-25
-31
-36
-38
-43
-45
-48
-47
-44
-44
-41
-37
-33
-29
-28
-23
-18
-9
-1
6
14
24
32
44
57
72
90
101
113
120
126
134
138
135
134
124
118
107
95
79
60
48
32
20
9
3
-5
-14
-20
-23
-26
-28
-30
-31
-30
-34
-39
-42
-42
-43
-48
-49
-46
-40
-34
-30
-20
-12
-1
11
26
40
51
59
69
78
82
85
85
86
86
82
78
74
70
62
56
50
46
44
38
34
28
23
17
14
10
5
1
-4
-8
-10
-15
-20
-22
-24
-27
-31
-34
-36
-37
-40
-41
-40
-42
-38
-39
-37
-31
-28
-20
-15
-11
-5
-2
2
9
12
15
14
15
14
11
9
3
-2
-7
-13
-21
-29
-35
-43
-51
-59
-65
-69
-74
-74
-76
-75
-73
-68
-62
-56
-49
-42
-32
-21
-12
-2
6
14
22
28
33
39
45
48
52
51
51
51
50
50
45
41
34
29
19
10
-1
-12
-22
-33
-44
-57
-69
-77
-84
-93
-99
-105
-103
-99
-99
-96
-93
-80
-70
-63
-53
-42
-29
-21
-8
0
13
22
30
35
44
53
57
59
68
73
72
73
75
70
70
72
64
63
56
49
47
42
36
28
22
21
23
25
23
23
28
35
42
48
55
64
71
79
86
93
100
104
103
105
105
101
98
92
85
76
67
55
46
37
23
10
-2
-12
-21
-31
-42
-51
-59
-65
-73
-77
-80
-83
-83
-83
-83
-83
-81
-79
-72
-70
-66
-61
-56
-51
-45
-40
-38
-33
-33
-30
-25
-22
-17
-16
-14
-14
-12
-10
-7
-3
-1
-1
0
1
1
0
-1
-3
-4
-8
-13
-18
-24
-31
-35
-41
-48
-54
-62
-66
-68
-68
-69
-72
-73
-71
-69
-64
-59
-54
-46
-42
-35
-26
-18
-11
-4
4
12
18
25
31
38
44
48
53
56
59
59
63
60
60
56
52
52
48
44
35
29
22
16
10
2
-1
-5
-11
-17
-22
-25
-27
-30
-33
-33
-33
-34
-32
-31
-29
-27
-23
-19
-12
-5
-1
7
11
19
27
33
42
48
53
57
62
65
69
71
73
72
73
72
70
69
65
59
56
54
54
48
44
36
33
31
27
24
19
17
13
9
7
3
3
2
-1
0
-2
-2
-3
-3
-2
-1
4
5
6
6
8
12
14
18
18
19
22
18
19
17
15
10
7
1
-4
-10
-18
-23
-33
-40
-50
-59
-68
-73
-83
-90
-96
-100
-103
-105
-103
-104
-103
-99
-93
-84
-76
-66
-56
-46
-34
-22
-11
4
13
25
36
44
54
59
63
66
68
70
68
63
57
52
43
36
25
13
3
-9
-19
-29
-40
-50
-59
-69
-74
-80
-86
-86
-87
-83
-82
-82
-77
-74
-65
-55
-48
-40
-33
-22
-14
-5
1
9
15
26
27
33
40
43
44
48
51
51
54
55
51
56
59
51
53
52
53
57
56
52
53
56
59
61
63
68
69
70
73
75
79
82
85
85
85
86
86
87
85
83
79
75
70
65
60
52
44
36
32
23
15
6
-1
-10
-18
-25
-31
-36
-43
-48
-51
-55
-57
-60
-63
-63
-59
-61
-61
-58
-58
-52
-52
-50
-45
-41
-39
-37
-36
-32
-29
-29
-28
-25
-23
-22
-23
-25
-25
-25
-25
-25
-26
-30
-31
-31
-32
-34
-37
-39
-41
-41
-43
-45
-47
-49
-51
-53
-55
-54
-56
-56
-57
-58
-57
-57
-56
-55
-55
-53
-52
-47
-43
-40
-36
-33
-28
-22
-16
-11
-4
3
11
16
23
31
36
45
49
54
60
62
67
69
71
72
69
72
70
69
65
62
59
54
49
42
40
35
32
24
21
18
14
12
5
4
4
0
-3
-1
-2
-2
0
-2
-1
3
3
6
8
11
13
15
16
18
21
25
27
29
30
32
33
35
36
39
40
40
38
37
36
37
40
40
39
35
33
31
29
26
22
17
16
11
9
4
-1
-5
-11
-12
-16
-19
-23
-26
-30
-32
-33
-35
-36
-38
-37
-36
-37
-34
-36
-35
-34
-35
-34
-33
-33
-33
-35
-35
-39
-39
-41
-44
-45
-48
-51
-52
-53
-56
-58
-60
-61
-59
-58
-58
-57
-53
-49
-44
-43
-36
-31
-24
-17
-9
-2
3
9
14
21
28
34
37
39
43
43
45
45
46
45
42
38
35
31
25
20
15
11
6
0
-5
-11
-16
-20
-23
-27
-30
-34
-35
-38
-36
-36
-35
-32
-35
-29
-28
-23
-22
-21
-14
-12
-6
-4
0
3
6
7
11
14
16
16
19
22
21
24
23
20
26
28
26
27
26
27
32
33
32
32
36
39
44
46
49
51
56
59
64
68
70
75
75
76
76
79
79
79
78
78
76
72
68
64
60
56
49
45
37
31
22
15
9
2
-4
-11
-17
-25
-30
-36
-41
-44
-50
-53
-56
-61
-60
-62
-64
-65
-64
-66
-64
-64
-63
-60
-58
-56
-55
-50
-49
-45
-40
-39
-34
-32
-29
-26
-24
-19
-15
-13
-10
-9
-6
-3
-2
-1
1
-1
-1
1
0
-1
-2
-4
-7
-8
-11
-12
-14
-18
-20
-22
-26
-28
-30
-30
-31
-32
-33
-35
-34
-32
-32
-31
-27
-25
-22
-19
-16
-11
-8
-4
0
5
11
13
17
19
24
30
32
33
35
36
40
41
40
38
39
38
37
36
34
33
29
27
23
23
19
15
14
8
8
5
2
1
0
-3
-2
-4
-6
-4
-4
-3
-3
-2
0
3
5
5
9
11
14
16
19
22
23
26
27
29
30
31
31
30
29
28
29
30
27
26
23
21
21
18
16
13
11
9
6
5
2
2
1
-1
-2
-3
-5
-6
-6
-6
-6
-6
-7
-8
-10
-8
-7
-8
-8
-9
-9
-10
-11
-12
-13
-14
-16
-18
-19
-20
-22
-24
-26
-27
-28
-28
-29
-31
-31
-34
-33
-32
-32
-32
-31
-30
-29
-28
-25
-24
-22
-19
-18
-16
-14
-11
-9
-7
-5
-5
-3
-2
-1
0
1
1
1
0
-1
0
-1
-2
-2
-3
-4
-4
-5
-6
-7
-8
-8
-9
-10
-10
-9
-9
-9
-11
-10
-10
-7
-6
-6
-4
-5
-2
-2
-1
-1
0
1
2
2
1
3
2
3
1
4
4
3
4
6
5
4
4
6
5
7
8
8
10
9
10
12
13
16
17
18
19
20
23
25
28
30
31
33
35
37
36
37
38
39
40
40
40
39
40
38
37
35
33
31
27
27
24
21
19
16
14
10
7
5
2
-1
-3
-6
-8
-10
-13
-14
-15
-17
-18
-19
-21
-23
-24
-23
-24
-24
-24
-25
-25
-24
-24
-23
-22
-22
-22
-21
-19
-19
-20
-19
-18
-18
-16
-16
-15
-16
-15
-13
-12
-11
-10
-10
-10
-10
-9
-8
-9
-9
-8
-8
-6
-8
-7
-8
-7
-7
-7
-7
-7
-7
-7
-8
-7
-8
-7
-8
-8
-7
-8
-7
-6
-6
-6
-5
-6
-5
-5
-4
-3
-2
-2
-2
-2
-1
-1
-1
-1
-2
0
1
0
0
0
0
0
-1
-1
-2
-3
-2
-2
-3
-3
-4
-3
-3
-3
-3
-3
-2
-1
-1
0
1
1
1
3
5
5
7
7
8
10
13
14
13
15
17
18
18
20
20
22
22
23
22
22
21
21
21
20
20
20
19
19
18
16
15
13
12
11
9
9
8
6
5
4
4
1
2
2
0
-1
-1
-3
-4
-3
-4
-6
-6
-5
-4
-5
-4
-5
-5
-5
-6
-6
-4
-5
-5
-5
-5
-5
-5
-6
-7
-6
-5
-5
-5
-5
-5
-6
-7
-6
-6
-6
-5
-5
-6
-6
-5
-5
-5
-4
-5
-4
-4
-4
-4
-3
-3
-3
-5
-3
-3
-3
-3
-4
-2
-3
-2
-2
-3
-3
-2
-4
-2
-2
-2
-2
-2
-1
-1
-1
-1
-1
-1
0
-2
-1
-2
-2
0
-1
-1
0
0
0
0
1
0
1
1
0
1
0
0
1
-1
-1
1
1
-1
0
2
2
0
0
0
1
2
1
0
2
0
1
1
1
-1
0
1
1
0
0
1
