SAMPLES:	11840
BITSPERSAMPLE:	16
CHANNELS:	1
SAMPLERATE:	16000
NORMALIZED:	FALSE
-1
2
6
5
0
-2
0
1
5
3
9
-1
-8
-4
-3
-5
-9
-6
-6
7
5
4
13
6
5
9
8
11
13
8
7
6
14
12
7
11
16
15
4
11
21
12
8
3
9
12
12
6
-4
3
2
-1
-1
0
3
2
-5
-2
-11
-7
-3
-5
-11
-10
-7
-6
-11
-15
-9
-16
-12
-6
-6
-6
-5
-6
-14
-15
-10
-11
-9
-2
-6
-7
-3
-3
6
10
2
4
5
4
2
-2
2
2
-6
-7
1
3
7
3
5
0
3
6
-8
6
2
-3
2
3
7
-1
8
4
0
6
4
2
-3
6
6
0
7
8
3
6
7
5
1
-7
-2
4
1
5
-1
2
-1
-4
-4
-5
0
0
-1
-1
-6
0
1
-5
-1
-4
-14
-4
-8
-11
-6
-11
-15
-13
-14
-11
-13
-8
-10
-10
3
-4
2
-7
-11
-11
-9
3
1
-3
-8
0
3
2
1
-5
-3
3
2
8
8
2
10
10
13
11
8
9
10
11
8
5
10
8
8
8
5
7
6
4
2
9
7
4
12
6
3
1
1
7
6
2
-7
4
7
-1
9
-1
-5
-2
-4
-3
-2
-8
0
-3
-8
-5
-8
0
-4
-1
6
-1
5
5
2
5
1
2
7
-1
-1
-2
-7
-5
-2
1
-6
-8
-7
-9
-17
-11
-7
-7
-7
-8
-6
-1
-5
-1
-5
-2
-1
-5
-4
-3
-5
5
2
-9
0
-9
-2
-6
-5
-2
-8
1
4
4
8
10
3
5
3
3
7
2
8
8
6
6
8
6
9
4
2
2
6
12
11
5
8
4
8
13
9
7
4
6
4
2
2
3
4
9
6
4
4
7
12
6
10
-3
0
6
-3
2
-3
-7
-6
-4
-11
-9
-4
-10
-2
1
-3
3
-4
-3
-8
-7
-5
-5
-3
-4
-2
-4
5
2
-3
-13
-8
-5
-13
-8
-12
-11
-10
-5
-13
-4
1
-3
-2
2
-2
6
7
-3
6
2
1
-2
1
-5
-4
-2
0
3
-1
1
7
9
3
15
11
5
8
5
1
3
-2
-2
-2
10
13
8
3
0
-3
-2
3
1
1
-1
-3
-5
-7
4
6
3
3
5
2
0
-3
5
8
2
1
1
5
-1
1
-3
-9
-4
-9
-11
-4
-5
-9
-14
-5
-6
-6
-1
-4
-5
-3
-3
5
5
2
-2
-4
-2
-8
-11
-3
-2
-3
-7
-6
6
6
9
9
11
12
8
8
8
9
6
6
1
3
6
1
-6
1
-5
-2
-1
-9
-3
-2
-6
1
-7
-2
3
-3
6
2
2
3
3
4
2
2
2
6
5
1
8
3
-2
4
2
2
5
1
3
2
-1
3
1
-4
-2
2
2
-6
-2
3
3
-1
-10
-5
-5
-1
2
-4
-1
-3
7
9
9
6
2
6
-2
5
0
-3
2
0
-6
0
-3
-1
9
-1
1
4
1
-6
3
-1
2
7
-5
6
5
7
11
7
6
-1
7
11
7
5
6
6
-3
-2
-4
-1
-5
-1
4
2
-3
-5
-2
-9
-4
3
6
1
-6
-4
-8
-8
-4
-10
-11
-9
-7
-4
-6
-4
-13
-9
-4
-7
-4
-6
-1
1
1
2
-7
-9
0
-8
1
7
1
8
-6
-13
2
-4
-6
3
0
-5
2
7
7
4
-4
3
-3
0
-8
-3
10
0
-3
-6
2
4
-2
-3
-1
1
4
3
5
1
5
11
3
9
7
2
5
-3
-7
-3
2
0
-2
-1
5
6
0
3
-6
-1
-3
-4
11
10
5
5
2
9
4
7
8
-11
-4
-2
0
8
0
0
4
0
5
9
3
11
7
2
8
-6
5
3
-6
-2
1
-2
0
1
-2
0
-4
5
2
3
3
-3
-3
2
9
1
-3
0
-2
-4
-7
-6
-4
-5
-4
1
-7
1
2
-5
-7
-7
-5
-16
-13
-10
-13
-14
-6
-2
-2
-8
-2
3
-3
5
-3
-4
4
0
-8
3
-1
0
-4
-4
-5
-4
6
-1
4
1
1
2
-2
9
7
5
-2
-3
0
-11
-7
-10
-9
0
-2
0
2
1
5
-1
1
2
-1
6
1
7
10
5
13
8
3
1
-1
0
5
5
1
0
0
1
5
-2
-8
-7
-11
-4
1
0
-5
2
-2
-2
-3
1
9
-4
-7
-1
-3
2
3
2
-3
-5
7
3
2
-2
3
5
1
-3
-2
-9
-3
-6
-2
1
-3
-7
-13
-2
7
4
-1
-3
4
7
1
8
1
-1
5
5
10
4
6
10
3
7
8
6
7
3
1
1
2
-1
0
-5
-11
-5
-6
-5
-7
-13
-9
-5
-1
-1
2
-1
-5
1
-6
-3
0
3
0
-1
3
-5
9
-2
-6
2
-4
5
6
-6
-10
0
-10
-5
-5
-4
-3
-4
-2
-4
-7
-10
-9
-4
3
-15
-18
-5
-6
-5
-5
-6
1
0
-5
5
-1
1
1
-1
10
6
4
2
1
8
15
9
8
6
7
8
2
0
1
1
-1
7
10
0
1
4
6
3
-2
0
-7
0
-5
0
3
0
0
-5
-2
0
2
-2
-5
2
1
5
2
-4
-10
-13
0
-6
-13
-13
-14
-6
-4
-3
6
3
-4
-4
3
-7
-8
-11
-16
1
-5
-7
1
-2
-4
-1
4
0
11
6
6
13
5
10
1
1
3
11
6
-1
3
3
1
7
9
-6
-1
-4
-2
0
-4
1
-10
-9
-1
-9
-4
2
-7
-1
-6
-4
3
2
2
3
-2
-2
0
-1
3
2
-3
-6
-1
-7
-4
4
1
6
5
3
1
0
0
-2
-3
1
-2
-2
0
2
-5
-10
-6
-9
-12
0
-5
0
2
-4
5
4
3
2
7
4
0
1
-4
-5
-4
-1
-8
-10
-15
-9
-2
-7
-4
-8
-2
0
-6
-2
1
6
0
8
9
3
12
11
3
6
0
7
6
3
9
2
4
19
15
9
10
4
10
5
1
6
-6
-11
2
5
-3
-3
-12
-7
-9
-14
-2
-7
-14
-16
-10
-4
0
1
0
-9
-7
-5
-14
1
2
-1
-2
-2
-3
-8
0
-7
-8
-10
-14
-11
-16
-7
-3
-3
-5
-7
-6
-5
-1
0
5
2
0
2
-3
-5
-12
-12
-10
-9
0
-8
-9
-3
-7
4
0
1
2
1
3
-4
-3
-6
-1
-1
-3
-1
-4
0
9
-3
2
3
-1
-2
-8
4
-3
2
8
7
6
4
4
6
9
15
21
8
2
10
14
15
11
6
15
14
-3
5
-3
-1
3
2
2
-4
-1
2
5
9
10
4
13
15
15
24
26
20
18
21
24
22
11
13
11
17
28
24
15
19
27
20
11
17
9
15
21
10
15
8
4
6
8
12
9
8
3
1
3
0
-2
-8
-5
-6
-7
-8
-12
-16
-22
-21
-28
-15
-16
-24
-20
-28
-27
-29
-35
-30
-43
-42
-37
-46
-42
-49
-48
-47
-58
-51
-49
-54
-53
-54
-51
-48
-40
-47
-49
-43
-39
-36
-32
-30
-29
-29
-20
-19
-26
-27
-22
-16
-15
-13
-17
-10
-10
-5
-5
2
0
1
7
15
14
21
32
31
39
43
47
43
48
54
64
63
61
67
76
82
82
86
98
103
101
98
99
94
89
95
95
93
93
90
91
93
97
96
83
84
87
83
82
80
83
77
77
70
66
68
62
61
63
50
45
52
33
35
32
25
23
22
21
10
10
6
-8
-16
-16
-18
-24
-32
-33
-37
-53
-51
-58
-65
-67
-69
-78
-81
-89
-95
-98
-101
-98
-110
-113
-118
-126
-125
-127
-138
-148
-147
-153
-167
-166
-166
-169
-176
-179
-179
-180
-177
-179
-177
-169
-169
-170
-161
-156
-149
-144
-138
-138
-130
-108
-97
-84
-75
-76
-72
-53
-44
-36
-23
-17
-5
7
12
27
30
25
29
31
31
31
39
51
58
61
59
58
63
67
71
74
75
69
69
67
76
81
83
91
101
109
104
117
119
123
133
145
151
150
156
161
168
176
177
177
178
176
175
167
167
170
157
159
160
156
146
134
131
115
124
116
103
99
90
89
81
79
76
70
65
66
64
55
45
50
47
32
35
35
31
15
5
12
-2
-7
-5
-17
-25
-35
-39
-45
-60
-77
-75
-74
-95
-110
-109
-119
-138
-132
-138
-149
-150
-161
-169
-168
-165
-161
-176
-186
-198
-202
-202
-224
-228
-236
-239
-241
-251
-256
-264
-272
-269
-270
-272
-277
-277
-279
-270
-260
-274
-257
-254
-252
-229
-221
-207
-199
-190
-173
-149
-132
-123
-109
-93
-75
-59
-55
-34
-20
-12
7
2
13
29
35
52
64
71
86
89
94
102
102
105
120
114
125
141
132
143
130
154
161
165
185
168
197
192
198
229
210
232
236
232
257
243
265
262
251
281
273
289
275
279
294
278
300
286
296
294
283
304
272
284
261
256
273
226
256
198
218
229
147
225
156
143
193
97
189
103
85
192
21
164
92
50
148
-25
146
46
26
126
-67
90
9
-23
102
-62
39
-20
-62
50
-108
-23
-26
-117
-37
-120
-78
-96
-158
-69
-170
-153
-141
-212
-145
-203
-204
-185
-228
-206
-234
-234
-241
-278
-282
-296
-298
-299
-317
-345
-360
-374
-370
-367
-377
-374
-389
-402
-373
-384
-391
-386
-404
-368
-358
-344
-334
-341
-307
-296
-273
-245
-246
-219
-213
-178
-147
-146
-121
-106
-84
-55
-45
-38
-25
-14
8
13
32
45
50
58
77
83
98
97
94
124
120
131
141
135
158
161
162
188
160
180
186
192
238
211
233
250
238
269
259
282
293
291
317
307
325
321
352
354
355
353
357
371
336
380
353
342
367
305
346
361
246
345
268
268
297
193
346
137
224
300
122
301
146
165
250
2
278
118
102
253
-44
309
3
47
271
-82
205
87
30
220
-132
189
98
-100
282
-159
159
61
-124
227
-176
93
-3
-118
170
-204
-11
27
-215
34
-176
-88
-86
-278
-26
-247
-233
-160
-324
-208
-341
-359
-302
-443
-340
-431
-447
-454
-548
-478
-497
-512
-564
-552
-574
-577
-562
-552
-582
-589
-552
-526
-505
-515
-503
-519
-431
-433
-394
-356
-373
-335
-277
-250
-232
-216
-202
-152
-136
-72
-97
-100
-22
-62
10
53
-21
28
20
77
82
44
127
53
65
149
110
124
92
94
193
93
184
161
100
214
160
257
212
207
266
201
325
304
257
300
311
370
330
373
414
344
381
475
439
447
354
464
497
361
547
345
529
348
388
589
327
422
259
493
418
167
451
418
139
281
417
368
82
201
477
39
248
323
179
134
88
330
166
79
166
115
247
34
134
168
56
77
85
304
-42
27
158
126
11
40
195
-17
-60
120
143
-143
41
-19
-47
-86
-52
28
-260
-71
-139
-251
-142
-284
-254
-269
-346
-362
-467
-458
-474
-497
-459
-597
-669
-589
-708
-639
-655
-771
-754
-785
-669
-785
-788
-771
-802
-739
-686
-668
-670
-695
-656
-538
-553
-488
-476
-455
-391
-315
-231
-286
-251
-160
-131
-63
1
-42
-14
14
96
136
115
108
128
189
200
223
214
125
220
279
253
269
192
197
210
310
284
169
289
166
241
345
251
243
188
318
314
292
339
206
270
420
253
495
348
199
430
278
610
127
478
386
217
551
249
538
116
270
539
421
160
332
305
206
144
523
348
-219
503
161
235
202
99
248
47
191
286
197
51
38
246
304
-33
341
194
-59
415
210
205
222
16
317
316
245
391
9
442
75
442
459
-60
495
204
292
275
363
87
40
324
323
61
128
144
-147
55
54
-1
-176
-189
-165
-229
-305
-471
-458
-508
-522
-493
-593
-775
-918
-770
-781
-828
-874
-1012
-946
-987
-993
-927
-1073
-1053
-980
-915
-877
-900
-934
-943
-773
-661
-692
-649
-594
-629
-484
-312
-362
-327
-328
-192
-93
-93
-11
-12
-34
67
176
185
117
90
277
244
249
323
172
244
218
300
402
200
281
221
228
329
159
299
237
202
341
245
299
125
170
324
313
304
301
226
250
284
242
558
190
423
208
472
473
130
536
232
668
79
574
511
123
291
448
682
-20
324
517
296
46
517
474
86
-55
562
413
-101
432
184
164
124
251
284
98
265
88
337
424
-190
153
560
12
366
336
330
-44
147
679
25
536
301
327
352
183
457
247
369
541
333
459
248
188
292
106
598
212
278
185
-71
165
-125
141
-2
-147
-37
-233
-229
-462
-669
-405
-505
-438
-596
-852
-838
-973
-851
-878
-1016
-993
-1123
-1035
-1010
-1189
-1174
-1131
-1148
-1023
-974
-966
-1084
-1004
-909
-876
-716
-709
-723
-636
-532
-417
-375
-405
-416
-271
-160
-32
-15
-126
-16
18
144
95
197
131
72
413
235
204
246
154
237
237
408
282
148
278
185
305
261
186
241
175
203
333
292
160
149
227
297
262
319
236
203
336
334
372
226
319
229
473
480
418
439
235
454
362
495
445
548
264
642
284
571
304
257
557
215
893
66
451
421
-110
524
500
243
307
266
470
24
181
704
-395
629
263
350
307
-148
609
-124
218
684
217
210
167
251
550
-260
829
238
-53
861
-98
824
-288
404
619
-5
778
15
414
188
-101
840
-197
366
242
-120
324
-331
313
-292
-40
-33
-418
15
-469
-543
-549
-603
-465
-520
-707
-882
-1067
-799
-933
-968
-949
-1256
-1055
-998
-1186
-1168
-1355
-1115
-1122
-1057
-935
-1147
-1045
-1103
-903
-841
-810
-672
-665
-632
-623
-376
-400
-420
-360
-233
-9
-7
1
-72
-81
82
222
329
224
73
360
406
258
390
230
275
371
475
453
259
355
246
309
470
360
273
250
314
234
319
339
236
137
260
296
345
266
91
203
349
310
146
399
202
3
559
453
103
321
253
523
201
423
577
93
442
408
394
480
170
726
35
393
850
-105
605
108
494
355
381
418
120
265
53
941
15
-132
433
453
31
-31
712
-109
-77
575
269
204
-98
165
668
-174
156
683
207
-109
399
480
332
110
462
249
243
690
112
658
-80
355
594
297
250
285
101
280
415
107
-36
60
-47
-36
187
-282
-173
-509
-598
-434
-402
-545
-904
-631
-1076
-968
-752
-1228
-1101
-1300
-1189
-916
-1323
-1343
-1433
-1282
-1224
-1085
-991
-1340
-1235
-1038
-959
-802
-797
-889
-697
-659
-495
-340
-424
-402
-346
-65
-11
51
-54
-105
193
137
299
407
87
142
335
429
373
288
276
188
342
557
186
234
229
131
466
170
358
-63
37
438
-34
286
103
8
23
35
415
-45
86
182
-12
221
128
251
105
163
262
390
175
33
503
180
594
225
430
268
328
611
125
928
99
513
622
87
818
245
606
324
603
487
75
1114
-188
329
765
331
273
370
412
283
314
216
188
196
259
442
327
71
-3
399
-129
176
671
-206
491
415
-202
293
193
607
-73
504
604
-186
1037
-166
425
394
380
597
88
919
80
355
358
158
298
173
500
81
214
27
-47
-380
-520
-328
-132
108
-766
-755
-1155
-1241
-611
-938
-840
-1304
-1208
-1319
-1568
-1400
-1626
-1295
-1315
-1343
-1185
-1496
-1526
-1517
-1263
-958
-770
-803
-991
-1040
-806
-571
-338
-342
-411
-212
-55
23
-37
-245
-6
309
434
467
168
207
64
282
560
256
558
93
358
311
134
291
50
399
64
320
307
-75
78
94
27
112
297
-135
-14
-4
111
-13
85
-73
-162
436
-232
248
257
-166
103
259
291
-21
390
282
328
393
235
332
649
241
485
801
-27
960
408
911
127
755
540
139
1396
55
893
235
871
211
345
706
363
656
381
543
331
302
156
717
224
389
483
337
285
184
603
302
131
705
29
604
860
-134
821
303
511
291
497
1247
20
977
379
-18
912
497
1042
552
339
518
219
511
212
288
652
401
291
-268
-660
-534
-548
200
-38
-618
-1370
-1497
-1536
-1004
-855
-1177
-1642
-2039
-1820
-1652
-1636
-2096
-2034
-1558
-1495
-1530
-1821
-1912
-1796
-1374
-794
-678
-866
-1201
-1163
-617
-204
-123
-199
-239
-96
194
229
273
-10
-30
473
834
717
77
-43
163
519
617
537
261
-204
38
317
274
104
185
-91
15
292
-47
-76
-297
-64
271
365
165
-306
-241
-270
187
481
188
33
-68
-34
132
280
294
136
215
522
339
307
190
348
340
454
1092
421
139
581
391
569
918
491
466
545
793
472
408
576
178
1052
425
350
704
-202
552
891
97
531
263
695
-130
670
378
-22
732
342
809
55
380
-122
905
274
806
869
-271
484
522
894
474
778
559
409
1187
867
95
541
484
1081
1473
845
804
3
490
975
885
1119
249
650
515
734
367
-937
-477
-542
728
492
-694
-2248
-2450
-1590
-492
-253
-1574
-2715
-3098
-2190
-1897
-1940
-2402
-2552
-1988
-2159
-1915
-2364
-2495
-2216
-1458
-546
-733
-1093
-1727
-1293
-429
164
492
-24
-434
-256
495
743
594
215
287
809
929
594
99
-7
293
874
953
283
-125
-339
-114
213
286
102
-234
-272
-295
-20
-52
-343
-299
-185
54
-9
-144
-320
-288
41
55
160
162
1
-7
103
138
260
419
566
537
455
236
298
502
703
865
889
725
365
434
576
619
758
821
630
696
315
363
495
340
740
496
368
25
28
557
199
583
142
12
153
153
317
487
935
79
138
231
171
635
825
725
412
624
103
305
1226
675
846
1231
339
422
927
1174
1211
1321
679
416
1107
932
1204
1949
979
480
1037
844
642
924
1506
1135
1528
223
-1370
-1326
-612
1429
1441
-303
-3221
-3624
-2235
-522
137
-1759
-3285
-3753
-2955
-2397
-2586
-2806
-2981
-2530
-2576
-2409
-2837
-2979
-2467
-1672
-556
-644
-1193
-2098
-1576
-291
698
1172
126
-469
-443
634
1242
866
433
374
1160
1199
683
-100
-172
478
1092
999
172
-351
-815
-362
263
318
70
-788
-806
-570
-105
-67
-433
-369
-384
-22
-25
-269
-232
-90
194
540
332
121
-37
345
752
731
613
415
696
845
841
920
782
820
1022
1009
760
642
529
724
829
1015
591
303
204
155
568
348
399
307
12
-109
-102
-59
-84
297
210
-51
-12
-258
-102
310
559
451
257
209
309
505
693
795
737
512
304
805
739
1015
1033
761
855
699
909
989
777
975
1592
996
982
787
1115
1093
1294
1845
779
1466
962
803
1249
1317
2342
1233
-505
-1928
-1222
1404
1944
602
-3034
-4455
-2703
-308
482
-1481
-3918
-4670
-3512
-2450
-2525
-3026
-3384
-3262
-3035
-2991
-2926
-2678
-2473
-1862
-856
-533
-956
-1675
-1372
-84
1133
1742
685
-277
-256
1107
2156
1718
916
550
1284
1438
1009
367
217
686
991
984
24
-709
-1018
-640
172
107
-481
-1376
-1442
-1051
-553
-450
-831
-916
-935
-722
-598
-436
-345
-254
109
208
275
65
48
322
1009
1169
1063
836
637
846
1101
1451
1295
1357
1178
941
1005
945
1040
836
881
791
638
322
283
322
109
7
68
-41
-174
-437
-675
-269
14
-181
-441
-518
-376
-246
-68
-160
-1
317
150
650
462
277
346
743
956
758
1166
1114
1072
1005
1120
1033
860
1433
1270
1270
1269
1458
849
597
1154
1314
1840
1489
857
838
1215
1183
1432
1359
1001
1183
1868
759
-859
-1480
-906
1476
1768
-398
-3771
-4288
-2520
86
893
-2026
-4600
-5249
-3688
-2027
-2004
-2721
-3552
-3654
-3672
-3027
-2439
-2057
-1698
-1347
-893
-1011
-1015
-1330
-382
759
1669
1758
353
-348
-2
1929
2652
2084
834
277
1236
1537
1403
775
465
676
773
434
-485
-668
-670
-162
5
-411
-1289
-1921
-1603
-963
-312
-674
-1066
-1482
-1359
-851
-477
-256
-430
-614
-371
10
83
80
93
645
915
963
559
459
1029
1390
1669
1402
1135
1061
1242
1335
1249
1362
1211
899
763
669
620
703
640
370
230
-79
-221
-250
-291
-298
-391
-455
-771
-722
-921
-1000
-434
-569
-493
-586
-410
-370
-159
173
-30
491
729
630
364
946
1068
1360
1388
1436
1514
908
1560
1741
2042
1529
1474
1658
1042
1462
1549
1946
1667
1513
1624
1399
1314
1517
1435
1521
1656
1756
1088
-630
-1139
-1131
1284
1511
-272
-3436
-4654
-2712
-372
478
-2072
-4732
-5696
-4427
-2364
-2328
-3032
-4059
-4026
-3970
-3504
-2665
-2259
-1770
-1678
-1062
-1040
-1063
-1191
-248
1160
1770
1787
386
4
462
2214
3122
2415
1372
557
1220
1769
1944
1432
932
861
701
631
0
-359
-522
-209
-38
-541
-1330
-2063
-1692
-1005
-568
-935
-1480
-1723
-1641
-1144
-845
-383
-493
-650
-736
-360
151
227
497
687
963
790
615
740
1423
2064
2029
1564
970
1143
1712
1952
1673
1331
1287
978
806
768
627
543
538
453
70
-383
-690
-523
-294
-156
-590
-1074
-1382
-1336
-914
-710
-513
-842
-1025
-1020
-829
-237
-60
-89
-132
-8
496
747
851
386
693
1530
1600
1456
1414
1317
1298
1854
2123
1926
1534
1491
1443
1545
2126
1917
1857
1277
1545
1845
1928
1470
1026
1523
1783
1992
141
-1460
-2097
206
2193
927
-2362
-5410
-4188
-1369
903
-496
-4155
-6034
-5653
-3227
-2061
-2313
-3563
-4587
-4510
-4036
-2564
-1937
-1682
-2037
-1760
-1057
-597
-583
-744
330
1579
2316
1433
187
-71
1425
3487
3611
2328
672
730
1803
2597
2546
1703
1166
657
735
722
513
210
-251
-64
-225
-643
-1489
-1691
-1225
-615
-526
-1431
-1977
-2138
-1571
-959
-454
-550
-1098
-1377
-1378
-564
114
502
378
264
312
230
395
868
1773
2047
1501
694
657
1349
2026
2247
1908
1332
940
882
1074
1220
1404
1113
516
-53
-222
-94
50
39
-353
-625
-909
-1119
-1245
-1194
-1042
-829
-861
-1136
-1377
-1371
-878
-361
-24
-296
-488
-322
83
550
703
1100
1094
1050
1376
1514
1891
1928
2087
2249
1996
2190
1819
2184
1995
2146
2576
2252
2069
1627
1756
1906
2095
2167
1617
1425
985
-411
-1120
-1090
542
1114
-642
-3793
-5451
-3553
-1022
58
-2555
-5735
-6674
-5162
-3116
-2762
-3389
-4610
-5136
-4931
-4094
-2711
-1963
-1732
-2120
-1994
-1473
-692
-268
89
828
1480
1937
1137
626
846
2387
3735
3283
2151
854
1355
2388
3115
2865
1919
1284
858
1156
1077
1021
707
298
41
-360
-550
-1058
-1040
-858
-553
-736
-1387
-1840
-2002
-1413
-798
-154
-521
-1194
-1864
-1319
-43
866
946
73
-298
-222
752
1523
1904
1767
1120
920
1026
1529
2000
2103
1804
1266
1160
1170
1246
1278
1243
1017
764
327
-136
-296
-317
94
-2
-562
-1362
-1487
-1056
-868
-927
-1501
-1646
-1529
-1273
-1153
-1258
-1016
-872
-556
-515
-504
-251
14
418
839
900
1084
1003
1235
1519
2031
2309
2018
1872
1932
2289
2480
2454
2151
2320
2228
2303
2163
2134
2342
2121
2062
1784
2034
1597
-506
-1390
-1426
1095
1410
-466
-4189
-5912
-3750
-1124
21
-2789
-6051
-7273
-5964
-3406
-2662
-3310
-5283
-6222
-5730
-4076
-2246
-1991
-2352
-3106
-2315
-1307
-330
-221
-141
660
1401
2005
1221
806
1150
2713
3842
3387
2273
1097
1640
2716
3616
3305
2063
1218
922
1579
1819
1581
773
219
323
199
-108
-776
-740
-472
-313
-628
-1208
-1435
-1543
-1126
-605
-207
-406
-991
-1373
-1072
-114
597
851
422
93
63
468
1074
1528
1840
1502
1086
906
1243
1743
2102
1968
1470
1066
846
1016
1213
1413
1240
655
23
-382
-214
-83
-7
-419
-924
-1326
-1560
-1464
-1332
-1259
-1447
-1815
-2114
-1963
-1620
-1322
-1239
-1093
-1064
-977
-880
-655
-98
392
560
467
635
1000
1344
1526
1668
1824
2120
2400
2316
2205
2132
2488
2714
2863
2651
2271
2156
2164
2431
2635
2470
2191
1794
1864
621
-834
-1149
-138
1793
438
-2213
-5520
-4753
-2071
-11
-885
-4841
-7126
-7038
-4356
-2375
-2510
-4064
-6290
-6545
-5251
-2594
-1329
-1797
-3017
-3322
-1979
-734
189
-21
300
709
1302
1318
789
1075
1680
3141
3305
2579
1176
732
1925
3062
3601
2320
1048
446
787
1565
1566
1193
208
-120
-128
-213
-325
-523
-461
-626
-732
-1055
-1080
-1164
-1007
-595
-181
28
-476
-799
-782
50
919
1095
856
465
692
974
1401
1818
1952
1847
1413
1341
1503
1885
2055
1900
1710
1403
1059
674
851
1248
1346
839
1
-487
-459
-160
-103
-300
-761
-1261
-1568
-1584
-1339
-1159
-1264
-1747
-2015
-1893
-1639
-1440
-1420
-1285
-1094
-837
-855
-868
-504
-21
403
447
462
672
997
1307
1474
1635
1843
1987
2107
2102
2111
2051
2208
2466
2671
2669
2336
2062
2207
2532
2684
2242
1879
1829
2044
1542
-312
-1175
-973
1127
1047
-934
-4162
-5289
-3420
-1246
-429
-3211
-6164
-7449
-5884
-3386
-2587
-3479
-5832
-6722
-5960
-3668
-1926
-1928
-2773
-3371
-2495
-1423
-223
-134
-42
338
966
1493
1096
857
849
2165
3134
2964
1866
626
1227
2244
3173
2613
1547
809
515
979
1143
1214
774
243
-153
-417
-351
-372
-307
-451
-371
-492
-669
-837
-770
-223
249
559
218
-163
-207
277
1202
1679
1798
1360
1166
1206
1778
2422
2585
2382
1761
1681
1875
2208
2074
1766
1579
1454
1258
786
583
512
682
445
75
-487
-823
-1067
-1168
-872
-857
-1165
-1950
-2152
-1971
-1626
-1622
-1919
-1951
-1942
-1801
-1788
-1599
-1267
-961
-791
-863
-679
-451
-86
237
499
679
707
840
1005
1333
1563
1663
1801
1909
1813
1822
1837
2234
2368
2417
2177
1980
2352
2265
2626
1957
2422
2061
2249
1831
1706
1229
-725
-936
-875
1619
736
-1565
-4975
-5215
-2466
-445
-375
-4312
-6712
-6972
-4617
-2501
-2780
-3585
-5935
-6023
-5565
-3013
-1382
-1587
-2576
-3653
-2113
-1017
264
-235
-136
487
979
1329
410
578
792
2201
2711
2322
1241
145
743
1477
2540
2149
1298
188
-401
174
708
1240
460
-201
-699
-840
-633
-469
53
-14
-256
-714
-696
-295
-8
378
722
1244
1045
529
302
1052
2285
2650
2334
1763
1739
1818
2158
2574
2899
2806
2015
1548
1409
1863
1972
1867
1477
979
524
18
132
254
392
50
-470
-898
-1358
-1452
-1314
-843
-895
-1509
-2173
-2188
-1796
-1529
-1402
-1470
-1438
-1654
-1728
-1605
-931
-463
-447
-590
-688
-349
-77
250
473
714
847
836
942
1033
1357
1511
1693
1670
1597
1583
1665
1811
1890
2006
2058
2100
2097
2046
2079
2230
2371
2405
2014
2084
1848
2276
780
-600
-1554
-373
1603
767
-1530
-5231
-4700
-2825
-346
-977
-4226
-6196
-6914
-4667
-3488
-2586
-3515
-5223
-5882
-5639
-2906
-1650
-1213
-2562
-2866
-1911
-880
138
-299
184
293
1088
1023
691
529
495
1703
2010
2250
975
172
103
770
1742
1601
1151
-163
-545
-464
135
513
90
-256
-857
-900
-926
-418
-15
-56
-331
-564
-54
325
463
458
886
1606
1646
1265
1000
1720
2500
2977
2720
2551
2497
2386
2480
2762
3192
2811
2222
1586
1762
1948
1822
1394
884
722
392
236
-47
-248
-450
-597
-597
-914
-1190
-1647
-1637
-1345
-1222
-1321
-1725
-1715
-1686
-1434
-1378
-1175
-1041
-1118
-1115
-1053
-588
-355
-213
-325
-217
48
232
329
208
470
774
1018
925
779
904
1023
1206
1238
1393
1449
1318
1097
1093
1457
1825
1874
1705
1489
1682
1787
1994
1841
1750
1723
1685
1669
245
-778
-1584
41
912
446
-2208
-4421
-3945
-2229
-479
-1877
-3912
-5627
-5212
-3763
-3181
-3027
-4058
-4317
-4634
-3674
-2508
-1839
-1768
-2479
-2041
-1282
-100
-68
-498
-630
-100
1222
1377
856
-230
14
1061
1883
1685
568
220
266
844
910
789
559
99
-140
-251
153
207
-38
-365
-512
-179
-33
187
-36
-242
-269
220
901
1055
811
572
935
1519
1788
1634
1583
1944
2234
2341
2307
2429
2368
2239
2185
2504
2675
2179
1570
1312
1700
1827
1514
750
342
258
377
464
139
-313
-720
-719
-547
-609
-931
-1303
-1268
-1178
-1066
-1182
-1257
-1280
-1325
-1207
-1114
-829
-1002
-1044
-1104
-729
-386
-353
-255
-487
-254
-374
-231
-81
-12
299
131
415
177
339
384
343
696
585
931
531
500
691
924
1088
742
805
1001
1366
1452
1098
1138
1222
1521
1428
1065
1031
1069
1282
790
329
-302
-477
-236
234
313
-660
-1787
-2357
-1497
-718
-932
-2338
-3441
-3184
-2222
-1643
-2183
-3016
-3342
-2998
-2097
-1657
-1705
-2351
-2716
-2356
-1561
-871
-1073
-1492
-1673
-1230
-597
-366
-542
-820
-699
-267
230
298
-30
-332
-178
229
513
484
301
320
435
629
718
687
722
727
901
1078
1164
1214
1201
1306
1508
1672
1779
1753
1673
1619
1738
1961
2140
2075
1717
1581
1671
1936
1959
1752
1444
1292
1266
1324
1347
1113
824
546
478
485
434
267
19
-121
-244
-153
-220
-318
-620
-819
-742
-696
-740
-1123
-1134
-1161
-952
-1233
-1357
-1421
-1423
-1257
-1416
-1163
-1341
-1242
-1324
-1226
-927
-937
-844
-1112
-856
-585
-308
-199
-441
-344
-248
172
373
387
218
220
399
656
831
712
554
372
691
1077
1307
1006
572
658
933
1366
1214
1083
1022
986
1178
1069
1265
1140
1177
1067
1132
1216
1035
902
706
949
940
794
360
98
88
46
-121
-339
-496
-700
-937
-1065
-1230
-1358
-1742
-2032
-2138
-2239
-2254
-2441
-2333
-2411
-2491
-2762
-2726
-2343
-2107
-2010
-2274
-2052
-1778
-1438
-1189
-927
-637
-575
-410
-171
355
664
682
558
577
901
1089
1147
971
972
1037
1127
1142
1095
1016
932
1061
1163
1213
986
785
724
857
978
1026
1006
931
859
854
944
1107
1107
1066
952
914
900
909
901
761
668
650
680
619
420
320
344
351
180
-10
-77
-182
-279
-463
-515
-552
-754
-1116
-1211
-1131
-1012
-1155
-1403
-1446
-1478
-1419
-1464
-1309
-1160
-1017
-1006
-1066
-841
-632
-404
-336
-276
-60
100
256
297
323
405
494
631
692
613
401
362
450
689
749
640
383
415
508
600
570
358
509
568
788
785
804
852
795
848
764
870
834
781
756
792
961
837
591
408
436
596
488
260
47
-12
29
-15
-111
-304
-459
-608
-625
-637
-716
-909
-1090
-1115
-1040
-1054
-1177
-1207
-1229
-1171
-1227
-1215
-1053
-954
-962
-1044
-843
-562
-382
-390
-416
-224
-48
119
174
350
474
470
481
473
613
614
538
405
368
385
365
332
174
48
-67
-83
-26
-83
-151
-213
-213
-279
-281
-280
-198
-139
-126
-52
-61
35
2
143
246
300
287
201
276
210
293
230
215
229
135
165
57
2
-161
-270
-257
-252
-315
-545
-671
-706
-587
-602
-649
-755
-850
-872
-847
-579
-489
-446
-550
-444
-164
7
224
141
229
341
489
772
874
1108
1117
1151
1154
1222
1375
1396
1412
1306
1267
1219
1248
1225
1223
1074
1025
956
777
778
508
584
448
484
388
148
173
-88
-12
-179
-108
-256
-414
-511
-697
-636
-741
-656
-776
-949
-1108
-1112
-916
-946
-1102
-1361
-1280
-1023
-901
-816
-1060
-1039
-990
-681
-409
-437
-465
-638
-292
-5
213
109
-51
141
382
633
615
487
468
414
497
704
860
844
579
438
497
579
545
308
192
281
379
336
39
-117
-203
-119
-10
-40
-132
-266
-263
-179
-129
-110
-184
-195
-199
-146
-24
66
0
-51
-73
44
78
92
95
20
101
93
204
145
131
64
3
46
36
-23
-183
-291
-347
-305
-337
-413
-580
-767
-900
-929
-928
-991
-1148
-1219
-1220
-1139
-1173
-1226
-1214
-1151
-1000
-970
-894
-844
-707
-528
-354
-117
-54
22
234
467
716
753
805
799
990
1094
1201
1361
1493
1537
1457
1526
1429
1468
1298
1408
1453
1568
1496
1300
1142
986
1083
1090
1009
680
481
389
369
344
192
152
-112
-134
-305
-471
-519
-794
-730
-854
-632
-719
-850
-903
-970
-767
-871
-903
-1053
-948
-780
-640
-376
-364
-257
-401
-246
-51
205
370
227
399
508
876
921
949
1015
1037
1154
1009
888
607
394
265
216
220
25
-264
-594
-775
-785
-849
-1070
-1410
-1652
-1631
-1497
-1402
-1430
-1534
-1475
-1258
-978
-728
-656
-516
-336
-33
314
550
723
770
901
1069
1214
1239
1112
1068
1102
1234
1240
1116
906
799
715
638
453
216
38
-157
-222
-379
-513
-710
-895
-994
-1139
-1170
-1218
-1188
-1184
-1210
-1124
-1136
-1086
-1125
-1095
-970
-863
-752
-699
-650
-567
-455
-340
-222
-163
-100
-88
-25
47
85
136
153
168
182
188
245
262
360
459
518
609
588
677
776
907
942
858
874
882
1007
1041
1091
1067
1025
950
859
876
837
768
639
619
515
551
426
345
325
204
206
55
32
-130
-272
-181
-103
71
-54
-90
-65
134
326
282
283
245
422
512
767
908
1067
1203
1297
1544
1626
1745
1572
1514
1491
1525
1476
1003
265
-529
-822
-813
-838
-1330
-2213
-2832
-2961
-2643
-2522
-2904
-3490
-3825
-3534
-3122
-2905
-2988
-2913
-2380
-1602
-857
-479
-168
215
750
1169
1440
1643
1763
1962
2114
2339
2417
2255
1895
1516
1342
1182
940
478
-28
-370
-551
-679
-922
-1278
-1599
-1807
-1905
-2059
-2233
-2365
-2326
-2144
-1867
-1620
-1373
-1094
-774
-467
-232
36
284
610
850
1068
1283
1487
1642
1686
1589
1519
1415
1328
1132
852
591
367
261
145
-38
-325
-576
-724
-731
-815
-886
-991
-879
-590
-287
-6
126
364
595
877
1089
1254
1470
1666
1892
2030
2095
2083
2075
2093
2036
1880
1549
1267
1020
867
620
306
-22
-350
-494
-713
-885
-1143
-1365
-1464
-1551
-1471
-1447
-1346
-1179
-945
-626
-395
-127
135
429
739
986
1210
1424
1616
1844
2128
2460
2670
2638
2593
2553
2591
2144
1002
-396
-1303
-1392
-1437
-2053
-3345
-4273
-4169
-3434
-3019
-3545
-4307
-4586
-4193
-3723
-3679
-3652
-3285
-2425
-1500
-585
344
1332
2207
2686
2924
3109
3458
3665
3641
3493
3361
3415
3262
2956
2445
2040
1583
815
-190
-1198
-1736
-2031
-2367
-2983
-3475
-3577
-3349
-3204
-3407
-3722
-3873
-3673
-3346
-3093
-2815
-2327
-1613
-855
-194
380
1037
1612
1992
2139
2260
2494
2734
2762
2620
2474
2421
2356
2097
1734
1321
904
322
-239
-674
-925
-1122
-1405
-1602
-1663
-1548
-1394
-1287
-1165
-953
-701
-403
-54
337
838
1336
1739
2043
2325
2654
2967
3122
3098
2981
2879
2818
2622
2355
2047
1735
1360
905
468
63
-284
-654
-992
-1260
-1494
-1665
-1787
-1888
-1963
-1983
-1893
-1717
-1548
-1356
-1120
-786
-324
71
382
672
988
1327
1554
1695
1762
1826
2019
2281
2495
2435
2129
1953
1956
1918
1058
-462
-1898
-2510
-2443
-2845
-4020
-5378
-5773
-5095
-4271
-4135
-4611
-4759
-4255
-3532
-3195
-3133
-2815
-2089
-1225
-361
765
2147
3460
4217
4617
5082
5664
5971
5579
4892
4413
4248
3943
3261
2529
2114
1890
1310
279
-806
-1500
-2038
-2836
-3893
-4723
-4900
-4649
-4469
-4535
-4553
-4255
-3712
-3206
-2884
-2648
-2312
-1797
-1195
-518
208
943
1708
2349
2892
3327
3657
3806
3668
3299
2892
2554
2289
1917
1395
875
420
18
-440
-911
-1399
-1936
-2469
-2859
-3022
-3027
-3019
-2933
-2598
-2066
-1467
-978
-520
-10
525
1081
1506
1920
2314
2707
3077
3403
3639
3728
3672
3515
3325
3037
2616
2061
1476
951
505
79
-319
-697
-1004
-1257
-1450
-1634
-1789
-1923
-2003
-1994
-1878
-1628
-1370
-1074
-726
-232
272
727
1154
1591
1994
2222
2303
2448
2684
2835
2755
2640
2739
2998
3005
2693
2383
2275
2037
857
-893
-2389
-2940
-3131
-4046
-5691
-7038
-6961
-5917
-5105
-5185
-5627
-5335
-4411
-3589
-3380
-3432
-3054
-2401
-1555
-584
808
2371
3567
4297
4951
5931
6729
6726
5894
4996
4525
4226
3524
2469
1611
1208
969
378
-456
-1194
-1775
-2417
-3353
-4339
-4959
-5185
-5234
-5274
-5201
-4816
-4132
-3347
-2658
-2035
-1511
-1012
-535
-40
498
1021
1551
2166
2832
3463
3969
4322
4576
4587
4291
3734
3109
2451
1801
1108
405
-251
-846
-1283
-1609
-1881
-2235
-2662
-3062
-3234
-3211
-3200
-3201
-3147
-2716
-2022
-1228
-496
141
822
1482
2125
2553
2790
2900
2981
3093
3132
3119
3025
2945
2823
2611
2238
1795
1309
743
117
-529
-1031
-1399
-1684
-1957
-2114
-2062
-1879
-1679
-1583
-1464
-1238
-959
-627
-371
-45
372
865
1336
1751
2132
2479
2750
2927
3080
3189
3181
3003
2822
2750
2773
2718
2404
2006
1676
1436
942
-221
-1572
-2631
-3167
-3724
-4797
-6077
-6908
-6755
-6060
-5489
-5406
-5323
-4676
-3627
-2701
-2356
-2178
-1870
-1257
-498
408
1396
2308
3175
3962
4969
5880
6296
6040
5355
4792
4230
3398
2131
811
-134
-717
-1141
-1709
-2187
-2547
-2818
-3128
-3567
-3983
-4352
-4630
-4845
-4915
-4787
-4387
-3759
-3021
-2175
-1305
-403
416
1156
1741
2205
2568
2873
3175
3337
3458
3661
3937
4188
4100
3790
3478
3185
2762
1992
1083
204
-535
-1250
-1869
-2283
-2587
-2829
-3092
-3137
-2906
-2623
-2497
-2520
-2360
-1867
-1247
-816
-492
-56
594
1352
1978
2391
2675
2944
3195
3331
3225
2966
2658
2310
1921
1470
1063
729
389
0
-360
-612
-780
-978
-1275
-1498
-1570
-1556
-1566
-1571
-1466
-1226
-881
-494
-59
377
838
1354
1813
2166
2300
2378
2499
2609
2523
2345
2251
2260
2307
2187
2109
2157
2225
2020
1516
1040
682
106
-1136
-2522
-3492
-3869
-4315
-5344
-6337
-6644
-6005
-5312
-5064
-5170
-4855
-3895
-2999
-2567
-2553
-2201
-1536
-831
-214
506
1537
2482
3268
3904
4748
5490
5649
5278
4710
4366
3849
2913
1646
608
-14
-413
-884
-1486
-1897
-2152
-2266
-2462
-2729
-3015
-3349
-3630
-3831
-3761
-3575
-3313
-3018
-2562
-1829
-1013
-243
397
1091
1762
2258
2511
2750
3072
3253
3261
3199
3292
3374
3282
3059
2890
2805
2474
1848
1125
540
-24
-766
-1538
-2241
-2702
-3038
-3316
-3400
-3329
-3134
-2942
-2675
-2277
-1802
-1395
-1139
-875
-413
188
742
1109
1365
1718
2199
2627
2792
2729
2644
2575
2321
1919
1475
1133
795
366
-72
-346
-442
-498
-625
-755
-814
-791
-760
-739
-671
-597
-463
-271
-10
335
700
1138
1604
1988
2278
2479
2704
2831
2830
2625
2463
2363
2229
2030
1810
1817
1907
1901
1624
1323
1128
905
249
-990
-2154
-2924
-3335
-4101
-5278
-6191
-6404
-5912
-5551
-5407
-5351
-4779
-3817
-3141
-2802
-2700
-2188
-1623
-1142
-724
-87
856
1596
2261
2895
3856
4592
4800
4591
4339
4284
3860
2977
1794
891
290
-229
-837
-1523
-1906
-2103
-2100
-2159
-2251
-2353
-2552
-2690
-2775
-2707
-2745
-2841
-2867
-2583
-1960
-1329
-770
-244
526
1398
2107
2580
2952
3315
3473
3474
3404
3399
3214
2867
2592
2592
2642
2372
1886
1506
1363
1059
400
-407
-1071
-1572
-2156
-2767
-3191
-3352
-3326
-3274
-3107
-2731
-2172
-1653
-1282
-947
-474
53
376
454
513
758
1157
1416
1432
1435
1667
1984
2061
1868
1637
1509
1301
891
405
13
-250
-505
-771
-968
-1006
-891
-734
-597
-438
-198
18
195
338
548
772
946
1069
1226
1486
1729
1883
1958
2116
2311
2420
2396
2306
2323
2334
2342
2237
2118
1915
1697
1571
1395
1033
123
-820
-1498
-1876
-2452
-3574
-4642
-5261
-5185
-5109
-5236
-5428
-5253
-4549
-3930
-3467
-3271
-2803
-2247
-1751
-1262
-722
23
523
1007
1550
2398
3161
3421
3457
3480
3798
3785
3309
2510
1805
1352
797
135
-737
-1389
-1830
-2044
-2183
-2396
-2540
-2682
-2610
-2501
-2398
-2465
-2639
-2702
-2607
-2301
-2089
-1897
-1641
-1088
-329
377
1011
1648
2359
2910
3270
3544
3792
3835
3587
3342
3222
3132
2790
2318
2046
1974
1807
1350
844
472
150
-335
-954
-1522
-1964
-2331
-2609
-2767
-2736
-2590
-2364
-2053
-1605
-1046
-493
-66
244
566
916
1200
1278
1166
1157
1298
1443
1351
1118
1035
1132
1161
999
796
646
536
289
-14
-285
-464
-625
-788
-858
-795
-649
-554
-412
-178
162
488
663
857
1052
1320
1476
1498
1508
1557
1697
1708
1720
1740
1822
1891
1933
2079
2214
2247
2069
1941
1892
1714
1058
47
-789
-1334
-1838
-2781
-3907
-4734
-5024
-5030
-5174
-5358
-5430
-5015
-4446
-3983
-3695
-3432
-2915
-2444
-1902
-1426
-833
-279
210
825
1511
2314
2760
3045
3230
3554
3814
3649
3209
2564
2155
1698
1157
386
-442
-969
-1337
-1509
-1854
-2145
-2298
-2250
-2109
-2101
-2111
-2252
-2305
-2346
-2281
-2176
-2175
-2104
-1878
-1286
-638
-58
489
1173
1980
2662
3207
3570
3818
3873
3880
3852
3733
3396
2923
2611
2395
2193
1786
1347
1002
704
372
-69
-520
-1028
-1473
-1871
-2130
-2345
-2562
-2627
-2545
-2253
-1931
-1557
-1127
-664
-158
294
720
1009
1204
1322
1440
1540
1491
1313
1131
1057
1004
906
751
571
468
404
366
277
88
-104
-242
-293
-341
-453
-587
-675
-639
-492
-293
-146
-4
219
497
807
989
1145
1259
1374
1457
1501
1571
1582
1573
1542
1672
1919
2100
2082
1982
2032
2078
1857
1142
366
-245
-782
-1501
-2600
-3610
-4379
-4729
-4989
-5270
-5465
-5483
-5095
-4631
-4112
-3769
-3396
-2882
-2333
-1698
-1282
-830
-449
54
582
1071
1568
1890
2235
2513
2882
3115
3074
2795
2401
2198
1907
1471
689
-58
-559
-897
-1197
-1661
-1949
-2073
-1957
-1828
-1718
-1615
-1541
-1391
-1249
-1043
-964
-941
-862
-669
-345
-54
310
744
1294
1840
2359
2834
3218
3481
3624
3735
3701
3468
3068
2667
2323
1882
1332
725
283
-51
-363
-706
-1042
-1262
-1420
-1511
-1595
-1629
-1639
-1603
-1529
-1392
-1213
-1044
-851
-630
-351
-72
148
295
408
587
753
828
724
605
548
487
339
76
-123
-264
-376
-478
-525
-481
-428
-360
-241
-21
210
343
406
467
601
727
775
741
710
754
848
918
932
972
1072
1174
1246
1280
1346
1435
1469
1487
1501
1595
1688
1687
1604
1525
1530
1436
1164
654
102
-435
-996
-1602
-2389
-3160
-3864
-4320
-4592
-4775
-4892
-4918
-4626
-4146
-3577
-3144
-2673
-2051
-1361
-737
-346
59
451
862
1121
1273
1427
1525
1618
1585
1570
1467
1274
971
660
438
140
-243
-764
-1178
-1485
-1660
-1815
-1989
-2064
-2021
-1714
-1374
-1051
-836
-592
-190
237
561
630
709
856
1087
1245
1286
1348
1449
1662
1862
2032
2153
2237
2318
2369
2430
2403
2283
2040
1800
1575
1336
993
585
237
-20
-215
-470
-714
-849
-839
-761
-701
-631
-507
-319
-149
-17
55
87
82
67
42
-32
-154
-322
-425
-472
-502
-589
-674
-681
-651
-658
-738
-772
-759
-738
-725
-704
-609
-500
-360
-199
22
260
500
703
903
1099
1245
1342
1378
1409
1411
1413
1352
1254
1156
1073
1016
898
798
722
735
745
742
751
813
954
1069
1167
1217
1275
1255
1203
1073
840
422
-165
-657
-1129
-1599
-2285
-2999
-3523
-3854
-4011
-4199
-4227
-4155
-3838
-3392
-2933
-2415
-1972
-1357
-805
-277
72
359
675
924
1095
1028
1051
1056
1066
947
750
664
508
330
4
-217
-405
-613
-908
-1258
-1367
-1426
-1429
-1558
-1575
-1381
-1089
-831
-716
-478
-156
217
452
585
775
982
1176
1235
1296
1359
1440
1465
1494
1558
1590
1620
1639
1728
1828
1869
1844
1794
1797
1774
1696
1474
1218
976
763
542
230
-61
-300
-409
-442
-464
-467
-438
-344
-238
-101
18
69
48
-3
16
-6
-115
-316
-487
-563
-602
-704
-848
-932
-944
-938
-964
-989
-967
-916
-821
-709
-580
-459
-310
-144
37
237
413
566
654
749
874
975
1001
961
964
1021
1054
986
865
800
765
708
573
461
404
360
306
312
363
409
452
540
725
857
924
955
978
1008
946
828
649
372
-33
-513
-952
-1384
-1857
-2429
-2949
-3344
-3601
-3710
-3744
-3697
-3554
-3242
-2750
-2227
-1778
-1345
-838
-331
85
337
556
785
954
996
956
947
963
928
819
700
620
526
404
240
81
-54
-197
-349
-535
-669
-747
-814
-909
-975
-921
-820
-718
-631
-510
-293
-68
132
296
495
707
869
974
1058
1150
1206
1262
1316
1364
1413
1457
1552
1643
1715
1762
1805
1825
1805
1741
1605
1405
1160
927
702
445
165
-109
-304
-443
-591
-747
-835
-829
-830
-867
-887
-836
-781
-778
-798
-800
-750
-724
-755
-784
-788
-762
-759
-756
-694
-596
-493
-383
-228
-34
148
310
472
656
786
866
878
874
869
817
742
644
597
556
482
398
341
331
289
237
177
168
184
175
164
185
301
403
476
534
660
811
882
923
942
1044
1123
1131
1091
1046
1031
952
803
557
285
-69
-522
-999
-1513
-1993
-2514
-3029
-3480
-3796
-3941
-3995
-3993
-3921
-3640
-3213
-2722
-2251
-1787
-1222
-641
-96
332
704
1063
1382
1614
1719
1796
1814
1793
1693
1553
1430
1268
1078
835
626
434
260
29
-236
-413
-580
-729
-931
-1078
-1140
-1170
-1179
-1170
-1082
-938
-734
-548
-311
-35
221
512
777
1076
1322
1556
1766
1943
2091
2186
2275
2293
2287
2215
2109
1949
1741
1551
1346
1124
825
561
324
95
-170
-470
-719
-935
-1120
-1343
-1524
-1659
-1732
-1782
-1805
-1736
-1648
-1506
-1369
-1194
-1000
-821
-638
-495
-312
-148
24
172
308
458
599
745
852
962
1042
1093
1096
1069
1036
977
901
776
640
516
404
265
84
-86
-208
-283
-373
-472
-538
-506
-416
-310
-191
-2
239
479
682
888
1092
1245
1331
1364
1399
1418
1376
1275
1163
1065
955
809
614
409
173
-84
-360
-700
-1123
-1572
-1974
-2330
-2640
-3007
-3316
-3554
-3657
-3621
-3547
-3378
-3145
-2754
-2274
-1762
-1248
-733
-124
420
935
1340
1715
2041
2243
2344
2326
2299
2180
1989
1729
1473
1222
898
568
228
-29
-286
-548
-830
-1068
-1206
-1342
-1443
-1563
-1591
-1555
-1473
-1347
-1218
-1014
-792
-511
-235
60
379
705
1053
1339
1603
1837
2065
2252
2370
2421
2411
2381
2275
2152
1980
1785
1547
1265
1003
748
476
154
-172
-473
-743
-1014
-1306
-1550
-1770
-1922
-2029
-2103
-2104
-2039
-1917
-1765
-1571
-1341
-1098
-849
-594
-332
-72
170
373
537
705
874
1008
1085
1127
1161
1171
1165
1132
1074
1013
934
848
750
639
509
361
199
27
-157
-352
-527
-667
-784
-865
-882
-828
-708
-539
-326
-64
217
475
732
949
1132
1264
1316
1324
1306
1246
1148
1016
883
775
658
507
376
225
62
-124
-339
-559
-801
-1059
-1345
-1639
-1922
-2178
-2399
-2617
-2788
-2907
-2915
-2816
-2657
-2461
-2177
-1782
-1319
-833
-346
154
630
1054
1417
1725
1962
2109
2161
2121
2038
1911
1711
1443
1129
820
519
203
-135
-442
-705
-918
-1121
-1277
-1376
-1401
-1379
-1350
-1275
-1155
-984
-819
-621
-383
-140
101
327
581
810
1032
1231
1396
1559
1667
1746
1778
1804
1793
1746
1685
1607
1504
1361
1224
1062
882
668
426
186
-77
-337
-622
-898
-1182
-1433
-1638
-1794
-1902
-1984
-2004
-1972
-1884
-1744
-1561
-1333
-1079
-814
-538
-222
76
348
585
811
1013
1154
1240
1282
1300
1265
1207
1114
1022
941
843
763
673
602
524
442
350
239
134
3
-117
-251
-375
-482
-555
-579
-567
-505
-405
-291
-163
6
194
356
490
590
692
767
800
775
715
658
582
478
360
242
103
-46
-169
-282
-394
-531
-666
-788
-901
-1032
-1186
-1331
-1477
-1608
-1712
-1780
-1822
-1845
-1803
-1684
-1503
-1301
-1070
-789
-461
-117
183
488
771
1030
1236
1390
1505
1563
1572
1511
1412
1281
1120
923
673
443
209
2
-217
-423
-583
-707
-786
-860
-889
-884
-835
-753
-663
-530
-387
-216
-46
148
340
507
672
825
984
1071
1122
1151
1174
1171
1110
1041
969
916
831
720
614
525
453
333
204
47
-79
-206
-359
-540
-738
-879
-1006
-1123
-1267
-1385
-1449
-1485
-1494
-1490
-1435
-1343
-1217
-1072
-875
-636
-396
-148
84
343
574
758
894
997
1073
1110
1096
1027
960
886
824
753
659
582
532
507
462
411
352
303
226
143
72
-9
-75
-170
-232
-257
-244
-240
-235
-180
-104
-16
47
115
199
265
322
328
349
359
355
316
266
200
124
62
-9
-70
-134
-200
-258
-301
-342
-387
-413
-462
-497
-532
-537
-539
-573
-588
-592
-559
-525
-493
-461
-412
-340
-273
-200
-126
-56
10
61
127
189
238
257
269
271
263
245
219
181
149
108
76
46
25
6
-23
-40
-46
-58
-66
-85
-105
-110
-104
-100
-98
-84
-41
-10
30
69
118
176
209
212
209
218
217
218
195
169
138
119
124
116
101
65
27
-6
-20
-53
-112
-160
-217
-245
-290
-322
-362
-388
-415
-444
-460
-493
-511
-556
-577
-569
-552
-513
-479
-394
-285
-153
-44
74
192
312
417
470
522
538
554
551
526
501
473
468
476
504
503
525
565
609
653
648
673
691
684
643
589
559
512
439
324
234
164
82
-11
-106
-153
-195
-236
-285
-310
-303
-305
-301
-311
-309
-298
-292
-310
-337
-359
-375
-376
-408
-422
-422
-413
-393
-392
-369
-336
-291
-256
-207
-155
-113
-71
-37
17
58
83
82
96
132
150
156
147
144
148
153
155
140
123
106
94
72
60
41
17
2
-10
-20
-17
-6
5
18
49
72
86
96
119
146
161
167
168
166
161
149
129
99
59
16
-17
-42
-67
-110
-151
-189
-217
-236
-245
-250
-274
-292
-310
-318
-341
-377
-407
-434
-453
-471
-472
-457
-436
-421
-388
-341
-291
-245
-219
-197
-175
-158
-160
-164
-167
-158
-138
-117
-73
-46
1
57
122
190
249
300
340
391
431
464
485
496
515
524
534
536
532
536
547
565
578
603
633
664
699
715
724
730
719
696
640
579
496
395
276
161
43
-79
-198
-316
-411
-491
-560
-621
-673
-696
-708
-694
-679
-658
-635
-600
-559
-525
-500
-471
-432
-398
-367
-343
-314
-279
-236
-190
-156
-106
-57
-8
42
86
117
145
169
185
199
189
183
172
156
146
122
101
88
78
72
79
93
109
133
161
191
228
257
275
294
323
360
386
385
389
399
415
411
385
366
350
328
287
234
181
121
55
-15
-74
-132
-184
-239
-290
-316
-343
-375
-418
-444
-449
-461
-486
-513
-529
-534
-537
-550
-559
-552
-546
-542
-522
-491
-466
-437
-413
-383
-352
-314
-284
-267
-245
-220
-195
-174
-167
-163
-150
-133
-116
-96
-73
-33
15
54
107
155
204
245
283
330
362
380
397
408
420
447
466
478
507
531
570
599
619
631
641
657
654
639
617
601
576
540
495
445
395
318
244
163
89
2
-86
-169
-250
-308
-361
-394
-430
-444
-460
-461
-448
-444
-430
-419
-395
-394
-383
-352
-324
-289
-274
-238
-198
-142
-109
-78
-37
-7
32
54
75
85
94
110
118
123
116
119
116
113
95
73
76
79
81
74
69
77
101
128
146
163
186
229
265
294
324
346
373
383
387
382
374
355
320
278
241
209
161
101
56
14
-23
-68
-109
-150
-179
-215
-255
-285
-311
-343
-368
-387
-405
-417
-423
-437
-445
-455
-462
-464
-473
-476
-483
-487
-477
-471
-461
-442
-426
-405
-368
-339
-312
-285
-270
-247
-237
-215
-194
-182
-170
-144
-116
-72
-36
-9
29
78
128
177
211
243
275
320
357
397
419
452
483
511
533
542
551
564
567
554
537
525
509
490
457
437
408
367
324
271
225
164
90
21
-42
-107
-171
-224
-267
-296
-321
-338
-338
-339
-335
-334
-327
-315
-291
-274
-256
-231
-205
-169
-142
-119
-99
-81
-50
-29
-13
2
24
40
58
64
82
112
125
134
139
162
186
187
184
187
201
205
202
192
204
218
225
234
243
267
290
319
347
362
381
398
412
413
400
381
354
320
290
252
209
166
112
58
10
-41
-86
-132
-184
-224
-258
-294
-318
-362
-398
-405
-425
-437
-443
-452
-450
-442
-445
-443
-438
-438
-432
-431
-423
-407
-405
-392
-372
-349
-328
-297
-281
-257
-225
-206
-187
-167
-155
-145
-125
-109
-97
-86
-74
-47
-31
-5
20
45
77
104
128
158
196
223
250
275
298
325
345
357
358
368
373
374
359
348
349
334
316
289
271
258
224
187
155
126
91
51
4
-33
-74
-113
-142
-179
-203
-238
-276
-293
-313
-334
-357
-378
-385
-382
-384
-383
-376
-360
-327
-298
-258
-213
-172
-119
-66
-25
13
47
70
89
113
121
132
137
142
155
169
187
196
218
242
260
278
287
302
317
338
351
353
353
368
374
372
378
373
376
377
374
385
375
360
354
342
323
309
277
244
207
165
127
80
32
-18
-66
-112
-166
-215
-259
-290
-328
-361
-385
-407
-416
-424
-430
-438
-437
-428
-417
-405
-394
-386
-370
-351
-340
-324
-304
-295
-270
-259
-242
-230
-222
-203
-185
-171
-148
-135
-127
-108
-99
-91
-86
-75
-54
-43
-28
-11
19
42
68
100
131
165
197
219
249
275
292
311
323
333
349
347
348
345
328
328
325
309
294
280
263
245
223
189
152
118
80
43
-4
-45
-83
-126
-161
-197
-226
-245
-265
-295
-318
-338
-350
-362
-388
-409
-411
-404
-410
-407
-396
-375
-346
-314
-289
-250
-209
-179
-146
-116
-83
-53
-37
-7
15
35
55
75
87
111
134
150
169
194
216
240
266
282
306
334
357
387
394
410
426
436
435
439
440
435
428
414
406
390
370
349
322
305
281
258
223
192
163
123
86
38
-1
-42
-83
-117
-153
-196
-230
-254
-277
-295
-313
-323
-327
-327
-315
-316
-311
-304
-295
-287
-274
-271
-268
-260
-253
-246
-237
-227
-211
-196
-177
-160
-143
-134
-115
-100
-82
-71
-67
-54
-41
-31
-13
-5
6
37
63
86
114
132
157
179
200
209
224
234
236
236
237
238
239
236
230
233
231
224
218
205
198
182
166
152
132
113
93
74
47
26
-3
-27
-54
-84
-116
-145
-173
-199
-224
-243
-267
-284
-301
-308
-319
-329
-336
-330
-332
-320
-314
-308
-297
-277
-256
-235
-210
-181
-150
-119
-98
-70
-42
-17
-1
32
60
77
97
117
127
141
163
171
177
191
202
208
222
220
222
236
238
239
242
239
236
225
225
214
205
204
209
198
199
196
191
189
181
167
165
151
134
119
102
81
64
40
18
-1
-21
-40
-59
-87
-104
-114
-124
-134
-145
-152
-156
-158
-173
-177
-179
-195
-199
-201
-204
-203
-199
-193
-183
-166
-152
-132
-113
-87
-71
-50
-34
-20
-3
6
22
30
36
48
62
70
82
88
96
106
114
126
124
130
137
139
144
142
143
142
142
134
124
126
114
100
86
79
71
53
38
36
32
15
12
3
-1
-9
-27
-32
-47
-60
-77
-99
-124
-143
-167
-186
-211
-230
-244
-263
-270
-280
-288
-290
-297
-288
-278
-270
-255
-235
-223
-205
-180
-164
-136
-111
-90
-57
-24
-2
30
56
73
96
117
133
143
152
164
172
172
174
174
174
180
169
160
154
150
138
125
122
116
110
106
106
107
98
100
94
87
89
81
73
71
56
62
63
58
58
59
64
67
60
48
47
36
20
8
-4
-22
-38
-52
-69
-82
-93
-103
-103
-110
-116
-116
-117
-126
-123
-119
-124
-117
-97
-90
-77
-64
-52
-34
-26
-13
2
6
23
35
42
46
57
65
70
79
83
88
95
105
102
106
114
117
114
119
125
122
124
124
120
123
122
109
104
95
85
82
66
53
47
40
33
24
8
1
-7
-11
-33
-42
-44
-62
-82
-89
-100
-122
-136
-141
-155
-171
-181
-200
-220
-227
-242
-264
-259
-262
-263
-255
-248
-240
-229
-214
-199
-179
-160
-137
-116
-92
-69
-49
-27
-8
9
28
51
61
86
102
118
139
158
173
189
201
209
209
214
206
196
189
178
164
152
141
133
123
108
105
96
87
84
74
66
64
56
47
45
39
31
26
24
20
17
16
8
7
2
-2
-9
-20
-26
-33
-44
-47
-58
-64
-69
-76
-85
-88
-96
-98
-105
-104
-103
-105
-103
-92
-87
-80
-69
-57
-42
-35
-21
-10
-3
16
30
38
50
65
75
79
92
99
104
110
113
115
119
118
119
116
120
117
117
110
106
101
90
75
67
60
52
37
22
17
11
-13
-20
-28
-37
-45
-51
-53
-59
-70
-71
-77
-80
-84
-89
-82
-87
-93
-88
-91
-85
-98
-95
-83
-96
-97
-90
-100
-105
-100
-105
-99
-103
-103
-86
-89
-89
-84
-75
-69
-59
-53
-44
-32
-22
-7
2
10
22
38
49
60
68
79
88
92
91
99
93
90
86
79
69
65
54
50
40
29
28
18
14
8
1
1
-1
-17
-18
-11
-23
-20
-24
-20
-21
-20
-14
-17
-18
-7
-6
2
8
8
15
18
9
14
11
2
0
-5
-6
-5
-10
-16
-18
-17
-16
-20
-18
-14
-7
-7
1
11
11
19
25
28
34
38
47
51
64
70
80
88
95
93
99
100
102
97
100
101
96
94
92
86
77
76
67
59
55
34
34
19
-1
-10
-23
-32
-45
-58
-59
-75
-88
-97
-106
-106
-117
-124
-123
-123
-129
-130
-131
-131
-133
-125
-115
-110
-105
-92
-82
-81
-78
-71
-63
-64
-60
-50
-43
-43
-41
-35
-29
-25
-27
-14
-9
-8
-1
13
13
17
25
36
36
43
52
55
64
68
76
84
89
89
100
101
101
102
101
100
101
87
87
81
67
60
49
36
26
18
1
-3
-13
-23
-26
-31
-34
-42
-46
-48
-56
-64
-69
-75
-72
-76
-77
-72
-69
-65
-65
-59
-59
-54
-49
-47
-44
-37
-33
-31
-31
-30
-20
-22
-27
-18
-15
-11
-3
-1
4
16
26
24
29
37
39
47
52
60
70
79
91
94
103
110
112
121
122
129
134
129
135
128
129
131
121
119
118
115
108
98
86
78
67
50
40
23
0
-8
-24
-48
-55
-65
-79
-89
-93
-105
-117
-124
-138
-146
-151
-155
-162
-166
-162
-160
-165
-159
-155
-147
-140
-130
-122
-116
-99
-89
-80
-68
-54
-42
-31
-23
-11
-6
4
5
11
16
21
22
21
28
31
37
38
46
60
68
67
81
91
90
97
96
103
110
103
107
113
105
108
107
97
92
92
84
72
70
68
55
50
49
39
25
23
9
-7
-12
-27
-35
-46
-53
-64
-64
-65
-73
-75
-75
-72
-74
-80
-77
-73
-74
-73
-70
-70
-64
-66
-62
-60
-53
-53
-46
-39
-28
-23
-19
-12
-8
-3
0
4
8
10
18
24
28
30
38
46
49
54
59
66
70
74
79
83
90
94
91
104
103
97
103
101
101
96
99
98
87
90
83
73
74
62
53
47
36
31
16
2
-12
-17
-37
-48
-59
-67
-80
-91
-98
-105
-113
-116
-114
-115
-117
-114
-113
-114
-116
-116
-108
-108
-114
-104
-98
-100
-94
-90
-82
-72
-60
-54
-38
-23
-19
-12
-1
2
3
13
15
15
17
22
19
14
18
16
17
23
27
28
40
49
56
56
67
78
76
74
84
80
74
71
74
67
67
63
58
62
62
45
52
48
33
31
25
16
9
1
-3
-13
-20
-21
-29
-35
-33
-45
-43
-49
-50
-53
-60
-52
-56
-64
-62
-54
-53
-53
-54
-43
-42
-40
-39
-35
-32
-30
-23
-21
-17
-15
-6
-2
-5
7
6
12
15
13
19
26
25
26
36
44
48
58
59
65
76
72
71
78
82
76
76
83
76
73
67
68
63
56
57
56
46
44
40
32
25
11
9
3
-13
-19
-26
-41
-48
-57
-69
-69
-82
-88
-89
-96
-100
-103
-102
-106
-101
-99
-98
-92
-91
-87
-81
-77
-77
-70
-62
-61
-54
-40
-38
-30
-20
-13
-6
-2
7
7
16
17
18
26
19
23
26
23
24
23
31
31
34
43
42
44
53
48
53
55
61
55
60
58
59
55
48
50
47
45
45
39
42
39
32
27
23
15
8
2
-4
-11
-20
-30
-33
-42
-53
-54
-57
-60
-63
-63
-60
-59
-57
-58
-51
-47
-50
-47
-40
-44
-44
-37
-44
-35
-35
-31
-24
-17
-11
-1
2
13
16
25
25
32
36
38
42
40
45
48
43
46
50
54
53
54
63
67
64
73
69
72
74
71
72
71
59
60
60
41
41
31
28
21
11
5
4
-8
-19
-26
-23
-36
-43
-41
-43
-49
-55
-62
-61
-67
-77
-74
-74
-72
-74
-72
-68
-69
-72
-69
-67
-66
-60
-60
-53
-45
-51
-41
-32
-34
-25
-16
-10
-2
1
9
12
19
22
29
29
34
40
42
37
40
44
40
37
41
39
38
39
35
45
38
41
45
43
45
42
39
41
32
34
30
18
24
10
9
7
-6
-1
0
-9
-1
-8
-11
-12
-18
-20
-26
-20
-25
-23
-25
-23
-27
-27
-31
-27
-30
-28
-28
-23
-27
-27
-24
-25
-24
-21
-18
-19
-9
-10
-11
-4
2
0
-2
8
11
4
6
13
14
11
12
19
20
20
25
26
37
37
46
56
55
65
69
61
67
67
65
60
64
60
56
55
46
43
43
30
31
28
23
17
10
8
-3
-11
-17
-26
-28
-34
-42
-52
-52
-58
-70
-64
-74
-71
-67
-72
-70
-66
-65
-61
-66
-62
-52
-55
-61
-52
-48
-54
-53
-48
-47
-47
-44
-40
-40
-37
-29
-28
-20
-12
-10
-3
3
5
12
14
18
23
29
31
33
48
44
50
59
62
67
69
70
75
74
74
73
74
71
70
69
60
61
52
48
43
37
38
27
23
23
14
2
3
-4
-15
-14
-16
-25
-29
-32
-38
-41
-55
-51
-53
-56
-58
-56
-58
-55
-61
-57
-60
-58
-53
-58
-53
-50
-51
-54
-49
-48
-46
-43
-32
-26
-21
-13
-6
2
0
9
17
15
21
28
31
35
41
39
48
48
52
53
59
62
71
68
70
80
72
71
73
68
65
65
60
57
50
43
38
25
21
18
9
7
3
-5
-4
-17
-22
-19
-36
-33
-35
-43
-45
-50
-56
-57
-65
-64
-57
-60
-61
-53
-52
-57
-53
-53
-48
-48
-42
-35
-37
-32
-31
-34
-29
-27
-20
-18
-10
-4
-5
3
2
6
10
16
22
22
30
35
31
38
37
45
43
48
54
47
56
49
48
50
49
45
50
47
43
41
37
32
29
23
24
19
15
15
3
6
4
-8
-4
-7
-9
-14
-15
-21
-25
-24
-30
-31
-29
-31
-38
-31
-40
-39
-33
-42
-36
-27
-37
-31
-30
-38
-33
-38
-36
-33
-35
-30
-26
-28
-28
-25
-25
-21
-29
-14
-13
-13
-5
-4
8
5
7
21
21
24
31
28
38
33
33
35
34
32
28
32
29
26
28
22
29
21
19
24
18
17
14
11
14
7
2
5
1
1
-5
-7
-7
-10
-12
-11
-11
-17
-14
-13
-15
-12
-12
-8
-6
-11
-5
-9
-8
-12
-10
-2
-9
-7
-4
-8
-8
-10
-9
-11
-8
-3
-3
5
2
3
4
-1
1
0
3
2
7
10
7
12
8
10
9
12
16
17
23
24
22
29
25
24
29
29
27
27
29
21
25
18
18
20
12
16
12
7
6
2
-2
-1
-5
-5
-8
-13
-11
-16
-20
-17
-21
-21
-17
-23
-18
-20
-18
-19
-25
-17
-26
-28
-22
-30
-28
-22
-31
-25
-27
-24
-27
-26
-21
-21
-19
-17
-14
-12
-8
-12
-10
-7
-11
-12
-4
-5
-2
5
7
10
13
19
19
21
32
29
33
36
38
37
33
35
33
23
26
20
11
16
10
7
10
12
-1
2
2
-7
-5
-7
-5
-9
-5
-10
-17
-13
-18
-29
-20
-22
-22
-21
-22
-18
-20
-19
-24
-16
-18
-16
-13
-13
-9
-9
-12
-10
-10
-10
-9
-9
-6
-4
-7
-7
1
-3
2
6
7
12
11
12
15
19
18
24
28
31
34
31
33
35
30
32
32
40
30
35
39
29
34
28
21
29
19
18
20
16
14
11
9
4
1
-2
-4
-4
-8
-12
-8
-20
-26
-25
-34
-35
-38
-43
-38
-41
-45
-48
-39
-46
-52
-38
-43
-45
-40
-39
-33
-39
-33
-33
-35
-33
-36
-30
-24
-25
-20
-14
-11
-9
-5
1
4
9
16
16
22
25
29
28
30
32
35
32
31
39
39
36
40
44
41
41
45
45
45
46
38
39
39
25
26
26
16
19
12
8
4
0
-11
-9
-13
-14
-13
-18
-10
-15
-16
-21
-20
-22
-30
-29
-23
-29
-27
-24
-21
-23
-37
-23
-33
-35
-25
-22
-17
-14
-9
-9
-11
-7
-8
-6
0
-5
7
6
5
11
7
15
9
14
18
13
21
19
19
24
25
19
25
22
19
23
21
23
24
22
28
19
20
24
12
13
14
9
7
7
7
3
1
1
0
-4
-4
1
-5
-3
-3
-5
-5
-12
-4
-6
-11
-5
-11
-10
-14
-13
-16
-16
-15
-22
-16
-16
-24
-19
-12
-20
-13
-14
-13
-14
-16
-11
-14
-9
-7
-7
-10
-7
-9
-12
-11
-8
-4
-8
1
-4
-3
1
-1
4
7
10
10
13
12
11
12
11
11
15
15
14
14
11
8
9
3
4
10
5
9
14
11
11
3
10
6
-2
6
1
3
2
-5
-3
-1
-11
-15
-9
-13
-18
-17
-16
-11
-11
-10
-9
-7
-8
-16
-15
-10
-6
-12
-8
0
-5
-17
-9
-7
-13
-13
-1
-3
-1
-2
5
0
-1
17
0
8
24
9
7
18
11
6
14
12
17
19
19
24
20
24
22
24
29
28
28
29
29
22
25
21
19
16
16
14
7
7
5
3
0
2
6
-2
0
-4
-9
-14
-16
-19
-15
-13
-24
-18
-22
-27
-32
-24
-30
-28
-24
-25
-25
-25
-25
-26
-25
-22
-21
-28
-20
-20
-27
-20
-18
-18
-13
-13
-10
-3
-6
0
1
7
13
3
16
21
12
21
18
23
27
12
26
26
14
22
28
24
25
33
28
26
29
25
20
22
17
18
17
7
12
4
-2
-7
-3
