-16
-26
-25
-25
-21
-4
23
40
43
44
44
30
-1
-25
-24
-15
-18
-26
-22
-14
-19
-40
-62
-78
-83
-71
-46
-25
-25
-30
-21
-6
-10
-32
-53
-58
-53
-51
-56
-69
-93
-121
-137
-139
-136
-129
-119
-110
-109
-110
-98
-75
-53
-35
-16
-2
-3
-16
-24
-25
-27
-34
-36
-25
-4
12
9
-10
-31
-37
-22
4
28
43
51
53
49
45
49
58
66
68
60
49
40
31
21
20
41
75
92
76
51
42
44
35
22
25
49
72
77
67
51
28
6
-9
-17
-24
-20
-4
9
2
-20
-33
-33
-34
-42
-44
-41
-39
-37
-28
-15
-18
-38
-49
-37
-17
-17
-35
-47
-42
-29
-28
-39
-50
-45
-26
-11
-11
-17
-15
-1
10
7
2
9
32
51
51
41
37
54
87
123
143
134
102
78
82
103
104
87
79
95
107
87
54
42
49
44
20
2
7
26
39
41
34
16
-10
-27
-25
-15
-21
-35
-35
-21
-15
-31
-49
-43
-16
7
15
13
11
5
-5
-16
-26
-40
-51
-48
-27
-6
2
5
15
22
16
6
2
8
16
23
25
28
31
32
30
26
26
39
59
67
56
27
-7
-34
-43
-38
-29
-29
-32
-31
-26
-18
-1
21
32
15
-15
-33
-25
-6
10
13
6
-11
-25
-29
-23
-15
-7
-2
-10
-32
-50
-52
-48
-51
-57
-60
-73
-100
-120
-111
-85
-67
-59
-47
-27
-18
-20
-23
-21
-26
-37
-43
-27
6
42
63
58
32
3
-10
-9
-8
-9
-10
-6
0
16
34
47
51
51
58
66
67
65
63
66
61
48
40
43
49
45
31
21
26
40
49
45
38
33
31
36
51
69
77
68
58
64
83
93
83
59
41
39
42
35
14
-6
-10
-2
7
15
30
47
50
39
29
36
47
48
38
23
7
-8
-15
-13
-7
-7
-17
-37
-62
-78
-82
-77
-77
-78
-72
-57
-47
-52
-62
-61
-48
-35
-33
-33
-24
-8
5
6
5
9
15
13
4
3
13
21
16
6
7
15
15
-2
-19
-27
-25
-19
-17
-22
-35
-47
-51
-50
-53
-62
-65
-58
-45
-43
-51
-55
-54
-56
-68
-82
-86
-79
-78
-83
-82
-71
-63
-69
-82
-88
-84
-78
-72
-57
-33
-17
-26
-49
-60
-47
-30
-37
-65
-86
-85
-71
-61
-55
-45
-34
-34
-43
-47
-38
-24
-18
-26
-36
-29
1
29
32
11
-10
-21
-27
-28
-15
12
32
32
22
16
15
15
22
42
60
71
73
74
72
67
60
55
50
41
33
24
16
8
7
10
14
18
24
30
31
35
49
61
56
46
46
53
48
34
30
38
38
26
21
32
41
38
37
46
53
51
51
59
66
61
47
29
2
-25
-26
0
14
-11
-51
-56
-20
16
20
8
4
5
-3
-14
-11
13
41
48
33
4
-16
-19
-12
-13
-25
-42
-48
-41
-29
-22
-26
-39
-47
-35
-8
11
6
-10
-9
11
24
14
-8
-13
-1
5
-9
-26
-22
4
22
13
-9
-15
4
25
30
18
5
9
32
59
68
56
47
56
66
54
32
34
62
73
48
15
7
21
36
45
43
27
4
0
25
51
60
62
72
83
75
55
37
30
32
44
57
54
46
51
67
60
17
-19
-14
14
25
13
-5
-12
-8
9
21
9
-17
-22
0
5
-32
-71
-67
-41
-40
-63
-68
-44
-20
-13
-10
4
19
28
32
34
25
8
-2
-3
2
6
9
10
8
4
-9
-34
-58
-48
4
60
77
54
32
27
20
1
-9
6
33
43
32
25
27
31
32
36
41
35
19
3
-9
-32
-62
-74
-54
-22
-11
-23
-38
-35
-20
-7
-10
-27
-48
-66
-78
-89
-98
-98
-89
-88
-96
-98
-85
-71
-68
-70
-70
-68
-68
-64
-54
-54
-70
-84
-77
-60
-49
-43
-33
-26
-35
-50
-57
-57
-63
-74
-78
-75
-74
-71
-58
-35
-13
-2
-2
-7
-8
-6
-8
-14
-11
8
27
23
3
-3
11
16
0
-9
7
23
17
2
1
5
-7
-22
-21
-15
-26
-49
-58
-48
-33
-19
-2
13
10
-12
-35
-49
-51
-32
9
56
85
84
62
33
10
0
0
-2
-15
-30
-38
-43
-45
-38
-14
13
28
26
19
13
9
10
14
16
11
9
21
33
22
-13
-46
-55
-43
-28
-21
-21
-21
-22
-21
-20
-17
-10
6
28
44
37
10
-14
-16
-3
5
1
-1
7
14
8
-4
-2
15
31
32
19
0
-9
-4
15
35
39
27
17
23
38
44
30
14
15
29
36
31
23
24
33
36
36
36
39
37
27
13
-4
-17
-20
-15
-7
-8
-15
-24
-26
-22
-13
-3
4
12
24
39
39
23
3
-3
8
25
33
27
15
10
18
28
31
26
22
19
8
-4
-6
-2
0
2
16
28
22
5
12
43
66
64
58
67
79
75
65
60
54
39
24
17
3
-20
-30
-9
18
19
-2
-12
-1
14
21
20
19
18
23
29
21
-13
-51
-74
-79
-79
-79
-71
-54
-30
-4
16
18
11
11
25
33
23
5
-4
0
10
18
22
26
37
51
54
35
10
1
11
26
39
57
73
70
59
62
81
88
77
69
73
66
41
23
33
57
70
75
83
92
91
91
101
104
83
53
42
53
61
47
23
8
4
6
11
18
18
3
-17
-20
-7
3
2
-5
-14
-31
-52
-55
-34
-10
-3
-16
-35
-53
-65
-54
-23
-5
-20
-48
-53
-41
-41
-58
-67
-60
-50
-41
-25
-1
15
14
3
-12
-31
-44
-48
-44
-44
-50
-57
-58
-54
-47
-50
-69
-87
-86
-74
-72
-76
-57
-15
14
13
4
1
-7
-31
-48
-47
-42
-54
-69
-66
-55
-53
-56
-48
-29
-9
0
4
1
-5
-5
3
15
30
45
50
31
-9
-50
-78
-89
-86
-74
-61
-57
-58
-54
-47
-44
-41
-32
-17
-3
8
11
3
-13
-19
-17
-18
-33
-50
-57
-57
-54
-47
-37
-37
-47
-54
-46
-32
-21
-12
-5
-8
-17
-19
-10
-2
1
6
11
5
-11
-18
-6
9
10
-5
-29
-52
-66
-66
-59
-51
-45
-40
-29
-12
6
16
11
4
9
16
11
-2
2
22
29
13
-3
-7
-15
-27
-21
11
35
26
9
14
28
21
2
-1
19
32
32
30
30
28
23
26
31
22
2
-2
21
47
49
30
12
4
-6
-23
-33
-27
-14
-2
11
30
43
44
45
52
50
23
-6
-4
24
36
21
2
-1
0
0
18
52
69
46
8
-7
-2
2
-1
5
27
55
73
73
58
41
28
15
-1
-12
-8
2
6
2
-3
-4
-2
1
4
12
25
42
50
42
33
47
79
105
110
109
110
100
74
53
52
57
51
37
27
27
25
24
22
14
0
-10
-10
-4
1
13
35
48
38
19
11
10
-2
-28
-49
-49
-37
-31
-36
-34
-23
-21
-38
-67
-85
-88
-82
-69
-48
-32
-42
-67
-68
-35
4
13
5
14
37
41
20
0
6
22
21
0
-22
-32
-24
-2
22
33
22
4
5
23
28
9
-8
12
57
86
82
65
54
43
28
23
33
46
51
54
59
56
39
23
19
12
-10
-33
-29
-1
24
26
15
7
14
28
41
38
16
-11
-24
-21
-13
-8
-3
4
10
2
-23
-50
-62
-53
-39
-38
-52
-64
-58
-32
-9
0
2
9
15
0
-32
-46
-24
4
-5
-42
-58
-37
-14
-24
-52
-65
-53
-33
-13
8
19
13
-5
-14
-10
-9
-23
-40
-42
-39
-50
-71
-68
-28
18
32
12
-12
-20
-20
-23
-26
-18
0
10
10
8
12
18
21
23
21
10
-11
-25
-17
3
-2
-40
-66
-43
12
43
23
-21
-47
-47
-32
-16
-6
-5
-9
-6
3
7
0
-8
-7
-3
-10
-24
-30
-27
-28
-46
-70
-75
-54
-27
-15
-19
-21
-12
2
13
20
22
12
-2
-6
3
17
23
16
5
-6
-10
-11
-17
-29
-35
-28
-18
-11
-2
14
24
13
-6
-15
-13
-12
-13
-2
16
24
18
9
8
12
23
40
52
56
54
57
60
53
37
22
12
9
10
16
20
20
22
25
27
28
29
25
17
14
27
40
31
9
2
13
22
22
26
41
50
38
23
24
41
58
59
41
17
3
4
13
29
51
70
69
50
37
42
41
20
-3
-1
18
30
30
26
18
15
27
50
51
12
-30
-35
-11
6
7
8
17
21
20
25
35
37
30
20
11
1
-9
-14
-11
-7
-6
-13
-27
-42
-46
-40
-29
-19
-14
-5
9
29
43
43
38
47
58
45
9
-23
-28
-28
-42
-66
-79
-79
-78
-73
-63
-58
-61
-54
-30
-3
11
25
49
69
73
61
44
19
-12
-28
-23
-8
2
5
2
-8
-16
-13
-3
1
2
10
24
25
14
4
-3
-12
-24
-31
-33
-37
-42
-34
-17
-10
-24
-51
-78
-88
-75
-52
-44
-51
-51
-41
-40
-56
-66
-58
-54
-67
-76
-67
-59
-66
-67
-43
-13
-9
-18
-11
6
8
-5
-13
-4
8
11
7
2
2
9
14
2
-16
-12
21
59
68
52
32
15
3
-9
-23
-38
-48
-38
-5
31
40
18
-13
-30
-32
-28
-27
-24
-12
-2
-8
-24
-31
-18
-7
-12
-32
-43
-34
-14
0
-1
-18
-38
-47
-48
-56
-78
-99
-103
-94
-79
-67
-54
-41
-28
-18
-16
-26
-43
-54
-52
-39
-24
-15
-15
-17
-13
-7
-13
-29
-37
-30
-23
-33
-48
-47
-30
-12
3
22
44
54
47
30
17
16
26
28
4
-37
-64
-56
-27
-2
9
10
3
-7
-10
1
15
24
33
37
23
-11
-28
-5
35
48
25
1
1
17
34
45
44
35
21
13
12
12
13
20
33
46
50
38
22
22
46
74
81
68
65
79
83
60
34
29
41
46
46
56
76
93
106
120
125
110
88
85
104
118
117
116
133
154
156
130
95
72
67
72
76
72
62
46
30
23
31
46
51
38
18
9
19
43
67
73
49
8
-27
-39
-34
-25
-21
-19
-14
-1
16
32
44
49
46
32
14
10
24
40
45
37
23
5
-15
-25
-21
-17
-22
-16
9
30
22
-3
-7
14
29
23
21
38
51
27
-20
-54
-61
-56
-53
-50
-45
-44
-45
-33
-7
3
-24
-68
-84
-63
-40
-36
-40
-36
-29
-37
-56
-71
-76
-71
-60
-51
-59
-77
-79
-54
-27
-23
-31
-28
-18
-14
-17
-21
-24
-27
-30
-32
-51
-80
-92
-74
-43
-29
-30
-33
-31
-31
-30
-29
-33
-41
-38
-24
-17
-26
-29
-14
3
4
-7
-18
-36
-67
-89
-82
-56
-30
-10
0
-8
-40
-69
-68
-46
-31
-32
-38
-41
-41
-42
-41
-41
-39
-29
-20
-19
-21
-12
6
14
5
-6
-11
-21
-39
-45
-24
11
36
48
53
42
13
-21
-37
-33
-23
-26
-33
-31
-21
-8
2
8
11
13
15
16
20
21
15
4
-8
-14
-11
-5
-6
-13
-24
-36
-51
-66
-73
-61
-32
-5
4
0
-4
2
19
39
45
25
-6
-19
-10
0
0
0
2
-4
-15
-8
23
52
59
50
38
17
-9
-9
35
87
96
70
51
55
51
27
4
4
11
7
-9
-17
-9
10
31
44
39
24
17
27
39
37
23
13
17
27
28
12
-13
-32
-38
-29
-13
0
0
-10
-16
-9
10
29
45
54
45
23
7
13
33
39
17
-19
-43
-35
-5
26
32
10
-17
-33
-41
-43
-37
-17
6
14
8
1
4
17
37
55
62
57
50
42
25
-2
-25
-31
-24
-14
-5
6
22
39
52
56
55
63
88
112
99
49
6
7
44
74
75
57
34
17
16
27
31
17
3
16
42
48
28
13
21
27
9
-10
-1
29
44
30
5
-20
-39
-40
-13
15
15
-3
4
50
83
64
20
-2
6
11
-3
-27
-39
-20
24
58
52
13
-7
17
50
53
37
36
55
68
63
46
30
12
-1
-9
-19
-29
-27
-9
1
-10
-25
-19
6
27
28
10
-18
-29
-3
49
81
72
39
6
-26
-59
-81
-87
-85
-80
-65
-40
-30
-31
-21
-1
0
-23
-33
-12
9
-3
-38
-62
-74
-83
-84
-75
-68
-73
-73
-54
-38
-46
-66
-77
-74
-73
-70
-52
-27
-19
-33
-51
-46
-21
2
3
-19
-39
-39
-26
-20
-26
-33
-33
-29
-27
-22
-11
-2
0
-8
-26
-48
-51
-26
9
24
12
-8
-17
-14
-7
-2
0
-1
-6
-13
-25
-31
-24
-5
12
16
7
-13
-37
-54
-44
-15
5
3
-5
-6
-5
-15
-25
-21
-5
16
34
43
42
36
36
35
26
15
12
15
15
12
11
11
-1
-16
-15
0
11
12
12
15
12
4
5
21
33
35
35
42
48
38
18
6
18
42
53
30
-6
-21
-12
-5
-18
-30
-21
-12
-17
-28
-20
-4
1
-10
-21
-29
-43
-54
-54
-43
-30
-14
6
16
12
1
-5
-12
-27
-34
-19
-2
-11
-32
-36
-18
-6
-11
-23
-31
-36
-41
-39
-26
-13
0
9
8
-11
-31
-31
-11
3
-7
-29
-43
-40
-32
-29
-26
-7
27
57
53
25
6
18
41
48
40
37
44
50
46
41
39
44
60
82
89
63
20
-7
-3
8
8
5
14
33
38
19
-18
-50
-52
-24
9
13
-11
-25
-6
21
21
-7
-34
-40
-37
-37
-35
-27
-15
0
18
30
16
-19
-44
-38
-20
-16
-22
-16
4
15
-1
-27
-34
-20
-7
-10
-23
-24
-7
13
21
19
21
34
48
48
36
28
34
49
51
32
15
14
24
26
20
16
9
-12
-39
-42
-9
33
52
51
48
45
37
30
33
32
12
-21
-40
-37
-35
-52
-76
-87
-83
-77
-76
-80
-87
-94
-95
-80
-55
-38
-46
-65
-73
-61
-47
-42
-36
-18
-2
-13
-44
-64
-56
-38
-23
-15
-8
-9
-20
-31
-32
-21
0
28
45
38
22
13
10
1
-11
-7
3
2
-9
-6
15
28
21
12
12
-1
-34
-57
-45
-15
2
0
-5
-6
-9
-13
-14
-21
-43
-67
-62
-24
17
27
0
-33
-43
-28
-7
5
11
9
-1
-21
-33
-27
-17
-23
-43
-53
-39
-9
20
29
19
-1
-10
3
16
5
-20
-31
-16
10
28
31
19
-3
-17
-14
2
6
-12
-34
-43
-38
-28
-8
24
54
60
43
24
20
27
33
32
33
39
41
35
24
16
14
19
24
23
19
17
21
24
25
30
44
50
41
20
2
-11
-20
-15
6
24
14
-17
-32
-16
8
19
23
40
70
92
96
80
54
38
45
72
100
108
95
66
28
-3
-1
36
73
84
71
61
67
83
103
118
113
85
56
46
51
54
51
42
25
2
-14
-20
-31
-51
-58
-35
-10
-14
-41
-55
-47
-35
-25
-11
2
-1
-21
-39
-48
-54
-61
-59
-56
-59
-64
-63
-59
-62
-61
-40
-9
3
-6
-14
-9
-3
-7
-11
-5
3
6
10
12
9
3
13
42
70
80
72
52
23
-4
-13
-4
-1
-13
-22
-14
0
-10
-35
-46
-32
-17
-16
-18
-9
7
7
-21
-54
-68
-55
-31
-17
-19
-24
-19
-5
2
-12
-40
-59
-54
-33
-18
-20
-34
-49
-52
-43
-25
-9
-8
-19
-28
-25
-16
-11
-6
5
20
31
30
24
20
18
16
17
21
19
0
-29
-47
-39
-15
5
10
2
-14
-35
-45
-33
-5
16
16
-4
-36
-62
-68
-48
-21
-17
-44
-76
-80
-55
-27
-25
-43
-50
-23
10
9
-30
-72
-81
-66
-60
-69
-80
-86
-94
-107
-119
-114
-92
-64
-43
-44
-59
-65
-46
-16
3
-6
-39
-73
-79
-49
-19
-23
-48
-50
-29
-25
-44
-44
-4
28
12
-30
-48
-34
-9
16
41
48
26
8
23
51
46
17
3
13
20
11
14
41
78
99
97
73
40
17
17
25
18
-4
-19
-19
-14
-16
-21
-18
0
27
49
47
23
7
14
27
15
-13
-24
-5
20
22
3
-7
11
43
59
51
42
51
68
80
85
89
84
62
37
23
21
23
29
42
50
39
20
13
28
49
61
54
33
16
20
53
86
94
84
74
67
48
18
-6
-7
10
29
38
38
35
28
9
-18
-30
-7
38
60
36
-11
-42
-39
-14
10
13
-6
-35
-56
-59
-46
-26
-11
-12
-22
-27
-28
-37
-48
-44
-21
3
10
14
22
23
13
3
9
14
12
16
37
55
56
51
58
61
44
20
17
27
29
22
24
38
52
56
51
40
25
15
8
-1
-13
-16
-14
-16
-26
-27
-15
-3
-1
-1
-1
-2
-8
-9
-10
-13
-6
25
59
62
36
10
-4
-17
-28
-24
-14
-17
-27
-18
9
22
16
16
27
25
8
-3
1
-1
-14
-19
-13
-16
-31
-34
-20
-19
-49
-78
-72
-40
-18
-15
-16
-10
0
10
12
8
5
7
12
11
8
2
-5
-9
-2
13
18
7
-9
-19
-21
-17
-2
21
32
24
7
-2
8
25
38
31
13
5
19
41
42
26
12
5
-4
-16
-13
0
7
0
-9
-15
-23
-35
-37
-21
1
10
1
-10
-8
6
14
-1
-23
-28
-24
-29
-43
-39
-19
-12
-26
-35
-27
-19
-26
-30
-25
-24
-35
-39
-30
-26
-34
-33
-12
4
-3
-18
-26
-35
-53
-72
-84
-93
-97
-88
-78
-82
-92
-84
-64
-65
-82
-81
-54
-35
-39
-39
-26
-20
-30
-33
-26
-39
-68
-73
-40
-19
-46
-86
-90
-56
-22
-9
-13
-23
-31
-21
2
14
2
-17
-20
-6
2
-5
-19
-25
-20
-22
-50
-92
-114
-98
-63
-41
-38
-41
-38
-19
11
36
38
25
22
27
21
6
9
34
50
42
29
27
28
24
32
52
65
66
76
101
108
81
48
44
56
59
58
72
87
84
72
77
91
85
56
33
42
70
87
86
77
71
67
58
54
53
44
14
-21
-28
-11
-2
-19
-36
-28
-15
-23
-44
-43
-15
19
37
38
25
8
-7
-18
-23
-20
-7
7
13
9
9
12
13
22
42
46
9
-36
-34
15
49
35
7
11
34
39
27
25
41
55
48
23
-2
-17
-20
-23
-25
-22
-18
-20
-20
0
24
17
-12
-15
24
50
26
-4
12
43
32
-3
-1
35
48
33
33
52
40
-2
-14
34
80
68
27
19
41
44
19
6
30
63
62
29
4
15
39
41
21
9
23
41
40
30
30
35
25
2
-8
4
20
23
17
15
16
9
-9
-28
-35
-36
-44
-57
-59
-47
-38
-40
-31
0
27
19
-10
-24
-14
-5
-9
-9
-5
-14
-38
-53
-45
-34
-35
-32
-13
9
11
-4
-18
-17
-16
-24
-37
-44
-34
-21
-21
-36
-44
-33
-16
-15
-35
-58
-63
-44
-21
-16
-25
-22
3
28
32
23
21
28
27
18
12
8
-7
-27
-38
-46
-67
-90
-85
-56
-41
-58
-73
-61
-41
-36
-37
-23
-4
-8
-27
-33
-17
-9
-19
-23
-6
5
-22
-68
-79
-43
-12
-29
-59
-46
6
37
20
-1
18
57
75
62
43
32
28
21
10
0
-2
10
21
12
-10
-19
-14
-22
-46
-53
-29
-7
-24
-52
-42
-5
11
-4
-14
4
21
5
-31
-55
-59
-61
-74
-91
-97
-94
-89
-92
-98
-90
-65
-36
-23
-27
-24
-2
17
13
0
13
50
69
45
8
2
24
34
15
-2
9
27
27
11
7
23
48
76
101
116
119
121
135
149
145
131
124
130
130
118
103
91
77
69
80
100
102
81
68
88
117
118
103
109
148
180
176
150
137
148
163
162
145
121
97
83
77
60
22
-6
2
31
36
2
-30
-21
6
13
-5
-19
-18
-17
-28
-44
-60
-79
-100
-115
-125
-142
-168
-195
-218
-234
-243
-237
-235
-252
-269
-256
-223
-218
-254
-275
-242
-196
-196
-231
-242
-215
-199
-219
-232
-204
-157
-141
-157
-160
-134
-112
-128
-154
-136
-69
-11
-10
-29
-2
71
127
134
136
169
202
194
159
140
124
76
25
22
51
36
-28
-47
28
121
143
118
134
195
231
210
185
199
234
254
263
270
267
259
278
348
442
519
577
639
709
772
821
864
911
961
1014
1066
1094
1077
1027
990
990
993
951
866
808
815
844
823
764
740
775
804
772
716
702
714
677
577
466
358
207
5
-180
-300
-397
-529
-674
-770
-813
-853
-913
-967
-991
-998
-1005
-1028
-1083
-1181
-1297
-1406
-1519
-1679
-1886
-2082
-2213
-2289
-2368
-2475
-2573
-2612
-2598
-2587
-2603
-2595
-2512
-2389
-2302
-2245
-2162
-2063
-2022
-2017
-1928
-1745
-1619
-1622
-1587
-1373
-1119
-1049
-1086
-958
-633
-371
-296
-218
28
307
455
559
773
1016
1138
1213
1415
1690
1836
1875
2034
2368
2670
2810
2922
3143
3410
3630
3837
4052
4194
4242
4310
4447
4512
4421
4325
4380
4489
4464
4332
4249
4234
4210
4207
4285
4335
4219
4051
4051
4156
4082
3810
3644
3710
3726
3456
3089
2906
2831
2607
2250
1987
1811
1494
995
561
317
53
-447
-1076
-1592
-1982
-2452
-3110
-3834
-4466
-5011
-5606
-6338
-7142
-7877
-8468
-8975
-9491
-10025
-10508
-10904
-11225
-11471
-11621
-11681
-11684
-11628
-11476
-11227
-10937
-10627
-10260
-9813
-9313
-8784
-8236
-7702
-7207
-6696
-6084
-5415
-4837
-4395
-3938
-3325
-2616
-1943
-1307
-611
152
896
1579
2237
2882
3476
4016
4535
5013
5372
5590
5751
5941
6167
6396
6617
6859
7165
7564
8046
8555
9056
9558
10059
10498
10848
11173
11507
11745
11776
11686
11646
11636
11464
11101
10776
10676
10674
10533
10235
9961
9820
9743
9611
9376
9079
8798
8576
8355
8044
7671
7355
7092
6710
6153
5602
5172
4652
3807
2808
1991
1265
151
-1480
-3109
-4261
-5178
-6438
-8079
-9520
-10391
-11022
-11919
-13005
-13749
-13940
-14002
-14368
-14865
-15012
-14789
-14655
-14789
-14758
-14240
-13612
-13384
-13300
-12647
-11396
-10318
-9800
-9240
-8006
-6452
-5359
-4735
-3888
-2552
-1243
-420
112
734
1431
1963
2281
2484
2571
2482
2244
1917
1518
1089
697
292
-203
-636
-758
-673
-755
-992
-865
-166
538
720
730
1220
2038
2437
2262
2132
2359
2454
2026
1444
1162
954
381
-402
-900
-1137
-1576
-2298
-2845
-2952
-2940
-3177
-3552
-3729
-3652
-3549
-3580
-3691
-3730
-3612
-3412
-3311
-3406
-3569
-3603
-3523
-3496
-3539
-3459
-3149
-2723
-2274
-1700
-909
1
925
1960
3237
4648
5939
7033
8087
9224
10331
11174
11663
11955
12304
12755
13069
13032
12832
12899
13289
13568
13461
13339
13721
14505
15144
15516
16073
17010
17838
18124
18187
18553
19004
18810
17863
16864
16170
15101
12930
10085
7651
5801
3572
403
-2886
-5222
-6804
-8705
-11155
-13198
-14186
-14743
-15728
-16919
-17476
-17347
-17344
-17858
-18331
-18254
-17994
-18175
-18648
-18683
-18016
-17175
-16700
-16414
-15692
-14300
-12701
-11456
-10471
-9091
-7023
-4860
-3359
-2410
-1245
333
1590
1973
1934
2143
2367
1885
723
-377
-1161
-2213
-3859
-5495
-6458
-6968
-7637
-8400
-8598
-7974
-7002
-6176
-5421
-4383
-2993
-1547
-369
492
1201
1848
2233
2103
1549
947
436
-235
-1175
-2032
-2522
-2946
-3707
-4526
-4769
-4460
-4293
-4542
-4653
-4205
-3642
-3556
-3736
-3568
-3075
-2872
-3171
-3480
-3428
-3308
-3503
-3820
-3781
-3356
-2965
-2795
-2465
-1525
-40
1537
2991
4566
6499
8592
10482
12178
14007
15988
17673
18748
19460
20148
20660
20656
20290
20059
20045
19780
18997
18073
17502
17254
16987
16607
16340
16365
16598
16852
17062
17347
17852
18476
18852
18794
18628
18701
18684
17918
16487
15187
14139
12303
9066
5507
2989
1074
-1815
-5780
-9148
-11088
-12939
-15961
-19170
-20834
-21224
-22131
-23990
-25315
-25231
-24885
-25545
-26590
-26611
-25672
-25161
-25603
-25898
-24999
-23379
-22242
-21811
-21113
-19398
-17141
-15326
-14067
-12453
-9833
-6802
-4479
-3059
-1656
357
2425
3599
3871
4096
4658
4856
3910
2126
491
-721
-2228
-4465
-6666
-7829
-8125
-8556
-9306
-9362
-8072
-6187
-4767
-3648
-1844
814
3329
4883
5756
6653
7637
8142
7807
6929
6075
5451
4770
3739
2555
1714
1315
941
343
-113
-11
429
676
706
946
1423
1559
981
92
-507
-843
-1451
-2534
-3685
-4508
-5189
-6135
-7230
-7842
-7622
-6922
-6180
-5222
-3572
-1271
1160
3506
6071
8958
11662
13713
15324
16947
18461
19277
19219
18796
18433
17840
16520
14707
13316
12819
12624
11895
10712
9915
9913
10201
10182
9962
10057
10654
11437
11956
12061
12108
12690
13851
14834
15049
15026
15570
16253
15939
14792
14167
14135
12866
9536
6075
4386
3246
203
-4318
-7455
-8372
-9596
-13059
-17132
-19150
-19315
-20086
-22460
-24857
-25756
-25797
-26502
-27966
-28905
-28658
-28051
-28000
-28045
-27059
-25018
-23099
-21933
-20699
-18464
-15695
-13555
-12087
-10084
-6802
-3057
-178
1633
3366
5761
8302
9902
10334
10443
10836
10923
9746
7366
4762
2456
17
-2938
-5985
-8463
-10242
-11523
-12230
-12079
-11085
-9636
-8050
-6262
-4022
-1373
1164
3076
4497
5936
7330
7916
7388
6542
6216
6145
5579
4586
3889
3684
3515
3203
3045
3105
3086
2947
2964
3126
3085
2735
2273
1730
952
-29
-1147
-2591
-4430
-6202
-7520
-8781
-10532
-12358
-13324
-13355
-13249
-13263
-12651
-10824
-8171
-5367
-2494
772
4461
8149
11345
13879
15990
17963
19686
20747
21063
21045
20952
20554
19746
18953
18510
18113
17395
16671
16464
16620
16500
15936
15407
15274
15252
14760
13642
12449
11952
12289
12817
13057
13427
14516
16077
17478
18794
20431
21962
22568
22480
22538
22265
20144
16195
12456
9981
7150
2321
-3379
-7704
-10637
-14017
-18341
-22057
-24147
-25542
-27341
-29102
-29865
-29869
-30140
-30829
-31041
-30327
-29459
-29295
-29478
-28923
-27394
-25878
-25204
-24902
-23903
-21952
-19750
-17846
-15960
-13471
-10240
-6807
-3837
-1384
1177
4268
7299
9285
10176
10820
11435
11126
9346
6894
4681
2394
-668
-4112
-6908
-8876
-10591
-12052
-12572
-11931
-10687
-9238
-7377
-4852
-1824
1320
4161
6402
8201
10056
11934
12997
12793
12152
12091
12271
11581
10011
8769
8534
8629
8238
7517
7062
6898
6571
5871
4982
4021
2748
874
-1486
-3869
-6065
-8460
-11398
-14401
-16615
-18055
-19664
-21791
-23433
-23582
-22691
-21950
-21471
-20218
-17672
-14607
-11900
-9345
-6201
-2488
971
3692
6094
8688
11223
13092
14334
15591
17067
18166
18468
18456
18826
19486
19800
19603
19411
19694
20350
20900
20909
20372
19814
19731
19781
19038
17415
16121
16063
16526
16369
15955
16615
18500
20396
21761
23438
25883
28073
29072
29536
30393
30819
29035
24960
20618
17431
14339
9503
3172
-2428
-6056
-9102
-13554
-19068
-23199
-24530
-24402
-24965
-26390
-27094
-26341
-25332
-25341
-25937
-25881
-25087
-24546
-24512
-24045
-22679
-21374
-20981
-20640
-18907
-16055
-13845
-12872
-11576
-8542
-4655
-1883
-621
545
2641
5043
6540
6764
6228
5501
4677
3335
951
-2373
-5684
-8118
-9897
-11810
-13820
-14977
-14835
-13988
-12893
-11135
-8465
-5671
-3472
-1268
1847
5228
7278
7887
8721
10619
12128
11696
10159
9603
10352
10737
9807
8634
8472
8958
9024
8596
8320
8187
7587
6462
5344
4193
2193
-961
-4375
-7083
-9362
-12215
-15804
-19082
-21147
-22381
-23756
-25352
-26198
-25629
-24153
-22608
-21034
-18945
-16325
-13608
-10833
-7652
-4234
-1292
1005
3383
6286
9049
10830
11832
12948
14477
15896
16764
17294
17941
18841
19740
20260
20205
19824
19682
20082
20666
20840
20468
19944
19577
19256
18758
18143
17648
17390
17337
17482
17860
18493
19524
21211
23468
25519
26617
27088
27928
29173
29650
28890
28097
28081
27291
23765
18452
14281
11889
8716
3210
-2582
-6283
-8973
-13308
-19085
-23379
-24795
-25083
-26152
-27648
-28299
-28000
-27411
-26577
-25102
-23117
-21121
-19166
-16933
-14456
-12193
-10399
-8909
-7578
-6630
-6403
-6872
-7521
-7651
-6856
-5317
-3727
-2784
-2529
-2236
-1230
152
857
486
-234
-731
-1637
-3852
-6956
-9565
-11117
-12402
-14173
-16073
-17202
-17155
-16171
-14685
-12957
-10935
-8470
-5805
-3543
-1784
237
3008
5762
7464
8353
9421
10686
11246
10975
10848
11305
11562
11022
10237
9821
9363
8183
6485
4900
3364
1262
-1498
-4296
-6706
-9024
-11649
-14274
-16126
-17015
-17703
-18861
-19982
-20023
-19006
-18100
-17850
-17304
-15504
-12990
-10938
-9405
-7462
-4725
-1740
1056
3837
6767
9622
12236
14735
17159
19195
20513
21191
21716
22501
23284
23168
21679
19644
18292
17548
16159
13754
11629
10846
10622
9634
8112
7378
7770
8334
8499
8852
9975
11532
12972
14444
16449
18970
21479
23605
25341
26709
27711
28626
29729
30520
29956
28052
26385
25811
24346
19309
11558
5132
1726
-1889
-8840
-16836
-21151
-21670
-23037
-27570
-31933
-32384
-30088
-28699
-28866
-28144
-25335
-21957
-19388
-16997
-13875
-10687
-8613
-7399
-5689
-3025
-555
532
629
1127
2362
2950
1652
-617
-1597
-532
744
116
-2093
-3580
-3130
-2184
-2853
-5103
-6904
-7063
-6794
-7876
-10225
-12256
-13180
-13713
-14622
-15700
-16384
-16387
-15474
-13482
-10865
-8374
-5924
-2671
1542
5772
9288
12215
14562
15898
16469
17209
17931
17074
14323
11847
11275
10895
8080
3558
603
132
-672
-4065
-8441
-10894
-11433
-12651
-15814
-19242
-20854
-20772
-20560
-20695
-20074
-17948
-15271
-13463
-12434
-10813
-8042
-5221
-3471
-2307
-532
1783
3336
3683
4125
5869
8181
9444
9665
10549
12827
14945
15337
14784
15006
15648
14771
12255
10419
10457
10441
8414
5653
4712
5419
5394
4115
3740
5496
7694
8397
8188
8848
10619
12321
13355
14096
14715
15027
15396
16567
18370
19584
19601
19448
20390
21861
21786
19376
16750
16612
18274
17599
11939
3950
-1530
-3932
-7635
-15296
-23244
-26106
-24414
-24036
-27903
-31924
-30859
-25388
-20340
-17627
-14637
-9518
-4257
-1183
574
2817
4713
4307
2326
1293
1263
-367
-4210
-7056
-6240
-3507
-2478
-3712
-4539
-3032
-69
2382
3274
2686
1445
717
790
216
-2536
-6531
-9058
-9294
-9558
-11922
-15023
-15856
-13787
-11002
-9311
-8299
-6836
-4694
-2028
1357
5263
8582
10686
12567
15396
18377
19401
17862
15511
14124
13295
11216
6971
1488
-3487
-6903
-9149
-11537
-14659
-17214
-17210
-14593
-11812
-10929
-10981
-9320
-5256
-1005
1102
1144
818
1084
1410
898
-637
-2590
-4123
-4855
-5287
-6317
-8013
-9177
-8582
-6439
-4116
-2496
-1203
535
2810
5088
6871
8033
8749
9327
9927
10297
9973
8910
7641
6712
6202
5967
5992
6274
6702
7364
8610
10436
12194
13410
14478
15835
16795
16149
13899
11448
9891
8981
8052
7074
6338
5911
5918
6593
7574
8112
8550
10309
13393
15327
14419
12737
13188
14290
11455
4072
-2519
-4349
-4699
-8998
-16169
-19971
-18490
-16992
-19643
-23082
-21620
-15659
-10534
-8514
-6576
-2282
2482
5165
6551
8567
10376
9581
6299
3211
1573
-391
-4448
-9458
-12696
-13253
-13051
-14457
-17266
-18442
-15463
-9945
-6611
-7584
-9089
-6147
211
3686
1399
-1786
-192
4287
4898
-36
-4716
-4343
-1576
-1799
-5163
-7240
-6111
-4502
-4667
-4976
-3233
-568
433
-225
-352
586
606
-1538
-4300
-5550
-5467
-5978
-7953
-10097
-10613
-9148
-6905
-5257
-4484
-3804
-2496
-890
-24
-345
-1133
-1404
-1078
-919
-1473
-2440
-3024
-2691
-1605
-537
-312
-1058
-2040
-2431
-2262
-2337
-3211
-4501
-5332
-5285
-4761
-4465
-4601
-4616
-3813
-2219
-558
787
2374
4793
7552
9678
11300
13566
16694
19199
19791
19141
18694
18469
17404
15556
14308
14181
14013
12925
11714
11332
11175
10200
8795
8030
7646
6508
4838
4126
4623
4753
3727
3044
4288
6771
8739
9942
11539
14095
16930
18769
17780
12154
2685
-6145
-10446
-12036
-16010
-22715
-26205
-22811
-17231
-15899
-16991
-12797
-1535
9281
13133
12788
14593
18636
19793
16381
11968
8656
4078
-3289
-10536
-14918
-18381
-23723
-28710
-28636
-23830
-19911
-19739
-19213
-13357
-3689
3513
5051
3973
4935
8651
11800
11238
7326
3295
1663
1561
145
-3398
-6393
-6076
-3350
-1622
-2504
-4440
-5567
-5961
-6507
-7377
-8611
-10606
-12682
-12715
-9966
-7101
-7038
-8487
-7376
-2921
755
397
-1604
-695
3167
5437
3358
-518
-2199
-1444
-1307
-3636
-6948
-8657
-7936
-5867
-3747
-1940
-105
2075
4434
6267
6651
5117
2285
-343
-1760
-2748
-5133
-9280
-12985
-13856
-12409
-11368
-11775
-11481
-8465
-4001
-755
1320
4792
10473
15700
17862
17780
18029
19201
19686
18571
16801
15374
13938
11804
9304
7522
7177
8122
9488
10268
10293
10512
11592
12483
11574
9240
7691
7934
8621
8625
8823
9874
10262
8822
7616
9191
11969
12085
9637
8648
9620
7123
-1878
-11553
-14396
-12303
-13920
-21277
-26256
-22781
-15974
-14062
-15720
-12391
-1517
9673
14584
15255
16920
19427
18562
13225
6390
-277
-8268
-17985
-26399
-30777
-32269
-32768
-32768
-30880
-23020
-13944
-7852
-4768
-747
6563
13826
15272
10120
4460
3910
6220
4437
-3063
-9827
-10097
-6445
-5287
-7513
-8223
-4889
-776
799
1078
2308
3290
1927
-273
-354
668
-1000
-5330
-7490
-4905
-1410
-1623
-4017
-3304
1576
5705
4758
262
-3075
-3182
-2060
-2417
-4520
-6316
-5742
-2819
239
1123
-152
-1328
-577
1404
2419
1467
-148
-420
920
1717
-551
-5643
-9965
-10133
-7097
-5261
-7057
-9958
-10037
-7031
-3978
-2743
-2220
-789
1864
5709
10770
15615
17691
16557
14756
13748
11205
5084
-1415
-2841
964
4409
4116
3385
6520
12090
15298
15055
14698
16265
17857
17335
15488
14129
13403
12599
11896
11623
11042
9529
8062
8037
9268
10496
11210
11718
12119
12581
13681
14716
12623
5168
-5028
-12399
-14842
-15520
-17486
-19625
-19844
-19256
-19779
-19372
-13786
-2986
7771
14026
16234
16710
15520
11532
5312
-1689
-9520
-18728
-27619
-32768
-32768
-30873
-26839
-21670
-15243
-8281
-1925
2719
4564
3636
2154
2443
3392
1457
-3703
-7340
-5499
-536
2239
1855
1936
4219
5954
4653
1737
-524
-2690
-6214
-10027
-11990
-12223
-11861
-9580
-3053
6080
12453
13487
12599
13988
16618
16017
10572
3295
-2309
-5662
-8123
-10489
-12246
-12289
-10009
-6399
-4017
-4721
-7303
-8497
-6699
-3643
-1971
-2068
-1979
101
3658
5893
4180
-712
-4395
-3572
-770
-1899
-8390
-14666
-15379
-12336
-10889
-11518
-9670
-3592
2721
5771
7107
9040
9988
7996
5606
6079
6789
2503
-5073
-7684
-2448
2956
1234
-3460
-1709
6880
13046
11570
8265
10411
16110
18223
15418
13229
14859
16661
14545
10577
9860
12988
15434
14345
12546
14003
17525
18068
14116
10335
11089
14030
13737
10176
8466
9468
6502
-4665
-17310
-21652
-18817
-18999
-25330
-28314
-20390
-8320
-3603
-5464
-2857
7959
17852
18975
15393
14169
13053
5012
-8781
-19341
-22701
-24144
-27767
-29183
-23096
-12796
-6135
-4663
-2962
1605
4444
1042
-5684
-8962
-6985
-4366
-4974
-6618
-4471
2048
8222
9817
7831
6143
5764
3707
-2331
-10465
-17022
-20563
-21573
-19631
-13891
-6078
218
4181
8775
15479
20673
20017
14601
9350
6166
2405
-3480
-8567
-9552
-7353
-5242
-4236
-2935
-751
1381
3012
4414
4875
3088
-475
-3737
-6009
-8555
-11394
-11961
-8649
-3919
-1667
-2472
-3519
-2738
-1113
-932
-3247
-7074
-9944
-9517
-5985
-2490
-1667
-2223
-819
2978
6045
6169
4541
2987
1403
-616
-2173
-3049
-4891
-7979
-9170
-6219
-2087
-807
-540
4020
12381
17301
14971
10650
10544
12671
10972
5471
2289
4511
8853
11910
14420
17612
19923
19993
19422
19592
18599
14629
10170
9166
11227
12558
12240
13634
18313
21573
16423
1488
-16102
-25797
-22272
-10242
-657
-922
-8629
-15121
-14029
-5261
7337
19060
25714
25563
20798
14648
6881
-4663
-17858
-26112
-26416
-23336
-21946
-20870
-16677
-11435
-9717
-10192
-7432
-2010
-1354
-8353
-15805
-16085
-10878
-6452
-3777
541
6335
9524
8824
6731
3640
-3152
-13171
-20915
-22861
-22080
-22667
-22879
-17564
-5640
8167
18182
22112
21388
19180
17368
14283
6970
-3293
-10557
-11570
-10526
-12676
-15756
-13107
-4163
4201
7400
8174
9866
10513
7476
3188
1200
-80
-3987
-8211
-7397
-2568
-1056
-5485
-9255
-6517
-1358
-1803
-7966
-12328
-10824
-7667
-7927
-10269
-9916
-5561
35
4544
7790
9599
9175
7162
5679
5224
3615
-503
-4859
-6337
-5327
-4670
-4730
-2708
2290
6564
6403
3248
1510
2512
3787
3942
4568
6517
7686
6490
4954
5767
7998
8557
6951
5740
6614
8769
11346
14633
17873
18448
15282
11589
11925
16620
20934
20584
17063
15864
18769
19564
10244
-8120
-24022
-27471
-20747
-13800
-11199
-9081
-4207
945
4275
8586
15569
20490
18623
13000
9197
5644
-2842
-13560
-17496
-13465
-11180
-16403
-21645
-17823
-8280
-3518
-6658
-12236
-16326
-19257
-19607
-14162
-4525
3669
9128
15425
21933
22106
13575
2556
-5489
-12123
-18209
-18077
-9174
-1013
-4512
-15742
-20286
-12251
690
10582
16904
19520
14991
4655
-2762
-2929
-2838
-9139
-16329
-15032
-6966
-1987
-2981
-3620
-579
1503
-1171
-5970
-9435
-11485
-11479
-6927
600
4779
3658
3216
7142
9511
4127
-4419
-7161
-4514
-4549
-9372
-12693
-11297
-9503
-9722
-7329
518
8183
9553
7240
7324
9107
7383
2500
461
3090
5028
2227
-2139
-2918
-75
2382
1929
-687
-3431
-4517
-3068
165
3350
5564
7281
8682
9149
8676
7844
6196
3199
1162
3572
9066
11043
6238
180
70
5056
8619
8644
9091
12063
14676
15093
15566
16992
16209
12323
10055
11460
9452
-2818
-19144
-25941
-20574
-14651
-16439
-19136
-12577
737
9879
11476
11824
14260
14420
9958
5843
5313
3299
-4411
-11456
-9168
-1155
568
-6170
-9917
-3575
3604
-656
-13178
-19820
-15309
-8331
-6478
-6066
-847
7019
11004
10253
8749
7232
2866
-3834
-8464
-10026
-12802
-18584
-22123
-18129
-9353
-3343
-2845
-3592
-1154
3643
6752
5702
1369
-3266
-5306
-4106
-1865
-1143
-1675
-931
1958
4377
3226
-1391
-6369
-8719
-7646
-4256
-357
2565
4080
4734
4959
4163
1396
-2946
-6631
-7506
-6178
-5969
-9129
-13361
-13789
-8968
-3085
-714
-1081
98
4270
8597
10463
10019
7864
3831
-632
-2434
-1210
-317
-1053
368
6240
11394
9336
2259
-1476
796
3437
2566
1600
3943
6604
5724
3348
3290
4154
2483
124
1923
7382
10940
10362
8864
8453
7110
4074
2399
3963
6512
7972
9467
11796
13118
12650
12485
13335
13118
12228
14188
17196
12213
-3833
-19471
-22581
-17738
-18220
-23834
-20821
-4799
10873
14904
12857
13926
14962
9304
1995
1757
3742
-3671
-17000
-19441
-6901
3873
-301
-10601
-12110
-6726
-7118
-14826
-18782
-13509
-5658
-1221
2423
8195
12417
11375
7954
6178
4034
-2528
-11671
-17318
-17295
-15288
-15207
-17191
-19048
-18828
-15696
-10262
-4323
756
5008
8543
10453
10096
8113
5091
842
-3717
-6079
-5461
-4612
-5983
-8069
-8263
-7314
-7393
-7399
-4527
256
2901
2533
2589
4990
7606
8651
9107
8973
5575
-1625
-8465
-11466
-12412
-14304
-16037
-14875
-11224
-6837
-1129
6144
11287
11089
8582
8408
8594
4170
-2265
-2495
3949
7790
4573
1870
6350
12189
10527
3887
1316
3424
3096
-614
-573
5380
10000
8604
6318
8427
11270
9100
4098
2583
5231
7775
8683
9727
10776
10010
8167
7216
6015
2627
-477
530
3719
4007
2301
4505
11021
15519
15813
16679
18170
11360
-6903
-23839
-25757
-17177
-13065
-15664
-12936
-230
10923
10495
4080
1660
2416
663
-922
3821
10771
9586
704
-4449
-2330
-3922
-16612
-30113
-29798
-17164
-6391
-4071
-3388
1819
7922
9602
8398
7941
7030
3626
1176
3895
8268
6567
-1722
-9087
-11537
-13799
-19916
-25190
-23066
-15664
-10601
-9410
-6368
986
7289
7875
5845
6352
8229
6670
1773
-1514
-1350
-1390
-4231
-7307
-7599
-6715
-8294
-12532
-16212
-16914
-14806
-11135
-7019
-3229
412
4775
9330
11501
9690
5643
1812
-2094
-7291
-12009
-13018
-10581
-7994
-5962
-1785
4618
8482
6839
3468
3339
5119
3990
90
-1324
2070
6657
8930
9695
10207
8587
3548
-1487
-2126
849
3066
3423
5178
9781
13587
12651
8154
4618
4173
5162
5982
7668
11612
16338
18418
16406
12211
8134
4250
112
-2431
-801
4147
8372
9622
9346
8699
6379
2840
2567
7458
10929
5142
-6982
-14338
-13151
-11724
-16165
-19602
-12889
-46
6597
3814
-273
-942
-2729
-7437
-7247
2919
14265
14915
6941
2220
3575
1437
-9393
-20483
-22135
-16515
-11693
-9029
-4788
-229
-590
-4779
-5234
111
3895
1342
-902
5554
16808
20296
11397
-978
-6851
-6926
-8478
-14164
-19880
-21607
-19416
-14853
-8635
-2097
2323
3849
4564
6100
6980
5243
2263
1377
3293
5392
5613
4582
3194
406
-5004
-11981
-17994
-21301
-21120
-16868
-9300
-1877
1360
-144
-2957
-3732
-2469
-1210
-831
-295
1479
3930
5062
3226
-967
-4728
-5849
-5212
-5333
-6498
-6135
-2687
1898
4889
6263
7561
8746
8787
8455
9452
10760
9223
4805
2092
4420
8879
10060
7274
4765
5136
6039
4517
1848
1821
5416
9614
11465
11412
11681
12729
13021
12016
11332
11974
12155
9964
6970
6161
6561
3856
-2287
-5805
-2369
3703
5538
3945
4921
7931
4950
-6499
-17352
-19130
-15452
-14349
-14434
-8451
1858
5604
-1020
-8720
-9507
-7597
-9163
-9651
-1560
10196
12721
4019
-4207
-4809
-5026
-12493
-20990
-19159
-7616
2570
5789
6323
7111
4244
-4025
-11151
-10790
-5741
-2210
466
7044
15599
17751
10502
712
-4897
-8094
-13202
-17902
-16333
-9052
-3047
-1616
-607
3142
5392
1038
-6686
-9300
-4260
2425
5294
6003
8443
11425
10286
3807
-4404
-10812
-14704
-15884
-13187
-6887
-250
3201
2795
-120
-4600
-10024
-14581
-15829
-12760
-6416
1011
6791
8447
5704
1201
-2336
-5071
-8281
-10322
-7566
-186
6066
5971
797
-4047
-5631
-5052
-3455
8
5768
12050
16595
18459
17418
13564
8537
5295
5138
6265
6586
6507
7244
7868
6445
3461
1655
2514
5092
8256
11748
14589
14895
12507
9845
8857
8799
8374
8127
8744
8675
6206
2905
1935
3227
3669
2441
2362
4261
3984
-1483
-7950
-9228
-6867
-8307
-14546
-16738
-9080
917
1761
-6053
-11658
-10190
-8135
-10041
-9415
510
13421
16296
6587
-5583
-12214
-15925
-21153
-24538
-19830
-8104
2976
8418
9105
6625
724
-6795
-10776
-8472
-3277
719
4938
12473
19909
19129
8208
-4893
-11998
-13395
-13477
-12240
-6761
1242
5735
4315
510
-2685
-6334
-10625
-11408
-5480
3718
9711
10596
9403
8108
5438
802
-3372
-4723
-3937
-3065
-2763
-2805
-3784
-6218
-8927
-10428
-11452
-13785
-16504
-15869
-10133
-2605
1746
1677
11
-639
-523
-1050
-2129
-2228
-433
2252
3613
2059
-2032
-6499
-8906
-8049
-4382
649
5655
9959
13318
15223
15050
13263
11771
12263
14422
16467
17171
16574
14969
12226
8328
3978
379
-1412
-973
1510
5656
10691
14556
14543
10503
6413
6226
8728
9635
8426
8810
11674
12644
9033
4315
2231
1079
-1584
-3058
-578
1220
-4298
-14224
-18289
-13529
-8729
-11032
-15275
-12348
-3388
1573
-2427
-9519
-12310
-10922
-9209
-6591
170
8386
9679
1085
-9705
-14384
-14632
-16935
-20439
-18016
-8637
-202
1763
653
886
598
-2882
-6204
-4766
-251
2833
4958
9321
13776
12223
4076
-3974
-6928
-6798
-7120
-7103
-4442
-498
1097
-662
-3581
-5571
-5924
-4033
435
5920
9649
10459
9408
7392
4191
569
-912
1003
3833
4206
2164
300
-887
-3803
-9372
-14594
-16148
-14580
-12831
-11815
-9829
-6195
-3118
-3028
-5503
-7935
-8288
-6137
-1956
2931
6115
5718
2419
-1619
-5686
-10162
-13358
-12003
-6005
612
5186
9239
13500
14536
10410
5880
6674
11514
15514
18642
23814
28512
26534
18273
11373
9752
9297
6564
4514
6234
9158
9744
9077
9772
11193
11538
11521
12477
13358
12700
11523
11579
12255
11453
8511
4688
1571
-156
-882
-1397
-2135
-3874
-8723
-17577
-26125
-27497
-21007
-14003
-12137
-12600
-10995
-9515
-12112
-15911
-14839
-9022
-3416
553
4433
5813
442
-8993
-14401
-13541
-12371
-14740
-16886
-14675
-10089
-7083
-5820
-4508
-3417
-3685
-4421
-3661
-846
3234
7513
10514
10528
7167
2132
-1977
-3267
-1439
1867
3974
3359
707
-2601
-5927
-8555
-8956
-6370
-2159
1762
4884
7242
7844
5902
2939
1696
2955
4967
6078
6408
6533
5889
3384
-1046
-6218
-10674
-13342
-13780
-12497
-10769
-9364
-7861
-5974
-4790
-5247
-5996
-4805
-1896
374
1158
1838
2845
2765
1261
-244
-1675
-4576
-8158
-9033
-6496
-3874
-2663
-41
5142
8939
8618
7614
9765
12874
13095
11989
13706
17837
20367
19826
17965
16072
14562
14286
14834
13695
10258
7948
9288
11854
12454
12043
12885
13984
13242
11494
10815
11136
11500
12281
13498
13392
10961
7602
4797
2683
1241
-515
-6031
-16768
-26533
-26779
-18400
-11316
-11008
-13011
-12854
-13052
-16196
-18721
-16804
-12470
-8988
-5675
-1995
-1409
-5956
-11434
-13003
-11821
-11567
-11947
-10364
-7252
-5385
-5847
-8025
-11589
-15511
-17043
-14380
-8948
-3295
1496
4888
5709
3758
941
-656
-497
1202
4082
6744
7246
5343
2585
-185
-3432
-6480
-6732
-2708
3494
7973
8572
6167
3161
1218
165
-919
-1527
376
5305
10108
10629
6470
1419
-1230
-2097
-3544
-5721
-6765
-6265
-6120
-7563
-9493
-10648
-11292
-11405
-9524
-5407
-1769
-839
-1137
-410
379
-555
-1667
-612
795
-872
-4362
-5292
-3318
-2176
-2745
-1860
1356
3752
3962
4606
7074
9039
9073
9333
11534
13932
14325
13181
12325
12765
14453
16228
16205
14201
12720
13339
14046
12839
11491
12370
14165
14545
14233
14333
12883
8813
6016
8003
11527
11257
8079
6786
7979
8340
6699
3732
-2033
-11332
-19091
-19046
-12656
-7459
-7239
-9380
-11202
-13212
-15847
-17693
-17492
-14924
-10124
-5005
-3210
-5712
-8638
-8604
-7591
-8887
-11009
-10121
-6492
-4050
-4751
-7173
-9666
-11477
-11698
-10078
-8116
-7021
-5736
-3148
-808
-1092
-3652
-5787
-5674
-3726
-1504
-374
-504
-581
559
1920
1445
-753
-2076
-816
1873
3849
4248
3396
2017
1122
1383
2090
1873
873
972
3129
5489
5345
2671
425
837
2433
2017
-1052
-4394
-6271
-7303
-7968
-7192
-4924
-3552
-4641
-6424
-6768
-6504
-7267
-8037
-6681
-3484
-560
950
969
-581
-2765
-3279
-1259
1237
2422
3401
5688
8312
9445
8975
7726
6184
5337
6413
8631
9779
9792
10619
11973
11146
8013
5893
6113
6218
5170
5565
8440
10435
8820
5557
3835
4030
5274
7567
10205
11201
10153
9003
8797
8538
7998
8421
9740
10294
9882
9972
10634
10450
9397
8505
7007
3475
-576
-2048
-928
90
130
364
250
-2229
-6616
-10165
-11895
-12832
-12604
-9817
-5921
-4731
-7369
-10851
-12399
-12443
-12715
-13642
-14362
-13834
-11655
-8796
-7265
-8116
-10313
-12135
-12724
-11774
-9171
-5811
-3381
-2529
-2552
-3190
-5028
-7595
-8954
-7927
-5266
-2230
452
1991
1630
-270
-2599
-4857
-6756
-6934
-4117
427
3429
2988
213
-2451
-3464
-2919
-1975
-1437
-621
1638
4694
6213
5085
2761
1135
623
871
1692
2590
2772
2184
1310
-1
-1979
-3557
-3430
-2083
-828
433
2208
3135
1580
-1210
-2601
-2659
-3555
-5346
-5659
-3591
-870
925
1577
931
-840
-1912
-475
2410
4072
4023
4047
4887
5320
4451
2884
1728
1916
4046
7497
10346
11281
10810
9884
8698
7551
7276
7962
8850
9897
11541
12713
11698
9322
8468
9760
10723
10026
9509
10878
13265
15182
16146
15327
11490
5687
1555
1490
4255
7084
8198
6850
3204
-1027
-3687
-4523
-4931
-5336
-4714
-2956
-1955
-3718
-8240
-13317
-16076
-15407
-13287
-12624
-13460
-13127
-10720
-9029
-10761
-14961
-18625
-19883
-18375
-14583
-10307
-7871
-7624
-7937
-8284
-9842
-12267
-12769
-9912
-5790
-2961
-1541
-673
-568
-1469
-2511
-2975
-3121
-2840
-1207
1712
4154
4544
3021
818
-631
-121
2368
5202
6762
7176
7307
6983
5724
4194
3307
2878
2657
3423
5354
6648
5672
3300
1349
-46
-1655
-3028
-3126
-2117
-913
153
792
138
-1857
-3589
-3786
-3301
-3560
-4283
-4109
-2777
-1513
-1639
-3404
-5737
-6944
-6295
-4801
-3702
-2635
-508
2237
3767
3228
1659
580
713
1937
3600
5114
6759
9205
11779
12468
10601
8201
7587
8757
10211
11095
11438
11382
11270
11504
11625
10728
9305
9180
10951
13001
13783
13582
13277
12782
11511
9317
6579
4265
3753
5253
6577
5132
1089
-2845
-4644
-4556
-3923
-3840
-4668
-5636
-5569
-5004
-6314
-10302
-14226
-15110
-13596
-12469
-12669
-12993
-12681
-12084
-11597
-11769
-13481
-16261
-17588
-15740
-12266
-9930
-9264
-8910
-8240
-7781
-7771
-7813
-7411
-5959
-3166
-227
698
-900
-2957
-3279
-1762
401
2322
3594
4157
4563
5252
5421
4027
1986
1643
3737
6501
8118
8504
8317
7734
6762
5600
4314
3081
2727
3961
6023
7048
5843
2718
-1123
-4297
-5829
-5810
-5186
-4510
-3573
-2627
-2884
-5011
-7953
-10007
-10439
-9567
-8029
-6503
-5451
-4725
-4012
-3713
-4541
-6170
-7227
-6825
-5351
-3688
-2364
-1444
-663
229
915
858
521
1320
3678
6155
7356
7700
8398
9700
11056
12094
12562
12261
11726
11922
12660
12594
11423
10668
11429
12766
13177
12516
11627
11216
11670
12934
14123
14287
13759
13545
13373
11915
9063
6478
5522
5903
6460
6089
3988
335
-3336
-5598
-6678
-7518
-7970
-7410
-6518
-6863
-8927
-11795
-14385
-15910
-15824
-14569
-13673
-14023
-14730
-14704
-14385
-14766
-15697
-16330
-16357
-15806
-14492
-12650
-11161
-10360
-9536
-8278
-7152
-6415
-5288
-3239
-900
913
1985
2185
1389
359
393
1686
3131
3987
4534
5017
5206
5165
5252
5333
5128
5158
6108
7437
7933
7413
6668
6005
5121
4131
3531
3413
3691
4525
5531
5321
3050
-197
-2628
-3732
-4095
-4089
-3830
-3720
-4023
-4514
-5201
-6496
-8092
-8787
-8164
-7314
-7204
-7419
-7230
-6776
-6497
-6446
-6662
-7179
-7350
-6284
-4291
-2650
-1793
-952
233
1165
1527
1816
2445
3412
4844
6741
8357
8992
9141
9701
10471
10658
10426
10646
11488
12409
13111
13449
13017
11929
11302
11928
13125
13839
14022
14017
13566
12485
11455
11141
11316
11538
11746
11542
10061
7340
4803
3645
3638
3882
3668
2304
-581
-4130
-6780
-8021
-8562
-8821
-8610
-8358
-9162
-11321
-14012
-16427
-18139
-18589
-17608
-16279
-15933
-16421
-16592
-16197
-16007
-16313
-16527
-16055
-14632
-12213
-9437
-7574
-7112
-7051
-6433
-5627
-5232
-4695
-3143
-746
1651
3461
4256
3786
2814
2836
4226
5708
6286
6518
7199
7984
8084
7366
6240
5314
5395
6797
8479
8937
8043
6924
6132
5199
3965
3021
2772
3120
3878
4492
3793
1291
-1639
-3127
-3024
-2625
-2742
-3261
-4103
-5337
-6661
-7782
-8882
-9884
-9994
-8885
-7621
-7445
-8312
-9344
-10009
-10125
-9577
-8683
-8051
-7577
-6507
-4854
-3638
-3288
-3004
-2081
-741
729
2436
4141
5237
5818
6635
7766
8517
8807
9438
10760
12163
13055
13396
13260
12797
12521
12781
13152
13170
13225
13837
14573
14626
13986
13139
12231
11378
11090
11457
11645
11065
10282
9836
9088
7227
4750
2927
2330
2558
2808
2185
173
-2655
-5041
-6476
-7476
-8326
-8579
-8121
-7783
-8512
-10577
-13601
-16540
-17871
-16917
-14951
-13941
-14297
-14910
-15135
-15456
-16186
-16729
-16312
-14623
-11842
-8802
-6832
-6534
-6981
-6858
-6033
-5206
-4490
-3262
-1141
1529
3880
4857
3968
2165
1297
2232
4164
6036
7622
8853
9155
8210
6571
5008
3968
3959
5427
7780
9433
9364
8001
6311
4788
3616
2984
2897
3152
3638
4154
4098
2967
1064
-841
-2314
-3197
-3261
-2665
-2296
-2868
-4067
-5259
-6472
-7848
-8716
-8259
-6804
-5572
-5363
-6125
-7473
-8942
-9973
-10227
-9784
-8813
-7423
-6025
-5256
-5249
-5406
-5105
-4178
-2679
-794
998
2302
3335
4457
5327
5366
4975
5367
7032
9186
10847
11752
12101
12087
11889
11652
11395
11275
11721
12884
14150
14689
14328
13496
12606
11876
11470
11429
11651
12106
12716
12940
12058
10095
7881
5985
4254
2664
1799
1976
2447
2018
150
-2770
-5836
-8075
-8960
-8809
-8415
-8264
-8403
-9022
-10577
-13139
-15937
-17733
-17653
-15889
-13774
-12817
-13358
-14430
-15132
-15583
-16126
-16231
-14978
-12358
-9438
-7315
-6342
-6189
-6193
-5734
-4637
-3195
-1673
-10
1829
3445
4232
3955
3047
2402
2745
3976
5267
6007
6396
6846
7110
6608
5457
4575
4737
5920
7490
8645
8770
7818
6417
5306
4699
4361
4144
4155
4423
4621
4151
2595
270
-1726
-2384
-1803
-1071
-1143
-2113
-3490
-4786
-5745
-6398
-6935
-7320
-7191
-6493
-6009
-6665
-8330
-9800
-10060
-9216
-8167
-7670
-7784
-7962
-7635
-6782
-5858
-5115
-4282
-3053
-1611
-421
263
602
1053
2102
3762
5373
6267
6620
7192
8227
9175
9578
9670
9882
10255
10615
10952
11353
11759
11956
11729
11099
10474
10412
11034
11843
12311
12374
12183
11734
11050
10400
10033
9926
9944
9846
9059
7030
4139
1742
854
1079
1179
372
-1171
-2792
-4030
-4987
-6119
-7538
-8695
-9102
-9177
-9864
-11473
-13352
-14638
-14944
-14450
-13774
-13593
-13960
-14174
-13722
-13023
-12804
-13013
-12884
-11852
-9967
-7715
-5798
-4793
-4591
-4423
-3733
-2679
-1550
-214
1496
3241
4414
4662
4032
3009
2478
3112
4622
6025
6714
6801
6514
5895
5146
4682
4718
5217
6133
7192
7655
6976
5597
4513
4100
3974
3850
3880
4168
4443
4237
3180
1309
-653
-1704
-1605
-1167
-1260
-1950
-2901
-4043
-5419
-6784
-7800
-8299
-8192
-7579
-7126
-7715
-9393
-11147
-11991
-11813
-11037
-10001
-8926
-8023
-7383
-7010
-6934
-6960
-6454
-4928
-2741
-717
773
1889
2684
3053
3196
3589
4487
5846
7553
9286
10449
10683
10323
9985
9956
10277
11013
12035
12883
13188
12973
12304
11163
9900
9273
9650
10533
11154
11154
10549
9523
8489
7887
7698
7540
7275
7078
6862
6162
4721
2824
1040
-38
-50
648
943
-34
-1963
-3848
-5230
-6338
-7295
-7838
-7813
-7503
-7479
-8337
-10284
-12620
-14048
-13889
-12764
-11776
-11388
-11388
-11508
-11641
-11749
-11825
-11713
-10900
-8971
-6388
-4311
-3396
-3239
-3128
-2814
-2381
-1818
-982
303
2096
3947
4838
4099
2348
1021
993
2059
3592
5071
6054
6222
5570
4302
2674
1209
712
1523
2932
3741
3319
1920
278
-828
-973
-387
336
969
1693
2334
2202
997
-641
-1822
-2266
-2215
-1969
-1812
-1977
-2458
-3091
-3891
-4949
-5962
-6345
-5893
-5012
-4274
-4053
-4507
-5467
-6441
-7031
-7250
-7134
-6408
-5004
-3604
-3067
-3441
-3998
-4078
-3473
-2244
-636
930
2152
3019
3543
3631
3463
3622
4515
5914
7289
8293
8783
8764
8527
8489
8737
9011
9197
9414
9610
9533
9188
8856
8618
8290
7847
7513
7385
7353
7379
7467
7460
7253
7092
7249
7522
7458
6991
6424
5905
5280
4404
3300
2153
1281
922
823
365
-700
-1937
-2824
-3316
-3628
-3886
-4199
-4728
-5433
-6097
-6767
-7738
-8956
-9867
-10073
-9796
-9508
-9430
-9521
-9651
-9663
-9471
-9157
-8763
-8109
-7062
-5894
-5002
-4448
-4047
-3717
-3406
-2851
-1865
-682
326
1084
1661
1925
1737
1322
1062
1071
1230
1444
1608
1520
1073
393
-341
-1015
-1421
-1322
-800
-252
52
152
100
-123
-351
-258
232
863
1385
1695
1657
1148
309
-555
-1332
-2037
-2504
-2498
-2126
-1809
-1845
-2254
-2923
-3627
-4025
-3918
-3464
-2939
-2474
-2188
-2352
-3132
-4271
-5252
-5637
-5223
-4145
-2955
-2308
-2345
-2625
-2725
-2600
-2288
-1628
-489
959
2406
3598
4329
4533
4490
4676
5340
6341
7424
8398
9068
9264
8969
8304
7452
6773
6736
7445
8358
8761
8454
7754
7028
6499
6333
6599
7162
7801
8341
8572
8274
7534
6856
6715
7103
7631
7947
7936
7659
7218
6558
5456
3922
2547
2102
2650
3343
3215
2019
254
-1369
-2409
-2878
-3066
-3151
-3105
-3077
-3660
-5365
-7856
-10004
-10816
-10236
-9105
-8477
-8862
-9901
-10802
-11158
-11231
-11364
-11371
-10762
-9425
-7840
-6654
-6162
-6133
-6050
-5578
-4833
-4093
-3320
-2208
-769
412
660
-151
-1491
-2550
-2722
-1959
-781
132
443
200
-440
-1319
-2141
-2485
-2104
-1111
96
1041
1398
1180
713
324
106
60
276
823
1531
2055
2132
1699
860
-114
-860
-1123
-910
-423
60
236
-108
-900
-1787
-2418
-2668
-2588
-2285
-1914
-1670
-1693
-2010
-2547
-3106
-3395
-3221
-2715
-2237
-2043
-2102
-2242
-2348
-2393
-2346
-2087
-1433
-322
988
2011
2459
2522
2670
3190
3990
4789
5390
5780
6035
6182
6158
5949
5728
5754
6089
6502
6688
6554
6253
5975
5772
5567
5320
5151
5237
5582
5950
6092
6033
6027
6241
6566
6754
6717
6614
6665
6886
7053
6936
6567
6174
5878
5514
4841
3917
3151
2949
3273
3587
3273
2157
653
-612
-1300
-1549
-1715
-2040
-2591
-3406
-4568
-6065
-7606
-8704
-9011
-8658
-8206
-8240
-8916
-9892
-10649
-10893
-10677
-10224
-9694
-9124
-8525
-7981
-7615
-7462
-7409
-7262
-6882
-6245
-5425
-4555
-3814
-3399
-3440
-3889
-4482
-4836
-4679
-4002
-3055
-2193
-1704
-1688
-2006
-2343
-2342
-1791
-742
494
1485
1930
1827
1454
1143
1097
1351
1841
2438
2989
3361
3498
3440
3290
3165
3098
3002
2780
2475
2257
2240
2368
2495
2516
2405
2204
1968
1726
1469
1218
1070
1060
1022
691
-28
-950
-1770
-2275
-2434
-2396
-2367
-2445
-2535
-2521
-2429
-2364
-2314
-2163
-1841
-1396
-922
-501
-168
148
590
1165
1656
1829
1685
1429
1268
1324
1620
2057
2430
2607
2612
2515
2360
2260
2413
2920
3663
4443
5136
5661
5950
6040
6097
6285
6680
7313
8146
8965
9512
9750
9872
10009
10092
10039
9920
9876
9964
10076
9932
9222
7985
6761
6158
6234
6440
6171
5235
3855
2409
1167
158
-732
-1484
-1954
-2274
-3023
-4712
-7126
-9385
-10658
-10768
-10251
-9946
-10376
-11387
-12418
-13168
-13794
-14405
-14678
-14187
-12988
-11687
-11010
-11295
-12242
-13081
-13164
-12482
-11476
-10408
-9196
-7861
-6809
-6482
-6870
-7456
-7530
-6638
-4960
-3256
-2212
-1845
-1670
-1342
-870
-289
522
1660
3030
4374
5356
5743
5691
5733
6260
7132
7937
8500
8907
9218
9407
9486
9494
9447
9406
9460
9507
9268
8646
7881
7218
6621
5960
5247
4530
3775
2961
2143
1312
389
-592
-1530
-2477
-3581
-4752
-5680
-6225
-6578
-6972
-7480
-8083
-8678
-9062
-9081
-8832
-8494
-8069
-7501
-6943
-6630
-6535
-6406
-6067
-5512
-4778
-3967
-3242
-2646
-2030
-1335
-744
-395
-111
373
1090
1915
2785
3679
4575
5522
6576
7586
8283
8688
9159
9943
10885
11702
12291
12711
13089
13566
14124
14484
14428
14186
14208
14569
14871
14746
14208
13505
12853
12257
11426
10006
8128
6549
5908
5952
5748
4583
2480
4
-2183
-3737
-4842
-5922
-7077
-8075
-8959
-10293
-12494
-15145
-17250
-18083
-17723
-16985
-16866
-17766
-19092
-19854
-19717
-19185
-18779
-18427
-17766
-16691
-15447
-14416
-13840
-13543
-12960
-11720
-10100
-8645
-7452
-6204
-4812
-3602
-2877
-2575
-2328
-1655
-232
1736
3566
4748
5402
5895
6328
6689
7230
8269
9752
11262
12358
12754
12465
11931
11711
11897
12089
12091
12194
12608
12987
12782
11820
10382
8967
8042
7704
7494
6870
5873
4936
4108
2925
1132
-903
-2589
-3601
-3984
-4131
-4607
-5687
-7077
-8385
-9658
-11079
-12350
-12881
-12544
-11823
-11318
-11358
-11943
-12683
-12965
-12483
-11489
-10314
-8976
-7522
-6370
-5871
-5764
-5431
-4509
-3020
-1204
553
1895
2852
3749
4652
5287
5647
6248
7484
9110
10560
11469
11781
11699
11684
12154
13028
13898
14608
15281
15810
15817
15221
14435
13906
13789
14038
14422
14500
13957
12983
12026
11227
10469
9774
9257
8792
8128
7231
6170
4813
3011
961
-906
-2323
-3247
-3790
-4369
-5582
-7622
-9947
-11842
-13092
-13879
-14362
-14652
-14995
-15652
-16703
-18070
-19451
-20219
-19808
-18419
-17031
-16434
-16521
-16629
-16294
-15513
-14557
-13677
-12815
-11563
-9670
-7569
-6036
-5298
-4815
-3978
-2681
-1152
441
2081
3789
5474
6753
7104
6491
5724
5834
7096
8862
10293
10962
10897
10370
9713
9152
8797
8827
9445
10476
11225
11035
9899
8374
7022
6100
5618
5444
5375
5243
4916
4190
2891
1180
-448
-1587
-2228
-2588
-2844
-3127
-3619
-4479
-5711
-7143
-8462
-9324
-9561
-9365
-9144
-9190
-9573
-10280
-11258
-12272
-12892
-12776
-11944
-10795
-9851
-9410
-9338
-9204
-8666
-7709
-6494
-5081
-3438
-1666
-70
1056
1732
2331
3288
4705
6266
7569
8513
9307
10130
10874
11290
11338
11340
11732
12604
13529
13928
13604
12887
12271
11999
11999
12083
12120
12062
11833
11268
10231
8893
7716
7061
6832
6620
6127
5341
4394
3422
2503
1665
940
438
253
256
124
-316
-985
-1811
-2891
-4216
-5423
-6040
-5912
-5364
-5048
-5565
-7012
-8783
-10047
-10484
-10379
-10061
-9603
-9121
-8990
-9537
-10665
-11823
-12262
-11472
-9674
-7828
-6798
-6547
-6382
-5895
-5285
-4839
-4470
-3832
-2642
-945
751
1746
1859
1685
1900
2513
3143
3739
4608
5821
6998
7571
7125
5710
4058
3189
3456
4235
4722
4721
4402
3760
2705
1424
303
-320
-226
500
1222
1136
119
-1150
-2073
-2658
-3082
-3244
-3030
-2589
-2177
-2034
-2443
-3464
-4588
-5135
-5067
-4914
-4944
-4920
-4713
-4573
-4720
-5123
-5675
-6149
-6108
-5361
-4396
-3873
-3830
-3885
-3980
-4340
-4871
-5143
-4896
-4134
-2957
-1719
-1028
-1077
-1254
-847
149
1340
2607
3977
5200
5991
6395
6563
6530
6527
7020
8037
8946
9248
9138
8966
8709
8300
7942
7767
7626
7496
7546
7623
7257
6384
5506
4941
4542
4246
4241
4427
4340
3796
3036
2219
1337
639
459
625
651
467
373
341
80
-311
-412
-140
249
674
1177
1537
1535
1368
1252
917
113
-699
-822
-251
398
619
207
-880
-2292
-3297
-3515
-3325
-3167
-2943
-2555
-2460
-3115
-4256
-5198
-5475
-4924
-3665
-2329
-1725
-1936
-2233
-2133
-1949
-2046
-2199
-2000
-1391
-532
329
733
339
-483
-963
-893
-694
-558
-195
445
903
764
-16
-1273
-2621
-3375
-3135
-2394
-2009
-2208
-2636
-3141
-3836
-4572
-4975
-4932
-4549
-3878
-3102
-2688
-2850
-3149
-3103
-2833
-2648
-2402
-1787
-910
-128
398
599
366
-132
-421
-335
-212
-231
-66
453
890
779
187
-532
-1101
-1262
-863
-223
85
-52
-271
-479
-994
-1838
-2491
-2535
-2055
-1343
-687
-441
-760
-1234
-1299
-945
-564
-222
340
1078
1604
1724
1553
1210
842
776
1177
1719
1999
2070
2160
2153
1839
1394
1186
1288
1567
1976
2427
2662
2589
2480
2536
2612
2622
2812
3341
3931
4241
4269
4170
4010
3898
4000
4251
4414
4520
4868
5480
5973
6101
6037
6025
6121
6320
6602
6805
6791
6713
6751
6694
6147
5131
4119
3485
3247
3240
3199
2804
1951
898
-78
-996
-1890
-2493
-2533
-2198
-1998
-2289
-3116
-4264
-5274
-5667
-5403
-4929
-4647
-4578
-4658
-4991
-5618
-6302
-6756
-6849
-6548
-5936
-5338
-5123
-5301
-5570
-5769
-5969
-6132
-6049
-5654
-5123
-4641
-4346
-4417
-4903
-5517
-5853
-5782
-5399
-4759
-3960
-3311
-3095
-3221
-3364
-3321
-3022
-2399
-1488
-530
260
869
1300
1451
1369
1385
1741
2325
2894
3369
3717
3809
3567
3065
2402
1706
1274
1384
1876
2180
1900
1121
151
-755
-1389
-1623
-1531
-1327
-1158
-1156
-1556
-2433
-3415
-3936
-3799
-3272
-2717
-2348
-2258
-2401
-2595
-2712
-2777
-2749
-2412
-1683
-871
-372
-273
-390
-542
-586
-397
38
594
1192
1805
2265
2319
1999
1704
1786
2255
2928
3619
4152
4406
4459
4495
4576
4687
4939
5455
6101
6564
6723
6706
6646
6600
6632
6762
6885
6933
7015
7225
7426
7442
7326
7243
7213
7185
7188
7240
7243
7143
7010
6856
6547
6045
5522
5091
4654
4107
3513
2941
2356
1752
1178
572
-202
-1083
-1836
-2374
-2825
-3278
-3688
-4096
-4629
-5292
-5952
-6531
-7002
-7278
-7336
-7399
-7712
-8209
-8611
-8793
-8827
-8771
-8645
-8525
-8451
-8339
-8131
-7912
-7719
-7412
-6914
-6427
-6183
-6133
-6067
-5865
-5512
-5041
-4580
-4297
-4179
-4036
-3792
-3562
-3377
-3071
-2544
-1926
-1390
-978
-679
-470
-247
93
488
807
1091
1476
1915
2200
2256
2183
2068
1926
1817
1814
1887
1964
2033
2042
1832
1338
768
393
269
296
414
578
663
545
233
-193
-622
-868
-744
-315
106
283
256
154
7
-171
-279
-216
46
485
1003
1374
1422
1256
1151
1222
1369
1527
1768
2149
2603
3001
3202
3112
2814
2601
2696
3025
3367
3648
3905
4109
4155
4016
3784
3607
3656
4029
4583
4989
5053
4896
4737
4647
4597
4586
4639
4753
4905
5050
5071
4875
4565
4368
4367
4434
4443
4410
4402
4436
4482
4477
4338
4063
3798
3687
3681
3620
3439
3190
2901
2530
2049
1479
869
311
-105
-409
-770
-1309
-1972
-2643
-3292
-3930
-4524
-5027
-5429
-5761
-6098
-6547
-7171
-7870
-8455
-8837
-9062
-9195
-9258
-9296
-9395
-9592
-9848
-10076
-10166
-10025
-9689
-9335
-9108
-8987
-8878
-8760
-8652
-8514
-8270
-7885
-7385
-6835
-6347
-5999
-5731
-5408
-4997
-4582
-4172
-3643
-2901
-2036
-1238
-653
-322
-135
136
643
1325
2017
2661
3264
3729
3891
3759
3562
3561
3892
4498
5135
5493
5465
5230
5011
4847
4710
4681
4869
5206
5473
5479
5157
4594
4039
3758
3789
3929
4018
4076
4110
3986
3596
3045
2555
2307
2366
2648
2885
2817
2437
1956
1515
1121
833
784
980
1227
1317
1163
774
281
-72
-111
88
334
576
848
1074
1124
1028
956
1025
1262
1680
2226
2734
3087
3316
3458
3457
3332
3310
3601
4153
4745
5211
5457
5423
5181
4937
4844
4909
5139
5553
6000
6160
5880
5335
4808
4442
4282
4324
4442
4434
4222
3843
3274
2464
1570
883
502
253
-50
-464
-1038
-1817
-2713
-3574
-4354
-5057
-5575
-5828
-5989
-6354
-7010
-7813
-8632
-9391
-9957
-10243
-10351
-10452
-10578
-10717
-10965
-11374
-11764
-11908
-11792
-11535
-11181
-10764
-10423
-10237
-10091
-9856
-9567
-9249
-8788
-8119
-7377
-6716
-6116
-5537
-5038
-4606
-4080
-3362
-2554
-1747
-902
-29
740
1376
2020
2750
3463
4107
4766
5455
6052
6517
6937
7327
7585
7711
7809
7870
7793
7641
7616
7736
7794
7650
7332
6886
6351
5869
5571
5381
5128
4820
4536
4171
3542
2726
2011
1570
1355
1262
1161
883
401
-85
-404
-655
-973
-1231
-1223
-1003
-816
-796
-919
-1131
-1316
-1316
-1132
-954
-859
-673
-302
40
115
-12
-110
-45
219
670
1177
1541
1738
1934
2170
2297
2293
2378
2707
3161
3558
3836
3963
3906
3772
3748
3840
3906
3938
4053
4222
4254
4083
3832
3584
3327
3128
3085
3116
3032
2801
2523
2204
1800
1408
1171
1036
847
593
338
18
-446
-954
-1344
-1631
-1931
-2260
-2599
-3027
-3576
-4093
-4453
-4749
-5109
-5485
-5792
-6088
-6443
-6780
-7025
-7245
-7481
-7648
-7717
-7805
-7961
-8064
-8040
-7988
-7977
-7928
-7793
-7633
-7453
-7161
-6767
-6420
-6170
-5892
-5518
-5106
-4667
-4135
-3555
-3055
-2642
-2206
-1744
-1351
-1002
-574
-65
400
784
1151
1490
1756
2010
2329
2644
2850
3019
3288
3630
3913
4112
4271
4365
4369
4378
4486
4638
4756
4878
5023
5081
4969
4788
4682
4655
4667
4738
4856
4893
4779
4593
4416
4227
4033
3924
3919
3906
3818
3705
3591
3403
3146
2939
2860
2864
2908
2993
3058
3003
2846
2707
2630
2574
2564
2671
2857
2976
2956
2836
2665
2484
2384
2433
2548
2590
2525
2397
2198
1899
1571
1317
1147
1004
859
687
407
-20
-506
-937
-1288
-1584
-1817
-1995
-2191
-2464
-2781
-3095
-3408
-3700
-3893
-3951
-3950
-3994
-4122
-4329
-4594
-4852
-5014
-5070
-5097
-5145
-5194
-5242
-5335
-5492
-5647
-5730
-5718
-5621
-5479
-5364
-5334
-5351
-5326
-5232
-5118
-5002
-4851
-4646
-4410
-4180
-3972
-3799
-3645
-3447
-3161
-2815
-2477
-2168
-1867
-1569
-1297
-1053
-819
-579
-324
-46
229
443
554
601
652
738
848
959
1043
1073
1047
996
948
907
881
890
939
995
1016
992
947
923
956
1056
1190
1311
1405
1488
1582
1685
1795
1926
2089
2291
2507
2705
2865
2989
3105
3232
3370
3502
3625
3745
3865
3983
4084
4162
4231
4301
4373
4434
4480
4528
4580
4628
4659
4660
4623
4555
4483
4424
4373
4315
4251
4181
4091
3957
3786
3607
3439
3290
3157
3022
2849
2632
2397
2154
1885
1577
1253
937
629
313
-6
-335
-694
-1090
-1495
-1895
-2291
-2670
-2996
-3262
-3511
-3780
-4071
-4378
-4690
-4971
-5174
-5295
-5373
-5437
-5494
-5564
-5665
-5767
-5804
-5749
-5630
-5467
-5271
-5070
-4897
-4734
-4531
-4275
-3986
-3663
-3299
-2931
-2601
-2300
-1993
-1681
-1384
-1093
-786
-491
-236
-5
227
435
588
710
827
924
983
1021
1056
1065
1029
975
920
834
705
577
472
340
151
-57
-241
-409
-586
-766
-950
-1161
-1393
-1604
-1790
-1981
-2171
-2312
-2404
-2505
-2639
-2762
-2844
-2894
-2903
-2847
-2746
-2645
-2540
-2387
-2193
-2003
-1812
-1563
-1239
-873
-485
-70
350
752
1163
1622
2112
2607
3129
3706
4292
4818
5286
5740
6195
6644
7108
7588
8023
8361
8627
8858
9043
9169
9266
9358
9402
9354
9226
9047
8813
8529
8231
7922
7563
7137
6681
6216
5716
5173
4627
4088
3516
2898
2277
1682
1092
499
-83
-668
-1283
-1909
-2488
-3004
-3501
-4000
-4475
-4926
-5379
-5826
-6227
-6573
-6880
-7141
-7343
-7524
-7722
-7919
-8056
-8129
-8161
-8151
-8087
-7990
-7889
-7765
-7588
-7369
-7135
-6870
-6552
-6203
-5853
-5484
-5069
-4625
-4181
-3741
-3293
-2851
-2416
-1967
-1497
-1041
-622
-230
136
446
692
917
1162
1411
1633
1814
1941
1993
1985
1970
1966
1948
1898
1838
1777
1686
1540
1351
1147
951
780
636
491
313
117
-68
-246
-442
-646
-819
-949
-1056
-1161
-1265
-1378
-1507
-1630
-1714
-1750
-1758
-1751
-1732
-1709
-1689
-1662
-1621
-1564
-1482
-1351
-1174
-978
-792
-605
-395
-155
109
401
721
1060
1414
1781
2153
2517
2874
3236
3614
4000
4391
4786
5167
5503
5776
5999
6194
6376
6557
6725
6854
6917
6907
6829
6695
6522
6330
6133
5919
5671
5378
5028
4617
4163
3712
3288
2873
2432
1957
1464
977
503
33
-441
-916
-1368
-1780
-2164
-2543
-2922
-3278
-3600
-3891
-4155
-4396
-4614
-4802
-4947
-5049
-5129
-5209
-5282
-5328
-5342
-5339
-5321
-5272
-5178
-5052
-4915
-4784
-4655
-4504
-4310
-4075
-3819
-3547
-3253
-2944
-2640
-2354
-2060
-1736
-1382
-1019
-667
-330
-6
321
653
979
1272
1531
1769
1999
2215
2403
2563
2697
2802
2864
2875
2838
2777
2714
2654
2572
2438
2251
2031
1797
1558
1317
1076
832
585
342
101
-148
-405
-652
-860
-1032
-1186
-1337
-1475
-1586
-1675
-1757
-1835
-1892
-1907
-1890
-1864
-1848
-1829
-1781
-1705
-1622
-1549
-1477
-1395
-1300
-1200
-1098
-989
-876
-759
-635
-508
-387
-274
-150
6
192
386
567
747
947
1169
1395
1612
1828
2058
2303
2543
2769
2987
3210
3428
3620
3778
3918
4055
4182
4284
4351
4388
4392
4359
4293
4197
4069
3903
3708
3498
3275
3025
2737
2421
2099
1781
1463
1133
790
447
111
-217
-549
-875
-1180
-1450
-1696
-1923
-2135
-2327
-2504
-2668
-2814
-2943
-3061
-3167
-3252
-3308
-3350
-3386
-3417
-3439
-3452
-3462
-3468
-3463
-3446
-3412
-3363
-3310
-3261
-3216
-3155
-3070
-2969
-2859
-2735
-2589
-2428
-2256
-2073
-1877
-1668
-1445
-1203
-946
-685
-423
-154
120
383
631
878
1130
1375
1597
1796
1975
2131
2250
2337
2399
2438
2452
2437
2394
2325
2236
2127
1988
1818
1629
1438
1244
1035
807
578
364
161
-38
-236
-424
-595
-744
-872
-990
-1101
-1199
-1277
-1338
-1385
-1420
-1436
-1442
-1446
-1451
-1445
-1431
-1414
-1395
-1368
-1335
-1311
-1303
-1310
-1322
-1330
-1331
-1323
-1319
-1317
-1306
-1278
-1248
-1230
-1213
-1173
-1109
-1033
-951
-855
-741
-610
-467
-314
-156
7
185
390
612
827
1031
1235
1445
1649
1833
2002
2162
2316
2462
2593
2697
2766
2802
2818
2824
2824
2813
2787
2734
2652
2549
2427
2288
2135
1983
1838
1694
1540
1382
1234
1096
954
800
641
492
363
250
145
41
-60
-153
-244
-341
-440
-531
-602
-661
-715
-772
-837
-913
-992
-1057
-1109
-1157
-1203
-1235
-1251
-1268
-1295
-1321
-1330
-1324
-1312
-1289
-1239
-1165
-1072
-971
-867
-763
-653
-528
-384
-229
-70
98
280
465
640
797
939
1076
1216
1359
1496
1615
1714
1800
1863
1886
1867
1832
1803
1776
1727
1644
1537
1415
1283
1133
959
765
571
392
225
52
-136
-335
-540
-750
-963
-1167
-1347
-1497
-1623
-1737
-1849
-1969
-2094
-2215
-2322
-2409
-2477
-2526
-2562
-2582
-2590
-2595
-2616
-2649
-2670
-2650
-2597
-2535
-2473
-2396
-2302
-2220
-2167
-2124
-2050
-1929
-1782
-1633
-1487
-1326
-1145
-960
-797
-649
-487
-286
-57
176
405
633
859
1067
1257
1439
1624
1818
2026
2244
2455
2637
2782
2897
2985
3052
3108
3169
3236
3293
3321
3311
3264
3187
3090
2980
2860
2727
2585
2436
2278
2107
1919
1705
1464
1213
981
773
566
347
133
-62
-258
-485
-737
-965
-1138
-1277
-1415
-1556
-1678
-1779
-1882
-2001
-2115
-2192
-2226
-2241
-2254
-2260
-2246
-2215
-2183
-2148
-2092
-2016
-1933
-1845
-1735
-1588
-1430
-1289
-1166
-1037
-887
-729
-572
-403
-212
-13
163
312
456
614
774
920
1055
1197
1344
1471
1564
1634
1699
1743
1753
1751
1765
1783
1763
1700
1629
1567
1481
1344
1186
1052
930
775
576
378
212
46
-157
-384
-586
-743
-887
-1048
-1211
-1345
-1455
-1576
-1719
-1844
-1914
-1950
-1992
-2039
-2048
-2014
-1982
-1977
-1960
-1889
-1784
-1693
-1623
-1526
-1391
-1260
-1169
-1088
-967
-813
-674
-563
-447
-302
-150
-22
91
211
332
435
532
645
772
876
948
1021
1116
1208
1270
1321
1403
1507
1578
1601
1614
1657
1705
1710
1679
1663
1684
1696
1653
1576
1518
1482
1416
1302
1190
1126
1067
945
768
620
525
415
236
46
-67
-124
-227
-395
-544
-616
-678
-805
-961
-1042
-1039
-1045
-1113
-1181
-1181
-1146
-1155
-1209
-1230
-1176
-1099
-1054
-1026
-964
-879
-833
-840
-840
-774
-669
-590
-540
-468
-364
-286
-272
-269
-211
-116
-53
-29
32
164
290
332
327
362
438
477
469
502
625
756
794
765
766
799
778
683
612
639
693
659
550
467
435
360
184
-7
-100
-122
-202
-373
-529
-592
-643
-805
-1049
-1214
-1239
-1234
-1307
-1395
-1377
-1293
-1301
-1439
-1547
-1493
-1360
-1301
-1289
-1172
-934
-744
-705
-699
-570
-369
-246
-202
-77
192
453
557
570
647
798
889
879
897
1049
1249
1342
1319
1304
1355
1376
1292
1183
1182
1282
1344
1306
1250
1257
1266
1175
1020
940
974
1011
969
918
941
976
895
715
586
578
593
536
465
473
519
470
309
158
94
55
-41
-150
-177
-132
-125
-206
-317
-387
-439
-520
-605
-620
-550
-475
-467
-502
-511
-489
-491
-533
-544
-460
-327
-236
-211
-182
-112
-62
-86
-133
-106
-12
58
64
63
101
127
72
-32
-102
-116
-133
-178
-210
-210
-228
-322
-464
-576
-634
-679
-740
-791
-801
-791
-812
-878
-944
-968
-962
-972
-996
-985
-910
-823
-796
-815
-807
-749
-702
-703
-691
-602
-476
-411
-415
-399
-328
-277
-305
-345
-302
-198
-138
-150
-146
-86
-32
-50
-93
-63
41
127
147
158
224
318
367
362
376
464
583
662
697
753
855
945
964
947
977
1057
1110
1097
1078
1109
1143
1102
1000
928
912
880
793
703
667
636
529
368
246
191
136
33
-73
-129
-155
-209
-296
-369
-401
-415
-434
-445
-427
-386
-345
-320
-300
-270
-228
-185
-145
-89
-2
94
161
195
237
304
364
386
400
461
559
624
627
613
633
662
652
620
620
668
712
717
703
704
707
681
631
593
586
593
584
552
510
470
427
362
277
196
134
77
-5
-110
-200
-276
-382
-544
-717
-850
-950
-1070
-1211
-1324
-1398
-1488
-1634
-1796
-1909
-1973
-2034
-2104
-2143
-2137
-2124
-2137
-2160
-2156
-2119
-2068
-2007
-1917
-1792
-1651
-1510
-1380
-1253
-1129
-1000
-865
-715
-545
-358
-166
7
153
280
395
500
602
721
867
1014
1131
1210
1270
1322
1361
1386
1417
1458
1494
1515
1534
1552
1549
1507
1445
1391
1350
1300
1246
1206
1174
1116
1013
897
795
698
580
451
340
252
161
51
-68
-186
-314
-450
-575
-673
-754
-833
-909
-967
-1008
-1052
-1108
-1164
-1196
-1192
-1157
-1103
-1038
-963
-875
-782
-694
-611
-509
-371
-200
-26
136
296
465
640
803
949
1086
1225
1377
1542
1710
1862
1985
2082
2161
2223
2267
2301
2334
2369
2393
2398
2384
2348
2281
2190
2086
1985
1878
1758
1630
1496
1350
1180
984
779
574
366
157
-46
-241
-438
-647
-866
-1085
-1307
-1530
-1744
-1936
-2106
-2265
-2421
-2571
-2717
-2864
-3004
-3123
-3209
-3270
-3318
-3352
-3361
-3348
-3325
-3297
-3254
-3189
-3112
-3027
-2926
-2794
-2629
-2452
-2274
-2097
-1913
-1718
-1517
-1313
-1103
-885
-661
-435
-210
12
225
425
607
780
952
1127
1300
1463
1617
1756
1874
1955
2009
2056
2113
2174
2221
2243
2243
2229
2200
2153
2087
2005
1918
1834
1760
1683
1590
1475
1347
1216
1080
934
788
655
540
429
313
190
67
-46
-149
-246
-344
-438
-514
-557
-584
-622
-676
-722
-737
-731
-729
-726
-699
-645
-585
-534
-483
-417
-343
-273
-201
-110
-3
98
192
296
415
527
610
677
760
866
976
1066
1140
1211
1278
1332
1369
1398
1428
1458
1480
1491
1490
1474
1439
1387
1325
1263
1198
1126
1047
972
894
792
657
502
356
227
101
-31
-172
-317
-468
-620
-761
-895
-1038
-1198
-1354
-1483
-1590
-1697
-1813
-1922
-2014
-2102
-2197
-2289
-2358
-2397
-2421
-2438
-2447
-2448
-2453
-2464
-2468
-2444
-2386
-2308
-2225
-2145
-2063
-1975
-1883
-1789
-1691
-1579
-1450
-1312
-1173
-1028
-870
-702
-544
-412
-294
-160
-1
165
317
455
590
729
857
966
1065
1172
1285
1392
1487
1574
1649
1705
1741
1765
1790
1815
1829
1831
1831
1834
1825
1792
1744
1697
1654
1599
1523
1448
1397
1356
1294
1200
1097
1004
919
827
735
657
597
538
465
379
296
221
148
73
6
-46
-83
-119
-159
-200
-240
-281
-313
-327
-323
-314
-313
-318
-314
-294
-267
-242
-222
-195
-153
-97
-42
2
42
89
141
191
235
282
341
410
476
526
559
582
604
630
651
665
675
686
697
705
702
684
650
610
575
541
496
436
369
303
238
170
102
32
-48
-139
-231
-313
-388
-464
-546
-632
-731
-843
-954
-1043
-1106
-1159
-1223
-1304
-1389
-1465
-1534
-1602
-1669
-1718
-1747
-1771
-1806
-1848
-1879
-1895
-1905
-1910
-1910
-1903
-1889
-1864
-1823
-1774
-1724
-1671
-1608
-1537
-1458
-1375
-1283
-1185
-1083
-977
-873
-775
-675
-559
-426
-287
-153
-25
97
210
323
442
564
678
782
889
1000
1106
1198
1280
1360
1434
1499
1561
1626
1688
1733
1763
1788
1809
1824
1833
1843
1851
1851
1835
1810
1780
1748
1708
1658
1599
1539
1482
1426
1363
1289
1208
1126
1051
983
914
831
734
634
544
462
384
303
226
150
74
-5
-82
-147
-198
-244
-292
-342
-383
-419
-460
-502
-529
-541
-556
-582
-605
-605
-586
-568
-558
-549
-546
-552
-558
-544
-506
-460
-425
-403
-392
-387
-382
-364
-326
-280
-246
-235
-237
-235
-220
-200
-185
-177
-174
-174
-170
-161
-155
-170
-207
-243
-258
-258
-264
-285
-317
-354
-390
-419
-443
-473
-515
-560
-598
-630
-661
-688
-707
-731
-774
-828
-868
-882
-880
-884
-902
-923
-934
-929
-914
-904
-901
-892
-870
-843
-818
-791
-747
-691
-641
-605
-571
-522
-449
-358
-262
-174
-102
-41
25
113
216
306
377
452
548
647
727
796
884
991
1087
1157
1219
1291
1368
1433
1481
1517
1541
1561
1592
1633
1662
1663
1648
1637
1633
1615
1572
1518
1474
1447
1411
1338
1241
1152
1083
1006
899
787
694
616
524
412
298
189
82
-24
-123
-220
-319
-417
-507
-596
-688
-775
-851
-919
-985
-1049
-1108
-1164
-1216
-1248
-1262
-1276
-1301
-1331
-1346
-1341
-1316
-1281
-1247
-1227
-1209
-1175
-1122
-1073
-1035
-987
-916
-836
-765
-700
-628
-553
-483
-413
-338
-259
-180
-105
-41
9
56
114
185
256
314
355
376
392
414
439
455
461
473
498
510
494
467
451
445
425
388
349
318
287
246
198
146
95
48
6
-33
-78
-127
-177
-222
-259
-291
-327
-366
-401
-431
-468
-514
-548
-555
-549
-557
-574
-570
-542
-511
-492
-475
-451
-426
-401
-366
-311
-244
-174
-107
-44
17
83
159
238
314
391
473
556
640
727
818
897
959
1013
1078
1148
1215
1273
1331
1381
1415
1429
1429
1427
1432
1445
1453
1444
1419
1387
1353
1311
1259
1196
1125
1048
969
887
792
685
580
484
385
277
173
82
-13
-128
-250
-352
-444
-550
-669
-776
-856
-928
-1005
-1084
-1159
-1227
-1283
-1326
-1364
-1404
-1438
-1450
-1448
-1451
-1462
-1470
-1465
-1447
-1419
-1382
-1345
-1316
-1286
-1237
-1166
-1095
-1039
-993
-939
-873
-802
-727
-656
-591
-532
-467
-394
-321
-258
-195
-130
-68
-17
35
97
162
210
241
276
326
380
424
458
491
518
535
553
576
602
620
633
647
656
657
652
651
661
677
690
689
675
662
662
666
654
624
598
594
597
589
563
535
517
509
500
484
468
462
458
441
405
367
344
333
314
290
273
266
251
224
200
193
191
179
158
144
141
139
124
98
80
77
82
77
60
49
53
64
62
47
41
52
67
69
60
54
59
69
71
65
57
56
60
63
64
59
45
28
24
31
31
14
-8
-17
-18
-29
-54
-80
-100
-120
-148
-184
-219
-246
-265
-289
-332
-382
-419
-434
-450
-483
-527
-562
-594
-633
-678
-715
-739
-761
-790
-822
-854
-883
-906
-923
-937
-952
-965
-970
-965
-952
-934
-917
-907
-905
-896
-877
-853
-833
-809
-772
-725
-670
-612
-552
-491
-432
-376
-319
-254
-178
-95
-15
54
109
157
210
281
371
465
545
606
659
714
773
837
907
969
1005
1019
1040
1081
1126
1153
1168
1185
1198
1198
1186
1171
1150
1126
1103
1078
1043
998
956
923
886
838
786
734
668
586
511
455
401
329
249
180
122
61
-4
-55
-95
-137
-184
-230
-277
-328
-368
-388
-404
-438
-484
-511
-500
-473
-462
-466
-468
-455
-432
-413
-400
-384
-350
-305
-262
-230
-199
-163
-122
-84
-48
-8
35
71
95
118
145
179
216
251
276
287
290
291
297
308
316
310
287
260
241
231
217
185
146
111
82
42
-9
-57
-101
-151
-211
-269
-313
-349
-386
-433
-487
-546
-604
-651
-686
-727
-785
-846
-880
-885
-889
-910
-941
-963
-969
-970
-965
-959
-957
-956
-946
-919
-886
-859
-835
-799
-756
-712
-667
-611
-541
-474
-417
-359
-288
-212
-141
-79
-18
46
117
193
272
340
397
453
520
590
653
707
762
817
864
892
915
942
979
1018
1046
1058
1053
1041
1030
1023
1014
1001
984
969
949
916
868
819
780
746
703
646
585
524
469
418
374
328
269
207
156
117
72
12
-44
-80
-108
-143
-181
-204
-210
-218
-237
-258
-267
-273
-281
-286
-273
-255
-239
-226
-202
-170
-146
-138
-124
-87
-31
16
37
44
57
84
124
167
203
224
228
230
240
255
264
268
268
262
245
225
215
215
208
183
145
110
74
31
-17
-61
-100
-145
-198
-255
-312
-366
-412
-451
-489
-537
-592
-640
-678
-710
-744
-778
-818
-864
-907
-926
-921
-923
-948
-975
-979
-970
-967
-970
-955
-917
-878
-856
-836
-805
-764
-720
-677
-632
-591
-555
-517
-473
-422
-363
-296
-226
-159
-102
-53
-4
55
127
203
260
289
309
347
399
449
487
520
554
594
635
667
682
685
698
736
774
781
756
731
727
739
742
727
701
684
685
687
661
606
563
556
566
550
500
446
414
400
385
355
311
264
238
237
241
227
194
160
134
114
98
92
97
99
90
69
52
51
71
99
119
124
120
121
132
148
163
172
181
199
225
246
243
233
239
267
291
300
306
318
328
323
306
293
285
278
271
266
250
218
184
169
164
146
111
78
57
29
-27
-96
-139
-149
-163
-210
-272
-309
-322
-344
-393
-450
-501
-543
-583
-609
-619
-636
-673
-716
-742
-750
-762
-784
-808
-821
-828
-833
-834
-830
-816
-797
-782
-780
-783
-779
-767
-751
-730
-694
-653
-615
-585
-552
-510
-472
-439
-407
-370
-328
-284
-238
-199
-172
-152
-118
-69
-16
27
58
85
117
164
218
259
278
288
305
325
337
347
368
392
407
412
417
424
427
433
443
448
438
424
422
422
410
396
399
408
395
360
332
329
331
320
300
281
260
240
222
214
207
198
189
183
179
171
155
135
123
122
127
125
115
107
108
110
108
108
117
129
136
141
146
145
139
139
150
156
150
147
164
191
201
192
184
191
203
207
200
189
184
183
189
196
199
192
185
184
184
178
162
141
124
115
116
118
106
82
54
36
25
10
-10
-33
-52
-68
-83
-98
-113
-127
-137
-148
-166
-194
-220
-235
-244
-263
-292
-319
-332
-332
-326
-324
-333
-354
-375
-386
-381
-375
-376
-384
-395
-406
-411
-404
-395
-395
-407
-416
-410
-393
-374
-357
-337
-321
-316
-316
-307
-285
-265
-257
-257
-250
-230
-204
-176
-153
-143
-138
-130
-110
-87
-70
-59
-47
-27
1
34
62
76
76
79
90
104
115
126
141
155
165
176
190
201
204
211
221
227
223
221
236
256
260
248
239
248
264
272
259
235
223
234
253
258
251
249
252
240
214
196
196
194
185
184
201
209
195
175
174
180
174
158
152
157
159
151
136
122
110
104
108
111
111
110
109
102
89
85
92
98
91
80
77
85
90
84
66
50
47
58
70
71
63
53
47
46
49
47
32
13
11
24
28
9
-11
-17
-15
-23
-38
-50
-56
-59
-60
-63
-83
-113
-130
-130
-134
-156
-185
-206
-225
-245
-253
-249
-248
-263
-281
-289
-294
-309
-329
-343
-354
-368
-386
-401
-408
-400
-381
-371
-377
-390
-398
-404
-418
-426
-417
-401
-393
-381
-350
-322
-324
-343
-342
-307
-264
-228
-202
-188
-193
-202
-184
-146
-109
-86
-64
-36
-13
4
25
52
83
119
156
181
189
198
223
255
270
269
274
291
311
331
357
387
411
427
441
455
466
472
476
481
491
502
498
476
452
449
463
475
478
477
470
457
443
442
444
433
408
386
374
362
348
334
318
289
267
268
284
286
261
228
206
191
168
144
122
102
84
77
76
65
35
-3
-30
-41
-40
-41
-49
-68
-85
-93
-94
-95
-100
-106
-115
-124
-131
-133
-128
-122
-130
-155
-187
-205
-200
-183
-176
-189
-212
-233
-243
-243
-238
-239
-254
-272
-282
-277
-270
-272
-282
-292
-303
-317
-332
-342
-348
-361
-381
-400
-406
-403
-397
-399
-413
-435
-457
-468
-460
-446
-442
-456
-475
-488
-488
-477
-456
-437
-430
-440
-457
-462
-446
-416
-388
-369
-356
-346
-333
-319
-299
-271
-237
-207
-187
-173
-158
-140
-120
-100
-76
-43
-4
29
55
79
107
134
157
181
211
244
265
276
294
323
353
374
395
427
457
470
473
489
520
547
558
563
568
577
585
588
577
558
547
555
569
572
560
549
541
527
509
495
482
460
437
429
430
421
393
370
360
349
322
291
271
254
224
182
140
107
80
55
29
1
-30
-53
-62
-66
-77
-95
-115
-130
-142
-153
-165
-180
-194
-205
-212
-222
-243
-263
-266
-253
-243
-248
-258
-264
-266
-273
-289
-308
-320
-319
-306
-294
-292
-296
-296
-288
-274
-259
-252
-260
-278
-279
-260
-247
-263
-292
-298
-276
-258
-260
-268
-269
-266
-269
-273
-277
-284
-284
-273
-259
-268
-291
-299
-278
-248
-229
-229
-248
-276
-289
-268
-229
-209
-215
-214
-194
-177
-178
-179
-158
-125
-108
-110
-112
-100
-76
-52
-34
-28
-18
6
43
77
92
91
97
127
172
207
214
207
217
248
279
298
312
329
350
376
407
430
436
441
462
486
481
455
450
481
512
504
472
453
460
483
503
512
507
487
462
439
416
399
394
393
376
337
292
265
258
262
257
228
185
152
145
148
131
90
48
22
6
-16
-53
-95
-127
-134
-132
-145
-180
-212
-221
-225
-243
-266
-275
-272
-270
-278
-288
-293
-294
-286
-273
-267
-270
-273
-267
-270
-291
-312
-309
-288
-276
-278
-276
-261
-243
-234
-227
-218
-212
-210
-204
-186
-169
-166
-172
-173
-159
-146
-147
-153
-152
-139
-133
-146
-167
-175
-163
-145
-139
-151
-164
-166
-160
-158
-161
-156
-141
-132
-139
-155
-166
-167
-161
-154
-152
-153
-152
-138
-118
-112
-122
-128
-107
-71
-44
-47
-70
-87
-77
-40
-7
3
-3
4
26
47
59
73
96
119
135
150
162
170
182
207
230
230
215
217
245
270
272
268
280
303
316
309
293
283
282
290
298
303
306
309
313
315
320
320
302
270
247
244
239
215
183
170
171
161
136
115
108
109
106
94
71
49
36
31
18
-6
-23
-24
-27
-47
-70
-82
-89
-105
-125
-135
-143
-157
-165
-156
-140
-136
-144
-147
-146
-148
-148
-138
-122
-119
-128
-132
-124
-110
-96
-88
-88
-96
-101
-89
-70
-55
-50
-42
-27
-14
-11
-9
-2
12
30
47
56
52
42
41
52
59
51
31
13
7
9
9
8
13
22
27
22
16
12
9
1
-7
-9
-13
-30
-53
-61
-47
-35
-47
-71
-83
-79
-77
-86
-96
-102
-108
-114
-109
-87
-66
-64
-74
-70
-48
-25
-17
-18
-13
-8
-10
-16
-10
10
28
31
30
42
61
76
81
88
102
120
134
144
154
162
164
164
158
152
151
159
169
170
167
164
166
166
165
164
161
148
130
119
116
107
86
61
46
38
34
31
23
6
-12
-17
-16
-33
-75
-111
-123
-123
-131
-144
-150
-153
-161
-168
-169
-180
-215
-251
-256
-232
-212
-215
-225
-230
-232
-231
-224
-216
-217
-218
-202
-176
-167
-184
-197
-183
-158
-151
-160
-156
-125
-80
-48
-40
-45
-47
-31
-5
17
28
36
48
62
71
75
82
99
119
127
115
103
117
150
170
154
127
130
159
178
163
135
126
134
139
135
132
138
141
128
107
95
98
101
90
68
52
43
39
31
27
28
23
12
7
9
10
-2
-24
-43
-57
-72
-80
-73
-56
-44
-42
-48
-54
-56
-49
-32
-18
-25
-48
-68
-72
-61
-42
-24
-13
-14
-24
-32
-36
-39
-35
-20
-7
-9
-22
-18
13
49
61
53
49
56
63
59
52
51
56
55
43
34
42
60
72
70
63
60
54
41
34
40
50
44
26
14
15
11
-3
-12
-9
-1
2
-1
-2
-8
-21
-34
-43
-53
-71
-86
-88
-81
-81
-90
-99
-103
-106
-111
-118
-128
-136
-129
-101
-70
-62
-77
-92
-90
-81
-77
-75
-65
-55
-55
-60
-58
-47
-35
-26
-14
0
13
28
49
66
69
57
45
43
47
63
88
111
112
97
96
117
135
132
127
139
150
141
125
129
145
147
139
139
147
133
98
71
68
73
70
68
75
78
68
53
46
47
48
46
41
29
11
0
-3
-10
-27
-44
-53
-57
-62
-69
-72
-77
-81
-79
-68
-59
-62
-72
-81
-86
-87
-88
-89
-92
-91
-76
-58
-49
-44
-31
-15
-16
-30
-35
-27
-24
-31
-30
-14
-3
-10
-10
14
35
31
15
16
29
30
19
22
45
63
69
72
80
91
95
94
87
72
64
68
79
82
79
80
86
86
80
73
64
53
46
52
57
43
21
16
27
31
17
9
16
23
18
9
6
1
-13
-28
-26
-15
-14
-28
-47
-60
-64
-63
-64
-69
-77
-80
-79
-83
-91
-90
-78
-71
-78
-89
-88
-77
-65
-49
-33
-26
-39
-57
-55
-33
-18
-28
-59
-79
-74
-53
-40
-48
-60
-50
-19
4
1
-7
7
36
53
51
48
50
45
27
14
25
47
61
59
51
45
43
49
55
55
43
33
32
40
43
30
4
-20
-28
-11
16
28
17
0
-10
-19
-34
-48
-42
-23
-15
-30
-56
-78
-82
-68
-49
-44
-65
-96
-102
-80
-58
-61
-84
-100
-92
-65
-46
-48
-67
-77
-61
-33
-16
-13
-17
-22
-35
-50
-49
-25
1
10
0
-11
-16
-17
-11
-5
-10
-23
-25
-2
32
42
26
12
14
20
14
10
22
38
32
4
-21
-22
-5
11
12
1
-22
-43
-48
-38
-30
-32
-37
-35
-34
-44
-59
-63
-52
-38
-35
-34
-28
-11
12
27
19
-12
-40
-34
5
42
45
19
4
