0
0
0
0
0
0
-1
0
2
1
-1
0
1
0
0
0
-1
0
0
1
-1
-1
1
0
0
0
0
1
0
-1
1
0
0
1
1
1
1
0
0
0
0
0
-1
-1
0
-1
0
1
1
0
0
-1
0
-1
0
1
1
2
0
0
0
-1
0
1
0
0
-1
-1
0
0
0
0
1
0
-1
0
0
-1
0
0
0
0
0
-1
0
0
1
1
0
1
0
-1
0
0
1
0
-1
-1
0
0
1
-1
-1
-1
-1
-1
0
0
0
-1
0
1
0
1
-1
0
0
1
0
0
1
0
-1
-1
0
-1
-1
0
0
-1
-1
0
1
0
0
0
-1
0
-1
0
1
1
0
1
1
0
0
-1
0
1
0
0
0
1
1
0
1
1
0
0
0
0
1
0
0
-1
0
-1
-1
0
-1
0
-1
0
1
0
0
-1
-1
1
0
-1
-1
1
2
1
0
1
0
0
-1
0
0
-1
0
1
0
-1
0
0
0
1
1
1
1
0
1
1
-1
-1
0
0
0
1
0
0
0
1
1
0
1
1
1
0
0
1
1
0
1
1
1
1
1
1
1
0
0
1
1
0
0
1
0
0
0
-1
0
0
0
1
-1
0
-1
-1
-1
0
0
0
0
0
1
0
1
0
0
-1
0
0
-1
0
-1
0
0
0
0
0
0
0
0
-1
0
0
0
0
-1
0
0
-1
0
0
1
0
-1
0
0
0
0
0
1
0
0
-1
-1
0
-1
-1
0
1
0
0
-1
-1
-1
-1
-1
0
0
0
0
-1
-1
0
0
0
0
0
0
1
0
1
0
0
0
1
1
2
0
-1
0
1
0
-1
0
0
-1
-1
0
0
-1
-1
-1
1
0
0
0
-1
0
0
1
0
-1
0
-2
0
-1
0
0
0
1
0
0
0
0
0
1
1
-1
0
0
0
0
0
0
0
0
0
-1
0
0
1
1
-1
1
0
-1
-1
-1
-1
-1
-2
0
-1
0
-1
0
0
0
0
0
0
-1
0
0
0
0
0
-1
-1
0
0
1
0
0
0
0
-1
0
0
0
0
1
0
-1
-1
-1
0
0
0
0
0
0
0
-1
0
0
1
0
0
1
-1
-1
-1
0
0
-1
0
-1
0
0
0
0
-1
0
1
1
1
0
-1
0
0
0
0
0
0
0
0
-1
0
1
1
1
1
0
0
0
0
-1
-1
-1
0
-1
-1
-1
0
-1
0
0
-1
0
0
1
0
0
1
2
0
-1
0
0
0
-2
1
0
-1
1
1
0
-1
1
-1
0
1
0
0
0
0
0
1
0
-1
-1
0
0
-1
0
0
0
0
0
1
1
0
-1
0
0
0
0
-1
-1
-1
-1
0
-1
-2
-2
-2
-2
-2
-3
-2
-3
-4
-4
-3
-3
-2
-3
-4
-4
-4
-3
-2
-2
-2
-3
-3
-3
0
0
0
1
0
1
1
0
2
2
4
5
3
3
4
5
5
6
5
5
6
6
6
7
6
6
8
7
6
6
7
7
6
6
6
6
6
6
5
6
5
4
4
3
2
2
1
0
1
-1
-3
-3
-4
-5
-7
-8
-9
-9
-11
-13
-15
-16
-16
-18
-19
-20
-20
-21
-21
-21
-22
-21
-21
-22
-23
-21
-20
-20
-21
-18
-17
-16
-14
-15
-12
-10
-8
-7
-6
-4
-2
0
2
4
6
9
11
13
14
17
19
21
22
24
26
27
29
31
32
34
35
36
37
37
36
37
37
38
37
36
36
36
34
31
30
29
27
23
21
17
15
12
9
7
3
0
-2
-5
-9
-11
-15
-18
-21
-22
-24
-28
-29
-31
-33
-34
-35
-36
-37
-37
-38
-38
-38
-38
-39
-38
-38
-36
-35
-34
-33
-33
-31
-31
-30
-29
-26
-24
-24
-22
-22
-19
-17
-16
-13
-10
-7
-5
-3
1
4
8
12
15
19
23
28
32
38
41
45
49
53
57
61
65
68
69
73
74
74
74
74
73
71
67
63
60
55
50
42
36
29
21
13
4
-5
-13
-23
-31
-39
-48
-58
-65
-72
-80
-87
-90
-97
-101
-103
-106
-106
-108
-108
-108
-106
-102
-100
-96
-91
-86
-81
-74
-68
-62
-54
-48
-40
-34
-25
-18
-12
-4
4
10
16
23
30
35
42
46
52
57
61
67
72
74
76
82
85
89
90
92
95
96
98
99
99
101
101
99
98
96
95
93
89
86
82
78
73
68
62
57
51
45
38
31
24
16
10
3
-5
-13
-20
-27
-34
-40
-46
-51
-57
-63
-68
-72
-75
-78
-81
-84
-87
-89
-90
-90
-90
-91
-90
-89
-86
-85
-83
-80
-76
-74
-69
-66
-62
-58
-53
-48
-43
-38
-34
-29
-24
-18
-14
-9
-5
0
6
10
14
18
23
25
29
31
34
38
40
43
45
46
49
49
50
51
52
52
53
52
52
51
49
49
48
47
45
44
41
39
37
33
31
30
27
24
21
17
13
11
7
4
0
-2
-6
-11
-12
-15
-20
-23
-26
-28
-31
-35
-37
-39
-40
-43
-45
-47
-48
-49
-49
-50
-50
-50
-48
-47
-46
-45
-42
-40
-37
-34
-29
-24
-20
-16
-13
-7
-3
4
6
11
16
20
25
28
30
34
36
39
40
41
42
42
43
43
41
41
39
37
35
33
31
29
27
25
24
24
21
21
21
21
21
22
23
24
24
26
28
30
32
34
36
35
36
37
36
36
34
32
30
26
22
19
12
5
-1
-8
-17
-25
-33
-42
-49
-58
-67
-74
-82
-88
-93
-97
-103
-105
-106
-107
-106
-104
-99
-95
-90
-83
-75
-67
-58
-47
-37
-27
-16
-7
3
14
22
31
38
45
50
53
57
61
62
62
62
60
57
55
50
46
42
37
31
26
22
17
13
8
3
1
-2
-4
-5
-5
-6
-7
-6
-6
-6
-3
-1
1
2
4
7
9
10
10
13
13
13
13
14
14
12
13
13
11
8
7
5
5
5
1
-2
-4
-5
-5
-6
-8
-10
-9
-9
-9
-9
-9
-8
-5
-3
-2
1
3
6
7
9
12
16
18
20
22
25
26
27
28
28
29
30
28
28
25
24
22
18
15
12
8
5
-1
-3
-6
-11
-14
-18
-22
-25
-28
-31
-31
-32
-33
-34
-34
-33
-32
-31
-29
-25
-23
-20
-18
-14
-10
-7
-3
1
3
6
8
10
12
13
14
14
14
15
13
12
9
7
5
4
-1
-4
-7
-10
-13
-17
-19
-21
-24
-26
-28
-29
-30
-29
-30
-31
-29
-28
-26
-24
-22
-19
-17
-15
-12
-8
-4
-1
3
5
8
11
12
16
19
20
22
25
25
26
26
26
27
26
25
24
25
23
21
20
17
16
15
12
10
7
6
3
1
-1
-3
-3
-6
-6
-7
-8
-8
-8
-9
-8
-7
-5
-5
-3
0
2
4
8
10
13
15
19
22
24
28
31
32
34
35
35
35
34
34
31
28
25
22
19
16
13
9
5
3
1
-1
-3
-3
-3
-2
-1
1
4
5
7
10
12
15
17
18
21
21
21
23
22
23
23
22
22
23
20
20
18
17
15
12
9
5
1
-5
-12
-19
-27
-36
-46
-56
-65
-74
-84
-95
-103
-108
-113
-117
-120
-120
-118
-115
-110
-103
-94
-84
-74
-63
-52
-39
-28
-17
-4
7
18
27
36
45
54
59
64
70
73
74
75
74
71
65
56
44
30
13
-8
-29
-51
-77
-103
-129
-152
-174
-194
-211
-223
-230
-232
-228
-218
-205
-186
-165
-139
-113
-85
-57
-33
-9
11
27
40
48
52
54
55
52
49
49
51
56
65
81
103
129
163
202
244
291
340
388
436
479
516
550
574
586
590
586
572
546
512
469
421
366
308
248
183
119
55
-8
-73
-134
-194
-255
-316
-377
-436
-497
-557
-615
-670
-721
-768
-807
-837
-855
-859
-849
-822
-775
-710
-627
-526
-409
-279
-139
8
158
306
446
575
691
787
862
911
933
931
903
849
777
686
581
465
345
224
107
-2
-99
-182
-247
-297
-328
-344
-343
-328
-301
-269
-229
-190
-150
-115
-84
-59
-44
-35
-34
-39
-50
-64
-80
-97
-111
-124
-133
-137
-135
-128
-117
-102
-85
-67
-50
-34
-22
-16
-15
-18
-27
-41
-60
-83
-110
-134
-160
-183
-201
-214
-221
-222
-216
-205
-187
-165
-138
-111
-82
-53
-26
0
20
38
53
63
70
77
82
83
87
91
97
106
116
131
148
168
187
208
227
244
259
269
272
267
261
246
228
201
171
140
107
75
45
17
-5
-22
-33
-36
-31
-21
-7
13
38
59
82
102
121
138
146
152
154
149
141
127
114
99
85
70
56
43
29
20
12
8
2
0
2
3
4
2
0
-6
-11
-19
-28
-39
-54
-70
-87
-103
-116
-128
-139
-143
-145
-143
-138
-129
-117
-103
-86
-68
-50
-33
-19
-11
-7
-7
-8
-15
-28
-46
-68
-91
-117
-144
-175
-201
-222
-242
-261
-275
-286
-290
-289
-283
-271
-254
-232
-208
-177
-148
-115
-83
-54
-24
0
21
32
42
48
51
52
50
45
45
47
49
51
55
60
70
79
85
89
91
89
82
66
45
20
-8
-44
-80
-114
-144
-171
-190
-198
-197
-184
-163
-138
-106
-75
-36
7
48
85
115
151
177
197
206
212
215
210
201
195
191
181
174
172
167
159
160
159
157
164
165
156
150
136
129
127
119
122
130
137
155
186
225
274
329
396
471
552
636
717
795
868
928
971
994
996
973
923
851
755
639
503
349
181
10
-166
-340
-509
-667
-812
-944
-1055
-1148
-1224
-1280
-1321
-1348
-1359
-1358
-1351
-1338
-1324
-1310
-1297
-1281
-1261
-1236
-1206
-1165
-1104
-1031
-935
-823
-686
-530
-356
-169
35
249
465
683
892
1089
1260
1406
1521
1600
1642
1644
1611
1540
1440
1312
1156
981
790
592
394
202
23
-141
-282
-401
-498
-567
-609
-628
-627
-611
-576
-529
-477
-427
-379
-333
-295
-269
-251
-237
-227
-222
-220
-215
-212
-203
-192
-175
-145
-104
-49
16
83
153
218
279
335
379
411
428
423
408
377
333
274
209
140
59
-23
-104
-172
-222
-260
-282
-292
-287
-266
-232
-186
-127
-57
15
83
149
206
255
298
333
358
370
373
368
351
331
309
287
265
242
221
201
180
155
135
120
110
100
88
78
60
39
14
-16
-43
-77
-112
-146
-174
-200
-222
-250
-273
-292
-302
-304
-298
-285
-266
-242
-213
-174
-128
-73
-17
38
91
142
187
227
264
297
320
329
333
326
310
287
252
219
182
142
100
50
1
-53
-111
-165
-212
-253
-289
-318
-338
-355
-363
-367
-364
-355
-348
-337
-330
-321
-306
-289
-271
-246
-220
-194
-167
-139
-108
-74
-39
-11
16
41
69
92
109
118
117
110
98
82
64
44
19
-7
-29
-56
-77
-93
-105
-112
-115
-117
-116
-112
-106
-102
-101
-97
-93
-86
-79
-75
-76
-85
-103
-121
-142
-151
-149
-138
-117
-98
-85
-67
-51
-22
9
39
68
89
114
133
152
162
179
190
187
180
177
180
186
196
212
220
225
230
235
237
254
265
270
274
270
269
267
262
258
263
271
284
298
311
329
354
383
414
445
470
493
505
507
501
490
473
442
403
359
312
262
205
148
94
40
-13
-56
-94
-126
-154
-179
-197
-211
-221
-229
-233
-242
-257
-273
-295
-320
-354
-391
-436
-484
-538
-591
-641
-691
-730
-762
-781
-782
-778
-759
-722
-679
-626
-564
-493
-420
-353
-296
-254
-235
-236
-258
-301
-359
-434
-522
-622
-721
-818
-908
-983
-1038
-1067
-1068
-1039
-977
-884
-755
-597
-412
-213
-2
213
430
639
835
1012
1161
1280
1365
1412
1420
1393
1324
1221
1085
932
764
586
408
236
74
-70
-190
-281
-339
-365
-361
-333
-280
-212
-131
-47
36
112
178
242
286
318
332
332
323
301
277
251
241
244
270
311
376
470
584
719
868
1029
1197
1360
1506
1638
1745
1831
1887
1907
1892
1838
1759
1649
1518
1370
1202
1019
830
643
451
263
81
-86
-231
-368
-489
-597
-691
-776
-856
-933
-1007
-1079
-1149
-1216
-1286
-1350
-1420
-1499
-1593
-1708
-1854
-2029
-2236
-2471
-2732
-3012
-3301
-3576
-3814
-3999
-4106
-4121
-4031
-3838
-3537
-3134
-2636
-2048
-1386
-670
92
866
1630
2359
3038
3647
4170
4597
4910
5104
5173
5114
4932
4636
4233
3746
3192
2585
1955
1321
705
127
-393
-843
-1216
-1503
-1707
-1831
-1883
-1870
-1801
-1701
-1572
-1432
-1291
-1165
-1058
-977
-921
-889
-880
-885
-906
-935
-962
-981
-987
-970
-930
-858
-760
-638
-483
-303
-101
114
339
570
795
1007
1196
1354
1475
1547
1567
1528
1429
1274
1066
813
525
214
-114
-440
-752
-1040
-1293
-1500
-1655
-1748
-1775
-1740
-1641
-1494
-1309
-1089
-846
-584
-324
-65
178
399
608
791
954
1095
1225
1350
1462
1570
1686
1800
1912
2026
2147
2259
2358
2453
2527
2578
2617
2623
2603
2559
2478
2383
2260
2108
1934
1739
1531
1311
1080
839
597
356
116
-120
-344
-557
-757
-938
-1100
-1237
-1355
-1452
-1534
-1599
-1654
-1697
-1739
-1778
-1812
-1843
-1872
-1897
-1921
-1944
-1975
-2021
-2079
-2158
-2254
-2371
-2517
-2690
-2887
-3103
-3327
-3544
-3735
-3884
-3975
-3998
-3940
-3794
-3556
-3226
-2804
-2286
-1686
-1021
-303
443
1205
1957
2669
3325
3913
4412
4808
5092
5253
5291
5203
4995
4682
4273
3790
3249
2673
2082
1496
936
417
-50
-450
-778
-1037
-1232
-1363
-1439
-1471
-1465
-1440
-1406
-1368
-1341
-1324
-1317
-1325
-1346
-1384
-1441
-1509
-1583
-1657
-1722
-1764
-1783
-1772
-1734
-1663
-1554
-1402
-1206
-966
-689
-385
-64
268
608
943
1262
1556
1814
2021
2169
2256
2274
2232
2130
1970
1762
1507
1224
919
602
293
-11
-279
-515
-699
-827
-898
-896
-831
-701
-517
-283
-11
292
612
935
1251
1543
1809
2040
2224
2361
2453
2507
2518
2495
2440
2365
2282
2193
2101
2006
1913
1825
1739
1654
1574
1487
1391
1280
1147
991
801
581
330
53
-250
-568
-895
-1219
-1536
-1847
-2141
-2413
-2658
-2875
-3065
-3225
-3351
-3444
-3504
-3532
-3528
-3499
-3453
-3395
-3326
-3254
-3190
-3139
-3103
-3088
-3091
-3108
-3130
-3152
-3158
-3134
-3070
-2948
-2770
-2522
-2200
-1812
-1354
-834
-260
360
1012
1674
2331
2964
3550
4068
4512
4862
5104
5244
5267
5171
4966
4663
4277
3812
3288
2729
2151
1570
1004
467
-30
-481
-866
-1190
-1449
-1646
-1793
-1876
-1904
-1892
-1852
-1784
-1708
-1624
-1537
-1448
-1368
-1307
-1276
-1269
-1274
-1295
-1314
-1327
-1323
-1307
-1268
-1204
-1119
-1003
-864
-706
-527
-332
-124
95
324
560
801
1041
1270
1477
1657
1805
1931
2028
2076
2086
2054
1979
1857
1709
1528
1326
1123
922
733
549
401
297
226
199
245
338
472
667
917
1180
1469
1779
2075
2352
2613
2816
2962
3052
3078
3057
2972
2816
2601
2347
2056
1732
1380
1011
617
218
-167
-529
-864
-1159
-1409
-1621
-1785
-1904
-1973
-2007
-2023
-2021
-2015
-2005
-2008
-2024
-2065
-2134
-2224
-2343
-2487
-2656
-2858
-3095
-3358
-3639
-3915
-4181
-4429
-4656
-4850
-4998
-5085
-5090
-5003
-4802
-4492
-4074
-3548
-2922
-2212
-1419
-560
352
1278
2185
3060
3861
4574
5187
5669
6006
6198
6244
6161
5952
5622
5195
4679
4102
3498
2883
2277
1694
1154
663
230
-139
-451
-703
-900
-1052
-1158
-1239
-1305
-1366
-1415
-1468
-1531
-1605
-1691
-1792
-1911
-2040
-2166
-2283
-2394
-2487
-2555
-2587
-2577
-2522
-2429
-2289
-2114
-1905
-1659
-1376
-1068
-742
-404
-64
275
598
901
1184
1434
1652
1828
1962
2049
2085
2079
2028
1939
1825
1685
1535
1372
1212
1072
949
853
795
791
828
918
1063
1244
1469
1729
2004
2269
2536
2777
2979
3128
3232
3274
3262
3191
3058
2866
2616
2328
2003
1662
1300
921
539
165
-203
-549
-864
-1136
-1362
-1537
-1667
-1756
-1802
-1816
-1804
-1781
-1761
-1756
-1766
-1797
-1848
-1917
-2005
-2115
-2240
-2384
-2550
-2738
-2948
-3172
-3402
-3630
-3861
-4084
-4297
-4500
-4684
-4817
-4896
-4897
-4811
-4621
-4340
-3962
-3485
-2915
-2253
-1511
-707
130
980
1821
2638
3403
4095
4687
5165
5520
5750
5860
5847
5714
5480
5158
4753
4290
3798
3288
2774
2271
1788
1330
906
519
175
-130
-394
-624
-822
-991
-1137
-1264
-1377
-1479
-1575
-1668
-1764
-1862
-1959
-2050
-2130
-2201
-2260
-2306
-2329
-2329
-2297
-2235
-2137
-2003
-1839
-1647
-1426
-1177
-905
-616
-315
-15
269
538
782
1001
1188
1338
1451
1532
1578
1595
1586
1558
1520
1478
1443
1423
1425
1440
1476
1536
1622
1739
1872
2009
2146
2274
2392
2488
2559
2593
2591
2557
2479
2363
2204
2014
1794
1542
1269
992
711
434
172
-65
-290
-486
-646
-776
-866
-911
-937
-942
-929
-911
-876
-843
-817
-798
-814
-863
-933
-1023
-1129
-1256
-1402
-1565
-1750
-1955
-2179
-2423
-2684
-2961
-3258
-3562
-3875
-4194
-4510
-4810
-5079
-5307
-5477
-5571
-5569
-5464
-5243
-4901
-4439
-3864
-3185
-2409
-1551
-630
326
1296
2259
3184
4040
4803
5458
5987
6382
6634
6747
6719
6557
6270
5878
5395
4852
4267
3658
3045
2440
1865
1328
834
391
11
-313
-585
-802
-975
-1110
-1224
-1318
-1397
-1467
-1531
-1600
-1668
-1742
-1818
-1900
-1987
-2075
-2160
-2234
-2296
-2332
-2337
-2302
-2229
-2111
-1947
-1733
-1471
-1164
-827
-469
-102
264
619
950
1246
1502
1717
1887
2010
2088
2127
2130
2110
2069
2018
1966
1910
1858
1811
1781
1763
1759
1765
1768
1769
1760
1745
1710
1659
1593
1504
1393
1253
1094
911
716
515
309
115
-80
-251
-403
-528
-634
-715
-765
-795
-803
-799
-789
-784
-789
-810
-838
-878
-929
-992
-1076
-1179
-1309
-1452
-1608
-1768
-1941
-2133
-2345
-2581
-2843
-3128
-3430
-3750
-4077
-4409
-4741
-5055
-5332
-5553
-5697
-5744
-5682
-5507
-5206
-4773
-4209
-3513
-2685
-1748
-724
363
1473
2575
3645
4651
5566
6356
6997
7479
7797
7959
7962
7810
7505
7070
6519
5883
5183
4448
3699
2951
2222
1538
913
349
-147
-568
-912
-1191
-1397
-1545
-1646
-1713
-1761
-1793
-1814
-1836
-1852
-1875
-1908
-1953
-2004
-2060
-2122
-2175
-2219
-2246
-2242
-2208
-2141
-2047
-1913
-1742
-1538
-1300
-1037
-746
-438
-114
221
561
902
1238
1568
1890
2200
2492
2761
3007
3218
3385
3507
3584
3619
3611
3561
3469
3328
3148
2929
2673
2387
2081
1751
1404
1050
685
322
-30
-365
-676
-956
-1197
-1393
-1545
-1652
-1711
-1729
-1704
-1652
-1575
-1478
-1372
-1268
-1173
-1098
-1048
-1024
-1023
-1040
-1084
-1152
-1249
-1357
-1482
-1626
-1793
-1976
-2164
-2365
-2591
-2838
-3087
-3361
-3650
-3936
-4219
-4513
-4797
-5062
-5304
-5490
-5595
-5635
-5573
-5407
-5141
-4756
-4253
-3629
-2885
-2018
-1054
-25
1047
2140
3226
4278
5265
6158
6929
7555
8027
8337
8481
8460
8273
7929
7442
6839
6150
5389
4582
3758
2943
2153
1416
755
165
-355
-794
-1152
-1438
-1655
-1806
-1903
-1966
-2000
-2013
-2016
-2014
-2014
-2013
-2014
-2027
-2048
-2069
-2091
-2112
-2124
-2111
-2062
-1988
-1903
-1781
-1616
-1408
-1172
-918
-625
-300
37
384
755
1143
1514
1853
2181
2515
2833
3107
3340
3545
3705
3798
3833
3835
3799
3692
3505
3272
2994
2658
2261
1834
1404
957
475
-8
-459
-866
-1244
-1569
-1809
-1966
-2067
-2114
-2075
-1953
-1792
-1626
-1442
-1233
-1032
-881
-759
-646
-570
-559
-594
-640
-699
-805
-942
-1072
-1185
-1317
-1474
-1631
-1775
-1926
-2102
-2283
-2455
-2654
-2893
-3161
-3427
-3714
-4040
-4385
-4735
-5086
-5436
-5755
-6006
-6189
-6294
-6288
-6136
-5847
-5436
-4872
-4132
-3252
-2283
-1219
-51
1178
2390
3560
4709
5813
6778
7573
8226
8752
9097
9224
9177
9003
8681
8168
7506
6779
6005
5157
4246
3352
2515
1700
905
169
-459
-995
-1470
-1864
-2149
-2336
-2472
-2573
-2623
-2629
-2617
-2606
-2586
-2550
-2516
-2498
-2486
-2459
-2413
-2348
-2272
-2178
-2061
-1912
-1720
-1489
-1228
-939
-608
-228
189
634
1102
1596
2091
2575
3059
3536
3988
4372
4684
4947
5149
5262
5274
5197
5048
4809
4463
4024
3533
2998
2397
1748
1100
468
-166
-806
-1395
-1888
-2296
-2639
-2902
-3040
-3058
-3007
-2898
-2694
-2406
-2097
-1817
-1528
-1214
-924
-706
-553
-411
-306
-289
-356
-436
-522
-664
-876
-1099
-1284
-1485
-1733
-1982
-2164
-2312
-2495
-2698
-2855
-2985
-3163
-3408
-3657
-3890
-4173
-4543
-4941
-5304
-5657
-6038
-6381
-6591
-6656
-6623
-6482
-6148
-5590
-4889
-4080
-3126
-1994
-750
498
1754
3041
4338
5516
6537
7439
8235
8855
9232
9399
9427
9284
8897
8316
7641
6897
6021
5037
4050
3122
2233
1340
491
-219
-810
-1351
-1809
-2119
-2275
-2372
-2476
-2519
-2454
-2352
-2281
-2222
-2109
-1982
-1925
-1928
-1906
-1839
-1800
-1816
-1819
-1753
-1669
-1605
-1514
-1325
-1068
-803
-517
-144
316
795
1267
1773
2342
2904
3409
3874
4323
4732
5033
5234
5376
5455
5422
5260
5010
4698
4304
3812
3247
2653
2041
1391
720
71
-510
-1033
-1507
-1893
-2165
-2316
-2366
-2323
-2180
-1954
-1677
-1384
-1074
-760
-471
-242
-85
8
25
-29
-156
-344
-580
-860
-1181
-1528
-1882
-2235
-2566
-2870
-3143
-3390
-3610
-3783
-3917
-4042
-4171
-4306
-4449
-4622
-4847
-5113
-5402
-5729
-6112
-6523
-6904
-7208
-7427
-7541
-7501
-7271
-6865
-6295
-5533
-4547
-3366
-2049
-633
871
2433
3972
5451
6854
8148
9264
10145
10789
11203
11372
11267
10918
10362
9602
8640
7511
6299
5057
3789
2520
1301
188
-808
-1678
-2398
-2938
-3313
-3569
-3720
-3755
-3677
-3519
-3318
-3100
-2869
-2638
-2438
-2272
-2126
-1989
-1866
-1771
-1695
-1609
-1490
-1347
-1176
-965
-703
-386
-44
322
733
1198
1692
2178
2650
3111
3547
3929
4254
4538
4771
4924
4974
4940
4848
4690
4448
4125
3749
3330
2852
2312
1766
1247
748
250
-208
-578
-861
-1085
-1250
-1314
-1269
-1162
-1029
-858
-627
-364
-121
93
303
501
640
699
705
689
641
518
324
77
-217
-565
-967
-1381
-1787
-2189
-2602
-3006
-3374
-3687
-3957
-4205
-4454
-4708
-4953
-5201
-5491
-5845
-6236
-6652
-7124
-7668
-8204
-8614
-8866
-9000
-8992
-8745
-8221
-7491
-6593
-5447
-4021
-2411
-747
952
2720
4491
6147
7626
8950
10099
10982
11551
11838
11879
11661
11178
10453
9519
8388
7120
5792
4432
3049
1700
468
-627
-1628
-2517
-3206
-3681
-4022
-4282
-4406
-4357
-4205
-4034
-3812
-3501
-3144
-2840
-2613
-2394
-2155
-1903
-1689
-1508
-1312
-1085
-841
-600
-313
58
488
890
1261
1687
2178
2639
3004
3344
3698
3946
4024
4043
4079
4058
3906
3681
3462
3205
2824
2394
2041
1708
1298
874
544
304
53
-188
-319
-331
-298
-240
-105
111
346
579
824
1086
1333
1532
1678
1754
1774
1754
1675
1508
1272
1030
780
477
124
-205
-483
-791
-1146
-1439
-1637
-1848
-2162
-2502
-2757
-2976
-3276
-3628
-3922
-4174
-4536
-5044
-5544
-5968
-6436
-7074
-7804
-8494
-9170
-9885
-10479
-10733
-10628
-10299
-9770
-8901
-7654
-6129
-4381
-2368
-136
2125
4292
6347
8263
9923
11276
12327
13019
13275
13113
12652
11919
10866
9532
8036
6433
4707
2924
1241
-279
-1666
-2923
-3953
-4705
-5218
-5527
-5599
-5429
-5082
-4639
-4127
-3545
-2924
-2292
-1677
-1117
-655
-301
-27
190
359
503
645
774
880
989
1170
1422
1696
1995
2358
2761
3091
3335
3572
3790
3862
3735
3518
3253
2843
2263
1668
1197
755
219
-323
-684
-866
-1029
-1162
-1114
-854
-546
-283
41
512
1020
1447
1825
2233
2627
2911
3110
3284
3417
3439
3333
3155
2914
2586
2167
1708
1242
732
172
-358
-798
-1196
-1601
-1960
-2182
-2284
-2356
-2429
-2435
-2367
-2344
-2460
-2652
-2811
-2956
-3191
-3520
-3848
-4160
-4573
-5121
-5694
-6203
-6735
-7401
-8203
-9049
-9820
-10374
-10560
-10337
-9769
-8891
-7662
-6088
-4230
-2079
390
3048
5629
7971
10067
11908
13383
14382
14900
14952
14496
13509
12087
10401
8535
6505
4341
2118
-62
-2100
-3896
-5383
-6526
-7309
-7720
-7817
-7680
-7294
-6584
-5598
-4535
-3511
-2493
-1465
-526
261
933
1529
2024
2367
2559
2639
2694
2791
2899
2971
3041
3166
3307
3391
3467
3618
3743
3679
3453
3196
2868
2341
1639
909
153
-755
-1749
-2601
-3200
-3624
-3917
-3976
-3741
-3286
-2678
-1890
-896
205
1285
2297
3240
4060
4655
5010
5206
5231
5005
4545
3997
3447
2798
1970
1068
259
-421
-1099
-1802
-2379
-2694
-2817
-2950
-3065
-2956
-2611
-2322
-2184
-1932
-1413
-925
-701
-522
-178
88
-5
-294
-546
-847
-1357
-1984
-2594
-3281
-4179
-5155
-6029
-6890
-7893
-8967
-9963
-10963
-12116
-13165
-13564
-13146
-12265
-11113
-9409
-7009
-4293
-1550
1505
5079
8678
11687
14117
16248
17894
18692
18733
18280
17207
15261
12636
9815
7007
4155
1277
-1494
-4040
-6253
-8034
-9366
-10250
-10559
-10246
-9586
-8872
-7993
-6673
-5030
-3476
-2115
-714
748
1964
2811
3517
4280
4986
5419
5612
5720
5807
5823
5751
5647
5530
5316
4911
4365
3799
3223
2535
1671
720
-230
-1188
-2165
-3069
-3760
-4178
-4369
-4374
-4155
-3610
-2697
-1524
-253
1057
2451
3827
4998
5890
6586
7099
7265
7008
6437
5642
4604
3358
2015
666
-681
-1988
-3157
-4122
-4861
-5364
-5641
-5721
-5569
-5159
-4565
-3890
-3112
-2190
-1218
-353
384
1072
1660
2027
2191
2279
2248
1946
1368
675
-16
-767
-1666
-2678
-3683
-4597
-5502
-6526
-7629
-8629
-9503
-10465
-11638
-12943
-14212
-15219
-15468
-14576
-12798
-10622
-7969
-4481
-446
3507
7414
11745
16142
19519
21489
22578
23023
22360
20440
17746
14656
10968
6560
1930
-2205
-5535
-8260
-10588
-12378
-13268
-13274
-12781
-11985
-10611
-8561
-6364
-4630
-3219
-1608
162
1547
2445
3330
4360
5213
5693
6045
6609
7352
7911
8036
7842
7585
7282
6683
5655
4442
3210
1769
-78
-2051
-3703
-5004
-6147
-7096
-7582
-7524
-7069
-6326
-5232
-3751
-1904
232
2444
4544
6563
8537
10219
11321
11897
12148
11938
11018
9525
7803
5901
3677
1225
-1192
-3410
-5367
-6971
-8143
-8865
-9142
-8968
-8453
-7709
-6659
-5272
-3732
-2260
-843
550
1777
2652
3247
3780
4183
4209
3842
3309
2716
2002
1128
156
-855
-1926
-3109
-4318
-5421
-6358
-7230
-8195
-9223
-10106
-10763
-11361
-11979
-12449
-12647
-12827
-13399
-14307
-14780
-13894
-11471
-8233
-4777
-838
3882
8746
12857
16354
19971
23348
25129
24810
23165
20798
17478
13016
8044
3268
-1220
-5621
-9684
-12696
-14181
-14278
-13638
-12611
-11075
-8923
-6624
-4646
-2910
-1049
749
1876
2217
2447
3044
3710
4195
4798
5767
6879
7765
8338
8923
9570
9736
8932
7309
5329
3136
493
-2565
-5487
-7761
-9483
-10909
-11866
-11859
-10747
-8844
-6505
-3890
-952
2173
5101
7458
9241
10677
11779
12176
11726
10896
10141
9321
8117
6764
5655
4657
3350
1782
369
-763
-1884
-3179
-4488
-5555
-6278
-6693
-6792
-6450
-5535
-4136
-2593
-1067
618
2470
4081
5169
5855
6260
6204
5487
4320
3070
1782
305
-1298
-2809
-4063
-4968
-5556
-6024
-6487
-6864
-7134
-7450
-7850
-8158
-8333
-8648
-9248
-9807
-10018
-10054
-10254
-10523
-10578
-10633
-11315
-12537
-12969
-11291
-7766
-3785
104
4559
9717
14366
17598
20101
22686
24490
23902
20781
16499
12084
7411
2242
-2849
-6930
-9718
-11692
-13144
-13508
-11990
-8990
-5998
-3857
-2015
0
1498
1787
1429
1355
1493
1180
457
176
945
2549
4434
6260
8071
9907
11352
11691
10859
9406
7489
4594
610
-3625
-7260
-10172
-12565
-14059
-14072
-12682
-10531
-7990
-4954
-1327
2470
5650
7813
9233
10115
10147
9123
7526
6069
4920
3847
2986
2795
3293
4022
4711
5334
5729
5581
4761
3380
1595
-437
-2491
-4406
-6054
-7154
-7365
-6645
-5269
-3366
-926
1793
4285
6250
7619
8351
8343
7522
5995
4007
1869
-142
-1928
-3408
-4316
-4503
-4291
-4104
-3874
-3360
-2809
-2778
-3327
-4081
-4922
-6074
-7502
-8738
-9521
-10068
-10625
-10986
-10794
-10202
-9764
-9668
-9692
-10002
-11275
-13326
-14287
-12477
-8518
-4212
61
5243
11174
16117
19171
21402
23638
24731
22916
18256
12531
7109
1882
-3517
-8318
-11157
-11846
-11666
-11396
-10119
-6838
-2668
239
1489
2270
2843
2157
69
-2021
-2991
-3101
-2958
-2412
-859
1953
5551
9087
11907
13970
15236
15093
12881
9040
4695
253
-4526
-9412
-13367
-15609
-16160
-15399
-13340
-9909
-5519
-1093
2564
5305
7446
8914
9098
7914
6195
4699
3351
1924
906
993
2064
3487
4898
6306
7531
8178
7916
6682
4676
2198
-457
-3156
-5575
-7140
-7475
-6855
-5681
-3914
-1453
1220
3527
5246
6327
6758
6541
5620
4116
2474
1118
235
-355
-719
-589
79
773
1088
1149
1040
478
-761
-2296
-3702
-4975
-6237
-7290
-7855
-7907
-7604
-7157
-6651
-6148
-5822
-5925
-6456
-7237
-8219
-9538
-11275
-13352
-15788
-18232
-19086
-16560
-10778
-3633
3552
10864
18013
23323
25628
25806
25120
23222
18738
11617
3817
-2625
-7323
-10837
-12882
-12315
-9187
-5419
-2670
-515
2244
5062
5960
4318
1630
-899
-3566
-6618
-8858
-8773
-6178
-2224
1982
6312
10943
15361
18250
18770
17253
14368
10096
4247
-2424
-8399
-12662
-15259
-16438
-16070
-13866
-10111
-5718
-1560
2104
5233
7276
7535
6077
3942
2030
343
-1267
-2238
-1909
-490
1301
3203
5458
7848
9591
10078
9342
7738
5497
2739
-253
-2954
-4830
-5748
-5953
-5525
-4210
-2042
368
2310
3651
4542
4867
4425
3409
2272
1380
784
301
-45
66
830
1882
2704
3072
3199
3075
2292
781
-939
-2327
-3498
-4650
-5558
-5808
-5509
-5040
-4592
-4223
-4013
-4156
-4802
-5960
-7417
-8933
-10270
-11335
-12024
-12221
-11971
-11533
-11374
-12082
-13447
-13793
-11204
-5833
315
5934
11278
16307
19458
19780
18427
17041
15348
11830
6100
-104
-4739
-7492
-9232
-9913
-8442
-4874
-1111
1123
2298
3956
6018
6584
4861
2262
324
-1063
-2569
-3673
-3049
-433
2842
5372
7081
8765
10463
10974
9421
6458
3263
50
-3617
-7370
-9949
-10533
-9605
-8146
-6422
-4025
-907
2055
3959
4950
5565
5623
4463
2290
323
-537
-715
-950
-1050
-456
637
1434
1733
2060
2698
3151
3003
2437
1973
1781
1600
1254
922
880
1038
1019
823
863
1279
1671
1704
1484
1405
1524
1603
1558
1610
1843
2029
1891
1462
1130
1075
1121
1003
767
667
770
814
631
400
303
174
-362
-1250
-2108
-2781
-3487
-4389
-5389
-6303
-7139
-7996
-8779
-9301
-9465
-9354
-9233
-9285
-9483
-9713
-9904
-10410
-11696
-13625
-14457
-12025
-6136
1181
7991
14001
19030
21745
20920
17427
13137
8737
3311
-3613
-10393
-14387
-14817
-13157
-10403
-5965
179
6131
9771
11000
11542
11995
10891
7231
2452
-1144
-2818
-3439
-3484
-2177
975
4851
7602
8564
8713
8818
8027
5128
624
-3617
-6479
-8286
-9454
-9368
-7287
-3646
-6
2586
4447
6271
7726
7769
6256
4125
2139
167
-1935
-3448
-3436
-2089
-581
376
1056
1882
2548
2442
1534
383
-513
-1061
-1275
-1035
-85
1453
3027
4077
4571
4826
4880
4462
3496
2236
985
-136
-1169
-1950
-2081
-1467
-527
241
762
1312
1966
2415
2401
2084
1800
1592
1263
823
607
764
953
723
77
-594
-1131
-1756
-2561
-3299
-3786
-4204
-4895
-5812
-6589
-7073
-7479
-8073
-8765
-9319
-9688
-9980
-10179
-10136
-9848
-9582
-9962
-11362
-12922
-12455
-8488
-1953
4863
10609
15235
18320
18703
15989
11488
6898
2506
-2648
-8491
-12860
-13691
-11424
-7880
-3829
1044
6327
10345
11841
11410
10584
9425
6774
2477
-1661
-3746
-3734
-2816
-1553
560
3579
6310
7352
6801
5891
5007
3164
-178
-3888
-6334
-7086
-6796
-5956
-4255
-1456
1714
3938
4722
4790
4823
4515
3236
1287
-360
-1147
-1379
-1408
-924
443
2212
3315
3324
2774
2240
1538
297
-1202
-2210
-2277
-1518
-155
1700
3935
6001
7142
7144
6400
5247
3737
1938
152
-1179
-1911
-2164
-2015
-1335
-90
1371
2449
2888
2912
2807
2540
1964
1184
515
195
101
60
169
632
1239
1453
975
137
-691
-1550
-2563
-3593
-4335
-4827
-5408
-6185
-6865
-7162
-7233
-7471
-7968
-8450
-8792
-9097
-9446
-9705
-9809
-9984
-10747
-12354
-13866
-13203
-8838
-1665
5812
11877
16312
18922
18784
15381
9874
4344
-428
-5370
-10736
-14346
-13867
-9861
-4926
-420
4220
9117
12689
13264
11410
9200
7354
4613
403
-3447
-4672
-3244
-1042
826
2761
5198
7216
7379
5602
3320
1502
-467
-3398
-6503
-8049
-7356
-5335
-3225
-1228
1175
3806
5355
5029
3641
2554
1748
423
-1274
-2168
-1641
-397
658
1554
2926
4464
5052
4176
2646
1265
-160
-2071
-3921
-4722
-4178
-2545
-146
2708
5617
7978
9122
9000
7883
6028
3775
1511
-462
-1873
-2568
-2529
-1861
-777
614
2093
3211
3644
3546
3246
2836
2241
1523
965
786
899
1055
1247
1591
1979
1953
1267
186
-835
-1660
-2433
-3179
-3737
-4084
-4443
-5015
-5701
-6247
-6638
-7143
-7919
-8739
-9273
-9479
-9503
-9506
-9506
-9572
-10100
-11568
-13456
-13687
-10240
-3482
3966
10013
14351
17146
17604
14776
9409
3775
-806
-5199
-10107
-13658
-13260
-9142
-4067
238
4361
8891
12415
12984
10814
8086
5973
3391
-512
-4195
-5212
-3372
-666
1331
2956
4973
6837
6991
5009
2312
286
-1439
-3862
-6511
-7699
-6559
-4104
-1869
-247
1514
3564
4709
3894
1938
461
-243
-1061
-2120
-2380
-1236
540
1812
2546
3436
4402
4320
2732
534
-1217
-2535
-3801
-4709
-4498
-2978
-631
1970
4469
6711
8387
8937
8080
6176
3881
1821
159
-1131
-1885
-1830
-1055
-66
786
1655
2648
3285
3112
2350
1684
1336
1026
646
505
839
1402
1745
1796
1881
2049
1868
996
-295
-1413
-2099
-2585
-2982
-3157
-3048
-2939
-3222
-3913
-4666
-5282
-5955
-6932
-7945
-8539
-8679
-8709
-8809
-8969
-9269
-10085
-11852
-14086
-14686
-11455
-4570
3555
10556
15687
18913
19527
16678
10978
4593
-836
-5690
-10632
-14063
-13481
-8951
-3170
1824
6270
10695
13898
14060
11320
7834
4949
1914
-1992
-5245
-5620
-3116
100
2502
4349
6253
7603
7076
4492
1319
-1092
-3045
-5283
-7273
-7533
-5578
-2545
65
1872
3436
4903
5265
3666
938
-1270
-2440
-3237
-3802
-3344
-1509
828
2545
3519
4444
5298
5067
3233
656
-1623
-3427
-4907
-5577
-4793
-2676
-36
2493
4793
6858
8318
8557
7452
5546
3476
1553
-48
-1090
-1359
-992
-387
86
432
887
1422
1656
1375
872
564
507
489
585
957
1511
1900
1905
1602
1237
817
173
-660
-1526
-2188
-2593
-2709
-2528
-2169
-1864
-1829
-2276
-3283
-4572
-5747
-6685
-7610
-8448
-8853
-8788
-8636
-8641
-8810
-9228
-10166
-11951
-13954
-13974
-10054
-2814
5210
11817
16403
18945
18750
15223
9283
2994
-2313
-6969
-11230
-13437
-11675
-6617
-876
3972
8177
11896
13909
12999
9817
6296
3328
262
-3071
-5087
-4250
-1218
1941
4120
5738
7112
7470
5864
2654
-568
-2758
-4359
-5919
-6704
-5616
-2856
79
2115
3319
4184
4544
3620
1254
-1446
-3225
-3923
-4023
-3502
-1924
466
2636
3822
4232
4389
4107
2612
-33
-2723
-4585
-5655
-6029
-5269
-3092
-157
2460
4423
6021
7332
7867
7192
5559
3653
1870
281
-904
-1335
-1034
-458
-34
199
439
745
932
870
658
538
653
907
1238
1736
2360
2718
2525
1878
1141
497
-226
-1100
-1856
-2241
-2359
-2376
-2278
-1926
-1448
-1281
-1780
-2878
-4258
-5653
-6882
-7862
-8514
-8789
-8734
-8542
-8405
-8387
-8471
-8820
-9944
-12180
-14514
-14388
-9891
-1946
6517
13258
17846
20197
19388
14931
8178
1488
-4057
-8998
-13159
-14457
-11359
-5257
984
6001
10219
13548
14532
12383
8492
4871
1864
-1379
-4486
-5438
-3177
762
4014
5913
7231
8049
7275
4314
418
-2534
-4094
-5195
-6054
-5534
-2902
748
3594
4984
5493
5587
4768
2497
-567
-3058
-4277
-4476
-3938
-2384
325
3254
5146
5646
5322
4641
3265
921
-1608
-3231
-3787
-3868
-3664
-2620
-519
1798
3447
4504
5452
6181
6030
4863
3415
2315
1398
443
-207
-150
296
388
-91
-670
-957
-1019
-1002
-824
-262
674
1673
2449
3025
3462
3544
2970
1769
355
-787
-1530
-2071
-2412
-2351
-1935
-1555
-1457
-1461
-1306
-1265
-1915
-3284
-4849
-6164
-7138
-7817
-8101
-7927
-7579
-7408
-7550
-7950
-8516
-9284
-10504
-12495
-14707
-15055
-11339
-3715
5075
12268
17004
19380
18854
14842
8315
1492
-4186
-8907
-12703
-14007
-11309
-5499
842
5978
9893
12649
13310
11202
7346
3617
764
-1785
-4109
-4916
-3098
511
3846
5760
6561
6677
5570
2788
-796
-3479
-4587
-4903
-5032
-4234
-1686
1818
4508
5499
5311
4642
3338
1029
-1666
-3620
-4403
-4245
-3279
-1368
1356
3984
5481
5663
4914
3655
2070
314
-1176
-2004
-2247
-2207
-1903
-1071
355
1882
2940
3523
3960
4351
4407
4037
3636
3476
3229
2578
1839
1492
1367
851
-201
-1283
-1911
-2070
-1902
-1330
-279
1020
2146
2908
3411
3724
3648
2948
1687
225
-948
-1624
-1972
-2112
-1922
-1418
-964
-946
-1240
-1458
-1660
-2357
-3671
-5100
-6166
-6928
-7596
-8043
-8067
-7792
-7612
-7777
-8238
-8827
-9635
-11008
-13048
-14714
-13753
-8574
-261
8100
14218
17852
19208
17615
12659
5698
-1002
-6416
-10858
-13923
-13798
-9590
-3059
3021
7446
10562
12363
12010
9272
5526
2420
248
-1679
-3217
-3088
-667
2726
5093
5777
5514
4744
2936
-117
-3174
-4663
-4535
-4029
-3581
-2168
776
3969
5603
5373
4261
2905
1031
-1410
-3469
-4180
-3651
-2569
-1146
865
3224
4988
5467
4798
3464
1740
-251
-2093
-3146
-3126
-2422
-1589
-733
375
1765
3044
3850
4188
4262
4082
3544
2827
2425
2476
2503
2097
1525
1244
1115
642
-208
-894
-1068
-990
-915
-564
409
1682
2556
2837
2972
3227
3254
2698
1812
1098
638
127
-528
-960
-932
-750
-883
-1370
-1830
-2004
-2173
-2741
-3694
-4655
-5373
-5996
-6688
-7274
-7508
-7465
-7495
-7886
-8513
-9148
-9904
-11259
-13245
-14523
-12788
-6879
1659
9753
15327
18158
18453
15926
10626
3923
-2285
-7173
-11011
-13405
-12752
-8284
-1718
4187
8148
10527
11557
10598
7551
3862
1226
-275
-1576
-2610
-2036
660
3932
5739
5684
4735
3356
1043
-2152
-4803
-5506
-4604
-3517
-2635
-991
1799
4421
5360
4529
2913
1095
-1052
-3376
-4864
-4723
-3316
-1611
71
2015
4062
5276
5011
3652
1971
333
-1318
-2741
-3279
-2677
-1563
-665
-81
462
944
1093
1043
1359
2236
3171
3619
3644
3692
3751
3258
2005
606
-335
-989
-1832
-2611
-2565
-1540
-341
381
950
1804
2646
2784
2280
1884
1924
1821
1223
681
796
1272
1318
828
379
185
-255
-1151
-2044
-2403
-2254
-2103
-2305
-2644
-2925
-3366
-4175
-5310
-6467
-7349
-7879
-8124
-8182
-8176
-8195
-8329
-8830
-10050
-11790
-12526
-10111
-3973
3920
10733
15078
17116
17014
14353
9276
3235
-2106
-6290
-9586
-11315
-9931
-5174
997
6143
9385
11150
11514
9922
6645
3257
1034
-307
-1502
-2146
-1103
1635
4437
5758
5522
4503
2929
545
-2252
-4147
-4264
-3243
-2244
-1328
339
2780
4693
4908
3601
1738
-110
-2022
-3805
-4639
-3944
-2243
-470
1096
2720
4210
4825
4205
2760
1112
-432
-1811
-2807
-3026
-2425
-1440
-462
442
1327
2097
2545
2617
2475
2261
1995
1690
1418
1345
1491
1613
1495
1204
852
310
-512
-1378
-1837
-1772
-1494
-1196
-702
107
990
1650
2061
2385
2519
2225
1585
1007
673
404
32
-323
-492
-575
-762
-1021
-1174
-1239
-1392
-1845
-2629
-3513
-4297
-5045
-5837
-6577
-7088
-7266
-7267
-7260
-7250
-7220
-7362
-7994
-9317
-11225
-12939
-12728
-8847
-1519
6684
12878
16025
16626
15038
11100
5317
-724
-5554
-8906
-10937
-10873
-7654
-1867
4145
8395
10581
11242
10406
7913
4509
1683
127
-697
-1181
-682
1405
4302
6305
6488
5269
3356
951
-1766
-3945
-4599
-3675
-2080
-588
983
2968
4805
5442
4464
2428
221
-1691
-3234
-4124
-3897
-2531
-652
1112
2635
3945
4667
4313
2998
1417
179
-643
-1198
-1493
-1375
-968
-551
-217
100
379
572
740
1101
1724
2360
2804
3025
3057
2859
2400
1654
744
-155
-949
-1666
-2199
-2314
-1924
-1206
-484
106
603
1010
1279
1423
1530
1566
1407
1050
776
779
871
782
534
273
-87
-645
-1278
-1660
-1772
-1895
-2211
-2549
-2777
-3050
-3636
-4576
-5559
-6368
-7055
-7639
-7865
-7589
-7094
-6889
-7170
-7803
-8801
-10447
-12333
-12566
-9101
-2115
5787
11918
15355
16326
14762
10573
4629
-1342
-6105
-9461
-11365
-10907
-7302
-1452
4376
8461
10603
11070
9838
6977
3514
791
-695
-1428
-1595
-568
1990
5021
6886
6924
5627
3627
987
-1980
-4119
-4477
-3351
-1711
-127
1660
3753
5305
5491
4233
2028
-383
-2438
-3836
-4310
-3669
-2086
-96
1796
3451
4788
5431
4938
3374
1412
-273
-1418
-2005
-1939
-1188
-65
977
1822
2533
2971
2880
2305
1672
1288
1079
1014
1221
1696
2225
2520
2429
2017
1410
621
-315
-1214
-1828
-2039
-1854
-1304
-435
589
1509
2117
2435
2506
2312
1789
1051
408
74
-81
-199
-200
-90
-80
-385
-862
-1312
-1722
-2266
-2945
-3522
-3845
-4069
-4461
-5041
-5541
-5791
-6014
-6397
-6764
-6809
-6620
-6669
-7269
-8251
-9449
-11032
-12778
-13117
-10013
-3277
4766
11275
15006
16082
14639
10659
4914
-986
-5632
-8711
-10270
-9756
-6536
-1302
4001
7759
9602
9734
8163
5178
1841
-541
-1651
-1959
-1581
57
2959
5877
7369
7096
5605
3300
330
-2729
-4646
-4709
-3387
-1587
322
2430
4440
5463
4994
3348
1107
-1212
-3137
-4217
-4218
-3208
-1528
417
2283
3867
4884
5008
4084
2366
506
-846
-1393
-1210
-591
64
462
620
709
753
672
527
566
952
1530
2096
2690
3316
3660
3436
2743
1894
1057
252
-411
-774
-858
-802
-646
-360
88
639
1116
1417
1619
1774
1862
1822
1688
1595
1577
1451
1112
743
504
300
-126
-783
-1413
-1813
-2075
-2293
-2386
-2335
-2388
-2835
-3641
-4543
-5337
-6041
-6666
-7066
-7087
-6814
-6540
-6545
-6851
-7340
-8168
-9699
-11791
-13118
-11698
-6576
1013
8524
13885
16247
15556
12201
7054
1340
-3811
-7669
-9782
-9735
-7296
-2903
2190
6516
9069
9441
7774
4778
1618
-680
-1808
-2043
-1482
186
2909
5711
7393
7490
6187
3749
477
-2806
-4927
-5232
-4067
-2180
-46
2135
4026
5085
4938
3631
1506
-969
-3139
-4373
-4430
-3493
-1848
192
2219
3831
4752
4788
3820
2004
-109
-1780
-2537
-2302
-1260
172
1355
1840
1709
1300
719
24
-475
-320
556
1712
2815
3815
4549
4582
3777
2483
1158
-37
-1023
-1534
-1448
-1091
-713
-138
711
1590
2176
2390
2452
2487
2344
2020
1795
1808
1914
1780
1299
821
633
534
167
-476
-1152
-1666
-2053
-2280
-2171
-1766
-1503
-1793
-2545
-3377
-4087
-4754
-5422
-5966
-6252
-6347
-6313
-6110
-5812
-5732
-6147
-7209
-8980
-11192
-12682
-11566
-6773
590
7888
12960
15090
14480
11545
6920
1621
-3203
-6654
-8231
-7700
-5090
-945
3558
7044
8578
7982
5738
2738
-39
-1838
-2408
-1932
-567
1676
4453
6861
7946
7344
5313
2326
-1089
-4167
-5905
-5720
-3909
-1387
1049
3057
4456
4850
3912
1862
-636
-2940
-4577
-5156
-4520
-2910
-836
1233
2953
4060
4273
3482
1925
91
-1489
-2327
-2157
-1099
405
1755
2457
2349
1646
676
-270
-972
-1284
-1094
-390
740
2090
3307
3929
3726
2890
1791
680
-307
-1020
-1334
-1308
-1163
-870
-203
776
1657
2136
2227
2140
1952
1665
1442
1387
1373
1184
871
665
658
652
385
-128
-778
-1519
-2302
-2838
-2859
-2450
-2030
-1930
-2130
-2471
-2962
-3684
-4489
-5156
-5690
-6182
-6558
-6615
-6377
-6246
-6508
-6980
-7523
-8526
-10260
-11726
-10793
-6201
885
7769
12437
14330
13622
10716
6474
2112
-1479
-4052
-5375
-4985
-2788
507
3763
6063
6954
6285
4217
1497
-692
-1560
-1138
115
1887
4078
6328
7895
8091
6733
4183
1042
-2033
-4324
-5182
-4337
-2130
579
2858
4173
4458
3782
2255
144
-2032
-3720
-4520
-4271
-3091
-1313
643
2375
3516
3824
3307
2205
805
-635
-1733
-1987
-1195
248
1683
2686
3092
2790
1722
154
-1347
-2269
-2414
-1792
-474
1314
3129
4403
4767
4223
3067
1642
217
-930
-1547
-1570
-1151
-511
245
1093
1875
2327
2300
1918
1456
1135
1006
1003
1067
1180
1289
1319
1226
1037
784
361
-355
-1253
-2005
-2376
-2404
-2314
-2230
-2180
-2300
-2727
-3365
-3952
-4407
-4851
-5343
-5789
-6096
-6279
-6393
-6426
-6454
-6663
-7167
-7915
-8854
-10019
-11027
-10679
-7621
-1883
4812
10248
13085
13133
10871
7211
3322
20
-2529
-4102
-4058
-2255
511
3143
4941
5763
5447
3693
937
-1386
-2045
-1057
742
2748
4842
6747
7806
7568
6139
3879
1115
-1654
-3588
-3968
-2748
-545
1851
3769
4670
4217
2650
652
-1182
-2622
-3617
-3941
-3278
-1736
104
1695
2835
3426
3228
2182
736
-497
-1225
-1455
-1099
-96
1196
2151
2460
2309
1874
1125
219
-456
-702
-645
-367
264
1299
2325
2825
2782
2484
2031
1328
463
-209
-445
-358
-157
132
523
883
1078
1131
1151
1121
991
813
740
768
810
815
722
543
367
246
111
-146
-551
-965
-1284
-1551
-1846
-2151
-2384
-2558
-2789
-3105
-3452
-3790
-4147
-4482
-4691
-4795
-5022
-5524
-6128
-6552
-6759
-6901
-7147
-7558
-8193
-9194
-10477
-11130
-9623
-5183
1137
7147
11100
12389
11264
8497
5263
2478
258
-1485
-2257
-1510
457
2542
3856
4275
3832
2346
66
-1884
-2286
-1012
1052
3180
5221
6843
7441
6859
5510
3673
1312
-1219
-2931
-3017
-1743
12
1739
3239
3850
2922
889
-1085
-2332
-3076
-3566
-3406
-2193
-425
993
1792
2264
2419
1877
728
-253
-484
-166
319
1064
2285
3610
4322
4090
3189
1916
343
-1152
-1892
-1622
-731
266
1224
2171
2866
3007
2695
2232
1672
938
251
32
368
918
1343
1583
1623
1329
750
282
253
572
869
985
1035
1144
1264
1235
962
497
-20
-473
-803
-925
-762
-411
-172
-284
-721
-1253
-1683
-2058
-2500
-2999
-3482
-3958
-4392
-4614
-4558
-4434
-4618
-5226
-5983
-6576
-6980
-7344
-7735
-8116
-8477
-8960
-9579
-9765
-8401
-4778
470
5739
9536
11071
10189
7490
4311
1928
568
-251
-619
-60
1395
2818
3369
3047
2229
965
-676
-2000
-1962
-359
1899
3929
5587
6804
7045
5989
4152
2331
693
-976
-2289
-2377
-1111
544
1704
2311
2398
1551
-337
-2374
-3480
-3514
-3098
-2468
-1329
161
1223
1444
1251
1028
568
-268
-870
-579
410
1337
1927
2449
2909
2832
1989
964
457
360
217
137
489
1162
1658
1784
1861
2055
2033
1583
1033
793
804
794
811
1089
1545
1819
1769
1581
1391
1153
923
951
1332
1782
1932
1767
1530
1327
988
399
-256
-684
-771
-608
-288
96
377
313
-177
-915
-1630
-2176
-2546
-2736
-2787
-2861
-3129
-3542
-3888
-4119
-4364
-4731
-5203
-5753
-6388
-7003
-7395
-7551
-7678
-7918
-8202
-8498
-8819
-8654
-6962
-3260
1579
5976
8830
9705
8553
5944
3189
1479
880
714
704
1146
2041
2734
2672
1985
985
-323
-1752
-2428
-1548
560
2758
4384
5553
6213
5843
4367
2641
1449
613
-291
-856
-360
915
1857
1972
1698
1221
37
-1897
-3492
-3734
-2954
-2146
-1507
-573
468
762
185
-349
-275
-92
-202
-37
994
2374
3222
3554
3885
4020
3337
2117
1383
1408
1497
1242
977
882
570
-32
-303
126
718
869
789
956
1311
1476
1491
1615
1778
1685
1364
1152
1157
1170
1056
965
1027
1115
1024
740
480
377
304
40
-399
-716
-699
-478
-257
-31
215
279
-38
-568
-956
-1138
-1340
-1601
-1747
-1812
-2060
-2575
-3180
-3750
-4331
-4942
-5442
-5812
-6275
-6837
-7159
-7094
-6954
-7045
-7326
-7707
-8127
-8024
-6302
-2520
2270
6400
8907
9569
8312
5611
2889
1490
1368
1562
1714
2212
3007
3328
2756
1736
641
-732
-2253
-2831
-1602
803
3042
4593
5696
6148
5345
3518
1848
1021
559
16
-117
641
1699
2105
1802
1297
516
-1004
-2921
-4121
-4034
-3196
-2326
-1494
-595
-8
-161
-731
-960
-661
-231
193
918
1986
2849
3026
2716
2387
2163
2008
2108
2562
2931
2652
1739
710
-54
-547
-776
-619
-149
309
566
752
988
1182
1204
1115
1076
1130
1204
1223
1189
1074
814
440
137
52
123
167
87
-25
-95
-214
-434
-664
-760
-737
-719
-669
-455
-193
-185
-452
-787
-1130
-1587
-2081
-2331
-2312
-2364
-2610
-2831
-3006
-3328
-3789
-4194
-4540
-5122
-6047
-6833
-7050
-6977
-7047
-7183
-7207
-7337
-7622
-7246
-5180
-1541
2400
5516
7411
7811
6517
4267
2581
2263
2727
3133
3433
3849
4061
3599
2647
1695
760
-394
-1400
-1378
-30
1886
3450
4447
5004
4917
3961
2556
1477
1006
804
713
1024
1783
2433
2426
1886
1176
259
-1043
-2381
-3100
-3027
-2585
-2116
-1585
-1025
-768
-970
-1232
-1094
-578
8
610
1400
2301
2922
3034
2836
2582
2264
1929
1851
2098
2296
2064
1485
899
441
46
-216
-211
-17
136
197
315
536
716
785
849
993
1138
1205
1217
1186
1039
772
541
529
714
890
908
752
472
83
-356
-691
-836
-873
-915
-946
-863
-678
-590
-709
-915
-1107
-1353
-1670
-1852
-1777
-1672
-1838
-2177
-2444
-2750
-3288
-3900
-4321
-4633
-5190
-5960
-6465
-6514
-6479
-6611
-6684
-6648
-6833
-7159
-6697
-4670
-1479
1762
4357
6050
6418
5268
3486
2467
2607
3148
3533
3948
4408
4316
3407
2289
1491
748
-236
-900
-472
823
2044
2786
3350
3766
3563
2711
1910
1617
1490
1210
1144
1702
2532
2956
2849
2513
1922
781
-712
-1851
-2273
-2298
-2241
-1969
-1408
-977
-1068
-1405
-1416
-1010
-523
-74
540
1306
1864
2037
2135
2447
2787
2853
2745
2758
2800
2529
1950
1401
1036
666
234
-9
24
18
-232
-528
-615
-576
-605
-565
-231
243
498
503
514
578
490
267
226
510
839
944
908
864
664
138
-509
-900
-1016
-1138
-1329
-1373
-1222
-1160
-1347
-1555
-1587
-1597
-1776
-1943
-1794
-1445
-1285
-1388
-1480
-1484
-1663
-2108
-2535
-2763
-3033
-3570
-4124
-4340
-4322
-4396
-4544
-4511
-4380
-4523
-4942
-5149
-4797
-3991
-2882
-1412
297
1671
2219
2105
1830
1635
1508
1565
1993
2653
3184
3441
3595
3675
3462
2869
2145
1630
1423
1491
1789
2193
2471
2442
2147
1712
1229
769
426
259
281
536
1062
1704
2142
2190
1927
1438
734
-18
-562
-754
-738
-707
-643
-513
-456
-569
-703
-698
-641
-671
-676
-448
-32
377
767
1256
1761
2033
2072
2129
2303
2415
2355
2275
2276
2223
1980
1666
1437
1247
963
639
418
291
154
3
-49
0
22
-47
-116
-86
25
181
394
676
942
1087
1090
993
816
561
263
-10
-208
-331
-397
-447
-528
-663
-820
-977
-1134
-1280
-1355
-1301
-1160
-1054
-1030
-1067
-1188
-1440
-1781
-2073
-2257
-2441
-2675
-2870
-2947
-2988
-3139
-3359
-3526
-3656
-3889
-4217
-4470
-4582
-4639
-4653
-4441
-3909
-3219
-2613
-2144
-1757
-1453
-1235
-945
-411
320
1038
1648
2220
2748
3104
3208
3159
3060
2927
2813
2861
3114
3381
3438
3265
2989
2650
2240
1847
1616
1558
1539
1545
1667
1867
1927
1695
1263
810
364
-87
-418
-477
-326
-197
-196
-255
-337
-513
-785
-1008
-1071
-1041
-997
-855
-516
-53
354
660
949
1246
1472
1598
1701
1832
1931
1954
1933
1912
1825
1613
1356
1204
1163
1133
1060
975
902
797
654
541
500
477
426
404
505
706
888
967
952
861
670
405
175
70
53
27
-25
-75
-153
-301
-491
-615
-643
-665
-737
-795
-755
-662
-609
-611
-643
-752
-1021
-1409
-1764
-1994
-2162
-2328
-2475
-2590
-2751
-3022
-3327
-3576
-3783
-4039
-4360
-4646
-4826
-4874
-4740
-4348
-3738
-3089
-2584
-2242
-1958
-1633
-1226
-733
-178
384
891
1359
1831
2281
2603
2703
2584
2358
2187
2180
2354
2615
2809
2846
2712
2467
2185
1916
1675
1452
1249
1127
1148
1295
1448
1488
1362
1080
679
226
-142
-326
-344
-299
-248
-212
-230
-367
-601
-807
-922
-1007
-1092
-1089
-905
-605
-316
-50
244
532
730
874
1072
1319
1503
1605
1735
1889
1931
1784
1563
1403
1251
1064
907
860
832
697
524
441
433
366
250
221
313
415
508
689
938
1104
1111
1019
917
803
629
471
413
393
309
163
36
-57
-173
-328
-465
-547
-599
-626
-596
-509
-415
-375
-421
-564
-786
-1034
-1258
-1457
-1645
-1825
-2006
-2240
-2547
-2883
-3199
-3508
-3848
-4185
-4438
-4536
-4453
-4154
-3652
-3094
-2652
-2365
-2080
-1657
-1094
-487
88
590
997
1365
1815
2381
2894
3146
3110
2940
2797
2737
2782
2899
2960
2829
2512
2175
1935
1734
1476
1170
898
703
605
644
800
944
917
708
419
121
-153
-364
-460
-462
-463
-503
-538
-564
-648
-832
-1047
-1207
-1296
-1316
-1230
-1014
-726
-440
-157
154
453
670
814
948
1104
1273
1468
1704
1907
1945
1799
1577
1388
1224
1050
897
790
701
596
508
476
446
354
241
179
181
209
289
469
697
872
924
881
809
695
541
390
308
284
237
145
29
-82
-231
-414
-593
-735
-851
-955
-1013
-1009
-981
-992
-1073
-1223
-1426
-1656
-1889
-2127
-2368
-2604
-2830
-3058
-3287
-3508
-3720
-3941
-4170
-4379
-4480
-4387
-4072
-3569
-2996
-2501
-2156
-1873
-1480
-886
-190
440
923
1266
1552
1889
2354
2871
3239
3342
3265
3190
3210
3304
3412
3450
3309
2964
2548
2230
2019
1784
1467
1146
907
775
768
881
1011
988
760
445
166
-66
-268
-398
-430
-429
-485
-569
-632
-698
-846
-1077
-1281
-1396
-1432
-1394
-1249
-1001
-717
-439
-148
158
429
628
781
932
1078
1209
1365
1547
1676
1676
1583
1487
1404
1282
1112
957
835
732
650
616
612
570
477
403
381
363
331
320
375
460
530
573
599
582
494
367
275
254
257
227
155
59
-63
-205
-335
-442
-551
-697
-860
-1005
-1126
-1242
-1370
-1522
-1717
-1937
-2123
-2260
-2411
-2623
-2889
-3142
-3361
-3564
-3723
-3833
-3930
-4093
-4276
-4333
-4151
-3779
-3331
-2882
-2490
-2191
-1917
-1494
-840
-103
490
897
1225
1558
1929
2364
2820
3185
3354
3354
3359
3443
3524
3513
3406
3219
2947
2624
2349
2162
1974
1714
1454
1294
1253
1272
1308
1330
1276
1115
904
729
592
453
311
213
151
49
-121
-308
-472
-629
-803
-967
-1071
-1111
-1085
-964
-753
-501
-271
-83
83
260
468
721
997
1233
1384
1461
1505
1551
1605
1646
1638
1560
1426
1283
1151
1045
958
874
763
614
461
357
301
263
226
178
113
35
4
57
141
166
115
50
7
-15
-15
28
84
69
-28
-161
-287
-423
-586
-728
-837
-958
-1100
-1224
-1293
-1351
-1475
-1649
-1840
-2036
-2245
-2457
-2661
-2884
-3141
-3391
-3585
-3714
-3826
-3967
-4160
-4373
-4509
-4450
-4150
-3701
-3224
-2793
-2409
-2039
-1604
-1032
-370
215
632
959
1324
1763
2211
2618
2960
3153
3165
3097
3113
3204
3215
3062
2819
2580
2328
2077
1889
1787
1651
1421
1198
1117
1151
1146
1066
980
895
744
535
377
301
224
94
-34
-127
-244
-421
-559
-586
-580
-643
-738
-759
-679
-537
-328
-34
271
475
568
678
871
1110
1324
1493
1605
1643
1629
1657
1757
1841
1821
1697
1540
1384
1244
1150
1108
1056
920
725
558
466
421
385
358
321
241
147
115
177
272
325
324
291
237
186
179
225
272
247
149
-2
-190
-384
-552
-672
-774
-905
-1063
-1220
-1358
-1482
-1601
-1729
-1900
-2120
-2357
-2572
-2787
-3024
-3266
-3473
-3626
-3729
-3799
-3871
-4001
-4180
-4312
-4273
-4015
-3593
-3107
-2642
-2245
-1891
-1486
-970
-396
122
518
831
1142
1512
1950
2391
2729
2893
2913
2902
2930
2972
2966
2877
2715
2500
2277
2086
1926
1755
1533
1288
1062
890
769
674
579
458
320
196
103
32
-40
-122
-198
-282
-373
-467
-531
-563
-595
-620
-623
-592
-557
-523
-438
-265
-61
108
244
408
607
808
1012
1230
1409
1504
1546
1595
1681
1762
1773
1740
1684
1565
1403
1277
1240
1228
1148
992
835
721
640
599
596
606
573
496
443
457
523
602
674
712
683
609
555
572
621
646
606
497
338
164
17
-96
-211
-351
-509
-671
-837
-1003
-1154
-1300
-1490
-1734
-1992
-2222
-2437
-2678
-2927
-3144
-3320
-3459
-3559
-3615
-3684
-3830
-4013
-4125
-4067
-3821
-3440
-3005
-2600
-2277
-1982
-1617
-1148
-648
-228
87
342
618
974
1409
1835
2132
2260
2309
2386
2507
2615
2648
2606
2493
2325
2146
2000
1866
1690
1450
1194
981
821
702
600
495
365
206
65
-34
-103
-189
-302
-415
-504
-578
-638
-672
-687
-702
-716
-695
-623
-531
-438
-317
-142
51
213
357
524
721
915
1101
1283
1437
1525
1540
1541
1556
1555
1509
1427
1346
1248
1121
1005
927
866
759
614
477
387
324
274
244
234
206
146
90
78
114
155
188
204
194
166
160
200
277
326
320
270
207
143
83
19
-62
-166
-294
-438
-578
-715
-863
-1042
-1260
-1485
-1702
-1907
-2115
-2330
-2532
-2701
-2830
-2905
-2942
-2973
-3036
-3140
-3242
-3275
-3184
-2953
-2633
-2289
-1982
-1706
-1403
-1044
-642
-240
116
418
693
987
1339
1721
2044
2255
2370
2456
2560
2662
2720
2708
2623
2490
2344
2197
2047
1865
1646
1409
1186
1004
860
733
588
424
263
128
20
-76
-180
-304
-433
-551
-628
-671
-697
-728
-762
-766
-726
-645
-549
-454
-358
-250
-114
59
251
441
616
766
906
1048
1189
1310
1387
1416
1408
1384
1360
1328
1280
1205
1105
1004
912
838
758
656
530
392
268
164
82
22
-30
-91
-161
-228
-274
-282
-262
-237
-224
-210
-185
-128
-62
-2
18
-2
-40
-75
-94
-134
-194
-295
-417
-553
-688
-814
-945
-1094
-1256
-1414
-1565
-1702
-1834
-1982
-2136
-2261
-2367
-2446
-2492
-2533
-2572
-2632
-2718
-2797
-2817
-2753
-2595
-2373
-2118
-1842
-1546
-1230
-898
-555
-208
135
467
790
1111
1438
1750
2030
2247
2412
2538
2645
2725
2765
2747
2677
2569
2443
2312
2171
2005
1809
1604
1408
1234
1082
935
777
611
448
294
160
34
-87
-218
-355
-467
-542
-586
-615
-640
-657
-656
-621
-563
-486
-397
-310
-229
-141
-41
76
208
345
465
565
648
721
785
836
873
888
879
863
849
826
791
743
691
630
576
512
430
341
252
163
80
5
-59
-110
-154
-192
-230
-254
-266
-264
-259
-254
-244
-227
-193
-163
-145
-156
-184
-219
-253
-302
-368
-456
-557
-665
-774
-885
-990
-1092
-1188
-1277
-1365
-1458
-1551
-1648
-1740
-1818
-1885
-1940
-1993
-2050
-2102
-2155
-2205
-2249
-2283
-2295
-2271
-2195
-2072
-1895
-1678
-1438
-1193
-951
-712
-459
-178
107
387
655
911
1151
1381
1592
1770
1920
2042
2132
2202
2245
2250
2227
2182
2118
2038
1943
1838
1726
1612
1493
1367
1235
1102
965
837
718
612
513
415
323
245
191
161
147
142
141
145
157
178
207
242
282
326
362
392
428
483
555
632
707
770
819
857
888
914
931
932
909
863
806
749
694
639
578
497
396
292
184
93
7
-74
-155
-227
-284
-334
-372
-410
-444
-473
-489
-501
-504
-501
-498
-485
-472
-459
-456
-458
-476
-508
-554
-616
-686
-754
-825
-899
-975
-1056
-1132
-1204
-1269
-1337
-1410
-1483
-1554
-1618
-1667
-1710
-1750
-1787
-1822
-1859
-1889
-1913
-1929
-1931
-1913
-1888
-1840
-1761
-1652
-1513
-1347
-1168
-992
-818
-642
-458
-262
-60
134
323
508
692
868
1038
1196
1334
1453
1544
1616
1661
1684
1679
1648
1605
1544
1476
1395
1306
1211
1117
1022
924
818
730
656
590
540
512
479
454
450
448
457
483
498
521
546
562
581
591
595
606
627
646
659
680
717
767
832
895
946
986
1016
1043
1067
1080
1074
1046
1002
958
915
871
814
741
651
551
454
363
274
183
90
2
-82
-158
-233
-303
-369
-428
-472
-505
-528
-549
-567
-581
-592
-596
-596
-603
-624
-660
-707
-768
-832
-908
-993
-1080
-1179
-1275
-1362
-1442
-1513
-1582
-1644
-1699
-1741
-1770
-1784
-1781
-1764
-1738
-1712
-1683
-1648
-1601
-1550
-1496
-1430
-1359
-1275
-1185
-1086
-976
-856
-729
-603
-479
-363
-246
-125
8
144
278
410
542
677
813
944
1062
1156
1224
1273
1299
1309
1301
1276
1239
1182
1113
1040
964
898
841
789
742
692
645
612
591
587
591
596
597
604
611
623
639
649
659
652
643
626
599
569
540
522
505
497
481
479
486
506
530
551
566
573
577
581
585
577
563
541
516
495
477
454
429
397
362
327
291
257
225
186
134
79
27
-22
-59
-98
-137
-172
-203
-224
-238
-246
-258
-274
-288
-300
-304
-310
-326
-357
-408
-475
-554
-640
-727
-816
-905
-991
-1071
-1144
-1207
-1261
-1305
-1338
-1362
-1371
-1359
-1330
-1288
-1240
-1196
-1156
-1117
-1081
-1044
-1006
-960
-911
-862
-805
-746
-682
-610
-538
-468
-398
-331
-254
-170
-76
14
98
187
280
374
465
546
609
657
691
715
730
741
744
732
712
681
653
625
605
593
584
577
566
557
555
564
577
598
617
630
644
655
667
679
686
687
681
669
652
626
596
561
526
486
443
396
345
294
247
197
147
93
42
-6
-50
-86
-116
-136
-156
-168
-168
-157
-135
-122
-107
-100
-92
-82
-82
-81
-96
-114
-149
-194
-234
-267
-295
-326
-358
-379
-393
-408
-413
-415
-432
-448
-458
-473
-482
-487
-510
-541
-585
-635
-686
-728
-757
-779
-794
-802
-796
-777
-738
-685
-616
-531
-430
-316
-199
-81
36
146
246
335
411
472
518
555
581
599
610
616
618
610
596
574
549
527
507
492
480
466
452
441
434
432
430
427
425
419
411
404
399
399
392
387
374
354
337
321
310
304
297
290
283
278
273
267
266
262
256
243
228
210
192
171
141
101
60
17
-23
-72
-117
-163
-212
-259
-305
-349
-393
-436
-478
-519
-562
-599
-628
-648
-662
-670
-671
-665
-652
-633
-601
-564
-521
-480
-439
-396
-351
-310
-272
-238
-206
-179
-160
-143
-127
-114
-107
-96
-83
-68
-52
-41
-33
-22
-17
-18
-24
-37
-45
-55
-71
-90
-120
-148
-177
-201
-222
-233
-236
-239
-238
-236
-223
-208
-186
-153
-111
-68
-29
3
34
61
90
117
143
161
174
184
197
217
238
263
288
314
330
344
355
369
386
395
403
408
409
411
407
401
391
380
370
356
344
333
331
335
343
352
356
360
363
368
374
387
398
411
419
422
424
421
414
406
394
381
364
342
317
287
261
227
191
152
111
68
20
-26
-70
-118
-165
-213
-263
-307
-349
-388
-423
-460
-496
-523
-548
-569
-582
-589
-592
-593
-590
-583
-576
-565
-549
-529
-508
-485
-456
-429
-395
-359
-319
-282
-246
-215
-185
-153
-123
-90
-59
-29
-3
22
42
60
69
76
80
84
90
92
98
105
105
105
102
101
102
97
86
66
47
26
4
-16
-33
-51
-71
-99
-127
-151
-164
-170
-173
-165
-161
-151
-138
-126
-106
-89
-71
-53
-36
-24
-14
-3
2
4
3
9
10
11
13
23
35
43
60
75
80
91
112
125
147
173
191
212
228
240
251
264
284
307
324
341
358
375
395
411
425
437
446
448
445
440
429
416
403
383
356
322
285
248
206
161
111
58
11
-29
-66
-101
-130
-160
-191
-220
-241
-256
-266
-270
-274
-277
-279
-283
-286
-291
-290
-290
-285
-276
-275
-266
-261
-251
-238
-227
-212
-201
-190
-180
-170
-157
-147
-133
-115
-97
-81
-68
-61
-57
-54
-45
-37
-32
-24
-13
-1
3
7
9
16
21
22
13
4
-6
-19
-23
-29
-31
-38
-50
-61
-70
-77
-81
-78
-74
-66
-62
-60
-56
-54
-55
-56
-57
-61
-63
-66
-65
-69
-70
-68
-64
-55
-42
-25
-7
15
36
58
75
90
100
112
117
126
135
143
150
145
148
140
137
127
119
119
118
122
119
125
128
131
128
122
113
102
86
71
58
47
40
29
16
4
-9
-22
-37
-50
-59
-67
-68
-66
-54
-46
-41
-41
-42
-41
-41
-33
-24
-12
-3
-1
-5
-8
-16
-20
-19
-10
5
13
19
22
23
30
39
45
51
51
51
53
53
57
58
63
71
75
77
78
78
78
80
86
90
92
94
94
94
91
90
87
84
81
72
58
45
27
13
0
-12
-26
-42
-59
-78
-96
-111
-120
-126
-130
-134
-141
-146
-149
-151
-152
-148
-143
-140
-137
-132
-123
-109
-95
-81
-65
-47
-31
-12
11
32
49
63
71
76
84
92
99
109
115
121
123
123
119
112
105
95
86
74
62
51
37
21
0
-23
-48
-75
-108
-146
-180
-208
-223
-234
-246
-254
-263
-266
-268
-271
-267
-262
-248
-235
-216
-196
-171
-144
-124
-114
-112
-100
-87
-74
-54
-27
-9
-1
7
15
19
33
52
64
83
98
103
115
122
136
154
161
163
167
173
180
189
197
207
213
215
220
228
237
244
251
258
266
269
270
269
267
266
262
257
249
240
228
214
198
179
160
137
115
93
69
45
22
3
-14
-29
-42
-51
-64
-74
-88
-100
-106
-113
-113
-117
-124
-133
-139
-140
-141
-139
-137
-138
-137
-136
-136
-134
-130
-119
-113
-109
-110
-112
-110
-106
-97
-88
-80
-72
-66
-63
-63
-66
-67
-64
-61
-61
-62
-61
-64
-67
-72
-81
-93
-109
-128
-139
-148
-150
-151
-155
-157
-160
-155
-150
-142
-132
-125
-120
-109
-98
-79
-57
-37
-18
-10
-8
-5
1
15
30
46
62
71
76
82
86
91
92
91
93
92
92
95
94
99
99
96
88
81
77
72
71
70
70
65
56
47
40
37
34
32
31
30
31
29
25
20
24
30
37
48
56
64
71
79
85
93
94
90
87
86
84
80
84
88
92
90
83
75
74
70
62
58
56
56
55
53
48
43
38
33
28
25
22
15
7
-2
-10
-11
-9
-6
-9
-12
-19
-24
-29
-30
-25
-21
-15
-16
-19
-23
-27
-28
-34
-43
-47
-53
-56
-58
-62
-66
-73
-84
-97
-110
-116
-120
-125
-128
-135
-142
-145
-143
-140
-134
-129
-126
-126
-122
-113
-99
-84
-71
-61
-54
-49
-44
-38
-28
-15
-3
13
27
38
47
55
61
64
65
65
67
69
73
78
82
81
80
78
72
66
58
49
44
38
32
17
6
-8
-20
-30
-42
-51
-55
-57
-57
-60
-63
-63
-56
-42
-34
-20
-13
-3
4
12
22
25
33
35
34
33
37
38
43
45
53
54
50
51
54
50
48
54
53
62
68
62
63
58
55
59
58
53
50
52
49
46
45
47
51
59
63
63
63
67
71
77
84
90
90
91
90
90
89
82
76
67
63
59
54
47
38
26
10
-1
-12
-22
-28
-36
-44
-56
-66
-75
-79
-80
-84
-85
-90
-90
-92
-94
-86
-85
-81
-81
-83
-87
-92
-92
-90
-84
-79
-74
-72
-68
-64
-61
-62
-63
-62
-61
-55
-52
-49
-44
-39
-36
-32
-33
-29
-25
-21
-20
-22
-22
-23
-24
-25
-31
-33
-36
-39
-43
-45
-45
-47
-46
-47
-44
-39
-32
-27
-19
-17
-14
-12
-7
0
7
17
24
28
34
39
42
45
51
57
64
69
77
81
82
83
83
79
80
81
78
74
68
64
57
54
45
36
30
24
18
11
6
4
6
1
-3
-8
-7
-7
-7
-4
-5
0
5
3
7
11
14
16
20
24
31
37
39
39
39
42
41
39
40
42
40
42
38
34
32
30
30
24
21
16
12
12
11
10
8
5
5
2
-4
-15
-22
-26
-25
-24
-26
-28
-29
-30
-34
-37
-42
-43
-50
-55
-54
-51
-46
-47
-50
-50
-49
-49
-45
-40
-32
-31
-31
-33
-34
-37
-35
-32
-31
-30
-31
-33
-35
-32
-33
-31
-28
-23
-21
-17
-14
-10
-8
-6
-3
2
8
15
22
29
38
42
44
46
53
57
60
64
66
69
71
70
69
67
65
59
55
48
43
37
28
23
15
5
-4
-13
-23
-31
-41
-46
-51
-55
-61
-68
-72
-76
-79
-83
-80
-77
-78
-74
-74
-69
-65
-64
-59
-55
-43
-39
-32
-29
-25
-18
-14
-10
-8
-1
-1
-1
-3
0
3
1
5
9
4
3
4
1
5
8
3
5
7
8
12
10
6
6
10
15
19
26
29
34
36
40
44
48
51
53
55
56
60
65
67
66
67
67
68
69
67
62
58
54
51
46
39
34
30
27
22
12
3
-3
-6
-11
-15
-18
-18
-20
-20
-22
-22
-19
-23
-18
-17
-14
-9
-7
-2
2
5
10
13
18
23
23
26
27
32
36
37
35
33
33
32
31
28
27
24
22
17
11
5
2
-3
-6
-13
-20
-26
-34
-38
-44
-49
-54
-60
-64
-69
-74
-79
-80
-81
-81
-82
-82
-81
-79
-76
-73
-69
-65
-60
-56
-49
-43
-36
-31
-26
-21
-17
-12
-6
-5
0
5
7
9
9
9
12
13
12
10
9
11
7
7
4
3
1
2
0
0
0
2
2
3
4
4
5
4
7
10
15
19
21
22
24
27
31
34
38
39
43
46
46
47
50
52
53
55
54
53
52
52
53
52
50
47
48
47
45
41
38
38
37
35
32
30
29
27
23
21
18
16
16
13
9
8
6
5
1
-1
-3
-4
-6
-11
-12
-11
-11
-14
-18
-17
-18
-15
-17
-19
-15
-17
-17
-18
-18
-19
-20
-21
-26
-27
-28
-30
-33
-39
-40
-43
-46
-47
-51
-53
-54
-55
-57
-55
-53
-53
-51
-49
-43
-41
-37
-30
-24
-18
-15
-11
-3
5
10
15
17
21
25
30
31
32
32
32
34
30
29
28
26
23
19
13
6
2
-2
-6
-11
-15
-19
-25
-30
-37
-39
-43
-43
-46
-48
-46
-47
-43
-43
-41
-40
-40
-31
-28
-22
-17
-13
-7
-2
1
4
9
16
18
21
27
28
28
32
36
32
36
37
34
39
38
33
34
33
33
37
33
32
31
33
35
34
37
37
39
40
42
43
45
47
49
49
50
52
51
52
49
49
50
49
47
43
40
37
33
31
27
22
17
9
3
-3
-7
-11
-14
-21
-26
-31
-34
-38
-44
-46
-49
-49
-51
-54
-51
-53
-52
-51
-52
-48
-45
-45
-40
-38
-36
-34
-32
-27
-22
-19
-18
-18
-17
-15
-12
-11
-9
-8
-8
-8
-9
-6
-7
-8
-8
-7
-8
-12
-13
-13
-12
-15
-16
-16
-19
-20
-22
-23
-24
-24
-26
-26
-27
-25
-28
-26
-26
-25
-24
-24
-19
-17
-12
-10
-8
-5
-2
3
7
13
17
20
21
25
30
32
34
32
33
37
35
35
32
31
31
28
26
23
20
20
16
13
10
9
8
6
5
3
5
3
1
0
1
3
6
6
5
7
9
11
11
13
14
19
22
22
23
22
24
26
24
26
26
26
28
28
26
24
24
22
21
18
16
13
14
15
11
11
7
5
5
3
1
1
0
-1
-5
-3
-4
-4
-5
-4
-3
-5
-9
-11
-10
-9
-7
-8
-9
-11
-11
-13
-11
-10
-12
-10
-13
-14
-13
-15
-16
-17
-18
-22
-23
-24
-28
-29
-32
-34
-38
-39
-41
-42
-44
-44
-45
-47
-47
-47
-44
-42
-40
-37
-36
-31
-25
-20
-14
-10
-5
1
6
10
17
21
25
28
31
31
33
36
35
35
34
32
30
27
24
21
17
12
6
4
1
-2
-3
-7
-9
-13
-17
-18
-20
-16
-15
-15
-14
-13
-9
-6
-5
-3
-2
5
7
10
11
14
16
17
18
18
21
20
18
17
21
18
15
14
14
10
9
8
2
9
6
1
2
0
2
5
4
3
6
9
10
13
16
19
22
26
29
33
36
37
38
41
42
44
45
45
43
44
41
39
36
32
30
26
23
20
13
9
6
-1
-4
-9
-14
-18
-21
-26
-30
-33
-38
-39
-41
-41
-43
-45
-45
-47
-45
-45
-42
-40
-41
-38
-37
-35
-30
-28
-23
-21
-19
-16
-13
-9
-7
-7
-5
-4
0
0
-1
0
1
1
-1
-2
-4
-5
-6
-9
-10
-11
-13
-15
-16
-17
-19
-19
-21
-22
-21
-23
-22
-20
-20
-19
-18
-19
-16
-15
-14
-11
-8
-6
-5
-3
-1
0
3
6
7
10
12
13
17
19
21
24
25
26
28
27
28
31
29
31
29
27
27
24
23
19
19
15
14
9
6
3
-2
-3
-5
-6
-10
-11
-13
-15
-16
-15
-14
-13
-13
-10
-8
-4
-1
1
5
10
13
15
20
22
25
27
29
33
33
33
34
32
33
28
28
26
23
20
17
15
13
11
8
7
4
2
0
0
-2
-3
-3
-2
-2
-2
-3
0
1
2
1
1
1
0
1
2
2
2
0
-1
-4
-5
-3
-4
-4
-6
-9
-8
-10
-9
-10
-10
-12
-15
-16
-16
-17
-18
-20
-23
-24
-26
-29
-30
-31
-33
-35
-39
-38
-37
-37
-36
-37
-36
-33
-32
-28
-23
-19
-15
-12
-7
-2
3
10
14
18
21
25
27
29
30
32
32
31
29
27
25
21
18
13
8
5
0
-5
-9
-13
-17
-19
-23
-25
-29
-29
-30
-30
-28
-26
-25
-21
-22
-19
-17
-13
-8
-6
-3
-3
2
3
4
5
7
7
8
8
8
9
7
6
7
6
3
6
3
2
6
4
3
5
4
9
11
10
14
16
22
24
28
31
35
38
41
47
49
52
54
56
58
60
60
60
60
59
58
55
53
50
46
41
36
34
29
24
20
13
7
1
-3
-6
-11
-14
-18
-22
-26
-28
-32
-33
-34
-35
-38
-40
-39
-41
-42
-41
-41
-40
-41
-41
-41
-40
-37
-38
-36
-36
-34
-32
-30
-29
-27
-25
-24
-22
-20
-17
-16
-14
-12
-9
-8
-8
-6
-4
-3
-3
-4
-5
-5
-5
-6
-7
-9
-10
-12
-14
-15
-16
-18
-19
-20
-20
-20
-21
-19
-18
-17
-15
-13
-12
-9
-6
-3
0
4
8
9
