SAMPLES:	10544
BITSPERSAMPLE:	16
CHANNELS:	1
SAMPLERATE:	16000
NORMALIZED:	FALSE
-3
-1
1
-2
-4
-7
-1
1
9
6
1
4
2
-7
-2
-3
3
11
6
0
-8
-7
-1
2
-1
9
-1
6
1
-6
-3
-3
0
-1
-2
-8
-2
-3
2
1
3
1
3
2
-2
-1
1
1
-6
2
-4
-3
2
-3
-5
4
-1
2
-4
-14
-2
-4
-2
-3
-1
1
-3
0
1
-5
5
1
-2
5
-1
-1
0
2
-2
6
6
-1
-6
-3
2
-3
1
3
-5
-4
-2
3
3
-2
8
0
-5
-3
3
5
-2
-5
-1
4
12
4
-4
0
3
4
3
-7
1
3
-4
5
4
-1
1
6
-3
-7
-7
-1
3
0
6
-5
4
6
-4
2
-13
-4
4
6
0
2
1
5
3
-5
2
4
4
-9
1
3
1
-6
-11
-9
-1
10
0
0
-1
4
8
-3
-3
1
2
9
0
-5
-2
3
1
2
0
-4
4
0
-8
-4
4
-1
-2
-4
-5
3
8
-1
1
5
11
9
4
0
-6
3
-3
-5
-9
3
0
-7
-7
-1
8
1
3
0
3
3
3
-4
-13
-2
0
-4
6
4
-6
-2
2
-6
-3
-3
6
0
1
1
-3
10
-3
-5
-4
1
9
-3
-3
-5
-3
2
-5
-10
-8
2
0
-6
-2
0
1
5
2
0
1
2
9
-1
-4
6
2
3
-7
-6
3
-3
-1
3
-4
-12
-2
4
1
3
5
-1
0
3
-5
5
3
-8
1
-4
10
0
-3
-4
-2
5
-3
-2
-1
5
-1
1
0
5
6
6
3
-3
-7
4
4
0
1
-7
1
-4
-7
0
-5
-6
5
3
-3
4
7
6
2
7
3
3
-2
-4
-4
-1
-2
0
1
0
6
-2
-2
2
-2
-3
-2
-6
-5
3
7
15
5
-5
3
-1
3
-8
-5
1
-3
0
-3
3
1
-3
2
9
3
-3
-4
7
1
3
5
-6
-3
-4
-6
2
1
-3
-3
-2
3
7
5
0
-5
5
8
-2
-2
-1
2
-4
-1
-2
4
5
3
3
-3
-5
-8
-5
1
-1
-1
-5
-1
9
2
1
6
-2
-2
0
2
-1
10
6
-1
1
1
-3
-8
-5
-3
-3
-7
-11
3
2
-2
1
2
0
2
6
0
7
-7
2
-2
-7
1
1
2
-1
3
0
1
0
0
-2
-3
1
1
-4
-9
-2
0
-3
1
-5
0
5
0
-2
0
7
10
-1
-3
-2
1
1
5
0
-3
1
3
-1
2
4
2
3
-5
2
6
2
-4
-1
-3
-1
4
-1
-4
1
2
-3
5
3
6
7
5
6
1
-1
4
-3
-8
-4
-6
-6
-2
5
2
-3
6
8
-3
2
6
8
3
0
7
1
-1
-1
-5
-2
-6
-7
-5
-7
-1
5
3
0
4
5
2
8
0
-7
9
1
-4
-3
0
1
7
6
-4
2
6
5
-3
-3
2
0
-2
0
-2
-2
2
-3
0
1
7
8
-2
4
0
4
12
-3
1
7
-1
-2
-2
-3
-3
2
0
-1
-2
3
9
2
-1
-1
8
-3
-7
6
1
-1
1
-1
-2
3
2
1
-1
-2
3
5
2
-3
1
0
-1
1
0
-1
-1
2
-10
-4
4
-3
3
-2
-3
-4
7
12
6
6
0
-2
4
3
-7
-5
-3
3
-3
-5
0
-1
3
-2
2
2
2
7
6
5
1
-1
-1
-2
-5
-5
0
10
5
-5
3
2
-4
-8
-5
-1
-7
1
7
10
12
5
3
0
1
0
-1
3
-3
-5
-1
2
-4
-2
2
-2
4
-2
-2
-8
2
-2
-9
3
1
2
3
-10
-7
3
0
7
6
10
1
3
1
-2
3
0
-11
-10
-2
-2
1
0
-1
-4
1
-4
3
4
0
3
-2
-1
-1
0
1
-3
-8
1
1
1
-3
0
6
1
2
7
2
-2
4
1
-1
-9
-5
0
-11
0
-2
-4
-1
-1
5
1
1
2
2
1
0
3
2
0
-2
-2
2
-6
2
-3
0
3
-5
4
1
3
3
4
6
1
1
-4
-10
-6
-8
-9
-3
1
6
-4
-9
4
3
9
10
7
-1
-6
-4
-2
-3
-7
4
0
3
1
-2
2
-1
5
3
0
-6
-6
1
3
7
-3
-1
3
-7
-5
-9
1
5
-2
4
1
3
5
4
4
4
3
0
0
-1
-3
-8
-4
-4
-3
4
2
1
-3
4
-8
-1
7
-4
2
1
5
2
-5
1
-3
1
1
5
3
-4
1
4
3
-7
-4
-1
1
6
-3
-8
1
-3
-3
-3
7
1
4
10
-2
3
-4
-5
-7
0
-2
-2
0
-5
2
3
7
-1
-3
-2
0
5
9
5
6
6
-5
7
-3
-6
-4
-2
8
-3
-6
-2
0
-4
-6
0
-4
-5
-7
-9
7
9
6
11
4
4
-5
-5
3
2
7
2
0
4
-4
1
-3
-6
0
-4
2
-4
-3
-2
-2
-2
0
4
-3
3
5
0
-1
-3
0
-1
5
7
3
1
4
7
-3
-5
-2
-5
-5
-11
-11
-4
-1
1
1
0
-2
0
0
4
8
5
9
3
0
0
4
4
3
3
-5
-1
-2
-2
-3
2
-5
3
8
-2
4
-1
-3
-7
-9
-12
-5
2
0
0
-1
8
5
-5
6
10
0
0
2
4
1
-11
-9
2
-6
1
2
6
6
4
6
1
3
0
0
-2
-2
-1
-8
-6
-4
-5
3
-3
-5
6
-1
2
8
1
3
4
1
-1
3
-5
-7
-1
-5
-4
-3
5
1
2
0
-4
-4
2
4
-5
0
0
-5
0
-1
-4
-1
2
1
1
4
6
3
2
7
7
7
3
2
0
0
6
-1
-9
-1
-6
-3
-3
-7
-2
3
-7
-2
-3
4
4
-9
-6
-1
5
2
1
-3
-2
-2
3
-2
1
2
5
6
0
-2
0
4
-1
4
-8
-6
-5
-7
-3
4
9
-4
-1
1
3
3
5
10
4
-3
1
6
2
-1
-4
-6
0
-2
-5
-6
-9
-4
-1
-5
4
2
-4
1
-5
0
4
-8
-1
1
-5
2
-9
-3
-3
2
2
-2
4
0
7
6
2
-1
8
2
2
7
1
2
-7
-3
0
-5
-3
-4
0
-1
-3
1
2
2
3
-3
3
5
0
1
-4
-1
0
-3
-2
-5
-7
-9
-2
0
-8
-2
6
3
1
3
6
5
2
7
11
5
5
-2
-3
-2
-2
-2
-1
16
3
5
8
10
9
2
-3
-6
-9
-5
-5
-19
-16
-10
-6
-6
-7
-11
0
-9
-13
-6
-8
-13
-11
-3
-8
-1
-5
-1
-2
5
5
5
12
5
9
10
11
7
14
12
15
16
8
5
-3
2
-2
4
0
0
-2
3
-5
-14
-12
-15
-5
-10
-2
-6
3
10
12
14
10
17
10
8
9
9
4
6
1
-3
-10
-5
-8
-8
4
-5
0
-2
1
-3
-2
-2
-12
-12
-11
-15
-15
-3
-15
-6
-6
-2
-12
-9
-3
-5
7
2
12
12
15
13
8
4
10
10
6
-10
-8
-6
-13
-5
-10
-10
-18
-16
-18
-22
-34
-35
-32
-27
-28
-26
-3
-4
5
-2
13
13
13
18
14
15
20
26
19
22
17
15
19
16
17
18
11
23
16
22
24
11
15
4
-1
-11
-12
-13
-13
-15
-16
-15
-6
-14
-12
-11
-23
-34
-43
-49
-50
-52
-48
-24
-19
7
12
25
31
31
32
20
10
0
-4
-24
-11
-14
-1
6
9
9
11
5
5
-1
-16
-10
-18
-10
-28
-7
-7
1
0
11
19
8
13
7
20
5
22
0
11
-5
-7
-1
-6
0
-5
9
0
22
10
26
24
36
16
14
1
-9
-4
-17
3
-21
11
-8
14
1
1
-3
12
13
3
26
14
46
20
48
12
37
11
17
10
12
37
42
76
67
106
64
56
-76
-125
-219
-282
-357
-386
-338
-266
-167
-121
33
78
181
130
109
32
-15
-64
-118
-92
-79
57
97
243
257
357
296
242
102
-52
-162
-310
-287
-375
-213
-201
-3
62
186
212
234
171
81
36
-146
-95
-220
-116
-157
-35
-20
79
75
111
103
70
74
-30
46
-24
114
62
125
47
120
70
80
5
-15
32
8
81
4
119
77
153
62
57
30
13
15
-24
69
103
198
178
265
262
279
167
70
-7
-72
-103
-218
-179
-183
-90
-133
-107
-159
-142
-180
-259
-321
-340
-278
-271
-217
-199
-94
-76
-75
-125
-139
-151
-189
-199
-175
-76
8
91
127
185
222
198
122
22
-20
-63
-75
-127
-20
50
144
167
176
200
149
66
-52
-98
-122
-119
-141
-59
25
120
147
168
148
141
43
-50
-112
-114
-80
-46
40
146
281
366
394
377
378
316
245
153
151
192
232
233
287
342
397
351
259
188
114
53
-52
-70
-28
97
176
254
337
435
429
370
241
119
3
-122
-246
-296
-301
-269
-247
-241
-223
-261
-352
-483
-656
-801
-924
-1030
-1102
-1075
-987
-845
-722
-587
-476
-397
-362
-377
-400
-439
-408
-388
-324
-214
-40
129
316
445
565
606
608
544
451
349
252
176
120
110
99
122
120
112
55
-21
-115
-242
-388
-514
-608
-636
-645
-639
-543
-415
-284
-171
-69
31
118
184
211
265
337
444
523
625
734
856
983
1039
1080
1092
1098
1035
953
846
763
663
554
465
398
352
327
293
263
242
200
146
55
-20
-129
-174
-235
-232
-216
-136
-39
111
251
404
519
645
723
780
776
782
776
769
754
722
738
694
675
518
412
193
9
-339
-629
-997
-1255
-1555
-1770
-1998
-2103
-2199
-2226
-2280
-2335
-2328
-2324
-2296
-2280
-2228
-2117
-1938
-1767
-1547
-1307
-1014
-743
-483
-265
-37
182
373
468
606
689
859
934
1030
1067
1177
1214
1252
1180
1137
1052
940
755
540
373
206
77
-117
-244
-340
-359
-481
-547
-677
-681
-778
-887
-1013
-1047
-1034
-997
-968
-840
-637
-393
-186
-21
207
409
590
684
774
906
1043
1172
1272
1391
1570
1704
1783
1797
1774
1790
1674
1529
1333
1182
1072
918
758
648
566
497
392
269
213
103
82
-16
-10
9
99
201
324
447
636
767
940
1059
1161
1304
1392
1568
1643
1783
1908
2032
2118
2097
2007
1903
1671
1344
907
436
34
-478
-949
-1472
-1862
-2133
-2456
-2759
-3044
-3249
-3371
-3625
-3872
-4058
-4117
-4094
-4195
-4159
-3971
-3622
-3202
-2930
-2514
-2044
-1567
-1202
-1029
-741
-463
-245
-136
-76
177
526
781
1011
1191
1577
1856
1964
1945
1862
1876
1682
1352
996
781
616
440
138
50
0
44
-90
-255
-346
-450
-599
-935
-1217
-1408
-1493
-1660
-1748
-1748
-1502
-1268
-1044
-763
-438
-27
229
434
606
809
1009
1123
1213
1432
1676
1974
2218
2473
2807
3006
3163
3145
3073
2948
2654
2306
1925
1568
1272
964
749
617
517
481
358
309
230
77
-95
-310
-438
-514
-573
-533
-346
-27
336
661
1060
1489
1869
2157
2225
2379
2455
2453
2361
2171
2135
2081
1833
1544
1178
942
595
-61
-656
-1371
-1816
-2453
-3181
-3722
-4175
-4392
-4735
-5143
-5229
-5234
-5069
-5131
-5221
-4952
-4711
-4352
-4241
-4043
-3505
-3102
-2670
-2414
-1987
-1257
-819
-417
-185
236
836
1062
1248
1347
1583
1899
1816
1839
1883
2028
2156
1877
1808
1762
1760
1640
1224
1021
859
646
405
-2
-87
-185
-420
-605
-872
-783
-824
-992
-1081
-1167
-1000
-946
-962
-761
-565
-232
-40
120
538
825
1170
1317
1485
1831
2017
2217
2309
2475
2758
2803
2877
2950
3016
3135
2955
2823
2659
2472
2273
1879
1624
1371
1066
811
492
408
331
168
77
-33
39
27
-69
-21
34
173
229
274
580
866
1166
1378
1587
1991
2197
2301
2253
2182
2175
1771
1238
686
211
-204
-997
-1689
-2275
-2656
-3080
-3687
-4118
-4334
-4540
-4812
-5332
-5484
-5491
-5515
-5702
-5912
-5691
-5321
-5055
-4819
-4469
-3765
-3157
-2725
-2323
-1795
-1077
-659
-440
-215
178
649
888
1034
1326
1717
2105
2185
2334
2572
2785
2785
2521
2344
2203
1978
1627
1170
886
642
349
53
-178
-241
-359
-562
-740
-869
-873
-1003
-1149
-1204
-1240
-1148
-1129
-943
-657
-317
25
367
785
1270
1645
1986
2227
2500
2734
2800
2955
3044
3226
3293
3304
3378
3474
3497
3432
3223
3075
2806
2461
2069
1622
1317
924
573
277
58
3
-119
-206
-231
-268
-215
-264
-264
-207
-171
-48
74
276
621
849
1277
1554
1923
2169
2272
2398
2313
2051
1651
1051
584
-44
-812
-1480
-2234
-2572
-3186
-3621
-4060
-4328
-4476
-4808
-5204
-5357
-5522
-5525
-5850
-6004
-5870
-5668
-5316
-5178
-4775
-4113
-3561
-3001
-2637
-2033
-1372
-993
-680
-491
-79
398
555
812
1002
1428
1817
1936
2201
2408
2645
2685
2467
2406
2234
2025
1680
1162
905
559
285
2
-305
-349
-526
-661
-750
-820
-725
-827
-890
-873
-873
-700
-658
-493
-250
-18
346
630
1032
1499
1868
2255
2503
2829
3167
3344
3524
3569
3654
3712
3665
3651
3589
3493
3358
3122
2941
2739
2501
2269
1925
1682
1412
1161
953
760
569
381
142
60
1
-28
-69
-155
3
126
323
497
701
1026
1233
1295
1384
1404
1546
1333
928
537
130
-127
-779
-1440
-1993
-2446
-2850
-3509
-3995
-4221
-4449
-4682
-5172
-5383
-5260
-5248
-5264
-5492
-5340
-4988
-4776
-4554
-4373
-3842
-3284
-3006
-2657
-2273
-1617
-1109
-920
-670
-380
79
380
431
685
911
1192
1309
1347
1615
1820
1919
1862
1720
1773
1685
1508
1259
934
787
461
206
-2
-211
-284
-514
-671
-723
-780
-740
-814
-821
-747
-750
-583
-476
-248
11
181
507
752
1099
1430
1683
2027
2242
2523
2765
2941
3185
3314
3418
3470
3457
3493
3391
3313
3164
3005
2818
2574
2381
2224
2043
1849
1643
1515
1391
1259
1103
998
969
880
789
663
722
813
856
900
973
1240
1436
1527
1598
1642
1749
1594
1136
777
294
-22
-819
-1600
-2272
-2812
-3258
-3962
-4489
-4723
-4920
-5109
-5529
-5706
-5535
-5502
-5500
-5750
-5589
-5191
-4951
-4710
-4546
-3982
-3340
-2998
-2561
-2143
-1389
-815
-587
-311
-2
480
763
752
904
1068
1305
1391
1327
1559
1710
1824
1720
1593
1681
1635
1507
1219
943
787
550
272
58
-128
-192
-409
-601
-646
-665
-605
-676
-701
-626
-565
-439
-346
-192
43
202
367
594
841
1179
1378
1612
1858
2065
2348
2483
2686
2854
2938
3039
2996
3013
3004
2895
2828
2627
2461
2323
2100
2010
1811
1675
1576
1392
1384
1236
1191
1207
1105
1141
1006
1038
1142
1171
1311
1325
1517
1744
1839
1959
2028
2111
2202
1781
1530
1026
707
153
-731
-1431
-2161
-2693
-3382
-4110
-4508
-4767
-5040
-5324
-5732
-5583
-5517
-5488
-5614
-5721
-5371
-5172
-5012
-4882
-4629
-4041
-3715
-3418
-3019
-2470
-1796
-1457
-1201
-783
-345
146
291
455
761
962
1169
1124
1286
1510
1576
1580
1491
1571
1689
1601
1502
1359
1286
1235
957
837
677
562
388
107
39
-40
-91
-149
-273
-180
-131
-47
49
165
405
541
667
874
1002
1235
1329
1452
1632
1721
1915
1995
2182
2386
2470
2623
2658
2760
2795
2698
2619
2469
2313
2122
1798
1642
1403
1254
1112
924
951
868
889
919
917
1042
1014
1049
1111
1134
1290
1306
1439
1616
1734
1884
1955
2075
2200
1908
1693
1239
944
437
-390
-1068
-1812
-2317
-3000
-3677
-4088
-4330
-4549
-4821
-5231
-5083
-4990
-4892
-5068
-5227
-4896
-4717
-4558
-4528
-4339
-3764
-3501
-3268
-2983
-2493
-1785
-1538
-1347
-1099
-695
-188
-180
-90
138
330
574
447
648
912
1034
1081
901
1072
1178
1141
1031
833
848
807
619
592
501
576
480
259
308
274
387
223
120
207
210
295
311
444
647
757
865
1037
1215
1472
1530
1635
1722
1804
1952
1931
2055
2134
2186
2227
2256
2388
2454
2429
2409
2377
2325
2223
2034
1962
1793
1637
1501
1322
1314
1186
1215
1177
1179
1228
1255
1348
1460
1536
1661
1760
1932
2126
2074
2166
2134
2227
2001
1518
1192
735
373
-468
-1244
-1864
-2372
-2971
-3717
-4276
-4428
-4614
-4893
-5291
-5385
-5052
-5007
-5068
-5240
-4935
-4478
-4375
-4270
-4057
-3439
-2942
-2790
-2537
-2076
-1458
-1090
-1097
-894
-561
-206
-117
-263
-21
160
305
212
164
439
537
489
362
323
475
369
238
109
32
90
-80
-154
-122
-79
25
-75
-1
161
249
347
324
498
635
679
821
943
1155
1353
1476
1724
1883
2102
2250
2325
2479
2473
2541
2487
2445
2434
2357
2285
2262
2198
2182
2040
1996
1998
1885
1809
1639
1618
1514
1381
1291
1255
1254
1212
1204
1294
1452
1564
1703
1838
2107
2302
2431
2577
2754
2943
2903
2773
2666
2654
2338
1781
1148
689
176
-729
-1612
-2438
-2900
-3622
-4415
-5068
-5352
-5467
-5805
-6240
-6321
-6043
-5833
-5918
-6038
-5591
-5135
-4788
-4725
-4406
-3665
-3158
-2798
-2556
-1928
-1196
-789
-618
-380
94
561
586
559
699
893
1029
797
811
939
977
884
622
667
673
558
354
129
46
-21
-218
-304
-374
-362
-381
-499
-353
-296
-127
-79
-25
189
304
468
689
908
1183
1347
1582
1931
2162
2473
2595
2819
2995
3049
3127
3129
3172
3158
2960
2852
2762
2660
2527
2217
2112
1946
1744
1502
1235
1164
983
778
611
527
555
564
563
690
835
1045
1293
1490
1906
2124
2495
2727
3033
3279
3361
3488
3489
3412
2939
2484
1912
1479
571
-359
-1315
-2064
-2797
-3817
-4515
-5114
-5324
-5852
-6338
-6656
-6477
-6385
-6519
-6772
-6627
-6163
-6008
-5873
-5755
-5056
-4502
-4177
-3841
-3201
-2244
-1646
-1325
-1021
-377
208
541
527
801
1098
1226
1166
1076
1396
1506
1439
1207
1151
1311
1231
1028
798
648
494
248
-27
-74
-171
-255
-462
-530
-327
-251
-102
-78
129
367
480
708
979
1249
1441
1533
1784
2066
2292
2518
2636
2894
3045
3151
3300
3391
3571
3518
3378
3323
3224
3140
2847
2542
2362
2046
1751
1388
1183
1056
781
583
393
382
389
361
379
452
578
751
906
1172
1479
1733
2087
2336
2756
2931
3204
3357
3529
3399
2979
2646
2224
1788
785
-111
-989
-1620
-2511
-3461
-4163
-4515
-4821
-5383
-5875
-6042
-5714
-5791
-6035
-6337
-6046
-5709
-5742
-5791
-5673
-5056
-4754
-4639
-4398
-3730
-2958
-2538
-2368
-1985
-1328
-776
-509
-513
-114
156
316
235
313
670
708
619
452
596
757
697
542
464
405
363
173
67
78
-30
-100
-348
-281
-146
-52
-23
14
261
509
674
972
1295
1588
1787
1942
2317
2569
2816
2957
3081
3284
3354
3511
3599
3729
3807
3749
3694
3718
3755
3683
3435
3184
3019
2754
2446
2058
1864
1589
1277
1038
869
890
776
851
828
947
1048
1210
1445
1642
1883
2016
2295
2537
2866
2925
3102
3154
3329
3077
2595
2282
1811
1414
254
-570
-1464
-2076
-2961
-3961
-4604
-4998
-5293
-5846
-6288
-6403
-6043
-6148
-6272
-6542
-6127
-5759
-5762
-5691
-5550
-4870
-4618
-4449
-4147
-3526
-2815
-2469
-2315
-1945
-1362
-894
-686
-718
-335
-140
21
-77
-27
306
260
185
0
66
190
47
-89
-250
-306
-368
-533
-637
-591
-647
-642
-807
-670
-419
-304
-119
-66
338
594
854
1168
1498
1886
2113
2325
2657
2960
3208
3377
3447
3681
3763
3899
3943
3984
4103
4009
3972
3889
3862
3754
3457
3215
2979
2721
2416
2072
1849
1634
1388
1244
1137
1154
1178
1195
1323
1437
1633
1764
1950
2187
2420
2631
2796
3076
3352
3518
3556
3666
3727
3633
3102
2660
2108
1622
680
-348
-1286
-2082
-2854
-3886
-4669
-5239
-5501
-6022
-6504
-6850
-6612
-6574
-6638
-6896
-6713
-6327
-6148
-6028
-5910
-5360
-4883
-4593
-4330
-3833
-3081
-2532
-2294
-2038
-1565
-1029
-683
-661
-405
-170
66
89
49
268
332
316
96
-18
10
-99
-258
-528
-687
-771
-941
-1088
-1120
-1141
-1068
-1156
-1037
-822
-614
-356
-236
109
384
656
991
1294
1672
1955
2237
2577
2883
3188
3391
3541
3763
3887
4019
4071
4103
4195
4103
4026
3905
3821
3687
3353
3077
2789
2549
2273
1973
1763
1609
1450
1369
1337
1424
1524
1566
1736
1885
2120
2240
2384
2635
2833
3020
3107
3364
3650
3858
3907
3940
4069
4090
3802
3181
2729
2117
1506
290
-689
-1681
-2390
-3442
-4462
-5174
-5576
-5932
-6531
-6978
-7082
-6862
-6932
-7115
-7238
-6900
-6590
-6505
-6429
-6095
-5423
-5037
-4757
-4378
-3634
-2876
-2469
-2190
-1818
-1213
-815
-639
-549
-231
1
102
3
76
319
359
255
35
67
73
-74
-304
-529
-565
-740
-930
-1129
-1136
-1138
-1145
-1214
-1136
-895
-709
-501
-398
-13
269
623
866
1202
1614
1915
2271
2553
2957
3227
3527
3689
3960
4115
4292
4380
4397
4462
4370
4374
4196
4086
3857
3569
3269
2952
2716
2402
2141
1850
1725
1536
1495
1447
1513
1563
1584
1735
1810
2006
2104
2218
2344
2465
2666
2809
3036
3230
3472
3586
3714
3759
3862
3654
3198
2746
2126
1562
543
-405
-1394
-2267
-3158
-4128
-4871
-5386
-5762
-6245
-6672
-6940
-6778
-6806
-6912
-7144
-6978
-6642
-6548
-6425
-6242
-5671
-5206
-4902
-4570
-3975
-3227
-2686
-2459
-2165
-1634
-1137
-866
-890
-620
-343
-204
-268
-304
-18
117
34
-142
-184
-48
-110
-308
-466
-534
-548
-722
-946
-917
-875
-827
-986
-960
-746
-568
-463
-405
-133
190
415
637
974
1341
1739
1986
2329
2674
3055
3332
3492
3758
3988
4186
4221
4289
4384
4456
4371
4321
4282
4206
3979
3772
3589
3392
3156
2870
2646
2438
2277
2132
2009
1990
1950
1988
1929
2002
2124
2200
2261
2231
2384
2478
2594
2675
2834
2969
3131
3187
3279
3303
3206
3066
2517
2122
1414
875
-36
-1029
-1908
-2799
-3510
-4424
-5047
-5629
-5943
-6407
-6685
-6989
-6822
-6830
-6844
-6981
-6904
-6459
-6272
-6061
-5902
-5375
-4826
-4517
-4148
-3634
-2936
-2455
-2251
-2071
-1632
-1247
-1000
-1115
-1017
-747
-613
-617
-702
-405
-199
-233
-374
-385
-178
-160
-349
-504
-575
-568
-702
-891
-901
-849
-846
-951
-992
-773
-603
-537
-489
-309
29
165
430
731
1164
1494
1784
2147
2586
2974
3268
3489
3749
4044
4153
4257
4313
4507
4554
4472
4450
4489
4553
4378
4236
4152
4110
3883
3610
3351
3231
3010
2758
2516
2355
2359
2236
2136
2044
2125
2216
2138
2087
2093
2242
2268
2284
2284
2417
2536
2660
2646
2601
2598
2471
2257
1631
1205
593
84
-893
-1804
-2667
-3336
-4073
-4922
-5582
-6033
-6257
-6672
-6980
-7195
-6962
-6894
-6951
-7055
-6770
-6288
-6047
-5863
-5572
-4902
-4355
-4007
-3707
-3131
-2485
-2122
-2016
-1811
-1367
-1041
-926
-982
-737
-441
-272
-297
-221
78
235
187
57
130
229
141
-73
-239
-271
-369
-529
-677
-687
-705
-776
-851
-835
-706
-701
-626
-612
-403
-283
-72
161
507
852
1108
1476
1907
2362
2658
2968
3287
3612
3791
3927
4136
4322
4458
4424
4499
4620
4774
4741
4657
4649
4621
4556
4283
4105
3936
3764
3428
3104
2956
2826
2664
2373
2260
2153
2096
1941
1805
1740
1613
1598
1447
1522
1460
1574
1547
1636
1710
1707
1756
1575
1499
961
614
-47
-455
-1309
-2115
-2965
-3635
-4204
-5026
-5465
-5981
-6050
-6530
-6688
-6893
-6644
-6576
-6623
-6695
-6481
-6020
-5823
-5594
-5382
-4752
-4344
-4035
-3730
-3188
-2522
-2280
-2119
-1952
-1444
-1111
-981
-967
-739
-406
-275
-221
-105
285
461
428
332
456
668
604
468
289
370
271
196
33
78
83
-35
-187
-274
-98
-147
-182
-315
-159
-52
32
176
465
828
1047
1344
1663
2164
2486
2794
2966
3234
3504
3637
3796
3864
4124
4216
4302
4410
4618
4810
4825
4812
4818
4799
4619
4436
4165
3925
3578
3228
2962
2653
2473
2188
2002
1785
1671
1583
1392
1304
1158
1091
924
899
875
879
827
869
951
924
969
835
857
438
118
-354
-784
-1352
-2161
-2808
-3569
-4066
-4792
-5303
-5840
-6008
-6319
-6565
-6806
-6690
-6445
-6464
-6465
-6355
-5836
-5555
-5341
-5089
-4592
-4048
-3773
-3507
-3114
-2519
-2148
-1987
-1916
-1534
-1130
-945
-943
-799
-387
-211
-177
-78
276
556
533
477
587
797
844
727
625
659
693
602
481
518
621
546
337
282
385
454
246
176
180
285
263
306
564
795
1015
1150
1493
1852
2261
2483
2687
2903
3180
3349
3473
3696
3918
4083
4080
4282
4558
4777
4801
4817
4898
4848
4709
4482
4322
4042
3649
3212
2878
2619
2328
1989
1679
1476
1322
1099
922
791
768
524
321
244
336
335
174
201
321
490
403
467
469
531
198
-172
-545
-853
-1239
-2116
-2741
-3489
-3776
-4545
-5076
-5580
-5687
-5986
-6363
-6534
-6376
-6090
-6176
-6173
-6084
-5573
-5325
-5132
-4954
-4558
-4059
-3911
-3697
-3367
-2734
-2417
-2309
-2209
-1785
-1352
-1175
-1071
-871
-465
-306
-160
-20
349
668
706
717
753
1035
1140
1086
1003
1067
1183
1157
1136
1228
1443
1454
1430
1343
1466
1495
1413
1249
1057
1026
879
807
691
765
839
948
1048
1307
1669
1974
2219
2425
2719
2928
3109
3215
3339
3452
3514
3611
3698
3871
4002
4117
4164
4218
4258
4209
4086
3877
3657
3303
2939
2547
2231
1863
1471
1138
854
648
402
250
94
1
-149
-302
-351
-364
-306
-349
-316
-213
-15
112
199
327
442
410
95
-110
-454
-692
-1454
-2114
-2805
-3320
-3885
-4614
-5042
-5422
-5548
-5962
-6160
-6215
-5902
-5873
-5955
-6034
-5720
-5382
-5307
-5197
-5003
-4501
-4286
-4122
-3835
-3279
-2701
-2499
-2328
-2025
-1438
-1064
-872
-753
-342
9
200
336
665
1167
1339
1418
1495
1854
2127
2181
2147
2171
2280
2293
2246
2197
2302
2251
2153
1932
1966
1981
1874
1661
1449
1395
1235
1109
1020
1047
1012
963
1014
1191
1420
1585
1753
1896
2124
2291
2475
2610
2807
2946
2997
3085
3258
3482
3557
3584
3671
3747
3737
3591
3514
3351
3096
2686
2334
2012
1651
1251
823
502
203
-24
-290
-466
-617
-709
-842
-959
-957
-1000
-1024
-1090
-968
-864
-763
-629
-406
-171
-57
101
203
349
94
-100
-480
-762
-1247
-1946
-2552
-3215
-3634
-4334
-4855
-5297
-5423
-5700
-5985
-6200
-5987
-5824
-5863
-5907
-5757
-5332
-5208
-5072
-4886
-4465
-4051
-3905
-3649
-3231
-2599
-2218
-1995
-1700
-1093
-563
-229
36
533
1127
1437
1738
2117
2677
3050
3171
3296
3531
3752
3794
3662
3588
3559
3436
3248
3021
3012
2927
2702
2444
2318
2300
2133
1837
1645
1394
1180
847
598
462
272
138
-23
18
156
342
513
714
973
1308
1522
1776
2049
2259
2404
2439
2598
2747
2831
2862
2866
2917
2924
2873
2825
2685
2503
2239
1892
1574
1198
830
360
-95
-475
-789
-1101
-1347
-1576
-1675
-1851
-1895
-1867
-1824
-1726
-1733
-1557
-1415
-1165
-918
-676
-378
-130
149
317
567
673
813
527
382
48
-127
-629
-1244
-1778
-2390
-2862
-3602
-4075
-4565
-4860
-5368
-5766
-6112
-6076
-6104
-6216
-6333
-6265
-5872
-5708
-5472
-5189
-4633
-4118
-3856
-3463
-2855
-2118
-1592
-1241
-764
-44
626
1185
1590
2280
2972
3480
3852
4242
4870
5250
5290
5277
5331
5466
5259
4875
4596
4339
4063
3621
3212
3052
2836
2585
2191
1960
1886
1670
1320
954
699
479
43
-321
-569
-752
-900
-1126
-1090
-958
-764
-548
-335
33
410
710
1061
1327
1644
1834
1926
2095
2182
2292
2235
2216
2250
2185
2081
1964
1862
1750
1441
1164
887
575
230
-246
-611
-969
-1336
-1635
-1959
-2082
-2216
-2324
-2365
-2354
-2190
-2064
-1921
-1719
-1474
-1241
-932
-709
-304
-89
217
477
697
926
974
1118
1075
930
641
316
-37
-478
-1167
-1814
-2490
-3029
-3709
-4430
-4931
-5318
-5638
-6066
-6353
-6246
-6117
-6010
-5987
-5673
-5099
-4620
-4242
-3825
-3134
-2416
-1921
-1486
-819
-28
666
1027
1531
2260
2971
3464
3737
4242
4766
5113
5222
5311
5557
5675
5485
5184
4997
4922
4637
4113
3675
3355
3058
2587
2085
1818
1522
1197
745
451
319
146
-127
-412
-576
-619
-780
-943
-1036
-1067
-1065
-1180
-1158
-1057
-905
-814
-765
-542
-306
-79
109
315
558
754
876
1024
1159
1275
1309
1253
1265
1240
1250
1134
1002
920
772
611
388
234
37
-244
-518
-773
-963
-1174
-1399
-1556
-1676
-1757
-1785
-1807
-1745
-1686
-1612
-1501
-1397
-1171
-1014
-848
-639
-416
-127
11
283
540
779
856
951
1042
1114
960
681
415
83
-227
-870
-1364
-1908
-2263
-2773
-3306
-3631
-3797
-3848
-4114
-4188
-4066
-3716
-3600
-3432
-3197
-2676
-2247
-1967
-1619
-1170
-530
-183
149
536
1156
1702
1998
2270
2702
3217
3514
3679
3867
4230
4372
4365
4274
4316
4348
4136
3802
3447
3237
2921
2460
1966
1589
1262
840
368
55
-142
-360
-661
-888
-988
-1025
-1137
-1238
-1305
-1316
-1349
-1427
-1441
-1470
-1422
-1499
-1519
-1549
-1454
-1404
-1362
-1274
-1152
-992
-898
-668
-489
-256
-130
64
255
433
565
677
804
865
925
899
925
909
893
770
632
539
434
278
42
-137
-291
-476
-707
-908
-1031
-1172
-1333
-1471
-1496
-1517
-1489
-1490
-1436
-1315
-1179
-1002
-836
-605
-371
-141
107
380
717
979
1245
1513
1817
2035
2224
2397
2522
2566
2434
2335
2145
1948
1527
1096
633
244
-225
-727
-1148
-1482
-1734
-2080
-2319
-2404
-2311
-2327
-2358
-2269
-2018
-1745
-1595
-1380
-1088
-680
-438
-209
73
477
823
1013
1173
1407
1719
1867
1907
1934
2068
2111
2006
1870
1812
1766
1572
1308
1060
915
704
403
68
-164
-369
-626
-906
-1138
-1240
-1363
-1530
-1655
-1679
-1637
-1653
-1688
-1674
-1582
-1518
-1510
-1480
-1421
-1336
-1303
-1261
-1218
-1108
-1020
-916
-828
-696
-505
-373
-221
-104
94
208
318
377
457
496
490
482
446
442
381
355
262
250
222
192
121
46
14
-79
-161
-300
-385
-496
-600
-715
-765
-778
-748
-704
-597
-446
-251
0
235
508
786
1063
1328
1597
1884
2146
2359
2603
2865
3145
3366
3565
3811
3988
4136
4149
4194
4162
4017
3696
3334
2946
2530
1949
1287
696
139
-343
-1000
-1464
-1847
-2103
-2448
-2761
-2881
-2867
-2888
-3029
-3091
-3016
-2857
-2854
-2829
-2799
-2570
-2461
-2441
-2340
-2112
-1814
-1717
-1650
-1444
-1138
-895
-771
-669
-424
-238
-129
-89
17
205
222
188
121
169
227
149
40
-27
-13
-39
-139
-166
-139
-149
-178
-271
-222
-215
-210
-257
-340
-343
-366
-426
-485
-565
-596
-688
-790
-852
-933
-984
-1084
-1160
-1189
-1249
-1240
-1208
-1159
-1085
-1003
-842
-676
-504
-307
-141
90
269
447
619
758
931
1032
1105
1195
1300
1419
1460
1485
1580
1638
1702
1699
1727
1775
1769
1768
1715
1724
1752
1723
1708
1697
1755
1804
1805
1841
1920
2001
2077
2106
2230
2357
2446
2519
2585
2764
2882
2987
3038
3113
3214
3207
3121
3016
2869
2641
2231
1745
1296
790
181
-563
-1233
-1841
-2480
-3118
-3712
-4171
-4547
-4954
-5297
-5530
-5599
-5655
-5764
-5785
-5689
-5506
-5346
-5207
-4936
-4571
-4220
-3886
-3499
-2958
-2435
-1961
-1527
-1048
-509
-52
322
647
990
1308
1515
1647
1811
1962
2059
2001
1967
1971
1939
1825
1647
1464
1325
1129
901
629
433
231
-23
-265
-486
-593
-731
-868
-1002
-1042
-1053
-1047
-1062
-1018
-946
-872
-779
-712
-559
-443
-305
-217
-94
48
189
305
407
544
667
798
923
1096
1232
1386
1513
1658
1828
1955
2099
2179
2285
2350
2398
2418
2440
2418
2366
2286
2215
2166
2094
2007
1910
1845
1773
1702
1638
1582
1524
1440
1368
1317
1264
1208
1122
1051
956
887
802
732
647
528
425
298
217
115
36
-63
-112
-162
-207
-233
-235
-208
-217
-245
-313
-352
-485
-646
-894
-1142
-1449
-1826
-2210
-2624
-2965
-3347
-3682
-3982
-4167
-4317
-4441
-4491
-4442
-4323
-4219
-4111
-3956
-3702
-3499
-3331
-3158
-2943
-2717
-2538
-2364
-2125
-1834
-1571
-1333
-1035
-654
-254
92
423
803
1193
1540
1812
2076
2361
2572
2672
2719
2793
2846
2824
2699
2589
2499
2393
2214
2039
1889
1756
1577
1361
1180
1035
884
695
505
345
240
107
-3
-94
-128
-163
-177
-158
-117
-42
27
114
194
296
395
515
601
712
807
921
1066
1181
1306
1413
1557
1685
1795
1870
1949
2029
2056
2028
1971
1932
1870
1744
1549
1396
1230
1037
804
570
384
154
-84
-363
-563
-759
-971
-1205
-1416
-1580
-1724
-1881
-2028
-2105
-2150
-2170
-2185
-2132
-2021
-1891
-1736
-1559
-1307
-1043
-795
-532
-253
38
286
511
747
967
1133
1266
1342
1411
1410
1354
1243
1104
899
603
257
-109
-489
-962
-1452
-1956
-2417
-2878
-3349
-3755
-4085
-4343
-4579
-4739
-4783
-4698
-4586
-4402
-4168
-3797
-3384
-2952
-2476
-1939
-1358
-818
-272
297
898
1460
1966
2443
2927
3359
3738
4071
4350
4622
4775
4864
4908
4926
4874
4724
4509
4265
3987
3625
3233
2822
2398
1934
1455
994
592
175
-244
-616
-948
-1212
-1474
-1705
-1871
-1980
-2072
-2146
-2181
-2120
-2051
-1977
-1875
-1710
-1498
-1299
-1092
-856
-584
-310
-78
149
397
636
815
944
1081
1186
1260
1267
1242
1232
1175
1094
977
881
785
660
517
394
280
170
32
-126
-237
-366
-503
-685
-816
-938
-1059
-1211
-1333
-1398
-1450
-1510
-1563
-1552
-1503
-1436
-1406
-1316
-1201
-1052
-934
-836
-692
-543
-411
-311
-210
-81
25
106
173
237
331
392
436
500
557
636
692
757
839
908
972
1006
1037
1062
1049
989
896
781
625
427
234
6
-239
-474
-704
-883
-1048
-1170
-1233
-1267
-1236
-1196
-1081
-923
-736
-535
-337
-121
126
379
600
807
1019
1255
1416
1579
1726
1874
1994
2015
2048
2045
2035
1951
1815
1668
1511
1315
1063
797
561
299
-29
-354
-661
-922
-1226
-1549
-1833
-2085
-2294
-2522
-2703
-2820
-2884
-2931
-2941
-2871
-2743
-2591
-2424
-2225
-1978
-1695
-1430
-1161
-874
-578
-293
-51
217
505
782
1008
1227
1456
1671
1853
1999
2121
2238
2293
2316
2314
2283
2216
2083
1923
1760
1565
1364
1113
853
617
348
105
-165
-362
-593
-815
-1015
-1168
-1292
-1436
-1549
-1647
-1703
-1756
-1781
-1805
-1775
-1753
-1718
-1659
-1562
-1410
-1289
-1136
-963
-738
-518
-307
-61
199
432
641
853
1062
1258
1401
1536
1654
1755
1832
1872
1924
1957
2004
2014
2024
2057
2082
2090
2073
2070
2073
2052
2003
1950
1890
1816
1699
1575
1451
1299
1137
940
728
521
294
61
-216
-457
-700
-947
-1200
-1437
-1635
-1823
-1981
-2127
-2248
-2322
-2371
-2416
-2419
-2420
-2377
-2332
-2286
-2229
-2156
-2066
-1990
-1893
-1808
-1698
-1597
-1502
-1410
-1301
-1176
-1069
-983
-905
-792
-702
-623
-565
-495
-431
-389
-363
-331
-284
-250
-234
-218
-168
-124
-64
-6
82
181
298
432
570
724
898
1067
1235
1397
1551
1715
1869
2007
2114
2213
2298
2360
2410
2408
2393
2369
2307
2204
2063
1924
1754
1547
1298
1033
780
515
210
-98
-374
-635
-896
-1160
-1378
-1558
-1696
-1843
-1955
-1999
-2007
-1995
-1961
-1884
-1770
-1625
-1495
-1328
-1123
-901
-692
-484
-261
-23
208
406
609
811
1004
1149
1280
1407
1509
1545
1552
1527
1502
1433
1309
1178
1039
887
711
516
351
197
39
-121
-252
-322
-388
-441
-485
-484
-450
-406
-359
-290
-167
-54
50
150
296
436
557
668
772
879
950
1009
1022
1037
1013
940
838
709
551
359
135
-132
-398
-686
-978
-1279
-1559
-1850
-2104
-2337
-2556
-2718
-2852
-2924
-2971
-2978
-2932
-2841
-2694
-2534
-2337
-2090
-1836
-1552
-1254
-958
-633
-318
-28
265
560
853
1108
1334
1546
1750
1918
2049
2153
2248
2323
2339
2321
2298
2254
2169
2046
1902
1740
1593
1397
1196
988
796
601
389
208
52
-89
-237
-376
-476
-558
-638
-713
-775
-812
-858
-897
-922
-948
-944
-960
-967
-955
-921
-892
-856
-793
-721
-649
-576
-486
-400
-315
-253
-186
-137
-84
-53
-43
-31
-21
-27
-48
-47
-55
-52
-64
-60
-38
-8
11
34
69
105
126
133
161
186
197
193
195
211
226
226
229
249
283
304
340
384
422
469
511
547
583
619
638
633
630
639
627
610
586
563
550
518
486
463
440
408
369
344
318
288
252
217
191
167
162
162
164
183
203
228
273
321
356
377
394
419
431
422
401
365
319
250
181
97
18
-56
-155
-250
-339
-429
-515
-614
-701
-776
-859
-939
-1013
-1051
-1080
-1123
-1160
-1154
-1136
-1109
-1087
-1054
-1001
-948
-890
-852
-802
-742
-693
-664
-627
-584
-540
-499
-471
-433
-376
-331
-304
-280
-261
-241
-243
-256
-278
-304
-345
-390
-437
-485
-507
-541
-576
-594
-588
-567
-533
-498
-439
-370
-287
-199
-115
-10
87
187
289
404
520
626
725
825
926
1029
1130
1223
1308
1374
1438
1494
1549
1576
1591
1578
1550
1507
1443
1358
1250
1143
1026
898
764
643
512
383
271
160
65
-21
-107
-186
-243
-297
-343
-383
-413
-438
-451
-447
-447
-433
-413
-380
-354
-311
-266
-209
-158
-112
-73
-31
25
73
116
151
201
233
274
300
320
334
335
333
317
299
277
243
198
147
114
95
73
42
18
20
33
47
81
112
148
170
189
215
246
268
251
227
205
177
145
86
12
-63
-138
-237
-349
-453
-567
-706
-858
-1017
-1143
-1267
-1433
-1587
-1732
-1842
-1944
-2030
-2092
-2137
-2146
-2123
-2068
-1985
-1834
-1686
-1532
-1339
-1099
-833
-581
-325
-82
166
420
656
880
1071
1233
1378
1483
1583
1660
1694
1702
1684
1649
1605
1540
1443
1318
1190
1044
897
748
580
410
241
86
-66
-193
-297
-392
-473
-541
-573
-565
-545
-499
-444
-373
-278
-169
-53
63
182
296
401
505
619
706
778
823
867
900
906
913
882
854
802
743
703
640
582
503
423
369
319
273
218
159
104
56
7
-20
-57
-111
-177
-230
-264
-291
-324
-387
-427
-451
-466
-484
-490
-486
-502
-518
-515
-502
-496
-509
-540
-575
-582
-591
-613
-648
-658
-684
-708
-710
-703
-674
-672
-657
-632
-558
-493
-438
-384
-335
-265
-203
-127
-63
3
55
101
151
213
280
330
370
403
452
521
570
615
657
697
725
769
831
858
885
882
884
894
911
911
887
867
844
823
824
807
771
725
681
656
639
619
565
508
449
394
343
295
224
130
43
-45
-119
-180
-259
-355
-441
-519
-587
-643
-700
-782
-872
-939
-998
-1054
-1109
-1172
-1248
-1316
-1367
-1406
-1428
-1465
-1499
-1525
-1520
-1494
-1455
-1409
-1377
-1322
-1250
-1157
-1059
-952
-846
-755
-633
-487
-343
-210
-73
41
174
325
466
585
698
796
875
974
1054
1118
1155
1172
1175
1156
1152
1124
1069
1008
926
842
765
687
588
477
374
261
156
74
-25
-134
-234
-313
-387
-443
-475
-536
-576
-592
-593
-573
-539
-506
-470
-409
-343
-260
-174
-89
-10
72
168
270
377
477
564
650
742
833
915
987
1051
1087
1135
1174
1211
1227
1233
1232
1222
1214
1191
1176
1141
1091
1053
1011
968
930
865
788
722
665
603
529
446
351
265
184
100
36
-51
-143
-229
-310
-374
-436
-520
-583
-640
-695
-745
-801
-833
-872
-923
-971
-1004
-1020
-1040
-1078
-1108
-1113
-1098
-1103
-1103
-1101
-1083
-1064
-1057
-1025
-1004
-970
-956
-940
-909
-876
-847
-827
-811
-769
-729
-702
-661
-621
-565
-515
-475
-436
-363
-307
-269
-214
-155
-100
-56
-8
30
71
118
151
175
205
223
234
249
254
244
243
236
210
189
171
146
115
83
47
17
-20
-38
-68
-96
-106
-121
-136
-127
-124
-119
-97
-72
-49
-17
29
72
118
166
231
295
353
422
491
553
621
697
770
840
911
978
1036
1082
1147
1194
1234
1270
1298
1326
1340
1361
1374
1385
1373
1361
1343
1314
1284
1240
1191
1131
1050
965
892
796
691
579
464
358
238
129
15
-102
-221
-342
-449
-559
-660
-761
-857
-948
-1040
-1101
-1162
-1203
-1249
-1282
-1297
-1315
-1292
-1265
-1243
-1231
-1201
-1154
-1103
-1034
-978
-926
-864
-802
-724
-644
-567
-495
-435
-367
-285
-218
-166
-124
-102
-81
-58
-44
-41
-51
-73
-104
-119
-131
-152
-165
-188
-205
-203
-196
-180
-165
-148
-138
-112
-65
-21
28
66
114
168
229
289
353
417
470
530
585
646
696
728
756
781
795
797
804
782
744
707
655
603
535
463
390
295
202
113
23
-69
-171
-266
-345
-426
-506
-574
-639
-682
-734
-767
-780
-798
-799
-798
-778
-750
-708
-670
-625
-583
-535
-480
-420
-357
-304
-255
-201
-138
-84
-29
18
66
109
156
206
248
279
311
332
348
376
398
407
412
413
419
430
436
454
453
448
454
467
482
490
494
511
517
517
531
541
546
539
527
517
521
522
497
479
458
440
420
398
380
350
327
296
268
247
219
182
128
84
43
2
-42
-96
-152
-201
-249
-292
-325
-355
-394
-427
-449
-468
-468
-482
-488
-504
-499
-484
-484
-460
-452
-448
-423
-399
-367
-327
-299
-271
-222
-183
-138
-90
-60
-17
17
64
107
142
170
192
215
240
261
263
270
273
272
270
258
250
239
216
200
177
167
157
138
111
90
77
55
40
14
-17
-39
-70
-103
-121
-159
-202
-247
-295
-321
-347
-384
-427
-470
-506
-531
-567
-600
-632
-669
-704
-724
-751
-765
-783
-816
-829
-835
-824
-820
-813
-783
-748
-716
-669
-615
-559
-512
-445
-380
-311
-227
-159
-92
-32
45
121
189
262
333
392
454
520
590
658
716
759
802
849
896
931
965
982
999
1030
1049
1050
1064
1074
1070
1065
1060
1062
1051
1037
1011
994
978
950
922
884
848
816
776
733
692
637
584
535
474
432
376
297
234
166
102
44
-34
-102
-171
-246
-304
-367
-427
-485
-549
-596
-642
-681
-714
-749
-776
-807
-827
-832
-845
-859
-859
-872
-872
-861
-850
-843
-831
-809
-794
-767
-743
-704
-670
-644
-611
-572
-527
-482
-443
-407
-358
-315
-272
-215
-167
-123
-71
-29
17
64
106
145
168
192
210
226
242
242
240
230
226
223
214
190
171
160
143
139
126
104
88
71
54
34
27
12
-6
-22
-34
-48
-56
-58
-64
-69
-72
-72
-71
-62
-45
-40
-33
-25
-17
1
10
17
23
32
41
49
56
63
66
62
73
82
92
104
104
112
132
152
160
188
203
220
249
262
284
319
342
365
393
418
443
461
490
517
527
543
559
563
564
561
550
541
518
495
469
431
395
349
293
243
195
136
67
4
-56
-124
-193
-263
-329
-391
-449
-509
-553
-591
-635
-666
-686
-701
-717
-724
-724
-715
-705
-684
-670
-646
-606
-575
-530
-497
-452
-400
-348
-291
-233
-167
-113
-60
0
53
114
166
216
262
305
351
389
424
463
496
511
536
565
575
592
607
612
609
597
597
588
568
541
511
473
435
394
336
275
216
152
86
31
-39
-113
-187
-251
-309
-365
-418
-472
-520
-563
-599
-631
-650
-670
-681
-691
-687
-676
-660
-631
-607
-563
-519
-468
-411
-352
-293
-235
-168
-106
-41
20
74
128
181
231
263
307
351
382
405
425
450
457
472
471
468
466
446
435
410
381
354
323
284
247
209
170
128
92
62
16
-23
-51
-89
-119
-146
-174
-199
-226
-252
-266
-280
-290
-306
-311
-304
-308
-306
-303
-285
-271
-259
-248
-234
-215
-204
-196
-187
-173
-155
-142
-133
-115
-102
-93
-74
-57
-27
-3
12
35
69
101
124
145
167
197
228
247
274
296
324
342
359
382
402
426
433
451
468
475
484
496
503
503
498
482
480
476
456
434
405
386
360
320
288
252
212
164
125
80
32
-14
-64
-117
-161
-201
-253
-294
-330
-373
-407
-441
-475
-492
-512
-541
-555
-560
-575
-581
-580
-580
-574
-562
-545
-531
-509
-490
-468
-436
-409
-371
-344
-321
-291
-260
-224
-200
-174
-151
-139
-115
-97
-74
-55
-49
-41
-22
-5
5
17
17
27
38
47
60
70
75
79
88
99
111
117
132
144
157
179
198
222
243
253
270
307
332
349
375
398
418
440
461
484
498
506
508
512
521
525
514
501
495
474
453
431
402
369
334
296
267
238
191
152
108
65
19
-25
-69
-116
-153
-195
-234
-272
-306
-334
-369
-400
-425
-446
-455
-462
-473
-472
-468
-472
-461
-458
-448
-435
-405
-384
-371
-347
-331
-302
-283
-256
-234
-206
-175
-155
-124
-108
-83
-55
-33
-14
9
22
31
57
71
83
97
104
113
130
136
142
157
175
180
182
197
195
192
201
196
201
195
192
183
169
166
150
145
126
110
94
78
64
50
24
11
-8
-39
-51
-66
-79
-92
-106
-115
-119
-122
-129
-131
-134
-139
-128
-129
-131
-127
-134
-131
-120
-116
-113
-101
-100
-93
-79
-70
-62
-44
-31
-16
-5
13
26
32
49
62
80
92
106
129
152
164
177
197
216
235
250
266
279
288
296
309
313
310
307
296
293
282
266
252
231
213
192
166
140
109
77
53
17
-16
-44
-81
-110
-140
-180
-206
-235
-256
-279
-293
-309
-327
-338
-350
-345
-345
-343
-342
-341
-333
-328
-316
-302
-301
-291
-286
-269
-245
-245
-229
-221
-205
-194
-177
-162
-146
-130
-117
-94
-81
-68
-59
-39
-17
-8
8
21
37
49
62
82
94
111
125
136
150
166
181
195
214
224
219
230
241
251
264
259
266
265
260
256
251
248
242
238
228
212
194
185
171
157
139
124
117
96
79
73
54
41
38
23
16
17
0
-12
-10
-12
-17
-17
-11
-7
-5
-12
-1
-4
-7
4
3
13
16
15
14
14
10
8
6
5
2
2
-3
-10
-20
-33
-43
-69
-78
-88
-118
-132
-152
-178
-198
-210
-231
-253
-268
-285
-304
-309
-325
-340
-340
-349
-356
-358
-366
-372
-358
-356
-344
-332
-317
-294
-279
-249
-227
-206
-165
-137
-116
-79
-49
-23
-1
37
61
90
114
136
161
179
205
221
248
256
279
291
308
321
321
330
332
340
342
341
334
329
315
313
302
305
286
263
259
237
227
213
199
183
164
151
135
113
99
84
64
52
34
25
17
0
-4
-16
-23
-24
-33
-28
-47
-50
-44
-43
-40
-38
-51
-56
-47
-54
-47
-60
-63
-60
-75
-71
-76
-89
-101
-105
-116
-123
-133
-144
-152
-161
-161
-163
-162
-166
-164
-171
-161
-150
-144
-132
-121
-116
-105
-83
-81
-66
-50
-36
-27
-20
3
15
28
35
47
56
65
69
69
70
66
69
59
52
42
24
12
0
-9
-35
-46
-60
-83
-90
-110
-118
-136
-148
-155
-168
-171
-179
-186
-197
-194
-198
-189
-184
-178
-167
-159
-144
-122
-106
-97
-77
-55
-33
-14
11
21
34
59
71
87
105
119
127
142
159
171
181
191
201
209
221
228
232
241
240
244
246
241
255
251
251
253
250
251
248
255
241
241
238
234
234
219
215
194
182
177
157
140
126
113
89
71
51
37
13
-5
-23
-45
-59
-91
-101
-118
-145
-165
-177
-186
-203
-209
-227
-240
-245
-247
-249
-249
-246
-245
-240
-227
-224
-224
-211
-213
-199
-191
-174
-161
-157
-146
-139
-121
-114
-102
-87
-76
-66
-61
-47
-32
-32
-20
-21
-16
-17
-7
0
-3
4
0
2
0
10
5
-1
2
9
12
2
7
0
-3
1
3
9
7
2
9
11
22
20
23
29
26
38
38
47
53
54
56
53
59
64
64
74
76
82
84
82
82
89
94
90
93
87
91
98
93
92
89
78
70
77
77
71
73
69
70
73
69
64
64
71
65
79
80
76
79
73
74
68
63
60
55
46
37
31
27
15
-2
-11
-19
-37
-49
-52
-69
-87
-96
-111
-124
-128
-146
-164
-169
-175
-187
-195
-193
-194
-202
-200
-191
-194
-189
-176
-174
-165
-158
-148
-130
-121
-98
-83
-73
-56
-37
-23
-4
15
39
60
78
94
110
134
149
167
181
193
210
222
238
243
247
254
260
258
267
259
246
244
234
220
203
190
171
149
129
103
81
60
23
11
-21
-49
-72
-102
-120
-143
-167
-190
-215
-231
-246
-256
-272
-289
-296
-296
-302
-293
-288
-291
-283
-269
-258
-245
-224
-214
-195
-175
-154
-131
-112
-95
-83
-56
-45
-22
10
24
42
55
76
93
111
122
128
141
150
162
170
170
171
164
167
176
161
162
160
152
149
140
139
132
125
121
114
106
93
91
85
75
66
60
48
40
36
28
18
9
-1
-4
-12
-14
-14
-29
-36
-46
-47
-51
-64
-63
-71
-80
-84
-84
-101
-100
-105
-113
-105
-108
-108
-107
-107
-107
-103
-103
-92
-79
-75
-66
-64
-51
-38
-32
-15
5
19
31
51
60
75
88
103
114
130
138
151
158
163
171
170
187
184
184
186
184
184
182
176
173
166
162
150
140
127
110
101
91
75
63
56
33
23
10
-8
-23
-37
-51
-70
-79
-87
-98
-107
-131
-142
-150
-159
-167
-181
-188
-208
-201
-202
-214
-222
-231
-239
-239
-243
-254
-256
-250
-259
-254
-256
-260
-246
-254
-247
-238
-235
-229
-218
-205
-195
-181
-168
-149
-139
-123
-103
-82
-65
-52
-27
-5
16
35
63
82
93
121
144
161
170
198
223
232
255
267
281
303
300
312
325
329
340
344
341
350
344
340
342
327
316
305
303
291
277
256
243
228
203
186
164
144
127
109
84
59
40
15
-4
-34
-47
-66
-84
-103
-120
-145
-176
-180
-199
-209
-219
-234
-245
-263
-265
-275
-284
-281
-285
-292
-287
-281
-276
-272
-262
-249
-246
-233
-219
-207
-192
-171
-147
-131
-115
-90
-74
-54
-31
-9
13
33
62
77
98
113
129
151
166
185
190
202
213
219
233
244
239
239
247
238
234
229
214
213
193
173
162
142
120
101
87
58
33
14
-12
-29
-48
-72
-85
-107
-127
-137
-157
-177
-191
-199
-215
-224
-223
-232
-234
-240
-234
-236
-232
-219
-219
-212
-196
-185
-175
-156
-143
-126
-117
-106
-89
-68
-50
-40
-21
-5
7
21
48
55
67
88
100
112
118
131
142
147
166
173
173
184
182
193
199
193
201
202
204
200
199
201
199
199
191
186
176
159
153
149
137
129
118
109
85
70
60
45
31
19
9
-11
-19
-35
-52
-62
-74
-87
-89
-102
-116
-124
-134
-143
-146
-144
-152
-150
-147
-162
-164
-155
-154
-153
-151
-136
-133
-131
-117
-113
-107
-99
-90
-78
-71
-61
-50
-41
-36
-25
-11
-10
5
9
18
31
30
40
52
54
68
72
83
82
81
89
89
96
92
96
101
97
93
89
79
70
76
63
50
50
37
30
22
10
3
-16
-15
-24
-39
-40
-50
-57
-63
-64
-72
-74
-83
-84
-85
-85
-87
-90
-80
-83
-84
-82
-75
-70
-69
-66
-58
-54
-54
-37
-41
-34
-23
-23
-22
-18
-13
-8
-4
5
11
15
11
13
25
23
31
31
32
44
49
45
43
57
58
60
64
65
70
71
75
76
80
81
73
77
77
77
77
64
64
52
46
46
36
44
27
17
8
-2
2
-9
-16
-27
-30
-28
-43
-43
-47
-51
-57
-58
-57
-63
-62
-58
-56
-47
-41
-36
-39
-34
-26
-21
-7
-6
4
15
15
22
37
41
45
56
56
59
69
71
70
75
88
86
81
80
77
70
65
65
61
58
44
35
35
31
15
-1
-4
-18
-19
-27
-40
-45
-57
-65
-77
-81
-88
-99
-108
-114
-119
-117
-126
-137
-133
-139
-137
-132
-134
-138
-134
-129
-130
-118
-109
-112
-105
-86
-87
-84
-74
-73
-59
-43
-34
-25
-15
-5
-5
4
18
22
43
46
52
65
74
81
83
94
103
114
110
117
123
132
140
141
138
142
143
133
141
141
137
139
128
129
122
108
110
98
94
83
73
69
55
52
29
22
16
2
-1
-20
-29
-38
-48
-54
-65
-67
-75
-89
-94
-97
-103
-110
-116
-120
-121
-113
-116
-122
-119
-122
-114
-108
-111
-103
-93
-89
-75
-68
-68
-54
-47
-44
-35
-17
-17
-9
3
9
14
22
29
36
43
47
49
55
67
63
64
69
79
78
75
74
76
69
62
68
73
74
67
61
60
54
52
55
52
47
35
38
30
34
36
20
21
6
4
2
-2
-7
-13
-10
-16
-17
-30
-23
-24
-32
-30
-40
-39
-39
-42
-38
-38
-41
-45
-47
-48
-47
-45
-48
-45
-40
-37
-43
-38
-31
-36
-37
-32
-27
-32
-32
-23
-14
-12
-17
-11
-12
-5
9
5
5
19
23
31
36
38
41
48
50
54
58
61
71
67
69
67
66
65
70
71
62
61
64
60
55
53
50
36
41
36
13
21
15
9
3
-6
-8
-22
-32
-43
-48
-51
-49
-63
-67
-69
-85
-85
-96
-97
-92
-104
-102
-102
-110
-111
-101
-109
-103
-100
-102
-92
-94
-89
-84
-75
-62
-63
-63
-55
-45
-36
-28
-14
-14
-4
6
14
21
21
45
52
63
63
66
76
82
89
84
93
96
101
101
95
103
104
101
101
101
104
100
87
94
92
82
90
87
75
72
68
57
61
59
48
45
41
36
33
28
25
23
18
7
1
-5
-2
-2
-14
-17
-21
-30
-40
-41
-41
-43
-47
-57
-52
-53
-60
-63
-63
-63
-65
-65
-65
-60
-65
-65
-60
-59
-57
-53
-56
-53
-44
-44
-39
-30
-30
-22
-14
-17
-12
-11
-8
-5
-5
1
5
7
11
8
5
3
-1
-4
-3
-2
-2
-10
-5
-8
-15
-21
-31
-28
-32
-31
-31
-40
-30
-39
-39
-31
-34
-35
-38
-31
-24
-15
-19
-18
-16
-7
2
3
6
13
13
18
26
32
37
34
38
48
53
57
52
54
54
61
62
60
63
54
55
55
56
59
48
45
46
40
38
39
38
29
33
22
21
17
14
11
4
9
4
4
-5
-15
-8
-17
-15
-13
-17
-24
-28
-18
-25
-25
-28
-30
-26
-33
-25
-22
-29
-35
-33
-29
-23
-18
-23
-22
-23
-17
-17
-12
-8
-8
-5
-7
5
3
4
3
3
9
7
11
17
15
17
19
21
26
21
31
19
27
29
29
29
23
35
26
23
18
22
19
15
14
8
12
11
-2
-7
-8
-11
-15
-12
-13
-24
-23
-37
-35
-37
-46
-46
-43
-48
-48
-46
-57
-56
-54
-56
-57
-49
-46
-50
-56
-51
-47
-44
-41
-39
-35
-35
-29
-28
-21
-16
-13
-11
-7
-1
2
10
25
19
23
26
28
34
33
39
43
47
56
49
52
48
51
53
50
59
57
48
48
56
48
47
42
48
41
30
35
35
32
22
26
11
19
17
3
15
6
5
-7
-11
-10
-13
-17
-16
-20
-22
-17
-23
-20
-24
-29
-34
-30
-27
-26
-26
-28
-23
-24
-25
-22
-26
-30
-27
-26
-20
-12
-13
-14
-8
-7
-3
-1
0
5
5
10
11
16
17
21
23
24
36
22
29
33
27
32
38
38
43
41
37
39
36
38
31
37
29
28
30
22
24
17
7
7
7
9
1
-8
-10
-14
-10
-22
-27
-28
-26
-32
-36
-36
-47
-49
-49
-46
-45
-57
-55
-55
-59
-52
-53
-56
-47
-53
-52
-47
-43
-44
-47
-39
-36
-32
-27
-25
-29
-21
-20
-18
-11
-15
-6
0
3
2
6
12
14
16
10
22
22
27
33
29
35
33
34
32
34
34
42
32
37
37
32
37
32
36
30
32
28
34
32
24
28
28
24
23
26
22
23
17
10
10
10
8
1
3
1
-2
-5
-8
-8
-9
-15
-18
-12
-18
-15
-18
-20
-22
-24
-18
-24
-32
-25
-23
-22
-20
-20
-21
-16
-15
-13
-6
-10
-3
6
7
9
17
15
16
13
16
20
23
25
26
31
24
28
32
25
23
25
23
24
23
23
23
21
13
11
5
0
-2
-12
-15
-20
-17
-25
-27
-25
-36
-35
-42
-43
-46
-46
-45
-52
-47
-43
-45
-47
-53
-56
-54
-53
-52
-45
-49
-47
-41
-43
-43
-43
-33
-37
-26
-15
-11
-10
-10
-4
5
-4
4
14
16
23
26
31
28
26
26
37
39
32
36
43
52
47
48
51
50
54
51
54
50
46
48
52
48
46
38
40
33
29
33
25
19
13
16
9
10
14
-1
3
2
-9
-13
-18
-17
-22
-25
-19
-29
-35
-34
-30
-39
-41
-36
-44
-39
-35
-32
-34
-32
-28
-31
-21
-28
-26
-22
-24
-13
-11
-11
-10
-8
-10
-3
7
3
-1
11
14
7
17
17
17
22
26
25
22
27
24
16
22
19
19
20
15
11
10
16
13
14
12
7
0
-2
6
0
5
7
4
4
-1
-5
-11
-12
-19
-20
-25
-18
-12
-17
-21
-28
-24
-24
-27
-25
-25
-25
-23
-17
-20
-20
-18
-22
-23
-18
-23
-24
-17
-21
-22
-20
-24
-17
-12
-21
-13
-7
-5
-6
-5
1
2
7
7
7
12
12
14
19
17
23
24
29
25
16
24
28
33
39
40
39
38
37
39
39
44
39
34
33
26
31
26
26
22
19
20
15
10
3
4
5
1
2
-9
-7
-4
-12
-9
-20
-27
-33
-24
-30
-37
-34
-40
-38
-44
-42
-35
-32
-37
-36
-36
-39
-35
-34
-27
-25
-30
-27
-29
-27
-19
-20
-25
-19
-14
-16
-9
-8
-2
-1
7
6
15
14
18
29
23
29
28
28
39
44
36
43
35
43
42
41
47
42
40
41
44
38
40
41
41
42
34
37
29
31
34
27
29
20
12
11
9
6
0
-6
-6
-9
-9
-15
-27
-24
-30
-38
-30
-26
-31
-31
-35
-45
-42
-44
-48
-45
-43
-49
-48
-44
-40
-47
-49
-48
-44
-38
-38
-29
-32
-27
-20
-23
-15
-15
-11
-11
-11
-6
-4
1
2
8
6
7
12
8
16
17
24
28
24
28
27
26
31
29
28
27
27
19
24
24
18
23
20
16
16
14
20
22
20
17
15
14
15
13
17
12
4
5
12
3
-2
-3
-9
-5
-6
-2
-4
-7
1
-2
-8
-7
-16
-6
-3
-1
-6
-2
-8
-8
-5
-21
-4
-7
-12
-8
-13
-10
-7
-5
-5
-3
-6
-3
-2
-1
1
3
6
4
5
1
2
13
6
5
11
14
13
12
5
11
13
4
14
17
21
11
7
14
8
2
12
7
6
5
4
13
1
-8
-6
1
-10
-4
-4
-10
-8
-17
-20
-19
-15
-19
-12
-19
-21
-12
-19
-21
-17
-17
-18
-14
-15
-21
-19
-23
-19
-13
-13
-8
-12
-11
-8
-12
-4
0
-5
5
9
12
11
0
12
9
6
12
5
6
5
11
14
13
17
18
18
18
20
21
20
18
21
20
19
20
15
12
8
11
6
-1
3
2
4
4
5
6
6
10
7
9
4
0
5
-4
-5
-5
-6
-11
-17
-11
-12
-12
-9
-10
-12
-9
-8
-14
-7
-6
0
6
5
-2
-7
-1
-8
-9
-7
-4
-9
