0
-1
0
0
0
0
1
0
0
0
0
1
0
1
-1
0
0
0
1
0
0
0
1
-1
-1
-1
0
0
0
0
0
0
0
1
0
1
0
0
0
-1
0
-1
-1
0
-1
0
0
0
-1
1
1
-1
-1
0
-1
-1
0
0
0
1
1
1
0
0
0
-1
0
0
0
1
1
0
-1
0
0
0
0
0
1
0
-1
-1
0
1
1
0
1
1
1
0
0
0
1
0
0
0
0
0
-1
-1
1
0
1
-1
-1
0
0
0
0
1
0
0
0
1
-1
0
0
1
0
0
1
1
1
0
0
0
0
-1
0
0
-1
-1
0
0
1
0
0
0
-1
0
1
0
0
0
0
1
1
0
0
0
1
0
1
1
0
0
0
1
0
0
0
0
0
0
0
0
0
0
-1
-1
0
-1
1
0
1
1
-1
-1
0
1
0
0
0
0
1
1
1
0
-1
-1
1
0
-1
-1
0
0
-1
1
-2
0
3
1
1
1
-1
-1
1
0
-1
0
0
1
0
0
-1
0
1
1
0
1
1
1
1
1
0
1
-1
0
1
1
1
0
1
0
0
0
0
1
1
1
0
0
1
0
0
-1
-1
-1
0
1
0
0
0
-1
1
-1
1
0
1
0
-1
1
0
-1
0
0
0
0
-1
1
-1
-1
0
1
1
0
0
-1
0
0
0
-1
0
0
0
1
0
0
1
0
0
0
0
0
0
0
1
0
0
-1
0
-1
0
1
0
-1
0
1
2
0
-1
-1
0
0
0
-1
1
1
0
0
0
-1
0
0
0
0
-1
0
-1
0
0
1
0
0
-1
-1
0
1
1
0
0
-1
0
-1
-1
-1
0
0
0
0
-1
1
1
0
0
0
0
0
0
-1
0
-1
0
0
0
0
0
-1
0
1
1
-1
0
-1
0
0
-1
0
1
1
0
0
0
0
-1
0
-1
0
0
0
0
-1
0
0
0
1
0
0
0
0
0
0
-1
0
-1
1
1
0
0
0
0
0
-1
0
1
0
0
-1
0
-1
0
0
0
0
-1
0
-1
0
-1
1
0
0
1
1
0
-1
-1
-1
-1
0
0
0
-1
-1
-1
1
0
0
-1
0
0
-1
1
1
1
-1
0
0
0
0
0
0
-1
0
1
-1
0
1
1
0
0
1
0
-1
0
0
1
0
1
0
1
0
0
0
0
-1
0
-1
-1
-1
-1
0
0
0
0
-1
-1
0
0
1
-1
-1
0
2
1
0
0
0
0
0
0
0
0
0
-1
-1
0
0
-1
-1
2
0
0
-1
0
1
2
0
-1
1
-1
1
0
0
0
-1
0
0
1
1
-1
1
0
0
0
0
0
0
0
0
1
2
1
0
0
-1
-1
0
1
0
1
0
0
0
-1
0
-1
1
0
0
0
1
1
0
0
1
0
1
-1
0
1
-2
0
0
0
1
0
0
0
1
0
0
1
-1
0
-1
0
-2
-1
0
0
0
0
0
0
0
1
1
1
0
-1
-1
0
0
-1
1
0
1
0
0
-1
0
0
0
0
-1
-1
0
-1
0
0
-1
-1
-1
1
-1
0
1
0
0
0
-1
0
-1
-1
0
1
1
0
-1
0
0
-1
0
-1
0
0
1
0
-1
-1
0
1
0
0
0
0
0
0
0
-1
1
0
0
-1
-1
0
0
0
1
-1
0
-1
0
0
1
0
-1
0
1
0
0
0
-1
-1
0
0
1
1
0
1
1
0
0
0
0
0
-1
0
0
0
0
0
1
0
1
0
-1
1
-1
0
-1
-1
0
0
0
1
0
0
0
0
0
-1
0
0
0
-1
-1
-1
-1
0
-1
0
0
0
-1
0
1
-1
-1
0
0
1
-1
-1
1
1
-1
0
-1
0
0
0
0
0
0
0
0
0
0
0
0
0
-1
0
0
0
1
0
0
0
0
0
1
1
0
0
1
0
0
0
0
0
1
1
0
-1
1
1
1
0
1
0
0
1
1
-1
-1
0
-2
-2
0
0
1
1
0
0
0
0
0
0
1
0
1
0
1
0
0
-1
1
1
-1
-1
0
1
0
-1
1
-1
0
1
-1
1
1
0
1
1
0
-1
0
1
0
0
0
0
0
-1
1
0
0
0
0
0
0
0
0
-1
0
0
1
1
1
1
0
0
0
1
1
0
1
0
-1
0
0
0
0
0
0
-1
-1
0
0
-1
-1
0
1
1
1
0
0
-1
-1
0
0
0
0
0
0
0
0
0
-1
0
1
1
0
1
0
0
0
-1
0
0
0
0
0
-1
0
-1
0
0
0
1
0
0
0
0
0
-1
0
-1
1
-1
0
0
-1
0
0
-1
0
-1
-1
0
0
0
0
0
0
-1
0
0
0
-1
0
1
0
1
1
0
0
0
1
1
0
-1
-1
0
0
1
-1
-1
0
1
-1
0
0
0
-1
-1
0
-1
0
0
0
1
-1
0
0
0
0
0
-1
0
0
-1
0
0
-1
1
0
1
0
0
0
0
1
0
0
0
0
1
1
1
0
-1
0
-1
0
0
1
0
0
-1
0
1
1
1
0
-1
-1
-1
0
-1
0
0
0
0
0
0
0
1
0
0
0
0
-1
0
0
-1
0
0
0
0
0
0
0
0
0
1
1
0
-1
0
0
0
0
1
1
1
-1
-1
0
-1
0
0
0
0
-1
-1
0
0
0
0
0
1
0
-1
-1
0
0
0
1
1
0
1
0
0
0
-1
1
1
0
0
1
1
2
0
0
-1
0
1
0
0
0
0
0
0
0
1
-1
-2
-1
1
1
0
0
0
0
0
0
0
1
0
1
0
0
1
0
-2
-1
2
0
-1
-1
1
1
0
1
-1
0
0
0
1
0
-1
1
1
-1
0
0
0
1
0
0
0
0
-1
0
0
0
1
1
0
-1
0
1
1
0
0
0
1
0
1
1
0
0
0
-1
0
0
1
0
0
0
0
0
0
-1
0
0
1
0
0
-1
0
1
0
1
0
0
-1
-1
0
-1
0
0
0
1
0
0
-1
-1
1
0
0
1
1
0
0
0
-1
0
0
0
0
-1
-1
0
0
0
0
0
0
0
1
1
0
0
1
0
-1
-2
0
0
0
-1
-1
0
0
0
0
0
0
-1
1
0
0
0
0
0
-1
0
-1
0
0
0
1
1
0
-1
1
1
0
0
-1
0
1
1
0
0
0
1
-1
0
0
0
0
-1
0
1
1
-1
-1
-1
0
1
0
0
0
0
0
-1
-1
0
0
-1
0
-1
0
0
0
0
0
0
0
0
0
1
1
1
1
0
0
0
0
0
0
0
0
0
0
0
1
1
1
-1
0
-1
-1
-1
0
0
0
0
1
0
1
0
0
0
0
0
1
0
0
0
-1
-1
0
0
0
0
0
0
0
0
-1
0
0
1
0
0
-1
-1
0
0
0
0
0
1
0
0
0
0
-1
-1
0
0
-1
-1
0
0
0
-1
0
1
0
0
0
1
0
0
-1
0
0
0
0
0
1
1
0
1
0
-1
0
0
1
0
-1
0
0
0
1
1
1
-1
0
0
0
0
-1
0
0
0
0
0
0
0
0
0
1
1
1
1
-1
0
0
1
0
1
0
-1
0
-1
0
-1
1
1
-1
-1
1
1
1
-1
-1
1
0
0
-1
0
1
1
0
0
-1
1
1
1
1
0
1
0
1
0
-1
1
0
0
1
0
0
1
1
1
-1
0
0
1
0
0
0
1
0
0
0
0
0
0
0
-1
0
0
0
-1
0
0
0
0
0
0
-1
0
0
0
0
1
0
0
0
0
-1
0
0
0
0
0
0
-1
0
-1
0
-1
0
1
0
0
0
-1
1
-1
-1
1
0
0
1
0
0
0
1
-1
0
0
0
-1
-1
1
-1
1
0
-1
0
-1
0
1
0
-1
0
1
0
1
0
0
-1
0
0
0
0
1
-1
0
1
0
1
0
0
1
0
1
-1
0
1
0
-1
0
-1
1
1
0
1
-1
0
0
1
1
0
0
-1
-1
0
0
0
0
-1
0
0
1
0
-1
-1
0
0
0
0
0
-1
0
1
1
1
1
1
0
0
0
-1
0
-1
0
0
0
0
0
0
0
2
0
1
-1
-1
-1
0
0
0
0
0
0
0
0
0
0
1
1
0
0
0
0
-1
0
-1
0
0
-1
0
0
1
0
0
0
-1
0
-1
0
1
0
0
0
0
0
0
0
-1
-1
0
0
0
0
0
0
-1
1
0
0
0
-1
1
0
-1
0
0
1
1
-1
0
0
1
-1
1
2
0
-1
0
0
0
0
-1
0
1
0
0
0
1
0
0
0
1
0
0
-1
0
-2
-1
-1
-1
1
-1
0
0
0
1
0
0
0
-1
0
0
1
1
0
0
1
0
0
-1
0
1
0
0
0
-1
0
1
0
1
0
1
1
-1
-1
-1
0
1
0
0
-1
1
0
0
0
0
0
0
0
1
1
0
1
0
1
0
1
1
0
0
-1
-1
0
0
1
1
0
0
0
0
-1
-1
0
0
-1
-1
0
-1
0
-1
0
0
0
0
0
0
0
-1
1
0
-1
0
0
1
0
1
0
0
1
1
1
0
0
0
0
0
1
0
1
0
0
1
1
1
2
1
0
1
1
1
1
2
2
2
2
2
1
0
0
1
0
0
0
0
0
0
0
0
-1
-1
-1
-1
-1
-2
-2
-1
0
0
-2
-2
-2
-1
-2
0
-2
-1
-1
-2
-1
-1
-1
-2
-2
-2
-1
-2
-3
-2
-1
-2
-2
-2
-1
-2
-1
0
0
-1
-1
0
1
-1
0
0
0
1
2
2
0
0
2
1
2
1
2
3
3
1
2
3
2
2
2
3
3
3
3
3
2
2
3
1
1
1
1
1
1
2
2
1
1
0
-1
-1
-1
0
-1
-1
-1
-2
-2
-1
-3
-1
-2
-1
-3
-3
-2
-2
-2
-4
-4
-3
-4
-4
-4
-3
-3
-4
-3
-4
-3
-2
-2
-2
-3
-3
-2
-2
-2
-1
-1
0
-1
0
0
1
1
1
1
2
2
2
2
2
3
3
2
4
3
2
3
3
4
4
4
4
4
3
4
4
4
3
4
3
3
3
3
3
3
3
1
1
1
0
0
1
0
0
0
0
-1
-1
-1
-1
-4
-3
-3
-4
-3
-3
-3
-3
-4
-3
-4
-3
-4
-3
-4
-5
-4
-3
-4
-4
-3
-4
-4
-5
-3
-2
-1
-1
-2
-3
-1
0
0
2
1
0
1
3
2
2
2
3
3
3
4
5
5
5
5
5
5
7
7
6
6
5
6
6
6
6
5
6
6
4
4
4
3
3
4
2
1
1
1
-1
0
-1
-1
-1
-2
-3
-3
-3
-4
-4
-4
-5
-5
-5
-5
-6
-6
-6
-6
-5
-6
-6
-6
-6
-7
-5
-5
-6
-5
-5
-4
-4
-4
-5
-4
-4
-3
-3
-3
-2
-2
-2
-2
0
0
1
0
1
2
2
2
1
3
3
2
1
2
3
3
3
2
3
3
3
3
3
1
1
2
2
1
0
1
1
1
0
0
-1
-1
-2
-2
-2
-2
-2
-3
-4
-2
-3
-4
-4
-4
-5
-4
-4
-4
-5
-4
-5
-4
-5
-4
-4
-3
-3
-2
-2
-3
-2
-2
0
1
0
1
2
2
3
5
5
5
6
7
8
8
9
8
9
10
11
11
10
11
12
12
13
12
12
14
11
11
11
11
11
9
8
8
8
8
7
7
6
5
3
3
2
0
0
-1
-2
-3
-3
-4
-5
-6
-6
-7
-8
-8
-9
-10
-11
-11
-11
-12
-13
-13
-13
-12
-12
-12
-11
-12
-12
-12
-11
-10
-10
-11
-10
-9
-8
-7
-8
-6
-6
-5
-3
-3
-3
-1
-1
1
2
3
2
3
4
5
6
8
8
7
8
9
9
9
10
9
10
9
10
9
10
10
8
8
7
7
6
6
5
4
4
3
1
-1
-1
-1
-3
-5
-4
-6
-7
-8
-9
-8
-10
-13
-13
-13
-15
-13
-15
-14
-15
-17
-15
-16
-15
-17
-16
-15
-15
-14
-14
-13
-14
-12
-13
-12
-11
-9
-8
-7
-4
-3
-3
0
2
3
6
6
9
12
12
12
14
16
18
19
21
22
24
25
26
27
28
29
31
32
32
30
30
31
31
30
30
28
29
27
26
24
22
20
20
18
16
13
12
11
8
6
3
1
-1
-3
-6
-7
-9
-11
-13
-14
-15
-17
-17
-20
-21
-22
-24
-24
-25
-25
-26
-26
-25
-25
-25
-25
-25
-25
-23
-23
-21
-21
-21
-20
-18
-17
-17
-15
-15
-13
-12
-12
-10
-9
-8
-7
-5
-6
-6
-3
-3
-2
-2
-1
0
0
1
3
2
3
3
4
5
5
5
6
6
6
6
6
6
7
7
7
7
7
8
7
6
6
7
6
7
6
6
6
5
5
4
3
3
4
2
2
0
0
-1
-1
-3
-2
-3
-4
-5
-5
-4
-5
-6
-6
-7
-6
-7
-7
-8
-8
-7
-6
-6
-7
-5
-3
-3
-2
-1
0
1
2
4
4
5
7
8
9
12
12
13
13
15
16
16
18
17
17
18
23
25
26
25
28
31
31
30
28
26
27
30
31
26
23
23
25
22
19
20
24
20
10
7
10
10
9
11
11
-1
-11
-5
7
3
-7
-7
-5
-10
-18
-18
-15
-20
-27
-28
-30
-40
-52
-53
-42
-35
-40
-49
-47
-41
-41
-52
-59
-53
-44
-49
-54
-46
-39
-52
-66
-57
-34
-31
-41
-34
-12
-2
-2
13
35
36
31
54
87
81
42
26
43
57
43
28
25
19
1
-10
-10
-10
-16
-15
-5
-14
-51
-81
-74
-65
-106
-171
-183
-141
-122
-148
-149
-106
-76
-90
-105
-86
-62
-58
-64
-63
-52
-28
-28
-67
-97
-63
-14
-29
-67
-48
1
7
2
37
53
-1
-31
40
112
90
42
75
136
109
30
9
61
128
161
150
107
80
117
184
204
184
204
273
313
281
238
257
317
341
310
284
310
358
361
300
212
158
165
191
167
106
73
60
-14
-113
-109
-33
-54
-183
-223
-127
-88
-181
-246
-198
-165
-210
-214
-132
-94
-175
-266
-265
-203
-171
-191
-211
-187
-137
-131
-173
-184
-137
-108
-121
-88
9
45
-29
-85
-56
-60
-136
-138
-14
63
-14
-90
-28
54
21
-36
-3
50
24
-22
-3
38
16
-42
-68
-72
-89
-103
-94
-92
-125
-158
-141
-83
-56
-94
-159
-185
-155
-108
-84
-93
-95
-63
-21
-15
-35
-36
-18
-15
12
110
199
169
88
129
265
290
151
59
161
293
246
99
88
212
238
101
19
92
125
16
-38
89
196
119
23
74
142
78
-3
43
130
117
41
19
40
26
-16
-11
47
85
65
41
87
169
181
93
27
88
192
166
35
30
186
250
81
-65
34
165
41
-170
-134
50
44
-105
-74
109
116
-49
-52
113
90
-150
-201
27
108
-109
-208
28
206
24
-197
-103
90
8
-234
-237
-5
70
-134
-270
-139
-47
-230
-363
-140
121
34
-160
-61
161
140
-80
-259
-296
-83
340
499
204
193
919
1285
234
-1108
-853
614
1176
185
-868
-678
423
1204
731
-693
-1510
-771
264
-82
-1136
-1068
-85
116
-588
-814
-325
-139
-439
-479
-164
-19
-47
122
362
306
0
-244
-230
42
380
658
1197
2187
2821
2063
434
-433
-163
1
-493
-746
-358
-216
-762
-1284
-1423
-1690
-2073
-1915
-1341
-1116
-1168
-903
-623
-915
-1217
-773
-298
-707
-1228
-650
393
545
78
177
693
617
-1
-322
-239
-192
-142
129
400
476
516
479
224
99
460
860
757
648
1158
1637
1273
685
856
1363
1269
863
903
1119
913
772
1490
2567
2806
2125
1536
1600
1920
2048
2026
1991
2001
2054
1959
1471
762
340
303
233
-15
-136
-88
-302
-862
-1289
-1404
-1580
-1877
-1854
-1496
-1366
-1552
-1496
-1095
-906
-1113
-1226
-1029
-905
-1074
-1197
-960
-532
-304
-468
-795
-916
-870
-1071
-1584
-1869
-1641
-1335
-1287
-1207
-899
-831
-1364
-2044
-2256
-2110
-2111
-2316
-2363
-2105
-1778
-1621
-1552
-1360
-1086
-1073
-1436
-1680
-1299
-555
-98
40
358
874
1102
993
1030
1382
1674
1756
1939
2349
2730
2901
2938
2856
2587
2248
2022
1875
1717
1592
1518
1377
1149
962
893
823
630
357
162
134
203
297
404
541
721
943
1131
1192
1246
1480
1729
1680
1460
1566
2020
2300
2204
2118
2280
2412
2330
2252
2312
2285
2054
1803
1695
1629
1466
1162
770
395
65
-319
-803
-1279
-1685
-2077
-2385
-2457
-2454
-2751
-3418
-4148
-4703
-5122
-5442
-5589
-5588
-5637
-5919
-6413
-7001
-7607
-8203
-8509
-8040
-6724
-5297
-4594
-4515
-4238
-3500
-2910
-2786
-2510
-1546
-264
865
2117
3788
5380
6286
6577
6592
6401
6215
6419
6889
7111
7131
7458
7928
7807
7021
6203
5474
4384
3016
2059
1754
1733
1697
1539
1131
555
112
-275
-1028
-2023
-2603
-2628
-2651
-2842
-2683
-2039
-1569
-1718
-2133
-2398
-2542
-2667
-2688
-2602
-2458
-2099
-1449
-787
-382
-111
126
118
-182
-315
60
680
1205
1809
2786
3936
4757
5060
4996
4706
4295
3941
3786
3802
3983
4339
4633
4507
3955
3331
2741
1892
704
-379
-952
-1176
-1404
-1664
-1843
-2050
-2454
-2980
-3475
-3978
-4584
-5196
-5656
-5987
-6243
-6302
-6107
-5970
-6244
-6831
-7411
-8009
-8858
-9966
-11033
-11603
-11044
-9100
-6744
-5458
-5337
-5021
-4028
-3386
-3507
-3262
-2021
-643
431
2015
4430
6782
8484
9645
9952
9170
8446
8929
9721
9345
8481
8751
9671
9630
8876
8617
8338
6800
4601
3271
2769
2180
1696
1776
1710
941
382
611
500
-769
-2160
-2763
-3301
-4306
-4816
-4217
-3487
-3466
-3638
-3508
-3436
-3534
-3353
-3028
-3134
-3341
-2792
-1698
-893
-258
809
1908
2247
2213
2749
3722
4390
4813
5482
6242
6778
7351
8071
8326
7771
7030
6561
5989
5076
4308
3945
3401
2326
1267
642
6
-1106
-2477
-3715
-4758
-5605
-6157
-6470
-6717
-6904
-6998
-7104
-7271
-7330
-7213
-7131
-7247
-7454
-7591
-7658
-7715
-7901
-8450
-9365
-10425
-11558
-12556
-12503
-10637
-7909
-6381
-6395
-6064
-4350
-2608
-2033
-1802
-860
320
1247
2649
4993
7446
9391
11045
12089
11865
11278
11824
12731
11981
9998
9047
9333
9060
8051
7774
8034
7202
5455
4389
3951
3001
1837
1280
621
-896
-2020
-1554
-798
-1360
-2473
-2771
-2894
-3859
-4837
-4835
-4647
-5239
-5937
-5889
-5498
-5224
-4586
-3536
-3022
-3208
-2947
-1841
-929
-703
-352
536
1288
1660
2441
3970
5445
6279
6929
7889
8900
9629
10107
10298
10009
9391
8853
8381
7718
6910
6143
5334
4286
3115
2077
1084
-188
-1767
-3362
-4770
-5975
-6969
-7725
-8257
-8513
-8399
-8003
-7669
-7651
-7821
-7933
-7922
-7875
-7838
-7661
-7278
-6954
-6955
-7323
-7955
-8821
-10058
-11584
-12593
-12099
-10177
-8236
-7352
-6766
-5111
-2671
-912
-235
315
1235
2116
2869
3964
5541
7387
9397
11179
11990
12100
12820
14135
14178
12307
10395
9720
9050
7358
5809
5405
5099
3988
2993
2844
2724
2090
1516
1003
-238
-1836
-2410
-2095
-2423
-3577
-4118
-3698
-3549
-4073
-4280
-3880
-3796
-4377
-4921
-5044
-5070
-5039
-4687
-4233
-3998
-3538
-2401
-1123
-356
210
1117
2073
2545
2848
3613
4657
5421
5972
6819
7953
8909
9501
9876
10060
9899
9424
8704
7745
6671
5619
4568
3430
2346
1490
778
-61
-1105
-2231
-3441
-4768
-6064
-7159
-8129
-8959
-9383
-9248
-8809
-8422
-8037
-7573
-7268
-7189
-7061
-6752
-6431
-6398
-6640
-6842
-7134
-7889
-9149
-10605
-11773
-12019
-10975
-9170
-7751
-7028
-5922
-3738
-1419
-71
670
1645
2633
3152
3723
5025
6784
8417
9897
11203
12006
12670
13838
14881
14411
12717
11432
10786
9481
7452
6068
5451
4402
2907
2224
2419
2360
1854
1577
1318
453
-526
-843
-1084
-2118
-3365
-3881
-4086
-4687
-5198
-4994
-4570
-4617
-4837
-4687
-4444
-4418
-4312
-4062
-4148
-4454
-4188
-3281
-2459
-1833
-811
600
1701
2414
3443
4795
5723
6125
6759
7794
8563
8820
9081
9531
9639
9177
8582
8122
7480
6463
5377
4359
3178
1759
447
-614
-1701
-3000
-4297
-5372
-6345
-7234
-7836
-8101
-8218
-8295
-8199
-7983
-7866
-7862
-7789
-7668
-7647
-7659
-7459
-7003
-6685
-6707
-6919
-7247
-7911
-9087
-10615
-11857
-12055
-11084
-9679
-8749
-8080
-6537
-3892
-1368
179
1324
2755
3973
4501
4886
5789
6970
7937
8806
9673
10497
11545
13030
14089
13838
12936
12479
11972
10310
8113
6667
5582
3786
1890
1194
1324
1156
882
1088
1214
773
474
683
450
-763
-1932
-2460
-3164
-4393
-5218
-5123
-4969
-5383
-5625
-5070
-4300
-3874
-3526
-3034
-2768
-2798
-2626
-2154
-1763
-1513
-1009
-179
621
1488
2797
4389
5710
6833
8196
9552
10248
10372
10490
10468
9835
8696
7702
7031
6218
5187
4334
3727
2917
1846
894
142
-775
-2060
-3435
-4766
-6192
-7560
-8503
-9029
-9353
-9376
-8910
-8160
-7597
-7265
-6919
-6623
-6618
-6813
-6855
-6748
-6798
-7055
-7330
-7712
-8428
-9453
-10607
-11614
-12000
-11296
-9890
-8833
-8224
-6883
-4429
-2105
-810
252
1837
3256
3874
4399
5568
6843
7689
8464
9443
10222
10873
11906
12876
12837
12118
11784
11505
10185
8211
6917
6093
4545
2643
1702
1600
1254
689
647
877
660
262
265
223
-421
-1254
-1824
-2516
-3680
-4704
-4995
-5105
-5610
-6017
-5682
-4989
-4580
-4254
-3557
-2776
-2393
-2212
-1798
-1207
-806
-498
-44
531
1141
2010
3186
4416
5654
7146
8701
9794
10479
10978
11150
10680
9660
8487
7294
5955
4537
3381
2485
1603
700
11
-426
-889
-1568
-2483
-3536
-4628
-5612
-6487
-7301
-7934
-8191
-8112
-7933
-7690
-7248
-6663
-6187
-5846
-5466
-5043
-4764
-4747
-4960
-5382
-6076
-7057
-8326
-9851
-11344
-12117
-11680
-10499
-9552
-8830
-7303
-4751
-2287
-651
781
2596
4103
4643
4895
5628
6451
6840
7146
7691
8208
8775
9890
11233
11809
11704
11832
11916
10844
8972
7717
6862
5003
2464
952
601
68
-774
-790
-57
216
37
434
1210
1233
454
-251
-863
-2024
-3461
-4361
-4864
-5689
-6580
-6738
-6234
-5757
-5251
-4290
-3152
-2381
-1842
-1069
-248
144
200
359
580
725
1073
1881
2927
4030
5360
6923
8342
9425
10316
10906
10842
10087
9033
7873
6442
4734
3089
1715
466
-707
-1580
-2011
-2228
-2543
-3058
-3685
-4259
-4807
-5455
-6192
-6836
-7310
-7700
-8031
-8199
-8124
-7914
-7605
-7079
-6338
-5565
-4856
-4287
-3971
-3980
-4317
-5019
-6235
-7982
-9892
-11316
-11730
-11219
-10512
-9967
-8887
-6663
-3900
-1600
281
2406
4481
5624
6046
6670
7443
7687
7516
7482
7536
7557
8073
9233
10137
10376
10768
11545
11572
10508
9603
9207
7901
5299
3079
2116
1216
-271
-1148
-851
-587
-830
-479
749
1587
1454
1195
1156
514
-860
-2000
-2765
-4024
-5775
-6892
-7043
-6987
-6949
-6289
-4961
-3733
-2864
-1758
-251
901
1296
1391
1587
1670
1517
1495
1924
2653
3420
4353
5695
7274
8620
9598
10348
10725
10411
9476
8306
6969
5229
3144
1220
-279
-1529
-2637
-3373
-3639
-3792
-4071
-4239
-4101
-3998
-4239
-4661
-5008
-5434
-6156
-6931
-7492
-7980
-8501
-8718
-8325
-7541
-6780
-6047
-5201
-4469
-4227
-4501
-5096
-6106
-7761
-9797
-11358
-11846
-11678
-11621
-11482
-10325
-8033
-5547
-3371
-981
1861
4247
5537
6428
7578
8393
8327
7913
7744
7548
7257
7545
8482
9202
9477
10080
10972
11138
10543
10243
10050
8681
6358
4675
3783
2329
333
-672
-680
-1113
-1758
-1261
8
578
447
748
1288
875
-251
-1005
-1697
-3220
-5022
-6043
-6549
-7242
-7638
-7036
-5951
-5129
-4166
-2426
-465
855
1721
2686
3536
3788
3694
3813
4123
4324
4489
4915
5717
6718
7692
8564
9270
9688
9744
9436
8734
7645
6238
4580
2735
902
-718
-2086
-3293
-4374
-5198
-5646
-5797
-5811
-5710
-5437
-5057
-4764
-4696
-4845
-5125
-5603
-6375
-7284
-7994
-8291
-8207
-7913
-7497
-6934
-6277
-5764
-5604
-5779
-6250
-7206
-8689
-10036
-10453
-10172
-10132
-10312
-9622
-7754
-5734
-4133
-2194
523
2995
4452
5655
7285
8631
9017
8992
9057
8803
8232
8158
8599
8675
8412
8698
9338
9272
8736
8841
9115
8123
6313
5301
4893
3595
1647
620
347
-550
-1687
-1662
-874
-733
-1106
-899
-357
-510
-1116
-1378
-1709
-2798
-4109
-4853
-5361
-6125
-6669
-6509
-6072
-5775
-5109
-3708
-2133
-945
111
1369
2526
3230
3696
4255
4768
5039
5218
5575
6137
6733
7285
7803
8195
8369
8414
8358
8001
7225
6237
5145
3837
2332
910
-304
-1563
-2952
-4062
-4582
-4852
-5236
-5523
-5371
-4990
-4791
-4746
-4638
-4608
-4940
-5563
-6153
-6583
-6855
-6906
-6776
-6643
-6521
-6228
-5795
-5549
-5671
-6031
-6649
-7735
-9033
-9712
-9509
-9247
-9489
-9406
-8150
-6274
-4706
-3202
-1027
1394
3075
4236
5730
7331
8219
8519
8834
8953
8559
8318
8727
9015
8664
8501
9017
9284
8775
8521
8968
8766
7247
5855
5503
4897
3148
1524
1000
498
-787
-1691
-1376
-968
-1378
-1789
-1499
-1243
-1635
-2085
-2256
-2820
-3909
-4739
-5123
-5706
-6486
-6704
-6342
-6105
-5881
-4908
-3347
-2077
-1198
-31
1448
2546
3136
3759
4517
4961
5063
5318
5892
6414
6686
6951
7357
7703
7868
7927
7819
7339
6541
5643
4601
3280
1844
523
-731
-2027
-3174
-3943
-4496
-5036
-5460
-5619
-5622
-5591
-5435
-5200
-5135
-5281
-5423
-5591
-5965
-6382
-6517
-6473
-6557
-6600
-6278
-5813
-5647
-5696
-5633
-5693
-6406
-7672
-8809
-9246
-9090
-9027
-9305
-9143
-7911
-6107
-4528
-3065
-1046
1290
2999
4144
5590
7251
8239
8518
8752
8919
8723
8636
9035
9260
8929
8903
9573
9888
9399
9271
9815
9503
7862
6606
6439
5728
3760
2183
1840
1256
-258
-1143
-661
-346
-1033
-1489
-1064
-858
-1441
-1916
-2005
-2608
-3774
-4533
-4862
-5557
-6390
-6468
-6071
-6070
-6053
-5070
-3517
-2455
-1715
-497
947
1827
2360
3229
4173
4547
4626
5085
5770
6101
6182
6522
7023
7213
7133
7155
7148
6719
6022
5395
4633
3453
2149
1071
22
-1254
-2440
-3201
-3840
-4677
-5358
-5520
-5498
-5740
-5979
-5780
-5465
-5576
-5923
-6057
-6085
-6356
-6714
-6729
-6436
-6234
-6152
-5948
-5707
-5723
-5953
-6190
-6689
-7833
-9198
-9797
-9519
-9365
-9735
-9594
-8233
-6508
-5270
-3924
-1671
818
2390
3430
5030
6861
7795
7990
8360
8779
8578
8194
8420
8843
8755
8660
9175
9620
9368
9192
9603
9506
8263
7070
6704
6020
4275
2643
2001
1382
68
-930
-873
-687
-1082
-1356
-1075
-903
-1188
-1434
-1592
-2209
-3134
-3723
-4141
-4882
-5589
-5670
-5507
-5642
-5522
-4497
-3168
-2331
-1603
-372
963
1746
2300
3225
4195
4640
4788
5198
5838
6298
6528
6761
7020
7165
7173
7155
7083
6736
6155
5528
4763
3766
2709
1705
623
-635
-1856
-2756
-3486
-4342
-5162
-5620
-5830
-6100
-6315
-6143
-5742
-5601
-5697
-5679
-5567
-5616
-5782
-5794
-5635
-5548
-5553
-5484
-5421
-5572
-5867
-6139
-6623
-7709
-9097
-9889
-9807
-9610
-9840
-9888
-8959
-7421
-6089
-4815
-2893
-534
1310
2515
3873
5540
6817
7457
7919
8278
8258
8170
8507
8953
8983
8975
9398
9712
9403
9175
9516
9460
8303
7074
6660
6113
4568
3008
2363
1800
538
-523
-556
-402
-872
-1317
-1178
-1132
-1625
-2052
-2164
-2619
-3532
-4186
-4500
-5061
-5797
-6043
-5884
-5920
-5849
-5020
-3777
-2893
-2169
-1021
289
1139
1705
2515
3372
3855
4175
4718
5342
5791
6158
6547
6866
7083
7219
7267
7224
7001
6556
5963
5246
4465
3610
2518
1287
188
-775
-1707
-2572
-3335
-4007
-4542
-4855
-5021
-5170
-5211
-5028
-4842
-4887
-4961
-4821
-4668
-4811
-5056
-5009
-4778
-4739
-4883
-4959
-5021
-5301
-5725
-6164
-6907
-8110
-9230
-9635
-9495
-9484
-9678
-9326
-8117
-6689
-5458
-4002
-1972
108
1628
2835
4261
5736
6772
7352
7674
7775
7835
8136
8521
8596
8545
8857
9256
9103
8795
9076
9350
8545
7204
6628
6451
5321
3563
2592
2222
1164
-297
-773
-428
-615
-1346
-1511
-1175
-1324
-1882
-2061
-2098
-2750
-3677
-4132
-4417
-5131
-5795
-5794
-5661
-5906
-5805
-4770
-3603
-3073
-2547
-1267
126
769
1161
2113
3182
3605
3789
4475
5351
5731
5825
6214
6730
6852
6693
6710
6762
6410
5784
5298
4859
4126
3162
2262
1401
355
-776
-1701
-2477
-3362
-4275
-4845
-5077
-5351
-5669
-5676
-5365
-5165
-5198
-5156
-4963
-4917
-5070
-5074
-4839
-4702
-4772
-4778
-4704
-4887
-5372
-5784
-6117
-6928
-8294
-9410
-9696
-9516
-9513
-9649
-9235
-8013
-6560
-5272
-3786
-1779
268
1784
3044
4529
6029
7064
7676
8105
8303
8325
8557
9028
9207
9057
9208
9672
9713
9343
9358
9587
8978
7652
6840
6563
5621
3970
2858
2433
1587
276
-318
-120
-277
-985
-1329
-1162
-1279
-1794
-2106
-2289
-2884
-3688
-4172
-4530
-5121
-5557
-5497
-5438
-5621
-5334
-4294
-3334
-2919
-2301
-1025
115
583
1101
2172
3083
3331
3608
4436
5225
5500
5713
6215
6624
6654
6624
6729
6594
6065
5529
5119
4484
3558
2704
1963
1017
-114
-1043
-1723
-2521
-3491
-4201
-4497
-4756
-5173
-5385
-5201
-4976
-4963
-4926
-4713
-4659
-4902
-5060
-4893
-4714
-4805
-4931
-4830
-4747
-5003
-5387
-5616
-5931
-6739
-7935
-9030
-9696
-9934
-9963
-10022
-9977
-9323
-7989
-6480
-5073
-3426
-1364
566
1961
3218
4727
6185
7114
7520
7765
8040
8425
8848
9039
9024
9188
9572
9669
9395
9331
9535
9204
8142
7239
6865
6235
4931
3672
2948
2273
1222
339
77
-111
-626
-1107
-1323
-1494
-1742
-1953
-2185
-2672
-3281
-3653
-3896
-4340
-4808
-4911
-4848
-4981
-4966
-4305
-3349
-2749
-2309
-1422
-263
527
1073
1963
2995
3512
3733
4394
5379
5947
6085
6403
6927
7157
7047
7001
7041
6750
6088
5466
4948
4242
3359
2535
1732
802
-116
-866
-1607
-2490
-3355
-3988
-4463
-4977
-5478
-5750
-5806
-5822
-5802
-5672
-5498
-5409
-5388
-5284
-5049
-4783
-4622
-4604
-4658
-4748
-4970
-5356
-5825
-6376
-7169
-8312
-9519
-10238
-10281
-10049
-9972
-9786
-8877
-7358
-5847
-4434
-2679
-600
1084
2166
3303
4792
6049
6690
7036
7393
7680
7943
8379
8790
8944
9079
9385
9498
9222
9063
9141
8700
7505
6469
6075
5460
4087
2836
2306
1743
659
-139
-112
-105
-718
-1229
-1179
-1177
-1603
-1976
-2051
-2392
-3196
-3782
-3932
-4248
-4868
-5216
-5136
-5113
-5112
-4593
-3654
-2946
-2494
-1700
-546
370
982
1767
2681
3247
3589
4243
5134
5696
5910
6221
6650
6920
7016
7070
7052
6808
6383
5957
5492
4870
4164
3439
2577
1584
688
-59
-902
-1892
-2774
-3440
-4041
-4610
-4979
-5081
-5084
-5091
-4969
-4698
-4520
-4533
-4547
-4452
-4407
-4471
-4486
-4445
-4534
-4768
-5023
-5268
-5609
-6162
-6929
-7912
-9016
-9792
-9918
-9713
-9659
-9583
-8857
-7486
-6069
-4756
-3116
-1138
539
1709
2946
4509
5836
6551
6979
7424
7795
8100
8510
8901
9047
9104
9300
9404
9188
9002
8982
8536
7441
6451
6020
5427
4150
2908
2282
1675
619
-264
-445
-520
-1098
-1719
-1858
-1839
-2076
-2411
-2655
-3001
-3512
-3882
-4098
-4462
-4908
-5111
-5136
-5242
-5218
-4717
-3972
-3450
-3051
-2294
-1231
-365
258
1011
1887
2572
3107
3799
4602
5188
5534
5856
6183
6412
6517
6496
6338
6083
5804
5489
5025
4438
3880
3269
2416
1434
640
-10
-897
-1961
-2778
-3300
-3892
-4569
-4952
-4962
-4959
-5063
-4966
-4614
-4392
-4476
-4510
-4288
-4153
-4277
-4324
-4184
-4180
-4434
-4773
-5041
-5372
-6014
-6906
-7917
-9034
-9943
-10211
-9962
-9705
-9529
-8922
-7617
-6027
-4543
-2954
-1067
718
2067
3327
4884
6381
7314
7849
8335
8767
9158
9648
10093
10195
10067
10100
10181
9946
9612
9476
9052
7940
6815
6301
5806
4641
3344
2609
1980
884
-110
-327
-337
-923
-1695
-1910
-1793
-1980
-2399
-2711
-3047
-3553
-4021
-4361
-4728
-5155
-5434
-5561
-5698
-5645
-5121
-4412
-3930
-3471
-2613
-1544
-766
-176
687
1652
2257
2704
3500
4495
5145
5492
5967
6553
6893
6979
7044
7047
6796
6390
6035
5610
4928
4134
3387
2533
1505
561
-198
-1058
-2090
-2974
-3555
-4088
-4704
-5133
-5222
-5222
-5287
-5256
-5035
-4827
-4830
-4884
-4780
-4661
-4717
-4806
-4801
-4830
-4990
-5213
-5418
-5711
-6237
-6957
-7841
-8916
-9880
-10238
-10029
-9829
-9836
-9482
-8337
-6807
-5432
-4027
-2214
-302
1185
2486
4136
5874
7008
7574
8087
8652
9095
9484
9867
9994
9840
9788
9881
9753
9459
9335
9069
8167
7103
6603
6269
5316
4070
3292
2729
1719
636
260
236
-292
-1126
-1474
-1400
-1550
-1981
-2326
-2625
-3089
-3578
-3943
-4319
-4784
-5133
-5278
-5386
-5391
-5039
-4437
-3968
-3590
-2910
-1952
-1147
-501
378
1365
2015
2509
3379
4528
5330
5698
6175
6873
7325
7416
7520
7641
7421
6894
6452
6106
5518
4700
3913
3130
2207
1320
647
-56
-995
-1874
-2452
-2979
-3670
-4247
-4504
-4706
-5056
-5326
-5261
-5038
-5007
-5137
-5110
-4912
-4822
-4906
-4985
-5030
-5198
-5519
-5878
-6236
-6693
-7365
-8323
-9501
-10574
-11089
-10999
-10772
-10685
-10361
-9348
-7864
-6377
-4847
-2986
-999
642
2068
3705
5426
6724
7526
8135
8628
8983
9382
9836
9974
9771
9728
9932
9852
9435
9232
9136
8417
7216
6462
6141
5325
3981
2999
2449
1555
388
-161
-186
-669
-1600
-2003
-1797
-1879
-2390
-2672
-2709
-3127
-3835
-4185
-4265
-4673
-5290
-5553
-5523
-5568
-5489
-4930
-4249
-3904
-3474
-2458
-1349
-650
91
1211
2178
2671
3308
4547
5724
6161
6367
7023
7761
7967
7895
7968
7946
7533
6988
6585
6161
5532
4790
4017
3194
2420
1787
1081
117
-833
-1527
-2205
-3078
-3852
-4297
-4658
-5103
-5370
-5255
-5019
-4954
-4937
-4751
-4533
-4517
-4606
-4614
-4670
-4977
-5393
-5704
-6000
-6470
-7121
-7907
-8914
-10059
-10825
-10850
-10527
-10432
-10367
-9661
-8285
-6844
-5502
-3819
-1790
-52
1275
2773
4564
6072
7000
7663
8267
8683
9018
9484
9844
9782
9628
9776
9862
9526
9183
9106
8679
7599
6631
6242
5719
4552
3391
2745
2061
972
136
-105
-468
-1324
-1991
-2102
-2244
-2718
-3103
-3295
-3737
-4381
-4716
-4801
-5135
-5629
-5788
-5707
-5779
-5795
-5303
-4608
-4254
-3961
-3158
-2095
-1326
-658
337
1408
2129
2781
3843
5036
5746
6098
6663
7392
7762
7727
7690
7727
7494
6923
6349
5945
5476
4722
3865
3167
2585
1892
1041
204
-532
-1271
-2114
-2945
-3561
-4028
-4553
-5043
-5199
-5048
-4937
-4969
-4853
-4479
-4219
-4317
-4444
-4305
-4231
-4583
-5085
-5350
-5576
-6099
-6744
-7291
-8050
-9248
-10326
-10585
-10272
-10159
-10237
-9738
-8481
-7137
-5955
-4400
-2309
-422
900
2337
4252
5954
6959
7726
8578
9146
9340
9687
10261
10408
10077
10034
10335
10195
9607
9355
9316
8599
7372
6663
6409
5626
4294
3295
2695
1811
740
157
-95
-723
-1579
-1991
-2100
-2460
-2946
-3233
-3561
-4129
-4568
-4698
-4917
-5395
-5729
-5739
-5760
-5874
-5679
-5124
-4677
-4423
-3886
-2964
-2077
-1335
-443
586
1427
2165
3177
4372
5270
5821
6414
7094
7525
7646
7719
7777
7570
7090
6617
6239
5757
5047
4267
3551
2860
2148
1410
612
-251
-1093
-1868
-2658
-3471
-4142
-4610
-5039
-5444
-5601
-5454
-5272
-5238
-5164
-4894
-4659
-4668
-4725
-4651
-4696
-5090
-5582
-5899
-6222
-6775
-7413
-8005
-8807
-9905
-10720
-10705
-10230
-10040
-9989
-9251
-7763
-6314
-5112
-3564
-1533
240
1515
2974
4801
6277
7151
7915
8680
9176
9522
10008
10400
10295
10082
10308
10448
9908
9310
9264
9061
8034
6950
6587
6255
5177
3960
3313
2750
1744
825
464
86
-752
-1464
-1630
-1808
-2350
-2796
-2982
-3361
-3941
-4234
-4305
-4645
-5144
-5308
-5251
-5379
-5456
-5062
-4499
-4233
-3944
-3152
-2177
-1499
-850
134
1131
1788
2469
3544
4614
5250
5741
6416
6988
7185
7264
7408
7349
6942
6507
6237
5849
5174
4485
3906
3218
2420
1756
1189
398
-599
-1434
-2063
-2804
-3668
-4288
-4604
-4950
-5350
-5436
-5178
-4987
-4976
-4820
-4469
-4303
-4430
-4485
-4388
-4576
-5131
-5597
-5833
-6250
-6968
-7625
-8207
-9129
-10333
-11052
-10916
-10556
-10543
-10410
-9447
-7937
-6584
-5294
-3546
-1508
147
1482
3133
4982
6320
7117
7891
8653
9108
9417
9891
10280
10228
10122
10362
10434
9949
9514
9497
9184
8137
7168
6848
6386
5174
3897
3182
2496
1379
389
-75
-539
-1360
-2023
-2244
-2465
-2889
-3169
-3347
-3767
-4213
-4298
-4360
-4829
-5298
-5299
-5268
-5595
-5677
-5089
-4490
-4353
-4006
-2936
-1811
-1183
-493
710
1872
2576
3335
4515
5595
6180
6648
7264
7709
7790
7782
7792
7557
7040
6604
6340
5909
5231
4606
4069
3389
2632
1981
1327
460
-526
-1382
-2135
-2998
-3872
-4469
-4861
-5319
-5710
-5675
-5349
-5169
-5094
-4783
-4311
-4089
-4151
-4144
-4069
-4316
-4871
-5316
-5603
-6085
-6776
-7382
-7990
-8936
-10051
-10675
-10597
-10337
-10280
-10033
-9084
-7676
-6344
-5013
-3304
-1407
142
1443
3004
4700
5949
6733
7453
8136
8574
8904
9367
9702
9638
9580
9806
9837
9397
9023
8962
8550
7502
6624
6314
5766
4563
3427
2787
2037
907
50
-307
-817
-1657
-2207
-2306
-2555
-3055
-3291
-3355
-3761
-4296
-4428
-4408
-4767
-5240
-5339
-5326
-5554
-5634
-5217
-4733
-4496
-4036
-3095
-2150
-1443
-563
585
1538
2243
3219
4459
5344
5802
6418
7206
7574
7501
7521
7666
7438
6833
6383
6166
5716
4986
4378
3895
3252
2541
1941
1292
477
-355
-1087
-1850
-2754
-3551
-4052
-4503
-5028
-5335
-5223
-4958
-4794
-4580
-4184
-3807
-3609
-3484
-3360
-3370
-3622
-3989
-4352
-4783
-5323
-5887
-6468
-7213
-8180
-9162
-9826
-9995
-9843
-9683
-9490
-8827
-7581
-6183
-4873
-3362
-1529
143
1451
2844
4487
5915
6862
7580
8220
8651
8967
9419
9792
9726
9554
9731
9873
9494
9021
8939
8667
7639
6609
6280
5903
4729
3447
2805
2206
1034
-51
-431
-787
-1650
-2344
-2418
-2533
-3067
-3440
-3464
-3760
-4372
-4623
-4548
-4807
-5300
-5440
-5367
-5539
-5662
-5265
-4717
-4504
-4191
-3324
-2373
-1746
-1002
185
1312
2014
2816
4087
5226
5748
6186
6958
7538
7536
7394
7471
7403
6863
6229
5876
5499
4796
4069
3588
3077
2318
1558
952
262
-646
-1506
-2174
-2907
-3779
-4441
-4797
-5139
-5495
-5543
-5217
-4904
-4725
-4392
-3925
-3719
-3798
-3786
-3665
-3811
-4287
-4706
-4961
-5377
-6036
-6629
-7161
-8013
-9154
-9989
-10161
-9966
-9816
-9653
-9056
-7906
-6521
-5146
-3627
-1799
-5
1447
2853
4476
6019
7152
7949
8538
8898
9179
9629
10059
10045
9819
9904
10082
9776
9238
9084
8902
7958
6800
6355
6103
5066
3706
2983
2509
1427
224
-263
-552
-1389
-2213
-2350
-2334
-2780
-3222
-3221
-3335
-3902
-4268
-4171
-4312
-4869
-5178
-5094
-5176
-5413
-5182
-4556
-4208
-4051
-3395
-2321
-1484
-823
180
1385
2264
2939
3937
5115
5884
6294
6799
7304
7484
7465
7464
7309
6827
6271
5873
5429
4748
4062
3531
2903
2066
1321
766
90
-837
-1689
-2275
-2904
-3713
-4330
-4609
-4901
-5275
-5363
-5069
-4770
-4630
-4360
-3912
-3666
-3704
-3656
-3475
-3556
-3992
-4407
-4666
-5107
-5836
-6526
-7095
-7917
-9103
-10157
-10580
-10476
-10298
-10174
-9737
-8682
-7248
-5848
-4470
-2783
-898
671
1968
3457
5084
6370
7213
7831
8252
8515
8933
9493
9646
9353
9341
9731
9702
9126
8860
8964
8371
7062
6347
6349
5670
4095
3011
2693
1900
490
-278
-338
-883
-1912
-2310
-2063
-2211
-2856
-3131
-3051
-3402
-4037
-4239
-4237
-4637
-5155
-5277
-5253
-5375
-5280
-4770
-4296
-4010
-3417
-2396
-1475
-760
219
1429
2322
2972
3966
5188
6007
6451
7025
7631
7849
7851
7998
8031
7566
6946
6632
6340
5644
4829
4288
3744
2888
2062
1558
995
72
-847
-1430
-1976
-2776
-3509
-3906
-4291
-4851
-5194
-5125
-5023
-5079
-5008
-4689
-4429
-4370
-4249
-3983
-3915
-4162
-4409
-4570
-4925
-5511
-6097
-6685
-7494
-8520
-9554
-10394
-10815
-10748
-10443
-10149
-9586
-8347
-6664
-5104
-3648
-1845
111
1650
2908
4397
5964
7016
7535
7946
8347
8645
8938
9191
9136
8924
8995
9195
9017
8634
8524
8340
7486
6467
6104
5828
4670
3186
2418
1913
755
-506
-949
-1138
-1946
-2796
-2842
-2609
-2922
-3413
-3472
-3497
-3923
-4261
-4219
-4407
-4978
-5234
-5073
-5135
-5409
-5177
-4526
-4194
-4050
-3297
-2076
-1245
-709
290
1591
2456
3073
4103
5287
5926
6232
6794
7413
7572
7470
7511
7459
7025
6537
6298
6001
5367
4696
4248
3760
3062
2401
1856
1156
296
-419
-979
-1664
-2439
-2998
-3400
-3920
-4380
-4458
-4338
-4373
-4405
-4107
-3654
-3438
-3394
-3226
-3047
-3189
-3525
-3782
-4107
-4692
-5337
-5890
-6564
-7456
-8343
-9145
-9941
-10478
-10401
-9978
-9729
-9386
-8288
-6648
-5227
-3962
-2258
-302
1221
2444
3963
5576
6628
7210
7833
8417
8696
8943
9309
9379
9116
9087
9337
9243
8788
8581
8494
7818
6798
6285
6003
5018
3617
2754
2196
1130
-91
-655
-959
-1780
-2662
-2856
-2821
-3254
-3760
-3854
-3985
-4477
-4790
-4717
-4910
-5491
-5709
-5460
-5479
-5774
-5542
-4833
-4470
-4338
-3578
-2320
-1450
-941
-24
1281
2272
2964
3912
5027
5780
6225
6779
7357
7624
7656
7648
7488
7123
6777
6481
6025
5407
4842
4334
3725
3048
2424
1794
1048
267
-415
-1072
-1747
-2364
-2914
-3487
-4027
-4341
-4475
-4632
-4791
-4760
-4562
-4364
-4210
-4056
-3916
-3839
-3882
-4031
-4204
-4448
-4848
-5335
-5837
-6414
-7073
-7774
-8539
-9354
-10006
-10157
-9832
-9462
-9118
-8275
-6795
-5240
-3878
-2282
-306
1483
2806
4141
5749
7114
7885
8417
8973
9350
9528
9743
9881
9719
9508
9514
9441
9044
8671
8495
8010
7011
6149
5730
5068
3831
2698
2026
1221
51
-836
-1215
-1724
-2566
-3124
-3201
-3351
-3783
-4108
-4247
-4493
-4820
-4983
-5109
-5414
-5657
-5619
-5571
-5655
-5505
-4975
-4500
-4202
-3590
-2532
-1569
-922
-170
913
1952
2707
3472
4417
5251
5781
6238
6781
7208
7374
7383
7304
7121
6882
6595
6187
5671
5134
4582
3961
3296
2656
2011
1290
542
-123
-728
-1355
-1959
-2496
-3014
-3518
-3900
-4138
-4337
-4521
-4603
-4545
-4397
-4216
-4066
-4012
-4019
-4012
-4021
-4141
-4378
-4647
-4939
-5372
-5943
-6487
-6977
-7606
-8456
-9298
-9776
-9756
-9481
-9195
-8761
-7829
-6483
-5104
-3737
-2137
-327
1275
2573
3884
5317
6522
7294
7831
8273
8586
8844
9115
9223
9106
9049
9143
9047
8677
8435
8340
7846
6923
6235
5894
5236
4097
3113
2475
1632
514
-247
-590
-1160
-2023
-2521
-2613
-2908
-3458
-3775
-3914
-4317
-4827
-5004
-5039
-5347
-5683
-5627
-5451
-5510
-5428
-4832
-4161
-3811
-3303
-2244
-1135
-432
286
1413
2528
3253
3946
4926
5793
6238
6592
7110
7494
7542
7503
7510
7357
7002
6655
6341
5891
5309
4740
4146
3437
2716
2070
1370
570
-184
-850
-1544
-2249
-2816
-3282
-3798
-4275
-4518
-4614
-4789
-4958
-4858
-4575
-4463
-4536
-4497
-4345
-4362
-4593
-4777
-4860
-5101
-5604
-6133
-6509
-6894
-7457
-8098
-8692
-9261
-9659
-9597
-9141
-8681
-8219
-7312
-5899
-4435
-3088
-1552
209
1761
2984
4256
5666
6793
7464
7956
8391
8654
8837
9074
9145
8921
8751
8783
8618
8129
7774
7606
7051
6079
5409
5126
4456
3235
2234
1690
911
-247
-1051
-1337
-1836
-2711
-3232
-3245
-3428
-3973
-4317
-4365
-4591
-4995
-5139
-5104
-5281
-5502
-5403
-5171
-5104
-4882
-4221
-3537
-3105
-2452
-1354
-364
245
986
2088
3006
3513
4153
5094
5785
6074
6448
7033
7394
7431
7505
7649
7560
7257
7001
6727
6238
5642
5105
4485
3691
2952
2371
1690
828
43
-561
-1198
-1908
-2468
-2865
-3316
-3821
-4146
-4267
-4404
-4595
-4667
-4598
-4530
-4504
-4452
-4416
-4448
-4522
-4646
-4826
-5042
-5292
-5661
-6139
-6564
-6899
-7329
-7981
-8684
-9102
-9110
-8901
-8641
-8239
-7454
-6276
-4962
-3635
-2156
-491
1042
2261
3452
4811
6027
6783
7245
7671
8020
8222
8370
8464
8420
8320
8286
8205
7988
7803
7667
7246
6496
5849
5446
4817
3761
2735
1980
1153
111
-746
-1273
-1853
-2599
-3135
-3357
-3588
-3940
-4201
-4378
-4641
-4884
-4943
-5004
-5244
-5417
-5321
-5186
-5152
-4932
-4359
-3753
-3275
-2613
-1651
-735
-15
787
1725
2468
2995
3641
4405
4933
5226
5646
6193
6559
6749
7022
7319
7402
7334
7301
7180
6788
6262
5776
5192
4412
3649
2999
2268
1404
667
111
-533
-1300
-1888
-2225
-2593
-3087
-3493
-3736
-3991
-4295
-4509
-4641
-4780
-4854
-4785
-4716
-4755
-4763
-4656
-4623
-4769
-4902
-4936
-5107
-5525
-5947
-6215
-6542
-7152
-7917
-8484
-8625
-8450
-8214
-7927
-7266
-6083
-4721
-3433
-2003
-271
1363
2563
3681
5064
6331
7009
7347
7751
8083
8127
8113
8214
8189
7961
7818
7815
7683
7420
7244
6958
6267
5448
4910
4357
3314
2071
1154
367
-691
-1726
-2316
-2761
-3456
-4087
-4268
-4278
-4494
-4751
-4815
-4850
-4995
-5076
-5050
-5109
-5214
-5132
-4937
-4814
-4582
-4028
-3384
-2890
-2274
-1312
-313
442
1208
2163
3003
3551
4103
4780
5290
5556
5862
6275
6524
6625
6836
7050
6996
6823
6813
6748
6312
5718
5302
4849
4061
3201
2583
1958
1041
137
-450
-1001
-1789
-2507
-2872
-3153
-3604
-3981
-4096
-4204
-4430
-4554
-4527
-4568
-4649
-4537
-4351
-4360
-4442
-4337
-4209
-4312
-4441
-4392
-4435
-4779
-5099
-5187
-5384
-5936
-6540
-6952
-7258
-7412
-7221
-6833
-6466
-5889
-4827
-3499
-2284
-1105
302
1719
2840
3867
5025
6042
6603
6918
7283
7621
7795
7918
8045
8063
8012
8031
8039
7895
7701
7516
7074
6299
5588
5104
4383
3190
2005
1172
341
-699
-1557
-2058
-2592
-3289
-3717
-3784
-3915
-4234
-4410
-4419
-4562
-4777
-4782
-4714
-4854
-5005
-4865
-4612
-4460
-4190
-3637
-3058
-2568
-1864
-867
34
715
1492
2407
3130
3629
4202
4829
5221
5455
5808
6221
6447
6562
6737
6818
6673
6523
6481
6255
5699
5120
4695
4118
3253
2442
1823
1067
88
-717
-1211
-1779
-2556
-3172
-3476
-3809
-4302
-4633
-4701
-4800
-5042
-5171
-5111
-5059
-5065
-4975
-4800
-4697
-4650
-4517
-4332
-4239
-4244
-4278
-4362
-4532
-4768
-5071
-5453
-5906
-6444
-7000
-7291
-7128
-6773
-6551
-6210
-5271
-3888
-2618
-1554
-274
1273
2580
3504
4441
5528
6342
6634
6732
6974
7293
7467
7479
7444
7481
7563
7544
7376
7200
7056
6673
5896
5066
4506
3899
2816
1536
588
-134
-1026
-1943
-2478
-2778
-3218
-3648
-3722
-3584
-3599
-3730
-3755
-3720
-3749
-3758
-3720
-3774
-3881
-3830
-3641
-3487
-3263
-2774
-2177
-1682
-1077
-129
901
1665
2326
3152
3960
4497
4923
5423
5818
5965
6082
6334
6539
6585
6585
6571
6412
6157
5977
5762
5292
4642
4051
3465
2712
1897
1191
466
-415
-1246
-1810
-2275
-2857
-3415
-3775
-4054
-4380
-4633
-4714
-4762
-4879
-4949
-4888
-4778
-4666
-4510
-4353
-4264
-4164
-3969
-3796
-3779
-3830
-3844
-3934
-4206
-4538
-4817
-5148
-5655
-6250
-6713
-6902
-6842
-6656
-6409
-5940
-5087
-3989
-2881
-1761
-480
822
1878
2761
3733
4718
5366
5661
5910
6231
6493
6665
6829
6966
7046
7105
7143
7078
6942
6750
6324
5559
4735
4106
3401
2323
1158
295
-421
-1276
-2037
-2398
-2596
-2960
-3296
-3306
-3142
-3148
-3304
-3432
-3516
-3629
-3768
-3913
-4051
-4105
-4074
-4008
-3843
-3401
-2762
-2170
-1610
-806
234
1178
1932
2707
3535
4202
4660
5098
5575
5896
6010
6108
6275
6415
6493
6522
6466
6284
6076
5914
5665
5198
4609
4052
3445
2687
1916
1270
618
-190
-976
-1524
-1928
-2387
-2851
-3180
-3413
-3628
-3781
-3849
-3916
-3991
-3990
-3946
-3943
-3904
-3740
-3610
-3654
-3701
-3549
-3368
-3405
-3544
-3567
-3588
-3819
-4181
-4479
-4783
-5263
-5853
-6337
-6605
-6694
-6649
-6469
-6084
-5395
-4446
-3392
-2297
-1113
123
1246
2217
3151
4036
4715
5148
5451
5700
5899
6091
6268
6310
6254
6300
6421
6349
6056
5805
5561
4987
4131
3415
2846
2005
884
-42
-649
-1287
-2020
-2519
-2742
-2982
-3272
-3365
-3277
-3262
-3371
-3457
-3534
-3666
-3771
-3792
-3848
-3962
-3935
-3695
-3388
-3052
-2532
-1824
-1108
-407
428
1379
2243
2959
3635
4286
4821
5236
5596
5851
5954
5996
6076
6104
6018
5908
5800
5589
5238
4907
4616
4190
3581
2957
2406
1792
1098
447
-140
-793
-1464
-1984
-2371
-2791
-3206
-3455
-3593
-3758
-3894
-3860
-3748
-3723
-3713
-3569
-3347
-3188
-3069
-2920
-2777
-2711
-2661
-2580
-2547
-2625
-2751
-2887
-3091
-3387
-3722
-4060
-4470
-4958
-5380
-5558
-5526
-5409
-5200
-4725
-3932
-3012
-2078
-1073
45
1099
1968
2765
3577
4283
4759
5081
5375
5650
5879
6072
6237
6346
6432
6497
6471
6305
6060
5727
5197
4474
3746
3064
2261
1329
499
-148
-764
-1373
-1791
-2028
-2279
-2539
-2658
-2670
-2776
-2976
-3151
-3341
-3621
-3872
-3983
-4095
-4274
-4302
-4057
-3738
-3438
-2944
-2193
-1456
-836
-90
840
1669
2254
2819
3470
4011
4346
4636
4948
5142
5212
5298
5417
5431
5349
5261
5121
4845
4503
4178
3772
3208
2614
2084
1523
849
186
-381
-940
-1539
-2073
-2470
-2830
-3189
-3477
-3637
-3756
-3863
-3938
-3959
-3949
-3932
-3889
-3828
-3713
-3591
-3505
-3452
-3367
-3262
-3200
-3235
-3308
-3389
-3519
-3728
-4020
-4326
-4660
-5018
-5399
-5669
-5720
-5569
-5333
-4985
-4367
-3475
-2494
-1516
-478
601
1586
2479
3322
4047
4624
5089
5452
5684
5851
6095
6360
6436
6380
6456
6622
6561
6242
5933
5650
5134
4365
3627
2992
2239
1330
505
-96
-606
-1105
-1513
-1772
-1940
-2057
-2130
-2199
-2284
-2388
-2546
-2778
-3003
-3128
-3238
-3419
-3546
-3435
-3164
-2897
-2554
-1970
-1239
-591
45
848
1711
2381
2893
3443
4002
4378
4586
4781
4952
4990
4952
4965
4976
4876
4712
4564
4381
4092
3753
3411
2977
2434
1870
1357
808
177
-439
-951
-1427
-1922
-2351
-2657
-2894
-3139
-3324
-3407
-3435
-3475
-3498
-3480
-3443
-3406
-3367
-3316
-3263
-3210
-3187
-3193
-3202
-3194
-3237
-3367
-3520
-3636
-3800
-4085
-4387
-4610
-4850
-5204
-5497
-5530
-5388
-5256
-5048
-4559
-3829
-3055
-2266
-1364
-375
547
1369
2156
2903
3542
4051
4448
4739
4980
5245
5494
5602
5623
5737
5906
5889
5652
5445
5267
4859
4176
3526
3004
2340
1468
681
138
-368
-935
-1370
-1591
-1763
-1937
-2020
-2033
-2096
-2185
-2247
-2371
-2606
-2783
-2844
-2961
-3159
-3184
-2948
-2680
-2473
-2079
-1403
-707
-136
512
1341
2125
2712
3216
3760
4227
4522
4685
4803
4874
4885
4843
4767
4681
4590
4469
4293
4083
3866
3607
3258
2842
2405
1950
1462
944
415
-97
-573
-1003
-1414
-1805
-2118
-2343
-2528
-2706
-2819
-2842
-2849
-2887
-2895
-2838
-2797
-2821
-2837
-2801
-2811
-2908
-3010
-3055
-3145
-3344
-3551
-3676
-3823
-4103
-4392
-4557
-4693
-4940
-5186
-5199
-5001
-4816
-4660
-4292
-3637
-2926
-2296
-1585
-679
215
915
1544
2272
2974
3438
3746
4089
4457
4697
4816
4957
5128
5214
5209
5189
5129
4946
4633
4254
3799
3259
2653
2019
1366
705
87
-456
-917
-1313
-1650
-1910
-2070
-2165
-2266
-2379
-2450
-2487
-2591
-2762
-2886
-2927
-2991
-3100
-3081
-2880
-2634
-2411
-2059
-1525
-931
-388
205
902
1608
2228
2769
3303
3777
4161
4409
4569
4658
4694
4654
4543
4404
4243
4035
3790
3561
3311
3002
2691
2408
2068
1654
1278
933
529
28
-414
-735
-1089
-1538
-1907
-2085
-2223
-2414
-2550
-2523
-2430
-2382
-2347
-2230
-2073
-1974
-1966
-1956
-1920
-1930
-2050
-2223
-2368
-2517
-2729
-2975
-3189
-3388
-3600
-3802
-3948
-4054
-4112
-4079
-3944
-3747
-3479
-3094
-2631
-2126
-1558
-920
-289
298
886
1484
2021
2475
2891
3290
3599
3814
4025
4236
4345
4378
4412
4422
4333
4157
3979
3751
3387
2961
2576
2150
1612
1061
613
205
-284
-740
-1021
-1224
-1497
-1748
-1846
-1897
-2029
-2184
-2249
-2275
-2347
-2451
-2499
-2496
-2476
-2421
-2299
-2112
-1861
-1543
-1161
-752
-300
210
744
1252
1723
2199
2654
3006
3246
3445
3600
3649
3602
3523
3429
3286
3101
2901
2701
2505
2313
2112
1878
1633
1388
1131
818
460
122
-187
-525
-885
-1199
-1432
-1616
-1814
-1955
-2014
-1995
-2017
-2060
-2043
-1959
-1936
-2018
-2069
-2042
-2065
-2229
-2383
-2425
-2480
-2677
-2870
-2937
-2985
-3159
-3348
-3412
-3418
-3498
-3588
-3539
-3390
-3242
-3077
-2789
-2377
-1933
-1497
-996
-418
144
643
1157
1681
2123
2476
2808
3118
3334
3458
3588
3723
3764
3723
3714
3736
3666
3490
3332
3219
3005
2660
2335
2065
1734
1306
888
576
280
-89
-421
-616
-779
-1016
-1226
-1335
-1416
-1546
-1670
-1704
-1700
-1742
-1788
-1741
-1629
-1544
-1454
-1258
-999
-762
-560
-281
83
415
690
1015
1397
1717
1957
2182
2418
2609
2710
2736
2752
2757
2678
2518
2362
2236
2077
1858
1644
1464
1291
1069
836
627
438
219
-16
-236
-436
-612
-795
-961
-1094
-1185
-1272
-1355
-1427
-1472
-1506
-1569
-1635
-1682
-1724
-1805
-1899
-1964
-2014
-2094
-2187
-2245
-2293
-2380
-2485
-2555
-2621
-2725
-2850
-2931
-2992
-3069
-3125
-3101
-3007
-2876
-2703
-2445
-2117
-1766
-1408
-991
-541
-116
259
632
996
1298
1529
1741
1962
2125
2228
2321
2439
2527
2561
2589
2646
2667
2609
2541
2469
2339
2168
1983
1775
1553
1322
1070
838
611
380
182
3
-182
-343
-462
-567
-671
-753
-797
-823
-849
-856
-822
-751
-661
-557
-423
-245
-47
159
377
625
887
1126
1340
1548
1735
1881
1994
2079
2147
2185
2189
2165
2122
2073
2007
1922
1831
1733
1623
1485
1326
1150
969
772
560
341
119
-95
-302
-504
-686
-837
-964
-1072
-1162
-1227
-1276
-1321
-1362
-1407
-1448
-1497
-1560
-1634
-1707
-1777
-1843
-1908
-1966
-2002
-2034
-2068
-2094
-2107
-2124
-2145
-2175
-2209
-2251
-2287
-2314
-2324
-2295
-2239
-2149
-2025
-1863
-1665
-1440
-1182
-911
-639
-378
-132
92
298
488
662
815
948
1066
1179
1285
1388
1491
1584
1669
1733
1772
1787
1774
1741
1682
1603
1510
1396
1276
1152
1020
888
754
621
485
350
221
90
-45
-172
-299
-410
-513
-603
-677
-723
-738
-724
-676
-598
-488
-350
-185
-8
183
380
575
758
923
1071
1193
1295
1382
1448
1501
1545
1577
1600
1615
1624
1629
1628
1614
1584
1532
1454
1357
1236
1094
934
760
581
399
213
35
-128
-271
-395
-503
-584
-645
-695
-742
-788
-834
-891
-955
-1035
-1117
-1202
-1282
-1355
-1414
-1455
-1488
-1506
-1510
-1499
-1483
-1465
-1450
-1442
-1439
-1445
-1450
-1449
-1433
-1401
-1355
-1291
-1211
-1110
-989
-854
-703
-560
-424
-298
-190
-91
2
91
169
244
308
368
430
499
574
648
725
791
836
872
894
904
905
905
900
890
883
867
853
837
822
797
771
738
696
640
578
506
428
353
285
219
157
110
66
32
13
7
11
21
37
45
60
73
88
106
121
141
153
169
188
211
237
267
289
303
310
309
307
300
289
272
242
209
170
128
87
46
13
-22
-63
-111
-165
-216
-274
-332
-400
-456
-514
-576
-638
-685
-725
-766
-793
-814
-844
-867
-879
-898
-906
-904
-910
-911
-909
-911
-905
-899
-894
-882
-856
-824
-788
-741
-677
-601
-519
-418
-307
-189
-61
73
200
320
434
533
622
696
763
810
845
874
889
898
906
914
923
932
940
943
935
926
911
892
871
850
829
812
802
793
785
778
769
760
739
709
664
612
549
474
394
308
226
148
74
10
-47
-94
-136
-174
-202
-223
-252
-284
-320
-356
-395
-429
-461
-495
-521
-545
-562
-569
-563
-546
-523
-489
-462
-435
-405
-373
-341
-315
-291
-278
-276
-280
-287
-290
-291
-291
-291
-289
-285
-281
-275
-269
-265
-263
-261
-264
-269
-279
-291
-308
-326
-348
-371
-387
-405
-418
-424
-426
-422
-412
-397
-382
-367
-356
-349
-351
-345
-345
-344
-337
-327
-309
-289
-258
-219
-170
-107
-37
37
117
194
269
339
403
464
515
564
600
626
649
664
676
692
700
704
701
684
667
640
612
589
569
555
541
534
534
545
559
574
580
583
572
543
500
449
389
324
257
185
118
55
9
-29
-59
-82
-105
-129
-150
-176
-210
-244
-278
-311
-348
-377
-401
-426
-445
-460
-468
-470
-464
-448
-425
-398
-369
-344
-319
-291
-256
-218
-183
-146
-116
-93
-75
-60
-41
-21
5
33
54
75
92
99
100
99
93
83
64
39
3
-39
-80
-119
-153
-180
-195
-200
-199
-192
-181
-173
-161
-154
-151
-158
-170
-183
-196
-200
-199
-192
-171
-133
-89
-37
18
75
127
168
200
222
234
238
240
239
238
241
245
255
270
290
311
331
346
345
330
299
251
193
128
71
19
-29
-55
-70
-68
-51
-25
15
49
89
112
124
125
107
76
36
-19
-88
-147
-198
-244
-277
-284
-282
-274
-249
-220
-204
-186
-165
-163
-163
-171
-198
-226
-261
-293
-318
-339
-348
-344
-320
-283
-236
-190
-141
-93
-52
-9
27
64
93
124
151
176
208
249
298
354
417
481
531
568
588
596
586
561
519
462
396
321
241
168
105
57
19
-7
-21
-29
-29
-32
-34
-47
-72
-106
-150
-204
-260
-312
-354
-384
-397
-394
-368
-323
-268
-204
-140
-76
-27
5
26
40
36
20
-1
-22
-37
-48
-48
-34
-10
23
59
99
142
172
187
189
176
151
113
72
33
-4
-36
-61
-75
-74
-63
-45
-18
10
35
49
53
46
29
-1
-43
-94
-146
-193
-235
-266
-285
-289
-284
-271
-251
-228
-204
-183
-168
-161
-161
-167
-179
-192
-204
-214
-216
-213
-193
-165
-131
-94
-64
-35
-20
-12
-9
-7
-7
-9
-9
-1
16
40
73
117
170
226
277
319
346
368
378
377
366
346
322
298
272
248
228
215
212
213
214
218
222
231
236
236
226
201
172
133
88
39
-8
-47
-74
-94
-99
-91
-68
-34
0
34
60
78
79
70
48
18
-18
-54
-81
-100
-106
-99
-81
-55
-25
8
35
51
55
49
34
10
-17
-46
-73
-89
-96
-88
-68
-44
-12
15
40
61
65
61
45
15
-24
-67
-112
-160
-195
-222
-242
-255
-260
-260
-264
-264
-266
-276
-286
-301
-318
-334
-348
-351
-340
-320
-291
-255
-214
-168
-123
-83
-43
-11
8
13
14
9
1
-4
-2
10
31
53
82
114
148
182
216
243
257
261
253
233
208
180
154
134
116
105
99
102
109
119
137
154
162
168
163
154
134
106
81
53
35
18
15
18
30
51
65
74
70
67
47
13
-39
-86
-141
-195
-232
-249
-251
-233
-196
-149
-87
-25
23
64
90
97
93
67
35
5
-20
-36
-41
-26
6
54
115
179
239
287
328
353
359
346
321
285
243
199
160
130
106
91
88
88
96
104
109
103
91
65
28
-13
-58
-102
-148
-183
-211
-229
-236
-231
-216
-195
-173
-152
-136
-131
-137
-146
-162
-184
-208
-240
-263
-283
-295
-294
-284
-260
-227
-187
-148
-115
-80
-49
-23
0
14
29
33
33
30
34
48
67
90
117
145
168
181
189
188
182
161
130
91
43
-8
-60
-104
-133
-152
-155
-150
-135
-112
-84
-54
-28
-3
9
14
10
0
-14
-31
-46
-64
-69
-68
-55
-34
-8
25
58
88
112
131
144
142
129
110
81
51
22
1
-13
-24
-22
-14
-6
4
17
29
35
33
27
17
4
-10
-26
-34
-39
-38
-33
-24
-12
0
10
20
24
21
23
17
9
-1
-10
-14
-15
-14
-6
2
19
38
57
70
76
83
86
84
70
52
29
10
-11
-30
-42
-48
-44
-35
-25
-14
-2
8
18
20
18
18
15
13
18
27
41
55
74
95
117
141
166
186
200
207
205
189
170
148
124
104
88
70
50
33
17
4
-6
-16
-24
-32
-48
-66
-84
-99
-115
-129
-141
-147
-153
-157
-158
-155
-149
-143
-139
-132
-122
-114
-108
-102
-97
-96
-97
-93
-84
-77
-67
-54
-44
-30
-21
-14
-2
3
4
2
0
-5
-14
-20
-26
-27
-30
-29
-26
-19
-11
-3
4
7
9
8
7
-1
-10
-17
-21
-26
-32
-31
-30
-25
-18
-7
4
7
12
12
9
11
9
11
5
3
0
-4
-6
-16
-24
-36
-47
-60
-73
-88
-93
-100
-111
-111
-110
-114
-110
-100
-94
-78
-60
-50
-28
-10
11
36
47
62
79
100
123
144
164
181
193
203
212
219
229
239
248
250
248
247
243
233
225
217
207
190
163
141
120
102
86
72
65
52
39
29
23
15
7
-1
-5
-9
-10
-13
-14
-16
-25
-37
-47
-57
-65
-74
-84
-93
-105
-116
-126
-131
-135
-140
-144
-144
-149
-152
-155
-151
-143
-136
-127
-119
-109
-97
-83
-69
-56
-45
-34
-25
-19
-12
-4
3
8
12
12
10
10
11
15
17
17
13
9
-1
-11
-22
-30
-36
-43
-48
-56
-65
-73
-80
-84
-89
-92
-93
-98
-102
-107
-113
-117
-117
-116
-115
-112
-106
-99
-85
-68
-47
-23
1
23
36
52
69
83
100
111
123
132
134
137
131
131
129
129
129
132
132
129
126
121
118
112
106
98
85
71
57
47
39
32
27
25
24
24
27
25
31
40
45
47
49
54
59
65
66
66
59
56
53
45
38
28
20
8
-4
-15
-22
-23
-22
-23
-28
-34
-40
-46
-52
-49
-47
-43
-39
-32
-25
-18
-12
-9
-2
5
11
11
11
14
16
19
16
16
13
15
15
17
22
23
23
20
13
7
-5
-11
-17
-23
-36
-49
-61
-75
-84
-92
-100
-110
-120
-129
-143
-156
-163
-172
-177
-183
-186
-188
-188
-183
-177
-166
-150
-131
-114
-94
-73
-55
-33
-13
8
28
44
62
73
90
101
112
121
130
137
143
147
148
148
143
140
136
128
118
110
100
88
78
66
52
42
31
24
17
12
9
7
9
7
10
11
8
7
8
13
12
13
9
10
11
8
-2
-8
-11
-18
-29
-36
-33
-39
-46
-49
-52
-63
-68
-71
-75
-70
-70
-74
-71
-69
-62
-51
-49
-44
-34
-18
-6
2
15
29
44
59
74
88
103
119
133
145
154
162
168
169
167
164
158
151
139
125
110
93
76
56
37
19
-1
-18
-36
-55
-74
-89
-102
-116
-126
-138
-143
-151
-155
-159
-159
-156
-151
-146
-141
-138
-134
-124
-121
-113
-104
-96
-85
-75
-65
-52
-40
-29
-17
-7
4
12
21
31
40
49
59
68
76
82
85
89
91
90
88
88
86
84
82
77
73
64
56
51
45
36
27
18
9
1
-7
-14
-17
-21
-27
-33
-40
-44
-50
-50
-50
-49
-51
-50
-51
-50
-48
-45
-42
-38
-34
-33
-28
-22
-19
-14
-9
-8
-4
2
10
17
16
19
24
28
33
31
35
40
44
47
47
50
54
51
52
52
49
43
34
31
26
19
11
5
-1
-5
-11
-16
-18
-21
-25
-30
-26
-29
-31
-32
-33
-32
-31
-30
-28
-24
-21
-17
-16
-11
-10
-9
-10
-9
-7
-4
-1
4
9
11
16
18
23
24
25
28
33
37
37
38
43
50
53
53
55
56
57
56
52
53
49
47
44
41
39
33
29
24
20
16
10
4
-2
-7
-13
-20
-27
-34
-39
-46
-52
-58
-63
-67
-70
-73
-77
-84
-86
-87
-89
-90
-86
-87
-84
-81
-80
-75
-70
-60
-52
-45
-33
-23
-14
-3
9
21
33
43
55
64
75
85
94
104
109
113
116
119
119
116
109
104
95
84
71
58
46
30
16
1
-14
-30
-47
-59
-72
-84
-93
-100
-105
-108
-110
-109
-112
-109
-108
-103
-95
-92
-85
-80
-73
-69
-65
-55
-49
-48
-46
-39
-33
-36
-27
-22
-19
-15
-11
-11
-2
6
6
12
14
19
28
35
37
45
54
66
76
82
90
98
107
117
124
130
135
144
150
152
155
156
158
158
156
152
148
140
132
120
106
94
83
65
51
32
14
-4
-20
-34
-49
-63
-79
-91
-108
-115
-123
-129
-135
-140
-142
-141
-142
-139
-133
-129
-123
-118
-106
-95
-87
-77
-67
-57
-46
-35
-27
-16
-4
3
12
20
28
33
41
50
53
54
57
60
61
58
58
56
52
46
41
36
30
23
14
6
-1
-11
-20
-31
-40
-48
-55
-59
-66
-69
-73
-76
-76
-78
-76
-72
-71
-67
-62
-55
-46
-43
-36
-26
-19
-13
-6
2
11
19
25
28
34
37
41
45
46
50
45
44
49
53
53
47
44
43
46
43
38
35
35
35
29
25
21
20
16
13
8
5
-1
-4
-6
-12
-14
-18
-23
-24
-24
-25
-23
-27
-25
-22
-21
-19
-18
-13
-7
-2
2
7
12
17
19
22
26
31
34
36
37
37
44
48
51
51
54
54
53
49
48
47
48
45
42
43
40
40
36
35
34
30
26
21
16
12
5
3
-1
-7
-14
-18
-21
-25
-31
-37
-39
-42
-50
-55
-60
-65
-73
-77
-83
-88
-91
-93
-96
-96
-95
-98
-100
-99
-95
-90
-88
-86
-80
-76
-67
-58
-49
-35
-26
-17
-7
6
19
30
41
53
62
72
80
88
93
99
105
109
112
111
110
107
104
102
94
88
79
70
61
51
41
26
18
7
-5
-14
-25
-31
-42
-52
-61
-67
-71
-77
-75
-78
-76
-75
-75
-69
-69
-64
-62
-54
-46
-40
-35
-30
-24
-18
-15
-12
-2
2
4
6
12
15
17
24
24
25
33
31
30
33
30
33
37
35
31
32
33
38
40
41
42
43
45
47
46
48
48
50
51
50
51
51
50
48
47
44
44
39
34
30
23
16
12
8
1
-5
-11
-15
-21
-25
-29
-34
-37
-40
-42
-45
-45
-45
-45
-46
-43
-43
-40
-37
-36
-31
-29
-27
-22
-22
-20
-15
-12
-11
-8
-5
-5
-1
2
5
8
8
7
6
9
11
11
9
11
13
10
9
8
5
2
0
-1
-4
-8
-12
-17
-21
-23
-30
-32
-34
-37
-41
-43
-44
-49
-50
-51
-49
-48
-48
-46
-46
-41
-40
-36
-32
-26
-21
-15
-9
-3
4
11
17
22
28
33
39
40
45
52
54
56
53
52
58
55
55
49
48
46
38
32
25
21
16
13
7
1
-6
-9
-16
-21
-24
-28
-31
-33
-33
-36
-39
-39
-39
-40
-35
-33
-31
-27
-24
-18
-12
-7
-1
3
9
12
17
21
29
32
37
40
43
44
46
49
48
49
48
50
51
52
53
52
48
48
48
42
41
39
35
35
32
28
26
21
19
16
12
8
2
-3
-7
-9
-14
-18
-22
-27
-28
-32
-33
-36
-37
-36
-40
-41
-45
-45
-43
-45
-42
-45
-44
-44
-44
-43
-41
-41
-41
-39
-41
-40
-38
-36
-35
-32
-30
-29
-27
-24
-22
-14
-11
-8
-4
0
7
11
16
20
26
29
34
37
38
40
42
41
41
40
42
39
36
31
26
24
17
11
5
4
-4
-11
-17
-21
-24
-29
-35
-36
-39
-44
-48
-47
-42
-43
-43
-42
-39
-32
-33
-30
-24
-19
-17
-14
-13
-9
-4
-3
0
1
4
8
7
6
11
12
11
16
15
11
18
22
20
22
20
20
25
26
24
24
29
32
36
36
34
35
38
41
42
43
44
44
43
43
42
42
44
44
44
39
37
36
35
32
27
23
20
15
13
10
7
4
-2
-6
-10
-11
-14
-20
-22
-27
-27
-28
-30
-32
-34
-36
-37
-37
-37
-38
-37
-37
-37
-34
-36
-34
-29
-28
-27
-25
-24
-24
-21
-17
-14
-11
-10
-6
-7
-6
-3
-2
-1
3
2
3
5
5
8
5
6
2
2
3
3
4
1
-1
-3
-5
-6
-10
-11
-12
-10
-13
-17
-18
-18
-15
-16
-13
-12
-11
-9
-8
-4
-2
1
4
8
11
13
16
17
23
23
27
28
27
31
31
31
29
25
26
25
23
20
16
12
8
4
-1
-4
-8
-11
-13
-16
-19
-23
-24
-25
-26
-27
-30
-29
-29
-28
-28
-28
-23
-22
-19
-15
-13
-8
-6
-3
2
7
10
13
13
19
24
25
27
32
34
35
36
35
37
38
36
34
33
32
32
30
29
28
27
24
21
17
15
12
9
7
4
3
0
0
-1
-4
-6
-7
-10
-8
-11
-10
-14
-15
-13
-14
-13
-16
-16
-15
-14
-14
-13
-13
-13
-12
-13
-13
-13
-14
-13
-15
-16
-16
-16
-15
-16
-17
-19
-17
-18
-17
-17
-18
-17
-18
-19
-14
-14
-11
-10
-7
-3
-2
-1
2
6
10
11
14
16
17
19
18
21
20
20
20
18
18
17
15
13
11
9
7
2
-2
-4
-8
-9
-12
-14
-17
-19
-22
-22
-25
-27
-30
-30
-27
-28
-26
-28
-26
-25
-24
-22
-21
-17
-15
-12
-12
-10
-5
-5
-3
-2
1
2
4
4
8
9
10
13
15
13
15
17
15
19
17
15
17
16
14
15
14
16
16
16
16
16
17
16
17
18
18
20
20
19
20
22
22
23
23
24
22
25
24
24
23
20
20
18
19
15
14
12
9
7
6
4
2
-1
-2
-5
-7
-7
-9
-10
-12
-14
-14
-14
-14
-15
-15
-16
-14
-13
-12
-11
-10
-11
-10
-8
-7
-5
-6
-4
-4
-5
-4
-5
-4
-4
-4
-4
-4
-7
-7
-7
-8
-9
-11
-12
-13
-13
-15
-16
-16
-18
-20
-21
-22
-22
-22
-22
-24
-23
-23
-24
-23
-23
-22
-20
-20
-19
-18
-17
-13
-11
-8
-6
-4
-3
0
2
3
8
9
12
14
16
18
19
20
22
22
24
21
23
22
21
21
18
18
16
15
12
10
8
6
6
4
2
0
-1
-3
-2
-3
-3
-4
-4
-3
-3
-2
-1
0
0
3
6
6
6
8
12
12
14
14
15
17
17
19
18
19
20
19
19
17
15
15
14
11
9
9
8
7
4
1
1
-1
-2
-1
-5
-6
-7
-8
-8
-9
-9
-9
-9
-9
-10
-9
-8
-8
-9
-7
-8
-6
-7
-6
-4
-5
-4
-3
-2
-1
0
-2
-1
-1
-2
1
0
0
-2
-3
-4
-4
-5
-6
-7
-8
-10
-10
-11
-12
-13
-15
-14
-15
-15
-15
-15
-14
-13
-12
-11
-10
-8
-6
-5
-2
-2
1
3
6
6
8
10
11
11
12
12
12
14
12
12
11
9
8
5
5
3
1
0
-2
-3
-5
-7
-9
-10
-13
-13
-15
-15
-14
-15
-14
-13
-12
-12
-11
-10
-11
-9
-6
-5
-5
-4
-2
-3
-2
-1
0
0
0
0
1
2
1
2
2
1
2
3
