SAMPLES:	9792
BITSPERSAMPLE:	16
CHANNELS:	1
SAMPLERATE:	16000
NORMALIZED:	FALSE
-4
-5
-1
-1
-11
-8
-6
-6
-4
-1
-4
-1
2
-2
3
3
-1
10
6
0
1
1
10
9
3
5
7
3
3
0
-6
-3
5
5
1
2
-5
-5
-3
0
2
-4
-7
-1
-5
-2
2
-2
-5
-8
2
2
1
0
3
1
-4
-7
0
1
-3
-5
1
-3
-2
-1
-5
0
-8
-7
-2
-11
0
0
-4
4
4
6
-2
-2
0
-9
-3
4
8
7
2
6
0
0
6
-3
-3
-2
1
-4
-6
-4
-2
0
1
-2
2
-3
-4
-1
-6
1
-4
3
4
2
2
1
-6
-1
4
-5
2
-5
-3
-3
-10
-4
-1
2
-2
0
5
11
2
6
8
9
6
-3
3
2
4
3
10
11
8
8
7
8
4
1
-6
-1
0
3
4
-11
-8
3
7
4
-3
2
2
2
-3
-2
6
-1
4
-4
2
-8
-14
6
4
6
-1
4
2
4
7
2
12
3
-2
3
1
-1
-2
0
-5
2
4
-6
-5
-5
6
9
4
-7
-7
0
-2
2
1
-1
-2
-6
-11
-7
-6
-8
-11
-15
-11
-11
-9
-13
-9
-5
-12
-11
-12
-14
-11
-7
-10
-2
-5
-12
-9
-8
2
1
3
7
4
9
9
7
3
10
13
0
7
-2
-4
-2
-1
5
1
1
1
0
-4
-3
-4
2
2
1
2
0
0
-2
-3
-2
3
-1
0
7
6
1
5
7
8
5
6
7
-3
0
2
-3
7
2
-4
1
2
1
-5
-4
-6
-2
7
-3
-1
2
-1
3
-1
-2
-3
-1
6
4
0
2
6
6
6
4
9
6
0
8
0
8
8
2
6
9
3
7
-2
5
7
2
7
-1
7
3
-2
5
7
4
7
7
1
6
5
9
5
5
7
-3
7
3
-1
0
-2
0
-12
-11
-7
1
2
-6
2
-4
-8
-1
-9
-9
-4
-2
0
-13
-6
-2
-14
-16
-12
-7
-10
-7
-1
-9
-4
-7
-4
-8
-5
0
-7
7
-2
0
1
-3
0
1
-4
-7
3
3
1
6
5
3
3
1
4
5
1
2
0
6
6
-4
2
3
0
-3
-3
-4
5
9
3
3
2
4
5
1
-2
3
-3
0
-2
-1
-2
-4
1
-6
2
-1
6
4
5
9
7
14
7
-1
-2
2
6
-4
-4
-3
-3
3
-2
-2
-9
-7
-2
-1
2
-2
-6
-5
-9
0
1
-2
-1
5
4
2
11
5
0
5
4
2
6
7
6
3
-4
4
1
2
6
-1
8
4
8
8
7
2
-1
5
-5
2
5
0
9
5
9
13
3
1
5
-5
-6
4
4
7
3
-4
-4
-5
-10
-10
-11
-16
-10
-10
-8
-4
-8
-9
-6
-7
-3
-5
-1
-1
-6
3
-2
-2
7
5
3
9
8
7
8
3
5
1
2
3
2
2
3
2
-4
1
8
7
3
2
7
2
-9
2
4
0
8
5
6
10
9
0
0
12
7
-3
5
7
-3
-5
-6
-3
3
4
1
3
4
0
-3
1
-8
2
-2
4
6
-6
7
4
-3
-6
-4
-2
6
5
-4
-4
-13
-4
-4
-4
1
3
6
-5
0
-4
-6
1
-8
-3
0
-3
-8
-1
-3
-5
-3
-4
-1
4
6
0
3
1
3
-5
-6
-1
1
8
1
4
-1
-5
-4
-6
-3
2
-2
5
8
-3
2
-2
-4
1
-7
-5
-3
-1
-8
-9
-1
-3
-1
-2
5
0
4
4
6
8
3
11
2
11
11
8
4
2
5
5
4
4
9
8
2
-3
-2
-4
-4
4
8
7
-5
-3
-7
-3
0
-12
4
-4
-14
-5
0
1
-4
-1
0
-1
0
0
-4
-7
-1
-1
-4
3
11
9
6
3
3
0
6
8
4
12
5
2
0
6
7
-8
-6
-5
1
2
6
-5
-3
2
-11
4
4
-4
-1
-1
0
0
-6
2
5
2
1
-3
-9
-5
-1
-3
-3
-5
-1
-5
-2
-5
-9
-3
-8
0
2
-3
4
6
-1
0
1
-9
-3
-2
-8
4
-1
-2
-3
-8
4
4
8
7
-1
5
9
8
8
1
2
-1
-2
-4
-9
-4
-1
-4
1
6
9
3
2
3
4
10
3
4
2
-1
5
1
2
-2
6
2
2
0
1
5
-4
2
5
5
7
3
1
3
3
4
6
-1
-8
-2
1
0
-2
-5
-4
0
2
3
4
11
8
6
0
-5
13
-4
-10
-7
-5
2
-3
-5
-7
-3
-6
-5
-4
-3
-15
-15
-8
-11
-2
-6
-7
-4
-11
-12
-9
-3
-9
-9
-1
5
-3
-3
7
-4
-8
-8
-1
0
-4
3
0
2
0
-2
-2
-4
-2
-4
3
8
-1
4
5
2
13
7
-2
4
7
-3
-1
3
10
-2
-2
5
0
5
6
12
4
0
5
10
8
1
4
2
-4
-6
-3
-3
0
-1
5
6
2
7
3
7
1
5
-3
0
4
-2
-7
-9
-5
0
-1
-7
1
-6
-2
2
-10
-4
-1
-10
-2
-3
-2
2
0
6
5
-4
-4
-5
0
4
1
-3
-6
0
-1
9
6
8
3
3
5
1
4
5
0
-2
1
-10
-7
-2
1
3
1
7
7
3
-6
2
0
-1
-1
0
-1
-3
2
-10
-9
-7
-1
-1
-10
-5
-5
-2
3
10
7
6
3
6
0
-2
8
10
4
3
4
3
0
-5
-1
-1
1
-5
2
-1
-5
3
6
2
1
11
8
11
2
0
7
0
6
9
11
8
1
2
2
3
-5
-6
-4
1
-8
-5
-4
1
-3
-12
3
-4
-3
-8
-9
-1
-6
-3
-2
-1
-6
-5
1
-3
-4
-2
2
6
1
-5
0
2
-1
-1
7
2
1
5
2
7
2
2
6
4
4
6
-7
1
9
-2
10
5
5
4
-5
5
2
-6
-7
1
-1
-2
-3
-4
7
9
4
6
6
2
-4
0
2
-2
6
-3
-5
-8
-12
-1
-9
-6
-6
-8
-12
-10
-3
-7
-7
-6
-9
-5
-2
4
1
-4
1
-4
3
3
0
0
0
2
-4
0
-1
0
5
4
-2
4
7
8
1
2
10
12
11
1
3
0
-3
4
2
5
6
-2
8
2
-3
7
0
-1
-6
-8
4
-2
-2
0
0
-5
1
3
-4
4
1
-1
4
-1
-8
6
0
-11
2
4
5
4
5
5
9
8
5
6
1
5
5
8
4
2
7
-1
1
-2
-2
-8
0
4
-2
5
-8
-4
3
-4
1
-3
0
-5
6
11
1
2
-3
-4
-7
-5
3
-5
-2
-1
-3
9
6
-2
-2
4
-1
-5
-2
0
6
6
1
8
13
1
6
5
-2
-4
-9
-3
-10
-4
-1
1
3
5
7
4
5
0
-4
-3
-8
-10
-7
-9
-3
1
4
1
-5
-1
-4
3
-1
-9
-7
-12
-10
-6
3
0
7
4
3
-7
-12
-9
-16
-10
-13
-7
-16
-9
-6
-1
0
-3
2
-7
-8
-4
-5
-11
-18
-20
-16
-11
-12
-11
-7
1
4
2
1
5
-2
2
2
-1
-6
-7
-9
-8
-5
-6
4
9
0
-2
-3
-8
-1
3
-1
-3
-11
-7
-10
-8
-2
-7
-4
-4
-7
-8
-15
-13
-8
-2
-2
-2
-4
-7
0
-4
-9
-4
1
0
-6
-3
-1
5
-1
0
5
0
4
7
0
3
7
-1
3
0
-1
-8
-4
6
3
8
5
6
7
3
2
-4
-5
3
-7
-9
1
0
1
-2
-3
-4
-5
-9
-9
-7
-6
-4
-8
-7
-18
-15
-7
-9
-13
-19
-19
-18
-16
-21
-15
-2
0
0
3
3
6
4
-4
1
-6
-5
0
-8
1
-7
-6
0
-7
-1
-17
-15
-9
-13
-13
-18
-11
-15
-18
-28
-28
-31
-37
-33
-22
-15
-14
-5
-3
2
6
5
-2
-8
-23
-24
-28
-33
-23
-16
-14
-10
-7
-11
-17
-21
-40
-51
-47
-58
-48
-37
-30
-21
-26
-34
-38
-35
-37
-44
-27
-27
-23
-18
18
35
39
21
16
28
25
24
10
8
14
21
28
48
36
31
6
14
4
-5
-14
-18
-13
-24
-27
-57
-52
-44
-28
-58
-45
-32
-11
-15
-27
3
34
61
39
26
25
15
2
3
2
39
23
9
4
16
61
63
44
39
37
69
4
-44
-115
-204
-208
-228
-208
-188
-183
-100
-47
-10
-31
-74
-21
-99
-253
-528
-672
-510
-330
-180
-189
-108
166
345
457
345
221
138
-37
-92
-199
-244
-114
-98
235
376
642
730
654
572
333
76
-229
-437
-478
-367
-369
-164
-86
223
309
515
521
332
77
-240
-256
-217
-159
-181
-103
161
528
670
663
479
462
447
373
259
30
82
87
268
293
322
331
275
294
164
14
-190
-217
-158
6
-50
-29
-121
-36
-133
-257
-409
-499
-450
-464
-384
-333
-162
-31
3
-21
-81
-173
-274
-464
-447
-383
-230
-79
-22
116
174
149
82
-133
-206
-366
-390
-387
-352
-223
-129
-25
15
-48
-120
-225
-338
-404
-535
-495
-430
-223
-41
-34
6
2
66
39
-137
-201
-221
-125
-18
52
172
317
412
497
377
326
171
148
154
185
302
315
475
537
602
538
424
279
201
105
114
87
194
326
402
512
412
429
258
181
71
8
48
94
238
415
531
644
649
542
502
330
303
197
155
240
290
485
558
670
693
588
416
217
28
-81
-230
-286
-295
-345
-236
-305
-228
-441
-640
-926
-1158
-1343
-1471
-1605
-1624
-1557
-1445
-1302
-1337
-1272
-1354
-1327
-1434
-1478
-1489
-1340
-1129
-809
-581
-280
-101
95
238
276
298
235
210
291
364
532
592
709
823
848
823
644
493
290
108
-80
-232
-338
-316
-343
-242
-285
-240
-296
-371
-406
-462
-420
-461
-463
-350
-193
87
277
472
649
762
937
1026
1135
1244
1277
1410
1436
1538
1638
1660
1761
1655
1681
1589
1544
1441
1279
1129
975
854
771
638
567
471
355
358
226
265
187
241
209
210
193
224
305
425
535
604
704
792
933
989
967
906
879
834
798
540
286
-42
-247
-398
-682
-926
-1265
-1579
-1797
-2175
-2324
-2619
-2779
-2986
-3251
-3320
-3375
-3339
-3248
-3369
-3179
-3062
-2734
-2413
-2262
-1868
-1675
-1367
-1119
-910
-468
-206
-20
137
229
704
1037
1361
1475
1485
1671
1710
1718
1666
1467
1386
1067
875
734
644
586
342
111
-60
-230
-381
-637
-885
-1063
-1290
-1464
-1565
-1453
-1242
-1126
-1065
-961
-731
-460
-311
-171
3
202
464
707
1021
1387
1629
1843
1928
2128
2282
2315
2281
2209
2232
2243
2128
2063
1974
1925
1776
1487
1274
975
790
565
370
301
160
102
-31
-57
-18
3
82
88
136
239
314
537
665
936
1120
1258
1470
1570
1834
1898
1970
2005
1899
2001
1940
1951
1806
1304
958
423
92
-316
-989
-1355
-2002
-2296
-2654
-3047
-3074
-3497
-3636
-4095
-4545
-4541
-4803
-4644
-4846
-4843
-4425
-4220
-3605
-3319
-2901
-2387
-2334
-1880
-1746
-1291
-893
-864
-527
-424
199
713
1014
1416
1522
1838
1925
1843
1965
1795
1747
1354
1042
1010
831
812
450
281
188
-6
-102
-464
-609
-796
-1084
-1244
-1461
-1345
-1313
-1393
-1335
-1216
-809
-560
-435
-130
77
459
598
803
1150
1393
1672
1797
2021
2353
2619
2793
2884
2924
3096
3111
3087
3093
2976
2958
2706
2570
2533
2357
2174
1849
1624
1564
1311
1154
933
704
720
406
464
342
323
395
245
456
511
696
857
848
1109
1235
1350
1567
1500
1826
1739
1827
1881
1700
1712
986
719
103
-281
-836
-1675
-2084
-2785
-3125
-3615
-3994
-4038
-4399
-4644
-5035
-5472
-5257
-5724
-5555
-6027
-5809
-5454
-5293
-4698
-4458
-3756
-3195
-2992
-2397
-2163
-1560
-1315
-1337
-977
-829
-218
206
528
1146
1343
1822
1935
2143
2429
2293
2185
1738
1557
1449
1166
971
689
662
648
540
508
360
321
155
-88
-213
-448
-487
-699
-728
-618
-480
-187
-10
369
732
1038
1276
1413
1593
1799
1821
1933
1947
2141
2282
2394
2569
2720
2919
3093
3135
3226
3089
2961
2736
2551
2443
2216
2017
1769
1615
1593
1492
1466
1300
1210
1070
919
834
720
655
605
524
573
614
747
900
1013
1221
1293
1483
1523
1686
1596
1648
1321
1286
795
485
36
-473
-849
-1635
-2029
-2676
-3117
-3562
-4080
-4398
-4740
-5229
-5338
-5905
-5710
-5998
-5927
-5945
-6103
-5617
-5539
-4997
-4679
-4249
-3621
-3393
-2913
-2505
-2086
-1510
-1437
-1068
-886
-540
-32
181
674
901
1274
1587
1712
2091
2174
2246
2059
1825
1770
1587
1432
1275
1004
935
676
650
598
467
438
110
-28
-252
-351
-388
-572
-550
-509
-386
-146
43
439
764
1003
1328
1498
1884
2021
2220
2348
2466
2622
2761
2884
3066
3203
3389
3508
3589
3700
3681
3640
3499
3295
3138
2824
2580
2256
2040
1800
1666
1519
1496
1328
1244
1149
1089
1087
877
809
575
592
549
585
656
802
918
1170
1162
1459
1431
1410
1143
505
314
-435
-710
-1566
-2107
-2530
-3155
-3375
-3903
-4010
-4126
-4555
-4729
-5206
-5332
-5365
-5835
-5713
-6245
-5841
-5826
-5573
-5137
-4868
-4152
-3893
-3460
-2932
-2512
-2012
-1906
-1800
-1537
-1429
-1052
-923
-605
-255
12
442
719
1171
1525
1649
1690
1645
1618
1528
1207
970
761
626
560
405
543
600
679
708
604
689
572
555
344
155
131
88
212
375
617
1027
1257
1614
1940
2225
2568
2545
2770
2769
2871
2923
2861
3007
2997
3131
3259
3325
3498
3496
3553
3535
3419
3350
3077
2869
2635
2377
2228
1916
1834
1703
1653
1620
1515
1629
1522
1531
1388
1361
1291
1226
1142
1144
1015
1066
966
1082
1040
923
737
179
-7
-618
-874
-1749
-2307
-2953
-3454
-3950
-4412
-4728
-4907
-5291
-5462
-5774
-5753
-5738
-5865
-5761
-6014
-5644
-5598
-5251
-4965
-4629
-4108
-3870
-3460
-2950
-2450
-1885
-1675
-1377
-1078
-823
-436
-281
-47
128
224
464
557
876
1068
1108
1101
1068
1115
1128
986
906
717
550
409
259
289
249
269
247
202
301
392
501
525
527
606
697
693
866
986
1212
1331
1493
1758
1976
2216
2413
2553
2733
2759
2890
2936
2916
2975
2882
2921
2821
2822
2904
2822
2874
2806
2802
2740
2536
2544
2345
2244
2073
1919
1878
1708
1727
1763
1788
1842
1857
1975
2028
2034
2164
2147
2201
2077
2054
1902
1889
1669
1582
1091
736
326
-151
-650
-1504
-1976
-2661
-3277
-3860
-4430
-4679
-5131
-5484
-5697
-6024
-5940
-6108
-6062
-6131
-6232
-5909
-5934
-5571
-5400
-4952
-4566
-4356
-3927
-3466
-2984
-2532
-2279
-1915
-1663
-1362
-1018
-799
-561
-318
-132
175
293
621
803
859
906
868
962
916
826
817
674
586
499
442
541
511
616
559
536
669
729
926
886
968
1026
1110
1222
1381
1509
1727
1805
2065
2211
2434
2671
2730
2924
2835
3005
2971
3012
3011
2963
2996
2913
2884
2897
2843
2870
2765
2698
2606
2466
2412
2243
2181
2050
1986
1946
1847
1852
1827
1898
1914
1868
1921
1877
1994
1899
1968
1954
1972
1996
1896
1874
1807
1664
1518
1036
618
132
-464
-937
-1871
-2250
-3093
-3604
-4200
-4659
-4810
-5233
-5432
-5722
-5919
-5905
-6020
-5995
-6040
-6130
-5837
-5849
-5438
-5244
-4784
-4429
-4159
-3708
-3287
-2852
-2482
-2222
-1939
-1747
-1562
-1277
-1109
-879
-723
-578
-368
-276
48
191
312
324
357
404
383
342
349
237
239
188
274
365
475
666
772
910
1077
1264
1438
1539
1653
1790
1908
2052
2225
2379
2595
2737
2948
3129
3278
3467
3507
3567
3567
3551
3572
3422
3385
3270
3178
3113
2977
2935
2812
2683
2619
2474
2419
2246
2114
1969
1827
1751
1643
1637
1567
1590
1583
1617
1658
1653
1790
1712
1830
1703
1782
1716
1739
1727
1659
1599
1506
1347
1134
695
291
-170
-875
-1431
-2378
-2663
-3634
-3949
-4781
-4926
-5334
-5506
-5747
-5841
-5946
-5879
-6001
-5893
-5945
-5752
-5562
-5483
-5102
-4871
-4312
-4068
-3626
-3114
-2639
-2227
-1916
-1594
-1310
-1107
-929
-728
-674
-525
-467
-325
-262
-149
29
64
86
103
147
161
61
25
-5
-114
-119
-134
-51
34
166
371
473
660
922
1200
1402
1496
1687
1867
2061
2216
2420
2595
2801
2948
3175
3342
3548
3682
3760
3766
3749
3741
3690
3564
3434
3275
3131
2946
2743
2664
2467
2372
2152
2030
1918
1787
1777
1616
1582
1471
1499
1510
1503
1527
1628
1679
1775
1792
1956
2087
2149
2221
2255
2352
2326
2316
2224
2118
1897
1676
1153
675
139
-433
-1084
-2028
-2519
-3322
-3832
-4611
-5007
-5366
-5721
-6045
-6245
-6427
-6363
-6501
-6367
-6421
-6285
-6010
-5855
-5493
-5245
-4716
-4354
-4023
-3521
-3006
-2505
-2134
-1790
-1409
-1163
-876
-607
-451
-307
-201
-80
23
38
264
293
307
247
212
240
99
25
-54
-192
-265
-323
-253
-161
-108
95
182
367
593
812
1063
1154
1410
1571
1777
1945
2224
2467
2674
2846
3125
3349
3555
3759
3889
4013
4026
4068
4072
3998
3955
3828
3693
3547
3373
3269
3105
2915
2799
2575
2486
2255
2124
2026
1831
1791
1611
1636
1543
1516
1546
1586
1633
1667
1699
1865
1923
2040
2140
2193
2341
2261
2369
2209
2187
1974
1695
1157
637
101
-467
-1258
-2057
-2647
-3442
-4008
-4786
-5043
-5565
-5885
-6301
-6513
-6738
-6796
-6936
-6880
-7055
-6862
-6722
-6498
-6229
-5937
-5427
-5146
-4719
-4239
-3684
-3219
-2827
-2418
-2047
-1747
-1364
-1028
-789
-569
-355
-127
43
172
442
514
543
520
536
593
482
462
362
296
302
299
406
446
581
736
802
998
1175
1421
1535
1616
1808
1948
2129
2273
2480
2671
2849
3058
3265
3488
3703
3876
3987
4062
4130
4197
4159
4116
4049
3955
3854
3720
3636
3532
3380
3250
3109
2961
2810
2613
2473
2300
2120
1939
1795
1708
1589
1493
1439
1471
1436
1482
1475
1592
1659
1709
1816
1805
1932
1843
1848
1696
1607
1355
1090
454
188
-515
-907
-1827
-2383
-3009
-3755
-4279
-4981
-5183
-5738
-6041
-6395
-6529
-6704
-6713
-6885
-6768
-6963
-6688
-6695
-6456
-6260
-5942
-5591
-5384
-4953
-4550
-4046
-3741
-3288
-2966
-2618
-2335
-1971
-1578
-1397
-1125
-911
-626
-418
-202
67
169
287
353
450
532
553
613
608
619
699
779
934
1032
1231
1402
1518
1737
1970
2200
2293
2428
2576
2749
2835
2995
3130
3283
3405
3555
3729
3896
4059
4153
4218
4252
4290
4257
4205
4069
4007
3860
3711
3587
3486
3408
3256
3120
3043
2927
2813
2628
2523
2388
2208
2086
1951
1866
1766
1645
1635
1607
1627
1619
1599
1653
1656
1728
1679
1713
1653
1634
1465
1373
1180
953
560
9
-327
-1008
-1458
-2377
-2804
-3540
-4119
-4798
-5243
-5576
-5956
-6310
-6524
-6688
-6744
-6794
-6816
-6710
-6742
-6484
-6452
-6128
-5932
-5543
-5304
-5014
-4629
-4216
-3797
-3501
-3058
-2783
-2478
-2198
-1916
-1588
-1494
-1217
-1093
-859
-747
-565
-362
-263
-186
-130
-40
40
68
86
116
174
261
346
475
667
869
1040
1211
1459
1738
1954
2067
2296
2455
2646
2742
2935
3130
3281
3472
3606
3851
4028
4183
4319
4378
4507
4528
4520
4432
4367
4289
4151
3974
3890
3735
3615
3462
3348
3298
3145
3107
2963
2906
2823
2724
2673
2532
2517
2377
2308
2191
2153
2061
1957
1892
1845
1808
1740
1772
1746
1707
1634
1578
1501
1360
1106
807
289
-142
-726
-1353
-2064
-2847
-3387
-4222
-4779
-5411
-5765
-6196
-6593
-6838
-7023
-7107
-7180
-7169
-7126
-7067
-6964
-6725
-6557
-6244
-5959
-5620
-5368
-4986
-4571
-4141
-3834
-3436
-3119
-2801
-2535
-2251
-1906
-1739
-1484
-1272
-1058
-844
-671
-408
-318
-217
-110
-54
22
19
69
103
88
202
250
422
554
755
953
1134
1354
1622
1797
1983
2162
2363
2520
2634
2813
2987
3174
3338
3504
3741
3949
4141
4316
4441
4586
4646
4669
4664
4605
4563
4434
4303
4220
4047
3989
3786
3710
3606
3507
3424
3282
3245
3111
3026
2874
2783
2632
2496
2344
2229
2096
1960
1887
1800
1709
1659
1599
1584
1494
1487
1441
1333
1238
1077
917
692
349
114
-451
-834
-1418
-1919
-2535
-3267
-3710
-4439
-4895
-5550
-5834
-6284
-6602
-6922
-7051
-7238
-7277
-7328
-7246
-7215
-7093
-6854
-6658
-6362
-6085
-5683
-5419
-5037
-4655
-4223
-3920
-3545
-3177
-2872
-2572
-2281
-1881
-1635
-1359
-1039
-766
-491
-278
29
182
322
434
532
576
616
676
695
684
719
827
906
1008
1183
1328
1475
1609
1855
2033
2152
2286
2436
2559
2659
2788
2975
3097
3278
3460
3633
3841
4030
4240
4334
4455
4577
4591
4604
4561
4579
4487
4364
4319
4242
4149
4015
3967
3868
3751
3625
3529
3373
3230
3085
2875
2718
2492
2379
2098
1945
1803
1676
1471
1333
1255
1147
982
869
831
685
593
431
424
239
138
-6
-164
-344
-625
-919
-1388
-1710
-2234
-2663
-3395
-3816
-4447
-4942
-5573
-5975
-6312
-6733
-7033
-7261
-7286
-7376
-7347
-7287
-7143
-7019
-6762
-6551
-6263
-6003
-5671
-5431
-5174
-4818
-4470
-4126
-3847
-3465
-3112
-2759
-2358
-1933
-1469
-1162
-714
-386
31
285
637
852
1013
1107
1241
1362
1418
1461
1505
1532
1563
1654
1747
1844
1942
2023
2133
2182
2353
2449
2548
2562
2641
2702
2805
2861
2988
3103
3174
3281
3403
3587
3723
3863
3981
4079
4193
4298
4419
4483
4548
4566
4576
4529
4554
4501
4463
4301
4179
4045
3836
3700
3446
3288
3007
2789
2568
2338
2130
1884
1663
1395
1163
919
680
423
206
-26
-275
-471
-618
-701
-827
-889
-899
-903
-936
-962
-962
-990
-1117
-1260
-1494
-1803
-2079
-2513
-2882
-3464
-3831
-4395
-4863
-5336
-5678
-5939
-6319
-6514
-6694
-6713
-6803
-6734
-6699
-6579
-6550
-6354
-6223
-5993
-5805
-5551
-5379
-5131
-4854
-4477
-4144
-3804
-3392
-3031
-2590
-2168
-1642
-1175
-791
-308
40
454
780
1184
1470
1642
1833
2004
2163
2264
2350
2427
2417
2466
2499
2579
2617
2690
2721
2739
2760
2850
2918
2941
2958
3011
3002
3040
3055
3139
3172
3181
3252
3303
3440
3529
3683
3787
3890
4048
4178
4284
4386
4469
4497
4436
4448
4389
4303
4120
3956
3757
3522
3253
3034
2753
2462
2169
1884
1603
1327
1073
782
494
202
-62
-342
-645
-875
-1159
-1398
-1654
-1750
-1910
-2018
-2097
-2094
-2021
-2002
-1865
-1760
-1594
-1526
-1399
-1351
-1257
-1322
-1349
-1571
-1784
-2013
-2374
-2670
-3194
-3471
-4026
-4364
-4841
-5077
-5433
-5690
-5945
-6080
-6182
-6254
-6203
-6178
-6058
-6008
-5769
-5593
-5315
-5060
-4759
-4475
-4169
-3825
-3440
-3031
-2653
-2210
-1820
-1319
-852
-320
182
655
1176
1579
2055
2402
2834
3093
3305
3461
3595
3706
3697
3715
3659
3615
3498
3414
3375
3306
3282
3169
3140
3060
3042
2996
2926
2870
2792
2705
2646
2587
2606
2551
2525
2544
2580
2698
2766
2889
3015
3105
3235
3308
3494
3506
3594
3530
3533
3416
3347
3197
3046
2829
2547
2312
2009
1779
1450
1171
828
487
203
-128
-395
-703
-985
-1269
-1575
-1788
-1966
-2139
-2283
-2416
-2482
-2527
-2532
-2456
-2419
-2331
-2268
-2130
-1996
-1858
-1689
-1556
-1416
-1334
-1187
-1120
-1028
-1088
-1104
-1315
-1492
-1749
-2088
-2420
-2931
-3295
-3846
-4231
-4699
-4968
-5305
-5525
-5740
-5760
-5785
-5683
-5562
-5390
-5182
-4979
-4688
-4415
-4079
-3745
-3423
-3096
-2700
-2266
-1778
-1317
-805
-287
226
810
1339
1940
2420
2905
3314
3681
4029
4293
4516
4610
4672
4672
4658
4594
4537
4397
4244
4065
3889
3746
3570
3413
3215
3002
2817
2651
2512
2344
2198
2054
1891
1766
1697
1637
1601
1521
1525
1492
1527
1558
1618
1657
1669
1709
1735
1777
1797
1818
1788
1739
1700
1625
1559
1413
1303
1095
903
681
467
210
-75
-368
-648
-944
-1192
-1436
-1656
-1859
-2050
-2172
-2292
-2341
-2405
-2416
-2439
-2447
-2396
-2369
-2271
-2211
-2108
-2046
-1915
-1788
-1651
-1519
-1384
-1217
-1102
-943
-835
-672
-597
-524
-505
-473
-524
-591
-767
-985
-1218
-1531
-1826
-2262
-2543
-2976
-3283
-3659
-3858
-4044
-4180
-4243
-4229
-4110
-3957
-3707
-3453
-3130
-2833
-2446
-2127
-1732
-1360
-959
-613
-254
136
536
931
1324
1738
2119
2514
2885
3268
3604
3874
4133
4285
4421
4471
4527
4478
4378
4260
4085
3898
3698
3512
3313
3081
2876
2663
2485
2278
2107
1913
1712
1496
1294
1077
882
680
498
306
136
6
-88
-156
-206
-233
-274
-266
-265
-254
-260
-286
-308
-372
-389
-447
-466
-506
-520
-534
-548
-502
-495
-434
-439
-411
-417
-429
-476
-543
-607
-755
-876
-1024
-1146
-1279
-1395
-1460
-1555
-1595
-1628
-1601
-1591
-1548
-1517
-1461
-1444
-1362
-1337
-1285
-1239
-1190
-1117
-1122
-989
-976
-821
-820
-667
-560
-427
-281
-150
58
153
343
429
611
625
727
659
626
498
388
185
-62
-262
-525
-711
-985
-1078
-1234
-1285
-1386
-1347
-1291
-1204
-1078
-946
-781
-648
-446
-300
-113
46
241
394
539
743
928
1144
1294
1508
1675
1864
2011
2172
2303
2374
2459
2488
2522
2480
2482
2395
2308
2157
2053
1899
1742
1582
1405
1220
1014
846
661
460
256
39
-185
-434
-634
-852
-1077
-1332
-1538
-1724
-1897
-2020
-2104
-2160
-2208
-2194
-2152
-2072
-1969
-1853
-1748
-1632
-1510
-1369
-1235
-1122
-983
-867
-731
-596
-427
-235
-96
74
208
368
476
571
634
640
607
540
444
324
180
23
-154
-327
-478
-611
-703
-787
-823
-845
-865
-814
-754
-658
-575
-462
-329
-182
-38
122
294
480
659
835
1053
1267
1501
1728
1954
2210
2443
2686
2883
3090
3254
3375
3436
3438
3404
3286
3082
2830
2514
2176
1756
1327
904
459
53
-363
-689
-1019
-1274
-1523
-1704
-1851
-1956
-2026
-2105
-2138
-2182
-2184
-2200
-2189
-2168
-2155
-2122
-2061
-1973
-1826
-1716
-1535
-1370
-1169
-967
-765
-541
-375
-212
-102
19
90
145
164
166
129
88
49
8
-22
-81
-130
-179
-217
-243
-296
-358
-411
-502
-574
-681
-778
-889
-1014
-1132
-1267
-1334
-1452
-1522
-1582
-1612
-1630
-1613
-1554
-1488
-1386
-1291
-1157
-1028
-865
-714
-557
-393
-257
-83
61
220
372
518
678
813
969
1123
1272
1414
1527
1677
1765
1857
1942
1981
2011
2014
2006
1982
1943
1904
1851
1824
1781
1779
1760
1753
1774
1790
1833
1846
1904
1910
1972
1969
2002
2017
2032
2040
2026
2041
2032
2030
2033
2025
2033
2035
2052
2056
2048
2042
2005
1969
1868
1772
1623
1419
1165
851
510
93
-327
-819
-1273
-1794
-2284
-2748
-3189
-3557
-3913
-4206
-4455
-4646
-4772
-4867
-4907
-4909
-4894
-4815
-4745
-4601
-4461
-4295
-4125
-3915
-3680
-3444
-3146
-2864
-2558
-2254
-1917
-1600
-1248
-907
-585
-265
35
321
573
810
1015
1173
1287
1383
1426
1463
1412
1378
1272
1183
1072
950
827
689
573
421
294
180
77
-43
-179
-292
-405
-515
-622
-700
-776
-825
-864
-834
-773
-681
-553
-388
-192
48
309
598
883
1175
1492
1781
2089
2370
2663
2901
3134
3357
3563
3719
3853
3975
4067
4096
4117
4101
4061
3967
3827
3669
3461
3249
2983
2715
2408
2114
1801
1489
1202
927
686
415
205
7
-160
-311
-453
-553
-665
-769
-841
-907
-960
-1012
-1056
-1079
-1098
-1070
-1045
-1022
-971
-930
-857
-813
-740
-685
-644
-637
-627
-637
-697
-757
-863
-983
-1195
-1380
-1623
-1868
-2161
-2466
-2752
-3084
-3375
-3663
-3898
-4126
-4289
-4448
-4534
-4581
-4557
-4527
-4426
-4325
-4165
-3983
-3792
-3540
-3291
-3016
-2753
-2451
-2133
-1791
-1435
-1081
-700
-314
80
466
872
1251
1605
1951
2241
2534
2759
2969
3102
3208
3251
3261
3246
3182
3117
3011
2893
2760
2634
2495
2384
2254
2143
2012
1900
1790
1657
1553
1419
1288
1145
1011
886
770
649
577
498
473
467
499
564
635
770
892
1052
1216
1386
1566
1726
1896
2034
2158
2271
2345
2401
2431
2438
2415
2380
2286
2178
2044
1878
1687
1454
1196
906
617
291
-53
-406
-781
-1152
-1529
-1887
-2228
-2534
-2818
-3074
-3289
-3437
-3537
-3585
-3586
-3532
-3423
-3291
-3112
-2889
-2639
-2398
-2129
-1871
-1575
-1318
-1059
-814
-586
-371
-183
-4
159
307
406
501
554
593
610
609
546
476
354
214
41
-145
-350
-609
-853
-1130
-1393
-1647
-1886
-2103
-2303
-2471
-2592
-2644
-2654
-2613
-2512
-2370
-2175
-1928
-1646
-1330
-980
-616
-253
133
515
886
1242
1580
1892
2191
2463
2710
2921
3114
3265
3400
3491
3593
3629
3647
3635
3582
3511
3387
3255
3063
2853
2604
2348
2059
1772
1489
1185
897
625
376
138
-76
-265
-429
-583
-704
-811
-882
-963
-1003
-1034
-1056
-1050
-1050
-1006
-1001
-942
-915
-854
-799
-741
-678
-647
-601
-555
-500
-459
-405
-349
-283
-226
-163
-89
-22
45
88
108
139
136
117
59
-19
-98
-211
-344
-472
-607
-754
-896
-1034
-1165
-1288
-1405
-1526
-1620
-1711
-1807
-1879
-1950
-2007
-2048
-2078
-2092
-2081
-2040
-1989
-1912
-1790
-1660
-1491
-1303
-1073
-828
-589
-297
-29
252
518
791
1050
1261
1483
1659
1826
1948
2085
2174
2265
2333
2397
2442
2481
2518
2532
2562
2534
2525
2486
2424
2344
2250
2128
1984
1807
1649
1461
1271
1080
887
720
523
392
253
153
36
-18
-85
-123
-132
-146
-142
-164
-153
-169
-183
-220
-252
-296
-380
-442
-516
-602
-685
-764
-859
-948
-1006
-1076
-1150
-1204
-1272
-1335
-1401
-1468
-1523
-1597
-1665
-1737
-1785
-1843
-1883
-1918
-1923
-1916
-1894
-1828
-1759
-1655
-1547
-1402
-1263
-1090
-913
-738
-539
-375
-176
-15
158
306
465
596
705
800
883
946
982
1016
1008
990
952
905
827
748
648
544
433
320
206
83
-30
-155
-250
-359
-448
-542
-608
-684
-750
-805
-854
-879
-902
-892
-893
-846
-799
-716
-629
-503
-376
-232
-75
82
276
448
634
806
984
1158
1329
1498
1657
1813
1969
2102
2240
2380
2482
2589
2674
2739
2784
2814
2826
2823
2784
2744
2678
2598
2512
2391
2274
2125
1983
1812
1649
1470
1276
1083
884
689
480
290
96
-102
-288
-479
-673
-855
-1036
-1203
-1401
-1583
-1761
-1933
-2108
-2276
-2430
-2579
-2697
-2824
-2915
-2983
-3032
-3070
-3078
-3073
-3050
-2997
-2945
-2862
-2785
-2685
-2595
-2492
-2371
-2261
-2139
-2028
-1905
-1772
-1640
-1512
-1366
-1219
-1083
-923
-765
-603
-435
-292
-136
19
170
309
450
589
693
818
915
1036
1139
1225
1329
1411
1507
1581
1670
1716
1775
1811
1832
1833
1821
1800
1738
1661
1567
1461
1333
1199
1066
924
781
649
499
386
268
165
75
4
-49
-93
-113
-139
-117
-107
-67
-17
47
122
188
276
351
450
522
617
697
771
844
903
948
993
1025
1044
1048
1046
1025
981
934
877
810
710
621
509
399
280
153
34
-87
-196
-315
-408
-495
-574
-639
-683
-721
-742
-746
-744
-723
-686
-643
-581
-526
-431
-354
-278
-192
-96
-14
62
123
191
242
257
288
285
280
249
217
155
95
31
-59
-149
-256
-360
-490
-609
-737
-855
-979
-1109
-1213
-1332
-1437
-1514
-1584
-1641
-1671
-1699
-1698
-1673
-1629
-1571
-1480
-1388
-1282
-1159
-1026
-885
-744
-587
-439
-283
-142
-3
140
265
394
504
618
705
789
864
934
1002
1045
1084
1108
1138
1149
1177
1187
1202
1195
1186
1180
1156
1140
1098
1064
1013
962
894
830
746
677
592
521
446
372
293
217
150
69
8
-74
-140
-212
-295
-375
-447
-528
-592
-648
-705
-739
-790
-805
-816
-805
-785
-765
-731
-705
-647
-606
-550
-500
-446
-396
-345
-290
-223
-164
-116
-44
16
70
135
192
248
286
312
356
363
381
365
358
327
291
271
222
187
144
109
65
39
17
5
-4
-6
5
9
21
42
60
72
93
106
130
147
165
185
219
236
269
318
371
417
462
532
573
643
695
740
777
808
835
841
850
838
817
781
754
715
662
611
563
506
453
395
339
287
234
179
108
47
-21
-94
-178
-249
-347
-431
-526
-608
-688
-780
-831
-903
-955
-1000
-1026
-1047
-1071
-1077
-1080
-1076
-1084
-1083
-1074
-1083
-1087
-1080
-1084
-1087
-1081
-1074
-1068
-1039
-1000
-944
-891
-823
-737
-668
-568
-482
-377
-292
-205
-117
-55
10
66
125
157
199
242
278
309
345
389
428
470
508
538
567
580
598
593
583
566
523
486
426
372
308
244
188
138
103
59
32
11
18
15
33
61
88
129
171
216
257
296
339
393
433
477
511
553
583
620
659
682
719
750
774
774
793
798
800
781
755
733
679
637
575
528
467
407
342
285
232
166
131
89
49
9
-18
-46
-69
-88
-108
-125
-144
-153
-170
-171
-179
-179
-188
-179
-175
-170
-165
-157
-153
-147
-136
-128
-118
-129
-120
-135
-137
-145
-162
-179
-197
-214
-238
-260
-276
-299
-329
-343
-380
-405
-433
-462
-500
-542
-588
-637
-680
-733
-773
-814
-867
-903
-922
-940
-947
-946
-931
-906
-869
-823
-775
-722
-656
-582
-503
-424
-349
-257
-168
-86
-1
96
185
262
356
436
512
589
664
725
792
846
897
936
971
995
1012
1023
1009
997
967
920
868
816
738
666
587
508
431
349
271
195
121
46
-5
-69
-125
-179
-225
-272
-306
-332
-359
-382
-392
-386
-378
-369
-345
-314
-276
-239
-182
-127
-84
-20
31
89
140
199
246
291
326
352
390
403
424
419
415
399
378
350
294
244
178
113
38
-38
-125
-215
-304
-392
-484
-575
-653
-735
-815
-881
-959
-1022
-1079
-1136
-1178
-1200
-1210
-1218
-1213
-1188
-1152
-1102
-1030
-946
-851
-748
-632
-504
-371
-248
-98
34
161
296
426
558
677
781
888
993
1074
1157
1235
1296
1350
1389
1425
1453
1468
1473
1468
1462
1436
1412
1384
1338
1295
1242
1172
1108
1039
960
882
800
717
635
558
489
415
352
299
243
210
172
137
98
70
39
-4
-44
-95
-155
-204
-268
-340
-408
-482
-552
-620
-681
-736
-788
-837
-874
-905
-938
-963
-981
-998
-1022
-1042
-1070
-1093
-1119
-1148
-1176
-1202
-1227
-1257
-1270
-1276
-1278
-1263
-1236
-1205
-1165
-1103
-1032
-962
-886
-809
-718
-641
-566
-480
-419
-347
-272
-219
-166
-102
-52
20
74
131
208
254
328
385
442
495
539
563
591
610
609
602
585
551
503
457
401
338
278
217
154
104
49
2
-49
-78
-105
-127
-132
-135
-138
-142
-133
-122
-94
-72
-41
-3
36
86
147
212
289
371
461
565
657
762
863
967
1062
1155
1246
1330
1392
1452
1507
1530
1559
1577
1578
1566
1554
1532
1496
1455
1406
1351
1293
1224
1149
1052
969
881
773
665
551
430
305
180
45
-78
-204
-335
-457
-573
-688
-790
-880
-971
-1048
-1112
-1161
-1197
-1234
-1256
-1264
-1267
-1265
-1249
-1239
-1221
-1195
-1175
-1154
-1130
-1095
-1072
-1039
-1005
-984
-957
-919
-892
-868
-842
-828
-807
-795
-780
-787
-797
-811
-817
-832
-850
-865
-879
-880
-883
-873
-860
-837
-801
-755
-707
-640
-577
-503
-419
-342
-257
-173
-89
-3
88
159
235
312
386
460
518
580
626
679
724
768
805
840
864
877
893
896
894
884
873
844
815
778
735
689
652
607
561
529
485
451
429
414
403
406
414
421
426
447
475
492
509
538
553
563
578
586
604
605
596
608
611
613
618
620
626
633
639
632
621
606
591
566
529
482
428
366
290
215
127
48
-36
-126
-203
-293
-373
-439
-504
-568
-622
-674
-714
-758
-793
-822
-856
-887
-911
-925
-947
-955
-964
-963
-957
-953
-935
-903
-869
-825
-773
-715
-652
-599
-530
-466
-401
-329
-276
-223
-171
-134
-102
-67
-40
-16
0
22
37
45
58
84
104
120
132
150
169
183
202
214
224
235
246
247
258
261
269
286
297
312
331
358
383
417
445
473
504
533
566
592
615
631
638
645
650
627
627
617
589
564
541
502
463
423
368
318
261
215
154
93
25
-33
-93
-157
-221
-290
-346
-405
-459
-511
-567
-621
-664
-709
-750
-787
-819
-848
-872
-879
-893
-900
-899
-893
-883
-871
-852
-831
-805
-762
-727
-691
-643
-597
-545
-495
-443
-375
-318
-251
-182
-122
-50
13
79
151
214
280
360
419
473
537
594
647
696
736
765
799
825
840
850
857
862
860
851
847
822
803
796
767
736
707
671
638
605
556
513
464
414
373
321
271
232
185
143
100
67
35
3
-15
-38
-49
-61
-68
-74
-73
-73
-72
-70
-66
-59
-64
-56
-59
-57
-48
-57
-53
-45
-42
-43
-33
-17
-14
-5
-4
9
21
22
22
18
15
8
8
-3
-13
-33
-42
-50
-65
-70
-84
-87
-92
-94
-106
-113
-109
-112
-120
-124
-131
-136
-143
-156
-168
-191
-195
-207
-228
-253
-278
-306
-331
-367
-397
-433
-480
-513
-558
-597
-640
-689
-727
-767
-804
-840
-863
-889
-916
-936
-949
-955
-961
-964
-954
-941
-931
-904
-874
-846
-804
-763
-708
-642
-589
-511
-427
-347
-263
-170
-74
22
117
217
316
410
508
602
687
771
852
931
1002
1067
1129
1193
1249
1295
1344
1380
1411
1441
1465
1489
1503
1505
1508
1501
1495
1476
1445
1418
1382
1342
1301
1252
1203
1146
1087
1035
971
900
838
778
705
631
551
469
385
296
207
112
24
-70
-166
-266
-356
-449
-539
-623
-703
-767
-846
-911
-970
-1026
-1072
-1123
-1157
-1187
-1213
-1231
-1249
-1259
-1270
-1272
-1265
-1255
-1243
-1220
-1195
-1164
-1121
-1080
-1038
-988
-924
-862
-803
-735
-678
-606
-544
-474
-411
-363
-301
-249
-199
-142
-87
-49
2
57
100
137
181
219
252
285
314
340
350
358
364
366
356
347
326
316
292
267
251
226
196
169
154
125
103
86
63
53
38
26
13
-3
-1
-5
-12
-3
4
11
23
38
60
84
109
139
175
210
240
280
319
351
386
426
454
481
514
540
559
581
598
603
618
624
629
632
627
620
623
616
595
584
562
550
530
507
481
449
416
389
352
300
267
229
191
146
101
62
24
-21
-59
-86
-126
-159
-198
-232
-264
-296
-327
-357
-396
-430
-451
-493
-512
-539
-569
-585
-606
-619
-628
-647
-656
-657
-657
-661
-666
-658
-659
-658
-646
-640
-631
-615
-611
-593
-567
-556
-529
-498
-464
-428
-386
-348
-306
-250
-202
-153
-106
-46
15
70
120
171
227
274
319
359
413
456
485
517
548
578
597
618
628
639
653
645
639
646
630
599
583
556
517
471
426
374
326
280
213
157
100
47
-10
-72
-114
-156
-202
-235
-262
-293
-315
-335
-345
-352
-357
-354
-349
-332
-321
-310
-281
-253
-236
-198
-170
-133
-88
-56
-16
21
64
99
134
163
189
212
232
244
250
254
249
248
226
212
189
168
157
131
103
83
57
31
15
-14
-37
-53
-73
-87
-114
-131
-146
-160
-166
-174
-184
-192
-191
-186
-177
-169
-163
-159
-143
-128
-117
-108
-90
-70
-63
-44
-37
-24
-13
-2
17
28
38
53
56
58
72
78
90
89
95
108
107
105
100
109
109
113
114
111
112
108
113
118
122
124
132
132
142
152
157
170
174
186
190
190
197
204
202
203
204
200
202
193
182
172
158
154
139
119
103
86
59
40
18
-18
-44
-76
-101
-131
-166
-191
-220
-247
-274
-301
-313
-336
-353
-360
-375
-379
-388
-390
-400
-397
-392
-391
-380
-381
-378
-373
-364
-353
-338
-318
-312
-298
-282
-266
-254
-238
-219
-213
-190
-178
-168
-150
-143
-131
-119
-100
-89
-75
-55
-36
-18
-1
29
46
69
95
117
147
178
208
224
259
293
319
355
389
417
437
463
493
511
540
556
568
583
587
596
594
583
584
580
567
558
537
517
498
480
453
418
395
369
323
278
242
210
167
109
71
18
-38
-83
-137
-181
-226
-279
-318
-349
-377
-411
-450
-471
-494
-511
-521
-539
-541
-543
-543
-550
-542
-538
-535
-519
-505
-484
-458
-436
-412
-373
-342
-312
-283
-241
-203
-175
-134
-106
-76
-44
-17
2
27
40
55
71
79
94
99
105
116
123
128
132
130
134
142
135
133
131
129
125
117
111
111
98
86
84
76
68
71
74
68
65
62
65
72
59
54
61
58
55
50
48
40
38
36
26
25
26
21
17
21
16
27
24
23
26
22
29
34
40
43
48
44
51
69
72
69
81
94
101
106
112
124
131
147
156
167
182
190
201
210
225
231
231
244
248
247
249
243
236
221
208
193
173
159
141
122
100
72
45
21
-9
-38
-68
-96
-118
-150
-186
-219
-244
-271
-301
-323
-344
-363
-378
-395
-397
-410
-425
-428
-436
-433
-434
-430
-428
-419
-403
-396
-385
-372
-357
-337
-310
-288
-263
-250
-227
-197
-177
-159
-144
-116
-104
-89
-68
-52
-31
-11
0
15
27
45
61
74
89
101
122
131
139
156
165
172
186
194
206
222
233
253
264
272
283
295
307
312
322
333
347
354
353
348
344
353
347
340
334
323
321
306
292
277
265
242
219
208
180
163
137
121
99
77
48
28
16
-10
-20
-40
-55
-73
-80
-93
-107
-115
-128
-140
-140
-145
-161
-162
-168
-165
-161
-166
-163
-169
-167
-162
-161
-161
-165
-164
-170
-173
-178
-188
-192
-210
-221
-230
-239
-258
-266
-271
-292
-296
-309
-317
-329
-330
-337
-342
-339
-342
-336
-343
-329
-324
-322
-313
-298
-281
-264
-239
-217
-193
-174
-139
-105
-73
-34
-9
27
72
107
140
174
207
235
268
290
316
345
359
383
399
404
414
427
425
437
435
427
432
425
422
412
404
384
378
363
343
331
306
293
272
251
219
203
176
155
145
123
99
78
73
46
37
20
10
5
-19
-25
-37
-46
-53
-61
-79
-79
-87
-103
-102
-107
-113
-122
-125
-131
-135
-139
-142
-150
-162
-162
-166
-168
-179
-186
-195
-201
-211
-221
-222
-225
-228
-235
-233
-238
-241
-233
-238
-219
-207
-207
-204
-192
-184
-185
-175
-165
-151
-148
-136
-131
-137
-127
-121
-113
-104
-97
-94
-87
-82
-82
-91
-81
-69
-77
-77
-71
-78
-80
-78
-86
-82
-76
-76
-75
-69
-71
-69
-63
-59
-46
-34
-27
-17
-1
6
14
21
44
59
69
81
85
107
109
127
133
140
150
150
170
177
187
186
195
205
211
217
212
224
226
231
227
235
253
247
247
247
257
267
265
266
269
277
273
281
275
266
263
255
256
238
231
225
214
206
182
163
152
134
117
99
76
50
29
5
-18
-42
-73
-102
-123
-148
-172
-198
-226
-245
-267
-300
-313
-329
-354
-369
-383
-394
-407
-414
-416
-420
-414
-411
-413
-408
-393
-380
-371
-357
-347
-334
-314
-296
-278
-257
-239
-213
-189
-165
-133
-112
-81
-59
-35
-7
13
36
52
69
79
93
107
116
131
135
141
148
148
153
164
166
169
166
158
159
150
152
155
143
144
136
127
129
130
127
120
124
124
117
120
125
123
122
122
126
133
128
132
135
139
148
143
143
151
145
146
142
138
145
136
128
124
120
107
97
99
83
75
67
45
34
37
23
3
-4
-25
-31
-37
-50
-58
-68
-76
-83
-85
-89
-101
-111
-108
-106
-112
-114
-116
-121
-120
-115
-120
-126
-119
-117
-122
-120
-119
-127
-123
-131
-129
-125
-128
-134
-142
-137
-143
-141
-136
-148
-150
-147
-149
-148
-148
-145
-145
-144
-137
-139
-139
-123
-118
-116
-103
-101
-95
-75
-69
-58
-47
-38
-15
2
17
34
51
64
87
114
134
151
163
178
189
209
219
227
238
242
253
248
246
249
247
249
246
240
240
226
204
202
182
169
161
137
119
102
74
56
37
19
4
-19
-28
-43
-62
-77
-93
-98
-111
-118
-117
-132
-132
-139
-143
-144
-143
-144
-144
-130
-131
-135
-130
-133
-127
-114
-120
-127
-121
-116
-111
-105
-107
-102
-100
-104
-95
-95
-92
-90
-93
-88
-89
-89
-92
-95
-95
-87
-87
-79
-77
-82
-65
-62
-58
-43
-40
-35
-22
-15
-13
-3
11
17
27
40
50
62
62
69
82
91
104
116
120
120
124
134
134
137
142
134
135
143
137
136
132
123
118
113
112
104
94
92
82
83
79
70
68
60
58
56
51
52
58
47
45
49
46
39
40
46
43
39
36
40
38
48
45
44
46
40
47
47
51
50
54
55
50
42
36
42
34
38
24
17
15
2
-2
-9
-9
-17
-22
-26
-32
-36
-44
-50
-47
-56
-63
-71
-80
-77
-89
-97
-106
-117
-124
-137
-146
-149
-151
-162
-166
-183
-191
-190
-204
-205
-217
-215
-223
-233
-234
-239
-248
-261
-253
-258
-260
-254
-249
-246
-243
-237
-232
-215
-201
-183
-173
-157
-140
-118
-96
-75
-58
-39
-16
9
36
49
78
103
124
144
169
187
202
234
245
257
281
288
299
314
329
336
337
344
343
345
350
351
346
344
336
324
326
313
298
294
281
266
247
240
219
202
192
168
152
132
107
88
77
55
34
10
-7
-17
-38
-55
-73
-95
-113
-124
-135
-149
-170
-182
-191
-209
-220
-226
-237
-244
-248
-251
-246
-252
-263
-260
-249
-244
-239
-237
-234
-225
-214
-207
-198
-179
-164
-153
-144
-127
-111
-93
-78
-62
-48
-29
-8
-4
14
31
43
54
67
77
92
104
105
112
121
128
122
122
128
123
114
103
103
104
92
83
69
59
54
47
34
26
16
6
-9
-19
-29
-46
-45
-63
-74
-79
-90
-86
-86
-94
-98
-103
-103
-94
-94
-83
-82
-84
-79
-74
-69
-65
-58
-45
-39
-39
-27
-14
-4
-3
6
18
26
38
43
47
58
70
66
84
87
87
96
98
106
110
116
118
124
129
128
129
132
138
138
138
144
149
144
146
151
142
140
142
143
139
131
128
126
116
106
100
94
83
71
60
53
42
40
23
6
-5
-20
-35
-51
-50
-68
-78
-93
-108
-112
-126
-138
-154
-152
-158
-166
-165
-174
-179
-179
-182
-188
-191
-178
-176
-176
-171
-161
-156
-155
-145
-134
-119
-114
-98
-85
-75
-56
-52
-37
-24
-18
1
20
28
39
42
55
69
76
84
90
100
101
108
110
114
108
110
112
103
105
101
99
94
79
76
76
64
56
54
43
31
27
29
23
14
1
-9
-14
-16
-18
-23
-22
-29
-26
-40
-44
-45
-47
-40
-45
-44
-45
-38
-42
-41
-42
-43
-32
-27
-31
-31
-26
-22
-17
-18
-17
-10
-12
-16
-3
1
9
16
10
26
31
36
51
39
49
69
68
69
73
73
74
82
82
81
84
88
83
85
91
86
88
92
90
84
85
77
70
64
69
67
51
43
37
39
27
18
12
9
-2
-6
-15
-22
-22
-32
-37
-48
-49
-52
-52
-57
-65
-63
-65
-64
-64
-66
-62
-64
-74
-65
-66
-63
-53
-62
-54
-53
-52
-51
-40
-39
-42
-28
-32
-35
-36
-28
-22
-27
-32
-41
-40
-30
-34
-36
-45
-49
-48
-50
-46
-57
-63
-60
-69
-76
-72
-75
-76
-83
-87
-82
-87
-82
-78
-85
-85
-79
-69
-67
-69
-65
-61
-54
-49
-44
-36
-24
-14
-10
0
6
12
24
35
43
51
45
60
62
66
79
75
86
88
92
104
99
106
118
112
119
122
122
123
129
131
124
128
128
123
124
128
130
129
126
123
119
114
109
107
109
104
96
91
83
78
66
61
63
53
51
37
34
22
13
7
-5
-11
-26
-28
-32
-45
-54
-57
-70
-80
-83
-86
-90
-94
-101
-107
-117
-118
-118
-125
-126
-129
-125
-127
-125
-122
-122
-120
-120
-114
-106
-104
-105
-99
-91
-78
-74
-76
-66
-60
-52
-43
-39
-29
-19
-14
-10
-6
-3
6
17
15
23
28
28
35
41
39
40
44
47
46
43
42
42
36
27
31
35
28
23
24
20
17
14
18
16
8
13
9
6
3
-6
-5
-1
-6
-4
-4
-4
-7
-13
-5
-6
-6
-7
-4
-3
-11
-1
-1
-4
1
1
4
6
13
21
18
25
27
24
26
26
27
32
31
28
37
38
29
35
39
35
42
44
52
57
53
51
50
51
56
53
50
58
52
60
58
56
61
53
53
49
49
46
49
44
41
30
25
18
9
9
7
1
-6
-8
-21
-26
-34
-44
-47
-55
-60
-71
-85
-87
-98
-105
-104
-117
-117
-119
-119
-130
-133
-129
-136
-133
-131
-125
-124
-120
-120
-116
-105
-101
-100
-81
-72
-62
-52
-44
-37
-31
-22
-12
2
13
24
31
36
40
53
64
69
79
82
93
100
103
98
105
111
110
112
111
112
112
113
112
112
106
104
100
93
98
88
83
78
73
68
56
55
52
47
49
36
29
37
30
26
22
17
12
6
1
-1
-7
-14
-16
-21
-23
-32
-36
-37
-41
-43
-48
-45
-53
-50
-54
-59
-61
-59
-64
-63
-62
-74
-61
-68
-59
-63
-63
-63
-65
-60
-64
-52
-58
-46
-46
-50
-45
-43
-40
-35
-30
-28
-24
-21
-18
-13
-12
-17
-8
-13
-9
-7
-18
-7
-3
-9
-3
-4
-6
-11
-12
-3
-8
-10
-6
-1
1
-6
-10
-16
-7
-3
-2
5
6
9
9
15
15
20
24
32
33
29
41
34
39
43
41
43
44
45
53
50
51
52
58
59
56
56
58
62
54
55
56
55
45
51
46
54
48
39
43
30
39
29
27
29
22
14
15
15
2
3
-1
-1
3
-1
-3
-11
-10
-11
-18
-17
-19
-22
-23
-29
-34
-33
-36
-34
-34
-38
-37
-33
-36
-39
-31
-30
-35
-30
-30
-35
-36
-39
-34
-28
-28
-30
-32
-33
-26
-29
-25
-23
-24
-17
-14
-17
-16
-11
-14
-6
0
-1
7
7
11
17
22
27
21
25
29
29
29
36
35
37
28
26
35
28
33
27
23
21
24
20
5
2
-2
-2
-10
-14
-19
-20
-23
-31
-29
-31
-33
-32
-35
-35
-35
-38
-39
-43
-40
-35
-36
-29
-32
-33
-33
-29
-18
-10
-10
0
3
1
7
10
21
22
32
41
31
35
45
42
48
56
54
54
56
57
58
53
53
55
54
58
51
49
52
49
44
42
40
40
38
29
21
17
14
2
0
-1
-9
-20
-19
-16
-27
-30
-28
-37
-31
-29
-35
-39
-40
-42
-48
-41
-42
-45
-48
-43
-48
-50
-45
-52
-46
-43
-43
-42
-41
-37
-37
-34
-38
-44
-34
-30
-30
-23
-22
-26
-22
-19
-15
-13
-10
-4
0
12
8
11
16
18
24
23
29
33
35
39
44
49
44
48
50
49
47
52
56
55
52
53
54
42
46
44
37
40
39
41
42
32
26
20
14
16
8
6
9
-3
-7
-5
-16
-19
-26
-26
-24
-31
-34
-32
-33
-41
-39
-43
-46
-53
-48
-49
-54
-50
-50
-52
-54
-53
-54
-51
-51
-44
-45
-47
-45
-42
-31
-32
-31
-27
-20
-17
-14
-17
-18
-6
-1
9
0
-6
4
1
5
12
8
14
18
17
14
27
27
26
33
27
30
26
34
37
28
29
36
31
28
34
32
25
28
29
24
25
32
21
16
17
11
8
11
10
2
6
-4
3
2
-6
-3
-7
-8
-11
-10
-17
-12
-16
-21
-12
-18
-21
-20
-13
-4
-13
-13
-6
3
-3
-4
3
-4
0
0
8
9
4
8
2
2
13
14
13
11
16
19
11
9
15
16
8
5
3
9
11
6
1
2
4
0
-1
-2
2
-1
-2
-8
-6
-7
-16
-11
-16
-16
-25
-23
-22
-28
-29
-34
-38
-38
-39
-41
-51
-44
-42
-43
-39
-55
-47
-49
-46
-41
-40
-35
-40
-36
-40
-38
-36
-28
-28
-20
-11
-11
-14
-9
0
5
8
9
18
18
21
27
29
29
28
31
42
50
47
51
47
47
59
59
57
64
57
53
59
50
49
49
45
44
39
44
37
32
39
33
29
27
20
17
15
10
13
12
3
-5
-6
-10
-12
-21
-16
-7
-18
-18
-21
-25
-25
-27
-25
-26
-30
-24
-21
-22
-20
-25
-23
-15
-20
-16
-13
-18
-19
-13
-14
-10
-12
-16
-12
-23
-18
-12
-15
-7
-7
-12
-11
-11
-11
-9
-6
-8
-1
-3
-4
-4
-2
2
-5
3
-5
0
0
-8
1
1
6
-3
-8
-2
5
-1
-6
1
-4
2
-3
-9
-3
-13
-14
-15
-15
-21
-24
-21
-17
-22
-29
-27
-16
-16
-28
-25
-20
-16
-18
-22
-12
-13
-25
-21
-22
-17
-14
-7
-9
-5
-2
0
5
5
13
10
14
14
23
30
29
23
23
32
33
38
40
42
40
45
48
46
53
49
50
47
47
45
41
44
45
43
45
45
36
36
35
32
36
25
24
19
11
7
9
6
2
-10
-17
-13
-17
-22
-22
-16
-21
-20
-25
-33
-35
-35
-35
-39
-36
-38
-46
-43
-44
-41
-48
-43
-37
-46
-45
-38
-38
-33
-27
-26
-26
-31
-28
-24
-13
-12
-16
-10
-7
1
-5
-2
13
9
10
12
12
20
25
24
25
31
33
32
41
40
39
39
39
37
32
35
36
36
35
28
21
23
22
20
13
14
22
18
13
6
1
1
-3
-4
-8
-11
-17
-18
-19
-20
-26
-35
-26
-33
-36
-36
-40
-35
-44
-40
-41
-48
-42
-41
-41
-42
-37
-31
-32
-36
-21
-21
-26
-9
-23
-13
-15
-10
-3
-11
-1
-4
6
6
11
16
17
30
31
28
30
34
35
39
39
35
41
33
34
38
33
32
29
31
27
34
32
26
33
24
23
24
13
17
22
10
10
9
5
11
6
-1
-3
-3
-1
2
-1
-10
-10
-9
-11
-14
-16
-16
-17
-19
-24
-19
-18
-18
-22
-22
-13
-19
-23
-17
-20
-21
-16
-7
-20
-23
-16
-16
-12
-12
-10
-16
-10
-9
-9
-1
1
-5
-8
-6
1
8
0
-1
2
5
-3
-1
7
9
7
10
11
7
10
6
9
8
8
8
6
8
2
1
-6
-6
-4
-8
-7
-7
-5
-7
-7
-9
-12
-10
-8
-14
-18
-14
-14
-20
-15
-15
-20
-20
-19
-16
-22
-17
-7
-14
-12
-2
-4
-6
-3
-7
4
8
7
15
10
17
17
16
26
25
23
26
31
27
31
29
34
25
24
33
27
36
33
25
27
31
28
33
27
24
30
23
25
22
19
16
18
18
14
10
6
10
9
7
4
-2
4
0
-7
-11
-11
-6
-14
-13
-22
-14
-14
-18
-22
-20
-16
-28
-19
-16
-21
-20
-20
-26
-23
-26
-22
-26
-24
-23
-24
-15
-14
-13
-16
-17
-12
-9
-9
-5
-1
-1
-4
-2
-2
2
4
1
