SAMPLES:	10304
BITSPERSAMPLE:	16
CHANNELS:	1
SAMPLERATE:	16000
NORMALIZED:	FALSE
8
11
12
9
3
3
6
-1
1
3
2
1
-8
-6
1
-7
-5
-11
-6
-6
0
6
4
3
1
2
-8
2
0
0
-2
-4
6
9
0
1
1
5
-5
0
4
-10
1
-1
0
0
2
1
1
6
0
-5
-3
-2
6
5
-5
-2
3
0
-1
0
1
-1
-4
-1
-6
-7
-7
-5
-7
-9
-5
-8
-6
-5
-4
1
1
1
7
5
9
9
4
2
6
9
-6
2
5
11
9
-5
1
7
4
0
2
8
7
-3
1
7
8
0
4
8
6
7
-1
0
6
7
7
7
0
1
-4
1
2
-9
-9
-18
-7
-10
-14
-13
-9
-6
-9
-4
-12
-10
-11
-12
-13
-20
-22
-15
-9
-20
-7
-7
-13
-10
3
6
3
2
5
-2
-7
12
10
9
12
16
15
11
10
21
18
14
12
5
13
10
18
6
3
3
-4
6
-1
-4
1
1
9
10
8
11
8
4
6
2
0
-4
1
-1
-2
1
-6
2
0
-6
-2
-8
-8
-8
-4
-3
-12
-9
-6
-10
-5
-5
-4
-2
-5
-5
-1
1
6
5
6
4
3
4
2
4
3
-6
0
0
7
4
-6
-3
-5
3
0
10
0
0
-3
-3
5
-3
6
-2
-1
-3
-3
0
3
-1
-9
-2
-12
-5
-2
-8
0
1
5
2
2
-5
-2
4
-15
-20
-11
-6
-7
-3
-5
-10
-2
3
7
10
4
4
3
5
5
3
7
4
13
11
4
12
16
16
10
7
7
7
2
2
4
3
7
2
4
1
2
3
2
-2
-3
-3
-4
2
0
0
6
-9
-6
-10
-4
1
1
3
-11
-3
-7
-8
-5
-3
2
-12
-7
3
0
-1
-1
-1
-4
-4
0
1
7
3
2
5
3
3
5
3
-3
-2
0
7
10
8
4
-4
5
6
1
3
1
3
5
4
-1
-5
5
5
3
9
6
13
13
1
4
3
6
3
1
1
-4
-1
-7
-6
-2
1
-8
-8
3
-6
-8
-7
-11
-13
-9
-6
-10
-10
-4
-1
-6
-9
-6
-9
-13
-15
-18
-11
-9
-11
-4
-7
-12
-6
-8
-9
-1
-11
-8
0
1
-1
-7
1
3
-1
-2
-4
-2
1
6
4
3
2
0
4
11
13
17
17
21
18
14
16
16
4
10
15
10
7
4
4
-3
3
3
6
-1
8
8
4
-1
-5
2
4
11
4
11
2
3
4
10
2
4
6
1
8
0
8
9
10
-2
0
2
0
0
-6
-1
-6
-1
0
-2
-7
-1
-7
-2
-3
-10
0
-9
-4
1
0
-5
-14
-8
-12
-7
-13
-10
-7
-7
-3
-9
-6
-8
-6
-9
-9
-8
-7
-7
-1
0
-6
-6
-3
2
-5
-10
-6
-11
-15
4
-2
-9
-4
-1
0
-2
11
5
5
5
4
9
10
3
-1
3
10
8
17
10
8
9
7
5
3
5
9
4
-3
-1
-3
4
-3
-1
1
4
0
3
3
4
8
2
0
0
-3
3
3
-4
-7
-3
0
3
2
6
7
3
-1
-7
-9
-3
-5
-3
-1
-2
7
3
-2
5
4
-2
-6
-2
3
-2
4
4
2
-2
-1
0
4
8
5
8
2
3
3
1
-3
-4
0
1
-4
-5
3
3
2
-4
-5
-4
0
-4
-9
-12
-18
-10
-10
-6
-5
-7
-2
-3
-4
-4
-9
-7
-1
-2
1
3
5
3
3
1
-3
2
-1
-7
-2
6
1
1
4
5
8
-5
1
4
4
-1
-7
-1
-7
2
-7
0
2
-7
-3
-8
1
6
-2
0
4
6
11
10
11
4
7
9
8
12
11
7
8
6
8
12
8
7
8
10
6
1
2
-5
-1
-6
-1
-1
-2
-4
2
8
6
1
4
5
-5
-5
-10
-1
-1
-6
-11
-6
-3
-5
-3
-10
-10
-7
-14
-12
-9
-7
-5
-7
0
2
2
0
-1
-3
-2
2
2
5
5
11
5
-7
-8
-12
-10
-1
-4
-2
-11
-13
-7
-13
-2
-1
2
-1
-4
2
-5
-4
-4
3
-6
-5
0
-2
5
-5
1
-4
-4
12
8
-1
-2
8
10
5
5
9
7
13
13
8
9
4
13
7
5
10
8
9
2
7
-7
-4
-2
-5
-3
-7
-5
-1
-4
-1
13
7
5
10
6
4
4
-1
0
-3
0
-6
-8
-7
-7
-4
-12
-12
-7
-9
-7
-5
-2
-6
-11
-4
-5
-8
-6
-5
2
6
1
2
6
3
10
12
1
3
3
3
9
11
8
6
9
10
1
-5
2
5
10
8
2
5
3
9
6
4
6
2
-4
-6
0
-3
-5
-4
-6
-4
-5
-11
-9
-1
5
0
-1
-2
1
-7
-11
-2
-11
-5
-4
-9
-7
0
0
-6
2
-6
-8
3
-1
1
10
8
4
4
-1
3
10
1
1
10
7
-2
-2
-2
-2
-1
-10
-4
0
-3
3
-2
-5
3
-2
-1
-7
-1
2
-5
-5
-11
-2
-8
1
2
3
4
-2
-1
-3
3
-3
-5
8
5
5
14
9
4
1
8
12
2
-4
4
3
-3
1
5
-1
6
14
12
6
2
4
-6
-7
-6
-3
-8
-3
-6
-6
-5
-13
-6
-11
-12
-5
-4
-8
-14
-4
-4
-8
-3
-5
-10
-11
-2
-2
-2
-5
-10
-7
0
2
4
10
4
0
1
4
-3
5
3
1
1
3
5
3
10
-3
5
4
2
10
15
17
10
12
13
6
3
3
6
8
9
13
9
6
2
5
4
4
8
-1
3
9
1
0
-5
-4
-4
-8
0
-7
-5
-1
-6
4
-1
0
-3
-1
7
-8
-7
-8
-5
-5
-11
-5
-11
-6
-10
-16
-6
-2
-6
-6
-9
-11
-6
-6
-8
-13
-5
-3
-3
-4
-10
-6
-8
-13
-9
-5
4
3
-4
-1
1
-2
0
4
2
-5
-2
1
-3
7
11
13
14
11
12
6
8
10
0
-1
8
2
7
8
3
2
3
9
3
4
10
5
1
2
0
5
3
11
-2
1
9
-3
3
1
5
6
4
7
4
-3
-1
1
-2
1
-1
-3
-11
-4
-3
-8
-5
-6
4
-2
-3
4
0
-2
1
5
-2
-6
-2
-2
-2
-3
-3
0
1
7
2
0
-3
2
-3
1
3
2
-2
3
6
-3
2
5
5
0
2
-7
-2
2
-1
-9
-6
4
1
2
2
-1
-2
3
10
2
-1
-3
-3
6
6
-1
-1
1
-6
1
-3
-7
-3
-9
-13
-12
-10
-7
-8
-5
-10
-9
0
-4
-9
-7
-6
-7
4
10
-2
-4
-4
-1
1
-2
-3
-3
4
4
-2
-3
-7
-9
-8
-5
-6
-15
-6
-8
-10
-11
-13
-9
-5
-17
-18
-18
-22
-16
-14
-9
-11
-3
-3
1
-4
-2
5
6
9
8
14
16
19
17
22
34
36
30
26
23
17
18
22
22
14
16
16
10
2
8
5
6
11
9
-3
-2
4
0
7
8
14
6
0
0
-9
-9
-9
-8
-7
-4
-6
-1
-3
-7
-3
-4
-7
-11
-15
-13
-4
-13
-8
-18
-20
-12
-7
-3
-13
-13
-8
4
1
-6
-6
-9
11
11
10
13
16
22
23
25
26
25
25
27
20
14
17
8
19
22
27
20
17
20
10
14
11
9
-2
5
16
13
4
-11
-7
1
12
-4
-21
-17
-18
-17
-31
-37
-29
-13
-12
-20
-31
-28
-22
-13
-21
-20
-2
-10
-2
-10
-18
-29
-22
-12
-7
1
6
9
-2
-19
-17
3
15
-2
-14
-4
6
26
21
5
4
11
45
45
24
11
1
15
23
15
8
7
6
19
27
28
20
-5
9
23
40
38
15
7
30
58
77
69
61
68
70
68
30
-18
-26
-14
-6
-19
-19
6
38
39
8
10
32
33
-23
-110
-156
-129
-86
-93
-130
-133
-22
98
138
67
-18
-23
2
1
-84
-179
-204
-154
-94
-65
-48
-41
24
62
102
99
39
-89
-229
-263
-231
-172
-199
-251
-180
11
202
247
160
102
180
299
271
80
-101
-95
58
174
159
108
171
329
456
403
239
126
115
106
26
-95
-144
-89
-5
20
18
64
153
220
194
121
84
80
45
-54
-113
-75
28
133
121
70
80
135
167
103
-9
-68
-60
-61
-99
-162
-179
-114
-54
-35
-56
-90
-102
-124
-179
-248
-284
-281
-284
-292
-278
-241
-202
-173
-184
-200
-176
-166
-178
-222
-258
-247
-203
-175
-165
-142
-89
-36
-3
-18
-32
-29
-40
-47
-56
-49
-29
-6
18
47
110
160
182
177
186
218
223
196
169
171
197
241
295
328
350
379
395
420
435
411
379
338
331
340
357
361
371
431
506
558
548
510
469
455
438
380
328
310
346
402
445
469
516
570
598
570
507
435
346
286
191
99
53
43
49
-1
-77
-155
-258
-393
-588
-821
-1051
-1240
-1396
-1554
-1668
-1729
-1715
-1643
-1593
-1533
-1484
-1432
-1363
-1347
-1312
-1266
-1175
-1033
-873
-667
-445
-197
56
275
480
640
761
827
835
821
791
766
746
742
757
774
782
751
700
599
468
291
68
-161
-376
-582
-785
-957
-1056
-1066
-1041
-974
-892
-786
-670
-568
-474
-399
-312
-209
-66
93
275
503
749
1002
1237
1478
1669
1812
1888
1875
1809
1690
1528
1360
1220
1093
977
889
828
780
709
607
497
387
275
148
-4
-173
-299
-342
-329
-272
-201
-99
81
289
482
587
641
703
786
884
921
899
895
978
1133
1263
1285
1273
1311
1376
1323
1046
634
245
-73
-460
-965
-1478
-1845
-2030
-2200
-2428
-2631
-2722
-2688
-2693
-2841
-3006
-3078
-3047
-3043
-3083
-3018
-2776
-2371
-1950
-1550
-1112
-616
-121
258
517
696
857
962
979
993
1049
1147
1238
1330
1474
1646
1770
1788
1709
1581
1409
1162
803
420
95
-189
-440
-667
-837
-946
-1011
-1056
-1107
-1158
-1230
-1344
-1454
-1539
-1605
-1636
-1629
-1535
-1335
-1055
-731
-392
7
394
738
1032
1266
1478
1623
1721
1765
1833
1946
2026
2101
2184
2275
2347
2343
2247
2085
1890
1636
1295
945
622
363
142
-71
-202
-251
-209
-145
-96
-41
20
130
220
286
359
459
632
852
1123
1373
1621
1966
2275
2557
2767
2897
3023
3072
3024
2831
2574
2295
1886
1387
813
258
-252
-871
-1537
-2177
-2658
-3034
-3491
-3936
-4339
-4568
-4655
-4865
-5114
-5289
-5233
-5084
-5011
-4856
-4601
-4090
-3522
-3023
-2478
-1889
-1236
-685
-260
106
438
756
914
1022
1189
1375
1567
1664
1804
1995
2144
2229
2156
2093
1987
1739
1422
1019
690
368
-17
-380
-662
-787
-948
-1174
-1373
-1491
-1506
-1625
-1837
-1986
-2027
-1971
-1980
-1973
-1827
-1544
-1168
-853
-481
-18
465
913
1211
1506
1843
2135
2330
2425
2562
2723
2878
2993
3048
3164
3250
3279
3253
3146
3008
2751
2463
2152
1824
1509
1145
863
653
506
400
281
275
303
348
374
349
399
442
498
556
627
809
1006
1250
1503
1763
2088
2361
2634
2819
2924
2968
2846
2663
2305
1786
1215
550
-54
-782
-1560
-2268
-2877
-3304
-3801
-4233
-4595
-4844
-4984
-5267
-5544
-5768
-5844
-5869
-5998
-5964
-5763
-5313
-4814
-4382
-3787
-3096
-2315
-1667
-1166
-645
-194
186
382
508
741
943
1130
1280
1512
1862
2127
2323
2440
2598
2696
2594
2412
2146
1909
1608
1157
724
394
206
-16
-281
-471
-589
-637
-773
-995
-1155
-1283
-1408
-1584
-1723
-1749
-1719
-1596
-1430
-1119
-707
-301
140
558
989
1341
1602
1840
2025
2258
2413
2510
2674
2863
3092
3263
3425
3596
3725
3776
3696
3576
3361
3045
2679
2281
1937
1602
1234
902
667
549
449
350
287
292
368
392
368
358
393
428
478
572
721
927
1171
1461
1773
2059
2269
2438
2564
2555
2292
1810
1269
720
64
-800
-1685
-2404
-2912
-3415
-3989
-4428
-4662
-4764
-4987
-5312
-5543
-5631
-5687
-5920
-6154
-6176
-5956
-5637
-5370
-4968
-4375
-3641
-2925
-2308
-1636
-1016
-498
-123
167
501
755
921
1021
1189
1512
1773
1998
2201
2433
2666
2713
2674
2555
2425
2178
1739
1326
921
598
228
-182
-465
-721
-892
-1090
-1275
-1374
-1522
-1646
-1799
-1861
-1786
-1739
-1613
-1470
-1200
-810
-446
0
403
893
1330
1685
2110
2452
2822
3087
3309
3589
3789
4020
4148
4288
4385
4359
4353
4216
4119
3940
3607
3287
2918
2621
2248
1840
1490
1132
869
560
331
211
78
7
-143
-166
-91
-44
33
23
155
363
532
765
970
1292
1569
1764
1958
2060
2160
2010
1631
1218
715
193
-569
-1398
-2128
-2779
-3295
-3931
-4425
-4748
-4995
-5166
-5455
-5614
-5700
-5727
-5780
-5948
-5899
-5782
-5561
-5288
-5015
-4513
-3991
-3392
-2801
-2181
-1507
-971
-471
-61
308
685
919
1122
1268
1463
1676
1813
1993
2129
2263
2352
2350
2359
2296
2176
1933
1633
1331
986
673
318
-41
-335
-644
-891
-1085
-1221
-1343
-1494
-1575
-1583
-1471
-1356
-1271
-1075
-831
-519
-193
150
542
954
1357
1676
2023
2416
2792
3116
3342
3574
3830
4055
4218
4302
4392
4399
4349
4280
4141
4001
3757
3436
3075
2747
2420
2026
1630
1243
916
634
351
154
3
-104
-222
-303
-291
-275
-227
-225
-187
-65
75
271
479
737
986
1189
1420
1567
1692
1640
1337
990
565
81
-613
-1398
-2156
-2825
-3360
-3997
-4489
-4801
-5022
-5164
-5364
-5448
-5437
-5364
-5371
-5495
-5433
-5304
-5098
-4847
-4624
-4212
-3733
-3200
-2636
-2005
-1317
-786
-311
112
512
952
1202
1341
1441
1569
1720
1819
1927
1970
2030
2047
1994
2055
2075
1993
1789
1532
1300
1061
820
476
112
-221
-626
-947
-1179
-1336
-1493
-1701
-1812
-1800
-1604
-1398
-1258
-1016
-765
-434
-76
263
629
962
1266
1493
1792
2178
2500
2810
3037
3305
3626
3892
4141
4349
4504
4528
4478
4416
4300
4170
3883
3483
3124
2803
2523
2193
1855
1533
1276
1057
804
663
540
351
155
3
-67
-97
-144
-220
-228
-111
23
180
384
602
796
932
1026
1117
1186
1003
582
155
-286
-779
-1450
-2227
-2960
-3505
-4015
-4563
-4975
-5247
-5409
-5541
-5697
-5766
-5655
-5507
-5503
-5512
-5369
-5125
-4790
-4489
-4198
-3761
-3256
-2740
-2200
-1610
-1038
-543
-110
286
738
1181
1444
1634
1819
2013
2190
2317
2388
2430
2464
2393
2319
2306
2248
2120
1907
1663
1463
1294
1063
743
448
134
-195
-475
-761
-984
-1189
-1410
-1568
-1596
-1473
-1342
-1147
-911
-643
-247
116
480
851
1171
1426
1647
1890
2114
2336
2525
2657
2870
3122
3349
3576
3778
3933
4015
4035
3976
3874
3711
3387
3010
2655
2294
1936
1579
1244
977
785
633
505
447
395
328
274
192
159
138
86
43
66
161
251
421
615
829
1070
1233
1331
1364
1249
955
574
120
-456
-1149
-1908
-2679
-3305
-3876
-4453
-4928
-5285
-5519
-5696
-5800
-5861
-5808
-5697
-5688
-5651
-5463
-5181
-4872
-4612
-4316
-3915
-3384
-2841
-2328
-1751
-1204
-686
-209
267
766
1218
1536
1738
1988
2265
2485
2628
2698
2742
2780
2755
2685
2646
2579
2390
2108
1835
1617
1438
1168
775
397
72
-219
-524
-795
-1051
-1275
-1469
-1652
-1659
-1547
-1429
-1317
-1168
-893
-516
-99
241
551
901
1216
1514
1784
2038
2272
2445
2572
2698
2916
3123
3259
3359
3400
3451
3512
3518
3412
3229
3009
2727
2470
2177
1834
1497
1156
876
661
506
384
280
239
209
250
322
370
446
474
545
641
758
913
1035
1177
1286
1404
1530
1567
1525
1296
963
592
136
-405
-1143
-1911
-2647
-3333
-3933
-4539
-5010
-5399
-5728
-5957
-6112
-6107
-6056
-5981
-5947
-5886
-5624
-5301
-4933
-4583
-4228
-3739
-3232
-2643
-2045
-1475
-919
-482
0
463
931
1370
1642
1891
2119
2389
2636
2798
2926
2952
2958
2930
2883
2845
2684
2458
2129
1806
1549
1265
987
582
189
-154
-466
-670
-907
-1135
-1368
-1538
-1586
-1583
-1498
-1397
-1259
-1043
-812
-479
-108
285
652
947
1274
1596
1961
2276
2504
2720
2905
3128
3307
3456
3569
3612
3639
3573
3498
3404
3218
2981
2680
2385
2083
1776
1469
1135
849
587
353
186
38
-62
-170
-228
-217
-174
-101
-58
39
208
408
625
829
1036
1242
1441
1592
1652
1632
1458
1165
802
359
-155
-797
-1490
-2191
-2793
-3353
-3910
-4368
-4764
-5082
-5352
-5563
-5657
-5677
-5664
-5714
-5701
-5545
-5291
-4975
-4693
-4382
-3966
-3464
-2932
-2387
-1819
-1293
-811
-356
91
576
999
1306
1558
1804
2082
2338
2557
2729
2845
2926
2932
2959
2996
2943
2775
2491
2222
1981
1758
1443
1027
652
281
-47
-349
-639
-882
-1127
-1334
-1484
-1502
-1425
-1347
-1234
-1114
-908
-615
-316
-9
261
562
854
1157
1510
1816
2130
2409
2653
2931
3184
3416
3565
3659
3693
3669
3619
3458
3258
3004
2697
2393
2041
1712
1382
1071
774
486
282
76
-112
-258
-413
-521
-599
-644
-670
-690
-626
-522
-355
-140
88
345
591
846
1104
1302
1400
1336
1149
877
540
126
-442
-1075
-1745
-2333
-2859
-3362
-3768
-4124
-4386
-4619
-4779
-4832
-4827
-4786
-4820
-4866
-4801
-4638
-4391
-4181
-3963
-3671
-3274
-2785
-2286
-1752
-1245
-764
-315
120
560
990
1337
1583
1759
1968
2214
2422
2589
2689
2769
2832
2892
2936
2938
2871
2693
2446
2203
1962
1710
1343
900
477
115
-197
-553
-888
-1202
-1447
-1617
-1744
-1793
-1777
-1711
-1602
-1450
-1248
-973
-651
-365
-113
173
494
839
1159
1461
1763
2067
2401
2727
3042
3309
3509
3661
3767
3836
3814
3671
3427
3139
2850
2522
2138
1725
1331
996
674
391
158
-40
-219
-405
-563
-673
-721
-768
-864
-925
-909
-800
-639
-456
-228
15
290
591
874
1123
1253
1237
1088
884
634
268
-240
-847
-1436
-1947
-2439
-2895
-3275
-3590
-3841
-4057
-4191
-4235
-4200
-4193
-4260
-4283
-4219
-4058
-3886
-3750
-3592
-3367
-3049
-2691
-2275
-1846
-1414
-998
-617
-191
246
659
987
1237
1483
1736
1976
2169
2314
2437
2509
2546
2614
2691
2722
2655
2532
2386
2243
2101
1866
1560
1216
861
505
143
-213
-568
-906
-1230
-1487
-1644
-1747
-1785
-1790
-1724
-1594
-1393
-1151
-913
-640
-398
-151
118
392
697
973
1245
1548
1877
2227
2579
2910
3217
3478
3677
3819
3867
3822
3664
3423
3121
2778
2398
1982
1578
1187
860
575
324
124
-43
-183
-335
-449
-548
-656
-777
-914
-1000
-1008
-955
-870
-759
-572
-334
-53
238
480
675
751
716
599
415
137
-295
-828
-1370
-1867
-2327
-2803
-3210
-3549
-3804
-3988
-4117
-4161
-4135
-4066
-4040
-4005
-3898
-3704
-3501
-3330
-3181
-2971
-2676
-2362
-2028
-1672
-1305
-947
-569
-180
213
635
1009
1322
1606
1907
2215
2453
2644
2766
2864
2925
2958
2987
2956
2889
2759
2609
2472
2319
2140
1893
1598
1296
964
631
275
-93
-465
-832
-1159
-1424
-1601
-1733
-1814
-1834
-1785
-1629
-1435
-1208
-949
-691
-430
-166
117
402
686
951
1199
1492
1823
2145
2447
2700
2965
3183
3337
3425
3405
3328
3158
2905
2584
2243
1890
1511
1130
768
479
245
38
-155
-337
-478
-599
-718
-830
-963
-1071
-1154
-1210
-1182
-1115
-988
-810
-590
-318
-32
249
494
684
763
725
612
431
153
-240
-711
-1221
-1684
-2115
-2535
-2905
-3234
-3489
-3673
-3781
-3836
-3840
-3817
-3792
-3754
-3642
-3477
-3313
-3148
-2966
-2737
-2479
-2204
-1899
-1561
-1217
-886
-548
-188
198
596
951
1266
1567
1868
2155
2395
2585
2722
2811
2857
2883
2893
2858
2761
2646
2513
2368
2219
2037
1840
1604
1335
1028
714
412
86
-267
-633
-962
-1225
-1434
-1607
-1713
-1749
-1707
-1605
-1437
-1227
-985
-707
-458
-197
82
364
631
865
1111
1384
1667
1927
2179
2436
2671
2863
2988
3068
3084
3020
2867
2628
2349
2055
1733
1385
1038
719
471
240
37
-126
-268
-403
-534
-647
-751
-846
-947
-1026
-1076
-1065
-980
-854
-682
-472
-228
41
294
528
720
807
775
665
489
224
-127
-564
-1052
-1543
-2004
-2439
-2827
-3157
-3440
-3651
-3801
-3889
-3888
-3837
-3775
-3714
-3601
-3432
-3220
-3002
-2798
-2578
-2337
-2058
-1771
-1453
-1120
-808
-491
-173
182
560
934
1251
1527
1817
2084
2336
2528
2657
2754
2790
2790
2767
2745
2680
2562
2417
2255
2109
1970
1794
1574
1313
1045
767
478
180
-135
-454
-767
-1046
-1261
-1418
-1513
-1557
-1574
-1514
-1364
-1146
-911
-684
-452
-200
74
344
595
829
1058
1285
1504
1737
1973
2200
2379
2516
2621
2686
2704
2643
2510
2303
2047
1773
1479
1176
872
574
307
76
-108
-240
-361
-491
-625
-734
-800
-871
-944
-1016
-1059
-1059
-1009
-891
-730
-516
-265
-4
268
551
808
994
1077
1047
956
791
528
181
-247
-706
-1162
-1613
-2032
-2407
-2731
-3015
-3239
-3374
-3460
-3505
-3491
-3449
-3397
-3309
-3181
-3016
-2826
-2640
-2447
-2228
-1976
-1703
-1410
-1113
-818
-507
-190
135
461
778
1074
1346
1602
1844
2063
2249
2388
2491
2555
2590
2596
2577
2516
2416
2294
2151
1985
1796
1583
1347
1097
826
541
246
-33
-306
-579
-832
-1047
-1223
-1355
-1439
-1478
-1470
-1408
-1297
-1149
-965
-763
-545
-312
-77
167
417
671
906
1134
1365
1584
1793
1989
2156
2283
2361
2402
2398
2327
2227
2056
1826
1569
1305
1046
775
508
263
45
-150
-307
-446
-569
-669
-778
-878
-948
-1003
-1036
-1044
-1023
-949
-824
-639
-402
-141
145
450
759
1027
1248
1423
1508
1466
1338
1141
873
544
120
-341
-819
-1267
-1703
-2115
-2475
-2803
-3073
-3289
-3436
-3514
-3528
-3504
-3464
-3388
-3251
-3054
-2847
-2647
-2442
-2222
-1974
-1730
-1461
-1190
-912
-630
-354
-47
278
638
960
1261
1563
1866
2150
2366
2541
2667
2765
2782
2742
2667
2554
2405
2199
1975
1753
1542
1314
1055
800
555
324
92
-152
-387
-616
-828
-1020
-1180
-1304
-1395
-1453
-1453
-1398
-1284
-1135
-958
-755
-527
-284
-38
219
473
707
924
1125
1327
1535
1712
1856
1981
2089
2163
2207
2198
2155
2055
1899
1704
1472
1242
968
681
382
97
-149
-376
-573
-738
-871
-974
-1059
-1102
-1100
-1072
-1041
-990
-901
-771
-592
-386
-147
113
382
662
954
1242
1490
1680
1810
1870
1859
1761
1572
1310
979
572
92
-414
-885
-1365
-1834
-2281
-2679
-3000
-3253
-3439
-3589
-3628
-3598
-3548
-3480
-3342
-3135
-2923
-2721
-2524
-2281
-2018
-1749
-1484
-1209
-915
-608
-290
37
397
782
1138
1458
1770
2076
2356
2563
2696
2771
2775
2715
2585
2420
2221
1968
1677
1376
1094
838
597
346
104
-106
-318
-503
-677
-852
-1027
-1216
-1377
-1504
-1612
-1687
-1727
-1720
-1659
-1550
-1373
-1156
-898
-609
-308
-14
293
598
870
1096
1294
1479
1631
1759
1856
1963
2036
2086
2116
2126
2119
2064
1961
1802
1613
1373
1090
760
430
106
-209
-491
-755
-944
-1075
-1161
-1182
-1153
-1075
-965
-833
-672
-492
-299
-102
96
321
560
811
1060
1317
1577
1817
2036
2210
2347
2421
2359
2215
2014
1719
1346
862
319
-241
-800
-1376
-1923
-2408
-2836
-3196
-3498
-3702
-3805
-3826
-3815
-3775
-3668
-3505
-3325
-3127
-2935
-2733
-2510
-2280
-2022
-1723
-1424
-1112
-779
-412
-14
398
807
1179
1518
1822
2114
2336
2478
2554
2536
2464
2330
2171
1988
1755
1501
1252
1019
803
626
463
302
146
0
-138
-277
-426
-599
-784
-959
-1123
-1264
-1365
-1432
-1454
-1434
-1357
-1205
-1004
-773
-520
-273
-25
227
452
649
811
948
1059
1168
1285
1400
1519
1621
1723
1819
1913
1979
1996
1964
1878
1720
1496
1222
933
604
248
-86
-383
-621
-817
-946
-1027
-1046
-988
-903
-792
-661
-525
-374
-234
-91
74
242
419
614
853
1115
1385
1664
1918
2165
2380
2525
2592
2560
2426
2194
1865
1448
971
422
-175
-774
-1341
-1888
-2383
-2815
-3187
-3462
-3683
-3825
-3898
-3904
-3865
-3810
-3704
-3553
-3363
-3151
-2937
-2692
-2413
-2115
-1783
-1422
-1031
-645
-261
127
511
891
1257
1547
1792
1997
2155
2257
2283
2255
2179
2053
1883
1711
1527
1334
1137
931
755
604
467
327
200
68
-75
-234
-389
-533
-693
-868
-1037
-1188
-1290
-1346
-1392
-1380
-1324
-1235
-1084
-904
-703
-483
-263
-71
122
305
491
642
772
911
1036
1180
1304
1451
1592
1703
1788
1869
1919
1910
1861
1734
1564
1354
1101
825
540
252
-15
-240
-438
-566
-627
-643
-622
-556
-440
-306
-170
-22
115
269
438
583
753
942
1153
1378
1602
1853
2111
2346
2550
2697
2783
2808
2722
2535
2253
1882
1431
906
327
-302
-933
-1522
-2103
-2631
-3100
-3498
-3818
-4070
-4237
-4332
-4330
-4304
-4246
-4122
-3938
-3710
-3485
-3243
-2986
-2701
-2383
-2052
-1706
-1359
-992
-627
-259
111
491
848
1137
1401
1630
1818
1965
2046
2061
2022
1944
1827
1697
1554
1376
1192
1004
841
693
576
469
338
211
95
-2
-101
-230
-391
-555
-710
-864
-1013
-1130
-1225
-1288
-1310
-1273
-1164
-1024
-855
-662
-439
-186
64
300
520
708
859
1007
1132
1248
1346
1426
1505
1575
1654
1742
1802
1826
1842
1830
1783
1716
1588
1428
1230
1011
809
604
416
237
81
-30
-85
-67
-22
49
142
254
408
590
771
941
1092
1239
1405
1568
1730
1883
2008
2100
2172
2250
2303
2283
2179
1976
1709
1394
1001
531
-6
-609
-1232
-1838
-2421
-2946
-3418
-3848
-4225
-4491
-4648
-4702
-4669
-4612
-4503
-4339
-4108
-3827
-3533
-3244
-2958
-2660
-2361
-2030
-1680
-1336
-1008
-701
-359
-6
374
737
1036
1298
1539
1762
1936
2069
2120
2105
2031
1918
1793
1651
1483
1278
1063
883
743
622
515
396
278
176
71
-45
-170
-330
-529
-733
-928
-1102
-1254
-1403
-1517
-1591
-1596
-1514
-1376
-1193
-984
-752
-496
-225
42
287
495
662
811
946
1087
1213
1321
1432
1555
1687
1835
1985
2111
2201
2252
2282
2270
2206
2092
1924
1707
1484
1272
1069
879
708
574
485
456
472
513
561
607
680
769
864
952
1020
1087
1157
1247
1369
1504
1631
1745
1868
1967
2056
2094
2067
1935
1705
1420
1052
623
102
-473
-1094
-1712
-2285
-2830
-3308
-3741
-4109
-4383
-4563
-4647
-4658
-4607
-4531
-4423
-4264
-4058
-3816
-3584
-3352
-3124
-2861
-2564
-2241
-1884
-1533
-1176
-818
-428
-16
399
764
1085
1358
1593
1809
1954
2043
2048
1981
1879
1757
1637
1508
1354
1178
1022
884
789
733
645
554
441
325
228
103
-29
-203
-417
-655
-875
-1044
-1212
-1370
-1516
-1609
-1638
-1590
-1479
-1337
-1148
-947
-729
-467
-180
89
332
549
744
931
1131
1328
1513
1678
1826
1995
2174
2374
2560
2701
2783
2839
2869
2848
2771
2634
2421
2163
1908
1641
1372
1115
848
601
416
287
216
184
152
144
182
256
351
453
543
611
687
795
933
1076
1206
1308
1417
1524
1608
1664
1667
1577
1391
1160
857
508
91
-418
-982
-1535
-2049
-2537
-2992
-3405
-3764
-4049
-4264
-4405
-4460
-4457
-4443
-4413
-4318
-4160
-3948
-3735
-3527
-3299
-3011
-2674
-2313
-1907
-1510
-1118
-717
-314
105
526
892
1179
1424
1636
1815
1955
2039
2062
2023
1961
1886
1798
1697
1562
1404
1228
1066
927
783
635
468
305
151
11
-119
-262
-416
-590
-749
-903
-1056
-1187
-1320
-1425
-1517
-1564
-1546
-1476
-1358
-1195
-994
-762
-476
-161
155
468
768
1038
1307
1574
1800
2006
2189
2346
2493
2639
2774
2883
2970
3034
3062
3059
2999
2894
2744
2525
2247
1948
1640
1298
963
634
318
59
-156
-318
-422
-488
-511
-516
-481
-419
-327
-223
-136
-31
97
230
397
571
747
921
1090
1254
1400
1523
1583
1591
1501
1338
1127
843
494
61
-421
-931
-1439
-1931
-2409
-2862
-3273
-3641
-3948
-4174
-4336
-4428
-4466
-4476
-4441
-4335
-4160
-3937
-3693
-3433
-3139
-2795
-2427
-2041
-1646
-1250
-869
-502
-131
219
558
855
1106
1323
1514
1692
1835
1942
1999
2023
2015
1972
1904
1799
1661
1480
1269
1047
816
592
360
130
-84
-266
-423
-552
-645
-738
-801
-855
-909
-947
-977
-1005
-1013
-1007
-980
-925
-837
-697
-518
-288
-12
286
611
947
1296
1631
1933
2202
2424
2598
2735
2837
2887
2900
2885
2842
2784
2722
2654
2571
2470
2336
2180
1995
1774
1524
1232
914
575
220
-106
-397
-662
-882
-1058
-1164
-1193
-1172
-1091
-953
-794
-610
-393
-171
47
265
474
676
864
1060
1244
1415
1568
1701
1813
1907
1958
1941
1874
1729
1512
1235
881
444
-50
-603
-1180
-1759
-2325
-2863
-3369
-3827
-4212
-4507
-4714
-4818
-4833
-4793
-4683
-4492
-4247
-3941
-3627
-3298
-2953
-2608
-2264
-1921
-1588
-1278
-988
-733
-460
-189
92
371
607
838
1061
1274
1463
1600
1688
1714
1675
1584
1459
1301
1096
846
585
338
117
-55
-189
-289
-338
-331
-280
-188
-63
58
175
269
337
399
432
427
395
349
294
264
275
311
384
477
608
779
992
1217
1417
1608
1765
1886
1981
2032
2051
2023
1968
1887
1811
1752
1683
1620
1548
1498
1439
1374
1318
1210
1069
895
693
485
251
3
-243
-476
-678
-834
-927
-954
-940
-865
-743
-576
-367
-130
101
315
526
721
917
1104
1246
1386
1520
1642
1777
1910
2016
2105
2166
2174
2146
2072
1912
1660
1327
916
457
-56
-620
-1214
-1826
-2410
-2959
-3440
-3846
-4181
-4447
-4646
-4729
-4732
-4648
-4519
-4370
-4177
-3950
-3688
-3417
-3137
-2872
-2618
-2360
-2092
-1813
-1524
-1246
-994
-736
-481
-214
50
259
441
589
716
816
894
937
928
898
845
793
747
713
666
630
617
636
706
799
899
1008
1129
1258
1397
1525
1635
1697
1725
1730
1706
1662
1588
1467
1308
1142
1005
890
761
635
528
445
400
375
368
362
338
320
306
309
306
294
266
225
199
206
227
254
291
328
384
460
547
641
722
779
816
844
873
875
850
797
734
675
630
587
546
524
511
525
552
604
678
753
819
897
974
1049
1128
1196
1254
1295
1332
1361
1379
1393
1382
1350
1303
1228
1148
1039
894
731
523
289
14
-279
-591
-950
-1323
-1700
-2069
-2453
-2831
-3162
-3477
-3750
-3967
-4148
-4272
-4340
-4361
-4322
-4246
-4127
-3974
-3809
-3623
-3411
-3195
-2992
-2794
-2587
-2375
-2169
-1964
-1740
-1498
-1249
-989
-712
-403
-83
249
558
878
1190
1482
1751
1976
2178
2356
2483
2582
2666
2716
2750
2753
2737
2709
2675
2632
2570
2489
2396
2289
2154
1991
1820
1620
1396
1139
863
598
308
19
-257
-537
-778
-989
-1174
-1318
-1414
-1476
-1509
-1479
-1417
-1327
-1198
-1052
-881
-692
-482
-265
-51
176
404
632
866
1092
1308
1505
1676
1835
1968
2062
2125
2146
2130
2065
1978
1857
1710
1563
1392
1226
1062
923
809
704
626
560
511
480
455
441
416
390
345
312
288
262
242
222
223
245
288
362
444
523
612
661
704
721
696
592
425
203
-71
-402
-807
-1223
-1678
-2139
-2603
-3032
-3417
-3763
-4064
-4315
-4502
-4632
-4680
-4685
-4665
-4604
-4494
-4350
-4173
-3974
-3748
-3497
-3235
-2936
-2602
-2232
-1846
-1443
-1025
-586
-125
353
808
1254
1688
2098
2468
2817
3135
3391
3601
3761
3874
3948
3965
3929
3847
3706
3537
3341
3103
2841
2557
2253
1939
1635
1339
1037
738
444
166
-93
-336
-565
-798
-1020
-1235
-1431
-1600
-1750
-1881
-1985
-2059
-2090
-2071
-1993
-1881
-1725
-1528
-1300
-1023
-712
-393
-67
254
559
879
1174
1455
1695
1908
2089
2223
2356
2457
2521
2555
2540
2511
2452
2368
2258
2101
1920
1713
1486
1250
1005
761
510
254
24
-174
-351
-498
-623
-725
-787
-813
-813
-799
-760
-697
-656
-589
-498
-411
-313
-224
-134
-33
58
151
241
299
341
373
367
316
217
77
-121
-379
-666
-1018
-1401
-1806
-2223
-2645
-3037
-3385
-3695
-3946
-4131
-4241
-4279
-4219
-4111
-3952
-3730
-3455
-3150
-2829
-2489
-2143
-1794
-1449
-1100
-758
-406
-63
281
642
1008
1371
1737
2091
2433
2752
3042
3290
3484
3637
3731
3755
3728
3644
3505
3319
3082
2814
2542
2240
1937
1650
1350
1057
790
525
279
65
-153
-350
-543
-729
-893
-1056
-1218
-1374
-1511
-1631
-1726
-1804
-1847
-1847
-1833
-1783
-1675
-1533
-1362
-1159
-941
-692
-427
-158
119
393
660
907
1142
1357
1562
1748
1893
2018
2119
2187
2246
2269
2261
2223
2155
2053
1927
1781
1599
1398
1171
927
669
420
172
-72
-309
-548
-754
-923
-1071
-1190
-1283
-1358
-1396
-1394
-1358
-1303
-1216
-1118
-1004
-866
-722
-563
-414
-276
-143
-30
77
185
264
317
349
358
355
338
302
234
139
24
-127
-288
-463
-677
-921
-1188
-1448
-1713
-1966
-2190
-2413
-2604
-2745
-2847
-2870
-2833
-2754
-2636
-2457
-2230
-1973
-1676
-1365
-1054
-740
-433
-125
168
454
726
956
1184
1406
1632
1844
2037
2214
2381
2539
2676
2789
2874
2920
2934
2907
2838
2747
2609
2423
2196
1948
1682
1392
1096
793
488
189
-95
-353
-590
-797
-990
-1162
-1299
-1411
-1485
-1555
-1609
-1642
-1664
-1669
-1669
-1659
-1626
-1599
-1553
-1470
-1387
-1284
-1144
-991
-821
-631
-420
-186
48
288
520
753
963
1150
1329
1474
1587
1674
1735
1758
1754
1735
1693
1628
1541
1443
1337
1214
1076
943
787
617
435
240
44
-161
-379
-592
-788
-994
-1165
-1319
-1449
-1535
-1593
-1609
-1598
-1533
-1433
-1316
-1169
-1007
-833
-650
-468
-281
-106
51
209
351
484
604
715
803
882
956
1011
1061
1073
1062
1009
926
816
669
482
265
14
-267
-533
-815
-1072
-1306
-1530
-1719
-1862
-1951
-1983
-1958
-1890
-1775
-1622
-1435
-1197
-956
-700
-448
-197
56
296
531
739
929
1087
1241
1390
1520
1630
1726
1800
1861
1912
1941
1958
1941
1897
1822
1722
1605
1455
1265
1036
787
523
246
-45
-345
-641
-944
-1218
-1466
-1689
-1878
-2046
-2181
-2264
-2308
-2315
-2283
-2237
-2170
-2070
-1948
-1807
-1651
-1480
-1310
-1136
-950
-745
-522
-304
-76
160
408
666
930
1195
1447
1685
1907
2115
2309
2465
2579
2654
2685
2665
2618
2529
2387
2201
1979
1727
1465
1185
886
565
234
-91
-406
-703
-997
-1271
-1532
-1763
-1967
-2135
-2269
-2366
-2438
-2476
-2462
-2404
-2297
-2155
-1991
-1791
-1561
-1305
-1023
-737
-443
-147
129
405
680
915
1135
1327
1508
1660
1790
1911
1995
2066
2097
2117
2121
2100
2048
1955
1833
1685
1512
1304
1081
831
561
287
12
-248
-485
-708
-903
-1058
-1177
-1251
-1278
-1278
-1239
-1162
-1065
-949
-828
-702
-585
-481
-385
-306
-252
-199
-163
-158
-162
-165
-183
-206
-224
-243
-261
-287
-299
-312
-329
-349
-384
-425
-477
-551
-638
-729
-828
-934
-1044
-1148
-1241
-1325
-1384
-1410
-1418
-1386
-1339
-1248
-1131
-991
-829
-658
-464
-280
-97
93
285
469
632
787
943
1093
1238
1370
1500
1625
1727
1831
1927
1999
2069
2095
2107
2092
2060
1992
1891
1772
1614
1436
1240
1042
817
583
344
93
-158
-406
-649
-884
-1105
-1318
-1520
-1701
-1859
-1993
-2118
-2219
-2278
-2301
-2310
-2291
-2235
-2161
-2053
-1917
-1751
-1567
-1365
-1145
-905
-643
-378
-103
173
442
711
976
1232
1487
1717
1912
2092
2253
2390
2501
2583
2624
2637
2633
2601
2550
2480
2386
2272
2151
2016
1875
1726
1563
1389
1204
1021
827
618
400
172
-68
-304
-536
-770
-1003
-1234
-1447
-1638
-1808
-1954
-2075
-2169
-2245
-2291
-2311
-2304
-2276
-2247
-2213
-2165
-2111
-2041
-1972
-1921
-1857
-1788
-1722
-1642
-1556
-1460
-1352
-1252
-1123
-979
-840
-695
-549
-391
-238
-76
87
237
373
507
622
746
860
960
1047
1107
1177
1229
1279
1315
1344
1356
1351
1352
1334
1318
1289
1250
1205
1147
1098
1053
994
916
852
768
685
615
526
441
341
231
128
27
-69
-178
-286
-384
-485
-571
-642
-727
-803
-869
-932
-982
-1020
-1056
-1089
-1105
-1108
-1103
-1086
-1050
-1014
-956
-885
-798
-689
-573
-456
-323
-185
-42
105
252
401
521
640
759
859
956
1048
1123
1185
1243
1282
1324
1352
1370
1367
1355
1348
1320
1274
1220
1160
1082
997
916
826
733
646
553
467
381
315
260
205
157
123
100
56
35
20
-7
-33
-59
-89
-136
-179
-216
-262
-318
-374
-427
-490
-547
-615
-679
-746
-816
-883
-953
-1022
-1082
-1136
-1189
-1232
-1274
-1294
-1311
-1299
-1281
-1254
-1208
-1145
-1082
-1020
-925
-843
-762
-671
-585
-504
-429
-360
-293
-223
-166
-107
-51
1
50
107
158
206
249
288
332
357
387
396
403
405
407
397
372
368
345
332
307
288
281
268
267
263
259
248
249
231
223
209
177
145
105
69
29
-4
-48
-83
-104
-124
-125
-105
-85
-57
-22
24
77
128
190
243
287
333
374
407
441
467
495
511
535
571
598
625
645
676
690
707
717
707
686
651
615
546
476
402
305
208
110
4
-88
-178
-265
-352
-421
-482
-542
-577
-614
-631
-644
-658
-647
-639
-622
-587
-551
-495
-445
-376
-306
-224
-144
-66
23
101
186
265
342
412
474
530
581
619
658
694
710
719
727
740
739
731
723
710
681
646
618
575
529
476
407
343
272
194
108
16
-78
-181
-277
-364
-467
-565
-657
-749
-834
-923
-991
-1067
-1125
-1190
-1241
-1278
-1317
-1332
-1347
-1351
-1340
-1316
-1275
-1221
-1168
-1100
-1027
-934
-849
-753
-654
-566
-475
-386
-282
-194
-114
-23
62
139
212
295
379
456
525
591
656
703
756
798
828
851
856
873
861
840
832
808
786
765
745
718
686
659
638
607
574
541
491
451
402
349
292
227
155
84
20
-51
-108
-162
-217
-262
-310
-343
-354
-370
-369
-370
-373
-362
-344
-317
-294
-274
-254
-224
-190
-159
-120
-93
-59
-18
17
61
108
151
192
226
263
305
340
366
391
401
403
401
391
375
347
316
274
236
194
144
102
45
-2
-40
-84
-123
-152
-190
-214
-236
-260
-273
-289
-306
-322
-326
-332
-334
-333
-326
-320
-308
-301
-287
-256
-233
-211
-179
-140
-110
-71
-39
4
31
69
102
127
153
176
199
212
229
226
232
226
222
218
213
202
188
175
162
153
141
128
119
117
101
91
76
65
50
22
2
-15
-39
-59
-78
-95
-112
-117
-117
-116
-114
-110
-96
-73
-55
-34
-17
-18
8
1
0
-6
-34
-52
-90
-130
-163
-196
-231
-268
-302
-335
-369
-395
-418
-438
-460
-479
-499
-519
-519
-534
-543
-542
-548
-540
-525
-512
-482
-443
-387
-327
-272
-194
-120
-46
26
109
172
241
308
361
421
458
491
523
556
584
606
620
635
646
655
671
680
684
681
678
673
652
630
601
565
531
485
439
386
330
267
209
153
86
38
-16
-78
-126
-186
-243
-281
-325
-364
-409
-456
-486
-525
-560
-583
-618
-635
-650
-674
-664
-664
-658
-639
-619
-585
-547
-500
-434
-377
-311
-231
-147
-64
18
101
170
257
324
394
455
494
529
560
576
589
607
610
601
593
589
575
573
558
547
545
527
513
505
478
442
405
359
313
254
200
150
85
33
-12
-53
-83
-108
-132
-135
-127
-113
-99
-89
-75
-54
-42
-37
-33
-47
-58
-86
-108
-132
-161
-189
-230
-260
-286
-311
-330
-352
-373
-391
-415
-442
-462
-497
-532
-559
-598
-647
-693
-729
-757
-797
-829
-850
-866
-862
-849
-833
-807
-770
-713
-656
-594
-518
-445
-367
-288
-200
-114
-34
51
131
206
284
361
433
504
573
636
701
750
795
840
867
884
891
901
887
865
834
786
733
668
597
518
444
364
284
208
131
65
-1
-64
-128
-173
-219
-264
-294
-325
-345
-360
-371
-375
-374
-359
-319
-290
-243
-196
-142
-72
-13
60
137
205
265
336
388
435
487
532
558
570
586
590
592
581
565
545
525
497
459
417
374
321
271
218
153
101
45
-21
-76
-134
-186
-249
-306
-350
-398
-439
-473
-501
-530
-542
-550
-551
-547
-531
-505
-482
-457
-422
-394
-358
-318
-291
-257
-221
-187
-166
-145
-120
-91
-70
-46
-19
-1
26
51
64
78
97
101
100
98
81
70
48
26
4
-25
-48
-70
-80
-99
-109
-111
-103
-93
-82
-67
-45
-18
0
28
45
69
82
89
90
98
107
95
92
79
76
58
47
37
25
-2
-24
-34
-62
-79
-107
-132
-161
-195
-243
-283
-316
-366
-404
-444
-481
-501
-523
-542
-552
-552
-546
-528
-499
-472
-420
-371
-329
-264
-201
-140
-82
-18
48
120
190
248
318
380
445
513
579
644
702
764
813
859
896
931
959
975
983
979
964
937
917
876
829
766
710
649
577
503
427
351
270
194
115
33
-46
-123
-196
-266
-330
-394
-457
-509
-559
-596
-631
-663
-678
-695
-698
-680
-674
-664
-644
-616
-582
-548
-494
-438
-384
-327
-261
-203
-156
-100
-41
6
51
94
130
160
184
200
203
213
221
211
207
199
186
186
176
164
141
131
117
99
87
69
46
22
-2
-26
-36
-54
-67
-86
-92
-91
-94
-90
-83
-69
-53
-39
-8
15
39
65
90
105
116
142
154
162
171
171
161
164
158
143
120
105
86
57
36
11
-21
-48
-73
-117
-143
-168
-201
-235
-276
-313
-339
-370
-407
-433
-462
-491
-527
-551
-561
-583
-590
-594
-596
-595
-582
-566
-546
-516
-483
-457
-416
-371
-322
-277
-230
-186
-139
-75
-31
21
81
123
175
224
271
318
360
397
437
480
515
536
555
574
597
609
618
628
626
620
616
620
616
604
596
591
583
575
564
558
544
534
528
512
494
479
461
442
421
392
370
341
305
275
242
205
163
125
81
40
-12
-61
-101
-156
-200
-254
-305
-352
-398
-446
-488
-526
-559
-581
-608
-632
-650
-668
-671
-674
-681
-679
-672
-657
-646
-623
-586
-560
-522
-478
-440
-385
-333
-271
-215
-151
-90
-33
29
84
140
192
242
283
329
370
407
451
477
509
531
558
579
585
598
595
592
573
552
523
494
457
400
348
300
238
175
122
56
-5
-72
-135
-195
-254
-310
-373
-429
-487
-539
-587
-635
-684
-726
-760
-792
-816
-844
-861
-861
-868
-859
-855
-842
-813
-799
-767
-726
-681
-641
-596
-539
-479
-420
-341
-276
-212
-141
-71
-2
73
153
226
292
356
427
495
563
621
678
731
786
836
872
917
947
975
995
1006
1015
1008
995
977
953
930
890
842
798
738
683
625
565
504
433
370
303
247
183
107
47
-13
-86
-138
-198
-260
-307
-363
-411
-458
-501
-539
-569
-591
-608
-614
-617
-614
-607
-594
-578
-541
-506
-467
-429
-391
-345
-305
-258
-228
-193
-153
-119
-80
-47
-20
13
34
53
82
100
126
141
165
183
196
214
223
226
230
236
232
222
202
189
170
152
121
100
78
39
13
-17
-48
-76
-106
-132
-153
-178
-197
-215
-236
-262
-287
-306
-327
-347
-368
-388
-407
-420
-428
-432
-440
-442
-432
-420
-403
-393
-361
-335
-304
-268
-237
-196
-171
-130
-92
-58
-19
7
41
82
118
146
182
218
255
285
319
344
369
392
416
439
450
466
465
465
457
449
448
434
407
389
377
346
323
294
277
249
225
203
171
152
129
105
86
78
62
43
27
18
5
-4
-12
-18
-17
-22
-20
-28
-23
-21
-24
-24
-27
-24
-20
-16
-23
-25
-28
-30
-32
-37
-45
-55
-64
-76
-81
-87
-106
-118
-124
-134
-143
-152
-160
-175
-180
-186
-187
-206
-203
-196
-198
-197
-188
-178
-186
-163
-147
-131
-115
-92
-77
-51
-21
-9
12
24
53
58
73
98
97
108
115
116
120
124
119
119
110
110
100
86
82
61
45
23
1
-22
-50
-82
-103
-132
-158
-180
-206
-233
-253
-275
-300
-318
-328
-330
-349
-348
-348
-344
-339
-329
-320
-310
-288
-268
-243
-214
-185
-160
-117
-86
-50
-14
13
62
97
137
171
205
246
267
308
335
363
381
402
420
432
447
448
453
459
455
452
449
448
438
428
420
399
390
370
345
327
309
287
262
240
217
186
163
143
111
74
54
31
3
-25
-57
-68
-99
-122
-163
-186
-198
-230
-246
-267
-282
-310
-316
-335
-347
-361
-367
-370
-378
-387
-401
-397
-395
-393
-392
-389
-382
-382
-368
-349
-332
-309
-292
-273
-254
-222
-203
-176
-147
-124
-95
-65
-33
-12
25
49
81
112
131
167
194
220
241
272
294
315
329
350
372
375
383
386
385
385
383
375
371
353
327
311
296
267
242
214
176
142
109
81
43
16
-13
-42
-66
-98
-123
-144
-165
-190
-200
-217
-225
-239
-246
-248
-253
-240
-242
-236
-231
-220
-213
-200
-178
-168
-156
-134
-123
-100
-87
-76
-57
-51
-29
-27
-22
-9
-6
7
11
15
22
24
33
29
33
34
31
39
38
44
46
58
63
65
70
76
88
94
97
115
112
119
136
146
157
160
170
189
199
204
210
217
228
228
230
234
231
228
222
212
195
183
168
139
124
92
62
38
3
-27
-54
-90
-119
-149
-181
-218
-256
-280
-310
-339
-363
-388
-409
-416
-433
-442
-453
-463
-454
-457
-451
-435
-433
-418
-393
-367
-346
-324
-293
-265
-235
-198
-162
-128
-96
-57
-18
27
62
97
139
169
204
232
255
283
303
319
333
340
352
363
372
371
370
373
370
367
367
369
355
352
350
337
326
321
304
282
261
246
229
208
190
161
140
119
96
73
51
34
14
1
-20
-44
-55
-84
-106
-126
-142
-157
-178
-198
-215
-227
-234
-246
-257
-265
-275
-276
-273
-266
-258
-255
-247
-238
-229
-204
-198
-192
-169
-150
-132
-121
-102
-75
-63
-42
-24
-4
16
40
52
71
88
102
109
111
129
141
150
147
149
146
142
140
134
121
108
99
90
76
68
57
50
26
12
1
-23
-28
-37
-49
-63
-76
-78
-90
-98
-109
-117
-118
-115
-119
-120
-113
-110
-105
-107
-91
-78
-72
-65
-57
-39
-33
-16
-5
-2
14
20
24
34
44
43
55
58
61
68
74
80
69
79
80
85
93
86
93
95
93
99
98
93
93
89
81
79
74
74
74
72
71
68
60
55
44
43
52
43
41
27
24
19
9
-2
-19
-21
-32
-45
-54
-70
-82
-86
-90
-100
-102
-108
-116
-117
-123
-118
-121
-116
-109
-112
-101
-95
-83
-73
-66
-54
-45
-36
-14
2
14
33
46
65
79
101
116
130
140
152
164
169
186
193
193
189
190
190
184
166
161
152
139
118
99
79
59
42
11
-10
-36
-69
-95
-132
-154
-181
-207
-230
-252
-263
-289
-305
-320
-327
-331
-332
-333
-337
-328
-321
-312
-303
-297
-280
-257
-241
-225
-198
-178
-152
-115
-89
-53
-18
13
41
74
102
132
167
192
212
230
250
271
289
300
313
317
329
333
334
339
347
344
339
326
314
305
294
278
254
243
214
196
169
145
126
98
77
59
42
21
1
-12
-26
-47
-59
-74
-79
-95
-110
-120
-134
-138
-145
-156
-163
-164
-174
-179
-180
-185
-182
-174
-172
-167
-172
-166
-165
-159
-159
-155
-142
-141
-124
-126
-120
-112
-102
-92
-88
-72
-59
-48
-41
-25
-18
0
11
23
35
42
62
68
80
95
97
104
125
133
142
146
138
147
142
147
151
143
129
126
121
107
104
91
82
75
61
49
30
20
9
-8
-27
-44
-48
-60
-83
-101
-121
-128
-131
-150
-160
-161
-170
-169
-169
-159
-158
-163
-154
-139
-130
-124
-116
-111
-89
-80
-66
-60
-47
-38
-24
-5
1
25
31
35
50
63
63
78
87
97
105
106
99
102
112
109
111
107
100
96
94
94
96
94
91
83
83
84
78
72
74
75
70
71
59
61
60
49
45
35
30
29
26
21
18
15
14
11
20
17
10
9
7
15
7
9
7
0
1
-2
1
-1
-12
-16
-23
-16
-17
-11
-22
-32
-12
-18
-24
-24
-26
-23
-26
-30
-23
-23
-28
-21
-30
-39
-36
-26
-37
-33
-28
-32
-32
-38
-41
-45
-52
-48
-55
-58
-59
-70
-64
-75
-81
-87
-87
-93
-102
-92
-93
-92
-93
-95
-88
-86
-90
-87
-84
-75
-74
-69
-53
-48
-40
-35
-28
-13
-4
9
26
33
43
61
71
79
90
96
105
117
121
124
126
125
127
134
138
130
122
120
122
122
122
111
103
98
89
83
75
64
55
52
44
37
28
23
9
-3
-8
-18
-21
-28
-32
-37
-49
-52
-54
-58
-63
-79
-81
-86
-87
-90
-96
-96
-98
-102
-102
-105
-110
-110
-106
-101
-106
-105
-103
-97
-97
-87
-84
-86
-81
-66
-57
-57
-51
-40
-33
-29
-11
0
16
22
28
43
53
69
73
81
98
112
121
126
142
153
155
169
175
181
182
191
188
191
194
182
187
177
164
158
143
128
120
107
88
76
65
48
22
-1
-10
-24
-39
-60
-78
-89
-112
-125
-140
-156
-164
-175
-178
-182
-191
-198
-198
-202
-194
-191
-183
-173
-176
-170
-167
-160
-148
-134
-113
-109
-104
-87
-84
-63
-56
-42
-20
-11
0
12
23
40
46
56
61
70
73
80
89
87
97
93
97
101
100
95
98
103
99
97
96
101
92
90
90
84
93
88
79
77
72
65
63
57
55
54
49
42
30
29
22
24
17
4
1
0
4
-6
-6
-12
-20
-23
-30
-26
-30
-39
-51
-52
-54
-58
-63
-63
-66
-75
-74
-74
-67
-73
-79
-74
-68
-57
-56
-57
-49
-47
-41
-41
-32
-34
-33
-23
-25
-16
-11
2
11
9
18
18
26
33
39
50
54
62
69
66
73
78
77
80
76
78
79
78
76
83
80
79
85
79
81
77
69
74
75
66
67
67
66
61
53
44
45
34
28
20
16
8
-3
-1
-12
-19
-28
-31
-39
-48
-58
-67
-76
-80
-83
-94
-102
-112
-119
-130
-130
-141
-146
-141
-150
-151
-152
-153
-151
-151
-147
-144
-137
-130
-117
-124
-120
-106
-98
-82
-76
-70
-49
-30
-35
-10
2
11
29
37
54
63
75
87
102
109
115
121
128
146
148
152
157
159
164
165
172
175
168
164
159
159
153
142
132
130
117
108
102
95
91
79
71
58
52
41
29
23
20
5
-4
-10
-24
-29
-35
-49
-59
-58
-66
-68
-73
-83
-82
-82
-95
-94
-94
-100
-105
-110
-106
-102
-113
-118
-117
-117
-116
-115
-107
-113
-103
-96
-95
-95
-90
-84
-77
-60
-50
-39
-35
-33
-18
-11
-3
11
21
30
37
46
51
64
69
74
79
82
96
99
102
107
107
105
106
106
99
90
93
90
88
76
64
58
43
40
33
16
10
-6
-15
-14
-21
-32
-44
-50
-63
-66
-72
-75
-83
-91
-91
-94
-91
-95
-90
-94
-90
-85
-81
-82
-77
-67
-68
-63
-52
-37
-35
-28
-22
-11
-8
-5
15
13
23
27
30
44
42
46
51
56
61
65
64
62
63
70
71
74
67
67
77
73
70
63
62
60
57
56
52
54
52
45
40
38
43
50
41
33
29
30
29
15
21
15
7
5
1
-3
-12
-17
-16
-21
-29
-29
-31
-33
-35
-38
-36
-39
-51
-41
-41
-53
-45
-50
-53
-53
-54
-45
-37
-40
-44
-36
-35
-25
-22
-15
-10
-4
-3
3
15
12
14
14
21
17
24
31
26
25
34
26
22
20
18
20
13
14
14
16
10
3
-6
-12
-16
-18
-20
-30
-37
-46
-47
-51
-51
-64
-66
-64
-77
-75
-72
-74
-77
-73
-68
-63
-66
-61
-55
-52
-47
-50
-45
-40
-33
-19
-20
-17
0
-4
6
13
19
26
26
43
45
58
60
61
66
68
72
77
87
80
88
87
75
85
89
80
84
73
74
76
76
71
68
63
55
48
50
55
46
38
34
23
17
14
8
3
-8
-7
-13
-21
-26
-30
-29
-37
-43
-47
-45
-44
-45
-45
-50
-50
-46
-58
-65
-61
-61
-56
-59
-57
-62
-57
-53
-54
-51
-54
-45
-40
-42
-37
-34
-32
-24
-17
-13
-17
-14
-11
-10
0
2
8
17
15
19
19
23
31
36
36
38
42
44
47
46
49
47
46
47
55
50
49
50
44
44
42
29
32
32
23
28
27
18
16
21
15
8
1
5
-2
-2
-2
-13
-15
-23
-25
-29
-30
-33
-44
-50
-52
-52
-53
-52
-50
-54
-44
-42
-46
-45
-47
-48
-43
-39
-33
-35
-40
-33
-31
-29
-26
-27
-18
-17
-13
-2
-3
8
6
19
30
27
34
30
36
40
40
47
40
41
48
37
41
52
46
43
44
55
50
46
48
51
55
54
52
49
39
40
34
29
24
23
20
5
8
2
-7
-13
-20
-21
-23
-25
-24
-29
-42
-41
-41
-54
-56
-58
-68
-58
-69
-83
-73
-79
-81
-83
-83
-80
-83
-74
-77
-69
-58
-58
-53
-47
-40
-32
-30
-28
-15
-10
-9
-3
1
3
18
21
21
33
39
40
49
53
58
54
62
72
68
76
81
85
73
73
74
67
77
68
55
56
57
61
50
48
45
35
33
25
23
15
19
16
12
5
3
2
-9
-14
-20
-14
-23
-33
-33
-35
-33
-31
-35
-35
-32
-36
-33
-29
-38
-36
-32
-31
-27
-30
-36
-31
-30
-29
-24
-22
-25
-25
-26
-15
-8
-11
2
10
6
18
23
9
13
18
21
23
22
19
22
29
26
28
31
40
34
29
39
38
39
38
41
40
42
34
24
27
15
12
3
-8
2
-7
-15
-18
-20
-24
-21
-15
-29
-33
-37
-38
-36
-41
-39
-48
-48
-46
-56
-53
-58
-60
-62
-62
-52
-57
-52
-41
-36
-40
-30
-26
-19
-10
-10
-9
-2
2
1
8
4
5
8
9
16
12
21
25
20
31
29
31
36
25
34
37
43
45
39
41
26
20
23
25
18
22
17
13
10
17
17
11
19
4
2
9
10
11
10
10
8
3
7
2
-2
1
4
9
-3
-4
0
-4
-4
-1
-4
-3
-2
-3
-5
-11
-7
-12
-7
-6
-7
-9
-8
-9
-17
-10
-7
-4
-9
-6
-16
-12
-6
-18
-9
-8
2
-1
-5
2
6
6
2
5
14
13
11
15
18
24
16
27
26
19
18
15
16
18
21
18
20
20
21
20
19
11
11
6
15
11
2
-2
-1
-6
-6
-5
-15
-19
-22
-26
-34
-36
-30
-29
-31
-33
-32
-27
-33
-36
-28
-31
-32
-35
-37
-32
-32
-31
-27
-30
-30
-25
-20
-17
-18
-19
-9
-8
-1
5
7
5
7
16
18
13
15
10
17
23
13
22
22
25
31
30
32
37
36
35
37
38
38
41
43
40
34
34
30
31
36
24
25
26
27
25
20
18
18
23
20
16
14
13
5
5
3
-6
-10
-6
-13
-22
-18
-24
-27
-33
-33
-30
-31
-35
-30
-29
-31
-31
-38
-33
-25
-35
-33
-25
-27
-27
-30
-29
-29
-21
-19
-17
-15
-12
-5
-10
2
4
16
16
14
21
23
22
18
28
24
26
25
22
29
28
24
20
15
23
19
17
21
15
21
13
6
13
8
5
8
-4
-5
-7
-14
-10
-21
-20
-20
-28
-24
-19
-17
-21
-23
-18
-21
-25
-13
-10
-12
0
-5
-9
-2
0
7
-4
4
0
1
6
3
10
8
8
13
17
26
23
19
16
20
30
19
20
21
20
19
20
18
11
5
12
4
-3
-4
-3
-1
-3
-4
4
-1
-8
-1
-7
-10
-10
-8
-9
-12
-11
-14
-19
-22
-20
-9
-15
-17
-17
-18
-20
-17
-7
-11
-10
-6
-6
-5
-4
5
8
1
-1
5
1
-5
0
5
10
14
12
13
9
14
18
16
20
21
17
17
25
32
29
24
28
24
27
19
15
27
21
20
16
14
15
19
21
8
6
10
10
9
6
2
-3
-1
8
-8
-10
-12
-18
-16
-27
-22
-20
-28
-29
-34
-29
-35
-33
-27
-29
-29
-30
-25
-27
-26
-23
-32
-20
-19
-27
-26
-24
-20
-20
-17
-21
-18
-12
-5
-4
-1
6
4
2
4
14
15
14
17
13
11
11
18
14
8
13
11
10
10
14
17
17
14
20
22
13
22
24
19
20
10
11
12
9
7
2
6
5
-3
0
-5
5
5
-2
-2
8
6
3
9
5
10
3
5
0
-3
-5
-7
-10
-11
-9
-5
-10
-13
-10
-6
2
0
4
4
6
1
6
6
3
7
7
5
8
3
-7
-3
1
6
7
2
1
9
11
9
21
18
18
18
17
19
19
25
14
11
14
7
11
11
7
2
7
8
1
-2
1
7
0
6
6
10
7
1
1
2
1
-2
-8
-10
-10
-11
-20
-23
-18
-21
-14
-19
-23
-13
-18
-19
-17
-17
-9
-7
-9
-11
-11
-21
-17
-24
-27
-16
-23
-22
-20
-25
-24
-20
-21
-16
-8
-6
-10
-8
-1
-2
2
-1
0
3
0
7
-1
9
-1
-5
5
2
15
10
12
18
19
20
22
21
15
25
25
22
20
21
22
19
10
8
14
14
7
6
7
9
5
1
2
1
0
-1
-3
-11
1
-12
-9
-4
-18
-13
-15
-18
-15
-17
-18
-15
-18
-8
-16
-14
-8
-9
-13
-20
-8
-5
-8
-2
-2
2
1
2
4
3
12
9
9
13
15
11
16
11
14
17
16
14
13
18
13
12
14
18
19
20
23
20
12
18
21
10
13
8
6
-1
0
-4
-6
2
3
2
-4
0
-1
-3
-1
-4
-5
-9
-8
-1
0
-11
-19
-16
-18
-18
-23
-25
-20
-20
-19
-17
-16
-18
-7
-9
-14
-4
-8
-11
-16
-11
-15
-16
-8
-7
-13
-10
-9
-10
-2
-3
6
8
5
