SAMPLES:	10592
BITSPERSAMPLE:	16
CHANNELS:	1
SAMPLERATE:	16000
NORMALIZED:	FALSE
4
6
9
2
7
3
-1
-6
-6
-5
-6
1
3
2
-1
-8
-8
2
-2
-2
3
6
3
1
7
5
1
2
-4
-4
-5
-4
-5
-6
5
12
4
1
-5
-9
-4
1
0
2
8
5
-2
2
5
-1
4
1
1
6
-3
-6
-7
-7
-3
-2
0
0
0
2
-1
-4
-1
-3
1
7
1
5
-4
-5
9
3
6
7
-4
-3
-2
7
-1
0
-1
-7
5
0
0
-6
-12
-5
2
-9
-2
-2
5
10
-2
3
1
-2
5
9
-1
1
-1
3
-4
-2
-2
4
3
-4
-3
-6
0
-4
-5
-1
6
5
0
5
6
-1
-1
3
2
3
0
-6
-1
-2
-5
-4
-7
-4
-2
-5
-7
5
4
-2
8
8
4
6
1
2
2
-9
4
-1
-2
2
-4
4
-7
-1
-5
-1
2
0
5
-1
-2
0
5
-2
3
-2
-2
-10
-1
3
-5
-5
0
7
-1
1
0
0
9
4
5
2
0
-3
-7
2
-2
-7
-1
2
0
1
-2
-4
4
2
1
-2
-1
0
-2
-1
-2
3
3
-3
-5
-3
-3
-3
-7
2
2
3
1
2
-2
2
6
-2
3
-1
3
3
-4
2
6
1
-3
-6
-1
3
-4
1
-1
-9
-2
-7
4
-1
-5
3
-1
7
-4
-1
2
2
4
2
3
2
1
2
3
-4
-4
-5
-2
3
-1
-3
-2
5
1
-1
2
-3
-5
-3
0
0
2
2
1
5
3
-6
-7
-3
7
-1
-3
5
1
3
-1
-3
3
-7
-3
1
2
-1
-3
5
1
-2
-5
3
-3
-1
5
5
8
1
1
0
0
4
-10
-9
-6
2
5
-4
-3
0
-2
-1
0
3
1
-1
5
-4
-7
-3
0
3
1
8
3
6
3
-6
-5
0
8
3
-1
2
1
4
-9
-13
-5
-5
-12
-3
3
-1
8
3
0
6
3
2
4
5
4
-2
-4
-1
-1
-9
1
1
-3
-13
-2
6
-1
1
-1
11
5
0
1
0
-2
-5
-7
-3
-4
-6
0
-1
-2
0
2
-1
4
9
0
-3
2
-1
1
5
-4
-1
-4
-8
-2
2
2
-1
2
-1
2
5
-1
-3
-2
-1
-3
3
1
-8
-11
0
-7
-4
-1
0
6
6
6
0
7
4
-4
1
-3
-6
1
0
1
-4
-4
4
-4
-2
-3
-3
2
-6
-8
-4
-1
2
10
2
-6
3
2
4
4
6
0
-7
-6
-3
-6
3
0
-3
-3
-2
0
-2
2
-3
9
8
-2
1
-5
-6
-3
-2
0
4
-6
5
2
0
6
-5
2
-10
-10
3
4
-1
2
-3
-3
1
0
3
-1
6
1
-2
-1
-1
-4
-1
1
-2
1
0
0
-4
0
-2
2
6
0
-2
-2
1
-1
1
-2
-13
-6
1
-1
1
4
8
-1
0
0
2
0
-4
2
-6
1
5
0
-2
2
5
0
-5
-5
-5
4
3
-3
4
1
-1
0
-4
-6
-2
5
3
-4
-9
0
-2
1
2
-3
-5
4
2
5
5
2
11
-3
1
0
-6
-8
-1
2
-4
4
0
1
2
-1
-2
-6
-4
3
-5
0
6
-2
1
-1
5
3
1
8
-3
-1
5
-2
-7
-1
-7
-8
-1
-7
7
7
2
6
3
0
-2
2
11
3
-3
-2
-2
-4
-9
-1
-6
1
1
-4
-2
0
5
-3
-1
5
3
2
1
4
4
3
-1
0
0
-8
-3
4
0
-4
7
0
-1
7
1
-1
0
1
3
-4
-4
-2
-1
-1
2
4
3
-4
-7
1
3
2
6
2
-7
-9
2
6
4
2
3
-6
-1
5
6
4
8
2
-9
-1
-10
-8
0
5
2
-5
-4
7
5
-2
3
5
-2
1
-1
0
11
0
5
3
-3
-5
-1
-4
0
5
-5
1
-2
-5
0
-4
2
7
3
3
1
3
4
4
5
1
-1
-4
2
0
1
-1
-9
-1
-5
-4
2
-2
-3
4
4
3
3
3
3
6
-2
1
-4
-4
3
3
3
2
1
2
6
-3
2
0
-5
-2
1
5
0
2
-3
2
4
-2
1
-9
0
2
1
5
-5
-2
-2
-2
5
3
-1
8
7
3
2
-2
0
0
4
0
-6
-4
-4
-6
0
0
3
2
1
2
4
1
-5
4
7
0
0
-1
0
-3
-10
-3
6
1
1
0
7
5
-6
-2
2
-3
2
10
-3
0
2
1
0
-1
0
5
-6
-9
0
-1
-2
2
-1
2
5
1
-4
0
3
1
4
-2
-2
-4
7
2
-1
0
-4
4
2
-3
3
3
-5
-5
3
-3
-8
-5
3
8
6
7
0
-2
-6
-2
2
1
-1
8
4
0
0
-9
-7
-1
-6
-3
-1
4
2
1
2
1
5
-7
1
0
4
9
-6
-5
1
1
3
5
3
1
0
0
-8
-3
-5
-5
5
-5
-3
-3
0
1
-1
3
8
5
5
1
-7
-5
-4
1
-2
-1
5
3
0
-2
1
2
-1
6
1
-1
-2
-6
-2
-4
-10
-2
6
-2
-1
1
-1
-5
-3
-3
-1
2
7
4
4
1
-2
6
2
2
-3
5
0
-13
-6
-3
2
4
-3
-5
-2
4
1
-2
-1
-7
-5
3
9
3
-1
3
0
0
-7
-2
-3
2
11
6
4
-1
-3
-9
-2
-2
-2
3
-5
-2
4
2
-4
4
2
-5
4
2
-3
-4
-5
2
-2
4
3
-3
2
-2
7
6
-3
2
-2
6
-2
-5
-4
0
3
-4
-2
0
0
-1
-6
-3
0
-2
6
-1
0
-2
1
10
5
3
-1
-1
6
0
3
-2
-1
1
-7
-2
-4
-2
-1
-2
-3
0
-2
2
2
7
16
7
4
2
-6
-4
-5
-13
-3
4
-4
3
7
4
4
7
7
1
0
-6
-9
-4
0
-7
-4
7
-3
2
6
7
2
0
3
1
4
-1
2
-3
0
4
6
6
-6
-6
-3
-6
3
2
-1
6
0
3
-3
-6
-7
-4
-2
-3
-3
-5
-5
2
3
8
4
11
15
5
11
-3
-5
2
-7
-12
-5
-1
-1
-5
-2
-1
-3
2
-2
5
2
0
-8
-12
-6
-2
4
4
3
0
-2
-4
-3
-7
2
0
-1
1
6
9
2
7
-1
-6
-2
2
-2
-1
-4
-7
1
2
-9
-9
-4
-3
-1
0
2
2
2
-11
-4
-6
-4
2
-5
-3
-3
0
7
12
8
2
0
3
0
-5
-6
-5
4
-1
-2
1
-5
-3
0
-1
2
-4
-13
5
6
-2
-2
-6
-1
-1
-5
-8
-4
8
-1
-3
0
0
4
1
3
3
5
5
8
3
0
8
3
-7
-4
-6
-2
5
4
4
1
-6
-2
1
-10
-14
-8
-2
0
3
1
9
5
6
3
5
8
-1
4
4
3
1
5
-2
-5
5
5
3
8
9
1
6
14
11
15
5
7
8
13
12
10
10
4
19
15
14
12
8
12
8
2
-3
-3
-5
-7
-10
-8
-8
-6
-12
-15
-15
-16
-21
-26
-34
-38
-32
-30
-24
-38
-40
-34
-34
-36
-37
-28
-32
-28
-23
-18
-21
-28
-26
-21
-15
-21
-19
-21
-15
-8
-10
-9
-12
-5
-6
-13
-13
-12
-8
-1
2
11
9
13
22
16
34
35
38
50
57
66
61
67
69
72
70
66
66
78
77
63
57
48
48
37
29
15
-16
-10
-11
-16
-23
-46
-50
-46
-50
-61
-78
-80
-76
-74
-76
-76
-68
-65
-55
-58
-47
-36
-50
-39
-49
-24
-14
-35
-30
-42
-31
-17
-15
-26
-37
-54
-47
-31
-34
-56
-71
-61
-58
-39
-48
-27
-33
-26
-30
-29
-5
-8
-8
-14
14
44
67
56
76
89
107
117
109
131
121
135
134
139
143
150
139
126
118
87
96
88
72
48
22
13
20
15
3
-29
-60
-60
-66
-56
-78
-89
-89
-96
-82
-91
-85
-80
-100
-112
-123
-108
-99
-92
-99
-111
-85
-68
-60
-84
-85
-79
-81
-74
-91
-102
-91
-90
-92
-81
-65
-50
-59
-43
-41
-35
-16
-21
8
-6
6
52
60
99
106
84
130
122
147
162
136
155
137
132
142
131
135
136
111
131
122
112
131
130
105
120
92
104
130
85
135
97
83
74
19
32
40
-3
25
5
6
32
-16
17
-9
-37
-56
-78
-69
-75
-70
-119
-19
-60
-26
-28
-230
-238
-404
-347
-229
-398
-685
-694
-710
42
-178
-437
-634
-718
59
-71
-268
-464
-509
-93
331
-126
324
-111
290
536
133
422
-109
56
321
263
98
3
-292
572
260
275
10
-108
377
136
146
260
407
406
309
208
730
726
473
202
205
569
631
312
223
459
574
568
260
255
464
262
139
82
119
372
110
99
270
203
323
138
75
240
-93
-144
-163
-240
-149
-509
-573
-293
-406
-274
-523
-456
-203
-377
-490
-579
-677
-498
-750
-806
-641
-693
-452
-565
-452
-294
-493
-552
-649
-728
-654
-969
-919
-734
-640
-444
-561
-294
-69
-117
-207
-356
-298
-172
-300
-205
-61
170
400
344
519
591
586
441
282
308
371
330
380
620
895
1062
932
913
941
979
791
629
465
601
736
796
921
900
1073
1048
925
749
537
494
500
422
514
524
807
1023
1032
994
847
890
887
605
599
520
892
1030
1009
1103
1040
1157
973
568
334
-57
-282
-458
-806
-663
-950
-950
-1144
-1381
-1589
-2038
-2459
-2608
-2937
-2963
-3305
-3329
-3020
-2817
-2518
-2662
-2589
-2535
-2294
-2218
-2093
-2136
-1835
-1630
-1088
-830
-390
-162
69
340
352
582
582
792
905
935
981
1150
1276
1537
1310
1199
1046
909
969
557
422
192
154
150
-91
-188
-193
-159
-92
-232
-308
-222
-216
80
-25
136
157
342
653
831
1103
1247
1386
1621
1726
1837
1903
1869
2016
1926
1988
1964
2017
2115
2044
1973
1868
1755
1713
1515
1365
1202
1044
983
793
756
675
624
627
538
562
456
473
457
464
364
313
307
562
675
809
798
874
1143
1080
1099
461
243
-263
-435
-836
-1311
-1702
-1999
-2106
-2229
-2496
-2901
-3107
-3610
-3630
-4364
-4561
-4867
-4774
-4484
-4561
-4255
-3916
-3263
-2720
-2431
-2365
-1961
-1877
-1386
-1435
-1143
-766
-353
274
566
1029
1412
1832
2058
2089
1823
1759
1618
1747
1606
1469
1325
1346
1427
1256
969
592
390
-23
-380
-909
-1030
-1171
-1129
-1352
-1318
-1304
-1016
-1001
-993
-1016
-1010
-704
-680
-382
-257
159
549
1041
1307
1734
1909
2435
2599
2723
2753
2734
3062
3146
3196
3100
3151
3249
3334
3059
2964
2665
2546
2241
1840
1580
1294
1136
864
685
515
630
559
727
646
798
824
944
1103
1109
1331
1384
1823
1978
2232
2222
2528
2515
2550
1685
1163
487
57
-341
-1460
-1790
-2450
-2300
-2665
-3110
-3712
-3834
-4415
-4525
-5798
-6095
-6474
-6322
-5997
-6265
-5798
-5313
-4323
-3566
-3245
-3112
-2642
-2517
-1999
-2378
-2121
-1824
-1130
-417
-161
462
1030
1938
2299
2283
1952
1910
1798
1742
1052
846
623
923
862
459
306
175
410
70
-599
-1165
-1446
-1479
-1620
-2212
-2141
-2138
-1470
-1287
-1241
-908
-589
-4
190
129
368
600
1121
1522
1570
2133
2459
3190
3474
3576
3814
3972
4185
4105
3796
3680
3648
3743
3712
3410
3350
3252
3322
3079
2766
2378
2138
1903
1627
1397
1292
1386
1515
1651
1669
1851
2038
2250
2303
2318
2389
2454
2455
2507
2440
2372
2064
1364
933
185
-189
-998
-1872
-2450
-3171
-3291
-3909
-4300
-4745
-5044
-5316
-5858
-6600
-6744
-6973
-6648
-6862
-6831
-6336
-5742
-4582
-4214
-3634
-3220
-2641
-2123
-2073
-2086
-1768
-1447
-865
-740
-463
213
796
1640
1705
1832
1831
1926
1772
1279
633
414
227
86
-376
-691
-622
-341
-200
-424
-663
-782
-770
-1020
-1391
-1638
-1455
-1278
-1112
-1210
-766
-161
686
1167
1341
1659
2007
2561
2801
2896
2932
3272
3503
3749
3618
3871
4190
4628
4677
4428
4252
4227
4298
3977
3460
2911
2683
2519
2235
1806
1702
1649
1865
1628
1582
1418
1443
1545
1359
1357
1103
1327
1488
1765
1880
2204
2387
2983
2893
2955
2227
1480
1074
47
-263
-1839
-2252
-3037
-3272
-3499
-3979
-4066
-4316
-4509
-5009
-5765
-6641
-6613
-7120
-6764
-7557
-7138
-6823
-5841
-4871
-4249
-3446
-2901
-2145
-1941
-1799
-1969
-1506
-1352
-1029
-1257
-855
-278
730
1386
1781
1992
2126
2339
1991
1452
745
411
24
-580
-1397
-1637
-1505
-976
-906
-890
-977
-763
-717
-794
-1310
-1428
-1571
-1586
-1776
-1922
-1321
-570
475
1061
1661
2244
3023
3499
3809
3664
3731
3734
3735
3561
3424
3729
4176
4668
4723
4785
4734
4940
4822
4358
3653
2932
2385
1819
1178
884
694
922
989
1220
1269
1558
1723
1887
1750
1510
1464
1363
1582
1509
1904
2078
2959
3160
3672
3172
2894
2635
1812
1357
-479
-986
-2388
-2653
-3513
-3794
-4131
-4028
-4082
-4266
-4832
-5388
-5325
-5854
-5818
-7010
-6733
-7060
-6076
-5778
-5020
-4453
-3561
-2707
-2180
-1927
-1673
-1147
-1003
-925
-1420
-1058
-846
-42
160
584
770
1271
1532
1549
1192
979
710
308
-613
-1461
-1914
-2017
-1992
-2267
-2381
-2423
-2039
-1767
-1585
-1752
-1527
-1507
-1368
-1760
-1800
-1486
-945
-297
55
593
1361
2273
3267
3739
4135
4445
4700
4781
4526
4517
4534
4654
4574
4429
4388
4567
4730
4885
4496
4242
3698
3341
2686
2038
1493
1037
641
303
72
91
409
703
1092
1111
1391
1647
1951
2081
2117
2309
2500
2747
2793
2915
2724
2690
2614
2120
1832
701
598
-572
-798
-1861
-2240
-2916
-3279
-3651
-4232
-4600
-5132
-4853
-5349
-5198
-5968
-5434
-5711
-4935
-5096
-4479
-4382
-3764
-3461
-3230
-2906
-2549
-1865
-1756
-1600
-1732
-1153
-878
-216
-256
125
31
416
427
434
237
182
90
-292
-1040
-1573
-1856
-1820
-2016
-2367
-2596
-2736
-2421
-2353
-2200
-2329
-2072
-2050
-2031
-2344
-2075
-1677
-1002
-663
-281
290
1035
2019
2781
3347
3831
4234
4599
4656
4629
4912
5052
5270
4955
4871
4760
4967
5035
5038
4575
4253
3793
3451
2913
2317
1928
1443
1053
572
352
242
411
461
622
594
768
1019
1356
1590
1841
2131
2369
2704
2858
3225
3168
2970
2895
2285
2104
1057
693
-95
-658
-1084
-1906
-2091
-2726
-2543
-3139
-3355
-4189
-4082
-4607
-4592
-5339
-5286
-5470
-5136
-4904
-4724
-4191
-3911
-3084
-3031
-2568
-2531
-1924
-1780
-1596
-1818
-1564
-1410
-910
-718
-468
-312
-40
316
353
322
199
252
-2
-492
-1179
-1595
-1880
-2064
-2475
-2764
-3034
-2764
-2692
-2387
-2524
-2206
-2070
-1924
-2018
-2102
-1897
-1641
-1349
-1108
-804
-181
579
1491
2214
2772
3475
4074
4595
4713
4927
5007
5187
4970
4839
4540
4574
4525
4573
4354
4115
3922
3815
3560
3135
2794
2316
1991
1412
1099
732
485
456
417
442
515
667
1267
1516
2004
2158
2636
2828
3272
3340
3564
3147
3005
2635
2079
1685
681
678
-505
-297
-1434
-1078
-1947
-1567
-2019
-2181
-2836
-3339
-3475
-4038
-4204
-5058
-4808
-5404
-4589
-5013
-4100
-4236
-3190
-3041
-2575
-2603
-2258
-1956
-1882
-1931
-2243
-2118
-2128
-1610
-1612
-1213
-1224
-614
-583
-291
-517
-284
-487
-642
-1381
-1867
-2496
-2552
-2958
-3188
-3632
-3573
-3390
-3120
-2923
-2690
-2260
-2055
-1764
-1955
-1696
-1698
-1165
-1125
-798
-615
117
770
1605
2210
2989
3640
4348
4793
5122
5300
5478
5509
5267
4957
4608
4482
4239
4090
3792
3632
3429
3435
3227
3171
2812
2701
2230
1952
1438
1159
747
556
405
426
473
729
1318
1759
2511
2823
3581
3798
4455
4468
4651
4044
3847
3226
2752
2005
1146
880
-112
-83
-1132
-912
-1676
-1278
-1840
-1984
-2805
-3029
-3417
-3817
-4323
-5020
-5082
-5529
-5137
-5462
-4878
-4896
-3957
-3832
-3282
-3300
-2721
-2495
-2256
-2386
-2501
-2504
-2395
-2205
-2176
-2045
-1896
-1410
-1318
-1027
-1108
-694
-791
-743
-1343
-1623
-2179
-2248
-2764
-3099
-3611
-3597
-3568
-3456
-3389
-3160
-2719
-2387
-1964
-1873
-1516
-1305
-758
-586
-274
-110
534
949
1650
2050
2753
3313
3959
4582
4981
5414
5648
5867
5800
5643
5393
5186
4730
4416
3847
3571
3096
2923
2720
2527
2348
2183
2046
1869
1637
1499
1221
980
730
549
570
602
1017
1337
1874
2371
3082
3660
4358
4798
5251
5038
4779
4349
3789
3203
2170
1619
545
105
-751
-962
-1463
-1539
-1723
-1996
-2378
-2900
-2958
-3474
-3728
-4549
-4761
-5438
-5403
-5728
-5471
-5528
-5082
-4672
-4292
-3937
-3582
-2903
-2591
-2322
-2428
-2279
-2332
-2052
-2062
-1984
-2054
-1847
-1604
-1473
-1434
-1211
-1039
-890
-1192
-1402
-1727
-1890
-2132
-2487
-2919
-3276
-3362
-3401
-3392
-3416
-3130
-2863
-2472
-2256
-1901
-1558
-1089
-740
-351
-129
338
760
1299
1717
2159
2689
3234
3756
4193
4528
4861
5138
5232
5285
5053
5006
4661
4451
3948
3546
3158
2877
2653
2355
2121
1917
1815
1696
1595
1448
1296
1102
992
936
883
1012
1179
1597
1892
2426
2948
3563
4191
4716
5121
5167
4992
4798
4360
3872
3082
2349
1525
717
116
-526
-899
-1395
-1446
-1925
-2086
-2674
-2577
-2955
-3113
-3700
-4053
-4424
-4667
-4772
-4947
-4910
-4933
-4542
-4452
-4047
-3893
-3223
-3016
-2606
-2655
-2389
-2328
-2008
-1885
-1801
-1850
-1828
-1645
-1639
-1573
-1669
-1437
-1542
-1573
-1907
-1996
-2141
-2180
-2416
-2669
-3048
-3115
-3241
-3232
-3381
-3303
-3149
-2930
-2678
-2427
-2021
-1634
-1097
-756
-410
-97
371
891
1314
1637
2046
2485
2962
3357
3659
4033
4303
4588
4624
4528
4479
4327
4209
3805
3466
3065
2803
2530
2262
2075
1892
1879
1759
1688
1526
1523
1457
1448
1348
1344
1445
1595
1990
2237
2767
3142
3843
4343
4904
5305
5628
5749
5556
5446
4912
4556
3638
3188
2223
1581
786
254
-242
-802
-1040
-1527
-1719
-2285
-2252
-2765
-2892
-3539
-3681
-4167
-4358
-4603
-4795
-4927
-5039
-4782
-4791
-4533
-4435
-3908
-3727
-3434
-3330
-2997
-2821
-2580
-2428
-2378
-2417
-2387
-2232
-2279
-2365
-2383
-2356
-2365
-2537
-2591
-2710
-2752
-2782
-2891
-3044
-3292
-3240
-3267
-3232
-3334
-3138
-2970
-2706
-2483
-2150
-1799
-1418
-980
-607
-284
62
543
1012
1370
1725
2066
2496
2832
3225
3479
3715
3951
4115
4198
4067
4030
3899
3732
3396
3062
2729
2433
2199
2051
1825
1731
1621
1682
1596
1633
1608
1712
1683
1787
1806
2041
2203
2632
2982
3437
3940
4473
5086
5468
5995
6166
6375
6090
6094
5515
5211
4308
3869
2902
2182
1311
646
71
-621
-916
-1591
-1798
-2432
-2382
-2957
-2975
-3557
-3560
-4079
-4210
-4543
-4657
-4863
-4981
-4926
-5042
-4925
-4889
-4456
-4361
-3989
-3837
-3381
-3224
-2883
-2662
-2394
-2319
-2143
-2164
-2100
-2296
-2195
-2329
-2334
-2583
-2621
-2800
-2878
-2885
-2956
-2946
-3127
-2936
-3046
-2867
-2983
-2581
-2554
-2215
-2181
-1829
-1674
-1333
-984
-625
-328
-35
381
770
1182
1518
1955
2255
2623
2869
3147
3257
3556
3634
3754
3501
3483
3316
3233
2903
2701
2400
2230
1941
1871
1658
1599
1543
1520
1469
1319
1369
1351
1475
1462
1624
1727
2071
2349
2911
3190
3871
4278
5026
5273
5791
6039
6361
6336
6169
5985
5487
5168
4337
3949
2852
2390
1383
984
21
-442
-1081
-1480
-1960
-2429
-2639
-3056
-3107
-3548
-3639
-4167
-4165
-4489
-4482
-4891
-4868
-5018
-4957
-5012
-4868
-4650
-4419
-4178
-3890
-3628
-3340
-3019
-2689
-2430
-2387
-2176
-2202
-2026
-2161
-2003
-2181
-2128
-2400
-2358
-2605
-2562
-2636
-2608
-2738
-2832
-2753
-2700
-2524
-2433
-2131
-2032
-1774
-1652
-1302
-1134
-757
-534
-261
-101
127
450
770
1079
1417
1674
1996
2209
2556
2769
3015
3172
3246
3158
3036
2949
2814
2662
2349
2174
1848
1732
1538
1550
1481
1507
1494
1535
1546
1611
1760
1902
2003
2067
2156
2356
2626
2990
3385
3782
4273
4699
5204
5607
6104
6412
6648
6546
6389
6099
5706
5196
4425
3769
2806
2096
1144
484
-269
-890
-1443
-2036
-2469
-2976
-3143
-3483
-3600
-4044
-4183
-4585
-4633
-4871
-4940
-5129
-5249
-5262
-5327
-5231
-5178
-4832
-4656
-4345
-4201
-3859
-3597
-3171
-2872
-2552
-2438
-2246
-2098
-1926
-1882
-1833
-1824
-1884
-2042
-2173
-2290
-2352
-2395
-2464
-2537
-2651
-2534
-2395
-2132
-2028
-1726
-1545
-1235
-1093
-748
-540
-257
-96
90
181
277
534
777
1066
1178
1478
1690
2023
2248
2579
2755
2900
2968
2987
2874
2727
2634
2484
2230
1915
1723
1535
1422
1346
1370
1328
1346
1448
1595
1759
1909
2134
2347
2489
2670
2898
3199
3507
3842
4182
4484
4859
5293
5727
6042
6365
6557
6675
6556
6383
6077
5607
5056
4281
3521
2520
1682
814
58
-785
-1553
-2184
-2780
-3210
-3694
-3950
-4311
-4494
-4808
-4988
-5250
-5317
-5438
-5535
-5663
-5760
-5712
-5716
-5566
-5445
-5202
-5035
-4745
-4461
-4097
-3801
-3379
-3016
-2707
-2446
-2217
-1967
-1740
-1613
-1509
-1550
-1550
-1633
-1710
-1851
-2003
-2054
-2181
-2227
-2291
-2155
-2085
-1821
-1652
-1336
-1145
-851
-615
-344
-153
-4
187
239
363
397
562
664
848
999
1205
1398
1669
1918
2179
2377
2576
2691
2723
2696
2657
2567
2411
2226
2040
1836
1650
1536
1494
1510
1562
1709
1879
2125
2359
2689
2959
3257
3529
3761
3962
4150
4390
4604
4830
5061
5288
5526
5739
5979
6137
6249
6255
6179
5888
5536
5004
4457
3717
2906
2057
1099
274
-642
-1347
-2185
-2779
-3417
-3868
-4386
-4725
-4988
-5130
-5304
-5449
-5547
-5619
-5570
-5579
-5470
-5515
-5359
-5311
-5108
-5040
-4822
-4595
-4338
-4114
-3880
-3585
-3261
-2895
-2555
-2234
-2025
-1772
-1551
-1357
-1333
-1319
-1389
-1471
-1683
-1848
-2065
-2157
-2280
-2309
-2381
-2355
-2210
-1938
-1687
-1457
-1177
-905
-604
-403
-180
-73
61
121
206
186
230
331
519
649
795
990
1313
1599
1894
2134
2342
2512
2634
2701
2657
2614
2509
2417
2183
2031
1857
1839
1804
1880
1959
2125
2342
2671
3010
3343
3670
4004
4310
4505
4717
4873
5096
5229
5379
5451
5585
5704
5878
5991
6057
6067
5992
5829
5557
5142
4695
4079
3404
2554
1711
768
-99
-962
-1819
-2636
-3452
-4072
-4699
-5113
-5574
-5769
-6018
-6121
-6242
-6223
-6168
-6047
-5876
-5752
-5624
-5518
-5329
-5176
-4993
-4837
-4636
-4433
-4222
-3963
-3649
-3308
-2911
-2530
-2161
-1868
-1552
-1254
-1039
-938
-913
-976
-1095
-1313
-1467
-1670
-1832
-2014
-2090
-2145
-2123
-2006
-1797
-1563
-1324
-1067
-834
-580
-396
-145
-57
59
88
176
214
272
365
506
624
797
1014
1246
1531
1779
2097
2302
2526
2688
2843
2923
2960
2980
2942
2873
2778
2734
2671
2671
2677
2750
2847
3008
3210
3464
3724
3987
4277
4506
4767
4946
5131
5238
5342
5420
5456
5462
5446
5475
5417
5394
5255
5172
4950
4732
4360
3932
3444
2817
2200
1356
596
-315
-1115
-2048
-2827
-3647
-4343
-4990
-5525
-5942
-6342
-6528
-6705
-6707
-6742
-6620
-6502
-6270
-6086
-5843
-5640
-5386
-5171
-4933
-4767
-4525
-4319
-4081
-3855
-3614
-3298
-2995
-2630
-2328
-1974
-1679
-1376
-1150
-960
-858
-794
-833
-884
-1007
-1155
-1310
-1426
-1541
-1622
-1685
-1660
-1594
-1465
-1323
-1164
-961
-764
-553
-380
-202
-74
78
160
249
305
401
482
588
700
819
994
1202
1454
1681
1929
2161
2418
2656
2850
3013
3142
3253
3273
3300
3271
3274
3249
3255
3245
3273
3353
3493
3672
3881
4111
4358
4623
4855
5107
5286
5432
5507
5566
5531
5495
5400
5328
5203
5089
4892
4747
4531
4361
4104
3793
3415
2892
2402
1755
1137
316
-434
-1317
-2118
-3005
-3762
-4513
-5149
-5736
-6254
-6615
-6933
-7023
-7081
-6995
-6940
-6747
-6544
-6249
-5981
-5638
-5375
-5116
-4897
-4689
-4483
-4301
-4100
-3907
-3747
-3617
-3408
-3144
-2848
-2569
-2256
-2015
-1746
-1527
-1266
-1120
-973
-917
-904
-1006
-1105
-1169
-1239
-1322
-1443
-1490
-1560
-1494
-1399
-1199
-1060
-864
-655
-428
-242
-39
201
354
463
510
561
619
694
810
893
985
1098
1292
1529
1779
2080
2401
2689
2964
3227
3495
3720
3921
4071
4125
4146
4145
4189
4197
4206
4229
4313
4386
4494
4671
4857
5036
5200
5340
5430
5467
5497
5481
5387
5222
5029
4825
4588
4369
4155
3926
3677
3451
3209
2961
2675
2371
1982
1510
995
421
-191
-884
-1576
-2333
-3077
-3812
-4478
-5071
-5629
-6092
-6474
-6738
-6929
-6998
-6950
-6858
-6706
-6522
-6281
-6033
-5773
-5482
-5254
-5078
-4945
-4809
-4709
-4585
-4496
-4386
-4287
-4144
-3944
-3697
-3384
-3060
-2674
-2341
-2009
-1699
-1365
-1101
-894
-771
-709
-703
-725
-728
-768
-804
-854
-848
-850
-785
-653
-477
-310
-174
-24
109
271
427
555
636
673
714
760
823
902
1004
1122
1251
1404
1618
1894
2215
2544
2872
3184
3497
3830
4172
4466
4697
4893
5023
5127
5195
5251
5266
5259
5217
5159
5120
5118
5161
5187
5187
5150
5117
5060
5014
4895
4755
4517
4232
3938
3633
3363
3046
2777
2467
2191
1898
1683
1484
1306
1029
753
360
-35
-450
-912
-1428
-2058
-2664
-3347
-3939
-4562
-5037
-5551
-5963
-6380
-6673
-6874
-6977
-6948
-6903
-6795
-6714
-6516
-6292
-6014
-5767
-5540
-5368
-5218
-5081
-4933
-4789
-4646
-4519
-4390
-4292
-4107
-3832
-3485
-3132
-2760
-2384
-2010
-1611
-1209
-815
-512
-275
-117
-16
38
89
134
146
89
35
-4
19
84
186
270
332
408
498
612
716
852
947
1014
1064
1137
1257
1392
1553
1700
1835
1956
2155
2391
2664
2931
3212
3511
3798
4126
4458
4814
5108
5372
5538
5665
5743
5805
5788
5701
5543
5346
5152
4953
4774
4637
4502
4347
4211
4082
3961
3835
3700
3481
3218
2909
2628
2312
2045
1738
1469
1197
969
768
601
505
371
244
26
-185
-479
-753
-1137
-1554
-2094
-2653
-3246
-3835
-4429
-4983
-5487
-5995
-6430
-6820
-7067
-7257
-7309
-7346
-7280
-7209
-7040
-6807
-6534
-6289
-6026
-5798
-5577
-5382
-5183
-4973
-4798
-4622
-4462
-4271
-4056
-3726
-3363
-2947
-2560
-2095
-1626
-1132
-669
-207
180
487
730
900
1024
1060
1091
1068
996
887
805
757
739
729
765
797
862
954
1089
1218
1353
1491
1610
1694
1774
1872
1988
2086
2163
2278
2375
2520
2700
2945
3194
3449
3773
4097
4439
4765
5105
5399
5619
5774
5859
5873
5830
5718
5534
5280
5007
4742
4460
4210
3967
3776
3591
3419
3266
3115
2967
2803
2600
2348
2050
1746
1448
1125
821
524
284
67
-95
-210
-291
-351
-403
-440
-552
-675
-877
-1097
-1440
-1843
-2336
-2861
-3438
-4037
-4631
-5229
-5785
-6308
-6732
-7123
-7384
-7579
-7639
-7645
-7554
-7407
-7177
-6897
-6611
-6316
-6030
-5762
-5534
-5298
-5110
-4921
-4738
-4551
-4339
-4083
-3776
-3412
-2978
-2507
-2004
-1466
-909
-373
140
602
973
1275
1492
1652
1721
1752
1711
1658
1587
1528
1497
1482
1499
1546
1622
1704
1826
1951
2072
2189
2288
2363
2442
2497
2570
2620
2674
2731
2798
2878
2986
3102
3247
3413
3589
3789
4003
4223
4453
4682
4862
5014
5129
5195
5202
5151
5040
4855
4618
4340
4033
3731
3412
3105
2828
2573
2342
2175
2011
1878
1738
1576
1412
1220
1019
793
566
299
62
-173
-376
-531
-652
-716
-769
-792
-807
-811
-838
-901
-1024
-1238
-1514
-1885
-2296
-2808
-3324
-3897
-4484
-5068
-5612
-6081
-6519
-6838
-7121
-7283
-7395
-7390
-7313
-7169
-6962
-6724
-6430
-6136
-5823
-5494
-5163
-4866
-4581
-4310
-4041
-3781
-3511
-3232
-2939
-2621
-2259
-1865
-1439
-993
-499
-6
464
908
1334
1701
2011
2261
2437
2543
2603
2612
2599
2554
2493
2461
2401
2382
2360
2400
2430
2502
2569
2633
2695
2763
2834
2865
2910
2924
2942
2913
2918
2894
2886
2869
2884
2913
2954
3024
3124
3265
3405
3556
3718
3870
3999
4104
4166
4174
4116
4014
3847
3628
3369
3085
2771
2463
2163
1894
1647
1446
1275
1127
977
839
711
565
383
196
-13
-250
-478
-702
-919
-1106
-1276
-1402
-1485
-1548
-1567
-1575
-1567
-1594
-1619
-1703
-1822
-2003
-2227
-2518
-2859
-3258
-3687
-4121
-4589
-5031
-5465
-5845
-6201
-6469
-6672
-6776
-6801
-6734
-6596
-6387
-6107
-5777
-5394
-5015
-4639
-4290
-3963
-3672
-3411
-3183
-2983
-2805
-2633
-2436
-2197
-1904
-1540
-1118
-663
-149
409
983
1551
2102
2593
3006
3334
3586
3758
3853
3868
3830
3749
3644
3540
3470
3419
3380
3392
3397
3428
3455
3499
3535
3528
3489
3412
3318
3182
3032
2866
2686
2499
2332
2195
2079
2005
1972
1984
2022
2097
2204
2349
2517
2677
2840
2967
3081
3158
3208
3194
3126
2995
2799
2554
2268
1975
1653
1352
1023
735
449
227
41
-113
-262
-424
-557
-709
-861
-1048
-1239
-1455
-1692
-1924
-2121
-2295
-2403
-2476
-2512
-2515
-2459
-2350
-2226
-2103
-2003
-1939
-1954
-2033
-2167
-2356
-2644
-2979
-3363
-3779
-4236
-4637
-4983
-5299
-5557
-5762
-5870
-5904
-5839
-5708
-5512
-5278
-5010
-4715
-4419
-4118
-3806
-3507
-3247
-3011
-2791
-2544
-2291
-2011
-1714
-1383
-1016
-593
-104
416
970
1561
2143
2691
3207
3692
4116
4469
4720
4868
4948
4941
4887
4782
4635
4468
4315
4134
4000
3868
3789
3701
3617
3520
3410
3304
3150
3006
2792
2557
2275
1995
1706
1429
1170
940
753
613
540
528
587
707
868
1061
1267
1503
1747
1964
2130
2250
2312
2309
2259
2146
1982
1759
1507
1223
924
629
357
98
-143
-372
-583
-757
-906
-1042
-1190
-1347
-1505
-1665
-1843
-2015
-2181
-2325
-2466
-2580
-2653
-2668
-2640
-2558
-2429
-2256
-2071
-1854
-1609
-1379
-1187
-1045
-940
-947
-994
-1127
-1317
-1614
-1977
-2367
-2824
-3281
-3734
-4127
-4517
-4826
-5081
-5215
-5265
-5211
-5069
-4861
-4604
-4296
-3929
-3556
-3172
-2799
-2436
-2108
-1805
-1486
-1159
-832
-480
-111
295
724
1220
1744
2282
2810
3339
3824
4269
4659
4988
5240
5375
5440
5434
5365
5223
5059
4836
4578
4302
4034
3778
3521
3283
3041
2797
2564
2336
2127
1916
1707
1487
1269
1041
811
605
407
190
-2
-170
-313
-424
-480
-493
-496
-447
-382
-271
-133
23
177
330
454
551
638
694
720
702
642
539
411
260
99
-70
-262
-454
-651
-842
-1016
-1157
-1299
-1429
-1534
-1642
-1715
-1776
-1803
-1830
-1844
-1852
-1867
-1855
-1807
-1754
-1684
-1596
-1500
-1378
-1251
-1087
-925
-768
-640
-514
-426
-372
-345
-394
-483
-639
-854
-1103
-1385
-1698
-2015
-2347
-2669
-2956
-3194
-3393
-3525
-3593
-3584
-3520
-3392
-3173
-2907
-2599
-2238
-1851
-1450
-1046
-643
-242
124
469
792
1091
1370
1640
1904
2161
2416
2685
2960
3238
3523
3803
4051
4267
4437
4563
4623
4603
4512
4356
4123
3844
3523
3185
2827
2468
2135
1822
1539
1299
1105
918
767
629
500
368
233
72
-88
-285
-496
-712
-942
-1159
-1371
-1568
-1738
-1878
-1982
-2028
-2042
-2016
-1951
-1840
-1703
-1520
-1338
-1127
-921
-712
-537
-370
-213
-90
7
62
90
92
68
18
-40
-125
-216
-320
-404
-503
-590
-677
-756
-832
-909
-989
-1049
-1118
-1177
-1234
-1300
-1343
-1369
-1366
-1364
-1320
-1266
-1174
-1053
-898
-717
-507
-293
-72
147
361
567
749
904
1005
1075
1085
1074
1021
932
785
608
424
216
23
-173
-336
-489
-612
-719
-775
-788
-755
-697
-621
-504
-380
-225
-54
131
308
469
635
794
950
1100
1250
1388
1518
1637
1753
1862
1972
2064
2122
2166
2175
2179
2157
2099
2009
1898
1739
1554
1365
1160
939
702
478
252
25
-181
-356
-513
-674
-818
-952
-1064
-1166
-1263
-1358
-1448
-1553
-1656
-1768
-1874
-1965
-2062
-2146
-2216
-2258
-2272
-2248
-2191
-2105
-1991
-1853
-1686
-1499
-1294
-1091
-892
-687
-510
-344
-198
-53
55
139
206
250
277
286
286
256
208
142
69
-19
-118
-213
-319
-411
-516
-593
-638
-665
-659
-628
-564
-489
-371
-234
-67
113
314
533
758
995
1243
1504
1752
2016
2273
2522
2759
2993
3197
3360
3487
3566
3590
3551
3456
3289
3077
2788
2448
2083
1676
1249
827
422
26
-331
-644
-913
-1124
-1278
-1385
-1443
-1460
-1449
-1410
-1362
-1312
-1260
-1233
-1204
-1190
-1192
-1193
-1209
-1229
-1246
-1243
-1242
-1211
-1169
-1098
-1018
-929
-816
-706
-590
-492
-399
-331
-277
-261
-253
-265
-304
-352
-406
-462
-520
-550
-575
-575
-567
-535
-492
-448
-385
-332
-284
-273
-286
-331
-413
-521
-647
-806
-988
-1170
-1359
-1531
-1682
-1795
-1883
-1935
-1956
-1931
-1873
-1776
-1644
-1503
-1344
-1171
-983
-784
-580
-371
-162
49
246
450
658
858
1047
1221
1380
1521
1634
1739
1829
1891
1923
1944
1944
1934
1926
1908
1898
1879
1868
1858
1863
1874
1914
1949
1985
2031
2078
2142
2207
2272
2331
2392
2452
2516
2579
2638
2688
2739
2760
2767
2766
2732
2672
2585
2444
2254
2026
1748
1433
1066
653
219
-241
-716
-1189
-1645
-2075
-2477
-2843
-3159
-3427
-3634
-3779
-3884
-3956
-3987
-3986
-3957
-3904
-3842
-3769
-3693
-3606
-3494
-3377
-3235
-3071
-2885
-2677
-2459
-2205
-1917
-1626
-1334
-1019
-720
-443
-177
62
274
440
573
676
734
748
740
701
638
559
474
382
298
216
146
74
7
-56
-106
-155
-211
-266
-333
-404
-502
-591
-692
-792
-889
-972
-1045
-1085
-1091
-1076
-1014
-924
-797
-633
-442
-224
21
278
537
798
1061
1308
1561
1791
2009
2204
2388
2551
2700
2841
2960
3064
3145
3216
3264
3292
3306
3295
3247
3191
3096
2985
2851
2691
2503
2302
2094
1872
1662
1459
1274
1101
950
835
746
688
659
643
650
646
645
641
631
596
543
464
367
246
107
-34
-174
-333
-482
-627
-772
-906
-1042
-1186
-1357
-1517
-1710
-1911
-2135
-2356
-2607
-2865
-3120
-3372
-3595
-3799
-3963
-4095
-4174
-4213
-4201
-4140
-4030
-3889
-3719
-3525
-3318
-3099
-2886
-2674
-2471
-2286
-2112
-1946
-1791
-1642
-1490
-1340
-1183
-1011
-829
-623
-400
-150
106
359
610
857
1092
1303
1498
1660
1793
1881
1940
1979
1988
1977
1936
1895
1844
1803
1763
1738
1720
1696
1681
1667
1662
1653
1628
1601
1558
1494
1429
1340
1239
1131
1028
914
801
708
630
576
543
543
578
628
712
830
973
1122
1289
1466
1637
1807
1959
2113
2236
2312
2360
2387
2390
2363
2309
2232
2124
1989
1848
1689
1512
1317
1120
901
670
433
190
-70
-342
-621
-910
-1195
-1477
-1739
-1987
-2213
-2422
-2595
-2725
-2821
-2870
-2865
-2812
-2731
-2596
-2423
-2225
-1994
-1743
-1496
-1252
-1009
-784
-574
-401
-262
-155
-91
-56
-60
-91
-160
-256
-372
-501
-654
-819
-980
-1157
-1340
-1530
-1715
-1905
-2088
-2259
-2423
-2562
-2677
-2777
-2845
-2870
-2853
-2793
-2685
-2537
-2344
-2104
-1828
-1510
-1168
-809
-438
-62
312
674
1024
1357
1659
1945
2199
2426
2633
2810
2964
3096
3209
3303
3381
3427
3460
3463
3443
3401
3325
3231
3105
2952
2767
2571
2354
2113
1879
1639
1397
1164
948
727
539
363
200
75
-48
-143
-224
-304
-366
-415
-463
-506
-535
-572
-595
-611
-632
-627
-611
-588
-551
-493
-429
-351
-260
-161
-63
20
105
170
222
245
244
223
162
88
-10
-124
-252
-384
-525
-665
-795
-931
-1047
-1163
-1274
-1378
-1479
-1576
-1672
-1765
-1853
-1930
-2001
-2072
-2122
-2158
-2175
-2162
-2141
-2086
-2009
-1923
-1801
-1660
-1517
-1354
-1194
-1025
-850
-675
-507
-343
-192
-48
88
219
341
444
543
625
709
788
862
930
994
1056
1111
1173
1233
1287
1344
1391
1442
1492
1534
1569
1599
1632
1647
1669
1690
1698
1709
1718
1716
1714
1698
1681
1656
1619
1586
1543
1480
1410
1345
1260
1166
1071
977
869
755
647
539
421
295
171
39
-93
-235
-375
-518
-662
-804
-947
-1075
-1211
-1327
-1437
-1528
-1598
-1653
-1686
-1704
-1697
-1678
-1640
-1589
-1529
-1459
-1377
-1291
-1206
-1118
-1033
-958
-872
-783
-703
-609
-521
-438
-355
-261
-165
-74
21
105
186
258
323
369
398
419
412
399
375
327
279
213
141
65
-7
-79
-149
-208
-266
-314
-361
-393
-430
-461
-484
-510
-540
-569
-601
-637
-674
-705
-743
-770
-795
-821
-823
-820
-811
-776
-730
-671
-590
-506
-400
-283
-168
-43
90
214
338
477
602
717
842
948
1056
1161
1271
1381
1483
1589
1687
1778
1872
1960
2032
2106
2157
2198
2216
2220
2204
2172
2127
2058
1988
1894
1798
1701
1591
1475
1358
1237
1106
988
862
730
600
456
310
159
10
-136
-289
-440
-592
-731
-866
-991
-1095
-1205
-1299
-1381
-1461
-1526
-1583
-1637
-1687
-1734
-1779
-1830
-1876
-1922
-1970
-2017
-2067
-2111
-2144
-2162
-2171
-2175
-2163
-2131
-2086
-2025
-1943
-1852
-1746
-1629
-1501
-1364
-1229
-1077
-923
-772
-618
-466
-301
-133
24
192
371
536
698
854
1014
1168
1311
1429
1535
1629
1695
1751
1780
1793
1775
1730
1670
1581
1485
1368
1229
1093
939
782
623
461
306
155
12
-112
-230
-326
-396
-461
-505
-534
-547
-533
-491
-445
-377
-293
-213
-111
-11
98
222
329
434
534
643
740
825
906
977
1042
1094
1145
1180
1206
1217
1207
1184
1147
1089
1015
917
812
688
550
401
247
95
-55
-199
-337
-455
-570
-670
-743
-807
-853
-895
-913
-932
-948
-945
-943
-940
-944
-935
-926
-924
-908
-900
-883
-855
-824
-787
-742
-681
-630
-576
-518
-459
-399
-348
-301
-264
-234
-225
-222
-219
-234
-254
-266
-292
-313
-329
-340
-336
-328
-308
-270
-221
-172
-113
-45
31
97
168
234
302
355
402
439
464
499
521
543
565
585
602
626
659
679
709
738
754
772
782
786
771
750
713
671
618
550
486
406
330
260
184
112
59
-2
-48
-86
-128
-157
-187
-213
-247
-270
-298
-328
-355
-393
-417
-445
-474
-497
-511
-512
-511
-505
-484
-453
-415
-372
-333
-283
-242
-205
-162
-137
-119
-100
-90
-94
-100
-103
-112
-128
-132
-136
-139
-131
-116
-107
-87
-73
-53
-28
-15
4
14
24
34
34
44
52
56
65
71
87
103
113
132
147
164
174
192
194
185
182
164
145
113
82
46
4
-42
-85
-128
-182
-223
-266
-287
-313
-339
-342
-364
-357
-341
-322
-284
-243
-185
-130
-56
24
90
178
266
341
424
512
587
654
707
769
815
848
881
910
935
949
960
953
946
933
903
869
824
772
708
641
564
478
390
292
199
105
14
-77
-168
-259
-344
-419
-486
-557
-619
-675
-735
-775
-830
-866
-892
-921
-935
-951
-959
-969
-976
-983
-975
-970
-969
-955
-946
-928
-899
-878
-844
-803
-757
-711
-649
-581
-520
-455
-380
-315
-253
-190
-140
-92
-49
-12
19
55
78
103
127
145
171
197
213
236
265
280
294
311
327
328
338
344
339
341
333
331
329
331
333
346
358
372
391
406
441
464
487
513
536
564
576
599
613
623
622
627
638
636
645
651
652
655
663
667
665
674
668
658
646
618
583
552
512
452
401
347
284
220
153
91
28
-33
-83
-132
-173
-218
-260
-293
-329
-361
-395
-417
-446
-471
-489
-512
-533
-558
-572
-583
-591
-604
-610
-612
-617
-610
-604
-598
-592
-589
-579
-580
-583
-588
-597
-604
-625
-645
-661
-692
-714
-731
-749
-763
-776
-779
-782
-769
-750
-729
-702
-672
-621
-582
-532
-481
-433
-369
-307
-231
-169
-86
1
72
161
254
348
430
527
627
711
802
877
958
1025
1077
1131
1163
1186
1204
1215
1210
1202
1182
1153
1126
1082
1044
1000
949
910
854
803
754
701
646
586
524
462
397
337
276
211
153
84
25
-25
-78
-123
-164
-208
-242
-262
-288
-314
-330
-343
-362
-379
-382
-397
-415
-430
-444
-455
-459
-460
-468
-456
-452
-447
-427
-403
-377
-353
-326
-306
-276
-255
-239
-231
-231
-225
-236
-250
-266
-284
-305
-334
-353
-368
-391
-413
-428
-448
-453
-471
-490
-489
-503
-515
-520
-532
-542
-543
-554
-556
-551
-548
-532
-515
-493
-465
-433
-402
-362
-318
-278
-235
-185
-129
-77
-31
14
60
101
141
192
231
269
305
339
388
425
459
497
532
565
607
645
688
723
750
783
806
840
861
876
896
909
922
938
950
948
965
964
965
973
964
961
939
916
895
860
818
765
715
658
587
512
449
371
296
223
145
80
7
-66
-130
-197
-261
-324
-384
-441
-498
-564
-615
-668
-720
-762
-804
-844
-884
-900
-911
-921
-921
-913
-899
-869
-829
-795
-749
-705
-658
-610
-561
-507
-463
-426
-383
-340
-313
-271
-240
-220
-187
-168
-148
-132
-119
-116
-115
-114
-131
-146
-171
-195
-238
-284
-314
-359
-409
-459
-506
-543
-591
-632
-662
-692
-718
-739
-745
-744
-739
-729
-705
-667
-627
-579
-519
-451
-382
-299
-206
-116
-28
69
176
270
379
485
580
687
784
879
983
1082
1171
1258
1348
1427
1494
1557
1612
1654
1692
1719
1733
1725
1715
1692
1659
1619
1569
1519
1449
1383
1315
1235
1160
1074
986
896
800
700
587
481
369
247
136
11
-113
-227
-341
-450
-561
-659
-750
-835
-912
-988
-1044
-1100
-1155
-1192
-1230
-1264
-1285
-1299
-1308
-1309
-1302
-1294
-1281
-1252
-1228
-1190
-1149
-1107
-1058
-999
-954
-910
-842
-788
-735
-671
-618
-564
-510
-450
-399
-355
-310
-262
-215
-179
-131
-90
-58
-19
25
59
91
121
144
181
212
233
260
282
293
306
320
322
336
348
345
350
349
352
352
353
353
349
343
339
328
321
315
290
274
264
243
218
198
178
157
145
130
110
105
104
109
113
117
131
143
157
183
204
220
246
272
292
320
342
360
383
410
436
465
488
512
541
564
587
603
616
631
641
635
625
619
596
572
545
504
463
414
361
304
243
188
120
55
-8
-80
-150
-218
-284
-348
-412
-480
-537
-600
-643
-693
-741
-769
-812
-830
-847
-861
-866
-871
-852
-844
-817
-788
-763
-731
-697
-655
-618
-573
-529
-483
-441
-401
-358
-318
-271
-244
-202
-157
-128
-91
-61
-40
-27
-3
15
27
41
45
50
55
55
55
71
71
66
84
98
115
126
135
159
177
191
219
245
270
291
318
346
371
401
429
451
473
499
526
546
562
576
581
585
588
585
581
572
554
541
523
502
482
458
436
414
397
372
344
323
296
269
249
223
196
169
135
106
78
48
16
-10
-41
-70
-87
-118
-134
-155
-185
-203
-233
-247
-268
-295
-317
-341
-367
-395
-422
-453
-481
-511
-527
-541
-565
-574
-587
-598
-605
-607
-604
-602
-600
-590
-581
-578
-564
-556
-544
-532
-518
-501
-487
-451
-421
-393
-354
-316
-273
-228
-173
-118
-64
-11
43
99
150
198
241
281
324
365
395
418
436
452
475
486
502
520
518
514
515
515
510
498
494
483
469
447
423
394
360
330
306
280
247
218
187
166
144
125
113
100
100
95
94
94
92
93
93
100
104
107
110
111
115
124
127
138
152
163
183
194
209
219
231
245
247
260
255
251
252
241
224
209
193
168
146
126
104
74
38
20
-13
-52
-80
-117
-161
-201
-238
-284
-330
-370
-428
-468
-505
-558
-597
-629
-671
-704
-723
-750
-772
-784
-796
-802
-799
-798
-802
-786
-769
-755
-732
-706
-673
-641
-603
-565
-508
-460
-416
-349
-291
-237
-180
-123
-64
-4
54
104
154
200
243
296
338
369
410
441
471
509
533
557
585
605
617
632
646
647
654
652
648
654
640
626
615
594
580
564
551
537
514
495
485
466
443
430
411
388
367
344
322
297
263
234
212
184
154
125
99
73
54
33
9
-5
-24
-45
-59
-74
-88
-108
-129
-151
-168
-195
-216
-217
-248
-276
-294
-313
-327
-347
-360
-374
-384
-395
-399
-407
-413
-416
-420
-418
-420
-405
-402
-402
-385
-374
-352
-329
-315
-293
-262
-241
-210
-181
-155
-115
-95
-66
-40
-18
4
15
37
43
58
69
70
79
79
81
79
78
73
65
68
56
53
48
32
27
12
-3
-16
-29
-41
-55
-59
-67
-83
-83
-79
-85
-83
-75
-63
-54
-47
-23
-5
1
12
28
41
55
71
76
88
95
107
122
129
150
158
175
191
211
235
247
270
292
313
328
348
361
364
380
383
391
401
400
400
402
399
398
399
393
390
379
376
366
349
337
315
291
258
231
198
157
121
84
39
-4
-41
-89
-126
-173
-210
-239
-285
-322
-368
-396
-432
-481
-500
-535
-563
-589
-627
-642
-654
-674
-680
-678
-675
-674
-670
-658
-643
-616
-594
-566
-532
-495
-463
-429
-376
-334
-290
-241
-185
-133
-87
-36
18
73
117
170
217
257
303
339
382
419
451
474
503
525
532
555
568
569
569
567
569
554
540
525
503
482
452
423
393
362
328
284
248
218
176
138
101
63
28
-2
-31
-61
-81
-109
-130
-140
-164
-173
-178
-192
-190
-192
-186
-183
-180
-171
-166
-149
-140
-118
-104
-92
-64
-47
-28
-19
3
22
34
59
61
73
82
78
83
81
83
79
70
56
50
42
20
17
4
-17
-28
-47
-60
-81
-98
-113
-143
-163
-175
-197
-219
-228
-250
-264
-272
-280
-282
-286
-283
-278
-274
-265
-247
-238
-221
-196
-185
-172
-151
-123
-111
-91
-64
-43
-22
2
24
43
65
89
122
144
164
186
197
220
233
243
253
265
271
273
278
273
267
258
254
255
255
243
233
227
215
210
204
193
179
170
163
149
136
122
113
94
71
61
45
29
18
3
-14
-20
-31
-47
-56
-66
-75
-84
-93
-100
-106
-112
-129
-140
-145
-154
-161
-179
-179
-180
-183
-179
-178
-173
-176
-163
-146
-137
-120
-112
-97
-83
-69
-50
-41
-40
-30
-19
-17
-8
-4
-8
-6
-5
-2
-2
-6
-5
-8
-12
-12
-23
-29
-35
-40
-47
-64
-66
-79
-101
-109
-111
-123
-136
-134
-135
-132
-137
-141
-134
-128
-113
-104
-90
-76
-67
-55
-43
-31
-12
11
24
47
65
77
97
116
139
163
187
205
219
234
259
276
281
294
300
308
311
315
311
313
317
301
298
294
287
272
266
255
241
231
206
195
173
145
127
96
74
54
29
2
-19
-42
-64
-81
-103
-121
-141
-146
-155
-179
-187
-197
-217
-226
-236
-256
-261
-261
-275
-269
-271
-283
-284
-279
-264
-262
-263
-255
-246
-240
-240
-221
-211
-208
-200
-190
-180
-173
-158
-145
-127
-111
-108
-96
-76
-69
-55
-42
-42
-32
-21
-9
0
-8
2
15
15
22
22
25
24
29
39
40
42
38
41
35
35
38
35
43
42
38
35
41
43
40
57
56
55
63
73
84
91
102
113
128
135
147
155
159
176
185
199
206
216
218
221
236
237
248
249
251
265
261
268
266
261
264
256
251
241
234
228
204
188
179
153
131
114
88
68
44
20
-6
-29
-51
-77
-94
-119
-143
-165
-187
-211
-234
-257
-277
-295
-322
-334
-351
-373
-379
-390
-394
-393
-395
-391
-386
-382
-367
-352
-341
-321
-316
-299
-277
-276
-254
-224
-212
-186
-169
-151
-125
-107
-76
-56
-31
2
17
41
58
73
89
98
108
119
135
142
148
152
155
164
168
174
182
190
193
191
196
208
199
193
189
188
187
177
179
170
157
160
157
151
149
153
148
147
145
144
143
135
136
130
126
116
103
98
93
84
72
69
65
61
54
43
48
45
39
40
39
33
26
19
18
12
4
4
2
0
-8
-12
-8
-12
-7
-4
-4
-7
1
1
-5
1
-11
-15
-15
-14
-21
-37
-39
-51
-59
-63
-68
-85
-99
-99
-110
-116
-126
-139
-149
-160
-173
-184
-195
-210
-228
-241
-248
-264
-272
-285
-299
-306
-309
-303
-305
-302
-294
-291
-280
-263
-252
-235
-215
-201
-185
-165
-138
-125
-107
-88
-62
-32
-17
11
32
56
83
108
135
160
187
208
221
231
251
256
269
278
278
285
277
281
280
274
270
272
266
261
272
261
260
251
237
236
228
221
202
193
181
165
154
142
132
119
107
96
94
86
81
84
70
67
68
60
52
37
32
31
18
12
8
1
-11
-22
-20
-26
-35
-34
-36
-42
-38
-48
-55
-56
-69
-79
-85
-92
-101
-108
-117
-121
-127
-138
-144
-151
-152
-155
-156
-157
-162
-156
-166
-183
-177
-178
-186
-187
-195
-194
-199
-206
-204
-211
-213
-212
-210
-212
-212
-209
-210
-216
-215
-207
-207
-204
-202
-199
-190
-189
-182
-172
-164
-150
-138
-125
-104
-89
-76
-62
-44
-28
-10
15
38
52
77
96
110
138
150
170
196
207
223
242
256
269
282
287
299
303
309
321
319
325
324
332
333
327
326
319
316
308
303
299
285
270
258
255
241
219
209
195
176
167
147
128
112
92
81
59
41
20
-2
-23
-45
-56
-70
-90
-108
-113
-132
-149
-160
-176
-184
-194
-199
-216
-226
-231
-238
-242
-256
-254
-258
-266
-264
-259
-256
-257
-252
-245
-238
-229
-225
-225
-223
-210
-197
-194
-185
-173
-162
-157
-145
-133
-132
-111
-93
-80
-64
-45
-36
-28
-11
-4
13
17
26
37
44
59
52
59
70
70
74
78
88
90
94
95
103
107
103
103
101
99
91
89
93
88
74
72
67
60
58
55
56
53
54
57
55
60
60
57
65
71
61
64
68
65
68
67
63
65
63
65
68
66
71
77
78
83
87
87
95
92
94
100
97
98
94
99
100
91
89
84
79
81
91
88
88
90
87
85
84
81
78
75
66
64
54
43
30
12
-8
-19
-23
-44
-57
-68
-85
-96
-106
-120
-128
-140
-154
-164
-177
-182
-191
-204
-215
-225
-232
-249
-245
-249
-257
-253
-255
-246
-247
-245
-234
-229
-216
-208
-202
-185
-172
-170
-153
-144
-134
-111
-105
-86
-67
-53
-34
-19
3
24
46
64
78
101
122
131
146
172
180
186
201
205
214
224
225
226
230
236
239
235
233
229
225
222
217
214
209
194
184
171
155
144
122
105
97
85
70
46
35
27
14
9
-1
-13
-10
-14
-29
-37
-37
-45
-58
-60
-69
-79
-80
-94
-99
-100
-104
-105
-108
-108
-101
-101
-103
-104
-97
-91
-97
-103
-100
-106
-105
-103
-113
-111
-113
-122
-126
-120
-111
-108
-101
-104
-99
-95
-92
-83
-86
-77
-75
-76
-69
-70
-75
-70
-77
-71
-52
-58
-45
-32
-33
-23
-17
-7
11
20
22
32
31
39
46
48
59
60
59
62
70
79
86
87
99
107
113
121
117
124
132
139
131
135
140
132
128
125
125
119
122
119
121
119
111
110
103
104
96
95
96
89
81
73
65
52
49
38
36
25
7
4
-5
-6
-18
-28
-29
-35
-40
-48
-45
-50
-51
-48
-61
-63
-65
-71
-74
-70
-75
-82
-75
-80
-83
-80
-78
-77
-76
-64
-62
-60
-57
-53
-54
-52
-54
-51
-49
-57
-55
-58
-63
-67
-71
-70
-76
-72
-74
-75
-71
-72
-78
-83
-82
-88
-89
-86
-91
-92
-95
-100
-107
-106
-104
-107
-101
-97
-90
-77
-78
-80
-66
-57
-46
-30
-30
-25
-7
0
6
20
25
36
50
63
78
86
95
107
121
138
148
154
166
175
180
184
187
185
186
195
194
196
190
183
181
174
173
165
160
156
153
145
128
122
107
95
93
73
60
56
40
21
11
4
-4
-19
-31
-40
-48
-64
-71
-73
-85
-86
-99
-110
-117
-126
-126
-134
-133
-137
-149
-146
-149
-150
-143
-141
-141
-137
-135
-130
-121
-114
-109
-99
-92
-78
-74
-67
-50
-46
-35
-23
-15
-4
13
19
28
43
56
61
63
75
79
85
92
97
92
92
92
87
81
75
78
64
71
65
51
47
38
41
34
31
20
8
4
-2
-5
-16
-28
-32
-36
-45
-51
-60
-61
-64
-59
-59
-65
-61
-62
-63
-53
-50
-53
-47
-50
-43
-43
-47
-39
-37
-28
-29
-21
-17
-14
2
10
19
28
32
46
55
55
65
62
68
71
72
74
69
76
71
68
71
70
74
70
70
72
72
69
62
59
53
40
37
31
24
19
11
-3
-13
-16
-23
-29
-34
-30
-30
-35
-42
-46
-48
-59
-58
-62
-64
-69
-69
-79
-81
-78
-87
-80
-83
-80
-75
-77
-72
-60
-55
-55
-43
-45
-34
-26
-27
-21
-15
-11
-6
9
16
24
29
34
41
48
63
64
77
88
86
99
103
104
102
108
111
108
106
108
110
106
107
108
103
93
90
90
88
88
77
78
66
59
57
48
43
33
29
20
11
-1
-5
-5
-15
-20
-33
-38
-45
-54
-57
-60
-72
-79
-77
-82
-87
-96
-107
-108
-107
-106
-114
-126
-121
-126
-128
-126
-130
-124
-128
-122
-119
-116
-108
-112
-104
-105
-95
-88
-84
-69
-69
-64
-71
-65
-49
-46
-32
-24
-22
-8
1
8
16
26
31
41
57
60
66
74
77
87
91
90
91
94
102
102
111
112
114
121
113
120
121
116
112
116
118
105
101
94
80
79
77
64
53
46
38
31
28
17
7
8
2
-5
-12
-12
-16
-23
-32
-37
-38
-47
-47
-45
-41
-41
-46
-44
-52
-45
-35
-36
-30
-25
-19
-19
-19
-11
-3
-4
-8
-3
-4
1
12
13
9
8
5
12
14
8
15
14
13
7
12
14
7
9
6
4
-5
-6
-4
-13
-13
-17
-18
-24
-29
-26
-33
-40
-42
-39
-41
-44
-46
-50
-50
-51
-47
-50
-61
-57
-56
-60
-57
-55
-58
-54
-50
-57
-47
-42
-48
-40
-37
-28
-22
-29
-20
-10
-11
-4
3
-1
5
7
5
19
24
27
34
32
38
43
44
47
55
56
60
61
61
66
71
73
69
68
63
64
72
73
65
65
63
57
59
59
57
45
39
39
36
33
24
26
21
9
4
2
6
-8
-17
-13
-20
-22
-24
-26
-27
-37
-34
-38
-42
-37
-47
-45
-43
-43
-42
-46
-46
-46
-48
-45
-44
-56
-50
-39
-46
-45
-44
-44
-45
-41
-39
-44
-41
-46
-44
-43
-38
-33
-41
-39
-39
-43
-44
-35
-36
-38
-31
-29
-31
-24
-25
-32
-23
-32
-23
-18
-27
-10
-19
-17
-15
-13
-15
-15
-4
-8
1
9
4
9
6
12
22
12
21
28
25
31
32
34
31
43
44
46
53
54
57
51
57
71
73
64
65
64
67
65
68
62
63
69
58
58
53
61
58
49
58
56
50
42
43
44
38
28
29
29
25
22
13
10
5
8
4
1
1
-4
-11
-9
-9
-17
-23
-21
-24
-36
-41
-44
-41
-47
-54
-51
-49
-54
-62
-58
-62
-61
-62
-64
-61
-57
-64
-70
-72
-71
-71
-78
-69
-68
-78
-73
-65
-64
-57
-58
-61
-58
-60
-44
-42
-46
-40
-44
-43
-34
-36
-34
-29
-22
-14
-16
-10
-4
7
17
18
28
27
29
34
36
49
49
48
52
50
54
54
60
62
75
72
62
77
75
81
79
80
81
74
74
64
66
66
54
52
56
49
43
38
36
42
33
29
29
26
25
20
16
9
5
-4
-3
-9
-18
-16
-29
-27
-34
-42
-29
-34
-34
-40
-45
-45
-41
-40
-45
-40
-44
-40
-43
-44
-40
-43
-40
-48
-36
-31
-37
-33
-27
-21
-21
-22
-14
-18
-14
-6
-4
2
-3
6
4
0
-1
-3
12
11
4
5
3
1
3
5
10
9
5
10
1
-1
-1
1
3
3
-6
-5
-11
-19
-20
-28
-24
-27
-27
-26
-23
-27
-29
-27
-34
-22
-21
-24
-22
-23
-22
-20
-22
-27
-22
-27
-18
-16
-16
1
-2
-11
2
11
13
24
26
31
29
28
36
27
29
29
30
39
34
30
38
38
34
37
46
43
52
52
40
49
46
47
43
34
42
31
27
29
26
27
26
22
31
33
26
27
23
26
28
28
25
18
16
13
14
4
-4
0
0
-3
-8
-6
0
-5
-5
-8
-8
-10
-9
-5
-11
-7
-17
-17
-18
-18
-14
-16
-18
-24
-15
-16
-17
-15
-11
-15
-13
-11
-14
-8
-11
-10
-18
-20
-13
-16
-16
-13
-23
-18
-15
-27
-23
-27
-27
-22
-25
-25
-23
-30
-27
-27
-31
-21
-29
-31
-25
-27
-32
-27
-24
-25
-27
-24
-22
-24
-24
-25
-13
-10
-9
-1
-3
0
2
0
8
5
7
17
13
16
22
21
22
23
25
30
34
35
40
39
48
42
41
51
42
45
44
42
37
32
37
37
33
29
39
36
28
25
16
24
29
20
24
15
12
15
2
-1
-2
-7
-5
-7
-11
-7
-14
-9
-16
-11
-10
-22
-17
-19
-18
-20
-21
-21
-20
-26
-26
-27
-30
-19
-22
-18
-19
-24
-12
-8
-9
-10
-10
-10
-5
-3
-5
-4
-6
-1
8
5
0
3
10
7
16
14
6
13
19
26
18
16
8
5
2
9
12
7
9
2
5
-5
2
-8
1
1
-10
0
-12
-5
-13
-15
-12
-19
-22
-24
-22
-18
-23
-30
-17
-20
-26
-26
-17
-21
-22
-18
-21
-19
-16
-21
-19
-18
-24
-12
-11
-14
-14
-20
-16
-14
-5
-3
-10
-4
-1
-5
-2
-2
2
-2
-1
1
6
11
2
5
7
5
11
3
3
19
8
16
20
12
19
14
16
15
14
18
21
20
20
16
17
20
19
13
15
18
12
18
18
25
18
18
14
15
19
8
20
15
10
17
12
2
8
2
-1
1
0
1
-2
0
-10
-1
-6
-8
-10
-14
-5
-9
-17
-17
-15
-24
-15
-21
-22
-21
-21
-18
-22
-13
-17
-15
-9
-9
-8
-11
-4
-8
-5
2
-4
2
0
-3
-1
-3
5
8
9
10
12
5
13
15
14
18
11
11
5
10
14
7
5
0
3
1
-2
-3
-3
-3
-2
-3
-11
-6
-4
-17
-16
-16
-23
-19
-19
-25
-25
-24
-31
-36
-30
-29
-32
-24
-25
-33
-31
-27
-30
-27
-27
-31
-25
-21
-23
-24
-22
-20
-20
-14
-14
-7
-5
-9
-2
-2
2
1
2
5
2
15
16
8
16
20
11
14
24
20
22
28
32
28
24
27
30
27
25
29
29
31
27
28
27
26
30
26
26
24
21
26
27
25
21
20
16
15
17
12
9
9
6
5
10
1
0
0
2
-3
-10
-5
-16
-7
-11
-10
-7
-13
-16
-17
-16
-20
-19
-27
-18
-9
-12
-17
-16
-22
-22
-24
-26
-15
-17
-7
-13
-16
-14
-21
-14
-15
-19
-11
-12
-19
-10
-10
-11
-10
-14
-14
-18
-12
-1
-6
-7
-1
-7
1
-2
-5
2
1
7
1
-2
12
9
1
0
5
8
11
14
18
16
5
16
14
17
22
16
20
15
15
20
18
7
10
10
14
14
10
16
10
13
17
7
10
17
8
7
7
11
8
2
6
-4
-8
-5
3
3
-6
-2
-4
-7
-4
2
2
-5
-5
-4
-3
-2
-7
-7
-16
-14
-2
-7
-2
-4
-14
-12
-6
0
-1
-1
-7
-1
3
-4
-3
-2
-1
-7
-7
-8
-7
-9
-7
-5
-8
-1
-4
-8
-3
1
-5
-5
-1
-1
0
-5
-8
-4
1
-5
-8
-8
-2
-8
-6
-2
-4
6
8
10
3
1
7
7
-1
3
8
6
11
5
6
3
3
6
9
14
4
6
12
19
19
19
20
17
14
8
13
10
15
7
13
19
12
16
14
9
6
14
14
16
14
15
18
8
13
10
5
1
0
-5
0
-4
3
2
-4
-5
-8
-3
-13
-8
1
-4
-11
-8
-9
-11
-15
-14
-17
-22
-16
-19
-8
-21
-21
-10
-14
-19
-17
-11
-15
-3
-5
-7
-7
-9
-15
-13
-5
-9
-13
-8
1
-13
0
3
-5
-6
-10
6
4
7
16
7
9
5
6
6
-1
3
6
5
4
3
-1
7
7
-2
7
