-26
15
60
76
52
10
-21
-40
-58
-69
-54
-13
29
53
55
40
12
-24
-55
-76
-74
-40
24
80
85
35
-30
-71
-89
-95
-81
-31
37
85
91
57
1
-58
-96
-102
-83
-59
-38
-15
9
18
0
-31
-52
-53
-40
-26
-14
-6
0
9
27
46
34
-20
-84
-100
-57
0
29
35
39
32
2
-39
-70
-82
-80
-61
-27
10
28
29
10
-32
-81
-103
-85
-57
-46
-38
-13
9
-7
-51
-88
-103
-105
-91
-50
4
36
32
12
-7
-26
-47
-64
-63
-42
-12
15
26
15
-10
-39
-67
-80
-66
-30
12
47
76
93
81
39
-14
-56
-75
-70
-40
6
47
67
56
17
-31
-59
-55
-32
-13
-2
14
36
52
49
26
-8
-45
-66
-56
-15
33
67
77
67
42
7
-27
-47
-43
-19
11
37
53
55
40
18
-1
-11
-16
-19
-10
18
56
87
95
78
40
-1
-27
-30
-20
-9
11
42
70
71
41
-2
-31
-37
-26
-4
23
50
65
57
33
9
-13
-36
-52
-41
-3
35
48
35
11
-13
-40
-63
-74
-70
-45
4
57
78
56
15
-7
-8
-6
-3
8
29
46
53
48
35
16
-2
-12
-10
1
16
22
18
10
9
9
0
-19
-36
-41
-32
-12
10
24
26
20
7
-19
-49
-67
-60
-36
-9
19
41
44
27
4
-6
-15
-28
-33
-7
43
79
78
45
0
-41
-68
-72
-54
-32
-19
-11
4
17
9
-22
-45
-40
-20
-8
-3
11
26
19
-2
-15
-23
-49
-84
-88
-48
5
45
72
83
64
21
-14
-24
-22
-20
-1
37
73
80
66
45
24
11
9
9
4
7
29
53
52
30
8
-13
-47
-72
-51
9
66
100
115
105
54
-18
-68
-86
-90
-81
-40
21
62
68
56
39
15
-17
-38
-42
-30
-3
38
69
62
24
-18
-47
-64
-65
-44
-18
-5
-4
6
26
39
40
36
33
27
15
7
5
12
15
8
-18
-52
-72
-66
-36
-2
29
53
68
72
69
57
37
12
-14
-30
-33
-20
0
18
28
23
1
-27
-36
-17
7
11
3
2
7
1
-9
-9
-2
-6
-17
-9
19
41
37
7
-35
-77
-94
-70
-23
3
-9
-33
-39
-31
-29
-44
-63
-66
-40
-2
19
13
6
14
18
-6
-42
-57
-47
-41
-46
-47
-38
-25
-19
-16
-18
-28
-43
-47
-35
-13
5
20
32
41
38
11
-30
-57
-44
2
43
55
38
12
-12
-30
-39
-35
-11
25
52
57
47
45
48
40
15
-10
-26
-39
-38
-12
24
37
22
8
9
7
-14
-35
-28
2
33
52
59
54
35
10
-19
-44
-56
-45
-16
10
23
19
1
-22
-33
-26
-15
-11
-7
5
14
9
-3
-13
-26
-44
-45
-19
23
55
69
67
45
9
-23
-39
-43
-35
-3
43
71
66
46
28
10
-9
-10
4
13
11
32
82
117
97
41
-10
-36
-43
-31
-6
14
16
14
19
18
0
-33
-54
-52
-27
5
31
50
65
67
42
-3
-32
-33
-25
-32
-29
8
56
70
45
9
-14
-35
-55
-56
-38
-12
5
15
21
22
15
4
-10
-23
-22
-1
23
29
14
-2
-2
2
-3
-19
-29
-23
-7
4
3
-1
0
1
-8
-27
-40
-40
-31
-20
-5
16
34
39
20
-17
-47
-47
-16
16
24
16
10
7
0
-15
-28
-35
-36
-25
4
35
39
9
-30
-46
-31
-9
3
5
10
24
36
31
9
-17
-33
-34
-26
-15
-6
8
32
60
77
69
39
6
-15
-17
-7
2
2
1
12
26
23
-3
-32
-42
-34
-22
-5
13
22
15
5
5
5
-4
-13
-9
4
13
17
21
23
15
2
-4
-9
-22
-27
-1
39
49
23
-3
-1
9
5
-1
7
11
-9
-33
-22
17
41
29
8
5
12
8
-17
-50
-75
-75
-43
-4
13
4
-13
-20
-15
-5
3
-4
-29
-50
-37
7
41
41
23
5
-6
-19
-27
-27
-23
-13
3
19
24
14
1
-6
-18
-42
-64
-66
-46
-15
9
9
-11
-30
-30
-17
-14
-28
-38
-32
-15
-5
-4
-14
-26
-35
-44
-53
-56
-42
-13
13
20
21
30
38
29
13
15
33
36
17
-1
-4
-6
-18
-29
-25
-22
-31
-46
-52
-50
-46
-39
-27
-21
-30
-42
-39
-20
-3
8
16
22
15
-6
-29
-37
-26
-8
-2
-14
-36
-41
-21
9
22
13
3
0
-3
-11
-5
29
68
83
69
48
35
24
11
7
13
19
13
5
11
28
37
27
6
-5
9
41
70
78
68
59
58
57
51
51
60
68
64
45
25
9
1
5
16
19
9
-7
-17
-21
-18
-5
16
29
27
16
3
-14
-29
-22
6
27
23
18
38
60
51
25
20
34
29
-2
-11
25
66
73
69
90
117
105
49
1
-4
18
36
42
53
68
70
51
27
20
29
33
25
16
8
-6
-30
-39
-31
-26
-43
-66
-68
-50
-30
-12
7
15
4
-9
-3
14
13
-6
-21
-24
-32
-43
-43
-31
-31
-46
-56
-50
-43
-45
-51
-53
-56
-60
-56
-41
-25
-11
4
11
-1
-27
-41
-37
-32
-35
-38
-36
-35
-39
-43
-40
-43
-51
-55
-48
-34
-20
-2
13
18
16
17
21
13
-6
-19
-14
-6
-6
-11
-16
-24
-34
-38
-30
-23
-21
-17
-9
-8
-18
-30
-27
-20
-25
-44
-59
-55
-35
-16
-5
-1
-5
-18
-29
-23
0
25
33
25
20
21
21
18
17
18
15
9
12
25
34
31
26
23
16
1
-4
12
33
34
17
1
-1
-2
-10
-23
-31
-31
-25
-11
12
34
44
40
36
39
37
20
-4
-8
10
20
6
-18
-26
-18
-6
5
21
31
19
-16
-47
-57
-48
-30
-23
-33
-55
-59
-36
-16
-31
-67
-69
-30
4
-6
-33
-37
-24
-28
-49
-57
-38
-12
1
6
11
3
-29
-62
-63
-30
8
16
-2
-18
-6
30
66
85
86
77
66
48
27
8
2
13
24
18
-2
-20
-20
-12
-15
-30
-34
-14
14
29
24
6
-12
-13
7
32
44
44
45
46
37
24
30
56
67
42
6
-5
5
16
30
53
74
74
58
47
43
33
20
21
34
42
36
26
16
2
-7
1
19
29
33
50
72
74
57
53
72
85
69
43
30
23
5
-15
-19
-11
-10
-24
-30
-13
16
37
40
34
29
22
19
22
28
16
-20
-52
-50
-24
-16
-41
-63
-54
-35
-42
-73
-89
-72
-38
-10
8
21
32
41
42
29
8
-5
-2
4
3
-5
-18
-33
-49
-55
-51
-40
-28
-9
4
-3
-32
-59
-59
-34
0
22
21
1
-14
-10
4
6
0
5
16
16
4
2
9
5
-13
-20
-8
-1
-11
-17
3
37
67
79
73
46
4
-33
-50
-47
-28
2
27
28
14
5
-2
-25
-56
-63
-44
-28
-34
-42
-32
-20
-24
-40
-55
-65
-66
-47
-14
9
14
22
38
42
15
-16
-27
-20
-17
-11
11
36
36
10
-17
-27
-35
-53
-72
-77
-65
-44
-25
-17
-25
-39
-37
-19
-6
-11
-19
-7
25
48
41
17
0
2
12
14
4
-6
-7
6
23
33
31
22
10
3
-1
-3
-9
-18
-13
14
52
72
67
55
52
55
51
39
26
14
1
-10
-10
-5
-5
-13
-25
-34
-34
-17
15
45
52
37
21
16
14
4
-4
6
27
41
43
46
55
57
38
11
-4
-8
-20
-39
-44
-26
1
15
17
18
17
5
-15
-31
-33
-24
-9
-1
-8
-29
-48
-57
-59
-59
-52
-26
8
32
38
35
29
20
8
4
16
38
60
77
88
92
85
62
27
-6
-22
-19
-11
-10
-9
5
25
35
24
6
-1
3
13
20
23
20
11
0
-10
-23
-42
-67
-87
-94
-87
-73
-58
-44
-30
-16
-6
-3
-1
0
6
21
42
56
52
37
22
6
-23
-59
-75
-58
-26
-3
8
16
23
22
18
16
14
3
-6
-1
12
11
-5
-14
1
22
27
15
5
2
-1
-11
-15
-9
3
6
0
-6
-6
2
10
17
22
28
30
27
16
2
-5
-9
-14
-17
-15
-8
-2
-4
-10
-18
-35
-60
-80
-80
-61
-40
-34
-45
-63
-71
-64
-52
-45
-40
-29
-14
-8
-16
-24
-19
-10
-3
8
32
46
26
-23
-62
-65
-50
-47
-57
-67
-68
-71
-79
-86
-82
-70
-52
-27
4
32
39
27
13
10
9
-7
-30
-31
-4
25
32
19
9
11
13
3
-18
-41
-49
-37
-15
1
6
7
7
-2
-16
-25
-20
-8
4
11
8
-12
-36
-41
-20
-3
-13
-39
-43
-14
29
64
82
87
80
71
63
59
56
58
75
105
129
132
112
82
50
24
13
25
53
74
77
70
63
51
29
8
6
17
28
31
34
33
24
14
16
21
8
-16
-21
4
29
26
10
7
12
9
-1
-5
3
14
26
38
38
23
4
-5
-9
-22
-40
-42
-24
0
14
11
-4
-19
-21
-14
-7
-4
4
20
33
24
-10
-47
-61
-48
-23
-7
-6
-2
13
38
59
71
74
71
63
58
61
68
67
55
39
28
20
0
-32
-57
-51
-21
3
6
1
0
-1
-7
-11
-5
-5
-16
-25
-17
1
14
29
50
46
0
-49
-47
-5
18
-1
-26
-28
-20
-23
-28
-26
-27
-32
-19
16
41
42
34
35
36
24
10
8
12
4
-18
-40
-52
-55
-53
-48
-44
-41
-37
-34
-33
-29
-14
5
14
9
1
2
9
16
22
29
38
40
30
10
-8
-11
-9
-12
-21
-26
-26
-30
-37
-34
-17
1
10
13
16
21
27
28
20
-6
-29
-34
-26
-30
-42
-38
-14
2
-9
-29
-28
-6
15
12
-7
-23
-27
-18
-7
-1
1
1
4
11
14
6
-18
-45
-61
-60
-52
-39
-26
-19
-27
-32
-15
9
8
-19
-28
-2
24
11
-26
-47
-46
-46
-53
-55
-43
-34
-34
-36
-32
-24
-14
-3
1
-4
-14
-17
-17
-18
-23
-26
-23
-11
-1
-7
-31
-55
-52
-27
-4
6
13
28
38
29
3
-22
-35
-32
-21
-11
-8
-10
-8
-7
-13
-27
-33
-22
-4
6
5
7
20
34
35
18
-3
-9
-1
11
18
19
16
10
9
13
17
8
-6
-13
-3
18
37
45
35
12
-6
3
31
53
55
52
60
68
57
38
26
24
12
-10
-27
-22
-2
15
27
38
48
50
43
39
48
60
66
60
46
30
14
6
14
29
34
23
15
31
57
72
68
54
37
20
8
3
-3
-14
-15
3
27
33
28
26
29
18
-11
-30
-19
9
21
5
-23
-42
-38
-10
23
39
32
23
21
14
-9
-27
-17
7
14
2
-4
14
33
35
28
30
37
31
10
-12
-23
-24
-23
-24
-31
-44
-50
-41
-20
-4
-1
-6
-11
-10
-1
11
18
8
-11
-18
2
42
72
70
35
-6
-32
-37
-35
-37
-33
-19
-2
4
-3
-9
-12
-21
-43
-57
-46
-23
-18
-29
-34
-18
3
8
-3
-14
-29
-44
-46
-35
-27
-35
-47
-48
-42
-41
-39
-22
6
27
37
42
38
20
-4
-16
-14
-9
-5
0
-3
-17
-29
-22
-1
12
0
-30
-56
-64
-51
-27
-9
1
8
15
10
-6
-21
-26
-24
-18
-7
4
-1
-21
-32
-28
-27
-37
-36
-13
15
25
21
16
12
3
-4
1
14
30
43
44
29
15
19
34
31
9
-2
13
29
22
11
18
38
45
38
31
33
28
13
0
7
34
55
49
20
1
1
4
-6
-17
-12
-2
-8
-20
-18
1
19
30
37
32
8
-15
-8
15
23
7
-11
-19
-26
-39
-45
-39
-34
-38
-43
-37
-24
-14
-13
-22
-35
-47
-49
-37
-15
6
16
15
9
6
4
3
4
5
-9
-30
-41
-28
-8
1
12
41
69
70
48
31
30
36
36
33
23
4
-13
-15
-13
-16
-17
-1
20
21
9
13
32
36
23
12
10
3
-8
-1
23
38
23
-3
-15
-17
-23
-30
-30
-19
-1
14
13
-4
-22
-26
-18
-18
-26
-29
-20
-12
-9
-8
-4
5
12
15
8
-7
-24
-31
-26
-17
-16
-20
-19
-2
20
32
30
24
30
44
50
40
20
0
-18
-27
-25
-18
-8
5
28
48
48
30
11
-1
-11
-21
-25
-15
3
16
27
41
59
71
67
45
12
-18
-32
-31
-21
-13
-7
1
16
30
30
17
8
19
39
46
32
9
-8
-19
-34
-46
-45
-29
-15
-11
-8
12
36
36
1
-42
-56
-41
-28
-34
-41
-35
-18
-10
-19
-36
-53
-64
-66
-55
-36
-15
-3
0
-3
-5
-7
-19
-41
-56
-52
-43
-51
-71
-69
-37
1
15
7
-3
-5
-1
8
20
26
22
9
-8
-27
-40
-38
-20
8
36
59
69
65
57
52
46
29
7
2
10
14
12
15
21
14
-11
-39
-58
-73
-86
-79
-49
-17
-2
8
21
22
2
-20
-17
6
18
7
-5
0
5
-9
-42
-71
-73
-38
7
26
2
-39
-61
-52
-39
-51
-81
-95
-75
-41
-25
-32
-34
-11
24
40
31
10
-12
-31
-44
-40
-19
8
24
27
22
11
0
-2
5
9
11
20
37
51
61
69
76
70
52
41
44
44
30
21
27
31
16
-7
-14
-7
-6
-8
12
49
69
52
15
-7
-5
8
23
35
43
46
49
55
57
51
35
17
0
-14
-22
-30
-39
-46
-43
-26
-9
3
7
12
19
22
17
4
-5
-2
11
21
27
35
45
46
36
32
42
54
49
30
14
9
8
7
13
23
26
21
26
45
69
81
79
66
40
2
-29
-31
-7
24
43
44
27
0
-23
-31
-22
-6
12
29
39
33
12
-8
-19
-27
-44
-62
-67
-52
-31
-16
-13
-20
-37
-55
-60
-43
-14
12
22
21
9
-9
-25
-32
-35
-42
-50
-41
-12
13
10
-14
-27
-21
-17
-30
-37
-11
35
59
42
9
-3
8
19
13
0
-11
-16
-24
-39
-62
-80
-84
-71
-49
-30
-14
-5
-5
-18
-34
-42
-39
-30
-20
-7
4
5
-9
-24
-28
-12
9
27
40
47
47
37
25
18
17
25
43
69
87
85
66
40
18
4
3
20
44
58
56
45
28
9
-7
-10
-1
9
18
30
35
15
-35
-76
-81
-54
-27
-12
1
16
21
7
-17
-31
-30
-20
-17
-27
-38
-32
-9
15
21
8
-5
-10
-3
4
-1
-21
-39
-45
-33
-14
-2
2
1
4
19
32
24
-2
-22
-27
-26
-31
-27
-5
14
6
-22
-38
-31
-12
10
30
42
42
31
5
-33
-74
-97
-92
-76
-61
-43
-20
-14
-33
-52
-51
-47
-57
-65
-45
-17
-14
-35
-43
-26
-12
-16
-27
-36
-49
-67
-76
-68
-51
-33
-20
-9
-5
-2
3
5
-4
-14
-9
9
25
27
15
-3
-15
-8
9
17
8
8
37
77
88
62
27
6
-4
-18
-31
-28
-3
26
39
35
27
21
11
-4
-8
2
13
14
14
21
25
12
-7
-9
6
19
22
18
12
1
-5
2
14
14
6
6
15
20
18
21
24
20
17
33
64
84
80
67
61
57
51
48
52
52
44
37
37
32
11
-14
-22
-13
-7
-19
-27
-12
17
32
27
25
33
39
31
21
21
24
13
-4
-21
-34
-38
-21
11
26
13
-1
10
23
7
-22
-24
-1
12
2
-4
-1
-6
-28
-45
-43
-32
-26
-13
15
42
46
23
-6
-13
6
37
60
67
68
70
65
48
33
23
8
-14
-30
-22
-8
-7
-19
-23
-9
12
26
31
30
30
28
23
13
0
-8
-10
-13
-13
-11
-10
-16
-19
-15
-12
-14
-8
10
19
-4
-35
-35
-7
14
16
27
54
65
45
27
39
60
53
22
4
15
35
37
14
-14
-31
-27
-15
-14
-30
-47
-53
-48
-44
-45
-39
-21
6
17
5
-12
-14
-4
4
10
24
41
29
-10
-42
-44
-32
-27
-33
-41
-52
-62
-49
-14
7
-8
-39
-45
-33
-28
-30
-17
10
17
-5
-32
-39
-34
-32
-29
-18
-3
0
-6
-9
-1
3
-11
-41
-59
-53
-33
-23
-29
-39
-41
-33
-23
-19
-21
-27
-18
3
18
5
-20
-29
-16
-11
-29
-50
-52
-45
-49
-59
-52
-28
-7
-8
-16
-19
-20
-34
-62
-83
-76
-48
-21
-8
-4
7
24
33
31
24
18
16
15
16
17
8
-16
-38
-36
-10
15
22
8
-16
-41
-54
-46
-33
-32
-33
-12
21
30
2
-20
0
35
33
-1
-18
-2
7
-17
-54
-71
-66
-59
-49
-29
3
31
37
24
8
8
23
38
32
8
-16
-29
-31
-30
-32
-37
-33
-10
14
14
-5
-13
-5
-4
-20
-24
2
28
25
6
-1
2
-7
-21
-20
-5
2
0
6
23
43
59
67
63
50
47
53
47
21
4
15
29
11
-16
-13
20
41
33
19
20
28
30
26
22
20
23
35
48
52
47
39
26
13
9
16
23
31
58
100
122
100
62
55
78
98
94
83
85
104
117
98
53
17
27
63
75
48
22
27
42
38
19
5
-7
-29
-46
-28
14
44
43
34
35
38
28
7
0
17
45
52
29
-6
-22
-14
-2
-3
-4
6
12
4
-9
-4
18
30
22
4
-7
-5
4
17
27
28
19
7
-4
-7
-2
5
3
-15
-40
-59
-64
-51
-33
-24
-29
-41
-47
-45
-36
-27
-17
-1
14
18
8
-11
-23
-22
-17
-16
-16
-4
13
17
2
-13
-11
1
4
-11
-28
-28
-14
1
9
9
12
15
10
0
-6
-2
4
6
12
29
35
16
-17
-40
-44
-43
-48
-59
-66
-62
-43
-21
-17
-45
-77
-79
-57
-39
-43
-54
-60
-60
-62
-61
-61
-69
-79
-88
-94
-100
-96
-75
-52
-42
-46
-49
-51
-59
-73
-89
-102
-108
-104
-94
-95
-104
-103
-79
-53
-43
-44
-34
-11
9
17
14
7
1
8
23
28
19
11
10
0
-25
-48
-52
-43
-33
-22
-12
-10
-22
-32
-21
12
43
49
28
2
-5
11
22
1
-42
-66
-56
-32
-24
-33
-48
-57
-61
-59
-49
-32
-8
15
23
20
16
17
18
8
-1
3
8
0
-19
-28
-21
-7
-2
-7
-14
-19
-19
-20
-21
-15
0
9
-1
-19
-15
13
43
53
49
43
34
29
33
44
45
38
31
20
0
-8
12
43
49
30
23
39
48
29
3
1
23
42
46
45
48
51
45
29
15
18
26
30
35
48
56
28
-22
-49
-24
29
79
111
116
92
57
50
75
87
53
-3
-38
-38
-17
5
19
22
18
22
29
35
40
47
50
44
41
54
75
78
56
25
4
0
8
16
18
22
42
64
63
43
28
31
29
17
22
49
70
58
26
1
-7
-1
13
24
24
20
29
50
57
40
12
-13
-27
-18
15
45
45
30
31
43
29
-6
-11
23
47
26
-8
-12
0
-7
-26
-20
17
43
34
10
10
37
62
62
42
22
10
12
27
50
65
55
20
-21
-37
-18
19
38
34
39
66
69
7
-82
-122
-102
-78
-59
-8
62
78
9
-71
-92
-64
-27
13
40
11
-69
-119
-87
-24
-9
-44
-82
-88
-57
6
52
27
-50
-87
-61
-37
-59
-76
-51
-17
-5
7
17
-15
-84
-107
-56
-5
-1
-3
13
-6
-76
-113
-72
-18
-16
-23
6
28
-5
-61
-91
-101
-92
-31
59
90
27
-52
-90
-115
-141
-113
-13
70
60
-9
-73
-121
-144
-104
-11
43
10
-37
-32
-14
-32
-58
-50
-45
-80
-116
-101
-46
16
67
76
16
-64
-72
-23
1
-4
31
70
5
-118
-137
-40
18
8
57
150
106
-65
-93
117
279
159
-82
-153
-39
80
110
96
86
83
71
20
-42
-16
106
165
45
-119
-146
-72
-34
-26
26
74
60
46
75
59
-25
-31
87
136
3
-149
-151
-76
-28
0
-19
-169
-328
-245
24
138
7
-90
-13
63
51
98
198
130
-102
-203
-69
78
101
83
51
-43
-102
-14
65
-42
-166
-84
59
44
12
128
165
-63
-228
-51
104
-145
-452
-314
32
57
-134
-127
-24
-121
-170
187
590
455
-6
-115
176
345
210
34
-92
-258
-305
-33
321
352
68
-213
-321
-245
-7
190
62
-297
-425
-164
138
209
109
-118
-459
-597
-243
230
276
137
440
973
958
422
104
87
-166
-455
-45
698
592
-211
-228
712
880
-434
-1460
-730
640
1117
1286
1950
1365
-2419
-7132
-7719
-2851
2975
5018
3341
779
-1361
-2954
-2613
760
4728
5244
2061
-904
-1197
-580
-1031
-1333
155
1968
1670
-172
-993
-229
369
-100
-623
-336
336
787
1004
1076
922
533
-121
-1004
-1429
-498
1224
1558
-786
-4342
-6378
-5514
-2406
1210
3534
3711
2473
1365
1314
2274
3388
2727
-1311
-6635
-7665
-1930
5379
7036
2422
-3388
-7183
-8842
-6627
1469
10963
12718
4289
-6241
-10467
-8384
-4156
833
6215
8753
5814
191
-3156
-3305
-2541
-1419
1141
4034
4372
1685
-1267
-2084
-922
822
2108
2356
1466
131
-675
-577
146
1015
1419
816
-567
-1595
-1332
-106
830
618
-405
-1240
-1469
-1641
-2186
-2524
-2020
-1279
-1174
-1011
595
3017
3801
1982
-704
-2412
-2877
-1925
1012
4506
4905
800
-4103
-5011
-1715
1978
3246
2254
186
-1834
-2036
882
5219
7045
4540
167
-2262
-1297
1836
4853
5310
1811
-3812
-6848
-4427
812
3765
2838
572
-882
-1603
-1297
1251
4829
5514
1870
-2437
-3564
-2326
-1574
-1478
-721
-203
-1695
-3990
-4056
-1531
952
1574
880
-81
-790
-726
260
1410
2150
2705
2712
1182
-923
-774
1847
3255
1507
-229
774
1796
-143
-1765
1499
6489
5586
-1577
-7092
-6249
-2714
-242
3023
7498
6494
-4799
-18539
-20994
-9615
4037
9259
6711
1541
-5822
-15478
-20561
-13547
1206
10219
7617
1113
-1299
-2189
-6558
-10259
-5583
5255
11835
10208
6828
6445
5094
-664
-5276
-1966
5924
9233
6241
3599
4327
3342
-2548
-7705
-5744
762
4590
4159
3115
2140
-1471
-6507
-7403
-2755
1725
1140
-2582
-5115
-5621
-5284
-3870
-1240
589
166
-673
531
3276
5455
6494
7006
6873
5860
5052
5738
7332
7805
6107
3407
1704
1463
1336
707
1153
3540
5228
3453
252
-464
244
-1658
-4777
-3402
2071
4145
-174
-5349
-7699
-10317
-13632
-11365
-1935
5596
3964
-2351
-6142
-7530
-8075
-4293
4600
10912
8815
3001
-170
-1931
-4393
-3701
1983
6311
4562
1297
994
64
-4247
-6490
-2594
2180
2518
1409
2045
750
-4693
-8796
-7459
-4543
-3485
-1682
1443
832
-4440
-7824
-6356
-4751
-4806
-2073
3309
4543
667
-1057
1373
1417
-2629
-3923
-18
3262
3709
5650
8649
6450
-483
-4062
-1920
621
2151
5822
8880
5235
-2021
-4179
-1771
-2141
-4520
-2188
2878
2816
-890
-281
3368
2073
-2924
-3107
1562
3596
2365
3292
5304
2938
-1728
-2214
476
1032
571
2784
4610
2046
-649
1606
4734
3412
1331
3164
4646
1164
-2402
-786
1556
-583
-3273
-2046
-938
-3792
-6088
-3966
-1719
-2640
-2566
602
1668
-1254
-2157
1192
2711
181
-416
2559
2478
-2266
-4170
-409
2305
797
316
2558
1873
-2762
-4503
-808
2776
3359
3907
4413
1260
-3730
-4569
-1574
-327
-1315
-808
87
-2267
-5360
-4401
-1735
-2533
-4874
-3714
-487
368
-200
646
1049
-867
-1708
826
2827
1502
192
952
647
-1132
76
3900
3925
-404
-2152
98
221
-2232
-647
4640
5525
1339
-143
1773
145
-3823
-1590
5251
6127
814
-726
1899
-520
-6773
-5741
2041
4225
-623
-1348
3250
2090
-5539
-6953
705
5335
1942
-384
2328
2396
-2387
-3635
1031
3334
227
-1529
357
206
-2640
-2165
1561
2176
-72
687
2845
-160
-5388
-3724
3361
5613
1659
-439
615
-1552
-5886
-3955
3706
6523
1310
-3304
-2375
-1085
-2582
-2144
2262
4826
2164
-819
-65
1080
-754
-2440
-471
2478
2425
757
805
1489
-159
-2645
-1855
1763
3386
1502
98
1570
2549
-23
-3215
-2979
-968
-954
-1425
1511
5646
4772
-943
-4383
-2304
731
1067
1133
2911
3303
208
-2630
-1511
1153
1276
-210
209
2362
3153
1926
996
1414
1556
210
-1415
-1687
-1094
-1316
-2436
-2897
-2524
-3183
-5083
-5170
-1863
1316
583
-2109
-2477
-904
-497
-442
2029
4672
2783
-2016
-3462
-969
-107
-2351
-3015
-676
58
-2405
-3253
-12
3008
2548
1544
2610
3090
976
-254
2343
5186
3327
-1949
-5502
-5679
-4658
-3346
-781
1809
1041
-3161
-5852
-3510
570
1064
-1127
-663
2881
4043
1037
-1188
-377
-1265
-5525
-6145
814
7120
4398
-2189
-3044
-78
-1070
-3921
-756
6145
7360
3232
2893
7086
6857
403
-3228
199
3980
3417
2746
4952
5564
1616
-2280
-1716
900
1770
1695
2877
4452
4290
2105
-824
-2883
-3019
-2060
-1844
-1905
-78
2499
1801
-1901
-3350
-1185
-304
-2202
-1352
4092
6887
2336
-3195
-2843
-214
-1310
-3023
486
5880
5533
263
-2821
-2415
-3413
-6610
-7005
-2755
1480
1495
-1502
-4238
-5686
-6577
-6981
-5856
-2554
1499
3287
1529
-1346
-2485
-2661
-4138
-5789
-4397
-289
2740
3207
3218
3493
1736
-2629
-6085
-5364
-1279
3248
6362
7270
5522
1882
-1612
-3387
-3126
-1062
1789
3152
1534
-1303
-2307
-1533
-1851
-4024
-5223
-3541
-816
921
2660
5236
5775
1637
-3694
-3752
1879
6725
6564
4258
3448
2883
712
-492
1865
4622
3270
-443
-1288
839
1414
-528
-1152
909
2214
721
-1017
-648
580
1134
1838
3041
2710
-150
-2957
-2920
-979
-61
-848
-1564
-1238
-854
-1091
-927
383
1424
585
-971
-941
-73
-1161
-3384
-2283
2673
5641
2940
-1067
-1318
-96
-1567
-3213
-596
3221
1993
-2567
-3541
-1120
-1957
-6468
-7326
-2222
1965
678
-1784
-1188
-574
-3507
-6895
-6130
-2515
-363
-288
-180
-247
-2436
-5924
-6954
-3634
1237
3100
756
-2421
-2766
-583
1355
2228
3149
3569
1815
-742
-617
1935
2862
1231
877
3314
4656
2392
-163
319
1782
1016
-978
-1791
-1989
-2755
-2464
364
3250
2671
-976
-4264
-5131
-4004
-1860
783
3531
5773
6442
4631
1395
-327
801
2674
3210
3368
4264
4180
1839
-327
-292
-747
-4309
-7293
-4389
2331
5524
2815
-1291
-3267
-4060
-4384
-2756
286
1274
-837
-2609
-1413
621
50
-3011
-5334
-4504
-1215
1585
1624
-167
-772
863
2684
3227
3751
4962
4839
2545
1269
3350
5411
3125
-1433
-2725
-579
144
-1702
-1930
668
1186
-3156
-7446
-6056
-816
2412
2042
701
-624
-2953
-4941
-3533
586
2693
425
-2927
-3082
-201
2014
1052
-2049
-4279
-3682
-1030
1306
2031
1743
1088
-222
-1823
-2183
-1052
-371
-992
-812
1436
2927
668
-3208
-4038
-1456
557
44
-776
-97
789
556
96
237
145
-432
42
2153
3759
2839
446
-863
-288
874
1147
66
-1569
-1937
181
3486
5118
4005
1859
517
28
-87
346
1209
1735
1928
2594
3283
2332
-167
-1713
-920
544
923
926
1690
2499
2383
1862
1259
-341
-2421
-2033
1802
5241
4497
1414
468
2049
2850
1684
520
330
361
1303
4526
7726
6171
-148
-4942
-3423
1797
4965
4196
1579
-894
-2357
-1858
603
2681
1975
-713
-2385
-1704
-114
542
-82
-1218
-1993
-1975
-1407
-858
-479
-103
-50
-769
-1555
-967
1064
2861
3168
2414
1517
908
1060
2190
2995
1695
-1038
-2290
-893
982
1119
-205
-2004
-4209
-6037
-5616
-3203
-1959
-3198
-3805
-1358
1203
-96
-3694
-4762
-2441
-36
939
1848
2318
19
-4040
-5118
-1653
1879
1500
-738
-789
1072
1630
276
-606
128
1157
1539
2010
2955
3133
1382
-1445
-3072
-2136
344
2005
1668
345
-595
-1227
-1905
-1523
788
2964
2019
-1042
-1629
2024
5983
5925
2599
-283
-1050
-252
1924
4986
6288
3514
-1265
-3303
-1208
1442
1051
-1780
-3814
-3104
-444
1832
1817
-392
-2728
-3225
-1897
-75
1253
1597
675
-687
-595
1252
2246
461
-1800
-920
2464
4157
2422
-210
-1344
-1270
-314
2493
6327
7522
4204
-401
-1785
486
3401
4700
4095
1873
-1005
-2208
-67
3753
5463
3195
-1175
-3960
-2651
2137
6640
6722
1986
-3382
-4791
-1594
3222
6326
6039
2748
-1078
-2457
-1093
28
-1264
-2997
-1843
1839
4094
2101
-3044
-7769
-8544
-3908
3561
7726
4069
-5010
-11870
-11072
-3913
3999
7627
5227
-1034
-6185
-6233
-2132
1098
-56
-4081
-6784
-5667
-1451
3060
4617
1554
-4283
-8236
-6662
-177
6872
9610
5791
-2474
-9547
-10304
-4604
2583
5680
2660
-4509
-11532
-13907
-10008
-3443
-446
-3435
-8453
-10122
-7444
-3392
-841
-1090
-4595
-10155
-14102
-13274
-8930
-5538
-5601
-7721
-9656
-10756
-10820
-9030
-5414
-1893
-481
-1189
-2390
-2552
-1159
1134
2753
2432
606
-915
-772
1038
3635
5578
5142
1975
-1503
-2035
803
4368
6461
7155
6814
4756
1238
-1238
-536
2328
4538
4722
3403
1331
-820
-1692
-211
2522
3787
2201
-683
-2101
-901
1551
2957
2411
1127
837
1844
3106
3789
3765
2925
1395
374
1147
2924
3411
2090
1084
1805
2725
2001
570
591
2117
3467
3978
4194
3944
2679
1459
2205
4611
5977
4727
2308
924
1046
1953
3110
3938
3479
1628
-90
-90
1420
2969
3621
3455
2871
2366
2580
3610
4436
3859
2031
452
423
1889
3692
4457
3374
772
-1883
-2925
-1729
875
3285
4192
3301
1383
-345
-1049
-550
884
2581
3440
2664
810
-509
-440
158
-56
-1243
-2481
-2876
-1978
240
2870
4043
2594
-344
-2378
-2390
-1138
471
2393
4481
5744
5306
3459
1274
-302
-770
-217
508
522
187
817
2464
2711
-1184
-8756
-15356
-15122
-5747
8515
18483
16429
2754
-13367
-20888
-15515
-2449
8482
10469
4073
-4487
-9212
-9262
-8521
-10374
-13337
-12296
-4087
8281
16901
14888
2330
-12628
-19111
-11601
5574
20979
23820
11204
-9600
-25380
-25683
-10593
8636
17610
9773
-8346
-21777
-18352
1507
23918
31359
16659
-10140
-28790
-24780
-1026
24482
32767
19023
-5822
-23291
-22402
-6701
10583
18100
14443
6677
2304
2829
4456
3848
2205
3387
8644
14191
14556
8212
-433
-4832
-2278
3621
6396
2981
-3184
-5447
-702
7047
10182
4838
-5038
-11069
-8126
959
8037
7090
-426
-7167
-6803
141
6804
6404
-1295
-9511
-10556
-3007
6824
10546
5216
-4194
-9411
-6113
2638
9524
9552
4172
-607
-98
4782
8758
7496
1777
-3275
-2981
2561
8474
9473
4647
-1788
-4530
-2062
2383
4401
2586
-748
-2352
-1134
1222
2197
889
-1202
-1760
-176
1666
1423
-907
-2691
-1531
1823
3905
2063
-2609
-6019
-4838
356
5500
6625
3285
-1229
-2946
-697
3106
4841
2946
-868
-3386
-2962
-926
22
-1282
-3429
-4370
-3880
-3515
-4269
-5091
-4190
-1430
1126
1091
-1992
-6034
-7795
-5327
141
4618
4422
-485
-6245
-8514
-6136
-1565
1849
2494
892
-1492
-3316
-3733
-2516
-230
1858
2379
756
-2189
-4577
-4804
-2886
-562
151
-1276
-3404
-4149
-2818
-966
-973
-3480
-6287
-6321
-2886
1358
2914
762
-2947
-5110
-4254
-1282
1634
2789
2088
719
-358
-1406
-2963
-4212
-3329
45
3457
3723
283
-4085
-5887
-3932
-94
2327
1271
-2121
-4186
-2292
1966
4048
1543
-2841
-4240
-1041
3595
5324
2762
-1760
-4463
-3067
1320
4738
3843
-431
-3416
-1734
2862
5611
4193
897
-472
1396
4602
6224
4800
1462
-830
61
3027
4573
2708
-703
-2237
-950
930
975
-878
-2704
-2501
277
3972
5406
2613
-2489
-5265
-3171
1406
3980
2787
-348
-3039
-4426
-4496
-3399
-2094
-2049
-3243
-3650
-1941
281
358
-1928
-4261
-4877
-4109
-2824
-1197
184
-321
-3391
-6903
-7703
-5228
-2124
-1103
-2165
-3209
-2546
-297
1980
2440
285
-3166
-4851
-2408
3159
7572
6807
1026
-5104
-6463
-2149
3871
6691
4780
469
-2954
-3828
-2458
-334
649
-569
-2910
-3872
-2391
-311
-17
-1282
-1897
-1056
-281
-698
-1261
-744
64
-287
-1358
-1452
-374
289
-268
-975
-808
-115
764
2553
5259
6596
4308
-187
-2386
466
6288
10352
9603
4521
-1873
-5766
-4392
1890
8936
11461
7478
270
-4296
-2635
3869
10356
12417
9115
3104
-1560
-1953
2041
7390
9576
6178
-368
-4482
-2931
1863
4773
3510
89
-2464
-2943
-1609
627
1846
24
-3977
-5963
-3185
1334
1768
-3381
-9530
-11707
-9578
-6024
-3325
-2542
-4476
-8472
-11304
-10089
-6244
-4126
-5499
-7732
-8120
-7514
-8212
-10221
-11578
-11222
-9636
-7494
-5619
-5645
-8461
-11911
-12245
-8532
-4050
-2575
-4626
-7972
-10205
-9802
-6368
-1551
1340
533
-1842
-2236
-94
1963
2128
1441
1591
2763
4480
6639
8416
7898
4670
1706
2595
7306
12379
14991
14958
13040
9748
6548
6025
9143
13471
15589
14535
11822
9032
6902
6023
6573
7430
7258
6634
7484
9908
11162
8878
4237
900
1395
5303
10029
12357
10244
4875
730
1852
7474
12482
12777
9325
6432
6957
9948
12237
11447
7827
4089
3366
6483
10932
12937
10790
6206
2668
2580
5603
9187
10740
9551
6639
3007
-978
-4196
-4278
-296
4543
4944
-1024
-9772
-15931
-17033
-14205
-10233
-8400
-11311
-18249
-24228
-24378
-19647
-16013
-17374
-21356
-23271
-22024
-20097
-19260
-19003
-18782
-19215
-20439
-21159
-20252
-18014
-15109
-11644
-8277
-6986
-9074
-12747
-14087
-10857
-4811
-151
143
-3193
-6412
-6345
-3637
-1927
-3374
-5919
-5936
-2783
660
1467
-894
-5130
-8950
-9276
-4250
3558
8113
6142
1159
-689
2352
7085
10791
13922
17136
19027
18537
17384
17964
20245
22603
24510
26341
27457
26832
25331
25052
26222
26787
25597
24122
24231
25796
27195
26776
23355
17216
11547
10662
14957
19410
19290
15825
13605
13749
13247
10693
8666
9554
12492
15859
19057
19621
12731
-1767
-14326
-13625
-42
13274
14095
2374
-12892
-23309
-25040
-18016
-6825
-482
-5396
-17543
-25723
-24015
-17718
-15455
-18834
-22620
-22536
-19315
-16086
-15240
-17812
-22777
-26158
-23488
-14935
-6456
-4136
-7983
-12378
-11994
-6346
781
5078
5116
3208
3035
5722
8449
7686
3624
350
1462
6220
10260
9396
2874
-5884
-11280
-9709
-3204
1514
-884
-8891
-15625
-15966
-11476
-7994
-9212
-13389
-15856
-13840
-8847
-5067
-5706
-10190
-14420
-14084
-8531
-1591
1871
673
-1563
-345
4746
9636
10506
8361
8136
13158
21072
25734
23159
15522
9328
9622
15634
21676
22143
16045
7474
2166
3108
8268
12216
10921
5805
2424
4158
8031
8452
4636
1735
3936
9113
12348
12509
12264
12895
13082
12953
15207
20535
25423
26974
26724
26376
22940
13547
3758
4187
16593
28686
26815
10799
-7372
-16675
-14726
-5290
5184
8630
-100
-16361
-27723
-26742
-19081
-15549
-18671
-21722
-19639
-15561
-15547
-20843
-27194
-29116
-23435
-11502
-64
2616
-5311
-15964
-18779
-10657
2161
11114
12250
7563
2495
2021
6381
10354
9125
5036
5350
12353
19144
17649
8210
-1650
-5838
-3813
1898
7562
8074
223
-11871
-18674
-15558
-8483
-6328
-9992
-12987
-11392
-8358
-8232
-10598
-12302
-12162
-10847
-8233
-4219
-1242
-2391
-6516
-8174
-4075
2370
5073
2829
590
3082
9289
14308
15134
12950
10539
9737
11479
15738
19964
19777
13867
7157
5946
9927
12285
8606
2380
-334
1394
3942
4813
3792
338
-5088
-7740
-2547
7372
11973
7109
857
2666
10738
16176
16253
16096
18741
21738
24023
27419
28952
21092
5427
-2431
8956
28703
32767
18654
-3359
-15229
-14305
-5594
7079
16831
11980
-9660
-30872
-32079
-16193
-4723
-9411
-20219
-24081
-22635
-23956
-27202
-26325
-22623
-21935
-22373
-16736
-7017
-4653
-12962
-19646
-12943
2376
12427
12148
7866
5573
5453
7162
11977
17911
19441
15202
10916
11480
14237
13699
9646
6471
6532
7996
8084
5202
-1064
-8640
-12490
-9225
-2397
105
-5239
-14083
-19775
-19538
-14559
-7604
-2622
-3542
-10136
-16464
-16480
-10659
-4754
-2614
-2842
-2486
-1185
-524
-1106
-1738
-772
2550
7529
12147
14097
12317
7832
3604
3221
8087
14814
17067
12114
4482
702
1437
2162
935
718
2903
3731
331
-4014
-4921
-3643
-3492
-2588
2807
9193
8488
1123
-1894
6045
17362
21228
18238
16890
19990
23336
25297
27842
28407
21379
10324
8234
19494
30159
24683
6538
-6950
-6486
2114
10034
13404
9010
-5536
-22733
-27002
-13538
1950
1103
-14503
-27695
-28770
-23663
-20375
-18963
-17724
-18923
-22693
-23073
-17160
-12221
-15676
-22012
-18833
-4815
7236
6728
-2560
-9314
-7501
1123
11848
19245
18291
9141
-201
-727
7702
16354
17406
11105
3549
281
2352
6190
6793
2755
-1920
-2811
-993
-1158
-4551
-7619
-7945
-7135
-6606
-5186
-3385
-5161
-11231
-14839
-10024
-1413
961
-4497
-9566
-8987
-6694
-6747
-6015
-1296
2710
101
-5574
-5677
322
4562
3694
3238
6744
9142
5848
1462
2649
7239
8051
4577
2688
3857
3131
-1125
-3488
-548
3137
2499
-293
-687
376
-333
-891
2851
8736
10261
6974
5596
9474
14056
15386
16161
19234
21468
19829
18206
20982
23888
19875
11964
10560
17469
22282
17567
8685
3794
2617
1996
4646
12348
15971
4965
-14413
-23044
-13568
201
2811
-4770
-13286
-20595
-28037
-29567
-19012
-5296
-5374
-20272
-31764
-27444
-16376
-12463
-14122
-11887
-7175
-8702
-14400
-12690
-2276
4210
445
-3471
1501
7957
5142
-1854
128
10305
14610
7883
989
2614
7083
6680
4718
7063
9360
4289
-3687
-3356
5014
8688
1363
-7928
-8990
-4155
-1716
-3164
-4641
-5890
-9184
-12081
-9768
-4223
-3191
-8779
-13863
-12307
-7020
-4550
-6368
-9336
-11149
-11133
-8433
-3812
-1377
-4095
-8626
-8824
-3896
988
2060
697
-638
-1698
-2237
-674
2599
4020
1918
-190
1316
4301
4150
1241
514
3880
7579
8010
6310
5518
6392
8121
10623
13643
15304
14196
12146
12631
16515
20841
22064
19668
16552
15954
17768
18434
15676
12383
13176
17246
18365
13234
6071
2624
3483
6354
10480
13706
9579
-4485
-18088
-16697
-1233
10337
4853
-10881
-21980
-23982
-21444
-15900
-7288
-3179
-12337
-28269
-32753
-20178
-6334
-6230
-14294
-16390
-11877
-10334
-12296
-8975
-202
2950
-3140
-7328
-1559
6149
5702
1647
4109
10337
9239
1109
-1561
6128
13950
12631
6231
2793
2264
1157
1379
5399
7993
2467
-7513
-11409
-6380
-364
-448
-5441
-10845
-14174
-13796
-9109
-4230
-5465
-12351
-16766
-13887
-8397
-6497
-7663
-8731
-10170
-12466
-11698
-5933
-1558
-4888
-10741
-8903
-262
3975
-412
-4966
-2916
1345
2177
2320
5350
6808
2128
-2781
577
8625
10050
3369
-971
2979
8785
9296
6720
6117
6886
6823
8227
13031
16728
14456
9824
10344
16138
20366
19772
17814
17510
17931
18386
19590
19643
15571
10427
11572
18823
21770
13853
2537
-845
4201
9900
12202
11353
4967
-7903
-17532
-11599
5110
11788
-1898
-21542
-27898
-20742
-12825
-9416
-7706
-10211
-21721
-32768
-30812
-12678
-326
-6871
-19955
-21685
-13797
-9462
-9833
-5725
2133
2768
-4667
-7227
725
7979
5377
731
4508
11527
10052
2015
-95
6501
11581
9095
4849
4226
3695
-235
-3073
-372
3233
738
-6006
-9316
-7252
-5076
-6318
-8907
-10363
-11117
-11621
-10801
-8979
-8642
-10586
-12260
-11524
-9550
-8444
-8293
-8225
-8307
-8567
-7848
-5589
-3448
-3121
-3551
-2415
190
1752
1083
-25
521
2449
4097
4797
4960
4528
2993
1109
1091
4013
7721
8657
5922
2465
1751
4156
7456
9931
11370
11433
9427
6755
7320
13021
19801
21278
16681
12215
13237
17989
21329
21756
20914
18438
13029
8288
10628
18913
22597
15052
3638
162
5217
9731
9397
7926
6324
112
-9418
-12054
-3772
3885
-1194
-13914
-19892
-16458
-13497
-15516
-16566
-14417
-15971
-23250
-26318
-18508
-8886
-9364
-16724
-18742
-13145
-8267
-7368
-5114
-146
1096
-3444
-6038
-1219
5373
6343
3599
3185
4847
4423
2629
3550
6536
6992
4325
2404
2354
1346
-1075
-1690
111
506
-2325
-5190
-5658
-5883
-7715
-8732
-6974
-5539
-7796
-11183
-11026
-8252
-7638
-9609
-9847
-7240
-6023
-8289
-10123
-8228
-5484
-5723
-6934
-4915
-1056
-517
-3576
-4863
-1865
1525
1816
1074
2150
3265
1675
-501
831
4754
6323
4018
1524
1724
3274
4200
4911
5967
6225
5291
5139
7157
9713
10588
9984
9516
10084
12026
15158
17424
16286
13093
12853
17309
21619
20937
16896
13917
12732
12219
13911
18307
19684
12602
2357
241
7764
14318
12382
6120
1597
-2048
-6031
-5652
955
5019
-1878
-13795
-17994
-13294
-9797
-11987
-14208
-13713
-15676
-21363
-22850
-15937
-8801
-9958
-15319
-15868
-11881
-9766
-9445
-5729
-120
-68
-5905
-8727
-3843
2535
3729
1800
1454
1674
-259
-1634
1558
6484
6633
1787
-1823
-1081
614
320
-133
892
826
-2598
-6569
-6967
-4459
-2959
-3735
-4977
-6141
-8364
-10606
-9743
-5785
-3240
-5274
-9405
-11285
-10194
-8213
-6312
-4567
-4478
-7091
-9646
-8173
-3462
-483
-1368
-2977
-2530
-1383
-1123
-128
2745
4622
2833
-14
344
3122
4210
3241
3523
5308
4950
1838
575
3848
7909
8366
6504
6074
7064
7107
6835
8977
12887
14606
12777
10724
11587
14413
16568
17524
18258
18457
16714
13459
11809
14251
18915
20659
16736
10330
6983
8322
11383
13259
13202
10313
3804
-2883
-3251
3356
8204
3488
-6937
-12843
-11240
-8088
-7839
-9066
-10931
-15603
-21484
-21824
-14905
-9103
-11851
-18713
-20216
-15482
-11395
-10811
-10074
-7770
-7442
-9907
-10281
-5907
-1256
-1015
-3150
-3163
-1357
-923
-1533
-137
3007
4104
1814
-598
-104
2222
3481
2712
978
-577
-1302
-825
307
409
-1656
-4746
-6338
-5325
-3305
-2909
-5087
-8208
-9690
-8486
-6102
-5219
-7106
-10238
-11616
-9796
-6488
-4813
-5978
-8173
-8778
-7014
-4136
-1885
-1338
-2494
-3950
-3583
-818
2057
2275
185
-1102
92
2007
2383
1565
1272
1768
2107
2233
2798
3409
3126
2596
3622
6263
8221
7856
6387
6254
8319
11355
13584
14122
13482
13051
13828
15709
18038
20013
20255
17717
14203
13953
18374
22880
22041
16632
12100
11168
12161
13712
15728
15544
9528
500
-2788
2723
8704
6094
-3124
-10126
-11299
-9809
-8184
-6674
-7679
-13970
-21707
-22526
-15059
-8323
-10151
-17230
-20780
-18091
-13452
-10446
-8939
-8738
-10626
-12897
-11544
-6050
-1488
-2175
-5781
-6762
-3898
-867
-140
-209
563
1033
77
-603
912
3188
3309
1246
-418
-562
-457
-761
-571
-115
-1418
-4803
-7226
-6169
-3452
-2867
-5192
-7878
-8864
-8257
-6749
-5028
-4716
-7014
-9854
-9329
-5133
-1780
-2661
-5550
-6254
-4238
-1823
-97
1013
486
-1995
-3369
-708
3380
3557
-251
-2653
-1039
1199
996
-89
-100
-253
-1360
-1099
1625
3533
2054
128
1713
5335
6708
5650
5637
7696
9407
9677
10254
12050
13567
13869
14201
15504
16650
16584
16446
17815
19731
19505
16704
14579
16062
19383
19873
16085
11526
9697
10248
11267
11977
11052
6109
-1506
-5148
-1091
4475
2562
-6366
-13569
-14260
-11758
-9892
-8885
-9782
-14962
-21592
-22003
-14640
-8189
-10055
-16381
-18785
-15951
-12386
-9864
-7151
-5632
-7854
-11305
-10366
-4801
-451
-671
-2529
-2816
-2479
-2748
-1752
1647
4312
2917
-859
-2693
-1390
905
2556
3109
1521
-2486
-5883
-4951
-669
1791
-519
-5244
-8488
-8786
-6744
-3779
-2344
-4602
-9245
-11834
-9842
-5650
-3340
-4215
-6609
-8326
-7989
-5483
-2392
-949
-1707
-3110
-3554
-2676
-765
1398
2256
988
-768
-701
903
1849
1587
1408
1424
495
-752
-165
2083
3136
1841
520
1277
3209
4546
5147
5592
5835
6019
7009
9091
11269
12415
12308
11667
11925
14149
17193
18300
16828
15531
16459
17956
17986
17646
18278
17987
15123
12594
13806
16354
15202
10766
8010
8232
7962
6025
5147
5484
3169
-2407
-5931
-4228
-1726
-3798
-8998
-12448
-13356
-14088
-14592
-13401
-12607
-15796
-21112
-22188
-17315
-12459
-12855
-16246
-17571
-16160
-14244
-11801
-8036
-5621
-7591
-11010
-9720
-3611
718
-307
-2676
-2094
-95
404
562
2279
3525
1833
-553
33
2400
2460
10
-1291
-155
691
-626
-2510
-2992
-2444
-2194
-2567
-3236
-4038
-4786
-5154
-5080
-4822
-4791
-5465
-6777
-7505
-6535
-4928
-5023
-6977
-8164
-6925
-4897
-4309
-4860
-4969
-4486
-4171
-3707
-2342
-834
-730
-1826
-2120
-611
1268
1636
625
-45
544
1594
2135
2367
2845
3244
3079
3058
4302
6410
7783
7914
7969
8911
10445
12041
13635
14967
15529
15549
15980
17245
18849
20112
20480
19605
18184
17957
19516
20941
20176
17818
15883
14908
14241
13991
14270
13586
10620
6918
5191
5471
5438
3981
1964
-37
-2255
-4274
-5326
-5841
-6902
-8574
-10310
-12139
-13973
-14868
-14613
-14686
-16019
-17399
-17662
-17587
-17834
-17268
-15456
-14450
-15528
-16422
-14674
-11695
-10422
-10714
-10333
-8961
-7985
-7366
-6001
-4462
-4334
-5160
-4792
-2763
-1000
-990
-2047
-2593
-1897
-384
888
1096
446
-92
38
648
1485
2291
2353
1270
102
299
1476
1790
658
-576
-886
-858
-1285
-1955
-2449
-2960
-3740
-4558
-5144
-5564
-6002
-6568
-7236
-7682
-7622
-7469
-7904
-8535
-8170
-6841
-6104
-6570
-6744
-5430
-3716
-3105
-3089
-2333
-1088
-461
-90
1335
3501
4542
3993
3845
5800
8826
10658
10894
11170
12502
14058
15048
16141
17877
19056
18532
17615
18455
20475
20961
19237
17717
18140
19230
19084
17787
16426
15293
14337
13978
14232
13980
12124
9044
6448
6007
7595
8566
6092
1054
-2213
-1408
743
767
-1105
-3267
-6127
-9508
-10086
-6439
-3711
-7390
-14490
-17334
-14658
-12186
-13010
-14675
-15856
-18327
-21075
-19893
-15124
-13055
-16588
-20538
-19627
-15730
-13451
-13245
-13092
-13013
-13582
-12980
-9745
-6307
-5921
-7602
-7611
-4950
-2130
-956
-519
452
1681
2520
3317
4525
5588
5859
6034
7181
8487
7799
5154
3757
5703
8414
7845
4108
914
163
501
852
1420
918
-2800
-8028
-9545
-5947
-2698
-4898
-10351
-13287
-12188
-10041
-8870
-8328
-8625
-10494
-12181
-10468
-5673
-2317
-3234
-5621
-5012
-1207
2205
3120
2957
3617
5027
6477
8177
10107
11038
10444
10103
11853
14587
15592
14444
13421
14055
15341
15730
15133
14319
13740
13582
13866
13972
13036
11286
10163
10570
11613
11577
9926
7998
7504
8470
9186
8416
6859
5820
5559
5913
6960
7610
5652
1626
194
3933
8043
6211
15
-3415
-1992
-153
-235
-252
-910
-5928
-12939
-13447
-6216
-1827
-7811
-17293
-19766
-15992
-13622
-14148
-14046
-14435
-18880
-23789
-21690
-13951
-10363
-14724
-19700
-18558
-13973
-11455
-10899
-9498
-7874
-7995
-8276
-5852
-1880
-74
-873
-1017
1160
3555
4079
3676
4236
5595
6331
6159
5855
5614
5137
4816
5136
5208
3675
1128
-235
277
795
-417
-2826
-4926
-6106
-6366
-5729
-5045
-5956
-8682
-10911
-10311
-7515
-5400
-5805
-7832
-9117
-8090
-5218
-2423
-1246
-1562
-2112
-1744
135
3297
6139
6632
5034
4409
6827
10332
11647
10656
9831
10254
10981
11659
12764
13476
12319
10150
9657
11348
12668
11772
9816
8681
8577
8828
9151
9205
8378
6942
6158
6572
7272
7295
6713
6020
5520
5543
6187
6704
6253
5311
5157
5870
6198
5591
4942
4864
4713
4009
3419
3367
2950
1535
231
152
175
-1486
-3992
-4738
-3586
-3488
-5952
-8696
-9372
-8971
-9300
-9693
-9228
-9782
-12935
-15682
-13932
-9451
-8193
-11627
-14868
-14301
-11882
-10278
-8905
-7365
-7880
-10815
-11939
-8246
-3259
-2290
-4964
-6705
-5644
-3704
-2229
-865
-173
-1305
-3069
-2783
-377
1253
435
-1341
-2151
-1937
-1435
-878
-658
-1553
-3300
-4261
-3504
-2228
-2159
-3278
-4174
-4150
-3799
-3625
-3285
-2623
-2367
-2919
-3280
-2366
-874
-357
-702
-324
1051
1846
1488
1622
3309
5022
5107
4476
4896
6050
6566
6733
7700
8814
8460
7195
7305
9095
10253
9476
8279
8275
8857
8842
8515
8496
8150
6879
5818
6298
7370
6912
4865
3392
3691
4543
4550
3979
3563
3047
2193
1899
2827
3831
3371
1902
1244
1918
2676
2617
2180
1890
1569
1186
1232
1719
1849
1161
233
-194
-110
54
-40
-580
-1488
-2247
-2394
-2221
-2386
-2968
-3511
-3862
-4216
-4497
-4491
-4442
-4737
-5164
-5242
-5114
-5286
-5660
-5665
-5226
-4860
-4876
-5148
-5476
-5579
-5062
-4041
-3421
-3827
-4639
-4787
-4137
-3348
-2871
-2820
-3346
-4220
-4557
-3883
-3075
-3298
-4374
-5163
-5206
-5017
-4996
-5100
-5393
-5964
-6347
-5987
-5244
-5060
-5581
-5934
-5496
-4600
-3825
-3325
-3075
-3072
-2983
-2197
-691
646
1026
785
916
1827
3057
4071
4750
5089
5074
5039
5572
6668
7476
7386
6918
6951
7433
7648
7469
7417
7572
7413
6873
6554
6626
6481
5870
5430
5506
5412
4601
3741
3703
4108
3945
3174
2633
2613
2626
2482
2514
2669
2405
1759
1553
2108
2635
2407
1792
1543
1661
1701
1648
1731
1728
1267
642
491
760
772
326
-78
-202
-433
-933
-1212
-1016
-925
-1473
-2217
-2383
-2079
-2069
-2550
-2958
-2976
-2961
-3172
-3320
-3205
-3197
-3593
-3958
-3716
-3129
-3015
-3559
-4041
-3843
-3241
-2918
-3082
-3388
-3495
-3369
-3139
-2942
-2906
-3083
-3326
-3395
-3218
-2998
-3013
-3326
-3677
-3702
-3339
-2991
-3110
-3613
-3885
-3509
-2825
-2504
-2701
-2916
-2706
-2189
-1702
-1293
-865
-563
-548
-490
155
1272
1992
1823
1432
1797
2865
3692
3797
3663
3801
4061
4207
4503
5121
5505
5075
4296
4238
5050
5685
5332
4431
3921
4023
4256
4232
3953
3508
2985
2587
2489
2562
2475
2083
1553
1172
1109
1262
1278
906
410
319
641
746
311
-115
57
473
379
-171
-429
-177
4
-213
-440
-419
-509
-901
-1089
-731
-397
-754
-1452
-1620
-1161
-791
-915
-1226
-1393
-1431
-1339
-1021
-714
-852
-1337
-1515
-1126
-681
-665
-910
-1087
-1241
-1411
-1284
-781
-535
-1101
-1994
-2222
-1654
-1137
-1285
-1834
-2311
-2643
-2834
-2674
-2223
-2115
-2810
-3806
-4136
-3602
-3011
-3119
-3784
-4317
-4355
-4087
-3839
-3744
-3793
-3914
-3935
-3688
-3241
-2893
-2802
-2747
-2411
-1815
-1276
-982
-796
-481
38
666
1231
1585
1772
2064
2652
3313
3661
3719
3921
4446
4955
5148
5200
5372
5557
5586
5665
6001
6271
6021
5464
5257
5518
5697
5454
5056
4743
4356
3863
3627
3759
3732
3138
2362
1987
1940
1787
1509
1342
1146
656
164
164
413
203
-431
-688
-335
-155
-666
-1267
-1262
-947
-973
-1231
-1260
-1236
-1623
-2115
-1952
-1258
-1029
-1638
-2267
-2171
-1677
-1467
-1557
-1572
-1515
-1614
-1744
-1609
-1289
-1126
-1179
-1253
-1287
-1343
-1321
-1120
-936
-1011
-1219
-1288
-1267
-1350
-1399
-1197
-1018
-1318
-1886
-2017
-1605
-1358
-1683
-2111
-2169
-2143
-2422
-2703
-2549
-2281
-2542
-3213
-3565
-3387
-3188
-3289
-3442
-3488
-3684
-4068
-4173
-3743
-3256
-3273
-3646
-3821
-3613
-3242
-2851
-2460
-2233
-2288
-2331
-1932
-1173
-587
-409
-301
64
583
1043
1489
2006
2444
2674
2910
3423
4081
4492
4572
4643
4957
5384
5690
5826
5851
5787
5679
5666
5798
5898
5749
5359
4943
4678
4589
4569
4423
3999
3404
2978
2896
2907
2665
2217
1870
1696
1499
1241
1108
1082
881
477
246
358
422
96
-321
-362
-162
-211
-545
-758
-732
-754
-907
-940
-835
-924
-1244
-1378
-1150
-959
-1114
-1345
-1337
-1255
-1323
-1355
-1171
-1068
-1316
-1573
-1407
-1076
-1114
-1403
-1412
-1155
-1139
-1403
-1445
-1158
-1038
-1289
-1466
-1304
-1183
-1388
-1590
-1475
-1340
-1550
-1884
-1973
-1927
-2051
-2268
-2364
-2464
-2768
-3070
-3090
-3025
-3234
-3585
-3701
-3639
-3739
-3941
-3906
-3715
-3788
-4073
-4029
-3548
-3200
-3334
-3525
-3290
-2786
-2429
-2230
-1970
-1699
-1575
-1416
-900
-149
329
325
231
542
1272
1984
2300
2271
2262
2533
3010
3447
3718
3817
3759
3652
3750
4152
4514
4409
3962
3739
3959
4222
4157
3904
3743
3637
3477
3404
3531
3602
3356
2997
2912
3066
3110
2968
2864
2851
2754
2574
2530
2632
2615
2393
2208
2191
2156
1953
1736
1659
1606
1410
1139
938
773
543
308
162
25
-254
-630
-908
-1022
-1112
-1314
-1614
-1898
-2087
-2173
-2225
-2333
-2520
-2706
-2782
-2724
-2625
-2617
-2727
-2828
-2750
-2501
-2279
-2238
-2308
-2315
-2188
-1981
-1760
-1619
-1656
-1825
-1885
-1695
-1461
-1473
-1693
-1855
-1883
-1924
-2014
-2040
-2044
-2214
-2508
-2635
-2525
-2469
-2642
-2827
-2806
-2705
-2706
-2717
-2599
-2479
-2493
-2478
-2215
-1848
-1687
-1718
-1650
-1357
-997
-706
-474
-302
-208
-77
233
650
946
1053
1114
1252
1471
1736
1994
2139
2154
2196
2375
2558
2588
2578
2707
2879
2877
2759
2763
2881
2915
2872
2933
3034
2932
2700
2699
2974
3121
2930
2692
2689
2783
2770
2744
2802
2759
2484
2239
2303
2497
2452
2160
1892
1756
1660
1604
1629
1580
1274
861
670
750
826
707
450
161
-87
-182
-83
1
-183
-551
-775
-748
-680
-734
-850
-960
-1091
-1197
-1170
-1079
-1132
-1328
-1414
-1287
-1172
-1255
-1416
-1469
-1436
-1421
-1413
-1404
-1496
-1717
-1883
-1857
-1788
-1890
-2128
-2330
-2469
-2615
-2735
-2779
-2857
-3089
-3349
-3427
-3369
-3404
-3561
-3649
-3607
-3564
-3546
-3440
-3280
-3254
-3324
-3183
-2747
-2364
-2314
-2393
-2246
-1871
-1495
-1179
-873
-681
-693
-652
-222
447
836
790
708
935
1342
1677
1951
2217
2340
2267
2279
2626
3091
3272
3157
3078
3186
3333
3430
3561
3700
3663
3446
3328
3479
3697
3707
3515
3319
3220
3190
3211
3245
3173
2928
2630
2474
2474
2468
2325
2058
1758
1508
1360
1290
1188
971
681
421
230
89
-16
-101
-237
-459
-682
-784
-778
-797
-906
-1029
-1098
-1121
-1125
-1105
-1090
-1134
-1207
-1188
-1040
-906
-929
-1046
-1075
-939
-727
-567
-529
-613
-726
-704
-495
-255
-205
-360
-537
-592
-540
-462
-427
-520
-779
-1077
-1216
-1189
-1214
-1428
-1724
-1955
-2136
-2320
-2457
-2519
-2639
-2912
-3190
-3262
-3190
-3212
-3382
-3514
-3504
-3448
-3428
-3389
-3303
-3248
-3242
-3159
-2932
-2693
-2588
-2555
-2419
-2141
-1843
-1636
-1496
-1328
-1077
-771
-487
-259
-45
198
466
737
1027
1314
1520
1654
1870
2251
2625
2786
2816
2967
3278
3556
3726
3902
4101
4181
4168
4294
4610
4839
4793
4666
4693
4799
4808
4765
4771
4711
4457
4177
4096
4104
3914
3511
3146
2914
2678
2381
2100
1811
1403
939
628
473
241
-169
-582
-848
-1046
-1269
-1475
-1630
-1815
-2051
-2217
-2250
-2266
-2364
-2466
-2472
-2429
-2417
-2399
-2310
-2191
-2111
-2054
-1962
-1842
-1720
-1583
-1427
-1302
-1236
-1179
-1081
-965
-870
-809
-796
-842
-900
-903
-869
-892
-1001
-1136
-1265
-1413
-1550
-1613
-1649
-1792
-2050
-2257
-2321
-2334
-2409
-2525
-2625
-2740
-2860
-2874
-2743
-2630
-2686
-2816
-2805
-2626
-2442
-2350
-2290
-2198
-2089
-1969
-1788
-1546
-1343
-1248
-1175
-993
-715
-485
-378
-293
-113
128
317
446
599
778
903
986
1154
1421
1625
1675
1715
1899
2158
2337
2460
2634
2821
2926
3018
3242
3542
3722
3768
3850
4038
4213
4317
4415
4529
4572
4542
4547
4609
4610
4506
4394
4319
4194
3982
3781
3635
3451
3171
2872
2606
2313
1978
1692
1472
1187
780
382
115
-92
-350
-648
-932
-1220
-1511
-1714
-1800
-1895
-2104
-2347
-2490
-2528
-2544
-2566
-2589
-2648
-2741
-2764
-2654
-2507
-2466
-2517
-2541
-2481
-2371
-2252
-2159
-2142
-2206
-2252
-2178
-2028
-1941
-1992
-2122
-2210
-2185
-2077
-1998
-2043
-2191
-2321
-2347
-2285
-2202
-2174
-2255
-2407
-2485
-2381
-2187
-2102
-2172
-2252
-2226
-2126
-2006
-1863
-1729
-1688
-1712
-1647
-1426
-1190
-1079
-1044
-959
-807
-654
-511
-353
-209
-113
-22
129
311
445
527
622
765
930
1083
1207
1297
1381
1514
1700
1874
1986
2075
2196
2351
2513
2675
2825
2931
3005
3122
3307
3484
3577
3614
3673
3768
3870
3956
4014
4015
3968
3934
3951
3965
3911
3804
3687
3568
3440
3313
3188
3020
2799
2582
2408
2233
2001
1744
1520
1318
1098
862
639
417
178
-47
-225
-388
-586
-803
-989
-1133
-1276
-1435
-1596
-1754
-1903
-2021
-2110
-2211
-2355
-2507
-2617
-2695
-2779
-2882
-2994
-3109
-3218
-3290
-3328
-3383
-3494
-3616
-3680
-3677
-3656
-3662
-3704
-3760
-3780
-3730
-3624
-3526
-3474
-3445
-3387
-3266
-3082
-2870
-2696
-2593
-2496
-2321
-2076
-1844
-1660
-1488
-1306
-1132
-950
-728
-506
-360
-272
-138
59
224
306
373
475
568
624
695
793
844
829
843
930
1003
987
963
1018
1113
1161
1186
1238
1292
1318
1385
1546
1709
1763
1759
1842
2027
2212
2345
2451
2538
2597
2689
2875
3083
3180
3164
3167
3266
3403
3493
3510
3460
3365
3303
3342
3423
3403
3231
3009
2862
2810
2781
2700
2526
2274
2032
1891
1838
1764
1572
1288
1023
864
804
748
603
365
119
-52
-137
-195
-293
-472
-711
-919
-1015
-1035
-1103
-1278
-1493
-1659
-1773
-1877
-1982
-2099
-2257
-2452
-2608
-2682
-2749
-2883
-3055
-3183
-3258
-3333
-3422
-3497
-3559
-3625
-3673
-3673
-3651
-3655
-3671
-3647
-3571
-3487
-3416
-3339
-3242
-3122
-2971
-2795
-2632
-2505
-2382
-2214
-2005
-1796
-1607
-1440
-1287
-1130
-938
-722
-541
-418
-306
-156
15
169
308
434
530
605
713
862
969
994
1012
1106
1247
1356
1426
1491
1537
1551
1602
1741
1891
1944
1926
1959
2072
2187
2263
2329
2392
2419
2441
2524
2655
2734
2726
2702
2728
2781
2821
2843
2847
2817
2764
2736
2737
2721
2658
2572
2485
2397
2313
2248
2181
2068
1917
1780
1666
1545
1411
1294
1183
1029
831
659
543
437
292
126
-35
-202
-373
-509
-596
-698
-871
-1082
-1244
-1333
-1393
-1483
-1616
-1774
-1927
-2029
-2066
-2071
-2116
-2229
-2369
-2450
-2437
-2378
-2362
-2418
-2498
-2532
-2494
-2410
-2328
-2293
-2318
-2353
-2321
-2203
-2073
-2013
-2018
-2017
-1964
-1871
-1770
-1699
-1681
-1699
-1688
-1609
-1502
-1443
-1449
-1469
-1458
-1409
-1334
-1267
-1244
-1264
-1262
-1185
-1064
-974
-934
-902
-843
-751
-626
-477
-343
-248
-150
16
239
444
595
730
889
1078
1287
1512
1721
1875
1995
2146
2346
2541
2681
2780
2875
2976
3080
3182
3265
3288
3251
3209
3209
3228
3212
3143
3049
2949
2851
2762
2683
2588
2450
2281
2125
2007
1909
1791
1642
1482
1330
1194
1077
979
880
756
602
455
355
289
207
87
-52
-186
-312
-424
-508
-587
-710
-878
-1028
-1115
-1174
-1263
-1396
-1543
-1685
-1807
-1887
-1931
-1994
-2118
-2256
-2327
-2325
-2310
-2331
-2380
-2432
-2460
-2431
-2339
-2243
-2211
-2226
-2201
-2088
-1933
-1802
-1724
-1685
-1645
-1551
-1382
-1198
-1093
-1083
-1092
-1035
-913
-779
-692
-683
-728
-759
-715
-625
-585
-634
-720
-765
-745
-691
-649
-670
-761
-853
-852
-754
-655
-635
-664
-667
-607
-494
-355
-233
-168
-133
-34
173
414
587
683
782
932
1132
1360
1584
1748
1837
1923
2093
2326
2516
2613
2667
2739
2834
2939
3048
3127
3124
3062
3037
3095
3162
3147
3057
2952
2855
2760
2691
2649
2581
2430
2232
2072
1964
1850
1700
1540
1377
1187
974
792
652
503
304
90
-98
-273
-456
-634
-793
-962
-1166
-1369
-1521
-1636
-1766
-1924
-2081
-2218
-2339
-2436
-2497
-2550
-2637
-2745
-2815
-2821
-2797
-2789
-2804
-2823
-2830
-2800
-2716
-2604
-2519
-2482
-2454
-2383
-2259
-2114
-1986
-1890
-1820
-1744
-1625
-1469
-1315
-1203
-1129
-1060
-968
-846
-708
-587
-506
-454
-397
-314
-214
-121
-40
22
66
98
141
203
273
334
390
439
472
494
530
597
670
717
736
757
794
852
923
993
1036
1041
1055
1120
1228
1321
1361
1366
1372
1409
1487
1591
1670
1685
1656
1659
1733
1838
1909
1921
1893
1868
1882
1949
2030
2052
1992
1906
1872
1905
1953
1961
1908
1810
1711
1658
1652
1642
1571
1444
1319
1230
1170
1105
1011
876
713
560
447
360
251
100
-68
-227
-369
-497
-616
-743
-897
-1067
-1220
-1341
-1454
-1580
-1715
-1843
-1965
-2079
-2168
-2227
-2283
-2359
-2445
-2513
-2560
-2593
-2607
-2603
-2599
-2616
-2634
-2613
-2548
-2472
-2408
-2359
-2314
-2264
-2187
-2066
-1926
-1812
-1737
-1669
-1570
-1444
-1308
-1179
-1064
-972
-893
-796
-669
-537
-427
-338
-251
-163
-81
-2
83
163
225
275
334
407
478
539
598
658
711
760
818
890
957
1005
1043
1091
1158
1237
1321
1397
1448
1479
1520
1594
1698
1800
1867
1897
1909
1940
2006
2092
2154
2171
2160
2160
2194
2242
2267
2244
2182
2123
2104
2122
2130
2086
1992
1894
1833
1802
1764
1687
1567
1433
1330
1270
1223
1141
1008
859
740
664
604
513
372
195
32
-83
-161
-251
-390
-568
-740
-872
-971
-1074
-1216
-1400
-1584
-1726
-1822
-1914
-2045
-2213
-2376
-2497
-2574
-2640
-2728
-2846
-2962
-3039
-3061
-3057
-3064
-3093
-3116
-3097
-3038
-2964
-2907
-2870
-2827
-2747
-2616
-2456
-2300
-2169
-2054
-1923
-1755
-1561
-1375
-1215
-1076
-933
-770
-593
-426
-284
-162
-38
100
249
383
490
574
657
756
859
939
983
1010
1051
1116
1185
1228
1241
1244
1266
1320
1388
1437
1447
1429
1426
1461
1518
1561
1569
1557
1557
1593
1651
1706
1730
1727
1721
1744
1799
1859
1887
1874
1847
1839
1868
1917
1951
1951
1927
1911
1919
1945
1961
1949
1910
1870
1852
1855
1855
1828
1775
1716
1671
1638
1600
1546
1476
1398
1317
1234
1148
1053
952
844
728
601
462
316
175
35
-112
-273
-450
-632
-804
-961
-1117
-1288
-1475
-1663
-1830
-1979
-2121
-2267
-2426
-2591
-2746
-2867
-2950
-3023
-3114
-3225
-3324
-3379
-3392
-3387
-3391
-3415
-3450
-3465
-3426
-3334
-3235
-3170
-3132
-3073
-2967
-2824
-2673
-2534
-2414
-2301
-2172
-2007
-1819
-1635
-1470
-1311
-1139
-952
-764
-581
-407
-242
-78
96
283
470
642
790
926
1060
1200
1348
1494
1623
1723
1805
1887
1978
2068
2148
2211
2255
2282
2302
2332
2370
2403
2413
2396
2363
2331
2312
2310
2307
2282
2227
2160
2113
2097
2093
2070
2011
1932
1868
1835
1823
1803
1760
1700
1641
1596
1571
1550
1511
1447
1380
1334
1310
1281
1231
1162
1086
1011
944
892
845
778
680
574
489
423
353
264
165
63
-39
-134
-220
-307
-411
-529
-637
-722
-802
-895
-1000
-1100
-1191
-1280
-1370
-1456
-1543
-1631
-1717
-1797
-1875
-1959
-2044
-2121
-2192
-2269
-2352
-2429
-2492
-2545
-2600
-2661
-2724
-2787
-2845
-2884
-2905
-2922
-2947
-2976
-2993
-2991
-2974
-2946
-2904
-2851
-2798
-2742
-2670
-2571
-2456
-2341
-2224
-2089
-1925
-1743
-1558
-1376
-1194
-1007
-808
-588
-351
-120
90
294
516
763
1009
1232
1434
1628
1817
1998
2175
2351
2515
2654
2774
2888
2997
3092
3167
3227
3274
3302
3309
3304
3298
3281
3242
3181
3112
3043
2966
2879
2783
2681
2573
2458
2344
2226
2101
1968
1833
1702
1575
1446
1321
1202
1085
967
846
735
633
535
434
336
243
157
76
1
-73
-150
-226
-285
-318
-346
-390
-450
-505
-540
-562
-583
-610
-640
-672
-700
-711
-711
-719
-746
-779
-796
-797
-799
-819
-850
-884
-917
-948
-969
-985
-1017
-1078
-1151
-1212
-1255
-1295
-1348
-1411
-1477
-1544
-1615
-1689
-1767
-1856
-1949
-2027
-2079
-2121
-2178
-2256
-2330
-2377
-2396
-2407
-2425
-2447
-2461
-2453
-2417
-2361
-2304
-2256
-2203
-2126
-2013
-1872
-1720
-1570
-1421
-1262
-1086
-891
-691
-496
-306
-114
91
314
549
788
1013
1214
1398
1586
1782
1966
2120
2249
2375
2509
2637
2743
2823
2880
2914
2932
2946
2959
2963
2940
2894
2839
2782
2710
2614
2503
2388
2275
2157
2036
1922
1812
1696
1566
1430
1303
1190
1083
972
856
742
635
541
455
373
293
217
153
96
35
-35
-105
-158
-190
-213
-245
-300
-370
-435
-475
-494
-510
-546
-600
-655
-700
-735
-772
-819
-869
-914
-950
-981
-1020
-1068
-1119
-1159
-1185
-1202
-1225
-1263
-1310
-1349
-1365
-1356
-1341
-1347
-1378
-1416
-1430
-1413
-1387
-1378
-1392
-1414
-1417
-1389
-1344
-1303
-1289
-1298
-1304
-1286
-1239
-1193
-1168
-1165
-1159
-1134
-1090
-1041
-1000
-968
-936
-892
-833
-766
-703
-652
-607
-552
-478
-385
-291
-206
-135
-67
16
122
239
349
442
531
632
752
877
988
1080
1165
1258
1363
1470
1565
1637
1694
1756
1835
1922
1997
2045
2071
2091
2118
2143
2155
2151
2137
2119
2098
2069
2026
1969
1906
1845
1788
1729
1655
1554
1434
1320
1223
1136
1039
916
773
633
511
405
296
172
34
-99
-208
-296
-391
-512
-650
-777
-870
-934
-999
-1083
-1183
-1274
-1337
-1371
-1394
-1429
-1480
-1526
-1547
-1543
-1536
-1548
-1577
-1600
-1596
-1568
-1530
-1504
-1491
-1481
-1461
-1421
-1373
-1331
-1310
-1312
-1318
-1300
-1253
-1195
-1151
-1130
-1119
-1101
-1070
-1033
-997
-964
-941
-925
-905
-871
-825
-780
-739
-696
-644
-586
-531
-478
-420
-355
-289
-222
-147
-64
19
95
168
247
334
425
515
598
668
730
801
886
974
1048
1103
1150
1197
1244
1286
1326
1371
1419
1465
1499
1516
1515
1506
1497
1498
1504
1506
1497
1483
1475
1476
1476
1465
1441
1414
1391
1370
1338
1292
1242
1210
1194
1172
1123
1055
991
940
897
853
804
739
651
554
473
415
351
254
134
25
-55
-127
-217
-327
-443
-552
-649
-728
-798
-870
-961
-1063
-1154
-1217
-1261
-1306
-1366
-1434
-1493
-1527
-1540
-1548
-1562
-1577
-1588
-1595
-1598
-1589
-1563
-1530
-1509
-1498
-1479
-1439
-1393
-1362
-1339
-1307
-1262
-1216
-1178
-1141
-1100
-1065
-1036
-1000
-943
-876
-825
-798
-774
-735
-677
-608
-537
-466
-402
-344
-283
-212
-130
-53
11
67
132
218
320
416
490
551
628
733
848
941
999
1038
1079
1140
1222
1306
1360
1369
1357
1370
1420
1478
1503
1494
1478
1475
1484
1492
1489
1471
1435
1392
1364
1353
1339
1299
1243
1196
1168
1152
1133
1104
1069
1028
987
951
926
902
865
809
743
687
651
627
593
537
464
389
318
248
171
98
28
-45
-132
-225
-316
-406
-496
-583
-655
-724
-808
-912
-1011
-1084
-1140
-1201
-1272
-1338
-1388
-1432
-1480
-1526
-1555
-1561
-1545
-1525
-1518
-1531
-1553
-1559
-1531
-1487
-1452
-1438
-1436
-1420
-1378
-1318
-1266
-1243
-1241
-1226
-1176
-1108
-1063
-1056
-1061
-1043
-994
-936
-891
-872
-874
-873
-845
-781
-708
-653
-622
-592
-540
-465
-379
-299
-230
-168
-96
1
115
225
317
406
505
612
714
809
901
991
1078
1169
1271
1372
1448
1492
1533
1599
1680
1741
1759
1750
1740
1748
1767
1779
1762
1718
1667
1637
1622
1596
1540
1463
1396
1361
1350
1335
1279
1180
1077
1018
1012
1012
968
881
793
737
712
694
667
623
566
507
466
443
413
356
283
220
176
135
79
7
-71
-148
-216
-274
-331
-407
-508
-618
-711
-779
-831
-885
-955
-1041
-1127
-1193
-1236
-1280
-1347
-1424
-1480
-1504
-1519
-1548
-1583
-1606
-1606
-1593
-1582
-1579
-1586
-1590
-1571
-1528
-1482
-1456
-1449
-1430
-1385
-1331
-1292
-1270
-1245
-1198
-1126
-1048
-993
-977
-977
-942
-848
-729
-647
-624
-623
-590
-501
-380
-272
-210
-180
-140
-49
88
216
292
330
386
492
630
754
841
897
952
1034
1148
1262
1340
1372
1386
1415
1470
1539
1599
1634
1638
1624
1624
1650
1678
1670
1617
1554
1520
1518
1517
1482
1404
1310
1237
1203
1187
1150
1074
981
906
861
831
802
765
714
652
596
562
539
496
425
353
308
281
242
182
123
82
44
-6
-69
-129
-180
-227
-283
-347
-411
-473
-538
-614
-697
-772
-826
-865
-904
-956
-1015
-1073
-1127
-1178
-1215
-1237
-1255
-1285
-1320
-1342
-1343
-1338
-1329
-1308
-1275
-1255
-1263
-1279
-1263
-1209
-1153
-1129
-1129
-1120
-1090
-1049
-1010
-980
-961
-945
-925
-892
-855
-829
-822
-821
-800
-750
-685
-642
-636
-647
-631
-568
-490
-440
-429
-416
-362
-265
-159
-70
-4
51
114
204
320
440
542
628
720
824
923
1007
1085
1173
1269
1357
1429
1489
1543
1593
1641
1688
1728
1749
1746
1728
1705
1687
1675
1662
1632
1575
1499
1435
1395
1357
1291
1194
1094
1012
947
876
789
691
596
519
463
418
367
303
231
169
123
91
57
4
-72
-149
-193
-202
-207
-245
-307
-361
-385
-401
-432
-476
-517
-550
-587
-627
-661
-682
-708
-752
-806
-848
-870
-884
-907
-945
-988
-1019
-1033
-1036
-1046
-1072
-1103
-1122
-1121
-1107
-1088
-1072
-1063
-1058
-1049
-1027
-994
-960
-933
-912
-899
-890
-874
-841
-793
-750
-730
-723
-706
-668
-621
-577
-542
-518
-503
-487
-452
-395
-338
-310
-313
-309
-263
-175
-80
-24
-17
-27
0
89
210
310
355
366
392
464
572
678
752
792
825
881
966
1062
1139
1181
1201
1222
1263
1322
1373
1388
1364
1335
1338
1376
1412
1402
1342
1272
1234
1236
1252
1242
1182
1086
993
932
904
875
818
730
637
561
509
473
435
383
311
229
164
134
129
117
66
-17
-98
-144
-151
-150
-173
-226
-293
-353
-393
-411
-424
-458
-521
-593
-635
-633
-622
-648
-720
-802
-848
-851
-845
-866
-924
-998
-1063
-1097
-1092
-1073
-1078
-1132
-1212
-1264
-1245
-1181
-1131
-1137
-1180
-1203
-1176
-1109
-1044
-1007
-997
-995
-980
-935
-864
-788
-731
-695
-653
-581
-485
-399
-348
-317
-275
-201
-106
-21
34
63
93
151
235
318
370
389
404
448
522
598
647
667
676
687
703
724
755
793
822
828
824
837
880
932
962
966
964
971
984
993
999
1011
1027
1031
1017
992
975
971
973
973
968
953
923
888
864
861
859
833
776
713
660
622
582
534
481
426
365
295
228
171
117
54
-15
-74
-112
-143
-185
-245
-305
-354
-397
-443
-491
-535
-574
-617
-669
-717
-743
-753
-772
-811
-855
-877
-878
-879
-900
-942
-983
-1006
-1008
-1001
-1006
-1037
-1085
-1126
-1140
-1130
-1113
-1108
-1126
-1156
-1178
-1179
-1163
-1143
-1131
-1130
-1133
-1121
-1079
-1018
-969
-950
-940
-899
-815
-719
-644
-599
-557
-493
-404
-305
-210
-129
-57
15
100
203
316
415
480
524
584
692
830
940
984
985
996
1056
1153
1238
1278
1273
1249
1245
1272
1316
1349
1352
1329
1297
1273
1269
1274
1270
1239
1189
1151
1139
1138
1121
1076
1016
961
926
904
877
829
770
723
708
708
690
641
568
504
473
473
468
419
328
235
178
155
141
114
62
-16
-111
-190
-229
-238
-253
-306
-394
-485
-547
-575
-601
-649
-715
-770
-802
-824
-854
-889
-924
-958
-990
-1014
-1027
-1031
-1042
-1062
-1083
-1087
-1071
-1051
-1049
-1065
-1081
-1078
-1054
-1019
-989
-977
-988
-1001
-987
-940
-886
-860
-869
-893
-902
-874
-816
-759
-726
-718
-714
-699
-663
-600
-527
-479
-470
-465
-418
-329
-243
-191
-159
-122
-60
26
121
195
238
277
344
442
547
629
681
709
741
816
932
1037
1085
1087
1093
1132
1199
1270
1318
1318
1279
1247
1263
1315
1356
1348
1300
1243
1214
1231
1263
1258
1198
1117
1056
1022
1001
978
948
906
855
808
772
737
690
640
591
551
526
511
479
416
346
302
285
264
222
175
138
108
78
45
0
-64
-133
-199
-259
-309
-343
-368
-411
-481
-547
-586
-613
-647
-686
-724
-775
-845
-909
-941
-954
-968
-992
-1026
-1071
-1117
-1138
-1127
-1113
-1117
-1128
-1133
-1133
-1129
-1108
-1078
-1060
-1057
-1044
-1010
-978
-965
-955
-925
-887
-856
-831
-812
-799
-783
-742
-681
-633
-613
-602
-576
-531
-476
-416
-372
-357
-359
-341
-288
-215
-151
-105
-65
-20
38
106
163
197
219
260
337
431
508
549
569
609
696
810
900
929
917
915
964
1057
1154
1200
1177
1123
1094
1123
1190
1242
1236
1174
1104
1088
1127
1168
1149
1073
990
939
925
926
904
834
724
629
586
575
544
471
381
315
288
289
281
232
141
52
11
18
41
35
-25
-129
-227
-263
-229
-188
-206
-289
-380
-426
-417
-377
-346
-359
-428
-516
-570
-563
-524
-509
-542
-609
-662
-669
-638
-605
-612
-665
-735
-772
-755
-705
-665
-669
-712
-755
-746
-679
-613
-609
-663
-703
-674
-592
-514
-484
-512
-566
-588
-527
-403
-306
-306
-383
-450
-435
-333
-208
-151
-203
-306
-345
-271
-143
-59
-63
-125
-181
-175
-90
14
50
-4
-73
-68
19
121
172
154
96
65
118
240
340
352
303
282
341
454
557
595
563
515
527
627
756
823
796
716
663
690
789
886
904
829
736
705
751
817
844
811
729
638
586
590
618
605
526
426
365
356
353
310
226
132
61
22
13
15
-6
-65
-139
-180
-166
-132
-134
-193
-273
-314
-292
-239
-215
-249
-316
-371
-379
-331
-247
-190
-220
-314
-379
-346
-248
-178
-185
-245
-303
-322
-289
-223
-181
-211
-296
-362
-359
-312
-283
-307
-367
-407
-389
-326
-282
-302
-370
-424
-423
-375
-317
-292
-325
-387
-404
-330
-213
-152
-183
-245
-260
-208
-122
-44
-14
-49
-107
-108
-18
103
165
153
120
124
179
256
316
323
285
249
254
289
316
313
285
253
247
283
331
332
274
218
221
268
302
297
267
221
172
156
193
242
234
168
104
87
109
141
156
141
99
59
56
89
123
131
106
63
28
27
55
76
54
4
-35
-46
-42
-41
-57
-102
-161
-203
-205
-187
-193
-242
-308
-347
-342
-310
-297
-330
-400
-459
-472
-436
-388
-379
-437
-526
-572
-531
-444
-387
-398
-449
-490
-482
-418
-331
-282
-296
-339
-339
-272
-176
-112
-112
-157
-179
-133
-45
13
2
-41
-56
-21
49
117
141
107
60
71
150
233
254
218
169
147
178
258
327
317
232
159
168
242
314
338
311
258
227
260
339
400
403
374
360
377
418
468
497
487
458
457
495
537
552
542
521
501
497
515
531
511
458
415
415
445
464
443
387
324
287
283
289
276
228
151
64
-2
-13
15
22
-39
-144
-225
-242
-216
-192
-203
-257
-328
-377
-376
-338
-310
-333
-397
-453
-456
-418
-388
-396
-426
-436
-412
-370
-339
-340
-369
-398
-385
-327
-267
-245
-265
-301
-318
-294
-233
-186
-212
-300
-374
-366
-300
-244
-249
-311
-387
-418
-371
-282
-233
-267
-344
-393
-381
-327
-274
-251
-271
-299
-289
-238
-191
-191
-213
-206
-158
-94
-41
-7
5
2
17
76
167
233
237
205
191
234
320
401
438
426
393
384
428
501
547
527
462
411
416
467
520
531
490
426
381
375
393
405
399
373
332
293
272
268
256
221
184
176
199
223
223
195
157
134
152
205
251
242
180
117
112
174
250
270
211
123
75
95
153
197
184
109
16
-23
17
78
78
4
-88
-150
-167
-151
-124
-129
-195
-285
-324
-291
-254
-280
-358
-425
-438
-409
-384
-408
-486
-562
-575
-520
-446
-415
-446
-515
-563
-535
-429
-314
-278
-336
-418
-438
-369
-259
-180
-180
-241
-295
-280
-202
-118
-78
-91
-124
-139
-120
-83
-61
-63
-72
-70
-56
-42
-29
-24
-41
-72
-76
-37
9
8
-36
-66
-37
35
101
122
96
48
22
55
139
223
248
201
132
106
151
244
326
355
318
254
228
273
360
423
421
368
311
290
318
368
405
400
362
323
308
307
296
271
249
245
254
254
224
166
112
95
125
165
161
97
10
-37
-9
67
130
126
51
-43
-92
-60
25
89
73
-4
-79
-98
-60
-1
37
31
-13
-67
-92
-80
-54
-44
-57
-84
-115
-142
-156
-157
-151
-141
-132
-139
-181
-249
-295
-291
-251
-217
-213
-245
-299
-348
-349
-293
-225
-200
-233
-285
-318
-315
-278
-223
-183
-186
-235
-289
-311
-283
-217
-142
-99
-107
-144
-166
-149
-107
-62
-30
-28
-61
-101
-101
-54
1
26
25
16
4
-12
-8
39
105
145
140
115
96
95
116
161
216
251
248
216
188
193
241
308
353
347
307
280
297
344
396
428
425
388
335
306
322
363
391
383
349
311
281
263
260
276
305
320
295
228
159
130
148
173
169
133
80
36
20
42
83
105
78
16
-44
-71
-54
-14
10
-5
-52
-101
-122
-114
-100
-97
-109
-123
-132
-146
-178
-224
-252
-243
-223
-243
-311
-380
-404
-381
-345
-326
-337
-376
-432
-477
-485
-452
-403
-373
-388
-433
-464
-442
-375
-316
-299
-314
-324
-315
-294
-269
-240
-215
-204
-200
-187
-162
-136
-111
-76
-32
-2
2
-7
-4
14
41
67
84
83
63
39
31
40
57
73
81
70
35
-3
-10
24
72
97
84
50
25
31
71
124
157
153
132
128
157
200
239
264
279
281
274
280
306
340
358
356
356
370
385
382
360
340
339
353
366
360
325
270
225
210
226
236
207
140
81
71
109
144
132
78
16
-18
-25
-16
-8
-14
-49
-97
-127
-124
-105
-103
-121
-135
-133
-126
-127
-135
-143
-148
-149
-137
-117
-106
-116
-147
-169
-163
-135
-118
-141
-196
-238
-234
-204
-198
-227
-264
-294
-319
-338
-324
-283
-262
-291
-334
-340
-308
-281
-272
-263
-251
-259
-278
-272
-227
-173
-142
-130
-119
-108
-101
-88
-62
-29
3
33
57
64
54
51
68
88
96
99
111
121
118
112
125
153
167
151
120
102
112
142
169
168
143
118
117
145
182
210
218
207
188
178
189
219
254
270
254
222
210
236
276
296
293
293
307
316
310
298
296
304
313
316
301
259
209
185
199
221
216
177
125
77
52
59
88
99
61
-10
-67
-80
-61
-36
-22
-31
-62
-99
-115
-98
-68
-45
-40
-50
-68
-83
-90
-90
-89
-88
-90
-100
-122
-152
-175
-178
-161
-141
-140
-166
-208
-238
-240
-220
-203
-214
-248
-282
-297
-292
-284
-276
-273
-279
-299
-321
-321
-292
-249
-219
-215
-232
-254
-261
-238
-190
-140
-119
-124
-136
-135
-119
-88
-45
1
33
37
26
22
33
55
79
106
121
111
78
48
48
70
87
85
68
47
28
25
48
85
107
97
68
45
45
69
105
130
123
94
77
94
129
155
166
167
163
155
158
181
210
223
221
223
234
240
234
228
236
250
253
243
226
209
194
190
197
206
198
172
140
113
90
70
55
46
31
-1
-40
-61
-56
-48
-59
-87
-113
-129
-138
-142
-143
-152
-178
-209
-223
-218
-209
-208
-209
-200
-189
-182
-182
-181
-177
-172
-169
-170
-170
-163
-156
-161
-181
-196
-190
-169
-159
-160
-156
-142
-135
-138
-133
-112
-92
-90
-92
-80
-62
-59
-76
-95
-104
-98
-88
-82
-87
-94
-87
-65
-48
-47
-45
-25
-1
5
4
19
52
73
72
66
73
94
120
152
184
191
166
134
129
150
165
154
133
117
111
109
116
129
134
123
108
102
108
113
109
102
95
90
83
74
67
61
60
57
53
49
55
71
80
75
64
66
82
95
92
81
74
78
87
95
102
112
120
124
129
138
145
136
112
84
65
53
40
33
34
34
16
-18
-44
-49
-37
-25
-27
-45
-72
-92
-97
-99
-110
-127
-130
-120
-109
-108
-109
-109
-107
-99
-85
-76
-83
-97
-95
-81
-76
-85
-90
-85
-80
-83
-85
-79
-83
-104
-122
-118
-97
-82
-77
-79
-86
-96
-104
-102
-90
-73
-60
-59
-71
-80
-72
-51
-39
-41
-43
-36
-27
-17
-2
17
31
39
52
66
71
74
85
106
120
126
133
140
139
134
138
149
147
131
126
137
140
123
107
104
104
90
74
74
81
76
65
62
65
59
45
41
55
73
81
76
66
60
58
58
61
67
72
72
68
67
71
75
74
68
52
32
15
13
23
27
17
1
-14
-30
-47
-52
-46
-50
-76
-103
-112
-108
-114
-132
-144
-146
-150
-160
-168
-172
-182
-196
-206
-211
-216
-219
-214
-204
-203
-208
-206
-193
-185
-184
-181
-171
-163
-159
-156
-153
-159
-170
-178
-179
-180
-178
-167
-154
-153
-165
-171
-158
-130
-109
-104
-108
-103
-81
-53
-39
-44
-49
-36
-14
-2
-4
-9
-1
23
57
86
101
111
125
144
162
181
207
226
230
226
228
232
223
209
209
220
216
196
186
194
199
191
181
179
172
160
150
148
142
127
114
107
104
106
111
107
83
55
42
46
46
46
60
77
76
56
47
56
66
67
68
76
85
91
94
85
64
51
55
59
44
27
29
38
24
-8
-23
-21
-33
-67
-101
-112
-115
-125
-138
-146
-150
-160
-177
-199
-215
-214
-204
-209
-235
-254
-242
-213
-201
-216
-234
-236
-220
-196
-172
-154
-140
-121
-99
-87
-81
-69
-52
-46
-48
-40
-16
-1
-4
-5
14
26
14
-7
-6
18
44
57
64
61
47
32
29
37
46
55
64
67
58
51
54
63
67
70
80
95
105
113
124
139
153
178
217
256
274
272
272
287
308
317
311
305
307
314
316
313
315
329
344
337
305
269
250
245
233
206
177
158
149
147
139
123
100
77
56
29
-9
-45
-64
-64
-63
-79
-116
-153
-170
-160
-145
-147
-165
-179
-176
-172
-179
-190
-195
-196
-206
-214
-209
-200
-202
-209
-202
-181
-169
-174
-189
-204
-220
-236
-243
-237
-226
-223
-238
-261
-277
-271
-252
-239
-242
-248
-240
-232
-241
-264
-272
-252
-219
-201
-196
-183
-154
-124
-116
-126
-129
-113
-97
-88
-78
-56
-34
-24
-15
6
30
40
49
73
104
121
126
136
151
162
168
180
192
192
188
196
208
208
199
200
207
198
178
165
164
160
153
154
162
161
150
139
126
104
89
97
124
138
123
102
94
97
96
83
68
61
63
66
54
36
28
36
49
47
41
40
43
41
37
37
40
41
39
37
33
21
8
2
-1
-6
-19
-30
-36
-31
-27
-41
-71
-96
-93
-77
-71
-86
-105
-117
-122
-131
-144
-156
-169
-180
-189
-196
-202
-209
-214
-211
-201
-184
-171
-169
-178
-185
-178
-156
-134
-120
-118
-121
-122
-119
-112
-105
-99
-93
-85
-73
-58
-42
-27
-14
1
16
22
17
10
8
10
13
18
28
33
33
31
36
42
40
32
27
31
35
40
49
64
73
69
56
46
49
60
70
74
77
84
93
100
108
121
138
155
168
177
182
185
184
186
195
211
226
228
216
205
207
216
218
211
198
180
158
143
141
140
130
116
102
86
64
45
34
21
-3
-27
-39
-40
-41
-39
-38
-48
-73
-96
-102
-109
-125
-134
-120
-102
-106
-125
-130
-122
-121
-128
-133
-125
-114
-106
-100
-95
-94
-90
-84
-86
-100
-110
-109
-107
-120
-132
-124
-104
-94
-100
-111
-117
-116
-113
-108
-109
-119
-127
-129
-134
-143
-142
-123
-101
-92
-88
-77
-57
-41
-29
-16
1
14
25
41
65
85
92
95
102
118
128
130
137
156
180
193
195
196
200
205
217
230
228
203
182
188
209
211
190
169
159
153
146
155
176
182
169
150
135
113
88
83
97
103
87
69
66
63
47
28
24
30
32
32
36
33
17
1
-6
-7
-8
-3
11
11
-15
-49
-60
-51
-46
-56
-66
-72
-86
-110
-125
-124
-119
-127
-145
-159
-165
-172
-180
-184
-186
-185
-179
-163
-156
-170
-193
-203
-196
-190
-193
-198
-194
-186
-181
-178
-178
-188
-204
-207
-184
-149
-126
-130
-150
-164
-157
-135
-117
-113
-114
-105
-84
-65
-53
-45
-36
-28
-20
-11
-3
3
14
34
51
56
59
72
86
86
83
92
113
126
125
125
133
139
136
134
138
138
131
127
137
149
146
129
117
123
133
137
140
145
150
143
133
134
147
155
150
140
133
120
102
96
107
110
93
75
80
96
93
72
57
49
32
11
3
14
20
7
-11
-22
-25
-20
-6
7
-1
-27
-38
-22
-7
-23
-60
-79
-69
-55
-65
-95
-118
-125
-127
-139
-154
-164
-168
-170
-166
-157
-151
-157
-172
-187
-198
-201
-184
-153
-129
-134
-154
-162
-147
-128
-117
-106
-97
-103
-116
-113
-86
-61
-57
-68
-75
-71
-63
-49
-36
-26
-23
-15
1
14
16
14
22
38
51
58
60
53
42
37
40
44
42
41
48
58
65
69
79
91
94
91
91
98
107
112
121
136
149
150
146
150
166
184
187
178
168
164
166
169
165
151
137
135
152
164
154
128
105
102
109
121
133
136
119
94
82
89
93
73
43
26
30
37
37
36
39
38
24
5
-12
-27
-43
-55
-54
-39
-24
-27
-45
-60
-59
-41
-24
-25
-44
-64
-67
-57
-51
-50
-48
-45
-53
-77
-96
-96
-78
-66
-65
-70
-83
-105
-125
-130
-121
-117
-119
-119
-116
-117
-123
-122
-110
-97
-96
-104
-118
-125
-118
-97
-81
-89
-108
-112
-94
-81
-91
-110
-113
-101
-95
-100
-102
-91
-75
-67
-70
-75
-71
-58
-49
-49
-49
-41
-29
-26
-31
-29
-14
1
5
-1
-1
11
29
46
55
61
62
52
36
39
66
92
87
56
34
36
48
58
