SAMPLES:	10592
BITSPERSAMPLE:	16
CHANNELS:	1
SAMPLERATE:	16000
NORMALIZED:	FALSE
1
8
3
0
13
2
0
-3
0
-1
-2
1
2
4
7
3
3
-8
-7
-4
-7
2
-1
0
5
-4
-3
7
-1
2
5
3
2
-1
2
0
0
-1
3
0
-1
1
6
4
1
-3
-11
-3
4
-6
-2
-1
1
1
0
2
-4
5
4
8
10
2
2
8
-6
-3
-5
-9
3
-3
-2
-3
6
-2
3
6
2
3
5
1
-8
0
0
3
1
3
4
8
0
-3
1
-6
0
8
7
4
10
3
3
2
0
0
-1
2
2
3
9
1
-1
-6
-5
0
-5
-6
1
-4
-5
5
7
10
0
8
4
2
4
2
4
3
0
-2
2
3
0
2
0
0
0
3
-2
-4
0
3
4
8
6
0
4
4
4
-1
7
1
-7
-8
-1
2
3
8
1
4
3
2
3
5
2
-4
-2
-1
2
6
-1
-4
-1
-1
5
6
1
4
-6
-1
5
4
7
6
-2
-9
-5
-3
-5
0
9
4
1
4
0
-6
0
2
0
1
1
8
11
11
3
7
8
2
-3
-1
1
-2
-2
4
2
-5
2
3
-3
3
-2
-5
-6
0
4
-5
-1
0
1
3
6
5
0
-1
2
-2
0
7
4
8
7
6
4
4
2
-12
-7
-9
-3
0
-8
-1
4
-1
-1
11
4
1
7
1
-3
-11
-7
2
4
0
-1
2
9
7
5
13
10
3
10
2
-3
0
1
0
5
-2
-2
-2
-6
-2
-7
7
0
0
-1
-4
-3
-5
-1
-7
-3
0
6
4
8
6
3
-1
-6
0
5
3
1
6
3
9
-3
-1
4
-5
-3
-6
-4
-5
-3
3
4
0
7
5
-5
3
3
6
5
9
3
-1
5
-6
4
5
2
1
-1
-1
3
6
1
6
0
-1
0
-1
-2
-5
-7
-8
-5
2
2
-2
-1
-4
-8
-5
-4
-6
2
4
1
-4
-2
1
-2
9
8
4
6
4
-3
-1
7
2
-7
0
2
4
3
2
3
6
2
-1
0
-11
3
2
2
0
4
-2
-3
-3
-7
-1
-1
-5
-4
8
-2
1
-5
-5
3
2
1
-2
4
0
-1
-2
-3
2
-2
0
-2
-2
4
-2
-2
0
-3
-1
-1
-4
0
6
3
-2
-1
0
1
1
-8
-4
-4
-2
-1
2
1
3
9
5
0
2
0
5
2
0
-3
-2
5
-2
-3
-1
-4
-1
6
-2
-2
-6
-4
-1
-4
-1
-4
8
5
-8
-3
-1
-2
-8
-1
2
-3
6
2
0
0
-2
-1
-6
-5
-1
0
3
1
3
-2
-5
-2
-5
0
-5
-2
-3
-5
-7
-6
-2
-4
-7
-3
-4
-6
-9
-2
-1
0
3
5
3
5
5
1
1
-5
6
-2
2
8
-1
1
1
-1
2
5
-6
-3
-5
-9
-5
-13
-11
-7
-5
3
2
4
-1
1
9
3
-4
-6
-2
-5
-7
-8
-7
-4
-8
3
2
1
5
-1
8
10
3
1
1
-3
3
4
5
2
4
-4
-6
-3
0
-4
-6
-5
-4
4
-2
-4
-1
-5
-3
1
3
7
12
9
-1
4
14
4
4
3
7
3
3
3
-9
-3
-7
-10
-9
-5
-7
-13
-5
-3
-3
7
-5
-2
2
-8
-3
-10
-6
-5
-10
2
0
-6
-2
-2
-5
5
5
-3
3
1
1
2
-7
-8
-4
-7
-5
-5
-1
1
-7
-7
-4
2
-2
-5
-1
-4
5
9
5
9
-6
0
3
1
6
3
11
-4
-2
-1
-2
10
5
2
0
2
6
11
7
-8
-2
5
6
-3
-3
-6
-7
-2
-10
-5
-9
-6
-7
-2
-1
-2
4
-1
8
3
8
1
0
10
9
1
0
3
-10
-11
-3
-6
4
7
4
0
0
-1
10
6
-13
14
3
-13
-5
-4
-7
-25
10
11
-16
3
2
-4
4
0
1
-6
-3
-5
-7
-3
-5
-9
-13
-11
-1
-2
-5
1
7
9
12
4
7
11
-2
-3
-5
0
1
-4
-2
-2
0
-4
-11
-3
0
-2
-1
0
9
9
5
3
3
-1
-1
4
4
1
-4
-2
-2
-2
4
-1
2
11
10
10
8
7
9
10
9
7
4
5
6
0
5
1
-9
-1
-3
-6
-8
-4
-4
-10
-7
-1
0
-3
-8
-4
1
-4
-5
-4
-9
-10
-3
-4
1
2
-5
-6
-3
-6
-7
2
6
1
2
1
2
-2
3
2
-1
1
-2
4
1
-2
-6
6
4
-1
8
-3
-3
6
7
-1
2
2
3
6
1
3
7
4
-2
-3
-9
-8
-3
-4
-8
-5
-8
-3
-4
-11
-6
-6
-2
-1
-1
1
-1
4
4
9
11
11
19
4
0
2
2
12
15
5
3
7
8
1
1
4
-6
4
0
-5
-2
0
-5
-9
-4
-6
1
5
3
-8
0
1
0
5
-2
-2
-23
-40
-12
-17
-12
-7
-4
-18
-20
14
5
19
3
-14
7
11
0
-13
4
6
1
6
-7
-3
10
-3
-7
-2
-3
-8
-9
-11
-15
-5
-6
0
1
0
1
3
7
10
6
1
-3
0
-6
-10
0
0
-2
-5
1
-4
2
9
8
16
4
16
18
9
10
10
7
7
4
0
0
0
-8
-16
-14
0
-7
-6
-2
-4
-2
-5
7
2
1
-3
-6
2
-7
-4
3
-6
-6
3
-3
0
-3
2
3
-6
3
3
6
3
7
5
3
10
1
2
6
0
0
-1
7
8
0
11
9
4
3
1
-4
-3
3
6
3
3
-1
-7
-5
6
4
-4
1
-2
2
-4
-9
-11
-20
-24
-21
-15
-10
-3
0
3
6
7
8
0
-2
2
-7
-9
-3
-1
-4
-3
-1
4
15
19
13
5
8
3
1
-3
-13
-10
-15
-8
-2
-3
4
12
12
15
10
6
2
-11
-10
-7
-6
-10
-5
-2
-3
-3
-1
3
3
2
-1
1
-1
-10
-7
-4
-4
3
10
11
1
3
8
4
7
-2
-1
-2
-12
-7
-4
-2
-3
6
0
-4
7
-2
-3
1
3
5
1
4
1
2
2
3
-7
-9
-11
-13
-10
-15
-15
-17
-13
-8
-7
0
3
5
4
6
7
2
8
-5
-8
-2
-9
-4
1
1
-5
7
12
4
3
-2
-7
-7
-2
-13
-9
-5
4
7
8
19
13
9
11
6
-1
-2
-3
-10
-2
-16
-14
9
-1
11
6
11
15
19
12
8
4
6
8
-9
-6
-1
-4
5
14
12
11
10
2
-4
-7
-6
-10
-15
-8
-25
-12
-5
2
11
21
12
17
10
7
-4
-14
0
-24
-5
-15
-10
-17
-12
-9
-25
-19
-2
-14
-8
20
-4
18
18
24
4
17
3
-3
3
-3
-6
-33
-11
-27
-3
-3
11
32
1
13
-14
-27
-5
-36
3
-2
3
9
2
31
26
70
56
65
72
14
-30
-43
-147
-173
-73
-98
-38
18
-20
-45
-14
118
62
88
135
12
74
4
-87
-90
-99
67
7
102
125
4
117
50
76
-27
18
0
-90
-39
-126
-144
-120
-31
-55
66
123
64
148
71
60
17
-65
49
-122
36
-77
-96
29
-214
126
-78
85
170
-57
203
-92
27
-20
-105
76
-178
101
-20
-61
121
-105
100
78
57
100
32
23
-50
-91
-82
-131
-109
-108
-109
33
-49
-51
114
-33
87
76
4
107
-61
76
-86
4
40
-94
104
-23
68
74
-17
84
-33
10
-7
-43
7
-80
9
-104
-48
-22
-82
31
7
88
23
45
21
-27
67
-59
74
15
-15
50
-93
70
-115
-43
6
-42
121
-54
82
-69
-88
84
-81
110
59
43
83
-37
68
-68
40
32
4
87
-53
61
-4
-38
-67
64
-67
-60
105
-150
4
5
19
-48
57
108
-153
199
11
-97
165
23
54
-9
111
-136
-34
130
-137
120
-2
-51
-99
5
-110
-84
58
-131
151
51
-51
-42
-76
-13
-25
138
40
-17
197
-223
49
-99
-128
114
-62
184
-101
127
-255
-11
107
-194
182
4
-68
17
81
-112
-41
177
-78
12
335
-123
-42
44
-76
15
74
4
-100
59
-100
-82
79
-32
-5
97
-40
-2
116
-51
-23
290
-88
14
-5
-63
-11
-55
142
-216
270
-69
-95
179
-170
37
-133
96
-20
-44
54
-127
110
-14
-46
170
-92
26
129
-124
96
-42
77
-214
142
76
-393
156
-151
51
-49
113
-74
-115
32
-146
99
-21
-76
55
19
11
119
-94
-79
188
45
-176
248
-70
-242
61
81
-283
67
221
-292
318
291
-276
-48
185
-187
9
325
-31
-149
195
-197
-27
107
-143
19
243
-21
-103
131
-495
-86
95
-58
-15
119
-62
-336
208
72
-19
410
38
312
134
-158
37
-93
122
-17
335
-53
-207
179
-287
-89
99
-158
-51
-2
31
-200
-173
-163
-201
156
-57
-7
161
-97
9
75
83
-79
107
92
32
91
-46
-48
-175
-1
36
-58
-60
2
153
-123
5
94
-310
36
26
93
-44
-22
-17
-110
136
-13
-78
21
-129
86
12
-103
70
-102
-104
-100
177
-122
-28
171
53
68
118
53
6
291
77
37
192
0
-1
65
104
-30
5
40
-40
109
-77
-195
-33
-75
-22
39
-134
-55
-73
11
-37
158
131
-167
153
89
43
-20
125
134
27
188
18
-23
1
96
63
5
149
-87
-51
102
51
-157
-92
49
-149
61
-47
-140
-130
61
-90
16
112
-228
-65
38
115
-5
99
12
31
204
95
126
237
75
156
310
135
46
170
216
110
273
158
-39
132
182
-23
89
81
-7
-30
65
23
-162
-101
-208
-43
-4
-117
-105
-131
-59
11
112
-6
-40
-5
37
124
172
76
31
234
154
168
120
21
64
179
73
-142
-244
-422
-462
-370
-442
-734
-795
-842
-873
-852
-1057
-1210
-1188
-1075
-1016
-1017
-1100
-1244
-1083
-840
-664
-595
-526
-443
-245
27
88
108
157
266
479
549
676
573
519
592
639
777
541
458
453
531
583
437
388
167
172
311
324
298
148
236
368
490
620
419
470
567
899
971
788
1011
1001
1017
1196
1476
1320
971
1345
1363
1252
1400
1214
893
837
1236
876
709
654
370
257
509
490
96
-154
-224
-120
85
-84
-350
-269
-244
-101
19
-7
-392
-228
115
335
296
166
-183
-151
-141
-135
-595
-792
-615
-646
-876
-1338
-1561
-2045
-1917
-1688
-1932
-2287
-2392
-2389
-2407
-2274
-2382
-2568
-2216
-1800
-1468
-1303
-1216
-1148
-923
-395
-59
137
165
180
462
753
918
789
702
730
859
1065
978
826
591
617
447
411
298
29
-80
-2
64
-47
-210
-391
-415
-293
-158
-133
-122
-187
-152
127
133
49
-17
81
468
848
960
662
613
844
1221
1307
1172
899
952
1100
1434
1406
748
514
654
1029
934
758
255
-18
529
587
333
-108
-158
-114
144
341
-117
-446
-307
57
198
44
-285
18
133
468
277
35
94
198
436
202
281
317
111
455
210
177
1
240
173
65
123
-71
330
57
229
-277
41
143
86
207
-330
128
-18
520
348
57
51
54
572
587
352
-9
5
386
575
238
-115
-385
-64
167
34
-415
-845
-880
-604
-521
-875
-1315
-1500
-1296
-1122
-1191
-1504
-1790
-1639
-1336
-1113
-1222
-1385
-1356
-1205
-890
-805
-910
-1093
-903
-721
-533
-480
-588
-595
-462
-319
-321
-355
-457
-507
-383
-334
-374
-352
-402
-502
-374
-246
-201
-151
-176
-163
-105
89
82
115
149
226
378
572
556
507
609
747
947
1034
1078
1031
1137
1259
1283
1267
1256
1254
1288
1380
1444
1351
1283
1301
1333
1284
1209
1054
940
1001
964
902
760
655
509
525
532
399
318
287
218
220
246
100
43
47
29
5
30
-60
-153
-155
-191
-201
-213
-287
-379
-301
-316
-432
-403
-473
-514
-486
-490
-573
-631
-564
-581
-588
-610
-660
-585
-536
-498
-527
-551
-574
-470
-481
-500
-446
-458
-442
-495
-348
-470
-385
-364
-345
-298
-336
-255
-276
-166
-216
-126
-117
-70
-32
-27
-48
-15
100
139
242
247
234
269
364
373
384
348
324
441
448
381
292
318
283
260
301
133
118
92
113
33
8
-87
-162
-147
-181
-255
-361
-383
-476
-414
-444
-429
-451
-421
-447
-435
-398
-470
-461
-433
-341
-338
-246
-210
-255
-165
-119
-80
-34
-5
35
48
87
99
112
128
102
113
209
177
191
233
180
237
256
252
199
214
253
220
312
269
189
178
194
200
213
223
201
240
242
181
152
176
125
129
185
171
104
71
42
40
71
72
32
33
15
26
15
30
46
38
90
124
148
84
114
125
177
202
218
205
283
326
280
338
318
361
333
359
295
245
246
218
243
214
125
44
51
-10
-67
-177
-226
-255
-263
-224
-339
-324
-353
-352
-318
-344
-257
-318
-228
-128
-124
-50
-44
26
37
125
180
250
316
351
330
375
424
449
436
405
372
379
390
310
266
177
140
56
38
-48
-167
-223
-262
-308
-396
-465
-556
-524
-529
-549
-551
-561
-531
-528
-507
-524
-432
-386
-328
-306
-182
-242
-245
-96
-194
-154
-140
-23
-27
-38
-120
-337
-241
-134
-95
-121
-268
-371
-343
-154
-133
-249
-452
-442
-290
-124
-186
-252
-349
-235
-117
-61
-91
-117
5
-124
33
-10
52
33
136
136
-66
50
123
214
101
62
-70
22
149
254
56
-148
-70
21
31
-2
13
-123
23
202
244
-102
121
298
356
468
224
341
317
832
717
437
517
497
1072
963
868
442
445
876
978
823
363
325
413
774
829
432
-120
76
390
581
529
104
-199
-142
506
405
220
-63
-308
169
171
505
72
-188
-100
-119
482
51
45
-172
-394
-23
62
157
-134
-456
-320
-270
67
-62
-394
-519
-629
-304
-291
-526
-726
-746
-616
-573
-530
-810
-718
-684
-701
-781
-688
-524
-638
-479
-766
-624
-479
-211
-345
-458
-420
-232
-140
50
-78
-156
-93
87
89
-82
222
-46
-182
100
5
-238
76
131
-4
-444
185
-195
-12
167
-220
-326
-393
353
282
224
-291
-342
-68
420
743
63
-368
-163
636
831
476
122
-536
489
834
937
400
-174
147
373
1088
447
152
54
-28
789
597
197
64
-69
369
64
383
-36
48
224
-80
179
-184
234
209
99
-584
50
336
550
446
-498
-683
266
1089
503
-399
-414
-302
1059
1183
33
-800
-321
787
1015
760
-389
-218
-61
1096
882
146
-349
117
544
440
726
141
-319
93
301
49
54
101
-322
-405
-17
-324
-397
-472
-605
-697
-919
-659
-655
-750
-895
-1089
-1114
-1017
-543
-738
-1061
-1090
-845
-659
-320
-514
-788
-692
-324
50
202
-40
-410
-192
327
605
450
156
7
181
665
845
446
-114
-178
474
599
570
1
-355
-219
348
390
-104
-433
-519
-142
106
103
-412
-453
-290
-77
122
-217
-127
-229
5
170
8
93
-236
293
204
351
312
67
395
237
365
318
417
451
491
464
498
103
937
428
491
132
202
739
516
685
-56
185
212
564
543
286
-531
253
104
714
-102
-268
180
-216
303
-161
196
-159
-454
276
-253
-70
432
-343
25
-471
543
49
43
343
-359
578
473
598
134
206
662
649
818
578
645
431
924
1076
546
280
408
849
156
5
-136
-116
32
-419
-910
-1175
-1010
-900
-1307
-1565
-1796
-1760
-1703
-1817
-1781
-2012
-1966
-1802
-1535
-1271
-1214
-1305
-1184
-739
-374
-220
-78
-17
171
462
732
825
896
817
918
1143
1263
1122
1005
1011
1043
953
702
525
420
397
483
216
-4
-250
-192
-128
-343
-477
-850
-664
-695
-605
-656
-1013
-1036
-802
-501
-672
-899
-836
-513
-265
-216
-332
-300
-238
149
201
152
293
532
525
425
591
465
1009
974
884
683
943
816
360
1004
967
930
525
386
770
640
1190
637
-100
164
808
1733
671
-97
-209
262
1598
1558
-214
-501
79
1630
1625
362
67
-838
1441
1748
927
268
-540
1464
1274
1293
940
-66
1282
1006
1835
1400
472
1612
538
1376
797
996
1145
-499
-35
-920
332
554
-592
-2032
-3364
-1854
-824
-1011
-2800
-4690
-4048
-2610
-1806
-3124
-4707
-4609
-3213
-1875
-2254
-3125
-3644
-2728
-1365
-752
-850
-1208
-822
-505
55
451
779
1101
949
1009
1086
1624
1910
1672
1172
890
1216
1613
1444
801
149
197
648
644
257
-426
-651
-524
-333
-183
-474
-686
-1018
-1099
-936
-727
-363
-472
-708
-777
-481
104
317
119
-187
26
675
1151
1258
816
542
826
1491
1818
1630
1225
1128
1482
1672
1810
1482
1138
1048
1086
1374
1275
1304
519
400
692
799
940
795
503
175
432
637
712
165
331
403
991
698
732
831
435
673
1177
1255
1257
1136
829
1201
1220
1887
1327
1609
1253
1208
1882
1663
1799
1420
1406
1909
1480
544
-873
-940
34
836
994
-1447
-3637
-4262
-2708
-1075
-1542
-3773
-5765
-5351
-3564
-2943
-4436
-6410
-6120
-4002
-2418
-3032
-4574
-5010
-3488
-1586
-942
-1006
-1356
-1154
-817
8
884
1632
1785
1292
952
1315
2218
2736
2332
1751
1701
2107
2193
1506
626
219
728
1281
1136
303
-724
-1135
-903
-573
-492
-777
-1101
-1338
-1492
-1424
-1307
-1350
-1655
-1825
-1178
-381
-65
-453
-1259
-1266
-201
1266
1723
871
13
234
1373
2409
2310
1622
1167
1679
2620
2847
2128
1421
1506
2215
2770
2459
1583
694
640
1434
2018
1940
1088
355
360
657
1181
824
615
673
1032
1254
1073
712
193
655
1673
2181
2022
1478
1025
873
1681
2603
2657
2255
1574
1515
1929
2725
2583
1685
1314
1579
2538
2412
936
-1303
-2225
-504
1698
1928
-1213
-5364
-6534
-3978
-390
-238
-4242
-7905
-7986
-4656
-2639
-4285
-7376
-8269
-5507
-2746
-2920
-5421
-6899
-5234
-2223
-537
-963
-2136
-2625
-2114
-701
1098
2043
1730
376
-123
908
2614
3108
1975
1226
1624
2799
2758
1399
98
244
1537
2326
1861
262
-897
-962
-201
573
592
-87
-1061
-1261
-864
-424
-314
-912
-1509
-1350
-318
477
37
-969
-1526
-593
1084
1886
1346
37
-361
628
2018
2727
2147
1242
1083
1885
2826
2574
1858
1619
2049
2846
2775
2003
1017
955
1624
2113
2115
1449
679
423
411
801
1071
1007
590
282
682
762
627
356
433
907
1491
1595
1147
690
1004
1549
2260
2428
2099
1807
1620
2122
2458
2587
2343
2194
2384
2248
2136
1127
-253
-810
-258
1345
1591
-412
-4231
-6295
-4159
-1032
-38
-3510
-7653
-8359
-5701
-2947
-4250
-7157
-8421
-6125
-3230
-3772
-6293
-7607
-5359
-1884
-669
-1831
-3489
-3412
-2016
-261
1089
1349
1036
205
77
948
2324
2625
2086
1851
2313
2768
2046
790
322
1475
2697
2544
1252
-160
-525
-87
522
894
690
293
-523
-875
-708
-166
263
-99
-679
-867
-270
116
-76
-524
-401
275
1137
1218
654
138
261
1119
2029
2348
1867
1245
992
1404
2123
2446
2074
1883
1793
2009
1869
1607
1348
1201
1577
1600
1254
650
385
400
309
339
275
111
34
101
31
-282
-23
364
637
582
276
256
180
1238
1574
1667
1834
1435
1859
1962
2714
2297
2237
2921
2923
3088
2717
2337
2471
1870
978
-147
341
2030
1950
51
-3989
-5137
-2917
-8
133
-3863
-7435
-7621
-4634
-2516
-4346
-7205
-8141
-5575
-3269
-4405
-6790
-7432
-4640
-1757
-1314
-3153
-4520
-3589
-1723
-83
681
533
-32
-588
-143
1037
2159
2104
1485
1681
2344
2486
1190
113
587
2263
3145
2093
351
-670
-139
688
1136
901
279
-177
-550
-513
-246
150
29
-451
-409
-129
141
-80
-451
-393
397
1516
1566
633
-178
197
1505
2456
2541
1775
1160
1477
2213
2662
2304
2022
2227
2561
2604
2097
1514
1397
1741
2161
1896
1030
423
299
678
598
211
-183
-429
-377
-441
-500
-635
-590
-275
-75
-464
-847
-670
439
645
842
723
475
743
1399
2608
1833
1563
1805
2638
3382
2810
2095
1632
2920
3928
1981
-316
-1003
1170
3144
2049
-1294
-4917
-4223
-1211
758
-914
-5189
-7304
-6129
-2949
-2333
-5219
-7720
-7178
-3756
-2634
-4824
-7309
-6737
-3133
-1049
-1514
-3674
-4263
-2773
-878
509
581
188
-507
-375
855
2000
2135
1329
1201
2198
2909
2064
539
242
1569
2818
2553
1057
-169
-147
485
987
955
411
-112
-566
-570
-354
-109
-532
-836
-472
-108
-36
-511
-1071
-1120
268
1783
1603
147
-745
102
1856
2863
2412
1213
1022
2086
3151
2836
2143
2306
2963
3206
2784
2232
1904
2025
2631
2628
2002
987
444
605
773
1007
241
-442
-881
-578
-485
-1106
-1346
-1138
-450
-1007
-1223
-1207
-1062
-482
-107
44
-347
498
1100
946
955
1364
1977
2379
2529
2594
2104
2329
3079
3621
2445
555
324
1305
3155
2912
-71
-3635
-3787
-690
1329
65
-4258
-6977
-5684
-2625
-1788
-4660
-7293
-7136
-4144
-2823
-4759
-7050
-6903
-3733
-1558
-1979
-4032
-4864
-3432
-1442
179
342
-354
-1067
-1150
289
1820
2234
1276
617
1520
2478
2304
890
228
1306
2728
2786
1084
-417
-382
679
1546
1311
466
-444
-759
-486
-96
-42
-870
-811
-376
132
-104
-801
-1306
-1111
1007
2298
1634
-420
-1178
526
2723
3878
2598
759
722
2818
4265
3242
2217
2633
3835
4195
3426
2202
1721
2741
3834
3531
2203
811
659
912
1269
1354
689
-382
-1071
-661
-253
-762
-1170
-1648
-1841
-1160
-760
-1101
-1938
-1515
-895
-440
-160
7
-278
99
447
1309
1801
1851
1487
1101
2104
3018
3435
1787
116
149
1662
3441
2822
-69
-3307
-3284
-356
1758
724
-3711
-6690
-5516
-2056
-1047
-4044
-7121
-6964
-3665
-2071
-4443
-7251
-6783
-3200
-887
-1976
-4358
-4993
-3013
-937
136
12
-621
-982
-854
340
1752
2311
1441
691
1523
2577
2287
919
474
1587
2919
2630
890
-517
-200
692
1010
771
80
-646
-1541
-1629
-882
-213
-429
-1600
-2259
-2149
-1160
-311
-466
-997
-1042
-314
205
408
447
728
1336
2105
2464
2243
2022
2555
3458
4027
4054
3834
3636
3765
4191
4377
4073
3553
3357
3434
3323
2603
1983
1920
1936
1533
606
56
-247
204
13
-760
-1201
-1214
-1081
-1682
-1511
-1500
-1183
-918
-1283
-1576
-1241
-324
253
352
637
96
441
1196
1734
2160
2002
2464
1567
773
548
955
2830
2698
1239
-2304
-3356
-1001
1177
1386
-2335
-5325
-5611
-3096
-1193
-3097
-5614
-6516
-4558
-2883
-4190
-6209
-6590
-3819
-1619
-2210
-4113
-5005
-3408
-1703
-509
-245
-613
-947
-1317
-501
953
2030
1687
664
821
1770
2106
1179
594
1595
2571
2127
712
-199
53
820
1114
781
152
-384
-1113
-1573
-1398
-656
60
-740
-1988
-2762
-2352
-1365
-327
27
-933
-1658
-1472
-528
513
1069
1086
694
820
1477
2104
2317
2477
3219
3859
4006
3507
3206
3487
4406
5119
4802
3938
3281
3411
3478
3398
3254
3040
2710
1876
1313
889
1051
1457
1037
364
-767
-783
-419
-458
-176
-742
-630
-1027
-716
-483
-715
-213
-262
947
1153
696
156
357
1690
2440
2927
1068
-1116
-516
1374
3619
2372
-664
-4299
-3832
261
2160
351
-4796
-6937
-5068
-1870
-1276
-4773
-7345
-6930
-3686
-2601
-5172
-7311
-6751
-3341
-1680
-2704
-4870
-5260
-3147
-1104
-101
-460
-1095
-1555
-1237
541
2198
2376
1082
536
1655
2837
2529
1264
1165
2485
3347
2467
889
386
1025
1582
1391
821
257
-341
-1044
-1480
-1058
-409
-620
-1831
-2960
-3100
-2466
-1444
-1022
-1462
-2446
-2760
-2008
-871
-96
-55
-279
-407
314
1121
1569
1775
2190
2848
3125
3278
3359
3525
3996
4601
4983
4574
3961
3828
4012
4332
4269
3883
3257
2616
2437
2390
2118
1577
1417
1334
825
527
139
-233
-483
242
192
-337
-529
-475
-537
-442
1074
937
286
-120
190
1085
1760
2765
1582
1266
783
-124
269
1297
3001
1339
-1032
-3389
-2988
-231
1055
-271
-4328
-6310
-4954
-2583
-1950
-4398
-6454
-6561
-4321
-3509
-5623
-6818
-5623
-2738
-2326
-3963
-5390
-4656
-2345
-1255
-840
-1036
-1184
-1445
-1480
51
1619
2101
721
203
1200
2374
2263
1298
1508
2449
2781
1600
643
980
1906
2025
1341
684
484
83
-457
-400
111
66
-1362
-1996
-1913
-1182
-1126
-1709
-2676
-2692
-1192
-796
-1550
-2617
-2051
-980
95
236
-831
-1376
-376
1549
2021
1451
1218
1497
2305
3049
3656
3461
3226
3536
4033
4293
3772
3576
3719
4065
4244
3675
2813
2337
3019
3392
2392
1576
1335
1628
1528
1648
1299
451
150
505
822
713
696
0
344
826
1721
1419
535
778
1109
2540
2292
2312
1245
-540
180
979
2746
2063
48
-3105
-4315
-939
1313
1179
-3173
-7131
-6748
-3465
-690
-3270
-6719
-8040
-5667
-3362
-5083
-6946
-7140
-4089
-2458
-3750
-5709
-5902
-3383
-1885
-1125
-1314
-1875
-2108
-2284
-573
1439
2540
1042
-616
148
2131
3209
2029
1498
2029
2881
2490
1401
1288
1913
2569
2036
1403
871
546
308
227
688
875
6
-1841
-2374
-1288
-94
-167
-1407
-2669
-3278
-2220
-552
-222
-1469
-2751
-2307
-1030
179
206
-837
-1178
129
1614
1523
662
782
1902
3028
3285
2904
2252
2509
3539
4394
4221
3505
2904
2799
3437
4032
3804
2784
2149
1981
2544
2665
1909
1355
1042
1607
1293
1146
509
-82
889
912
1281
513
611
288
822
1938
1580
1494
1216
1497
1787
2402
2380
341
-349
261
2365
2942
721
-2261
-4377
-1759
1315
1842
-2038
-6484
-6627
-4167
-798
-1690
-5375
-7739
-6795
-3692
-3944
-5245
-6422
-5056
-3224
-3589
-4451
-5243
-3583
-2457
-1653
-1378
-1565
-1928
-2585
-1342
710
2187
1141
-884
-623
1319
2844
2198
1068
951
1779
2033
1474
1359
1652
1663
1287
1079
1100
945
417
174
665
1105
403
-944
-1975
-1162
499
623
-616
-2200
-2409
-2029
-379
739
-150
-1915
-2809
-1401
154
997
284
-1058
-1138
363
1622
936
363
1001
2188
2586
2154
1684
1646
2593
3505
3715
2862
2163
2212
2815
3277
3190
2520
1791
1917
2293
2446
1873
1050
1075
1280
1715
1286
817
560
280
893
929
1408
1257
1121
905
931
1821
2188
2239
1764
1812
2382
2952
1862
-204
10
1812
3857
2392
-504
-3910
-3499
392
2511
1031
-4363
-7031
-6019
-2271
-312
-3165
-6737
-7987
-5032
-3318
-4540
-6430
-6371
-3878
-2823
-3759
-5425
-5138
-3267
-1943
-1119
-1344
-1850
-2668
-2495
-258
1995
2113
-110
-1302
188
2446
2858
1495
853
1528
2062
1563
1273
1521
2017
1589
1018
1168
1218
967
126
424
1093
1167
-95
-1585
-1172
-133
806
-2
-1126
-1862
-1799
-856
-96
448
-749
-1838
-2021
-872
505
532
-465
-1223
-450
668
931
454
370
1278
2081
1959
1401
1400
2060
2926
3071
2483
2079
2289
2570
2762
2761
2460
2039
1794
1945
2009
1879
1601
1259
945
865
1025
1063
859
544
354
216
599
899
1145
1114
794
1273
985
1550
1857
2298
2194
1880
2140
389
260
1216
3055
3097
628
-1733
-3137
-514
1957
1831
-1347
-4981
-5032
-3246
-672
-1317
-4125
-6243
-5863
-3375
-3415
-4757
-5625
-4357
-2784
-3329
-4477
-5078
-3513
-2008
-1697
-1924
-2272
-2276
-2567
-1617
198
1247
314
-1434
-1302
487
1940
1492
461
500
1039
1023
779
896
1416
1473
1011
767
899
1025
637
639
934
1223
642
-131
-284
574
358
-343
-116
67
407
-575
-828
-1299
-77
1069
213
-939
-2030
-831
242
1048
692
-593
-1116
-504
1330
1733
1284
710
617
1028
1977
2705
2293
1733
1702
2368
2588
2427
2082
2018
2289
2465
2083
1353
1339
1775
1981
1560
784
526
561
749
879
631
511
-306
-142
216
929
1559
568
634
121
1145
1673
2099
2167
1200
1385
102
492
1572
3111
2564
-59
-2110
-2202
602
2539
1635
-2131
-5111
-4204
-1305
381
-1769
-4792
-6063
-4299
-2435
-3067
-4827
-5097
-3410
-2492
-3511
-4741
-4191
-2661
-1855
-1996
-2113
-2276
-2522
-2580
-1215
719
886
-950
-2144
-799
1346
1802
513
-330
463
1170
863
467
872
1552
1219
474
551
1231
1226
649
647
1357
1476
594
-224
162
1280
1314
564
-314
-603
0
461
695
229
-289
-977
-1228
-151
912
703
-897
-1709
-851
490
1037
365
-616
-528
711
1538
1018
553
1069
1918
2076
1718
1675
1976
2357
2450
2236
2186
2075
2034
1936
2057
2243
1699
1236
950
1337
1535
969
284
-104
453
629
292
-143
-307
-27
-14
499
584
649
265
206
473
1042
2054
2073
781
-1151
-325
1875
3534
2323
-651
-2835
-1881
1688
3152
1144
-2833
-4737
-2969
-131
829
-1776
-4746
-5139
-2957
-1591
-2885
-4300
-3972
-2615
-2350
-3455
-4128
-3242
-2029
-1843
-2037
-2026
-2216
-2576
-2244
-512
590
-81
-1884
-2101
-190
1359
1107
-482
-722
120
646
561
592
993
770
252
121
933
1353
983
472
600
1136
986
600
379
857
971
620
402
279
330
308
101
-112
292
179
-194
-525
-380
-757
-840
9
517
25
-1366
-1635
-353
1237
1489
86
-1273
-572
1528
2413
1543
684
1046
1780
2160
2259
2229
2487
2328
2115
2015
2283
2600
2318
1868
1621
1774
1528
1036
869
1222
1109
292
-250
-88
523
400
5
-488
-211
179
260
259
358
457
471
644
1230
1684
1614
109
-369
1088
3004
2983
590
-1289
-1657
814
2680
2167
-764
-3583
-3310
-1041
1018
-237
-3338
-4921
-3891
-1762
-2131
-3503
-4251
-3240
-2668
-3541
-4222
-3785
-2252
-2164
-2709
-2973
-2563
-2377
-2527
-1615
-367
-208
-1573
-2413
-1224
665
1132
-129
-943
-387
571
688
513
770
1009
738
186
456
1253
1489
1034
474
736
1065
1028
691
604
929
780
512
287
194
313
374
472
-208
-533
-512
-216
101
-109
-629
-1449
-893
185
658
-51
-1068
-986
-2
1232
1366
459
-151
482
1767
2148
1762
1515
1831
2317
2550
2469
2217
2409
2682
2843
2444
2059
1905
1898
1989
1697
1332
765
534
620
530
398
-159
-446
-424
-195
-116
-529
-574
-656
-105
367
427
-134
-196
459
1215
1629
1567
786
-153
610
2013
3193
2233
259
-1286
-703
1879
2809
1364
-1936
-3367
-1867
141
569
-1761
-3842
-4092
-2673
-2008
-3207
-3916
-3602
-2866
-3332
-4237
-4042
-3081
-2358
-2795
-3112
-2831
-2393
-2405
-2370
-1203
-376
-830
-1988
-1781
-199
826
453
-544
-448
124
547
557
812
1159
769
96
69
1132
1559
1121
409
340
718
763
697
596
757
438
103
66
230
392
117
30
55
93
-614
-883
-297
460
469
-365
-1087
-1103
39
1060
1030
-128
-844
-410
891
1881
1671
649
24
984
2191
2552
1989
1490
1736
2160
2622
2539
2277
2036
2057
2159
1970
1810
1571
1497
1317
1231
816
516
392
383
491
74
-160
-563
-387
-138
15
129
-312
-251
-350
410
955
844
725
576
1376
1442
1789
1349
875
1468
1976
2356
1152
371
63
658
1600
1127
-230
-1953
-2088
-1124
-519
-1019
-2752
-3945
-3860
-2915
-2758
-3425
-3937
-4018
-3905
-4143
-4028
-3575
-2993
-3147
-3523
-3302
-2779
-2237
-2277
-2086
-1436
-1094
-1348
-1639
-832
60
272
-205
-459
-8
397
613
662
853
738
284
247
804
1384
1049
324
125
548
896
660
325
323
490
348
21
150
453
498
134
-85
47
259
381
260
212
158
363
564
464
419
495
809
925
858
822
824
1221
1392
1406
1279
1315
1618
1696
1728
1693
1815
1793
1754
1836
1849
1751
1544
1495
1532
1656
1467
1057
784
780
900
845
578
208
21
96
228
214
-17
-155
-72
130
216
258
354
569
775
790
834
988
1466
1638
1575
1490
1510
1303
1327
1770
2010
1476
588
-116
-101
609
860
-70
-1664
-2591
-2333
-1572
-1483
-2501
-3821
-4318
-3836
-3388
-3722
-4087
-4039
-3942
-4249
-4407
-3887
-3009
-2740
-3358
-3605
-2835
-1959
-1957
-2174
-1652
-940
-948
-1442
-1201
-229
422
27
-560
-345
295
584
273
341
650
629
59
-179
547
1018
826
266
126
288
376
562
693
976
666
196
130
694
1156
1096
780
625
882
972
995
847
1338
1491
1255
783
751
1159
1223
1595
1531
1184
560
478
1171
1681
1797
980
226
402
1367
1852
1145
540
634
1063
1112
962
985
1046
1017
755
670
826
1043
970
671
581
652
735
653
705
829
694
437
440
746
1019
931
670
672
999
1170
1142
1102
1325
1386
1313
1298
1406
1611
1563
1277
792
764
1093
1206
642
-99
-627
-717
-423
-413
-961
-2102
-2792
-2754
-2323
-2108
-2894
-3808
-4303
-3798
-3341
-3557
-3921
-4061
-3680
-3598
-3627
-3569
-3119
-2664
-2680
-2775
-2660
-2137
-1804
-1624
-1439
-1226
-1146
-1229
-921
-514
-254
-365
-571
-531
-257
-22
-20
40
65
-50
-133
161
567
730
558
355
466
763
1040
1112
1154
1155
1111
1160
1394
1710
1738
1646
1571
1680
1787
1720
1666
1740
1859
1695
1399
1314
1416
1473
1401
1183
1030
849
813
829
845
802
573
406
258
388
487
399
310
227
256
227
386
492
562
544
423
500
605
777
821
851
831
820
891
912
967
1064
1091
1046
883
829
967
1131
1062
968
864
837
871
1036
1094
882
806
824
994
991
862
730
684
911
724
134
-226
85
594
163
-730
-1539
-1470
-982
-734
-1214
-2350
-3107
-3058
-2392
-2037
-2572
-3540
-4158
-3706
-3028
-2971
-3392
-3610
-3377
-3298
-3328
-3201
-2688
-2443
-2622
-2798
-2583
-2149
-1972
-1807
-1630
-1448
-1591
-1719
-1303
-651
-384
-732
-1016
-697
-60
206
98
159
482
616
611
864
1349
1642
1526
1472
1683
2000
2157
2192
2334
2448
2397
2126
2189
2459
2650
2433
2049
1938
1932
2022
1888
1770
1548
1290
1061
910
991
959
694
343
231
229
157
33
-133
-157
-168
-203
-353
-435
-314
-175
-106
-231
-216
-147
19
207
336
439
391
466
651
939
1010
900
864
992
1256
1234
1044
960
1107
1202
1031
892
786
837
808
717
622
564
566
324
309
363
506
334
153
232
150
233
177
302
274
177
-54
-442
-329
-101
153
-174
-867
-1435
-1506
-921
-577
-884
-2018
-2900
-2681
-1886
-1466
-2190
-3211
-3624
-3169
-2622
-2751
-3090
-3289
-3160
-3110
-3176
-2992
-2691
-2503
-2525
-2531
-2383
-2180
-1948
-1616
-1233
-1052
-1260
-1384
-881
-28
431
132
-193
74
759
1293
1395
1351
1331
1526
1815
2106
2330
2377
2296
2248
2356
2515
2578
2558
2499
2378
2229
2152
2150
2088
1926
1775
1612
1450
1265
1144
1084
1031
837
508
359
429
450
203
-71
-202
-122
-139
-278
-479
-530
-421
-472
-592
-702
-649
-577
-507
-452
-482
-477
-447
-291
-112
32
32
-14
60
259
513
558
547
536
617
697
760
834
793
815
779
713
685
700
709
587
522
453
413
394
349
285
224
189
126
107
151
192
54
-38
23
178
208
83
-1
33
100
-64
-225
-217
-75
-156
-564
-943
-1053
-911
-888
-1069
-1475
-1981
-2205
-2156
-1882
-1893
-2372
-2945
-3077
-2722
-2480
-2530
-2748
-2838
-2747
-2620
-2423
-2146
-1890
-1823
-1772
-1599
-1360
-1022
-706
-348
-172
-135
-98
170
766
1182
1268
1097
1086
1351
1723
2098
2206
2081
1870
1894
2146
2417
2437
2257
2108
2038
2008
1959
2039
2074
1871
1532
1334
1417
1414
1239
1034
924
836
619
332
259
386
337
37
-300
-340
-278
-297
-392
-520
-551
-691
-761
-722
-685
-605
-743
-753
-756
-676
-724
-742
-484
-345
-380
-608
-558
-265
34
150
-58
-188
-17
356
551
482
444
418
478
622
785
822
736
644
627
606
593
590
554
482
344
215
90
44
99
54
-111
-304
-385
-376
-409
-397
-445
-528
-620
-606
-496
-484
-504
-538
-505
-481
-504
-525
-511
-438
-456
-575
-707
-742
-584
-587
-764
-1043
-1146
-1041
-943
-960
-1247
-1467
-1530
-1385
-1235
-1227
-1358
-1516
-1447
-1227
-919
-783
-784
-818
-669
-311
-5
120
178
382
615
754
860
1015
1252
1450
1484
1458
1490
1647
1761
1814
1831
1788
1658
1538
1604
1728
1692
1438
1192
1154
1215
1205
986
741
588
479
382
259
183
17
-190
-384
-426
-431
-535
-686
-812
-853
-878
-900
-936
-921
-904
-942
-974
-929
-874
-817
-755
-698
-638
-638
-571
-465
-349
-293
-307
-288
-189
-17
39
30
25
90
227
330
336
276
307
425
556
550
471
441
511
603
592
540
434
424
435
449
422
330
241
144
128
63
-34
-161
-193
-215
-366
-519
-640
-605
-603
-671
-819
-961
-962
-927
-870
-909
-1000
-1071
-1073
-948
-812
-802
-883
-869
-713
-540
-483
-457
-359
-177
-48
-2
64
202
461
630
690
643
627
779
1072
1344
1273
1041
850
1028
1407
1579
1435
980
774
923
1325
1432
1064
726
604
803
897
821
627
497
495
409
346
304
331
254
102
32
-64
-172
-258
-154
-119
-310
-655
-845
-674
-524
-580
-856
-1085
-1169
-1109
-998
-941
-1021
-1241
-1374
-1330
-1083
-922
-992
-1142
-1179
-1022
-923
-844
-728
-637
-634
-711
-572
-371
-200
-127
-128
-81
6
156
255
430
544
545
506
605
833
971
993
952
1007
1100
1139
1162
1188
1245
1189
1086
1016
984
952
804
701
533
379
171
32
-48
-234
-391
-631
-778
-925
-1066
-1186
-1284
-1312
-1469
-1615
-1663
-1595
-1531
-1592
-1580
-1530
-1459
-1415
-1318
-1141
-1008
-903
-874
-778
-592
-373
-229
-145
0
116
252
424
632
793
839
898
1032
1245
1416
1490
1499
1561
1692
1844
1981
2020
2006
2017
2113
2211
2234
2221
2219
2302
2266
2034
1864
1896
2111
2067
1719
1206
976
1107
1262
1128
559
-34
-302
-180
-36
-265
-827
-1318
-1434
-1361
-1353
-1540
-1816
-2062
-2157
-2135
-2125
-2161
-2267
-2258
-2201
-2179
-2282
-2309
-2098
-1821
-1723
-1900
-2015
-1816
-1474
-1223
-1199
-1270
-1267
-1145
-839
-533
-376
-420
-479
-343
-31
276
351
355
384
519
667
813
964
1053
1105
1084
1108
1179
1306
1352
1314
1252
1211
1181
1118
1083
1049
982
838
671
552
469
436
347
147
-16
-156
-223
-328
-417
-510
-645
-766
-884
-914
-913
-930
-998
-1094
-1108
-1056
-988
-966
-930
-877
-821
-744
-655
-541
-437
-319
-212
-96
7
105
236
392
555
631
690
779
935
1073
1142
1183
1191
1273
1354
1418
1406
1400
1384
1372
1389
1378
1359
1255
1191
1147
1116
1072
963
878
791
750
667
567
494
406
343
210
141
82
44
-44
-188
-279
-344
-338
-424
-552
-666
-750
-766
-815
-864
-984
-1085
-1116
-1137
-1122
-1189
-1255
-1297
-1256
-1192
-1208
-1209
-1219
-1151
-1058
-995
-974
-925
-769
-621
-558
-570
-518
-315
-102
22
7
-9
126
365
514
522
516
542
617
685
739
745
703
643
624
619
587
533
445
393
316
236
161
77
22
-55
-114
-242
-314
-331
-382
-427
-478
-534
-593
-586
-568
-544
-602
-651
-647
-601
-553
-562
-545
-542
-506
-480
-456
-380
-302
-255
-259
-231
-114
16
67
90
150
242
331
407
497
570
624
662
736
845
931
948
949
1023
1107
1149
1129
1119
1165
1187
1163
1110
1090
1083
1043
1008
929
855
756
700
649
580
495
350
257
203
168
34
-97
-177
-220
-283
-381
-456
-522
-548
-600
-667
-707
-754
-788
-826
-813
-794
-811
-859
-890
-854
-826
-789
-790
-794
-826
-799
-711
-675
-632
-639
-608
-568
-505
-440
-402
-312
-262
-244
-251
-173
-61
-13
-20
-7
49
86
135
160
174
166
169
191
214
236
221
173
155
163
181
167
120
104
93
92
59
45
25
2
-7
-27
-52
-86
-72
-69
-67
-122
-161
-149
-106
-76
-139
-167
-153
-87
-41
-64
-84
-59
3
16
21
76
129
150
149
185
239
282
324
351
404
424
459
488
536
602
595
577
566
628
667
655
606
568
565
567
553
517
484
437
386
339
330
326
287
196
92
62
85
72
0
-86
-114
-133
-173
-224
-239
-238
-285
-338
-384
-387
-403
-426
-437
-443
-466
-538
-558
-507
-438
-458
-535
-544
-503
-432
-414
-406
-407
-392
-343
-294
-250
-241
-235
-196
-118
-62
-79
-103
-56
33
81
52
21
34
61
99
80
53
35
49
49
55
52
6
16
-4
-18
-67
-128
-104
-100
-120
-178
-260
-267
-243
-233
-275
-307
-351
-357
-329
-303
-293
-328
-344
-332
-292
-263
-232
-201
-191
-178
-154
-111
-57
-14
-1
29
53
77
120
168
221
234
222
227
269
336
392
403
405
408
446
491
534
564
584
623
633
644
661
720
789
804
790
777
805
881
923
915
875
857
873
872
865
828
791
739
698
655
590
523
454
379
295
206
116
47
-9
-98
-211
-323
-417
-466
-504
-571
-666
-771
-817
-809
-820
-880
-932
-950
-940
-929
-953
-958
-920
-872
-874
-913
-912
-823
-719
-703
-752
-791
-727
-612
-527
-529
-613
-637
-581
-443
-354
-373
-448
-488
-413
-292
-205
-225
-272
-272
-210
-104
-62
-54
-53
-11
52
69
82
97
158
202
198
172
161
185
227
257
256
218
173
174
198
255
240
193
160
161
213
229
213
194
199
213
213
217
244
258
255
254
281
309
325
316
327
360
395
411
395
422
450
481
496
486
503
509
533
553
568
569
561
564
587
625
625
603
584
577
591
595
584
567
543
531
506
480
457
436
404
348
308
270
223
162
119
85
7
-71
-141
-177
-225
-295
-377
-456
-484
-535
-602
-657
-684
-719
-784
-831
-856
-845
-876
-905
-925
-920
-899
-912
-892
-884
-869
-853
-816
-774
-751
-720
-671
-611
-568
-530
-496
-455
-388
-321
-273
-236
-179
-121
-73
-9
48
73
101
154
211
239
262
294
310
312
324
353
365
343
320
327
345
356
310
279
277
278
256
202
193
176
153
122
89
60
32
7
-7
-28
-77
-107
-118
-106
-107
-147
-179
-179
-152
-148
-173
-163
-144
-114
-109
-91
-51
-22
22
51
95
133
186
240
300
336
364
423
494
590
614
623
669
743
818
837
832
835
868
894
911
910
900
875
845
836
801
762
699
656
622
562
481
402
350
290
201
108
26
-48
-120
-204
-287
-380
-455
-533
-600
-655
-730
-815
-872
-899
-914
-960
-1027
-1066
-1079
-1067
-1076
-1087
-1084
-1075
-1062
-1041
-1005
-967
-925
-906
-859
-802
-754
-702
-650
-586
-538
-485
-433
-358
-285
-240
-190
-128
-48
22
59
109
185
253
294
332
401
475
522
539
573
606
654
694
718
726
721
730
725
744
755
721
669
633
620
622
579
509
443
401
388
340
267
193
141
109
68
5
-62
-114
-144
-163
-189
-230
-281
-289
-294
-289
-291
-321
-326
-316
-276
-249
-237
-226
-185
-151
-119
-82
-49
1
25
66
101
138
185
207
244
265
301
331
347
360
363
376
416
443
420
414
402
413
424
405
398
353
323
307
285
268
221
182
115
65
19
-15
-63
-127
-178
-246
-297
-345
-377
-409
-452
-498
-551
-572
-589
-602
-606
-630
-646
-661
-658
-648
-643
-613
-604
-605
-595
-562
-517
-476
-435
-408
-380
-339
-285
-225
-185
-153
-103
-59
-8
37
76
122
168
196
204
237
292
343
353
361
386
411
435
441
460
468
465
462
452
469
474
454
419
389
375
377
360
337
307
277
257
226
220
213
181
144
102
87
90
80
61
23
-8
-19
-31
-25
-32
-49
-62
-75
-72
-68
-65
-63
-62
-58
-50
-48
-31
-19
-11
5
1
9
24
40
57
58
47
51
44
53
54
41
29
-10
-26
-30
-34
-60
-113
-132
-146
-166
-186
-217
-248
-265
-285
-300
-317
-346
-361
-374
-371
-366
-386
-408
-400
-375
-366
-379
-387
-365
-325
-308
-308
-304
-272
-237
-199
-173
-155
-123
-96
-56
-27
-1
24
69
117
125
125
147
208
258
264
260
263
298
345
381
389
388
394
405
432
450
460
445
438
436
436
427
399
397
381
350
311
280
276
258
225
179
142
113
87
68
46
16
-25
-55
-67
-70
-93
-127
-135
-144
-143
-154
-167
-160
-153
-162
-167
-163
-145
-123
-120
-110
-97
-82
-56
-46
-34
-13
18
35
48
63
80
105
118
124
123
128
135
148
150
145
141
138
126
105
97
80
52
34
13
-12
-50
-88
-113
-140
-177
-217
-263
-307
-327
-342
-373
-417
-459
-482
-480
-492
-506
-538
-567
-554
-537
-528
-531
-535
-529
-506
-474
-461
-445
-429
-401
-357
-316
-289
-270
-230
-173
-110
-73
-48
-12
38
112
171
212
235
276
338
404
448
481
502
539
592
620
650
668
687
696
707
730
737
727
716
716
715
703
676
644
621
595
558
509
464
431
381
329
266
213
163
102
56
-4
-59
-108
-162
-207
-248
-286
-326
-376
-413
-427
-440
-461
-485
-500
-495
-495
-502
-496
-478
-457
-444
-420
-389
-357
-324
-294
-254
-224
-185
-140
-102
-61
-12
29
53
88
124
173
203
215
235
259
294
312
324
317
321
323
313
321
322
311
281
244
222
210
189
159
117
74
35
-4
-29
-53
-100
-157
-213
-252
-274
-313
-355
-402
-433
-466
-500
-531
-551
-576
-609
-618
-628
-627
-639
-637
-622
-610
-599
-587
-551
-516
-474
-446
-409
-361
-303
-244
-191
-140
-92
-41
19
86
150
201
242
296
355
411
460
501
543
585
617
649
679
704
735
751
755
753
753
768
770
755
736
715
702
684
654
625
583
552
511
466
423
376
329
275
237
182
128
72
24
-13
-60
-110
-170
-213
-244
-278
-320
-354
-379
-404
-421
-449
-462
-474
-475
-478
-489
-488
-476
-463
-449
-439
-434
-411
-403
-394
-368
-349
-324
-301
-286
-266
-241
-211
-184
-155
-139
-131
-107
-78
-46
-25
-19
-4
15
33
58
65
64
73
80
93
96
93
98
101
110
113
104
95
86
95
90
73
64
52
44
45
30
15
2
-14
-19
-30
-44
-56
-78
-86
-88
-97
-113
-134
-133
-127
-124
-123
-136
-147
-138
-119
-106
-109
-121
-106
-76
-47
-32
-37
-32
-8
28
47
55
69
96
120
132
149
172
201
210
221
236
249
266
278
284
293
289
287
301
305
312
308
293
280
284
276
276
266
254
248
233
234
223
212
197
178
167
160
150
145
136
128
116
91
84
71
58
34
18
15
10
-10
-38
-53
-62
-71
-96
-111
-129
-131
-138
-156
-179
-193
-199
-198
-204
-230
-243
-255
-247
-244
-245
-269
-282
-278
-267
-254
-262
-267
-257
-250
-243
-228
-238
-230
-212
-199
-191
-194
-193
-184
-165
-165
-161
-173
-170
-151
-141
-138
-142
-150
-149
-129
-121
-111
-115
-119
-110
-91
-84
-78
-80
-75
-62
-58
-44
-34
-21
-19
-18
-4
14
19
33
45
49
66
77
96
110
117
123
140
156
178
188
194
202
212
228
243
248
253
268
275
283
287
294
300
307
306
304
310
311
310
312
311
296
295
283
279
273
263
249
235
218
209
202
180
166
148
140
122
98
79
71
49
31
19
3
-9
-30
-45
-52
-58
-81
-98
-114
-121
-129
-139
-148
-161
-172
-187
-190
-194
-195
-205
-210
-215
-216
-216
-216
-212
-212
-206
-213
-203
-193
-182
-182
-183
-182
-173
-165
-163
-155
-149
-143
-146
-133
-126
-127
-127
-126
-122
-114
-121
-126
-111
-112
-117
-126
-123
-115
-118
-123
-119
-118
-109
-110
-119
-106
-93
-89
-84
-76
-76
-59
-50
-46
-41
-24
-15
-6
4
9
27
40
58
57
68
80
91
113
126
139
142
154
164
185
198
202
207
220
234
240
249
255
254
262
263
258
263
265
266
261
258
242
238
239
235
228
215
198
186
183
169
163
145
133
110
91
90
87
75
53
27
12
13
9
4
-17
-38
-51
-50
-52
-68
-87
-97
-101
-108
-108
-119
-117
-126
-131
-134
-138
-146
-150
-148
-141
-140
-162
-162
-156
-146
-147
-160
-165
-157
-150
-147
-147
-161
-157
-157
-154
-153
-155
-158
-149
-151
-147
-143
-154
-155
-157
-154
-156
-157
-163
-159
-158
-157
-158
-160
-157
-161
-161
-160
-157
-159
-156
-152
-142
-135
-127
-124
-115
-103
-98
-85
-73
-68
-51
-30
-19
5
19
40
60
72
89
107
128
148
163
181
205
214
234
253
268
279
286
297
310
326
333
334
338
343
349
358
353
349
350
349
347
344
334
331
323
313
308
294
280
263
255
243
222
202
189
172
145
125
106
81
55
35
6
-14
-39
-62
-83
-104
-128
-145
-168
-188
-202
-215
-222
-237
-250
-265
-277
-277
-285
-299
-300
-306
-309
-304
-300
-291
-283
-281
-274
-261
-244
-227
-221
-213
-197
-189
-174
-157
-146
-133
-118
-107
-91
-79
-77
-73
-56
-50
-52
-43
-40
-29
-23
-20
-19
-19
-23
-24
-25
-24
-25
-38
-38
-37
-42
-46
-50
-58
-53
-54
-61
-60
-56
-53
-54
-53
-49
-41
-31
-24
-24
-14
-6
4
14
25
35
49
64
75
89
100
114
118
139
157
163
177
189
205
225
231
239
249
253
262
270
278
290
286
292
300
295
302
297
292
293
279
269
269
263
246
230
217
202
183
164
147
127
108
85
71
56
35
13
-7
-20
-37
-58
-80
-101
-110
-121
-140
-158
-172
-185
-195
-210
-223
-231
-233
-239
-249
-250
-250
-250
-248
-250
-252
-253
-246
-240
-238
-229
-228
-222
-212
-203
-189
-176
-169
-152
-143
-133
-116
-103
-87
-80
-73
-60
-46
-30
-21
-19
-10
-5
2
6
7
12
7
9
14
10
9
9
4
9
5
3
1
-5
-5
-8
-10
-12
-14
-13
-16
-20
-16
-18
-15
-20
-25
-11
-6
0
7
10
21
30
41
53
58
63
75
86
98
108
117
125
133
147
159
172
174
184
200
206
210
216
224
233
239
244
247
244
251
249
251
243
224
218
219
213
213
197
181
175
162
157
143
122
103
91
72
59
42
17
2
-18
-48
-62
-78
-104
-108
-128
-150
-167
-189
-198
-201
-221
-237
-251
-259
-255
-267
-274
-281
-292
-293
-293
-288
-290
-289
-285
-274
-261
-249
-245
-228
-212
-204
-186
-175
-161
-142
-129
-116
-100
-84
-70
-48
-36
-22
-7
6
24
42
55
64
73
84
97
105
114
123
131
136
137
147
154
154
154
147
146
147
143
145
140
133
128
121
114
108
96
88
77
70
63
55
44
32
24
22
10
7
1
-7
-5
-13
-15
-17
-26
-30
-30
-33
-35
-27
-23
-20
-18
-18
-13
-1
0
-1
12
12
20
25
28
37
34
37
45
44
49
58
59
69
69
62
70
67
65
60
52
50
49
50
47
36
38
33
28
25
11
4
-2
-10
-15
-19
-31
-32
-40
-43
-51
-62
-62
-67
-75
-77
-84
-87
-91
-92
-90
-93
-101
-99
-100
-96
-97
-101
-92
-94
-92
-87
-86
-82
-74
-67
-61
-55
-50
-37
-29
-19
-10
-3
7
9
20
24
30
42
51
58
64
67
79
86
90
101
104
104
109
111
119
121
116
117
113
109
105
107
103
99
97
97
90
86
80
76
69
58
54
48
40
34
26
23
18
6
-1
-10
-12
-10
-25
-30
-40
-49
-51
-59
-71
-69
-78
-79
-76
-82
-77
-90
-94
-91
-93
-92
-90
-97
-88
-79
-87
-83
-83
-82
-80
-82
-82
-81
-72
-72
-67
-64
-65
-71
-68
-58
-54
-57
-56
-56
-59
-49
-48
-50
-47
-49
-48
-37
-36
-31
-27
-22
-21
-20
-12
-12
-8
3
10
10
13
15
22
26
30
34
37
45
45
50
59
60
64
67
66
66
64
69
73
73
75
80
78
82
89
82
90
87
88
88
89
88
91
88
84
85
82
83
75
72
70
71
72
73
73
64
58
63
60
61
57
39
37
36
30
32
27
20
18
10
10
11
1
6
1
-9
-11
-14
-20
-20
-24
-29
-27
-30
-34
-28
-29
-33
-38
-39
-40
-43
-43
-44
-47
-47
-39
-45
-43
-45
-44
-44
-43
-42
-42
-38
-46
-51
-47
-51
-56
-53
-59
-62
-59
-64
-56
-57
-60
-56
-64
-69
-67
-71
-76
-76
-83
-83
-84
-89
-83
-81
-86
-80
-78
-78
-74
-71
-64
-61
-66
-64
-57
-59
-60
-52
-47
-42
-35
-27
-26
-19
-15
-10
1
1
-1
6
15
17
27
35
37
42
52
58
61
64
67
77
83
83
84
87
98
101
102
108
104
104
109
112
110
111
108
109
111
106
103
100
99
89
84
75
68
67
61
57
54
47
37
32
25
19
9
1
-4
-12
-17
-24
-29
-32
-39
-45
-44
-50
-52
-51
-53
-50
-50
-54
-51
-51
-50
-45
-45
-42
-41
-43
-40
-35
-33
-31
-23
-18
-11
-5
-2
5
6
6
8
11
11
9
8
11
14
7
10
13
7
5
2
-2
-6
-9
-18
-19
-26
-34
-38
-37
-39
-48
-52
-54
-60
-64
-64
-73
-80
-86
-95
-98
-98
-103
-108
-107
-111
-113
-108
-104
-103
-96
-94
-91
-85
-80
-73
-70
-63
-59
-57
-46
-37
-32
-16
-8
3
16
23
36
47
55
66
69
81
87
88
99
103
106
113
117
117
126
129
130
133
139
137
137
136
130
128
126
120
118
112
105
102
97
92
86
80
71
67
57
51
47
34
27
22
12
6
-3
-10
-12
-21
-28
-32
-38
-45
-52
-53
-58
-67
-64
-72
-72
-71
-76
-69
-63
-64
-63
-62
-64
-62
-62
-56
-57
-53
-51
-49
-45
-43
-38
-39
-36
-31
-28
-22
-16
-16
-10
-9
-11
-12
-6
-6
-11
-6
-6
-8
-2
-3
-5
-1
-6
-3
-9
-11
-13
-16
-16
-19
-28
-26
-33
-39
-38
-40
-36
-40
-38
-36
-42
-43
-41
-46
-43
-46
-48
-45
-49
-48
-46
-42
-42
-37
-32
-26
-24
-18
-10
-5
-7
-1
4
4
8
12
16
21
22
27
42
44
50
60
67
67
72
73
75
78
74
80
82
80
79
86
87
88
89
88
91
89
89
91
88
81
78
77
69
65
56
57
53
51
48
47
48
41
38
37
31
25
23
15
12
4
-4
-7
-7
-13
-18
-18
-24
-23
-24
-28
-32
-37
-47
-45
-49
-55
-58
-65
-62
-69
-71
-70
-71
-72
-72
-76
-72
-74
-72
-72
-75
-71
-79
-78
-70
-75
-73
-61
-68
-64
-59
-56
-58
-48
-46
-48
-36
-38
-40
-36
-31
-38
-30
-24
-23
-16
-6
-5
-2
7
2
7
7
6
10
8
12
17
20
24
26
27
32
32
37
39
41
44
41
43
43
36
38
34
35
38
38
41
46
42
42
45
39
39
39
31
29
29
19
23
23
20
19
19
18
18
16
18
22
20
22
20
19
15
9
9
7
10
9
12
14
14
12
10
15
17
18
26
25
20
23
16
10
18
11
14
20
18
19
17
16
16
11
11
13
9
4
5
0
-3
-2
-9
-6
-8
-12
-13
-13
-18
-17
-19
-19
-24
-31
-35
-45
-47
-49
-51
-49
-49
-53
-47
-55
-57
-54
-57
-61
-58
-58
-59
-56
-60
-60
-59
-62
-59
-50
-53
-46
-44
-41
-37
-35
-30
-23
-22
-21
-17
-14
-13
-11
-6
-4
3
0
11
16
13
20
26
23
30
31
29
35
30
29
32
38
33
36
39
43
44
46
48
44
42
41
37
34
40
32
34
32
32
30
31
34
32
31
32
27
27
31
25
29
29
21
20
19
15
14
15
19
20
22
25
23
23
23
17
22
20
15
17
16
15
12
11
13
13
12
17
14
12
10
5
4
3
-1
-5
0
-8
-11
-10
-11
-18
-16
-15
-17
-21
-20
-29
-32
-31
-41
-39
-38
-47
-50
-50
-53
-56
-53
-47
-49
-56
-49
-57
-64
-56
-61
-63
-52
-53
-53
-46
-50
-51
-50
-49
-48
-44
-33
-33
-28
-20
-23
-21
-21
-22
-15
-15
-10
1
2
10
14
15
18
23
26
29
30
36
35
37
39
42
42
45
49
52
57
61
60
64
60
57
57
53
56
49
50
53
46
48
53
46
49
49
40
42
35
33
31
26
26
23
15
15
8
2
8
3
3
6
0
1
-3
-9
-10
-13
-18
-17
-21
-20
-23
-26
-21
-27
-23
-22
-21
-19
-16
-19
-19
-20
-25
-24
-22
-25
-24
-17
-22
-21
-17
-17
-15
-10
-8
-6
-10
-9
-13
-17
-14
-19
-15
-8
-15
-11
-7
-17
-14
-17
-14
-12
-13
-11
-8
-11
-15
-18
-15
-21
-26
-23
-27
-26
-29
-28
-23
-25
-21
-15
-14
-14
-19
-22
-20
-26
-25
-19
-17
-18
-17
-16
-16
-15
-9
-5
0
2
5
7
5
8
12
14
18
26
27
27
29
31
27
30
34
33
39
39
38
44
45
41
48
53
46
48
49
47
42
43
45
44
43
43
39
38
28
23
28
18
22
25
20
22
20
14
16
8
6
3
-4
-7
-14
-11
-15
-19
-11
-14
-23
-20
-22
-28
-30
-31
-28
-33
-31
-27
-31
-29
-32
-38
-34
-40
-43
-36
-30
-32
-29
-23
-25
-30
-27
-33
-29
-29
-33
-24
-20
-22
-20
-17
-14
-13
-12
-9
-8
-6
-10
-12
-7
-13
-13
-8
-6
-5
-2
2
-1
4
3
3
9
6
6
7
5
0
1
-5
2
-1
1
2
3
9
1
11
11
16
10
14
10
14
5
6
10
4
10
5
9
10
14
8
16
18
14
17
14
17
13
16
13
23
16
24
23
21
25
14
22
19
16
17
25
21
24
21
30
26
19
29
21
28
22
20
23
19
14
14
14
9
10
11
9
6
10
2
4
2
-3
3
-2
0
-5
-3
-12
-18
-19
-24
-24
-23
-27
-23
-23
-32
-27
-32
-29
-33
-29
-29
-30
-30
-32
-34
-36
-38
-40
-36
-36
-33
-35
-27
-30
-30
-26
-22
-21
-20
-12
-14
-12
-15
-17
-15
-10
-13
-6
6
7
3
14
11
6
9
9
10
13
13
18
21
19
21
25
29
22
32
29
27
23
21
22
17
17
19
22
22
22
17
23
13
16
16
14
15
12
11
5
7
-1
0
1
-3
1
1
-1
-2
-1
-6
-4
-5
-5
-4
1
-4
-4
1
-8
-3
-11
-7
-5
-11
-5
-3
-6
-4
-3
-4
-3
-2
0
2
2
-1
2
1
-4
-2
0
4
3
1
8
4
-5
-4
-5
-8
-8
-4
0
5
1
2
9
1
0
-2
-1
-5
-11
-9
-8
-14
-10
-10
-7
-5
-12
-4
-5
-7
-5
-3
-4
-2
-7
-5
-5
-8
-9
-7
-5
-5
-6
-4
-4
-4
-6
-1
2
3
9
8
6
11
1
2
7
2
3
9
11
10
8
12
12
8
12
8
12
11
11
13
14
19
13
14
21
15
10
14
10
9
7
7
11
8
10
13
13
12
13
11
13
10
4
4
3
0
-4
2
1
-1
3
2
3
3
-2
-1
-6
-8
-7
-17
-12
-9
-17
-10
-8
