SAMPLES:	9968
BITSPERSAMPLE:	16
CHANNELS:	1
SAMPLERATE:	16000
NORMALIZED:	FALSE
2
11
5
5
10
10
2
-10
-14
-8
-1
-2
4
2
-5
4
0
4
9
-2
-6
-2
-4
-3
-2
5
-1
-9
-4
-2
7
-1
1
6
-1
3
7
0
2
2
1
1
4
0
-1
5
-3
2
5
1
-10
-2
4
-5
-5
-2
2
-2
4
6
10
-3
-9
13
4
0
-4
-2
7
-4
-6
-2
-7
-7
-7
-14
-2
7
-4
-3
-7
-10
-1
-10
-3
-9
-13
-4
-6
4
-2
-2
-1
-4
7
-3
0
3
-4
5
1
-4
-1
2
-6
2
6
2
3
-1
2
4
-7
0
3
-1
8
10
2
9
10
10
16
5
11
7
9
8
4
15
3
2
5
0
6
5
5
9
3
4
8
3
5
3
5
8
6
7
0
0
-10
-8
1
-5
-7
-6
1
1
-5
-5
-11
-5
-10
-3
-10
-12
-3
-13
-13
-10
-6
-12
-13
-10
-7
-15
-12
-5
-11
-4
-2
-8
-5
2
0
4
6
7
4
5
6
2
3
5
3
-1
-1
5
0
2
10
9
3
8
0
2
5
3
-1
-4
7
8
8
11
2
0
8
4
5
6
16
18
14
10
15
10
2
8
11
5
5
1
-2
-11
-3
-4
-9
-4
-11
-9
-6
-6
-6
5
-9
-11
-14
-13
-14
-20
-10
-4
-7
-6
-5
-4
3
-4
0
4
3
3
-2
-2
-9
-8
-4
-11
-6
-8
-8
-3
2
1
-3
2
1
2
4
6
2
4
13
0
-5
5
4
8
6
-4
-2
-5
1
-1
0
-8
-8
-6
-10
-5
-14
-9
-10
1
-3
-14
-2
-1
-10
-6
3
2
2
-1
2
9
6
3
10
6
-2
4
8
5
-1
7
8
4
12
9
10
14
11
8
9
8
6
7
9
10
-3
3
4
4
2
-8
-9
-6
-9
-7
-7
-11
-4
-6
1
-6
-3
4
-3
0
-9
1
-4
-13
-4
-8
-4
-1
2
2
-6
-10
-2
1
3
-1
-1
0
5
3
-3
3
-1
5
-2
3
7
4
5
6
7
2
1
-1
0
-4
-9
-6
-6
6
2
2
-1
3
8
0
-2
-8
-8
-5
0
3
-12
-6
-5
-11
-4
-9
-9
-1
-3
-4
0
-6
-5
-1
1
-3
-15
-4
1
-6
-4
-3
-1
3
3
-5
-11
-7
-1
2
-4
-7
-2
3
2
-2
1
6
14
16
9
1
-1
1
-1
-2
0
-3
-9
1
5
1
-4
-3
8
7
6
7
6
5
9
3
4
4
2
0
5
3
5
8
4
12
6
6
15
21
14
18
20
5
10
3
4
1
3
1
-1
2
-2
2
0
-3
-8
2
11
6
-2
-1
-7
-6
-6
-21
-14
-9
-14
-14
-5
-11
-5
-4
-7
-6
-3
0
1
0
-7
-3
5
4
1
2
-2
-2
-5
-4
5
2
-2
-2
2
4
0
-3
-8
-6
-8
-1
-8
-8
-9
-4
-7
-6
3
-5
-2
-8
4
6
-4
-3
2
3
6
3
0
2
-1
5
10
0
3
9
4
-2
-1
2
-2
1
-2
-7
-4
-2
3
-3
2
6
-6
1
-1
-8
-6
-2
-3
-6
-3
3
-2
-1
3
2
6
3
6
16
12
0
7
13
8
10
9
6
10
4
8
14
9
2
0
5
6
1
-1
-3
-1
0
3
2
4
7
-3
0
-6
-11
-2
1
-2
5
7
0
4
-1
2
5
2
-4
-4
-5
-4
1
-13
-7
-10
-8
-3
-10
-11
-8
1
-6
-5
-3
-6
-8
-8
2
0
1
6
6
4
6
9
4
5
5
4
7
4
5
0
-3
-3
-13
-7
-1
-4
-1
3
-2
-2
5
5
0
2
4
5
-5
-6
-10
-12
-8
-4
-7
-7
4
-1
0
1
0
-13
-6
0
-1
5
-6
-4
-7
-2
1
1
9
15
13
10
5
0
9
8
8
0
-2
9
10
3
3
4
-1
0
-2
5
0
-7
-5
-6
-2
-3
-6
-4
-6
-2
5
8
2
4
4
3
11
7
-3
3
7
7
6
6
4
3
11
4
8
2
-2
4
-1
-2
1
-8
-2
-4
-11
-2
-3
-2
-7
-8
-6
-8
-7
-9
-6
-2
-14
-7
-3
-2
-6
-5
1
-2
-4
-1
3
1
6
2
5
7
3
0
5
4
-2
-1
-3
-6
-4
1
-8
2
3
0
8
3
-2
9
2
-3
6
4
10
7
9
12
3
-2
7
6
0
6
4
7
13
6
-2
3
3
4
8
5
8
13
10
6
4
18
8
-1
8
5
6
10
8
-6
-4
-11
-7
1
-7
-1
-5
1
-2
-3
-2
-10
-6
-6
-9
-9
-5
-8
-9
-4
-10
-12
-5
-7
-8
-6
-6
-4
-1
-5
-4
4
1
-7
2
-6
-1
-4
-7
-1
0
-3
-6
-10
-14
-3
-6
-7
-4
-3
-2
-4
-6
2
-4
5
5
2
8
-2
8
-1
-5
-2
8
10
5
8
-1
7
3
0
-7
1
3
-2
3
7
9
7
10
-3
8
5
-10
-4
-6
-4
-3
-2
-1
1
-1
2
-4
-2
-1
6
7
2
6
1
5
4
1
7
-2
-8
6
3
7
4
-3
5
0
-3
-2
6
5
-3
0
15
10
8
9
2
15
6
8
10
8
10
10
7
8
5
1
7
3
0
-7
-3
-3
-11
-10
-11
-10
-5
-4
2
5
-5
-1
-3
-5
0
3
6
1
-2
0
2
1
-3
-7
-6
-9
-6
1
-1
0
-4
-3
-5
-10
-5
-3
-3
-6
-8
-7
-7
-3
-9
-16
0
-3
-10
-7
-6
-7
3
3
1
3
6
6
3
13
-4
1
5
3
-1
-9
4
2
-4
1
-4
-3
-1
2
6
1
-2
6
11
15
8
12
15
14
13
10
8
12
2
7
15
8
13
8
5
4
1
4
4
-4
0
2
-4
-7
-6
6
-1
-13
-11
-9
-6
-12
-9
-9
-6
-4
-7
-3
-1
0
-7
-6
-8
-4
-6
-11
-8
-19
-22
-16
-18
-11
-6
-7
-4
-5
4
1
2
10
0
0
-5
5
2
-1
-5
-3
4
-7
-5
-1
1
0
1
1
5
5
1
10
3
-1
0
5
7
-4
2
2
1
0
-4
-6
-3
-8
-7
2
1
3
-1
2
4
-4
4
2
4
7
8
5
3
-1
2
0
-6
2
-3
-2
-4
0
9
1
-5
3
2
-4
7
7
3
4
1
1
1
2
7
5
7
7
1
9
-1
-3
7
-4
3
2
3
3
-2
1
-8
-8
-5
-3
-10
-5
3
2
-4
1
0
-8
-8
-11
-8
-3
1
-7
-2
0
-10
-2
-12
-9
-4
-8
3
2
-1
3
-3
-7
-1
6
4
1
-1
-2
2
5
2
5
4
1
1
4
2
3
1
-11
-3
-3
3
13
9
5
7
4
-1
14
5
0
-2
-1
8
7
3
7
10
9
9
2
9
10
12
4
-1
4
-11
-1
4
2
3
-13
-2
-4
1
-1
-1
13
5
2
-1
4
6
4
2
8
5
6
-7
-7
-4
-4
-1
-14
0
-13
-26
-23
-19
-2
-8
-8
-6
-1
7
-2
0
-2
0
-2
-12
-11
-9
1
-11
-15
-4
-23
-22
-10
-7
2
-6
-6
-11
7
-12
-16
0
5
6
-5
10
1
-2
-1
9
11
22
7
1
2
15
-5
-3
9
-7
-23
-3
12
3
-3
6
18
9
19
0
-15
-26
-14
-18
-24
-27
-8
-3
14
-8
-29
31
-26
14
13
4
-23
-35
47
-9
30
24
8
20
31
29
-15
-5
31
24
6
-10
18
-11
-22
15
20
-5
-13
23
3
-12
-34
-27
42
-31
-27
-16
-5
5
7
16
-48
10
-9
12
36
33
-12
28
34
-46
-16
-60
53
52
64
42
-9
8
33
85
103
12
27
-36
-106
-86
-412
-108
-155
-17
20
-105
-41
-244
153
140
104
196
-63
132
110
25
-12
-9
215
186
136
198
-75
16
52
157
106
-324
-16
-203
-223
-242
-180
-97
-200
5
60
-149
-140
-11
283
279
45
166
-1
-97
126
17
94
-127
195
49
42
71
-143
-34
96
391
56
-99
-61
27
-414
-48
-159
-66
-261
155
51
-282
-86
-179
56
93
112
-81
-15
44
-197
-111
63
99
48
245
404
80
47
108
287
-68
163
91
-38
-61
-116
-126
-172
-126
-11
-138
42
-176
-13
-102
9
46
-195
56
35
88
-1
-15
330
-164
348
36
27
5
108
286
-153
323
-147
-205
-79
206
-190
-226
165
81
-259
157
47
-466
-79
395
40
-412
144
26
-475
77
201
-218
-407
333
205
-148
113
120
-231
86
292
-89
-222
351
120
-213
245
180
-183
-105
309
347
-312
222
-319
115
-361
-18
-107
-413
495
-409
176
-446
347
-295
-174
556
-94
-114
-14
297
-101
-175
180
102
-48
166
188
129
-408
230
356
-261
150
-254
406
-557
427
-384
-35
15
-195
84
-264
373
-464
227
10
300
-20
-536
369
108
73
-378
351
-13
-232
125
-219
424
-265
-94
244
203
-44
-211
341
-414
76
494
-405
47
160
405
-1080
647
271
-522
98
73
517
-842
485
-52
-705
507
49
128
-872
840
289
-1279
814
87
-64
-474
643
236
-899
685
-136
-284
189
307
-105
-380
462
-129
-43
-105
327
-119
-132
171
-256
465
-505
396
-270
-66
275
-445
455
-740
649
-148
-361
148
79
232
-652
364
428
-318
-135
511
-339
156
-45
479
-589
27
728
-731
229
-352
495
-475
332
-90
-315
173
-36
294
-630
618
-168
-118
56
-4
234
-707
768
-172
-136
-149
103
237
-122
-158
-45
67
4
-75
-107
203
-493
614
-195
-164
88
304
195
-791
848
-169
-71
4
-27
24
-624
959
-506
-131
-161
447
-243
-315
416
-89
-219
128
236
-255
-232
217
310
-508
371
-213
150
-189
268
110
-468
401
-170
398
-240
85
64
-279
369
-384
363
-138
183
-246
-61
147
45
86
-234
-22
136
-22
-99
-108
-128
22
-244
355
-129
-18
-159
191
134
-87
69
14
249
-4
41
-188
229
94
28
162
-453
299
97
-208
-230
110
393
-552
-26
-118
-84
510
-347
-195
-217
459
235
-796
263
-26
390
-558
210
538
-617
280
79
242
-465
420
59
-99
137
-77
-173
4
283
28
-302
-182
304
109
143
-625
459
-422
271
71
-5
62
-696
834
-264
-47
-463
388
330
-343
238
-130
-222
117
489
-291
-137
148
-139
-128
355
103
-652
298
104
158
-49
266
-373
-227
215
509
-95
-779
-28
460
488
-976
57
231
105
46
-84
-290
-325
548
443
-791
-1
260
-206
231
287
-45
-837
537
995
-884
44
-91
198
111
169
-369
-554
1000
137
-885
-282
903
-337
108
-306
-39
-126
620
-100
-937
533
523
-261
-368
164
222
-162
-33
247
-358
525
-61
48
-168
236
16
-269
405
-143
-233
157
354
-668
-171
511
110
-242
-348
354
-227
542
-439
-162
169
143
215
-439
240
-211
378
-221
131
-156
10
278
-270
41
-267
479
-232
-167
97
161
-91
76
-289
346
-45
107
-268
481
-140
-580
377
98
133
-753
308
-223
273
139
-855
307
25
886
-941
16
450
-273
717
-1008
1067
-876
338
441
-518
332
-585
1068
-927
89
582
-512
351
-591
565
-384
48
476
-543
346
-520
645
59
-474
204
222
-27
-508
517
-78
-471
338
143
-256
-434
764
-170
-339
363
110
-343
-235
1174
-231
-634
-58
395
492
-652
388
-568
-138
569
-323
-54
-498
693
-253
-550
213
64
149
180
-340
-243
142
686
98
-1008
489
-358
951
45
-362
-719
278
1080
-821
174
-192
-28
74
631
-122
-1203
587
263
156
-200
-117
-302
-140
907
-82
-484
-466
101
689
-220
312
-936
-62
831
-48
-20
-566
312
66
498
535
-980
-351
522
846
-100
-1183
-24
408
856
-355
-612
-356
64
666
192
21
-488
-1103
655
1361
-8
-1751
-336
965
579
-214
-390
-483
422
258
222
-92
-482
542
-546
609
106
-11
-633
-8
653
21
-397
81
-705
848
387
-575
-326
23
494
-544
907
-555
-1205
1148
254
161
-1012
220
302
-72
970
-1054
-50
-148
987
369
-928
-544
141
1000
-32
-483
-293
-433
1264
148
-547
-807
149
1202
-550
191
-1040
420
836
-230
-150
-1388
1342
292
-102
-246
-637
212
83
1388
-1096
-788
327
862
-306
95
71
-865
532
212
324
-748
339
-111
-198
1114
-906
-359
237
731
-400
-608
854
-759
240
827
-11
-1195
-131
787
679
-572
270
-832
-102
1151
81
-494
-953
812
-72
320
398
-885
-216
372
218
-222
83
-4
-483
632
365
-791
-262
378
769
-413
-341
-177
215
693
-217
-420
-845
1182
-83
-4
-585
42
118
273
-9
-1088
795
188
147
-711
-226
238
459
188
-691
480
-661
-77
579
829
-585
-1672
1270
653
385
-695
-602
191
-459
1422
-321
89
-554
-330
653
-721
1019
-915
537
-416
49
230
-66
558
-1279
248
-4
814
-114
-258
263
-566
484
-743
516
904
-409
-400
-946
1442
-52
42
-834
-829
1471
-11
-15
-882
523
324
-665
560
-164
239
-533
573
494
-1222
455
-365
1289
-472
-518
-554
-336
1844
-170
-342
-476
-685
807
720
308
-1631
-162
1589
-208
-299
-563
657
-81
-528
-318
903
675
-290
-1045
-769
965
1241
110
-2666
629
1754
-429
-1181
199
1349
-184
-1384
-590
837
2360
-913
-2333
-51
1727
1062
-1527
-442
-442
836
840
-225
-684
-334
971
-352
-516
-53
510
766
-352
-648
-872
827
686
408
-802
-1207
478
1123
682
-1165
-396
-215
428
273
-167
141
219
-388
-634
-60
1410
292
-1581
-422
107
1815
-127
-1299
-98
525
638
-1617
532
811
61
-92
-911
270
201
425
-454
-339
248
-39
145
721
-746
-486
179
149
257
-468
1214
-320
-721
-336
112
1544
-790
-587
-676
1536
1322
-1959
-875
743
1746
-461
-1548
-2
1357
526
-1088
-1170
858
1121
-151
-1454
-595
1678
518
-1421
-968
1665
785
-1390
-853
782
907
226
-871
-344
672
905
356
-2148
52
975
1546
-65
-1390
-251
-445
1824
327
-1423
-812
1612
811
-1317
-628
60
715
176
-695
-1261
1131
1495
-575
-2328
-808
2025
707
-34
-1428
-542
574
894
-314
-812
142
132
468
-1
20
-675
225
444
-464
762
-106
-19
-129
-283
590
-1117
1335
-364
329
-162
-769
316
-1096
1456
106
-983
-432
461
610
-1398
-26
-465
176
1233
-644
-812
-813
929
564
-1707
387
372
418
13
-1071
7
-132
1779
-1336
-856
1255
823
-194
-1238
471
-235
716
1008
-1107
-405
270
544
-331
-309
135
-748
995
-241
-529
-157
-443
503
-617
843
-481
-504
640
-314
514
-1087
1149
869
-217
-505
-78
1579
-33
806
-1073
237
2098
567
-1218
-725
2584
-86
-526
372
579
-9
-229
526
-631
854
609
-1002
-911
915
440
-363
-132
-123
-485
685
588
-709
-425
224
717
723
383
-432
-236
818
1098
135
349
645
652
538
163
-187
214
731
106
-822
226
46
-669
-1510
-1269
-546
-288
-1000
-2011
-2002
-1391
-717
-1392
-2057
-1488
-640
-875
-1255
-1060
-614
-373
-43
71
-56
328
574
289
546
854
1275
868
620
575
594
983
877
373
-70
311
543
19
-399
-897
-548
-62
-409
-663
-1042
-1134
-656
-704
-570
-499
-720
-335
-45
59
-241
358
687
395
308
1303
1403
1156
937
947
1256
1943
1730
665
1216
1223
1406
1016
1197
735
131
559
280
507
389
258
-347
-880
-7
305
450
-409
-1046
-205
302
1088
391
-278
285
370
1058
1488
1339
1037
839
795
1311
2079
1671
322
-90
-191
481
1136
820
-1016
-2510
-2667
-1607
-167
-1059
-2788
-4384
-4170
-2390
-1801
-2696
-4228
-4240
-2828
-1751
-1482
-2854
-3018
-1913
-652
-91
-195
-67
-235
-156
346
1476
2342
1908
770
443
1574
2599
2213
1255
1000
1317
1542
935
337
431
255
271
31
-35
-605
-942
-1068
-1139
-605
-629
-850
-1371
-1650
-1262
-854
-584
-1027
-1181
-677
-63
-257
-408
-323
323
696
545
839
738
1112
921
1037
1668
1676
1519
1118
1187
1428
1534
1525
1077
1029
886
1082
867
404
259
278
505
503
167
-190
-388
-574
-225
348
294
-194
-464
-382
-66
482
993
545
248
419
1023
1249
1316
1341
1555
1477
1949
2391
2176
1833
1739
2166
2160
2921
2628
2010
1135
391
106
385
1838
1698
-98
-2647
-3695
-2864
-712
93
-2271
-4963
-5915
-4319
-2408
-2750
-4730
-5622
-4373
-2754
-2653
-3952
-4653
-2902
-1331
-732
-1040
-1495
-1203
-1171
-181
1150
2476
2151
348
-312
963
2697
2653
2036
1550
1860
1585
728
368
862
1493
826
464
161
-109
-1058
-1679
-873
85
45
-1261
-2293
-2317
-1386
-943
-1340
-1718
-1897
-1293
-1107
-1271
-1421
-1451
-873
10
308
-85
-427
-621
204
1313
2108
1591
714
744
1310
2196
2286
2014
1791
1906
2082
2094
1749
1587
1398
1636
1984
1742
1115
514
581
810
978
774
322
284
123
350
522
834
731
371
533
675
1121
1262
1489
1561
1800
1981
1994
1976
2008
2529
3031
2991
2551
2182
2646
2844
1735
91
-275
1311
2764
1565
-1623
-4565
-4375
-1374
596
-897
-4974
-7563
-6611
-3612
-2264
-4350
-6949
-6959
-4813
-3636
-4484
-5423
-4651
-2927
-2068
-2117
-2514
-2416
-2202
-1359
636
1822
1485
-432
-1557
404
2807
3184
1813
973
1496
1739
1475
870
1362
1826
1720
839
480
596
-129
-531
-97
1113
1078
-582
-2257
-1805
-249
629
-297
-1331
-1587
-1398
-749
-799
-662
-712
-563
-219
-58
-250
-962
-862
584
2136
1940
400
-727
31
1976
3092
2419
1128
913
1616
2503
2313
2055
2039
1897
2247
2073
1728
1323
1351
1788
1892
1478
621
48
411
1062
1195
913
381
236
97
398
890
904
834
786
735
1234
1523
1767
1653
1534
2083
2511
2557
2512
2571
2650
2957
1862
418
-127
1373
3149
2248
-1114
-4383
-4384
-1119
1075
-628
-5052
-7807
-6739
-3527
-2560
-5006
-7666
-7588
-4890
-4133
-5697
-6875
-5792
-3222
-2259
-2906
-3935
-3605
-2697
-1647
444
1644
979
-1200
-1398
911
3671
3756
1640
1216
2401
3338
2516
1490
2067
3193
3065
1820
950
964
744
515
1097
1537
748
-1043
-2271
-1367
261
407
-1050
-2282
-2400
-1732
-1277
-1442
-1596
-1628
-1268
-1177
-985
-1269
-1523
-722
594
1414
900
-198
-511
970
2642
3129
2167
1318
1592
2448
3151
3162
2899
2543
2497
2570
2591
2284
1879
1805
2162
2032
1067
194
7
739
1122
709
-112
-363
-52
120
83
38
322
625
685
537
607
1153
1907
2213
2209
2065
2202
2387
2976
3515
3660
3458
2049
863
700
2216
3305
2475
-266
-3231
-3455
-1235
775
-410
-4271
-6910
-6453
-3741
-2765
-4939
-7173
-7315
-5193
-4312
-5786
-7062
-6037
-3473
-2498
-3382
-4557
-4326
-2930
-1511
-148
210
-416
-1688
-1514
768
2482
2213
572
429
1877
2455
1637
603
1397
2564
2262
1099
179
385
676
722
897
1020
186
-1314
-1509
-386
793
329
-1151
-1668
-1322
-649
-564
-735
-862
-949
-657
-224
86
-205
-901
-512
1131
2390
1509
-166
-315
1490
3313
3191
1996
1002
1647
2991
3428
3006
2466
2632
2932
2895
2577
2275
2172
2460
2542
2072
1372
780
709
1179
1330
1076
206
-420
-103
362
529
-77
-461
-342
172
369
148
82
564
1056
1128
1054
972
1450
2003
2191
2196
2264
1479
391
183
1616
2792
2157
-637
-3409
-3029
-255
1587
-341
-4387
-6667
-5218
-2253
-2011
-4607
-6756
-6178
-4177
-4153
-5833
-6318
-4662
-2612
-2774
-4103
-4758
-3790
-2295
-1200
-88
-248
-1353
-2289
-1035
1647
2785
1405
-111
609
2336
2587
1430
906
2186
3077
2166
831
472
1403
1640
1523
1290
827
-16
-842
-479
593
928
-190
-1488
-1434
-1086
-930
-1177
-1186
-726
-919
-1299
-1722
-1249
-1031
-646
203
657
169
-981
-758
923
2581
2490
987
472
1533
2911
3058
2582
2680
2981
3273
3068
2888
2851
3012
3239
3243
2822
1807
1370
1867
2307
1996
794
291
476
962
742
-139
-400
-297
137
75
-277
-504
-293
-70
509
459
617
463
621
997
1512
2069
1765
1546
165
-134
541
2514
2917
740
-2480
-3938
-1594
1573
1822
-2055
-6025
-6267
-3308
-851
-2206
-5473
-6743
-5005
-3028
-3906
-5809
-5688
-3285
-1529
-2622
-4489
-4956
-3139
-820
201
-41
-1665
-2642
-2018
578
2552
1840
-220
-923
1017
2329
1760
464
689
2288
2498
1201
114
297
1392
1797
1626
1002
55
-852
-591
822
1380
482
-1208
-1491
-672
-284
-771
-1078
-454
-201
-871
-1628
-1401
-749
-236
143
431
88
-790
-1036
364
2162
2500
967
-79
912
2522
3128
2343
2103
2573
3113
2981
2723
2697
3063
3295
3155
2830
2054
1691
2023
2582
2358
1368
452
554
1181
1186
435
-159
-207
207
173
-190
-367
-348
-69
221
507
232
180
287
739
1374
1580
1415
795
-82
-111
666
1838
1718
186
-2096
-3194
-1745
361
751
-2028
-5287
-5919
-3793
-1511
-2647
-5293
-6338
-4852
-3426
-4314
-5563
-5168
-2881
-1968
-3042
-4366
-4062
-2266
-891
-177
-277
-997
-1747
-1243
949
2565
2183
397
-33
1705
2773
2099
1061
1697
3006
2891
1376
506
1275
2282
2271
1591
1016
625
32
88
799
1215
529
-843
-1274
-675
-252
-735
-1248
-1122
-778
-943
-1556
-1738
-1291
-1156
-882
-503
-422
-1045
-1472
-914
395
1187
544
-296
-181
1052
1943
1847
1535
1769
2181
2412
2554
2733
2755
2776
2826
3011
2813
2330
2133
2470
2896
2292
1373
1049
1524
1935
1520
592
82
405
907
719
312
-156
-216
270
759
816
582
304
74
755
1414
1772
1406
60
-935
-442
1408
2328
903
-1537
-3535
-2497
-22
1166
-608
-4156
-5759
-4453
-1708
-1348
-3772
-5907
-5437
-3233
-2908
-4472
-5456
-3962
-1816
-1793
-3185
-4269
-3307
-1588
-294
87
-738
-1922
-2066
-225
1815
2138
398
-706
510
2181
2016
766
581
1886
2619
1633
438
464
1310
1606
1480
1265
796
11
-406
289
1244
954
-363
-1189
-695
-69
-293
-1023
-1268
-680
-490
-827
-1413
-1400
-1416
-984
32
178
-731
-1862
-1497
151
1475
995
-418
-754
356
1802
2002
1447
1191
1515
2131
2584
2706
2269
2116
2529
3142
3003
2130
1704
2432
3136
2788
1490
822
1398
2300
2258
1177
423
549
1059
1215
883
431
348
691
1004
1104
951
459
658
1241
1762
1707
1447
442
-498
39
1131
2063
1276
-947
-3265
-3068
-588
1051
13
-3525
-5925
-5197
-2550
-1357
-3186
-5472
-5894
-4229
-3454
-4359
-5243
-4322
-2489
-2167
-3292
-4181
-3651
-2057
-590
41
-466
-1758
-2226
-887
1647
2583
1080
-569
55
2002
2446
1463
807
1629
2650
1969
799
630
1339
1719
1646
1428
941
311
-262
240
1227
1128
-32
-1010
-802
-202
-237
-523
-632
-564
-860
-1237
-1129
-785
-573
-752
-592
-539
-870
-1068
-607
344
549
-105
-641
-126
810
1163
951
732
1027
1323
1411
1724
2063
2020
1848
1803
2008
2239
2097
1864
2051
2143
1887
1455
1219
1455
1691
1495
1133
828
760
898
978
934
763
731
652
857
1015
1266
1209
1006
1099
1518
1872
1983
1376
62
-93
928
2433
2063
-168
-2696
-2954
-590
1408
827
-2690
-5394
-4932
-2334
-739
-2407
-5076
-5812
-3965
-2681
-3628
-5010
-4466
-2411
-1713
-2803
-3871
-3540
-2087
-770
-33
-259
-1504
-2190
-1096
1382
2501
1116
-732
-350
1769
2421
1358
379
1102
2177
1889
854
541
952
1242
1321
1184
843
160
-325
130
932
789
-169
-873
-657
-100
-213
-928
-1119
-516
-308
-478
-1068
-1388
-1415
-739
400
397
-957
-2204
-1401
501
1548
465
-1357
-1319
149
1568
1264
251
34
509
1084
1346
1523
1166
1023
1307
1678
1801
1276
971
1509
2117
1897
960
401
936
2030
2097
1114
440
535
1402
1920
1518
988
730
1130
1775
2028
1846
1509
1675
1808
2263
2656
2649
2117
756
549
1410
2621
2538
628
-1425
-2326
-887
825
968
-1533
-4607
-5044
-3142
-1024
-1989
-4798
-6018
-4609
-2961
-3571
-5005
-4885
-3136
-2060
-2951
-3927
-3759
-2369
-1139
-615
-626
-1409
-1941
-1303
654
1978
1174
-452
-578
1218
2333
1573
483
642
1717
1884
1082
528
793
1230
1251
974
576
253
6
223
735
587
-138
-718
-728
-285
-211
-428
-605
-669
-872
-909
-559
-281
-396
-874
-761
-214
3
-333
-425
31
474
430
-69
-20
583
1059
1039
684
607
817
1058
1259
1471
1423
1073
906
978
1485
1611
1174
856
932
1135
1135
750
491
811
1083
850
562
399
555
934
987
875
799
819
855
1268
1575
1599
1543
1646
1707
2025
2421
2518
1735
636
583
1412
2732
2272
166
-2009
-2099
-305
1232
670
-2424
-4901
-4586
-2138
-628
-2456
-5150
-5751
-3747
-2370
-3418
-4881
-4445
-2391
-1656
-2534
-3597
-3349
-1824
-590
15
-257
-1245
-1871
-804
1490
2472
1195
-634
-319
1685
2569
1608
499
783
1762
1778
985
496
665
995
944
692
293
-129
-410
12
519
202
-533
-1155
-1021
-569
-488
-550
-735
-1001
-1339
-1134
-498
-92
-431
-1116
-934
-307
24
-112
-309
-34
307
180
-109
146
669
942
861
565
646
751
889
1236
1378
1201
839
708
1033
1562
1488
995
795
908
1244
1116
656
714
987
1053
812
540
569
997
1191
994
897
787
948
1207
1495
1688
1709
1676
1701
1755
1920
2405
2761
2527
1335
262
582
2327
3058
1502
-1258
-2776
-1282
1045
1443
-1217
-4423
-5133
-2989
-787
-1737
-4444
-6016
-4674
-2744
-2922
-4398
-4991
-3607
-2056
-2052
-3191
-3785
-2927
-1413
-6
123
-1085
-2165
-1502
917
2515
1606
-305
-562
1166
2405
2096
1064
829
1330
1591
1509
1142
936
712
724
997
972
241
-533
-251
475
591
-201
-1089
-1123
-723
-285
-144
-468
-1164
-2027
-1477
-225
604
-235
-1568
-2049
-1173
621
1069
75
-1277
-1368
-245
1131
1489
182
-653
-73
1390
1851
914
254
675
1744
1902
1297
638
783
1671
2078
1695
780
424
1079
1706
1605
763
125
349
1187
1476
788
82
12
725
1351
1190
635
244
628
1565
1824
1576
1184
1296
1664
2028
2332
2495
2327
854
122
955
2557
3026
956
-1680
-2602
-663
1442
1234
-1545
-4535
-4740
-2692
-678
-1561
-4279
-5625
-4455
-2727
-2826
-4024
-4302
-3049
-1964
-2339
-3124
-3269
-2210
-650
198
4
-1215
-1826
-663
1546
2672
1471
-332
-452
1338
2596
2252
1278
613
947
1301
1325
1086
676
368
336
566
229
-387
-773
-506
91
-148
-876
-1461
-1377
-935
-663
-622
-921
-1360
-1684
-1197
-462
-158
-388
-954
-981
-665
-225
158
375
34
-377
-248
324
945
825
426
536
909
1015
879
788
1115
1343
1177
998
1006
1059
1172
1382
1325
1101
648
561
1004
1228
953
543
544
780
871
655
668
946
1011
885
774
937
1203
1360
1527
1630
1491
1453
1648
2059
2286
2289
2062
2049
1654
858
868
1657
2318
1498
-375
-1834
-1441
37
826
-316
-2861
-4433
-3852
-1990
-1236
-2757
-4711
-4977
-3686
-2952
-3489
-4056
-3486
-2500
-2480
-2974
-3016
-2370
-1446
-709
-256
-377
-1144
-1309
-1
1763
2138
852
-339
305
1889
2372
1747
946
826
1118
1197
1120
1070
728
270
258
421
250
-259
-608
-289
55
-224
-842
-1257
-991
-437
-244
-556
-951
-1256
-1056
-385
40
-200
-844
-1047
-488
100
-63
-414
-355
-9
132
-63
-133
155
471
546
420
295
425
615
815
1067
1088
814
719
1024
1513
1612
1202
901
1059
1324
1409
1312
1196
1077
1083
956
987
1004
1024
996
909
869
742
700
794
1064
1070
866
851
1023
1354
1471
1384
1288
1253
1512
1784
1849
1237
348
375
1181
1986
1272
-345
-1735
-1598
-88
774
-118
-2501
-4165
-3635
-1644
-589
-2197
-4376
-4878
-3360
-2182
-2672
-3514
-3369
-2369
-2065
-2469
-2650
-2130
-1205
-645
-300
-487
-1122
-1231
-153
1643
1995
610
-690
-54
1706
2368
1580
486
340
829
1150
1165
864
389
119
316
652
420
-281
-603
-40
365
-116
-895
-1029
-452
-127
-360
-636
-753
-830
-861
-535
-152
-305
-897
-1170
-625
-131
-204
-673
-756
-306
-70
-326
-508
-238
43
204
127
33
118
339
709
963
896
645
731
1107
1411
1424
1201
1207
1320
1475
1585
1579
1434
1290
1211
1290
1444
1278
906
816
997
1135
924
558
555
792
987
921
713
649
859
1078
1189
1153
998
1011
1311
1596
1602
1082
347
545
1335
1788
1001
-320
-1259
-790
386
733
-386
-2348
-3269
-2552
-1120
-893
-2392
-3897
-3948
-2768
-2132
-2602
-3283
-3148
-2365
-2121
-2364
-2513
-2139
-1454
-897
-658
-882
-1271
-1107
-81
1037
1079
100
-607
3
1254
1583
1016
339
290
676
941
945
770
469
217
323
559
456
79
-114
154
353
49
-388
-467
-159
20
-166
-413
-466
-569
-637
-524
-270
-252
-615
-974
-864
-458
-340
-448
-712
-764
-627
-484
-274
-166
-178
-290
-172
88
372
520
512
648
805
884
962
1125
1383
1596
1614
1421
1387
1555
1859
1949
1700
1368
1213
1338
1548
1459
1140
871
723
748
804
778
582
391
353
459
555
543
492
581
739
874
895
873
962
1146
1421
1474
1264
801
664
1024
1543
1492
602
-386
-736
-138
563
384
-857
-2296
-2601
-1722
-858
-1311
-2719
-3493
-3078
-2315
-2321
-2829
-2970
-2647
-2346
-2491
-2603
-2290
-1842
-1459
-1213
-1037
-1244
-1375
-951
15
614
145
-529
-465
410
988
864
480
291
372
479
663
807
654
337
219
443
570
263
-9
116
414
280
-129
-319
-152
18
-77
-206
-274
-420
-561
-530
-302
-319
-648
-853
-695
-458
-612
-815
-777
-442
-279
-529
-703
-573
-165
62
83
-65
-111
121
473
842
909
764
741
1046
1409
1496
1504
1435
1494
1616
1730
1731
1586
1478
1511
1587
1479
1178
939
936
1052
934
606
371
351
493
503
371
182
105
228
493
686
587
458
648
1071
1272
1070
980
1339
1823
1867
1282
871
1101
1769
1999
1469
457
-263
63
805
1054
103
-1538
-2275
-1613
-590
-904
-2230
-3240
-3124
-2444
-2348
-2755
-3163
-3059
-2815
-2731
-2707
-2673
-2536
-2236
-1708
-1346
-1554
-1940
-1703
-648
188
-40
-761
-972
-236
534
730
493
210
132
236
613
924
864
356
23
375
771
561
-20
-195
237
491
97
-443
-525
-235
-81
-232
-460
-546
-687
-689
-445
-249
-340
-711
-848
-562
-206
-178
-326
-358
-346
-265
-113
180
360
197
45
212
552
766
769
715
856
1007
1041
1154
1309
1395
1372
1369
1433
1509
1385
1297
1372
1391
1216
986
955
1013
957
705
528
498
482
475
346
282
227
141
181
352
475
429
412
557
796
962
1070
1246
1410
1482
1535
1660
1995
2245
2150
1866
1574
1632
1891
2122
1735
971
236
5
406
637
205
-1021
-2109
-2266
-1706
-1319
-1997
-3133
-3775
-3444
-2976
-3107
-3493
-3658
-3355
-3180
-3281
-3257
-2981
-2558
-2266
-1989
-1920
-2008
-1916
-1369
-476
-220
-642
-1017
-638
241
560
304
-4
90
262
301
433
539
452
51
-90
176
363
176
-165
-97
119
66
-177
-179
96
168
22
-45
101
266
180
196
417
591
482
345
529
722
782
658
728
870
747
468
485
866
1025
760
314
143
377
772
930
633
90
-214
96
728
936
451
-140
-148
367
713
632
387
293
401
548
637
598
538
560
704
809
676
482
495
807
1011
867
541
464
756
1075
1153
975
811
892
1195
1517
1592
1436
1265
1399
1755
1972
1916
1655
1611
1712
1851
1664
1254
981
998
1157
904
272
-510
-808
-545
-313
-686
-1763
-2668
-2769
-2176
-1871
-2446
-3363
-3865
-3543
-3077
-3002
-3194
-3362
-3344
-3236
-2970
-2696
-2560
-2539
-2368
-1878
-1589
-1751
-1942
-1565
-727
-335
-692
-1167
-1016
-391
74
109
-106
-267
-316
-54
486
756
475
12
116
713
1099
894
580
700
1031
1219
1130
1120
1226
1261
1267
1341
1410
1270
1087
1116
1367
1379
987
678
723
936
919
667
431
284
170
69
127
169
9
-299
-537
-431
-257
-236
-390
-532
-524
-463
-369
-293
-195
-160
-127
-7
108
281
375
496
659
785
895
945
1057
1204
1387
1435
1364
1319
1363
1546
1606
1448
1250
1183
1280
1317
1199
1001
925
952
917
851
723
712
741
745
758
741
739
716
712
727
794
915
940
820
517
318
448
661
713
252
-366
-767
-731
-467
-502
-1000
-1820
-2339
-2385
-2128
-2100
-2660
-3245
-3546
-3409
-3332
-3482
-3629
-3607
-3468
-3543
-3599
-3507
-3209
-2848
-2662
-2482
-2399
-2278
-1970
-1437
-843
-619
-672
-654
-162
482
843
999
1059
1243
1424
1714
2087
2334
2341
2191
2232
2452
2593
2510
2371
2385
2309
2104
1853
1775
1825
1671
1324
1006
845
695
507
356
203
4
-318
-531
-560
-552
-668
-877
-993
-1013
-1038
-1097
-1081
-973
-868
-854
-899
-868
-717
-516
-297
-124
-78
-140
-50
278
661
853
795
723
832
1156
1412
1453
1408
1385
1446
1526
1589
1595
1563
1505
1424
1415
1348
1223
1063
962
919
788
578
372
303
262
130
-96
-279
-321
-339
-354
-413
-517
-606
-633
-493
-314
-253
-309
-319
-182
-23
94
179
304
347
203
87
181
373
399
161
-190
-400
-462
-517
-616
-882
-1323
-1724
-1903
-1917
-2046
-2374
-2711
-2859
-2880
-2936
-3007
-3047
-3020
-2952
-2790
-2526
-2348
-2247
-2061
-1626
-1126
-827
-689
-453
43
463
790
1056
1354
1586
1735
1993
2306
2513
2443
2389
2503
2657
2637
2438
2330
2289
2154
1893
1702
1597
1394
1091
828
691
477
159
-53
-121
-204
-470
-738
-818
-801
-844
-949
-987
-983
-1020
-1015
-894
-699
-639
-666
-585
-388
-206
-145
-55
113
261
310
370
536
669
725
768
872
934
879
908
1023
1104
1022
875
872
954
980
852
760
729
674
596
533
525
437
276
180
208
187
-3
-170
-204
-160
-239
-413
-531
-537
-504
-544
-633
-739
-814
-819
-769
-722
-794
-918
-1003
-966
-844
-788
-813
-863
-843
-808
-729
-649
-583
-499
-420
-358
-316
-252
-167
-77
86
280
380
264
-3
13
315
712
718
343
-108
-264
42
454
626
159
-564
-863
-470
135
113
-385
-843
-790
-511
-357
-276
-270
-293
-433
-363
-84
79
54
45
338
584
442
194
341
851
1078
891
619
600
765
850
985
1050
856
436
281
585
843
650
169
-29
67
80
-54
-161
-171
-314
-549
-615
-506
-491
-694
-811
-709
-619
-746
-897
-779
-556
-470
-533
-560
-469
-380
-274
-86
107
135
49
109
357
633
739
748
758
773
836
976
1175
1252
1152
1008
976
1059
1115
1115
1036
871
655
491
493
511
397
126
-139
-304
-407
-509
-640
-757
-929
-1129
-1299
-1402
-1412
-1389
-1397
-1495
-1620
-1673
-1582
-1404
-1289
-1258
-1276
-1233
-1106
-919
-696
-549
-495
-442
-283
-71
95
184
259
400
529
587
624
714
838
906
928
901
890
928
997
1057
1028
926
839
875
972
987
918
826
805
847
896
893
837
821
841
916
927
843
731
721
857
935
872
648
460
442
582
669
478
160
-100
-133
-72
-104
-262
-498
-691
-863
-913
-874
-884
-1060
-1288
-1333
-1284
-1256
-1336
-1372
-1273
-1205
-1242
-1301
-1204
-1072
-995
-941
-888
-818
-812
-775
-603
-393
-345
-417
-367
-190
-12
32
46
143
245
328
395
529
640
647
664
782
963
1006
961
958
1031
1091
1059
1051
1084
1056
927
780
760
790
720
530
336
186
42
-38
-97
-194
-420
-715
-868
-857
-808
-943
-1166
-1320
-1334
-1268
-1245
-1243
-1265
-1275
-1239
-1127
-970
-898
-861
-790
-624
-475
-386
-320
-208
-31
96
159
206
278
379
461
530
573
566
556
608
728
801
786
730
765
886
1002
1081
1099
1100
1147
1270
1425
1511
1495
1484
1575
1705
1729
1647
1534
1547
1589
1541
1368
1121
923
823
787
647
338
-45
-305
-379
-479
-675
-933
-1164
-1356
-1529
-1591
-1582
-1616
-1790
-1938
-1935
-1833
-1750
-1761
-1721
-1638
-1580
-1528
-1407
-1223
-1129
-1080
-966
-761
-624
-622
-556
-365
-153
-85
-94
-34
66
165
237
342
406
370
349
437
580
590
518
523
608
663
607
563
604
651
647
642
675
639
565
554
633
690
593
473
440
475
441
352
304
281
202
82
24
24
-27
-169
-285
-315
-333
-431
-524
-574
-621
-676
-752
-754
-753
-785
-840
-845
-812
-808
-803
-780
-694
-644
-643
-625
-548
-439
-343
-263
-196
-135
-58
39
165
290
358
432
515
619
721
813
897
952
1010
1054
1111
1160
1193
1217
1224
1223
1209
1195
1183
1157
1108
1052
1009
957
881
808
730
669
600
504
410
304
221
147
73
-42
-177
-271
-342
-404
-523
-644
-729
-812
-882
-969
-1031
-1082
-1151
-1221
-1259
-1265
-1297
-1309
-1296
-1256
-1240
-1264
-1218
-1087
-951
-910
-896
-794
-634
-472
-356
-229
-92
8
106
245
433
564
611
658
748
849
883
905
949
985
965
879
826
800
764
705
635
536
371
228
178
196
127
-51
-208
-281
-283
-321
-411
-479
-545
-596
-631
-624
-621
-670
-692
-667
-592
-593
-648
-646
-549
-408
-385
-413
-451
-392
-265
-120
-16
-43
-87
-66
100
280
333
297
272
362
472
551
582
603
650
661
670
694
740
764
748
743
732
735
696
673
667
662
636
566
515
488
468
424
358
310
269
233
178
132
93
39
-11
-52
-67
-97
-162
-239
-287
-278
-264
-295
-378
-454
-460
-446
-444
-480
-515
-544
-589
-605
-603
-562
-561
-606
-648
-625
-567
-540
-527
-530
-496
-435
-387
-307
-242
-202
-172
-85
38
128
169
180
245
331
414
473
511
521
499
497
542
600
587
484
410
406
421
380
282
210
160
126
74
2
-73
-148
-209
-242
-255
-321
-417
-475
-480
-450
-488
-566
-611
-601
-573
-583
-603
-619
-605
-589
-561
-520
-497
-482
-474
-423
-342
-281
-234
-194
-121
-49
20
91
201
298
351
401
480
601
696
753
808
868
916
963
1019
1071
1103
1073
1037
1052
1078
1043
976
926
878
799
692
627
591
503
365
247
178
100
-24
-140
-189
-241
-350
-477
-556
-588
-619
-673
-707
-734
-813
-885
-876
-794
-766
-821
-869
-851
-786
-738
-690
-646
-607
-588
-549
-434
-341
-294
-261
-190
-95
-25
24
82
179
237
272
326
388
446
457
501
559
579
569
558
597
620
594
535
505
508
490
465
409
350
274
204
179
144
88
-24
-113
-150
-189
-228
-298
-355
-420
-471
-498
-514
-536
-586
-608
-612
-593
-593
-628
-631
-602
-557
-541
-545
-538
-517
-467
-416
-370
-342
-332
-304
-256
-171
-117
-72
-40
-8
52
115
184
248
293
330
379
437
502
561
598
639
677
709
752
781
803
825
842
867
870
851
837
843
845
827
781
717
680
651
618
567
486
412
331
249
163
94
24
-65
-179
-299
-376
-431
-494
-590
-683
-742
-789
-841
-903
-929
-924
-922
-938
-956
-937
-891
-838
-785
-728
-673
-632
-569
-480
-367
-280
-237
-180
-93
8
82
142
202
261
323
358
412
452
473
487
510
539
531
506
492
514
516
472
414
366
357
328
281
231
167
116
66
39
7
-55
-140
-196
-217
-241
-285
-355
-400
-421
-441
-457
-489
-513
-536
-554
-546
-534
-522
-516
-523
-518
-486
-438
-396
-369
-356
-326
-279
-215
-145
-106
-79
-53
8
100
176
213
229
274
350
414
450
483
534
581
605
612
638
676
698
714
709
701
685
673
671
668
644
594
556
526
500
458
413
389
345
286
223
173
141
104
56
-4
-51
-99
-141
-177
-214
-242
-265
-296
-337
-365
-373
-379
-374
-383
-392
-404
-422
-405
-373
-342
-347
-374
-375
-337
-294
-278
-270
-271
-274
-267
-246
-198
-180
-196
-207
-188
-167
-167
-157
-126
-94
-108
-133
-116
-71
-32
-28
-21
6
27
34
55
104
140
144
155
185
219
226
222
244
278
278
263
256
261
267
247
231
212
183
153
137
126
93
37
-17
-38
-54
-90
-150
-203
-240
-274
-290
-320
-353
-393
-435
-431
-429
-429
-443
-442
-426
-414
-401
-383
-342
-297
-257
-233
-208
-165
-117
-46
12
54
78
106
175
246
297
316
332
375
424
468
496
515
531
546
571
598
614
602
583
577
581
593
572
526
476
443
438
424
376
291
215
178
164
139
66
-10
-77
-116
-143
-183
-213
-263
-312
-348
-363
-365
-367
-388
-413
-416
-417
-403
-387
-383
-372
-377
-374
-348
-312
-282
-282
-287
-275
-239
-217
-220
-224
-214
-186
-175
-185
-189
-175
-148
-142
-152
-162
-151
-128
-112
-96
-99
-91
-76
-42
-11
5
14
22
61
97
120
139
158
190
207
218
230
259
277
280
286
296
317
306
290
285
289
289
260
233
218
207
186
164
149
116
63
14
3
1
-28
-85
-139
-151
-159
-184
-211
-229
-237
-253
-277
-273
-247
-240
-247
-248
-228
-198
-177
-157
-120
-82
-60
-38
-3
40
83
103
109
140
179
220
253
257
260
282
304
329
326
300
297
304
317
323
307
291
270
255
252
244
224
197
170
148
120
95
75
47
23
-7
-33
-43
-64
-88
-110
-136
-155
-179
-197
-194
-189
-197
-221
-240
-239
-232
-227
-228
-240
-251
-252
-239
-221
-209
-210
-210
-206
-191
-180
-176
-164
-152
-136
-129
-124
-114
-98
-77
-58
-39
-33
-32
-25
-1
32
49
42
32
47
69
78
84
85
92
85
76
88
108
103
83
77
86
99
84
68
76
84
86
78
74
75
65
64
84
95
77
50
42
71
86
66
47
39
46
48
40
39
27
7
-9
-4
0
-9
-25
-33
-18
-17
-24
-32
-28
-26
-29
-19
-9
1
-6
-14
-7
8
14
8
13
14
15
15
8
14
11
8
14
14
12
-3
-20
-24
-18
-20
-27
-41
-57
-59
-52
-46
-46
-58
-72
-84
-77
-61
-48
-48
-68
-73
-64
-50
-44
-51
-51
-51
-43
-35
-28
-21
-22
-17
-6
5
8
9
23
46
63
61
70
85
105
123
129
146
155
160
170
193
212
210
202
200
213
212
200
187
174
172
158
142
119
94
69
50
37
10
-20
-52
-72
-86
-110
-139
-174
-189
-206
-220
-230
-254
-269
-269
-263
-263
-277
-289
-280
-254
-239
-224
-216
-196
-174
-158
-131
-108
-77
-49
-24
8
34
62
102
146
181
199
212
240
285
319
338
353
363
378
384
388
394
391
379
367
349
325
296
262
235
209
163
121
74
35
-7
-61
-103
-144
-188
-231
-276
-314
-352
-392
-420
-439
-461
-483
-505
-506
-490
-487
-487
-491
-481
-453
-431
-397
-364
-339
-315
-282
-239
-195
-168
-146
-108
-70
-33
-5
24
69
108
137
167
201
240
273
295
316
348
367
389
407
419
441
447
453
462
457
454
455
450
442
429
401
384
372
352
335
308
282
253
214
171
141
122
89
50
-3
-43
-62
-93
-132
-170
-205
-237
-269
-300
-311
-322
-352
-381
-397
-401
-403
-414
-412
-403
-402
-405
-396
-355
-317
-303
-301
-285
-248
-203
-164
-125
-90
-66
-38
6
53
95
114
135
169
200
230
256
281
299
306
317
340
359
365
366
368
373
362
344
338
326
311
287
264
247
216
176
139
111
84
45
-5
-47
-83
-118
-153
-188
-228
-271
-306
-331
-354
-377
-410
-435
-450
-470
-474
-472
-472
-473
-483
-475
-447
-424
-402
-384
-359
-318
-277
-241
-204
-174
-131
-76
-23
24
53
83
131
188
233
259
279
307
344
378
401
415
424
434
447
457
457
448
434
422
416
404
384
363
338
317
293
262
233
205
173
144
113
82
52
16
-9
-29
-56
-78
-107
-131
-138
-151
-163
-173
-190
-195
-197
-198
-190
-194
-202
-196
-192
-178
-173
-174
-167
-164
-157
-147
-142
-140
-138
-127
-109
-103
-103
-100
-88
-66
-52
-46
-35
-30
-22
-6
10
23
26
27
40
62
69
65
69
73
85
91
88
98
100
97
99
96
98
95
79
74
70
62
59
42
29
20
10
11
2
-11
-17
-27
-33
-38
-51
-57
-66
-80
-87
-90
-95
-101
-106
-107
-108
-114
-123
-120
-108
-104
-109
-112
-116
-106
-88
-75
-62
-65
-68
-53
-27
-6
4
3
10
28
43
64
80
82
86
89
104
123
129
125
125
128
132
136
132
128
121
114
104
98
86
70
66
56
41
31
15
10
10
4
-5
-14
-20
-14
-8
-9
-14
-18
-4
4
2
3
3
22
41
47
56
59
60
71
83
91
88
74
71
89
89
76
71
66
67
58
40
36
33
15
-6
-17
-25
-36
-66
-87
-96
-106
-118
-135
-142
-149
-166
-176
-177
-171
-172
-183
-183
-178
-178
-169
-163
-153
-142
-149
-147
-124
-106
-91
-78
-72
-55
-38
-27
-11
10
17
21
30
37
54
67
71
87
99
96
98
99
109
123
116
112
113
103
103
103
101
100
90
77
76
79
74
68
59
47
40
36
32
30
22
10
7
3
-7
-16
-28
-29
-33
-45
-47
-49
-57
-67
-71
-69
-68
-78
-92
-89
-77
-69
-73
-74
-71
-62
-46
-37
-29
-22
-17
0
23
38
44
51
63
76
93
100
105
111
121
129
138
141
139
146
148
147
142
131
128
128
120
116
109
102
100
89
81
77
62
50
45
33
20
6
-8
-17
-31
-52
-70
-77
-88
-101
-112
-124
-132
-147
-168
-176
-182
-189
-196
-207
-210
-210
-219
-214
-213
-215
-211
-215
-206
-194
-186
-175
-163
-145
-122
-107
-87
-70
-57
-33
-12
7
29
34
48
69
87
106
116
129
138
147
162
173
185
187
183
184
186
184
178
168
163
158
146
137
122
111
103
88
81
68
50
36
24
20
10
-4
-16
-29
-31
-33
-40
-44
-57
-67
-69
-69
-64
-64
-67
-62
-60
-53
-46
-49
-45
-44
-46
-42
-39
-36
-30
-28
-24
-22
-22
-22
-22
-18
-14
-14
-13
-10
-6
-3
-5
-2
4
10
9
5
14
27
29
38
38
32
37
37
42
58
53
43
46
50
64
67
57
59
55
54
55
50
49
39
25
27
27
20
10
-1
-5
-8
-17
-23
-27
-29
-40
-52
-58
-64
-63
-66
-74
-80
-90
-95
-92
-87
-86
-94
-101
-102
-99
-97
-97
-99
-99
-98
-95
-93
-85
-73
-71
-70
-71
-66
-53
-42
-34
-29
-20
-8
-5
5
14
16
27
33
36
46
49
51
63
70
75
81
85
87
88
95
100
110
117
114
118
125
130
135
131
127
127
127
129
122
114
109
106
102
96
84
74
63
53
42
32
21
5
-8
-16
-28
-39
-52
-66
-76
-86
-103
-113
-116
-126
-134
-138
-143
-141
-144
-145
-140
-134
-131
-130
-129
-123
-118
-114
-100
-88
-74
-63
-52
-39
-30
-13
3
19
36
40
48
62
70
81
90
98
107
107
104
102
106
113
110
105
95
84
82
76
72
71
57
45
35
27
21
11
-1
-15
-28
-36
-47
-53
-56
-60
-67
-77
-82
-86
-92
-92
-92
-93
-95
-104
-107
-102
-100
-98
-99
-97
-90
-84
-79
-77
-71
-65
-56
-43
-34
-32
-27
-22
-7
8
16
24
34
45
59
70
82
89
96
106
115
128
132
136
147
150
153
155
148
148
144
138
141
138
127
117
106
99
94
82
70
58
45
33
21
9
0
-13
-28
-38
-49
-56
-61
-70
-73
-81
-95
-101
-107
-109
-108
-113
-113
-113
-112
-105
-105
-109
-106
-103
-96
-86
-84
-81
-76
-69
-58
-46
-40
-35
-27
-18
-5
9
18
28
35
40
50
59
68
76
75
78
84
86
90
87
83
87
82
79
76
64
56
46
36
33
20
5
-6
-14
-24
-34
-50
-62
-71
-84
-87
-92
-100
-103
-109
-115
-116
-119
-123
-118
-114
-109
-103
-99
-88
-78
-74
-67
-53
-44
-39
-27
-23
-15
-3
1
21
40
42
52
62
67
82
87
87
98
98
98
105
108
115
117
112
109
108
106
104
103
101
94
88
85
86
81
74
70
69
65
55
44
36
29
19
14
6
-3
-10
-16
-22
-24
-29
-42
-51
-60
-68
-67
-74
-80
-81
-92
-96
-93
-94
-96
-101
-101
-95
-96
-96
-94
-92
-82
-73
-64
-54
-52
-46
-38
-27
-19
-14
-3
5
13
24
19
23
32
36
47
54
55
64
65
70
77
76
71
65
64
69
70
68
62
52
44
37
36
29
26
23
14
9
2
-6
-9
-17
-26
-28
-35
-40
-41
-46
-48
-49
-51
-54
-55
-56
-56
-52
-53
-48
-43
-46
-40
-34
-35
-33
-29
-24
-20
-20
-18
-10
-2
-2
-1
7
4
3
11
10
15
17
13
17
15
12
15
14
18
17
16
17
15
19
17
11
13
7
7
8
8
13
8
6
11
6
10
12
8
16
14
14
22
20
19
19
15
15
15
22
27
28
31
29
27
29
26
27
31
24
25
26
21
19
11
4
1
-3
-7
-10
-12
-11
-12
-17
-23
-29
-32
-34
-33
-31
-31
-33
-37
-35
-35
-38
-36
-34
-33
-32
-34
-32
-27
-26
-19
-11
-11
-10
-5
-5
-6
-3
-3
2
12
13
20
25
19
25
28
29
36
36
35
39
40
44
42
41
38
36
40
36
37
39
32
29
28
25
26
23
23
22
18
17
12
7
5
0
-5
-9
-13
-14
-14
-19
-26
-26
-32
-41
-39
-42
-47
-46
-55
-54
-52
-59
-61
-68
-73
-72
-71
-70
-71
-71
-70
-73
-69
-63
-59
-56
-53
-47
-43
-45
-41
-37
-28
-17
-11
3
13
18
26
30
32
37
41
50
56
66
71
70
70
67
70
70
72
77
76
71
68
62
61
58
54
53
45
38
35
28
22
15
5
0
-6
-7
-6
-10
-13
-17
-23
-28
-35
-37
-38
-38
-38
-41
-45
-50
-53
-50
-47
-45
-39
-36
-38
-36
-34
-33
-29
-23
-17
-10
-4
-5
-1
2
1
5
11
16
27
35
38
43
44
40
41
42
45
47
48
51
53
53
48
43
39
38
38
39
40
35
25
21
19
16
14
12
14
12
5
0
-7
-12
-13
-18
-14
-15
-23
-24
-27
-31
-32
-38
-39
-38
-39
-42
-43
-45
-48
-52
-50
-48
-45
-42
-45
-44
-40
-46
-48
-50
-49
-47
-45
-38
-33
-35
-34
-34
-33
-30
-27
-24
-20
-17
-15
-12
-12
-14
-9
-5
-1
7
8
9
12
12
19
23
22
27
29
30
35
36
35
36
34
40
40
39
42
39
39
36
33
35
30
31
39
38
39
41
35
32
28
23
24
22
19
19
17
18
16
13
13
5
5
4
-6
-5
-10
-16
-12
-14
-16
-17
-30
-31
-36
-41
-38
-41
-37
-38
-41
-34
-38
-39
-37
-40
-33
-29
-29
-21
-19
-15
-7
-6
-2
4
7
9
13
18
15
20
27
27
38
37
38
44
39
39
40
33
37
36
36
39
35
35
33
31
31
25
21
17
10
6
3
-2
-2
-2
-5
-8
-10
-19
-25
-25
-31
-39
-40
-45
-45
-44
-50
-49
-50
-56
-54
-51
-53
-49
-48
-51
-48
-48
-49
-46
-46
-40
-34
-35
-28
-24
-20
-14
-14
-6
-3
-7
5
8
14
25
26
34
39
34
39
38
36
42
45
46
50
53
55
56
55
57
55
53
55
55
54
51
50
48
45
42
40
37
32
25
25
20
14
14
9
4
4
-1
-1
-4
-15
-17
-25
-35
-32
-35
-38
-38
-45
-45
-49
-55
-52
-51
-52
-47
-44
-42
-43
-42
-39
-38
-33
-30
-29
-25
-19
-17
-11
-8
-7
0
4
7
19
25
24
32
35
33
40
37
41
46
39
40
39
32
35
35
35
37
34
31
25
20
16
9
7
5
3
1
-1
-5
-11
-17
-22
-24
-26
-32
-33
-32
-36
-34
-34
-38
-37
-40
-42
-37
-37
-37
-37
-37
-35
-34
-30
-29
-26
-21
-19
-16
-14
-14
-15
-13
-9
-4
0
4
7
13
16
18
23
22
22
25
24
30
30
31
35
30
32
32
29
33
33
33
36
30
31
30
30
32
32
32
29
26
25
21
19
16
15
13
10
10
8
8
9
5
8
4
0
2
-6
-7
-7
-15
-12
-15
-21
-16
-22
-23
-20
-27
-27
-26
-30
-27
-26
-27
-26
-26
-24
-24
-24
-20
-22
-20
-17
-19
-19
-20
-23
-16
-12
-12
-4
0
0
4
3
4
7
2
4
9
7
10
15
14
15
14
11
11
8
8
9
9
8
9
11
10
9
11
10
8
10
7
6
4
0
0
-3
-5
-1
-3
-4
-3
-4
-3
-4
-2
-1
1
1
0
4
-1
-2
1
-5
-6
-1
-4
-3
0
-3
-3
-5
-6
-6
-5
-7
-5
0
-5
-7
-3
-11
-15
-10
-10
-10
-8
-6
-3
-1
-5
-4
-1
-3
-3
5
9
5
13
15
11
13
15
13
15
17
19
22
19
17
23
21
17
27
28
24
29
27
24
23
17
19
20
14
16
19
17
13
13
9
1
0
-3
-9
-5
-9
-10
-7
-13
-11
-12
-22
-22
-25
-31
-31
-33
-31
-34
-34
-33
-37
-35
-39
-37
-32
-39
-31
-29
-33
-22
-24
-24
-18
-18
-13
-12
-11
-7
-7
-3
-1
4
11
9
14
19
15
19
20
17
20
22
23
25
27
27
27
30
28
29
29
25
25
23
22
23
22
22
21
21
23
19
18
17
12
10
5
3
3
-1
0
0
-1
-2
-3
-2
-7
-8
-10
-15
-14
-17
-15
-14
-19
-19
-18
-23
-21
-26
-25
-23
-23
-18
-16
-15
-11
-12
-11
-11
-11
-10
-9
-4
0
1
7
7
6
5
3
6
6
6
13
17
18
21
23
24
23
21
25
23
20
21
22
16
16
17
14
14
13
11
13
7
3
6
-2
-6
-2
-7
-9
-11
-13
-13
-20
-20
-19
-24
-23
-24
-22
-19
-25
-21
-20
-26
-24
-23
-24
-23
-23
-16
-18
-16
-12
-16
-15
-14
-18
-10
-11
-12
0
-1
-2
6
4
5
8
9
15
15
16
20
19
18
16
13
16
12
14
19
15
17
20
16
18
17
15
15
14
14
15
15
16
13
13
10
6
7
3
1
2
0
-1
2
2
0
3
6
3
5
1
-2
2
-3
-2
4
-2
-1
-1
-4
-4
-7
-5
-3
-6
-5
-6
-7
-9
-11
-8
-9
-9
-7
-7
-3
-6
-6
-2
-8
-8
-8
-13
-9
-11
-7
0
0
2
6
4
2
-1
0
-2
-3
-1
-2
2
2
-1
4
2
-2
3
3
4
5
6
7
3
2
1
-1
0
-3
-2
-1
-6
-6
-4
-7
-4
-1
-1
-1
-2
-4
-4
-3
-3
-2
2
0
-1
0
-4
-4
-3
-4
-4
-3
-2
-2
-2
0
0
2
3
3
4
3
2
2
3
1
2
5
3
4
6
7
7
6
9
8
5
9
5
5
7
1
4
4
-2
6
7
5
10
9
10
10
6
8
4
1
3
1
4
6
5
10
7
1
5
