SAMPLES:	11200
BITSPERSAMPLE:	16
CHANNELS:	1
SAMPLERATE:	16000
NORMALIZED:	FALSE
-1
-1
0
4
-4
-2
0
-6
-7
-5
-7
-7
-4
-4
1
-3
-2
-1
-6
-4
-10
-7
0
2
-4
-3
-5
-7
-3
-8
-3
2
4
6
3
-1
-4
0
2
-3
5
2
-3
1
-2
-2
-1
-1
2
4
2
7
3
0
5
10
7
6
9
-1
-3
2
5
-3
-2
5
4
4
4
3
2
3
7
1
4
9
7
1
-1
-1
-2
-7
-4
-3
4
1
1
2
-1
3
-6
1
1
-1
-5
-2
1
-1
-8
-12
-7
-5
7
-2
-8
-5
-6
-7
-7
-1
-3
-5
-16
-10
-9
-6
7
-1
-11
-4
-6
-4
0
-10
-8
-3
-3
-8
-4
-7
-7
1
6
0
-2
-4
3
-1
-6
5
2
4
-3
-3
-6
0
-4
-2
9
2
7
6
5
5
4
9
7
10
6
6
12
9
4
4
4
4
-2
1
4
0
9
-1
2
3
9
14
5
3
0
4
10
7
4
-3
-1
1
2
-2
-3
3
-4
0
-5
-8
-7
1
-5
-6
2
1
2
-4
2
1
-10
-7
-16
-13
-7
0
3
-2
-6
-1
3
-7
1
0
-5
3
0
0
-2
-1
-4
1
2
3
0
5
-1
-3
1
3
10
-7
5
11
0
4
1
7
5
9
2
1
7
4
6
3
6
4
0
3
2
1
2
-4
-1
-6
-10
-5
0
4
1
-1
-9
-3
1
-4
-3
-2
1
3
-10
-7
-6
-11
-1
-6
-9
-11
-3
6
-8
-8
-10
-10
-10
-13
-7
-5
-11
-2
2
-2
9
3
-2
-3
4
3
-5
1
-8
-5
-1
-8
-5
4
8
8
2
1
10
3
4
11
9
10
-5
-6
5
4
5
7
10
9
9
2
1
-2
-1
5
6
6
1
5
5
7
8
4
14
19
-2
-2
-1
-3
2
-7
1
-7
-4
-5
-4
6
6
-3
0
4
-4
1
-1
-1
-6
-4
-1
-5
-3
2
-6
-14
-5
-4
-3
-3
1
-13
-12
0
-4
-10
-11
-7
-2
-3
-8
-4
-5
0
5
-3
-7
-1
-6
-1
-5
-4
-1
-1
-2
7
3
-7
-2
-10
-2
-7
-2
5
5
5
-1
3
5
13
0
7
1
6
12
1
-1
-1
8
0
8
1
1
3
-1
4
6
6
7
8
8
10
4
7
11
10
11
0
-3
-6
-7
-3
0
0
-3
2
4
5
4
-3
1
6
1
-4
5
1
3
2
-7
2
-5
1
-1
-5
-6
-7
-5
-7
0
-13
-9
-5
-7
-3
-1
3
6
3
-1
-2
5
8
1
10
-7
-13
-6
-2
3
-4
-2
0
2
1
3
3
-5
0
2
-6
-5
6
8
12
9
6
4
6
8
5
7
2
2
-6
5
-4
-3
4
-1
0
5
1
0
2
0
-3
-1
4
0
0
2
3
5
2
-5
-4
-12
-3
-3
-7
-4
-8
-10
1
3
-1
1
-7
-3
-7
-6
-12
-16
-13
-9
-2
0
-4
-6
7
-8
1
-3
-10
-1
-11
-6
-15
-2
-6
-9
6
5
1
-7
6
-4
2
9
2
-8
-14
-5
-6
3
9
12
3
9
3
0
14
10
9
11
4
1
8
5
6
1
13
7
12
9
3
6
4
12
4
13
0
9
6
5
3
4
10
7
11
3
11
-2
3
4
2
-1
-11
-2
-7
-7
-4
-1
-13
-10
-11
-8
-6
-10
-8
-23
-4
-3
3
-5
0
-3
-6
-4
-9
-21
-14
3
-17
-3
-10
-13
-10
-11
-11
-20
-6
-1
-4
1
2
11
1
7
3
11
2
5
6
9
13
11
17
1
14
4
13
5
19
2
14
4
0
16
1
11
5
20
-7
4
5
0
5
9
23
3
2
4
7
10
8
3
8
-4
-14
6
-15
-1
-19
0
-11
10
-5
-19
-1
-14
8
-20
4
-24
-14
-10
-17
-15
-7
5
-1
11
7
-7
7
2
5
4
-5
-8
-5
-10
-9
-10
2
-4
-1
3
-15
8
-18
5
-9
11
-9
13
-2
-4
4
-6
20
3
17
-7
19
1
15
-5
2
-10
-12
-10
-4
5
-12
-3
-5
-1
-13
-1
-7
3
10
-3
15
-8
13
-7
10
0
-9
10
-26
22
-25
20
-14
11
-10
-2
8
-10
8
-11
9
-20
-5
-12
-2
-8
-7
-13
-6
10
4
-4
9
4
10
-8
8
-7
17
-2
-2
-6
-20
-16
5
11
-4
9
-14
6
-10
33
-8
4
-2
7
-16
-16
14
-12
17
12
5
7
17
11
5
21
2
1
-8
6
-22
19
-11
8
10
-9
31
-24
51
-49
42
-50
15
-23
-8
12
-39
24
-41
44
-28
25
-10
1
10
-19
-6
-26
4
-4
-15
22
-32
-13
-14
1
-3
-12
-15
-12
-3
7
-14
11
-31
-2
1
-20
11
-50
53
-56
43
-34
-1
-17
0
34
-46
55
-48
47
-1
22
-7
-12
30
-25
47
-24
-3
-16
-4
23
3
15
-34
28
-20
38
-3
11
-7
15
10
4
48
-9
44
-42
49
-47
44
-25
15
13
-9
59
-37
64
-42
47
-26
25
9
-34
39
-41
50
-52
43
-25
10
7
-13
23
-20
30
-30
22
-36
16
-37
23
-28
29
-28
20
-7
-16
16
-29
42
-46
48
-52
15
-20
7
3
-8
11
-22
-12
13
-27
27
-31
39
-42
31
-20
-24
18
-35
54
-51
53
-64
51
-35
20
-9
4
-7
2
-10
5
-28
10
-25
3
-4
-30
3
-47
46
-48
47
-36
15
-13
14
-4
-10
22
0
12
9
-23
23
-6
36
-15
41
2
29
28
-14
22
-32
45
-8
31
-16
16
10
4
30
-10
8
-3
23
19
-2
15
-27
41
-23
55
-31
37
-28
55
20
20
15
-45
29
-55
59
-77
42
-67
27
-42
-9
-27
-33
23
-40
38
-45
32
-44
30
-36
11
-23
-8
-17
-14
21
-33
44
-54
48
-70
26
-50
24
-2
-16
43
-58
43
-51
41
-31
25
17
-13
16
-30
5
-34
9
2
-15
42
0
25
-2
-1
8
10
23
7
6
30
-20
35
-16
24
3
18
19
-28
60
-20
50
23
2
-12
-39
48
-46
59
-17
4
48
-12
38
-60
65
-59
59
-1
-2
-19
-7
11
-27
47
-8
-1
27
11
-29
8
-26
4
-30
25
-69
1
2
12
31
-5
8
-20
32
-11
-19
-21
-31
21
27
-3
-26
-33
-1
1
25
3
-46
2
-39
28
-60
2
-18
30
20
31
7
-2
35
40
-1
2
-2
-38
38
8
31
-45
62
-29
31
28
-46
42
-22
83
-57
32
-36
-72
78
-89
120
-96
177
-118
114
-39
-32
52
-53
93
-131
145
-181
130
-101
73
-105
68
-28
-21
58
-95
70
-112
121
-148
59
-95
-5
23
-23
73
-108
87
-127
77
-74
34
-27
19
13
-45
35
-86
76
-74
88
-123
95
-96
65
-49
-2
-20
-54
98
-114
120
-119
122
-43
54
-8
-65
42
-98
95
-70
42
-19
-14
60
-70
64
-72
62
23
-4
27
-72
30
-38
45
-6
-40
68
-62
105
-76
74
-54
46
20
-58
37
-77
74
-23
97
-75
-1
11
13
16
-3
-2
-47
62
24
-54
-32
-49
11
21
79
-30
-35
55
-53
54
-36
23
-64
39
13
-62
51
-63
67
-26
50
-63
0
30
-27
26
-38
29
-20
29
-8
-93
17
-6
55
60
-38
11
-168
169
-88
133
-59
43
2
28
88
-90
57
-18
21
7
55
-44
44
-14
137
-116
163
-122
59
-18
48
-31
-51
136
-120
147
-117
37
-162
197
-14
49
18
-88
-47
-26
195
-172
187
-219
132
-122
284
-176
14
-35
-72
161
-65
174
-316
220
-157
168
-18
25
-118
0
53
16
51
7
-24
-96
141
-181
111
-88
151
-51
91
-23
-179
170
-112
147
-136
116
-158
21
96
-140
73
-107
117
-118
156
-105
-81
93
-79
117
-156
141
-232
120
-28
0
13
-1
59
-97
49
-100
-19
43
34
8
-58
-24
-66
25
51
19
10
-29
11
-18
25
-20
-13
-77
24
-54
67
-19
34
-58
23
-2
28
50
-50
-50
-70
26
13
59
-10
-63
-91
59
-45
138
-54
53
-114
73
-19
-85
116
-117
122
-83
99
-132
63
-19
32
-74
115
-172
160
-95
125
-166
73
-13
-36
149
-134
66
-115
178
-82
148
-104
40
-106
167
-100
123
-46
4
47
-69
144
-214
269
-197
192
-128
74
-14
-14
150
-191
121
-125
130
46
44
17
-184
55
19
95
159
-138
80
-235
245
-1
121
39
-150
73
-140
228
-105
118
-101
56
-83
124
-96
69
-78
98
-6
17
33
-147
56
-72
50
-7
-26
46
-109
114
-91
23
-2
2
50
-78
25
-154
87
-28
28
-24
-99
-3
-28
159
-73
0
-50
-151
127
-54
100
-167
30
-49
4
178
-52
1
-63
16
46
-19
114
-182
37
7
-18
76
-76
142
-137
189
-91
68
-19
13
65
-92
77
-121
78
36
53
31
-52
33
-4
38
69
-68
57
-55
96
-28
32
-9
7
75
82
-9
-20
-4
57
27
31
-37
-71
49
70
19
9
-47
-2
96
16
75
-215
22
-77
127
82
-124
75
-203
242
-75
150
-101
-91
188
-173
270
-319
156
-225
253
76
-111
87
-240
152
-93
260
-200
11
-53
-64
62
-82
112
-154
211
-147
129
-209
32
-20
-20
62
-121
86
-257
206
-147
80
-46
101
-100
-27
22
-124
43
-73
128
-266
120
-119
-5
12
28
82
-166
296
-208
59
-83
16
-55
122
120
-165
33
-123
-77
67
126
33
2
1
-188
-24
29
-4
51
-62
-28
-213
99
-100
86
-71
42
-82
8
1
-75
58
-70
174
-164
98
-281
-28
-15
9
267
-211
238
-392
157
-134
99
181
-129
203
-358
166
-253
172
-27
97
23
-91
50
-40
171
43
68
-100
-17
-71
29
90
-62
20
2
3
25
-18
55
-112
251
-80
112
-94
-26
-62
-10
151
-92
127
-63
157
-103
75
11
-52
85
80
-57
-84
104
20
-13
139
-42
-115
90
80
-22
18
85
-128
2
100
-103
-52
44
15
53
31
132
-209
140
-72
99
-49
20
55
-101
167
-115
96
-51
122
-6
71
-47
-6
-25
31
8
27
53
-106
153
-130
106
11
21
116
-123
149
-289
160
-84
129
62
-109
3
-170
107
-53
122
-28
-35
-4
9
-15
19
94
-97
50
-9
-41
-126
25
-13
-97
231
-52
48
-79
19
-106
18
184
-96
-16
-157
-98
-118
94
112
-81
33
-135
-18
-52
81
29
-78
55
-168
-55
-239
108
-126
155
0
-45
-132
-35
43
-29
142
-116
-15
-145
12
-166
-16
-37
43
60
39
-68
-90
26
48
98
9
-58
-195
32
-30
114
44
-4
-85
-58
65
-83
120
20
5
4
46
-26
37
10
44
-77
136
-4
13
38
-91
39
-78
198
-13
55
8
-61
96
-21
116
-64
-58
55
-40
135
-59
101
-91
87
-9
51
-1
-21
45
-2
43
-118
114
-115
137
-8
42
-39
38
120
-84
31
-104
-1
4
142
-23
-93
-29
-2
14
42
38
-159
21
-18
143
-99
88
-128
-22
21
31
7
-114
62
-91
45
-27
-12
-115
6
31
26
-38
3
-85
12
42
24
-19
-5
43
-2
25
-6
-80
-21
32
3
56
-13
46
-25
53
75
-49
95
-93
69
-126
101
9
-51
85
-77
42
-56
169
-31
80
45
3
-32
79
-31
22
-13
111
-15
50
39
-15
85
54
183
-74
92
-63
10
-5
100
28
-45
82
-41
54
63
116
13
63
32
-32
4
22
40
9
56
-20
82
5
102
30
80
62
79
20
16
27
6
87
27
65
-64
52
-34
157
80
54
6
-59
6
-23
85
-58
-8
-1
13
44
34
49
4
52
53
-34
-15
-48
6
-4
81
-30
-40
-44
9
51
41
53
-100
-21
-99
-4
-79
-2
-42
-22
-6
-39
-35
-71
-20
-16
6
-59
-74
-123
-94
-97
-16
-60
-9
-22
-21
-77
-6
-85
-26
-79
-23
-163
-122
-72
-156
30
-71
40
-124
21
-90
-69
-3
-88
-89
-136
-115
-84
-35
29
-19
7
10
33
26
-5
-51
-27
-82
30
-5
-17
-60
-8
-8
21
89
46
-21
23
-40
-73
-9
-41
26
-50
81
-61
36
25
57
69
11
41
17
7
15
6
-43
0
36
94
1
81
-3
1
115
109
59
-14
29
-48
36
118
10
20
-18
-14
-90
15
-54
-89
-63
-115
-115
-146
-50
-129
-57
-94
-146
-160
-155
-138
-151
-88
-109
-109
-72
-72
-84
-2
5
36
29
-2
-6
-64
58
-61
16
-42
-45
-12
-63
32
-85
-19
-83
-65
-76
-96
-72
-91
-74
-60
-70
-62
-18
-51
62
30
115
94
117
149
117
227
143
282
260
310
349
306
349
248
329
283
318
309
240
300
193
299
221
280
230
252
272
217
278
161
187
143
206
115
185
137
197
233
289
265
246
285
265
322
273
268
204
237
208
200
194
122
180
175
216
141
144
72
46
81
24
34
-57
-21
-60
-55
-49
-106
-132
-168
-189
-289
-409
-472
-592
-697
-763
-884
-994
-1031
-1018
-1057
-1007
-954
-965
-898
-792
-763
-698
-603
-544
-447
-385
-292
-292
-128
-84
30
138
149
225
221
325
266
309
263
195
156
81
-4
-91
-143
-208
-287
-345
-399
-503
-459
-484
-453
-515
-461
-504
-486
-357
-357
-236
-208
-27
30
196
333
405
526
656
783
826
878
924
867
895
876
852
774
735
682
569
558
479
417
315
354
248
248
230
220
189
211
295
273
408
412
490
535
610
704
707
782
739
749
719
731
745
685
687
614
572
516
530
514
490
481
408
312
273
219
206
180
193
133
137
149
130
119
60
-4
-135
-211
-375
-556
-794
-1008
-1246
-1356
-1531
-1648
-1816
-1865
-1852
-1808
-1704
-1692
-1599
-1522
-1372
-1193
-1053
-882
-791
-653
-535
-405
-197
-84
83
131
249
303
395
431
400
374
284
263
143
95
-84
-184
-339
-420
-493
-603
-648
-762
-759
-794
-767
-779
-774
-740
-676
-582
-477
-399
-297
-218
-105
42
149
271
380
486
576
656
766
799
913
974
988
1017
999
1010
952
968
844
720
626
500
406
293
224
121
71
34
66
82
165
216
305
386
459
580
613
752
762
859
854
958
985
1013
1109
1075
1180
1208
1320
1256
1303
1222
1191
1174
1103
984
845
738
611
538
486
412
371
381
346
368
378
477
488
580
615
622
673
660
633
486
312
85
-184
-461
-846
-1294
-1754
-2129
-2444
-2729
-2970
-3184
-3298
-3268
-3136
-2979
-2815
-2614
-2399
-2106
-1834
-1540
-1303
-1047
-830
-603
-311
-84
211
393
618
809
1003
1167
1182
1212
1102
1021
898
734
533
255
-13
-282
-519
-691
-925
-1056
-1218
-1307
-1342
-1400
-1340
-1320
-1228
-1155
-1007
-828
-682
-462
-284
-114
94
308
487
673
864
1033
1155
1319
1402
1455
1527
1553
1554
1514
1458
1352
1218
1060
870
668
474
311
164
-11
-122
-221
-248
-209
-148
-70
-20
119
254
398
536
645
709
772
895
963
1057
1166
1219
1293
1349
1442
1461
1521
1550
1520
1482
1414
1336
1178
1078
888
743
553
455
297
196
101
60
61
84
200
241
363
412
510
555
620
610
481
281
5
-273
-610
-1012
-1530
-2090
-2552
-2928
-3221
-3510
-3763
-3934
-3908
-3734
-3525
-3290
-3045
-2734
-2339
-1933
-1557
-1223
-879
-547
-217
166
500
815
1081
1320
1536
1718
1868
1911
1867
1753
1560
1366
1142
832
480
110
-220
-508
-740
-971
-1238
-1401
-1528
-1541
-1534
-1484
-1448
-1371
-1200
-1029
-797
-548
-323
-60
201
521
762
1028
1242
1432
1646
1769
1912
1917
1954
1906
1823
1736
1556
1372
1114
905
623
356
102
-178
-380
-606
-709
-853
-883
-890
-841
-697
-571
-387
-227
14
247
496
715
894
1022
1174
1311
1431
1494
1520
1563
1576
1625
1591
1587
1526
1462
1369
1243
1105
923
759
563
350
187
26
-113
-246
-322
-386
-352
-262
-183
-61
87
305
536
801
953
1121
1235
1315
1249
1060
768
376
16
-532
-1149
-1876
-2485
-3025
-3473
-3867
-4271
-4496
-4539
-4403
-4234
-3993
-3754
-3422
-2999
-2580
-2174
-1797
-1389
-1015
-586
-159
259
664
1022
1376
1657
1980
2197
2286
2269
2151
1992
1808
1572
1230
814
415
67
-232
-486
-774
-1037
-1236
-1310
-1324
-1324
-1310
-1279
-1159
-1012
-806
-600
-381
-168
119
398
713
991
1225
1469
1684
1911
2032
2146
2160
2139
2075
1951
1781
1540
1284
980
691
408
98
-204
-483
-708
-866
-960
-1022
-1070
-1037
-931
-775
-587
-398
-211
11
236
495
688
860
1036
1165
1319
1435
1521
1564
1611
1657
1680
1694
1631
1539
1448
1338
1208
1058
859
638
431
271
115
-27
-145
-242
-282
-249
-187
-87
15
159
312
539
775
964
1098
1206
1330
1395
1388
1199
852
447
41
-402
-1025
-1730
-2517
-3199
-3694
-4106
-4524
-4905
-5097
-5091
-4890
-4587
-4280
-3976
-3524
-3014
-2443
-1918
-1391
-929
-451
40
534
1027
1467
1830
2118
2394
2668
2850
2849
2731
2506
2279
1971
1630
1118
586
87
-333
-699
-1059
-1349
-1642
-1795
-1840
-1821
-1752
-1653
-1521
-1332
-1092
-793
-492
-195
76
345
695
1004
1333
1560
1763
1956
2179
2365
2417
2414
2317
2235
2084
1876
1495
1083
651
236
-186
-627
-1113
-1528
-1792
-1968
-2092
-2177
-2161
-2028
-1748
-1418
-1108
-767
-384
4
421
795
1127
1369
1616
1801
2004
2167
2279
2335
2318
2357
2334
2340
2225
2038
1815
1589
1399
1143
831
453
87
-158
-346
-512
-672
-836
-870
-805
-622
-451
-276
-55
214
586
957
1312
1583
1832
2069
2257
2411
2445
2325
1986
1514
994
464
-190
-1051
-2089
-3076
-3813
-4407
-4947
-5593
-6131
-6396
-6288
-6005
-5771
-5532
-5203
-4622
-3901
-3190
-2549
-1946
-1295
-576
204
951
1622
2187
2619
3054
3484
3825
3956
3836
3564
3285
3009
2613
2052
1384
744
212
-216
-634
-1082
-1485
-1775
-1943
-2010
-2056
-2086
-2069
-1991
-1831
-1604
-1331
-1063
-798
-508
-117
321
740
1125
1448
1812
2173
2496
2717
2847
2895
2847
2759
2566
2272
1824
1334
789
277
-240
-815
-1429
-1967
-2279
-2471
-2589
-2715
-2761
-2591
-2171
-1678
-1261
-859
-438
117
737
1253
1625
1876
2148
2438
2721
2920
2979
2990
2957
3006
3028
2989
2815
2519
2223
1916
1660
1256
780
259
-193
-523
-783
-985
-1219
-1338
-1335
-1174
-934
-648
-389
-115
244
645
1088
1470
1799
2056
2332
2558
2733
2782
2721
2470
2023
1468
821
142
-714
-1746
-2911
-3941
-4704
-5364
-6031
-6740
-7211
-7302
-7042
-6736
-6495
-6167
-5606
-4766
-3864
-3078
-2342
-1562
-688
211
1037
1795
2485
3072
3545
3952
4291
4522
4505
4287
3973
3659
3312
2797
2128
1401
760
237
-274
-829
-1411
-1902
-2234
-2469
-2657
-2832
-2946
-2995
-2927
-2775
-2522
-2215
-1901
-1540
-1087
-497
139
728
1234
1733
2293
2843
3274
3509
3631
3684
3682
3558
3264
2836
2326
1791
1201
602
-21
-619
-1206
-1727
-2168
-2483
-2678
-2799
-2848
-2818
-2620
-2293
-1876
-1412
-949
-442
139
739
1323
1821
2261
2631
2989
3291
3514
3610
3617
3577
3487
3364
3145
2830
2447
2054
1640
1197
720
224
-265
-684
-1039
-1347
-1573
-1722
-1783
-1775
-1663
-1465
-1184
-860
-546
-172
251
714
1167
1595
1995
2398
2709
2924
3056
3088
2958
2533
1886
1111
336
-523
-1635
-2975
-4289
-5276
-6004
-6646
-7358
-7961
-8138
-7851
-7326
-6880
-6445
-5836
-4936
-3857
-2882
-2011
-1156
-236
702
1646
2544
3379
4094
4625
5056
5487
5882
6002
5782
5326
4862
4417
3853
3033
2033
1047
231
-488
-1217
-1979
-2649
-3153
-3494
-3687
-3840
-3878
-3840
-3716
-3464
-3086
-2613
-2125
-1659
-1171
-569
191
921
1519
2022
2551
3148
3686
4044
4177
4190
4153
4049
3789
3332
2719
2052
1378
718
13
-742
-1461
-2098
-2562
-2900
-3133
-3338
-3416
-3298
-3027
-2623
-2190
-1716
-1194
-543
153
805
1392
1898
2386
2845
3249
3535
3690
3768
3740
3695
3588
3392
3073
2648
2213
1796
1379
868
269
-341
-832
-1209
-1546
-1922
-2276
-2463
-2431
-2283
-2122
-1979
-1746
-1331
-801
-274
173
591
1044
1546
2050
2496
2821
3024
3110
3136
3151
3065
2682
1925
1021
184
-510
-1401
-2650
-4078
-5271
-5942
-6389
-6951
-7674
-8126
-7998
-7424
-6803
-6361
-5881
-5120
-4045
-2899
-1860
-899
51
1026
2022
3035
4050
4919
5499
5867
6213
6651
6904
6727
6115
5368
4780
4200
3371
2189
929
-154
-982
-1749
-2572
-3397
-4073
-4519
-4760
-4870
-4910
-4879
-4801
-4590
-4190
-3623
-3008
-2470
-1953
-1294
-411
504
1256
1864
2472
3198
3916
4447
4705
4809
4893
4891
4731
4361
3779
3075
2346
1632
888
98
-753
-1601
-2261
-2682
-2961
-3250
-3525
-3647
-3472
-3037
-2576
-2212
-1868
-1342
-595
210
901
1400
1861
2394
3014
3542
3858
3983
3987
4022
4033
3948
3615
3099
2513
1973
1484
921
213
-608
-1337
-1894
-2296
-2676
-3112
-3486
-3642
-3528
-3244
-2946
-2676
-2345
-1790
-1059
-315
337
868
1384
1995
2659
3247
3627
3817
3922
4015
4126
4091
3730
2987
2085
1264
532
-359
-1637
-3204
-4581
-5478
-6070
-6711
-7531
-8198
-8323
-7845
-7152
-6564
-6051
-5318
-4221
-2883
-1564
-424
620
1642
2727
3866
4984
5888
6467
6802
7093
7446
7664
7458
6764
5884
5108
4384
3471
2219
812
-459
-1488
-2390
-3335
-4259
-5060
-5653
-6029
-6204
-6236
-6179
-6071
-5843
-5375
-4667
-3867
-3184
-2542
-1765
-740
344
1243
1899
2521
3276
4046
4632
4924
5048
5114
5137
5023
4716
4228
3586
2833
2055
1317
567
-292
-1252
-2099
-2650
-2960
-3279
-3665
-3940
-3865
-3435
-2948
-2567
-2223
-1691
-908
-104
585
1129
1628
2147
2655
3085
3388
3544
3546
3472
3397
3321
3103
2629
2038
1500
1069
591
-60
-870
-1595
-2079
-2438
-2803
-3193
-3471
-3533
-3361
-3041
-2639
-2207
-1718
-1143
-454
348
1089
1687
2132
2610
3192
3781
4200
4364
4432
4507
4602
4603
4399
3942
3187
2253
1285
379
-580
-1882
-3534
-5140
-6198
-6772
-7319
-8153
-8946
-9115
-8476
-7496
-6750
-6207
-5404
-4050
-2400
-897
301
1384
2538
3737
4886
5909
6761
7305
7525
7608
7757
7861
7577
6717
5568
4553
3701
2721
1324
-283
-1760
-2894
-3856
-4865
-5887
-6763
-7349
-7678
-7787
-7739
-7549
-7257
-6834
-6175
-5230
-4143
-3141
-2260
-1313
-82
1277
2431
3238
3915
4725
5598
6265
6554
6593
6572
6545
6356
5895
5230
4423
3502
2500
1467
440
-636
-1782
-2896
-3809
-4420
-4819
-5189
-5505
-5549
-5214
-4560
-3815
-3153
-2463
-1592
-524
570
1481
2161
2732
3321
3936
4399
4591
4541
4407
4321
4242
3981
3447
2751
2093
1552
977
221
-699
-1576
-2270
-2794
-3267
-3708
-4067
-4234
-4132
-3797
-3275
-2693
-2100
-1461
-641
346
1324
2083
2631
3170
3836
4530
5053
5318
5441
5536
5613
5620
5479
5151
4473
3426
2271
1257
324
-948
-2762
-4727
-6148
-6875
-7432
-8333
-9415
-9922
-9458
-8426
-7572
-7056
-6365
-5087
-3360
-1724
-423
736
1958
3220
4410
5511
6517
7259
7565
7606
7710
7922
7821
7061
5824
4662
3788
2834
1464
-233
-1848
-3125
-4205
-5276
-6331
-7242
-7914
-8387
-8589
-8513
-8230
-7886
-7497
-6867
-5868
-4609
-3425
-2432
-1451
-182
1323
2677
3626
4337
5132
6054
6794
7134
7172
7127
7050
6815
6351
5668
4837
3875
2813
1761
709
-429
-1653
-2816
-3748
-4442
-5006
-5523
-5885
-5920
-5597
-5076
-4500
-3797
-2916
-1886
-818
217
1226
2174
3006
3645
4171
4658
5024
5120
4959
4734
4557
4311
3784
3024
2246
1600
968
145
-822
-1743
-2482
-3088
-3618
-4085
-4419
-4538
-4464
-4164
-3647
-2972
-2252
-1512
-662
335
1385
2297
3018
3653
4329
5013
5552
5870
6074
6224
6243
6093
5806
5475
4943
3950
2564
1200
90
-1059
-2719
-4832
-6727
-7839
-8424
-9154
-10192
-10987
-10901
-9979
-8875
-8073
-7330
-6136
-4370
-2460
-845
525
1918
3378
4739
5922
6992
7924
8506
8628
8597
8679
8651
8084
6887
5514
4382
3325
1927
163
-1616
-3141
-4447
-5688
-6849
-7824
-8569
-9122
-9455
-9452
-9122
-8612
-8057
-7407
-6442
-5112
-3656
-2340
-1197
64
1598
3168
4409
5281
6059
6933
7731
8166
8227
8134
7969
7642
7093
6362
5492
4446
3250
2029
883
-289
-1620
-2997
-4148
-4956
-5589
-6240
-6792
-7014
-6763
-6215
-5588
-4912
-4042
-2886
-1592
-348
775
1861
2908
3808
4510
5062
5482
5722
5696
5501
5270
4996
4528
3808
3016
2306
1647
854
-110
-1085
-1880
-2533
-3142
-3716
-4150
-4374
-4401
-4235
-3871
-3320
-2653
-1924
-1125
-192
814
1796
2618
3295
3984
4686
5302
5690
5899
6058
6122
5992
5668
5268
4818
4012
2712
1258
33
-988
-2341
-4255
-6261
-7614
-8214
-8695
-9531
-10435
-10669
-9950
-8762
-7800
-7115
-6194
-4646
-2733
-1026
294
1539
2926
4294
5461
6435
7332
8007
8187
8058
7990
8013
7654
6566
5119
3882
2924
1751
122
-1660
-3162
-4332
-5408
-6484
-7425
-8097
-8545
-8780
-8751
-8435
-7928
-7334
-6645
-5754
-4552
-3165
-1859
-744
353
1670
3149
4384
5175
5760
6442
7186
7629
7614
7393
7193
6910
6359
5589
4744
3825
2728
1501
350
-674
-1770
-3037
-4242
-5073
-5542
-5955
-6417
-6759
-6637
-6004
-5192
-4455
-3732
-2738
-1427
-34
1175
2149
3061
3993
4813
5414
5780
5972
5969
5770
5490
5178
4741
4001
3068
2205
1500
790
-167
-1265
-2223
-2911
-3426
-3931
-4422
-4735
-4770
-4534
-4078
-3508
-2844
-2080
-1204
-226
808
1819
2706
3426
4050
4695
5335
5811
6026
6084
6120
6082
5835
5397
4886
4219
3154
1700
274
-859
-2022
-3667
-5732
-7507
-8450
-8879
-9473
-10397
-11047
-10771
-9640
-8371
-7488
-6745
-5509
-3616
-1577
35
1266
2538
3995
5384
6492
7386
8157
8618
8632
8490
8456
8318
7585
6247
4812
3685
2617
1139
-684
-2416
-3823
-5015
-6164
-7240
-8103
-8700
-9066
-9179
-8987
-8556
-8001
-7328
-6491
-5421
-4127
-2776
-1535
-397
795
2171
3559
4613
5300
5937
6705
7363
7624
7522
7329
7169
6853
6233
5431
4568
3611
2517
1386
326
-748
-1962
-3205
-4192
-4826
-5325
-5882
-6360
-6446
-6050
-5406
-4755
-4118
-3282
-2123
-804
428
1451
2363
3290
4205
4945
5413
5658
5751
5684
5487
5231
4874
4321
3528
2664
1953
1345
584
-420
-1427
-2184
-2689
-3145
-3669
-4124
-4301
-4183
-3866
-3447
-2959
-2340
-1578
-718
180
1065
1909
2656
3296
3886
4431
4873
5140
5270
5357
5357
5137
4699
4251
3878
3315
2219
725
-604
-1511
-2448
-3967
-5936
-7585
-8346
-8570
-9000
-9834
-10453
-10120
-8891
-7553
-6682
-6001
-4793
-2908
-937
553
1680
2917
4299
5487
6391
7218
7986
8346
8164
7873
7844
7754
6993
5554
4089
3016
2028
603
-1204
-2914
-4250
-5325
-6337
-7305
-8119
-8666
-8908
-8854
-8559
-8101
-7530
-6824
-5943
-4842
-3533
-2199
-1029
-20
1121
2528
3891
4817
5340
5905
6709
7396
7585
7373
7149
7007
6703
6099
5290
4407
3426
2308
1186
182
-850
-2064
-3345
-4350
-4934
-5349
-5820
-6272
-6412
-6054
-5319
-4488
-3739
-2959
-1887
-515
907
2080
2921
3684
4532
5337
5869
6042
5953
5732
5491
5223
4830
4187
3297
2370
1608
977
239
-742
-1802
-2635
-3180
-3596
-4045
-4494
-4756
-4681
-4308
-3806
-3259
-2646
-1909
-1019
-48
896
1757
2507
3155
3742
4310
4798
5115
5285
5416
5503
5430
5140
4756
4418
3959
3031
1665
302
-752
-1765
-3228
-5184
-7037
-8120
-8576
-9068
-9914
-10693
-10645
-9613
-8283
-7324
-6621
-5507
-3675
-1602
58
1281
2528
3953
5292
6370
7257
8027
8467
8454
8294
8269
8143
7422
6095
4687
3584
2543
1092
-724
-2465
-3847
-4985
-6077
-7153
-8079
-8707
-9033
-9065
-8863
-8515
-8029
-7377
-6518
-5406
-4116
-2810
-1670
-636
572
2056
3470
4390
4932
5577
6520
7355
7616
7404
7229
7266
7199
6737
5958
5096
4231
3292
2270
1231
118
-1136
-2432
-3505
-4235
-4807
-5415
-6035
-6360
-6164
-5548
-4803
-4162
-3508
-2551
-1196
261
1444
2281
3001
3853
4770
5444
5673
5561
5372
5239
5093
4762
4129
3274
2438
1773
1202
509
-438
-1480
-2284
-2791
-3184
-3652
-4186
-4517
-4476
-4134
-3691
-3259
-2782
-2127
-1262
-272
671
1426
2051
2673
3366
4048
4537
4725
4736
4836
5096
5287
5126
4588
3998
3671
3466
2818
1465
-129
-1353
-2158
-3186
-4857
-6788
-8176
-8728
-8964
-9432
-10043
-10207
-9515
-8245
-6971
-5911
-4800
-3320
-1532
248
1775
3094
4319
5404
6344
7217
7998
8467
8406
8010
7722
7549
7054
5910
4361
2960
1843
637
-942
-2701
-4269
-5506
-6517
-7447
-8276
-8887
-9255
-9339
-9095
-8568
-7882
-7156
-6355
-5289
-3905
-2430
-1141
-75
1024
2357
3755
4871
5586
6128
6768
7429
7873
7956
7796
7557
7226
6774
6174
5378
4350
3144
1916
783
-290
-1490
-2864
-4175
-5127
-5675
-6090
-6551
-6923
-6899
-6361
-5530
-4657
-3808
-2863
-1704
-330
1085
2279
3168
3864
4593
5390
5971
6089
5816
5486
5334
5175
4689
3821
2853
2075
1491
859
-20
-1060
-1977
-2597
-2998
-3416
-3922
-4332
-4458
-4275
-3884
-3407
-2914
-2385
-1717
-816
244
1183
1817
2324
2969
3771
4446
4759
4803
4854
5054
5263
5248
4940
4418
3882
3477
3063
2270
979
-472
-1652
-2527
-3551
-5058
-6735
-7940
-8393
-8502
-8797
-9273
-9363
-8608
-7230
-5903
-4970
-4031
-2599
-750
982
2244
3282
4379
5451
6315
6946
7454
7699
7499
7043
6669
6368
5701
4456
2972
1718
710
-447
-1929
-3519
-4878
-5885
-6652
-7357
-8045
-8572
-8762
-8557
-8092
-7539
-6898
-6096
-5116
-3970
-2675
-1321
-92
935
1916
3102
4383
5339
5839
6187
6709
7297
7579
7445
7091
6729
6355
5838
5122
4189
3085
1947
871
-126
-1168
-2339
-3472
-4376
-5024
-5484
-5847
-6093
-6138
-5927
-5418
-4651
-3789
-2954
-2040
-951
258
1460
2470
3266
3962
4599
5164
5557
5632
5395
5054
4771
4461
3902
3077
2206
1496
901
203
-623
-1420
-2059
-2557
-2980
-3325
-3600
-3788
-3822
-3633
-3221
-2727
-2256
-1741
-1020
-66
883
1628
2207
2810
3553
4249
4657
4778
4819
4923
5011
4945
4711
4339
3839
3286
2806
2384
1714
534
-868
-1936
-2581
-3386
-4819
-6556
-7733
-8000
-7982
-8340
-8980
-9155
-8340
-6899
-5596
-4750
-3915
-2501
-637
1092
2291
3178
4155
5154
5928
6433
6795
6954
6695
6151
5723
5453
4878
3665
2184
1031
227
-731
-2145
-3701
-4895
-5661
-6286
-6970
-7630
-8041
-8094
-7828
-7390
-6877
-6274
-5520
-4582
-3519
-2356
-1160
-101
792
1706
2826
3999
4845
5252
5558
6132
6783
7065
6865
6467
6197
5980
5541
4810
3863
2851
1876
946
36
-929
-1984
-3006
-3795
-4283
-4591
-4899
-5207
-5324
-5075
-4481
-3802
-3247
-2702
-1919
-864
248
1183
1915
2602
3328
4023
4599
4964
5025
4861
4690
4596
4398
3872
3062
2296
1763
1315
699
-113
-899
-1460
-1792
-2069
-2422
-2803
-3063
-3054
-2814
-2536
-2298
-2009
-1565
-934
-179
571
1209
1704
2213
2843
3477
3881
3968
3937
4001
4139
4140
3909
3548
3160
2791
2463
2124
1606
758
-280
-1180
-1820
-2496
-3566
-4921
-6068
-6619
-6739
-6940
-7393
-7734
-7432
-6388
-5148
-4296
-3712
-2795
-1340
213
1334
2009
2647
3406
4102
4588
4875
5000
4869
4535
4280
4162
3856
3088
2033
1129
517
-134
-1134
-2359
-3466
-4252
-4773
-5268
-5870
-6433
-6680
-6517
-6121
-5736
-5385
-4878
-4135
-3252
-2336
-1387
-475
286
996
1851
2846
3692
4126
4340
4715
5297
5745
5731
5386
5079
4944
4787
4329
3551
2675
1941
1364
736
-55
-916
-1653
-2178
-2556
-2844
-3084
-3307
-3487
-3487
-3192
-2735
-2411
-2286
-2051
-1440
-587
134
530
823
1378
2205
2948
3346
3437
3465
3647
3898
3908
3525
2908
2358
1985
1649
1151
445
-280
-799
-1078
-1253
-1512
-1887
-2205
-2269
-2066
-1842
-1775
-1746
-1546
-1080
-522
-57
335
751
1262
1801
2287
2679
2933
3073
3175
3290
3345
3253
3031
2785
2603
2409
2104
1711
1321
967
484
-204
-949
-1590
-2152
-2872
-3822
-4719
-5247
-5427
-5594
-5926
-6147
-5877
-5126
-4315
-3735
-3233
-2479
-1419
-399
302
813
1340
1885
2363
2721
2993
3155
3133
3007
2949
2956
2763
2221
1523
950
519
-44
-888
-1836
-2617
-3170
-3646
-4141
-4629
-4975
-5080
-4970
-4726
-4450
-4156
-3778
-3256
-2586
-1863
-1218
-692
-187
424
1137
1805
2274
2580
2903
3337
3779
4067
4168
4162
4143
4144
4114
3942
3583
3116
2677
2316
1951
1498
939
383
-40
-328
-578
-869
-1210
-1504
-1647
-1659
-1662
-1748
-1854
-1832
-1626
-1325
-1032
-785
-513
-87
488
1060
1498
1788
2068
2434
2760
2874
2735
2489
2297
2110
1820
1404
945
542
202
-70
-301
-536
-798
-1019
-1110
-1122
-1136
-1183
-1238
-1222
-1075
-847
-646
-491
-305
-11
369
698
909
1069
1289
1558
1756
1821
1817
1862
1972
2092
2139
2046
1905
1855
1912
1860
1432
766
235
-61
-448
-1238
-2300
-3186
-3625
-3845
-4239
-4841
-5334
-5356
-4904
-4401
-4190
-4112
-3739
-2953
-2110
-1567
-1215
-759
-180
370
884
1421
1854
2016
2067
2335
2766
2885
2480
1946
1704
1594
1189
452
-301
-851
-1302
-1756
-2154
-2502
-2852
-3131
-3186
-3030
-2872
-2861
-2879
-2698
-2333
-1964
-1707
-1535
-1311
-937
-418
105
491
779
1160
1733
2341
2800
3093
3317
3566
3830
4061
4174
4079
3824
3594
3507
3419
3129
2626
2132
1811
1574
1246
773
231
-282
-705
-1037
-1362
-1779
-2258
-2623
-2731
-2648
-2543
-2498
-2381
-2043
-1476
-824
-289
94
475
960
1475
1820
1909
1852
1803
1807
1767
1616
1381
1118
908
812
777
676
441
174
43
23
-72
-325
-627
-822
-888
-920
-974
-1043
-1067
-963
-719
-462
-287
-137
104
440
748
968
1157
1398
1671
1926
2197
2469
2626
2665
2738
2908
2919
2509
1848
1324
968
388
-659
-1881
-2791
-3330
-3841
-4571
-5366
-5836
-5807
-5527
-5363
-5371
-5218
-4668
-3902
-3312
-2945
-2440
-1695
-999
-468
127
922
1633
1978
2235
2787
3433
3624
3307
3029
3061
2986
2437
1649
1055
639
99
-588
-1179
-1581
-1964
-2406
-2764
-2936
-3030
-3173
-3343
-3422
-3344
-3139
-2910
-2745
-2566
-2178
-1536
-836
-281
225
936
1823
2655
3307
3884
4477
5026
5421
5688
5898
5933
5749
5482
5227
4913
4398
3729
3053
2434
1794
1065
309
-448
-1218
-1991
-2643
-3165
-3704
-4276
-4697
-4830
-4739
-4570
-4366
-4012
-3392
-2593
-1774
-972
-190
551
1273
1935
2450
2781
2953
3046
3095
3069
2943
2741
2510
2275
2062
1847
1586
1240
843
473
128
-287
-793
-1284
-1676
-1965
-2203
-2417
-2512
-2443
-2257
-1969
-1607
-1213
-801
-342
176
708
1156
1534
1923
2358
2800
3179
3461
3645
3790
3945
4040
3893
3375
2663
2046
1473
614
-649
-2004
-3076
-3829
-4565
-5461
-6311
-6784
-6816
-6656
-6536
-6427
-6092
-5467
-4775
-4163
-3547
-2773
-1928
-1224
-580
247
1243
2047
2499
2912
3578
4246
4481
4310
4115
4058
3844
3255
2511
1855
1248
530
-267
-938
-1467
-1995
-2557
-3004
-3268
-3466
-3689
-3901
-3975
-3881
-3701
-3512
-3294
-2936
-2370
-1676
-980
-268
550
1474
2402
3238
4009
4750
5391
5838
6136
6373
6488
6378
6034
5621
5237
4787
4151
3358
2608
1962
1277
481
-361
-1131
-1834
-2533
-3213
-3814
-4313
-4719
-5014
-5139
-5056
-4813
-4458
-3971
-3307
-2500
-1636
-797
8
796
1504
2088
2532
2845
3018
3049
3003
2892
2733
2536
2289
2033
1768
1527
1277
947
551
125
-300
-743
-1258
-1784
-2232
-2594
-2865
-3047
-3077
-2916
-2649
-2287
-1794
-1191
-556
7
543
1133
1718
2171
2505
2822
3181
3532
3811
4051
4219
4280
4244
4189
4095
3681
2836
1835
1015
279
-777
-2212
-3643
-4625
-5178
-5684
-6329
-6929
-7118
-6781
-6222
-5867
-5708
-5321
-4524
-3661
-3107
-2725
-2037
-1027
-206
316
969
2031
3111
3667
3919
4387
5041
5328
5005
4485
4069
3617
2894
1991
1150
370
-430
-1184
-1731
-2122
-2535
-2987
-3346
-3492
-3516
-3605
-3795
-3940
-3867
-3569
-3230
-2973
-2627
-1957
-1012
-87
693
1526
2570
3636
4432
4974
5464
5965
6301
6336
6174
5973
5755
5416
4944
4410
3856
3286
2655
1977
1254
487
-310
-1123
-1920
-2711
-3481
-4173
-4745
-5160
-5424
-5566
-5552
-5310
-4848
-4262
-3647
-2978
-2202
-1336
-493
187
718
1213
1710
2146
2402
2478
2507
2585
2671
2696
2618
2466
2306
2136
1939
1649
1215
669
91
-452
-997
-1602
-2190
-2656
-2955
-3108
-3141
-3034
-2761
-2351
-1845
-1292
-729
-143
458
994
1400
1717
2067
2487
2839
3055
3220
3482
3863
4182
4370
4434
4358
4170
3914
3589
3004
2001
778
-276
-1067
-1953
-3159
-4442
-5308
-5594
-5680
-5965
-6410
-6571
-6175
-5502
-5107
-5125
-5022
-4383
-3498
-2941
-2693
-2147
-1078
66
891
1605
2555
3602
4385
4847
5171
5341
5150
4683
4217
3715
2902
1785
804
240
-178
-835
-1652
-2211
-2378
-2429
-2683
-3154
-3554
-3726
-3746
-3823
-4012
-4069
-3818
-3317
-2761
-2175
-1377
-356
704
1655
2548
3436
4215
4791
5195
5520
5704
5656
5464
5332
5286
5088
4647
4153
3813
3550
3075
2308
1449
694
-26
-866
-1797
-2699
-3453
-4036
-4465
-4748
-4900
-4908
-4777
-4511
-4140
-3741
-3331
-2933
-2521
-2077
-1630
-1168
-717
-243
330
958
1537
2025
2505
3007
3407
3576
3527
3406
3230
2878
2354
1756
1188
641
68
-473
-924
-1308
-1666
-1963
-2145
-2264
-2396
-2514
-2532
-2439
-2268
-2054
-1782
-1427
-965
-402
221
860
1446
2000
2557
3062
3475
3782
3985
4087
4100
4062
3997
3909
3761
3499
3119
2704
2344
2006
1468
568
-490
-1370
-2006
-2710
-3761
-4982
-5875
-6189
-6200
-6359
-6754
-6950
-6503
-5564
-4798
-4558
-4345
-3562
-2351
-1397
-984
-568
364
1563
2470
3053
3675
4423
5049
5381
5561
5601
5292
4632
3944
3428
2814
1790
561
-365
-819
-1186
-1843
-2689
-3313
-3522
-3574
-3818
-4284
-4674
-4741
-4561
-4301
-4025
-3613
-2966
-2150
-1166
-36
1134
2179
3014
3834
4728
5492
5876
5903
5898
6009
6054
5797
5301
4868
4569
4220
3623
2833
2049
1311
494
-486
-1531
-2519
-3434
-4263
-4953
-5464
-5814
-6062
-6169
-6013
-5632
-5194
-4814
-4417
-3864
-3194
-2532
-1936
-1333
-633
156
969
1754
2550
3339
4016
4514
4856
5088
5162
4954
4431
3791
3173
2525
1758
881
123
-434
-908
-1396
-1875
-2254
-2552
-2828
-3110
-3352
-3532
-3666
-3689
-3555
-3247
-2798
-2247
-1552
-698
253
1168
1969
2683
3339
3885
4245
4411
4464
4467
4384
4236
4066
3930
3787
3548
3240
2916
2594
2188
1622
897
53
-789
-1509
-2148
-2936
-3885
-4669
-4973
-4920
-4965
-5258
-5465
-5197
-4518
-3871
-3577
-3526
-3275
-2560
-1632
-1061
-996
-888
-187
925
1689
1897
2129
2786
3581
4015
4065
4051
4011
3734
3259
2790
2302
1526
505
-309
-711
-1002
-1557
-2249
-2628
-2566
-2382
-2416
-2641
-2762
-2621
-2326
-2093
-1978
-1827
-1503
-998
-404
215
870
1485
2001
2497
3060
3600
3827
3681
3414
3309
3277
2989
2391
1753
1358
1146
836
350
-184
-599
-934
-1307
-1739
-2211
-2679
-3096
-3409
-3572
-3623
-3641
-3599
-3377
-2932
-2350
-1786
-1334
-888
-311
351
903
1222
1400
1648
2050
2433
2602
2601
2629
2792
2971
2983
2772
2444
2117
1797
1414
901
273
-363
-903
-1332
-1677
-2002
-2317
-2543
-2632
-2604
-2532
-2478
-2435
-2338
-2161
-1941
-1701
-1426
-1095
-698
-231
280
813
1349
1856
2307
2700
3023
3249
3342
3302
3183
3026
2820
2561
2227
1869
1555
1288
1021
718
417
162
-76
-306
-484
-610
-712
-846
-977
-1003
-895
-741
-711
-838
-964
-906
-689
-575
-770
-1151
-1335
-1143
-826
-816
-1180
-1487
-1317
-779
-489
-744
-1138
-1108
-633
-267
-343
-579
-516
-126
245
396
452
588
731
778
804
881
883
681
372
198
270
375
282
27
-139
-16
254
324
61
-299
-440
-353
-389
-727
-1160
-1408
-1381
-1287
-1302
-1380
-1391
-1304
-1179
-1034
-911
-862
-903
-979
-950
-759
-519
-390
-375
-292
30
531
921
1004
944
1025
1304
1525
1459
1211
1026
1034
1140
1186
1132
1037
1026
1090
1138
1117
993
810
589
343
127
-49
-222
-455
-721
-876
-851
-727
-682
-765
-833
-740
-522
-386
-447
-567
-567
-425
-279
-265
-334
-312
-164
16
134
176
205
259
341
392
381
328
249
182
117
61
27
-13
-56
-92
-66
47
171
242
285
359
490
642
750
781
773
799
886
990
1053
1051
1071
1161
1273
1349
1404
1481
1548
1548
1513
1524
1584
1604
1517
1330
1150
1052
991
843
498
22
-412
-664
-818
-1080
-1537
-2028
-2294
-2272
-2104
-2064
-2273
-2523
-2478
-2065
-1649
-1615
-1899
-1984
-1580
-960
-584
-539
-467
-91
532
1075
1342
1377
1310
1316
1361
1301
996
482
-13
-312
-467
-660
-946
-1259
-1442
-1493
-1545
-1693
-1929
-2157
-2345
-2519
-2724
-2882
-2899
-2804
-2668
-2524
-2234
-1750
-1185
-727
-425
-100
342
806
1112
1244
1351
1556
1860
2152
2364
2500
2642
2834
3039
3191
3183
3031
2833
2630
2446
2238
1925
1535
1165
927
788
608
302
-57
-294
-438
-608
-858
-1126
-1314
-1434
-1497
-1506
-1475
-1426
-1357
-1241
-1084
-920
-791
-712
-668
-590
-482
-373
-296
-260
-155
34
225
316
333
391
519
605
525
386
338
365
374
329
292
318
382
459
537
570
539
478
424
359
234
75
-63
-145
-218
-264
-236
-148
-48
6
76
197
313
361
353
343
374
432
465
516
616
758
917
1059
1195
1314
1410
1439
1395
1302
1179
1048
878
695
535
419
333
241
163
100
53
-22
-164
-334
-462
-570
-740
-965
-1156
-1212
-1209
-1242
-1312
-1323
-1218
-1095
-1047
-1054
-1038
-1001
-985
-1001
-1051
-1094
-1120
-1129
-1132
-1140
-1125
-1089
-1047
-1037
-1048
-1007
-955
-966
-1028
-1078
-1075
-1058
-1073
-1114
-1113
-1068
-1026
-964
-863
-732
-627
-543
-397
-191
1
132
249
390
565
737
877
990
1088
1217
1364
1488
1555
1579
1625
1669
1656
1567
1456
1351
1217
1043
835
657
501
337
199
67
-47
-138
-214
-248
-290
-343
-389
-404
-384
-368
-328
-283
-209
-91
56
233
380
523
661
833
994
1091
1157
1189
1215
1214
1185
1128
1033
919
823
737
612
475
349
246
125
-36
-166
-270
-370
-513
-648
-703
-721
-773
-847
-832
-745
-670
-616
-566
-444
-281
-161
-95
-36
59
182
275
299
317
360
438
490
480
457
453
459
398
292
198
111
10
-161
-338
-459
-550
-669
-811
-911
-945
-940
-964
-998
-981
-903
-816
-783
-762
-691
-572
-466
-414
-363
-257
-133
-46
10
86
209
314
364
378
416
499
555
527
452
408
418
427
363
258
183
152
152
131
69
3
-23
-25
-12
-28
-78
-103
-98
-80
-76
-84
-79
-40
-12
-21
-59
-89
-75
-94
-179
-310
-426
-473
-504
-580
-709
-824
-868
-849
-834
-872
-940
-965
-912
-840
-813
-807
-782
-699
-587
-504
-432
-339
-222
-115
-22
86
199
312
393
473
583
701
802
860
930
1021
1074
1089
1082
1083
1069
1008
898
814
757
680
591
502
452
438
423
401
391
388
421
470
500
535
552
601
694
791
865
919
980
1059
1137
1194
1228
1193
1113
1037
960
854
686
456
235
66
-90
-266
-464
-656
-832
-964
-1048
-1133
-1261
-1412
-1535
-1582
-1597
-1652
-1720
-1778
-1769
-1692
-1582
-1464
-1386
-1315
-1178
-987
-794
-706
-705
-661
-543
-410
-362
-392
-401
-316
-184
-82
-45
-43
5
112
206
232
209
180
191
231
279
313
319
326
392
504
631
705
716
768
861
978
1038
1060
1102
1154
1252
1333
1388
1421
1422
1404
1377
1328
1226
1080
915
742
567
385
186
2
-186
-348
-493
-631
-763
-906
-1032
-1148
-1230
-1296
-1352
-1377
-1387
-1369
-1299
-1185
-1092
-1014
-924
-814
-680
-566
-496
-439
-388
-317
-218
-155
-149
-168
-162
-101
-46
-65
-141
-216
-229
-212
-221
-267
-311
-326
-288
-236
-190
-147
-135
-99
-19
105
225
308
382
484
656
847
1010
1124
1196
1308
1455
1596
1659
1651
1637
1659
1686
1650
1573
1486
1405
1326
1212
1081
925
727
529
365
228
39
-182
-415
-598
-711
-831
-963
-1122
-1223
-1260
-1254
-1240
-1263
-1274
-1234
-1148
-1063
-994
-950
-893
-812
-727
-638
-578
-540
-500
-428
-360
-319
-295
-281
-274
-273
-271
-295
-327
-342
-337
-356
-406
-445
-434
-384
-344
-371
-401
-379
-306
-222
-168
-116
-62
36
163
299
427
519
597
706
844
950
987
993
1009
1041
1088
1096
1093
1078
1027
981
943
899
826
692
527
390
284
192
59
-76
-173
-215
-218
-260
-329
-382
-389
-389
-432
-520
-611
-643
-627
-632
-644
-632
-569
-474
-411
-358
-323
-266
-220
-217
-249
-294
-310
-312
-334
-358
-353
-333
-299
-284
-264
-247
-252
-268
-305
-337
-372
-393
-401
-384
-341
-286
-213
-148
-67
33
136
217
265
322
382
431
464
491
534
598
660
686
718
751
791
825
817
797
764
741
707
669
625
570
502
456
418
361
297
213
148
65
-2
-64
-148
-222
-316
-369
-392
-424
-475
-545
-595
-605
-605
-605
-609
-641
-645
-606
-547
-488
-452
-426
-381
-297
-210
-168
-155
-136
-80
-14
8
-3
-10
8
51
63
47
23
4
1
-10
-40
-78
-109
-126
-131
-149
-162
-164
-151
-110
-69
-35
-10
13
62
113
177
225
240
254
290
348
393
399
385
409
449
481
482
472
459
443
451
440
400
333
276
243
212
156
92
37
-10
-29
-58
-91
-113
-150
-173
-185
-194
-207
-224
-214
-174
-127
-97
-79
-43
-3
35
65
69
51
12
-12
-33
-66
-109
-158
-190
-200
-209
-228
-245
-262
-280
-295
-306
-319
-327
-350
-357
-325
-280
-238
-194
-153
-86
-5
46
97
148
206
241
258
284
313
358
367
350
343
349
343
292
224
150
97
48
-30
-117
-193
-262
-305
-330
-362
-414
-456
-480
-485
-472
-480
-497
-487
-431
-360
-304
-277
-223
-140
-43
32
64
96
146
196
222
227
232
243
255
267
274
270
252
253
258
239
207
169
137
120
94
71
36
-1
-7
12
56
63
57
80
133
203
235
224
249
302
350
396
409
410
427
442
461
447
399
358
322
292
223
132
46
-26
-97
-187
-281
-359
-411
-465
-527
-590
-647
-683
-689
-697
-705
-704
-682
-616
-548
-490
-435
-360
-248
-137
-33
52
123
194
270
357
405
428
446
473
510
522
514
479
426
396
375
320
225
112
31
0
-28
-97
-188
-254
-255
-231
-229
-239
-248
-228
-165
-101
-32
12
28
77
151
250
313
323
333
370
442
497
478
440
415
414
427
398
317
220
135
60
-18
-118
-226
-318
-395
-457
-509
-562
-624
-670
-702
-717
-734
-770
-787
-777
-738
-682
-628
-551
-437
-298
-165
-60
37
155
264
344
375
374
395
440
483
487
471
466
486
501
491
447
380
335
297
234
143
47
-16
-49
-50
-49
-48
-30
-9
56
124
173
192
207
248
307
368
412
439
477
536
589
621
638
633
613
596
547
471
389
294
210
124
25
-73
-164
-238
-343
-448
-553
-645
-728
-809
-883
-958
-991
-1018
-999
-968
-942
-899
-852
-781
-710
-640
-578
-512
-435
-367
-283
-203
-110
-13
71
147
212
285
321
316
299
290
285
262
213
158
121
105
96
79
46
10
3
-6
-15
-36
-59
-51
-35
-11
-6
21
79
148
211
256
296
355
425
486
528
535
554
584
620
633
595
571
559
555
538
477
394
319
269
216
142
49
-59
-143
-188
-235
-303
-389
-447
-467
-467
-476
-508
-530
-518
-473
-442
-410
-387
-339
-277
-226
-176
-127
-75
-22
18
38
73
110
134
144
142
144
138
136
122
84
58
26
-9
-42
-84
-121
-162
-193
-221
-245
-259
-262
-250
-222
-189
-159
-124
-76
-14
52
111
160
210
262
322
372
398
426
462
489
495
493
475
450
429
401
354
292
234
167
96
38
-24
-90
-146
-185
-231
-261
-282
-305
-299
-302
-293
-289
-290
-276
-254
-232
-208
-157
-117
-68
-13
27
77
125
151
157
147
142
135
112
67
15
-18
-35
-61
-106
-157
-199
-212
-236
-285
-340
-402
-444
-471
-495
-515
-526
-533
-510
-470
-424
-371
-330
-279
-220
-144
-84
-38
18
80
162
240
296
339
390
452
510
527
521
519
521
509
485
458
417
382
342
311
269
191
138
96
57
36
3
-31
-43
-38
-23
5
27
48
81
119
152
168
169
192
221
244
271
288
311
336
359
369
369
347
312
287
257
196
126
50
-11
-60
-129
-179
-242
-301
-356
-400
-425
-474
-525
-570
-584
-578
-580
-577
-569
-532
-471
-412
-364
-317
-259
-192
-137
-93
-54
-4
40
84
121
139
161
170
185
179
150
132
114
88
58
2
-43
-66
-77
-88
-120
-141
-162
-163
-145
-134
-147
-144
-126
-94
-32
11
36
72
128
206
271
308
335
358
399
436
446
430
411
407
411
396
363
314
273
230
185
123
39
-31
-101
-173
-242
-309
-360
-390
-431
-466
-483
-486
-476
-473
-472
-464
-434
-390
-349
-315
-287
-240
-179
-112
-50
-9
22
69
112
140
155
146
145
155
160
151
132
108
95
90
71
46
19
1
-16
-37
-63
-58
-53
-47
-40
-31
6
48
84
101
128
164
224
275
310
340
378
444
504
539
563
578
600
610
606
589
552
505
455
418
367
301
224
156
115
64
-1
-79
-148
-192
-237
-290
-337
-383
-405
-418
-429
-431
-435
-416
-383
-355
-330
-303
-264
-221
-188
-162
-137
-113
-90
-71
-67
-63
-63
-52
-48
-61
-85
-122
-145
-160
-180
-208
-245
-277
-310
-333
-360
-399
-418
-421
-424
-410
-394
-382
-351
-305
-243
-194
-162
-112
-53
10
73
119
155
212
273
324
374
409
441
471
498
520
516
502
476
434
413
376
334
277
209
165
133
87
44
-3
-54
-81
-100
-114
-136
-167
-166
-143
-125
-116
-110
-85
-50
-1
45
75
92
116
150
180
189
186
174
167
163
150
123
85
52
32
15
-18
-58
-92
-125
-148
-177
-226
-260
-283
-285
-284
-287
-283
-259
-213
-174
-130
-88
-54
-11
33
69
109
143
186
216
251
275
290
316
315
319
315
301
275
249
204
153
113
65
18
-28
-75
-122
-147
-172
-195
-223
-260
-267
-274
-267
-261
-255
-244
-223
-186
-148
-99
-69
-35
0
50
92
108
132
140
154
164
168
175
156
134
118
96
71
35
-13
-51
-103
-146
-181
-224
-259
-298
-317
-325
-327
-327
-332
-319
-299
-283
-258
-246
-227
-186
-142
-109
-72
-40
-6
42
85
122
139
146
170
199
211
202
181
170
178
180
176
153
119
104
100
90
64
27
15
4
-14
-20
-37
-46
-39
-40
-25
-24
-12
-1
8
38
54
67
84
105
127
151
176
193
210
228
231
233
229
224
221
212
193
182
177
153
137
122
100
80
65
39
7
-14
-29
-58
-74
-82
-101
-99
-101
-108
-99
-85
-68
-59
-64
-58
-57
-49
-47
-61
-67
-68
-60
-41
-43
-53
-49
-50
-46
-48
-63
-91
-103
-122
-137
-149
-167
-188
-196
-193
-198
-195
-200
-206
-195
-177
-172
-161
-153
-137
-112
-89
-67
-42
-3
30
70
89
106
138
163
184
184
184
197
212
213
208
197
195
188
171
160
135
110
100
87
68
48
26
13
13
16
0
-17
-24
-33
-43
-41
-56
-60
-59
-61
-55
-50
-48
-45
-41
-37
-33
-38
-47
-47
-51
-72
-68
-80
-86
-93
-110
-117
-125
-126
-135
-135
-152
-157
-155
-162
-151
-149
-145
-133
-117
-98
-86
-84
-65
-50
-19
14
28
45
62
96
124
141
152
171
183
192
202
205
207
220
226
224
229
222
227
223
208
201
189
166
161
147
130
115
99
87
89
82
75
72
63
67
66
65
51
46
30
14
15
-4
-10
-19
-25
-36
-35
-44
-52
-65
-89
-99
-118
-130
-158
-179
-201
-221
-245
-266
-285
-302
-304
-324
-313
-309
-306
-299
-299
-282
-271
-252
-237
-223
-196
-177
-145
-116
-88
-43
-10
31
62
89
118
140
157
164
184
188
193
193
185
185
201
205
197
184
174
175
174
169
143
120
107
107
109
98
85
87
86
98
107
101
104
98
109
117
119
118
107
105
117
114
108
92
69
56
45
30
1
-28
-58
-96
-109
-130
-170
-186
-204
-214
-229
-249
-256
-275
-279
-276
-276
-268
-269
-251
-222
-196
-172
-151
-128
-101
-69
-42
-18
-3
21
48
71
83
105
122
134
152
152
151
152
148
147
137
123
110
108
100
86
83
79
81
79
78
74
74
79
82
85
88
88
99
114
129
136
147
158
166
173
173
175
168
168
158
148
139
117
95
75
56
24
-13
-40
-67
-95
-131
-166
-199
-231
-250
-270
-295
-315
-323
-331
-336
-343
-342
-329
-320
-302
-284
-266
-242
-229
-194
-167
-146
-113
-85
-60
-33
-10
10
34
38
51
60
64
74
85
90
104
97
97
112
104
97
101
98
86
90
92
82
92
95
107
116
125
134
153
152
163
180
179
189
192
208
206
208
221
219
209
207
197
190
186
178
165
141
110
94
69
38
9
-25
-45
-67
-101
-120
-143
-166
-177
-187
-195
-204
-207
-203
-196
-200
-187
-181
-167
-156
-148
-136
-124
-107
-91
-72
-67
-53
-37
-29
-22
-20
-26
-21
-24
-29
-28
-36
-41
-45
-43
-36
-36
-38
-29
-35
-29
-27
-30
-23
-29
-18
-5
-1
20
23
32
56
64
83
98
115
114
117
126
124
122
124
139
130
129
131
120
120
106
100
89
69
62
35
28
20
2
2
-15
-30
-38
-49
-47
-56
-56
-60
-65
-64
-63
-54
-59
-56
-58
-55
-41
-47
-43
-41
-38
-34
-26
-28
-33
-28
-29
-25
-32
-40
-36
-45
-38
-35
-41
-46
-49
-38
-39
-41
-40
-47
-34
-18
-3
-3
-4
9
17
27
33
32
41
49
65
80
74
82
89
95
94
90
97
94
84
89
84
79
78
65
59
52
43
33
34
25
26
36
26
22
16
12
7
16
11
3
9
1
5
15
21
14
14
17
14
21
16
5
-1
-3
-7
-5
-18
-23
-25
-36
-46
-60
-74
-89
-89
-97
-113
-125
-130
-141
-150
-153
-152
-153
-149
-151
-154
-141
-142
-128
-116
-115
-110
-98
-78
-60
-36
-20
-10
-1
16
33
40
40
42
50
61
63
69
73
70
74
81
80
67
58
66
74
68
66
58
55
58
62
66
63
70
75
87
88
85
88
93
95
101
107
101
101
105
110
110
105
107
101
97
94
83
67
50
37
20
1
-19
-30
-36
-52
-67
-74
-86
-99
-106
-122
-132
-144
-144
-146
-153
-144
-139
-137
-122
-115
-109
-97
-86
-82
-78
-68
-59
-49
-41
-30
-26
-23
-12
-4
-2
-2
8
11
2
10
7
1
-5
-3
-1
-1
-1
7
6
2
11
14
20
23
28
30
40
53
62
74
79
83
87
97
107
107
113
120
122
122
124
123
117
102
102
94
89
72
59
46
32
20
3
-13
-35
-41
-61
-63
-75
-92
-95
-105
-110
-121
-128
-128
-134
-130
-125
-115
-109
-102
-96
-86
-75
-72
-70
-63
-61
-60
-49
-46
-43
-38
-32
-27
-28
-27
-22
-12
-13
-5
-1
-7
-1
5
11
14
17
22
34
40
51
58
67
78
86
96
102
107
112
126
126
140
131
127
139
127
130
125
124
117
112
103
97
94
74
75
61
45
47
28
14
8
-3
-14
-22
-23
-34
-34
-37
-42
-34
-50
-51
-52
-56
-56
-54
-58
-69
-63
-69
-64
-69
-70
-68
-65
-62
-67
-70
-79
-85
-80
-82
-92
-93
-102
-101
-98
-94
-97
-96
-92
-80
-76
-76
-68
-61
-55
-37
-27
-18
-8
-1
14
29
37
47
54
59
70
71
82
91
90
91
90
91
85
80
73
64
64
63
56
49
34
35
30
24
23
19
11
4
8
2
1
-5
-3
2
-5
2
6
1
2
-4
0
1
-6
-9
0
-3
-15
-7
-15
-23
-21
-30
-30
-38
-37
-43
-53
-47
-48
-46
-48
-48
-54
-56
-48
-44
-40
-37
-30
-26
-15
-12
-11
-3
3
16
24
33
37
40
52
64
62
63
56
53
59
51
58
52
49
50
39
32
28
18
17
7
8
-1
-6
-4
-8
-5
-13
-11
-9
-5
-1
-1
5
6
15
8
23
23
12
28
29
28
27
34
31
26
25
29
21
12
9
-11
-9
-16
-24
-26
-37
-37
-48
-46
-50
-66
-65
-71
-70
-70
-71
-70
-65
-58
-51
-42
-39
-35
-26
-22
-11
-13
-7
3
2
14
11
24
18
15
32
31
24
17
13
9
2
-6
-5
-10
-16
-19
-22
-30
-33
-32
-29
-30
-27
-26
-26
-19
-16
-18
-13
-9
-7
12
15
22
27
34
35
46
57
51
49
53
56
49
46
49
44
39
38
36
30
25
33
21
10
7
1
-3
-6
-4
-15
-15
-14
-6
-13
-9
-2
-8
0
2
8
6
13
20
16
19
23
22
21
26
26
16
13
12
8
3
0
-2
-9
-16
-16
-20
-31
-38
-32
-30
-39
-38
-37
-44
-47
-46
-45
-47
-33
-27
-29
-22
-18
-16
-15
-8
-5
-4
2
6
11
10
9
16
22
14
18
14
4
8
16
17
6
7
-1
-8
-1
-1
3
3
3
12
10
6
6
13
17
14
23
21
19
23
32
29
24
25
26
28
28
22
22
19
10
10
7
9
-4
-9
-10
-19
-23
-26
-24
-30
-39
-40
-48
-56
-49
-51
-58
-52
-56
-46
-36
-42
-37
-33
-34
-26
-23
-13
-8
-10
-1
2
2
7
14
22
27
22
26
22
24
21
23
27
20
25
28
22
21
25
24
27
27
27
25
32
29
33
35
35
34
38
44
37
44
43
41
43
45
42
38
42
48
38
40
37
32
31
16
20
13
-4
3
-4
-3
-10
-14
-15
-24
-26
-35
-36
-44
-48
-46
-52
-61
-64
-63
-68
-62
-63
-61
-62
-66
-55
-60
-55
-53
-55
-51
-46
-46
-48
-45
-43
-27
-28
-25
-20
-16
-11
-12
-3
-5
-5
-2
9
11
10
13
15
18
20
27
26
27
38
35
37
44
41
39
45
49
47
41
47
45
41
53
45
48
47
38
40
43
32
31
36
31
25
21
25
10
13
6
-4
0
-5
-4
-6
-13
-20
-30
-30
-32
-39
-36
-36
-40
-45
-50
-52
-47
-53
-45
-42
-53
-42
-47
-40
-35
-36
-37
-39
-29
-24
-19
-15
-14
-11
-1
-3
5
5
10
15
4
16
22
21
22
27
30
24
30
32
30
40
36
35
31
32
37
38
36
36
35
33
31
34
40
32
32
31
33
29
26
29
21
22
26
21
18
13
14
3
3
1
0
-10
-9
-15
-23
-18
-24
-33
-38
-38
-46
-45
-46
-48
-51
-50
-51
-55
-58
-57
-54
-54
-52
-45
-41
-39
-34
-26
-29
-32
-22
-23
-19
-8
-6
-7
-4
4
11
9
11
17
18
17
14
20
18
15
18
25
14
15
26
20
12
17
21
16
25
23
20
22
13
13
23
24
22
24
23
22
23
28
26
28
39
27
29
31
23
25
22
18
16
15
5
12
11
6
2
-10
-9
-12
-17
-17
-19
-24
-25
-33
-25
-32
-28
-25
-33
-23
-27
-25
-16
-13
-17
-17
-13
-11
-7
-3
4
6
2
4
2
8
8
9
7
12
17
13
10
10
12
7
-1
6
7
-1
8
7
3
-3
1
-2
-6
11
1
6
5
4
10
9
9
2
10
12
9
9
7
6
11
11
9
7
7
7
-6
-7
-4
-7
-15
-15
-11
-17
-27
-26
-23
-15
-27
-27
-27
-37
-23
-35
-32
-21
-22
-15
-16
-17
-20
-10
-8
-2
4
6
9
4
10
15
14
14
18
22
23
23
19
18
18
15
13
11
9
12
15
11
5
2
1
1
-4
-3
-3
1
0
-1
-1
-7
-1
-5
2
7
2
6
3
1
3
1
7
6
6
5
4
-3
0
6
3
4
-7
-8
-3
-4
-9
-11
-10
-13
-14
-9
-15
-11
-7
-11
-17
-8
-7
-17
-5
5
2
-1
-2
8
4
9
9
8
19
21
23
22
26
24
23
24
26
17
9
21
21
16
23
15
12
18
3
7
8
3
2
4
5
-7
-10
-11
-5
-4
-9
-8
-6
-7
-7
-10
-14
-8
-12
-13
-11
-16
-16
-10
-13
-12
-12
-20
-19
-19
-23
-21
-24
-18
-21
-26
-18
-35
-38
-32
-32
-28
-25
-24
-25
-18
-24
-25
-28
-20
-9
-8
-9
-6
-3
-1
-2
8
12
6
12
16
23
24
20
17
25
31
26
28
29
27
23
23
19
18
17
23
20
9
19
20
15
10
18
18
8
6
22
8
4
12
8
14
14
17
11
7
13
10
10
7
5
15
-1
1
0
-4
-2
-8
-7
-10
-11
-19
-12
-17
-23
-23
-22
-22
-23
-21
-30
-25
-28
-26
-19
-29
-22
-17
-19
-14
-8
-10
-10
-3
-3
1
-1
-3
6
3
2
2
6
2
7
3
4
8
2
7
4
4
0
-6
-3
2
-1
-2
-3
-4
-2
-1
4
0
0
1
3
1
7
15
13
13
8
10
10
12
10
16
15
5
14
22
17
18
16
7
3
4
2
6
-1
-1
2
-8
-8
-12
-5
-8
-1
-6
-16
-11
-10
-5
-10
-5
-1
-12
-13
-9
-10
-7
-7
0
0
-1
-3
-5
-5
1
3
-12
-4
-6
-5
-8
-8
-9
-17
-12
-10
-9
-13
-8
-4
-8
-14
-5
-7
-10
-8
-5
0
-2
-3
1
7
4
4
10
13
20
15
14
17
16
17
19
17
16
15
12
10
9
16
10
13
13
16
17
6
10
1
4
-1
-4
-2
-1
-3
-9
-6
0
3
-2
0
-10
-6
-11
-13
-3
-7
-12
-11
-15
-13
-14
-16
-13
-17
-16
-17
-11
-14
-19
-19
-20
-26
-25
-19
-20
-22
-25
-24
-23
-17
-19
-11
-10
-13
-10
-7
-9
-5
-1
2
4
3
7
9
12
10
14
21
23
22
24
30
27
25
32
26
29
23
21
25
24
28
25
25
21
20
21
20
13
22
20
12
14
11
10
5
1
-1
6
-1
-2
0
-2
-6
-5
2
-6
-11
-11
-17
-26
-20
-14
-20
-14
-25
-29
-22
-33
-29
-24
-20
-24
-24
-24
-24
-23
-23
-25
-25
-19
-19
-16
-14
-9
-6
-2
-2
4
6
7
4
12
14
16
18
20
21
20
24
24
33
28
36
35
31
36
33
29
29
34
25
31
34
26
28
17
21
17
15
19
14
18
10
10
4
5
2
-6
-3
-13
-12
-15
-22
-12
-15
-25
-22
