11
19
19
17
24
37
39
32
33
36
25
-1
-19
-17
-10
-13
-17
-12
-3
-1
-9
-20
-22
-18
-15
-24
-41
-53
-52
-47
-45
-45
-52
-65
-76
-72
-58
-56
-70
-74
-58
-46
-58
-77
-69
-38
-14
-16
-31
-39
-37
-27
-15
-8
-12
-21
-26
-27
-32
-42
-50
-52
-50
-45
-40
-36
-28
-14
-2
-9
-35
-56
-62
-55
-49
-37
-19
-8
-16
-23
-18
-10
-19
-40
-46
-31
-22
-35
-55
-65
-65
-63
-60
-52
-47
-49
-52
-55
-62
-71
-73
-61
-47
-46
-57
-65
-60
-46
-38
-45
-58
-57
-38
-19
-19
-33
-37
-26
-21
-36
-49
-42
-30
-33
-46
-45
-30
-22
-22
-21
-22
-31
-43
-36
-15
-8
-26
-49
-51
-33
-12
3
11
10
2
-9
-16
-16
-9
-4
-12
-27
-31
-14
1
-1
-10
-9
-5
-18
-45
-60
-54
-42
-37
-38
-38
-34
-28
-25
-29
-39
-43
-41
-43
-54
-58
-42
-24
-24
-37
-38
-28
-28
-42
-52
-50
-44
-47
-55
-56
-49
-39
-35
-36
-41
-45
-46
-47
-44
-29
-10
-2
-5
-10
-11
-12
-12
-2
20
41
46
39
35
39
42
40
34
29
33
44
53
54
51
44
28
7
-1
15
42
68
91
106
101
81
73
95
120
113
90
85
97
103
94
94
106
105
86
71
75
92
100
95
85
86
108
136
138
96
46
35
65
92
85
57
36
32
37
50
72
90
84
53
18
7
25
46
46
26
5
0
8
23
33
29
22
23
30
27
18
21
32
25
-4
-20
-14
-7
-11
-4
17
20
-9
-25
1
30
21
-7
-12
-7
-15
-15
13
40
23
-14
-17
5
9
-7
-6
8
3
-19
-20
-1
4
-18
-38
-40
-30
-17
-5
-6
-21
-24
-3
12
-8
-34
-31
-16
-26
-52
-51
-19
-5
-23
-42
-37
-18
-6
-3
0
0
-6
-9
-3
7
11
-3
-31
-54
-52
-35
-29
-39
-45
-33
-20
-24
-30
-27
-22
-27
-36
-39
-31
-23
-19
-19
-24
-29
-29
-22
-14
-7
-7
-14
-24
-28
-24
-23
-36
-47
-42
-32
-33
-45
-49
-39
-27
-22
-21
-21
-19
-11
-3
-2
-13
-26
-26
-17
-15
-21
-21
-10
1
-3
-20
-34
-39
-36
-33
-34
-31
-21
-9
-9
-23
-40
-47
-36
-12
4
0
-19
-27
-22
-18
-25
-31
-20
6
23
20
5
-3
-4
-9
-27
-40
-33
-8
2
-18
-48
-58
-43
-21
-9
-3
-1
-4
-9
-10
-5
1
10
18
18
15
23
47
67
64
46
37
37
37
36
42
46
29
4
-2
20
42
40
21
5
3
16
29
29
16
7
9
9
-4
-20
-18
-1
5
-9
-25
-21
-2
13
14
2
-13
-23
-25
-12
8
24
28
26
28
34
35
29
26
26
18
2
0
19
40
34
6
-15
-11
6
19
18
14
15
18
16
8
8
21
31
28
17
12
9
0
-9
1
22
27
10
-9
-10
-2
-6
-23
-39
-40
-26
-14
-17
-29
-32
-22
-13
-13
-11
0
6
-3
-13
-7
4
4
-2
-3
1
-2
-2
8
15
8
-2
0
10
12
6
1
0
6
22
36
28
1
-17
-12
-5
-7
-5
7
8
-14
-32
-23
-6
-7
-9
14
44
45
19
2
15
32
37
34
34
30
14
-6
-14
-11
-2
6
12
13
13
14
15
14
10
12
26
42
48
40
35
42
47
37
17
1
-7
-15
-18
-2
24
36
27
16
18
29
34
35
36
38
34
25
13
-1
-16
-27
-31
-31
-26
-17
-8
-4
1
7
8
-2
-16
-27
-40
-57
-64
-57
-44
-36
-28
-10
2
-6
-24
-26
-16
-15
-30
-48
-60
-67
-56
-26
1
2
-13
-13
2
6
-13
-28
-26
-19
-20
-21
-13
-7
-14
-20
-10
14
39
58
62
42
5
-16
-2
24
29
16
18
38
48
38
38
59
79
68
43
31
29
19
11
25
47
45
17
-4
-2
6
2
-7
-11
-20
-33
-35
-23
-8
-4
-9
-16
-17
-10
12
28
26
14
11
18
17
8
8
19
24
10
-3
-4
3
6
2
-7
-20
-28
-27
-21
-18
-15
-8
-3
-8
-14
-13
-14
-33
-62
-77
-70
-52
-29
-6
12
10
-7
-18
-12
7
17
4
-27
-47
-39
-23
-37
-69
-77
-48
-16
-15
-24
-12
0
-12
-36
-32
0
22
14
-3
-11
-15
-19
-20
-14
-13
-22
-28
-20
0
7
-3
-16
-8
17
32
23
1
-14
-26
-40
-44
-26
2
14
11
12
26
34
21
-7
-30
-40
-41
-37
-26
-5
20
30
10
-26
-55
-64
-57
-48
-40
-39
-43
-43
-34
-21
-10
-6
-7
-16
-32
-45
-50
-48
-40
-36
-48
-69
-70
-38
-5
-10
-28
-13
26
41
22
12
24
25
7
11
40
46
18
11
44
59
30
10
44
87
81
45
31
43
53
60
73
76
60
51
69
84
66
36
34
48
48
29
18
26
42
52
47
31
19
23
31
22
7
15
46
66
51
8
-31
-40
-13
28
41
20
2
17
41
42
28
31
49
60
60
63
63
47
26
22
23
14
4
7
8
-9
-25
-8
21
22
0
-8
-2
-8
-24
-18
8
16
-7
-21
-14
-18
-46
-54
-27
-4
-23
-44
-22
18
19
-6
0
42
73
72
67
62
36
-3
-24
-31
-54
-73
-47
5
25
5
4
38
55
31
8
7
-4
-29
-19
29
48
7
-28
-14
2
-31
-61
-21
62
95
65
34
34
43
34
10
-18
-39
-34
5
46
51
27
9
12
20
28
42
54
39
-3
-33
-19
17
32
13
-10
-19
-18
-10
10
25
-1
-67
-102
-60
11
31
-4
-34
-33
-25
-13
24
68
63
5
-45
-51
-37
-37
-46
-46
-47
-46
-29
6
28
13
-33
-82
-103
-77
-20
24
15
-35
-75
-70
-25
22
37
13
-19
-22
1
13
-1
-25
-38
-47
-51
-43
-30
-26
-30
-35
-59
-103
-121
-78
-25
-33
-83
-95
-55
-22
-23
-34
-48
-84
-105
-55
26
36
-29
-61
-27
-16
-68
-98
-48
15
14
-14
-11
-3
-27
-49
-32
-13
-29
-37
-7
1
-64
-136
-118
-29
35
48
54
57
25
-31
-53
-22
26
75
112
103
26
-55
-58
5
47
40
30
41
42
23
15
26
34
33
40
45
28
6
23
61
55
-6
-65
-77
-62
-60
-73
-66
-29
20
36
1
-36
-5
84
137
100
25
-25
-37
-13
61
145
135
17
-85
-70
5
44
52
70
57
-27
-102
-64
49
109
72
3
-40
-42
9
80
98
31
-39
-39
4
32
54
84
80
22
-12
35
99
97
58
46
41
11
10
93
176
126
-33
-144
-110
15
122
158
116
13
-93
-133
-77
28
106
110
47
-29
-70
-67
-40
-13
7
13
5
-11
-30
-43
-42
-16
31
82
103
54
-61
-152
-109
52
176
146
21
-71
-84
-50
17
99
118
23
-107
-159
-113
-28
70
152
138
-14
-199
-267
-183
-13
158
243
165
-31
-173
-148
-9
138
257
290
145
-122
-264
-131
133
281
243
93
-94
-226
-201
-29
126
149
82
-11
-131
-227
-175
27
209
241
163
42
-104
-183
-78
138
220
92
-57
-76
-31
2
76
197
232
118
-16
-50
-25
-5
43
131
163
66
-100
-225
-247
-129
95
258
184
-93
-331
-343
-150
113
310
305
64
-243
-349
-159
159
367
343
103
-222
-418
-329
-14
280
328
106
-185
-292
-134
119
211
78
-117
-215
-202
-136
-47
27
22
-74
-176
-205
-172
-114
-46
11
10
-34
-35
38
90
21
-130
-218
-147
37
193
199
52
-128
-185
-66
122
201
86
-125
-237
-161
14
117
53
-138
-318
-340
-161
81
188
101
-58
-155
-157
-91
-1
45
13
-12
61
153
116
-17
-71
-22
-6
-36
19
131
99
-89
-192
-102
0
-8
-22
19
-10
-124
-130
32
137
46
-72
-80
-92
-196
-224
-46
176
233
151
49
-53
-129
-76
103
232
189
64
-10
9
103
202
169
-41
-240
-235
-92
37
179
348
304
-97
-502
-451
-31
284
339
310
216
-53
-295
-172
184
291
58
-137
-97
-14
0
50
104
-12
-198
-150
111
255
185
109
78
-58
-229
-181
26
65
-83
-110
39
87
-36
-86
-24
-87
-234
-107
290
456
147
-234
-265
-64
80
170
275
228
-56
-284
-165
146
293
212
77
-38
-146
-150
15
186
166
9
-100
-124
-132
-111
-29
35
18
8
72
98
5
-66
6
77
-5
-89
22
180
124
-48
-30
146
157
-62
-197
-44
232
390
366
174
-132
-344
-224
158
419
278
-153
-526
-560
-251
137
288
139
-109
-294
-389
-301
72
492
503
87
-259
-260
-199
-259
-168
161
282
-13
-224
10
252
59
-209
-71
214
220
174
396
514
122
-351
-316
-17
43
39
273
320
-205
-675
-381
203
235
-30
100
314
-64
-587
-357
275
290
-155
-103
304
74
-660
-735
-2
470
310
219
321
-84
-817
-685
464
1215
710
-191
-483
-318
-118
241
651
448
-380
-811
-298
392
464
176
5
-209
-572
-585
-36
451
398
180
116
-156
-736
-839
0
918
851
26
-573
-629
-498
-261
235
681
576
58
-268
-278
-332
-429
-112
623
1025
530
-439
-965
-676
23
573
746
534
-34
-730
-1028
-564
326
854
630
-11
-543
-741
-558
7
647
771
187
-526
-697
-343
67
297
364
176
-296
-657
-457
181
674
665
213
-455
-979
-868
-34
850
1033
575
54
-320
-626
-592
79
820
668
-258
-759
-273
374
347
-48
-192
-191
-313
-202
420
875
429
-397
-505
72
309
-73
-255
137
376
-52
-540
-413
-5
43
-140
-84
85
-11
-137
168
625
525
-96
-457
-221
128
169
40
-96
-342
-570
-350
294
688
413
-115
-292
-77
209
354
242
-106
-260
224
898
688
-493
-1289
-701
485
873
345
-214
-394
-411
-226
289
618
222
-342
-121
582
535
-420
-1022
-531
269
445
167
-9
-128
-379
-442
-3
601
812
537
1
-567
-799
-316
595
1005
486
-268
-428
-90
142
130
156
252
199
-3
-163
-260
-354
-285
78
403
214
-365
-621
-216
273
121
-485
-665
-115
437
302
-192
-289
56
289
186
-33
-309
-641
-593
174
1008
920
93
-326
0
261
80
80
510
650
157
-265
-127
41
-186
-382
-224
-80
-68
218
561
98
-942
-1072
72
862
173
-873
-846
-113
293
359
320
-263
-1206
-1093
430
1420
448
-965
-772
349
500
-87
173
1094
1100
126
-447
-323
-351
-402
367
1347
999
-429
-1031
-240
504
297
-133
-201
-351
-674
-467
291
602
85
-450
-449
-298
-258
-54
207
10
-427
-254
471
641
-166
-975
-846
16
867
1258
1011
238
-412
-338
152
299
113
205
566
551
76
-228
-119
-12
-72
-21
75
-175
-556
-374
288
489
-107
-649
-409
194
369
23
-430
-714
-704
-317
210
383
115
-124
-72
-13
-128
-100
256
564
498
264
79
-220
-589
-450
407
1175
1002
148
-510
-664
-485
65
924
1320
546
-823
-1464
-941
32
759
1033
643
-433
-1422
-1353
-355
512
654
317
-219
-799
-929
-238
676
864
325
-296
-819
-1255
-980
362
1617
1370
57
-729
-602
-340
-8
861
1579
957
-502
-1123
-646
-256
-223
228
833
458
-564
-647
311
708
-3
-567
-279
67
-70
-262
-322
-484
-386
326
717
-166
-1279
-983
167
435
-45
152
785
476
-395
-296
387
29
-915
-491
1049
1425
168
-882
-890
-757
-576
462
1628
1239
-243
-710
43
293
-257
-275
177
-246
-1070
-449
1212
1454
-115
-1232
-849
-326
-351
39
835
635
-495
-746
140
310
-735
-1093
130
1188
693
-270
-329
37
-102
-380
-133
263
199
-69
-8
331
600
632
320
-286
-691
-436
175
494
453
402
329
19
-271
-114
314
407
-29
-583
-726
-267
453
724
195
-598
-869
-571
-168
219
646
713
96
-608
-606
-122
134
181
361
334
-195
-480
104
646
114
-622
-93
1100
1089
-179
-888
-275
527
677
646
764
534
-165
-634
-502
-155
97
261
162
-261
-408
192
872
661
-233
-846
-909
-753
-269
735
1476
876
-739
-1726
-1108
357
1241
971
117
-460
-498
-366
-309
-95
367
615
370
85
140
153
-167
-261
247
658
395
91
296
235
-689
-1360
-635
578
789
321
263
252
-494
-1090
-344
787
601
-391
-438
349
448
-244
-610
-622
-932
-902
339
1585
1008
-690
-1264
-440
235
396
858
1192
253
-1188
-1211
21
518
-159
-487
125
614
477
332
262
-232
-693
-249
544
487
-70
61
518
67
-858
-772
83
155
-515
-433
440
613
-85
-264
239
37
-974
-1104
144
1112
772
107
-95
-501
-1253
-1035
567
1789
1213
-190
-902
-1007
-1043
-406
1247
2380
1384
-877
-2126
-1582
-243
980
1725
1441
-14
-1417
-1373
-200
744
1008
927
316
-930
-1600
-558
1107
1360
260
-408
-179
-187
-589
-319
487
406
-586
-820
179
945
691
267
27
-733
-1632
-1163
507
1265
382
-472
-324
-266
-801
-637
641
1347
535
-366
-106
481
399
149
263
201
-255
-388
-90
-116
-369
27
684
325
-709
-819
-42
105
-392
-150
601
287
-757
-641
442
425
-741
-1020
-226
-239
-1079
-756
652
851
-297
-379
925
1109
-422
-1099
168
1166
538
-89
404
647
-183
-653
64
607
60
-546
-466
-424
-638
-197
866
1219
530
-74
-143
-321
-584
-273
232
-4
-577
-399
291
507
315
111
-622
-1789
-1575
731
2650
1927
60
-452
-197
-858
-1379
-42
1581
909
-944
-998
401
533
-588
-537
774
1033
-14
-265
577
524
-712
-999
359
1412
935
13
-454
-1065
-1863
-1480
503
2321
2229
606
-953
-1467
-943
98
869
820
238
-110
14
177
84
-81
-164
-325
-617
-682
-201
505
798
664
761
1168
877
-605
-1907
-1443
127
838
456
397
753
64
-1563
-1931
-316
1154
861
-138
-558
-802
-985
99
2274
2951
853
-1705
-2238
-1314
-438
576
1912
2068
344
-1303
-1208
-560
-760
-742
613
1813
1178
-219
-626
-560
-1105
-1377
-348
746
439
-293
34
567
-153
-1250
-942
353
855
301
-140
3
274
385
212
-366
-736
2
1234
1217
-149
-1008
-601
-175
-197
466
1597
1104
-1122
-2097
-385
1333
594
-993
-895
107
-86
-918
-469
857
1094
67
-754
-951
-1129
-937
416
2030
2014
312
-1045
-695
520
1005
307
-775
-1250
-815
37
681
982
1057
767
90
-400
-244
68
-87
-246
278
807
150
-1164
-1338
-83
826
179
-1120
-1634
-1092
6
1137
1602
920
-183
-379
304
499
-210
-584
61
635
191
-476
-347
99
15
-141
401
996
590
-227
-2
1071
1258
-2
-1265
-1313
-677
-315
-179
129
380
245
-73
-413
-1011
-1637
-1389
-119
899
702
89
312
1137
1397
789
-59
-715
-1022
-630
366
841
-89
-1614
-2108
-1092
589
1967
2386
1464
-232
-1141
-448
734
942
300
-219
-512
-955
-1103
-296
967
1522
990
-175
-1409
-2000
-1278
287
1204
936
543
688
619
-61
-495
-487
-1140
-2321
-1854
918
3109
2069
-768
-2175
-1530
-484
201
855
1105
425
-265
226
1234
1157
-64
-1051
-1049
-450
199
598
572
307
155
-96
-830
-1459
-1023
64
453
2
-270
-183
-291
-125
1002
1745
226
-2320
-2593
-237
1589
1187
400
784
1173
523
16
554
856
-167
-1344
-1279
-527
-212
-134
343
795
430
-591
-1372
-1214
-92
1197
1479
476
-732
-1112
-804
-255
592
1413
1215
-29
-888
-603
-73
167
872
1957
1795
66
-1150
-635
51
-418
-828
39
1035
823
38
-491
-1319
-2429
-2241
-392
1005
596
-180
120
732
770
857
1212
791
-324
-503
325
205
-1085
-1188
635
1927
1159
7
-9
166
-247
-193
681
938
226
135
947
720
-1092
-2305
-1606
-474
-301
-514
-519
-632
-398
1065
2509
1599
-1029
-2105
-635
930
1018
824
1172
1011
36
-475
-350
-967
-2197
-2048
-218
1068
721
314
879
1091
-89
-1390
-1240
129
1616
2594
2527
976
-1193
-2069
-989
557
848
-142
-1131
-1089
-144
635
373
-484
-611
363
1227
835
-421
-1315
-1214
-385
419
356
-750
-1875
-1783
-605
461
878
1096
1282
999
223
-451
-670
-478
147
991
1222
366
-711
-772
240
1367
1741
982
-588
-1640
-1011
354
354
-966
-1303
-14
645
-535
-1553
-818
98
-330
-620
682
1778
640
-1123
-842
774
1226
561
582
1121
604
-607
-745
98
228
-658
-1332
-1333
-1092
-446
738
1322
429
-653
-253
972
1248
583
211
183
-186
-381
387
1139
422
-1053
-1448
-855
-817
-1284
-718
866
1585
751
-77
291
1035
1056
597
272
-108
-783
-1243
-1045
-676
-817
-1283
-1306
-551
537
1124
660
-447
-905
110
1718
2207
1188
-41
-442
-424
-594
-473
455
1286
716
-813
-1483
-701
121
-136
-625
-134
815
849
32
-328
111
294
-268
-638
-145
459
329
-66
73
363
-138
-1282
-1919
-1373
-34
1248
1694
966
-315
-871
-267
456
312
-294
-555
-618
-829
-657
294
1078
744
-35
-216
-228
-701
-536
1355
3323
2744
32
-1899
-1870
-1297
-1017
-356
525
461
-128
475
1904
1677
-708
-2665
-2354
-835
443
1414
1814
725
-1240
-1962
-980
-55
18
304
846
180
-1404
-1473
502
1949
1343
362
485
626
-111
-373
783
1808
1187
-150
-703
-677
-815
-814
-311
103
9
-139
-88
-127
-60
551
1022
314
-878
-852
315
854
203
-435
-527
-896
-1695
-1820
-806
398
922
790
227
-512
-696
231
1654
2395
1983
666
-1025
-2044
-1325
608
1722
963
-519
-1300
-1296
-799
294
1467
1526
412
-505
-532
-301
-25
849
1845
1513
-232
-1809
-2290
-2013
-1035
669
1697
565
-1549
-2060
-793
238
415
780
1118
179
-1283
-1109
565
1424
815
216
29
-687
-1282
39
2505
2993
597
-2061
-2665
-1605
-91
1372
2085
1286
-189
-449
778
1822
1596
630
-436
-1556
-2250
-1591
307
1876
1632
-366
-2541
-3068
-1498
667
1519
746
-577
-1697
-2402
-2082
-378
1446
1633
471
-97
640
1512
1687
1639
1663
1230
234
-492
-306
449
885
383
-681
-909
495
2175
2175
895
274
239
-988
-2880
-2648
-162
1175
-134
-1474
-1106
-1013
-2482
-3157
-1384
438
1
-1015
-376
795
730
456
1299
1880
798
-335
432
2077
2609
2146
1629
821
-357
-804
-299
-177
-610
-63
1306
1038
-1296
-2614
-1023
1290
1797
1024
240
-978
-2596
-2622
-324
1612
740
-1473
-2064
-905
-162
-696
-1290
-883
176
961
1005
589
385
644
786
275
-451
-605
-180
323
784
1137
754
-588
-1623
-859
1152
2136
967
-880
-1265
-9
1173
1036
160
-204
219
869
1376
1464
557
-1200
-2151
-1072
589
434
-1281
-2131
-1364
-591
-641
-677
-644
-1435
-2237
-1090
1310
1899
183
-888
-2
517
-746
-1648
-355
1621
2309
2093
1866
1283
532
956
2335
2308
39
-2114
-1968
-281
930
788
-348
-1396
-1074
369
662
-1264
-2961
-1891
582
1623
1292
1040
115
-2460
-4456
-3446
-1239
-802
-957
886
2946
1720
-1296
-1488
1284
2823
1715
712
1195
1553
1203
1506
2325
1863
134
-955
-968
-1159
-1701
-1680
-1257
-1137
-743
522
1332
292
-1455
-1844
-841
296
1235
2053
2078
1030
-205
-1238
-2647
-3840
-3002
-377
1177
328
-782
-121
1473
2473
2831
2607
1264
-366
-225
1562
2161
262
-1848
-1834
-468
219
-244
-1099
-1757
-1808
-1028
0
500
765
1430
1825
781
-1137
-1941
-807
1026
1858
1025
-834
-2179
-1804
-240
780
534
-141
-516
-612
-155
1182
2400
2129
967
679
1209
966
-129
-651
-501
-855
-1512
-1303
-776
-1307
-2037
-1109
622
807
-96
310
1686
1427
-454
-1254
-367
120
-313
-13
960
552
-1174
-1591
144
1822
1883
1196
693
67
-760
-1285
-1604
-1926
-1495
43
1231
858
83
394
1034
767
319
697
1000
361
-93
313
-175
-2540
-4281
-2934
-15
1566
1696
1681
1117
-534
-1446
46
2207
2395
1104
442
304
-713
-1986
-1695
-105
730
34
-1133
-1793
-1740
-945
286
1153
1330
1323
1336
982
511
825
1804
2176
1461
452
-401
-1339
-1976
-1568
-665
-516
-855
-419
541
631
52
336
1314
1101
-595
-1819
-1487
-682
-382
-335
-582
-1643
-2684
-1980
173
1418
835
130
631
1461
1588
1444
1455
1009
-60
-742
-586
-390
-343
559
2207
2555
568
-1764
-2047
-672
303
277
173
239
-188
-987
-1086
-180
694
551
-462
-1537
-1997
-1551
-445
563
835
400
-403
-1420
-2297
-2149
-553
1402
2051
1111
-122
-476
30
818
1484
1708
1301
638
368
473
284
-299
-423
449
1520
1526
292
-1079
-1441
-684
318
627
148
-348
-188
324
272
-637
-1601
-1658
-856
-222
-562
-1523
-2033
-1590
-781
-372
-326
-120
292
446
194
-22
234
966
1867
2460
2281
1390
556
457
897
1215
1146
773
141
-436
-258
720
1328
625
-621
-1002
-521
-331
-832
-1357
-1525
-1594
-1558
-1138
-687
-969
-1967
-2761
-2626
-1550
98
1636
2146
1332
107
-323
324
1518
2596
2799
1536
-592
-1830
-1196
316
1170
1090
712
380
185
400
980
1293
986
480
118
-321
-879
-1155
-1176
-1481
-2005
-2005
-1387
-927
-926
-852
-534
-386
-325
169
814
782
218
29
230
105
-164
215
873
741
119
309
1260
1639
1205
998
1210
1005
506
764
1655
1956
1544
1401
1468
736
-476
-704
64
286
-395
-602
215
865
619
279
493
760
675
551
407
-194
-981
-1048
-358
125
1
-149
4
76
-85
-99
192
524
720
693
170
-841
-1643
-1632
-1171
-1046
-1416
-1839
-1918
-1502
-774
-369
-739
-1293
-1104
-490
-678
-1763
-2452
-2152
-1738
-1768
-1555
-752
-280
-822
-1664
-1953
-1898
-1949
-1901
-1621
-1610
-2119
-2602
-2563
-2123
-1450
-584
15
-166
-618
-332
529
793
228
-164
24
19
-518
-898
-839
-941
-1181
-560
1015
2040
1575
783
1218
2645
3687
3826
3609
3459
3303
3141
3167
3416
3779
4217
4651
4889
4915
4986
5232
5466
5516
5438
5272
4949
4529
4159
3750
3113
2485
2383
2760
2864
2289
1668
1847
2735
3491
3617
3304
2793
2058
1249
843
979
1017
255
-1106
-2194
-2584
-2627
-2701
-2705
-2573
-2660
-3171
-3633
-3533
-3190
-3358
-4127
-4877
-5309
-5803
-6620
-7465
-8155
-9023
-10183
-10980
-10817
-10166
-10030
-10587
-11034
-10760
-10079
-9658
-9724
-9991
-10036
-9620
-8850
-8078
-7463
-6740
-5684
-4592
-3928
-3628
-3226
-2568
-1922
-1436
-1015
-730
-771
-956
-836
-345
177
662
1420
2469
3373
3912
4395
5071
5737
6119
6220
6152
6038
6170
6774
7564
8045
8330
9031
10262
11384
11991
12424
13013
13452
13405
13160
13161
13253
12998
12502
12346
12727
13181
13243
13050
13063
13426
13839
13968
13752
13264
12549
11702
10907
10211
9465
8630
7928
7486
7132
6800
6744
6995
6984
6212
4841
3085
540
-3064
-6948
-10214
-13320
-17410
-22296
-26432
-29000
-30627
-31713
-31473
-29413
-26509
-23875
-21121
-17277
-12795
-9285
-7289
-5646
-3517
-1933
-2333
-4197
-5474
-5384
-5323
-6373
-7321
-6499
-4479
-3037
-2154
-347
2074
2743
961
-907
-1251
-2080
-5929
-11680
-16121
-18619
-21347
-25143
-28000
-28285
-27021
-25648
-23442
-18941
-12904
-7757
-4232
-480
4812
10034
12791
13419
14386
16419
17534
16570
15355
15847
17007
16772
15747
16222
18198
19264
18480
17571
17657
17339
15225
12242
9959
8181
5794
2887
551
-787
-1503
-1636
-698
1441
4205
6953
9591
12487
15871
19302
21889
23251
23972
24770
25570
25804
25314
24441
23557
22964
22863
22949
22494
21309
20072
19237
18296
16613
14147
10781
5982
28
-5524
-9748
-13757
-18889
-24378
-28361
-30498
-31843
-32587
-31784
-29287
-26227
-23224
-19647
-15178
-10844
-7706
-5434
-3041
-550
938
827
-10
-201
486
1061
925
808
1628
3114
4471
5803
7623
9310
9595
8587
7660
7054
5232
1329
-3346
-7178
-10310
-13734
-17434
-20603
-22908
-24401
-24742
-23609
-21486
-19175
-16757
-13735
-9989
-6042
-2528
258
2505
4762
7345
9774
11199
11476
11343
11491
11915
12190
11875
10687
8830
7063
5893
4868
3190
840
-1506
-3344
-4517
-4905
-4718
-4629
-4844
-4500
-2902
-844
395
853
1553
2726
3677
4122
4395
4488
4143
3843
4499
6102
7759
9116
10735
13001
15567
17947
19900
21218
21796
21870
21613
20745
19070
17030
15140
13298
11300
9514
8372
7716
7320
7444
8069
8259
7173
5189
3157
1031
-1901
-5894
-10632
-15744
-20695
-24673
-27314
-29078
-30292
-30367
-28610
-25217
-20828
-15763
-10345
-5316
-1146
2440
5625
7777
8274
7464
6166
4712
3059
1380
-30
-991
-1205
-306
1566
3734
5779
7762
9492
10328
9905
8365
5717
1771
-3142
-8215
-13094
-17936
-22430
-25644
-27076
-27008
-25657
-22809
-18485
-13199
-7489
-1867
2876
6191
8462
10251
11065
9927
7072
3841
958
-1877
-4657
-6654
-7569
-7875
-7719
-6554
-4303
-1909
-265
684
1334
1579
917
-903
-3607
-6507
-8912
-10656
-12058
-13189
-13541
-12677
-10698
-7811
-4072
90
3840
6897
9788
12621
14493
14756
14046
13299
12553
11466
10297
9525
9169
9200
9977
11601
13465
15106
16834
18920
20841
21934
22144
21714
20813
19834
19212
18636
17387
15695
14691
14745
15040
15010
14826
14181
12207
9118
6280
3911
403
-5179
-11502
-16898
-21338
-25332
-28330
-29620
-29597
-28757
-26444
-22026
-16436
-11220
-6664
-2091
2488
6219
8508
9358
8922
7468
5526
3486
1352
-746
-2264
-2800
-2456
-1378
451
2739
4882
6649
8189
9173
8756
6653
3464
-332
-4913
-10344
-16063
-21474
-26302
-30103
-32151
-32232
-30842
-28334
-24467
-19105
-12778
-6253
-87
5293
9594
12865
15143
15918
14578
11423
7523
3489
-864
-5530
-9814
-13068
-15267
-16543
-16769
-15923
-14352
-12330
-9816
-6934
-4323
-2654
-2004
-1984
-2310
-3069
-4487
-6526
-8679
-10257
-10934
-10858
-10145
-8554
-5903
-2504
1187
5122
9391
13579
16951
19296
21017
22247
22452
21289
19391
17732
16448
14923
13065
11737
11660
12485
13437
14409
15791
17566
19304
20878
22421
23616
23828
23066
22124
21524
20921
19775
18103
16318
14775
13532
12167
9955
6759
3462
727
-2293
-6855
-12461
-17264
-20670
-23855
-27350
-29886
-30451
-29775
-28582
-26008
-21292
-15766
-11309
-7663
-3234
1867
5583
6801
6667
6570
6299
5013
2932
1043
-255
-1253
-1883
-1443
373
2775
4663
5878
7108
8490
8988
7562
4435
577
-3704
-8818
-14709
-20540
-25655
-29969
-32768
-32768
-32768
-31746
-28579
-24100
-17911
-10676
-3690
2419
7875
12744
16449
18445
18855
18053
16002
12481
7904
3340
-579
-4309
-8454
-12480
-15051
-15696
-15378
-15149
-14907
-13960
-12266
-10448
-8913
-7664
-6843
-6755
-7289
-7864
-8186
-8632
-9581
-10596
-10708
-9495
-7525
-5511
-3275
-36
4353
9010
13097
16731
20362
23705
25987
27023
27314
27101
26050
24036
21626
19447
17552
15734
14147
13246
13194
13690
14433
15502
17084
18923
20399
21282
21960
22661
22918
22304
21212
20173
18900
16969
14970
13656
12300
9539
5797
2959
1259
-1369
-6024
-10981
-14403
-16986
-20193
-23478
-25327
-25852
-26111
-25701
-23323
-19351
-15632
-12759
-9533
-5393
-1574
653
1461
1637
1369
457
-1095
-3066
-5079
-6553
-7151
-7132
-6767
-5698
-3637
-1224
683
2154
3590
4377
3436
910
-2037
-5098
-9123
-14300
-19341
-23035
-25524
-27359
-28228
-27384
-24785
-21033
-16540
-11388
-5838
-477
4203
8081
11195
13376
14232
13602
11981
10165
8381
6122
3108
-26
-2425
-4047
-5447
-6816
-7932
-8866
-9957
-11062
-11611
-11613
-11833
-12653
-13412
-13328
-12552
-11730
-10944
-9759
-8104
-6427
-4953
-3382
-1503
379
1844
2919
4009
5407
7032
8635
10143
11798
13884
16314
18670
20691
22504
24234
25651
26442
26562
26067
24908
23186
21330
19596
17713
15470
13358
12078
11649
11603
11815
12515
13655
14927
16305
17884
19359
20237
20436
20091
19115
17561
15898
14114
11199
6688
2033
-1100
-3398
-6936
-11823
-15900
-18002
-19329
-20969
-22178
-22182
-21731
-21477
-20473
-17915
-15017
-13414
-12658
-11147
-8875
-7437
-7534
-8157
-8359
-8469
-9143
-10227
-11046
-11235
-10948
-10454
-9743
-8506
-6618
-4565
-2973
-1761
-363
1083
1564
569
-1158
-2749
-4432
-6927
-10163
-13316
-15821
-17718
-19145
-20025
-20194
-19513
-17896
-15452
-12480
-9208
-5693
-2011
1664
5136
8164
10416
11789
12597
13065
12833
11456
9175
6614
3905
808
-2461
-5317
-7678
-9914
-11870
-12808
-12528
-11710
-10819
-9484
-7385
-5052
-3215
-1867
-593
498
832
236
-788
-1697
-2450
-3227
-3828
-3660
-2345
-115
2608
5869
10026
14975
19963
24336
28040
31167
32767
32767
32767
32767
31173
27935
24120
20510
17379
14465
11702
9502
8255
7917
8255
9177
10549
11954
13004
13813
14777
15810
16243
15668
14454
13113
11626
9897
8319
7020
5049
1571
-2353
-4745
-5699
-7656
-11943
-16726
-19645
-20970
-22532
-24672
-26200
-26676
-26693
-26162
-24302
-21425
-18968
-17368
-15501
-12704
-9989
-8550
-8197
-7991
-7597
-7295
-7248
-7335
-7366
-7079
-6215
-4778
-2977
-954
1117
2867
4142
5219
6116
6020
4228
1307
-1604
-4433
-8079
-12669
-17060
-20273
-22473
-24122
-25020
-24706
-23171
-20677
-17284
-13018
-8261
-3585
699
4658
8388
11636
13852
14745
14706
14324
13532
11765
9070
6300
3903
1362
-1604
-4157
-5530
-6313
-7475
-8666
-8765
-7807
-6963
-6676
-6166
-5008
-3896
-3381
-2970
-2138
-1300
-999
-827
2
1482
2988
4380
6178
8690
11569
14329
16881
19407
21925
24145
25739
26669
27167
27314
26860
25651
24042
22467
20813
18759
16610
15048
14023
12740
11015
9720
9402
9341
8719
7918
7755
8062
8113
8001
8398
9203
9610
9447
9315
9390
9202
8597
7738
6122
2966
-1188
-4738
-7383
-10696
-15642
-20884
-24621
-26863
-28647
-30071
-30483
-29883
-28717
-26776
-23645
-19910
-16681
-14100
-11469
-8704
-6565
-5479
-5105
-5047
-5181
-5286
-5148
-4979
-5025
-4901
-3993
-2392
-690
923
2601
4092
4894
5054
4963
4405
2693
-207
-3488
-6578
-9680
-13092
-16567
-19546
-21609
-22588
-22609
-21989
-20813
-18731
-15488
-11460
-7252
-3081
1059
4922
8257
11177
13751
15524
16061
15648
14851
13644
11679
9117
6465
3809
998
-1622
-3479
-4705
-5913
-7108
-7644
-7356
-6878
-6643
-6339
-5664
-4930
-4519
-4304
-3979
-3572
-3230
-2828
-2095
-932
585
2375
4409
6717
9361
12203
14858
17079
19059
20996
22565
23290
23281
23048
22634
21608
19955
18255
16823
15366
13738
12353
11453
10615
9521
8603
8347
8436
8261
7886
7814
8102
8419
8758
9340
9994
10322
10390
10564
10754
10555
9962
9106
7467
4424
558
-2810
-5591
-9157
-14098
-19068
-22624
-25047
-27300
-29182
-29822
-29251
-28133
-26404
-23539
-19931
-16657
-13937
-11054
-7911
-5443
-4242
-3801
-3457
-3227
-3316
-3577
-3817
-4063
-4160
-3693
-2562
-1136
339
1951
3598
4856
5514
5727
5426
4193
1952
-790
-3660
-6821
-10377
-13894
-16816
-18914
-20107
-20256
-19390
-17686
-15074
-11311
-6632
-1802
2691
6969
11047
14414
16660
17966
18540
18116
16490
14109
11566
8890
5870
2770
157
-1785
-3256
-4321
-4868
-4995
-4982
-4919
-4748
-4607
-4743
-5135
-5564
-6042
-6768
-7663
-8313
-8455
-8190
-7630
-6617
-4940
-2643
32
2871
5782
8706
11504
13971
15970
17539
18737
19438
19494
19074
18559
18020
17161
15945
14859
14274
13909
13342
12680
12269
12017
11565
10949
10493
10161
9613
8864
8318
8136
8086
8042
8154
8462
8819
9199
9629
9870
9660
9140
8429
6963
4094
296
-3243
-6341
-10048
-14846
-19695
-23455
-26228
-28568
-30235
-30716
-30234
-29238
-27422
-24327
-20539
-17205
-14519
-11756
-8725
-6204
-4779
-4162
-3867
-3797
-3890
-3898
-3772
-3742
-3708
-3090
-1578
424
2368
4149
5844
7293
8232
8542
8104
6706
4368
1483
-1590
-4839
-8278
-11615
-14426
-16423
-17388
-17160
-15844
-13727
-10836
-6978
-2396
2146
6205
10039
13743
16640
18138
18627
18775
18368
16780
14257
11709
9376
6759
3881
1527
-32
-1453
-3108
-4431
-5011
-5432
-6351
-7483
-8235
-8749
-9540
-10549
-11312
-11751
-12109
-12318
-12027
-11151
-9881
-8287
-6301
-3959
-1350
1476
4327
6901
9166
11384
13534
15200
16274
17196
18185
18803
18737
18413
18330
18282
17856
17212
16743
16325
15569
14532
13569
12685
11595
10293
9083
8129
7355
6684
6142
5804
5786
6130
6676
7235
7844
8511
8904
8774
8427
8046
6871
4092
356
-2863
-5484
-8924
-13699
-18410
-21797
-24317
-26758
-28652
-29239
-28904
-28318
-27056
-24447
-21143
-18426
-16390
-14128
-11458
-9219
-7936
-7278
-6812
-6421
-5984
-5381
-4780
-4269
-3371
-1603
749
3057
5281
7722
10114
11834
12812
13353
13205
11713
8979
5922
2982
-361
-4463
-8639
-11945
-14221
-15835
-16779
-16647
-15321
-13123
-10311
-6909
-3112
561
3779
6697
9485
11781
13036
13277
13052
12622
11688
10072
8175
6436
4776
2958
1178
-189
-1228
-2379
-3757
-5019
-5910
-6615
-7457
-8494
-9464
-10056
-10244
-10352
-10632
-10789
-10279
-9093
-7786
-6605
-5109
-2987
-644
1476
3600
6063
8509
10425
12072
14049
16120
17454
17965
18462
19301
19812
19444
18652
18096
17633
16747
15514
14400
13444
12297
10986
9909
9124
8273
7301
6633
6463
6396
6070
5699
5647
5877
6103
6178
6030
5555
4871
4302
3694
2249
-447
-3645
-6331
-8616
-11455
-15140
-18906
-22003
-24369
-26141
-27226
-27614
-27455
-26603
-24652
-21669
-18349
-15227
-12183
-8982
-5810
-3061
-964
384
1029
1296
1510
1533
1057
369
218
795
1547
2174
3104
4647
6344
7588
8386
8949
8993
8056
6214
3943
1409
-1603
-5099
-8639
-11755
-14254
-16050
-16965
-16910
-16004
-14319
-11685
-8085
-4105
-503
2684
5988
9336
11805
12962
13550
14099
13774
11840
9411
8079
7309
5200
1782
-688
-1178
-1389
-2857
-4607
-5144
-4986
-5454
-6295
-6413
-6082
-6469
-7485
-7886
-7356
-6906
-7150
-7458
-6989
-5673
-4005
-2461
-1116
498
2892
5758
8207
10087
12179
14728
16831
17916
18664
19645
20189
19649
18694
18141
17456
15762
13524
11856
10763
9419
7728
6300
5215
4104
3118
2690
2550
2081
1437
1300
1710
2107
2325
2667
3158
3553
3950
4618
5346
5609
5206
4235
2739
891
-973
-3003
-5949
-9963
-13961
-16944
-19293
-21844
-24289
-25603
-25595
-24890
-23641
-21467
-18555
-15675
-13023
-10073
-6775
-3985
-2368
-1607
-1034
-501
-273
-460
-826
-966
-552
423
1669
3042
4770
6953
9125
10718
11709
12275
12068
10541
7880
4849
1656
-2224
-6913
-11522
-15087
-17527
-19262
-20338
-20383
-19099
-16455
-12692
-8421
-4322
-507
3403
7333
10496
12423
13532
14130
13687
11934
9885
8577
7366
4964
1780
-380
-978
-1400
-2597
-3730
-3913
-3751
-4122
-4645
-4620
-4491
-5092
-6074
-6394
-6018
-5902
-6407
-6773
-6261
-4996
-3561
-2258
-946
704
2822
5091
7057
8693
10331
11986
13268
14041
14573
14915
14755
14153
13651
13380
12783
11567
10252
9368
8798
8275
7845
7477
6913
6295
6206
6686
6971
6636
6276
6537
7209
7748
8070
8303
8392
8387
8580
8940
8961
8356
7311
5861
3736
1050
-1686
-4484
-7941
-12066
-15970
-19090
-21775
-24260
-25998
-26533
-26148
-25089
-23048
-19952
-16459
-13087
-9609
-5867
-2413
202
2095
3465
4063
3806
3220
2734
2128
1218
458
331
695
1248
2127
3496
4997
6106
6727
6982
6712
5561
3418
528
-2759
-6254
-10000
-13966
-17627
-20206
-21511
-22070
-22092
-20918
-18043
-14060
-9892
-5665
-1120
3389
7216
10313
12893
14603
14970
14317
13307
11951
9948
7635
5590
3664
1478
-512
-1542
-1885
-2497
-3479
-4054
-4058
-4250
-5040
-5927
-6439
-6794
-7320
-7902
-8264
-8308
-8016
-7381
-6449
-5181
-3434
-1317
780
2778
5039
7574
9743
11259
12777
14734
16351
16733
16403
16553
17148
17042
15890
14663
14033
13449
12267
10867
9940
9393
8680
7776
7102
6698
6203
5567
5164
5109
5074
4925
5016
5558
6246
6804
7425
8239
8916
9285
9745
10323
9995
7962
5076
2750
766
-2361
-6923
-11486
-15022
-18013
-20948
-23233
-24346
-24730
-24689
-23590
-21084
-18092
-15604
-13360
-10659
-7697
-5230
-3539
-2489
-1979
-1724
-1257
-666
-560
-872
-651
447
1574
2204
3041
4585
6013
6494
6516
6736
6544
5030
2619
364
-1791
-4689
-8297
-11615
-14105
-16070
-17701
-18668
-18708
-17887
-16243
-13743
-10594
-7163
-3647
-110
3284
6314
8814
10584
11496
11766
11695
11137
9755
7866
6270
5055
3454
1240
-670
-1563
-2065
-3118
-4525
-5454
-5872
-6461
-7339
-7882
-7865
-7822
-8022
-7903
-6981
-5724
-4900
-4403
-3415
-1659
128
1222
1847
2728
4035
5283
6189
7071
8261
9576
10657
11541
12541
13683
14557
14824
14650
14453
14297
13765
12577
11109
10002
9340
8643
7713
6969
6785
6960
7134
7359
7861
8562
9214
9768
10300
10782
11150
11332
11138
10510
9839
9444
8714
6665
3517
630
-1501
-3989
-7650
-11581
-14590
-16920
-19287
-21246
-21937
-21719
-21483
-20912
-19012
-16069
-13445
-11566
-9559
-6983
-4513
-2769
-1627
-840
-333
212
1067
1821
1970
1962
2594
3638
4250
4495
5098
5849
5782
4939
4349
4064
2861
339
-2323
-4280
-6248
-9035
-12130
-14644
-16535
-18090
-19101
-19365
-19131
-18411
-16669
-13826
-10669
-7670
-4344
-438
3277
6151
8588
10967
12670
13155
13060
13083
12656
10997
8751
7137
5981
4088
1344
-1055
-2518
-3819
-5665
-7661
-9153
-10187
-11074
-11689
-11730
-11275
-10629
-9849
-8706
-7042
-5052
-3247
-1978
-972
391
2136
3505
4042
4372
5336
6843
8271
9612
11324
13263
14793
15929
17326
18915
19605
18809
17375
16304
15302
13443
10756
8207
6360
4962
3823
3184
3078
3109
3215
3900
5302
6661
7293
7542
8142
9051
9621
9632
9405
9138
8844
8692
8607
7812
5697
2984
922
-638
-3121
-7029
-11149
-14337
-16827
-19157
-21015
-21957
-22262
-22149
-21043
-18558
-15492
-12902
-10737
-8276
-5437
-2849
-1013
-22
299
452
964
1649
1799
1403
1358
2081
2952
3583
4474
5737
6468
6230
5948
6205
5888
3838
800
-1775
-4015
-7078
-10965
-14473
-17050
-19158
-20908
-21715
-21353
-20207
-18375
-15540
-11821
-7888
-4101
-300
3492
6809
9296
10982
11949
12206
11884
11172
10085
8616
7015
5588
4356
3139
1872
618
-599
-1818
-3125
-4673
-6524
-8455
-10144
-11553
-12827
-13865
-14314
-14009
-13085
-11682
-9848
-7678
-5281
-2672
41
2517
4500
6108
7553
8807
9796
10658
11507
12257
12933
13805
14933
15996
16805
17562
18352
18870
18939
18759
18368
17480
16118
14762
13559
12075
10162
8357
7033
5870
4601
3552
3027
2809
2714
2978
3700
4494
5074
5621
6282
6841
6996
6483
4968
2469
-307
-2839
-5677
-9514
-13709
-16955
-19084
-20850
-22137
-22006
-20472
-18590
-16654
-13911
-10373
-7268
-5256
-3690
-2146
-1234
-1387
-2063
-2713
-3396
-4045
-4190
-3728
-3011
-1979
-263
1830
3560
4947
6482
7771
7821
6695
5412
4139
1977
-1233
-4393
-6823
-9048
-11483
-13553
-14706
-15196
-15368
-15030
-14006
-12594
-11082
-9396
-7446
-5363
-3285
-1346
279
1665
3199
4907
6194
6755
7159
7893
8486
8336
7769
7344
6715
5233
3173
1290
-478
-2774
-5569
-8137
-10173
-11989
-13641
-14700
-14941
-14597
-13863
-12642
-10850
-8643
-6337
-4272
-2585
-1031
676
2288
3270
3695
4304
5439
6638
7594
8796
10707
12900
14681
16082
17572
19054
19851
19666
18936
18121
17090
15493
13477
11629
10275
9184
8138
7407
7299
7534
7583
7489
7725
8267
8546
8385
8281
8557
8909
9013
8984
8976
8912
8751
8414
7399
5219
2277
-551
-3238
-6531
-10480
-14140
-16954
-19217
-20903
-21339
-20479
-19227
-17932
-15837
-12641
-9367
-6913
-4945
-2991
-1457
-747
-432
-142
-237
-830
-1193
-899
-490
-329
131
1185
2181
2738
3435
4453
4778
3771
2267
1086
-386
-2957
-6082
-8761
-11030
-13353
-15382
-16498
-16890
-17032
-16699
-15455
-13546
-11492
-9361
-7116
-5020
-3136
-1118
1012
2718
3955
5346
6992
8232
8955
9867
10949
11086
9918
8581
7766
6465
3685
141
-2914
-5423
-7933
-10247
-11876
-13024
-14028
-14431
-13655
-12094
-10638
-9536
-8420
-7076
-5602
-4203
-3195
-2752
-2414
-1415
244
1765
2803
3957
5711
7736
9620
11497
13449
15002
15798
16239
16850
17423
17330
16481
15475
14820
14373
13636
12441
11148
10139
9360
8522
7578
6696
5918
5264
5023
5420
6129
6679
7236
8373
10110
11786
12851
13238
13052
12461
11662
10421
7997
4160
-135
-3846
-7096
-10507
-13895
-16616
-18606
-20000
-20310
-19175
-17392
-15953
-14556
-12303
-9406
-6905
-5133
-3723
-2702
-2324
-2172
-1667
-1073
-931
-924
-367
696
1837
3103
4514
5468
5618
5598
5816
5426
3578
841
-1760
-4257
-7119
-9943
-12031
-13557
-15022
-16158
-16408
-15968
-15423
-14887
-14210
-13479
-12711
-11657
-10296
-8884
-7269
-5015
-2290
364
3147
6626
10243
12679
13818
14755
15642
15238
13022
10051
7145
3879
44
-3442
-5918
-7936
-9996
-11509
-11839
-11423
-11079
-10971
-10847
-10654
-10441
-10133
-9756
-9458
-9174
-8627
-7632
-6097
-3951
-1411
1017
3184
5466
7908
9835
10784
11203
11696
12209
12492
12684
12910
12966
12918
13329
14351
15259
15391
14931
14345
13627
12547
11066
9251
7241
5467
4356
3813
3527
3646
4492
5869
7346
8935
10729
12276
13156
13709
14312
14475
13656
12338
11214
9931
7761
4929
2078
-912
-4352
-7639
-10089
-12221
-14828
-17302
-18338
-17849
-16829
-15726
-14249
-12445
-10682
-8869
-6833
-5167
-4626
-4936
-5138
-4794
-4088
-3144
-2038
-998
92
1817
4194
6219
7115
7285
7302
6794
5201
2881
516
-1943
-4806
-7682
-9875
-11353
-12605
-13834
-14893
-15716
-16304
-16588
-16642
-16663
-16540
-15885
-14590
-12820
-10466
-7294
-3705
-492
2302
5374
8773
11473
12735
13011
13018
12724
11819
10480
9001
7198
4849
2374
438
-936
-2392
-4440
-6945
-9337
-11127
-12286
-13200
-14158
-14930
-14995
-14133
-12573
-10663
-8651
-6690
-4743
-2572
-119
2168
3758
4715
5568
6594
7607
8435
9210
10138
11310
12751
14318
15628
16396
16802
17144
17236
16634
15334
13786
12224
10563
8930
7715
6988
6438
6028
6155
6946
7897
8490
8737
8881
8949
8853
8637
8416
8268
8250
8334
8362
8288
8252
8159
7483
5874
3563
759
-2785
-6954
-10676
-13085
-14768
-16743
-18625
-19036
-17625
-15373
-13087
-10837
-8868
-7688
-7147
-6564
-5926
-5894
-6527
-7022
-6794
-5873
-4286
-2084
116
1654
2774
4077
5248
5424
4580
3357
1812
-400
-2794
-4368
-5128
-6037
-7416
-8572
-9102
-9469
-10159
-11176
-12421
-13798
-14958
-15593
-15824
-15762
-15059
-13469
-11354
-9032
-6246
-2976
-30
1970
3487
5165
6717
7601
8059
8582
8984
8893
8582
8460
8260
7492
6216
4747
3089
1190
-762
-2701
-4766
-6724
-8008
-8553
-8847
-8937
-8296
-6895
-5477
-4425
-3301
-1818
-365
766
1834
3012
4078
4968
5952
7040
7941
8732
9862
11430
13065
14483
15575
16146
16190
16185
16454
16518
15798
14573
13497
12553
11331
9972
8950
8197
7295
6313
5693
5471
5278
4938
4530
4060
3543
3184
3144
3356
3792
4463
5058
5145
4846
4677
4560
3730
1787
-920
-4035
-7408
-10456
-12329
-13092
-13793
-14954
-15818
-15519
-14213
-12687
-11521
-10987
-11083
-11318
-11051
-10272
-9523
-8973
-8209
-7009
-5596
-4037
-2153
-210
1090
1505
1538
1576
1383
723
-133
-857
-1534
-2309
-2935
-3078
-2882
-2897
-3510
-4643
-5959
-7244
-8553
-10043
-11700
-13233
-14234
-14384
-13575
-11957
-9919
-7860
-5900
-3867
-1634
600
2425
3604
4318
5020
6045
7351
8609
9472
9754
9526
9104
8784
8443
7593
5952
3792
1560
-573
-2623
-4531
-6265
-7926
-9457
-10463
-10600
-9979
-8961
-7773
-6524
-5309
-4091
-2703
-1161
313
1665
3065
4544
5975
7432
9077
10672
11805
12647
13813
15366
16670
17318
17544
17575
17303
16730
16047
15144
13751
12106
10810
9995
9292
8556
7869
7019
5818
4805
4701
5239
5471
5129
4747
4600
4499
4550
5086
5849
6175
5977
5720
5511
5009
4070
2697
566
-2549
-6042
-8920
-10822
-12046
-12937
-13786
-14860
-15877
-16007
-15047
-14013
-13880
-14365
-14608
-14369
-13808
-12798
-11280
-9756
-8611
-7491
-5911
-4016
-2205
-627
515
864
542
211
153
-48
-616
-1228
-1717
-2275
-2718
-2590
-2186
-2478
-3732
-5193
-6365
-7549
-8840
-9759
-10181
-10576
-10952
-10560
-9053
-7022
-5064
-3160
-1240
499
2049
3607
4987
5758
6064
6548
7415
8273
8850
9139
8924
7938
6465
5074
3837
2450
940
-439
-1795
-3389
-4979
-6062
-6636
-7115
-7639
-7993
-8054
-7821
-7212
-6249
-5198
-4211
-3091
-1720
-322
970
2361
3919
5366
6596
7899
9322
10401
10866
11116
11645
12435
13233
13951
14520
14760
14642
14318
13746
12726
11364
10047
8926
7901
7092
6730
6550
5987
5066
4493
4672
5188
5439
5333
5159
5186
5545
6171
6751
6970
6826
6494
5992
5271
4420
3407
1811
-780
-4105
-7305
-9567
-10522
-10338
-9764
-9783
-10752
-11995
-12582
-12374
-11995
-12008
-12481
-13150
-13570
-13221
-11834
-9662
-7259
-5134
-3672
-3048
-2958
-2722
-1970
-1075
-675
-953
-1567
-2037
-2049
-1598
-1076
-962
-1302
-1699
-1981
-2468
-3449
-4768
-6175
-7715
-9394
-10814
-11537
-11585
-11272
-10698
-9733
-8352
-6709
-4994
-3389
-2032
-803
634
2401
4204
5746
7112
8509
9850
10855
11380
11392
10788
9564
8019
6552
5296
4151
3063
2038
991
-197
-1499
-2790
-4019
-5174
-6159
-6807
-6973
-6583
-5721
-4719
-3990
-3648
-3396
-2871
-1985
-922
30
629
886
1206
2090
3593
5234
6520
7358
7920
8371
8851
9483
10205
10774
11040
11104
11080
10887
10381
9531
8427
7244
6269
5748
5622
5549
5272
4807
4236
3560
2831
2273
2091
2294
2736
3253
3673
3827
3624
3067
2185
1056
-128
-1162
-2051
-3004
-4139
-5265
-6005
-6115
-5691
-5153
-4979
-5348
-5976
-6376
-6306
-5946
-5638
-5537
-5533
-5468
-5311
-5123
-4941
-4774
-4669
-4694
-4814
-4870
-4718
-4392
-4120
-4167
-4597
-5131
-5280
-4753
-3714
-2575
-1619
-888
-382
-147
-201
-468
-834
-1154
-1282
-1184
-979
-773
-558
-324
-143
-3
238
604
846
781
611
681
1049
1512
1918
2228
2350
2190
1826
1470
1291
1369
1685
2056
2270
2367
2591
2976
3254
3264
3190
3220
3254
3163
3008
2829
2474
1901
1395
1252
1403
1579
1620
1474
1073
410
-423
-1349
-2305
-3084
-3426
-3336
-3074
-2771
-2350
-1861
-1550
-1471
-1315
-797
49
1029
1994
2776
3195
3282
3278
3349
3463
3599
3821
4078
4172
4002
3642
3154
2510
1767
1074
469
-146
-806
-1466
-2177
-3088
-4225
-5431
-6528
-7365
-7764
-7626
-7107
-6510
-5988
-5502
-4996
-4440
-3701
-2590
-1115
472
1906
3075
3967
4583
4945
5120
5195
5273
5429
5627
5696
5474
4918
4064
2963
1740
623
-209
-780
-1252
-1731
-2217
-2704
-3237
-3832
-4417
-4866
-5113
-5183
-5135
-4986
-4720
-4349
-3923
-3457
-2888
-2155
-1265
-264
822
1978
3158
4281
5243
5909
6168
6005
5536
4938
4358
3848
3355
2784
2111
1407
741
103
-502
-959
-1148
-1095
-927
-718
-488
-305
-268
-388
-572
-733
-807
-735
-485
-120
246
516
639
607
504
486
659
983
1364
1728
1968
1924
1548
994
468
14
-446
-934
-1366
-1638
-1656
-1364
-816
-182
363
749
951
933
705
373
53
-190
-284
-134
250
675
895
795
440
7
-310
-411
-417
-601
-1169
-2104
-3231
-4354
-5312
-6011
-6482
-6818
-7037
-7028
-6689
-6053
-5259
-4464
-3783
-3231
-2680
-1925
-872
336
1421
2170
2570
2797
3058
3432
3817
4064
4130
4061
3880
3575
3184
2818
2553
2353
2128
1826
1444
991
464
-114
-691
-1208
-1630
-1950
-2149
-2170
-1964
-1571
-1143
-856
-803
-956
-1173
-1217
-839
68
1339
2588
3469
3892
4040
4137
4227
4148
3730
2972
2067
1258
687
339
90
-195
-572
-973
-1250
-1281
-1077
-781
-580
-567
-678
-721
-508
12
698
1300
1630
1693
1659
1712
1896
2111
2250
2313
2393
2571
2837
3117
3348
3495
3545
3512
3441
3363
3221
2888
2291
1506
716
72
-383
-687
-878
-962
-956
-919
-904
-884
-770
-536
-296
-206
-300
-491
-691
-894
-1137
-1425
-1728
-2012
-2265
-2523
-2848
-3250
-3663
-4008
-4298
-4633
-5093
-5663
-6250
-6723
-6990
-7052
-6963
-6730
-6287
-5630
-4918
-4365
-4056
-3896
-3750
-3539
-3251
-2893
-2454
-1908
-1267
-664
-277
-145
-51
286
962
1823
2629
3204
3500
3592
3588
3515
3299
2875
2280
1634
1099
865
1050
1471
1560
637
-1551
-4458
-6795
-7125
-4729
-210
4719
8161
9034
7465
4542
1719
213
559
2502
5269
7972
9924
10726
10182
8191
4834
687
-2958
-4470
-2776
1781
7338
11322
11730
8198
2217
-3639
-6999
-6759
-3413
1316
5273
6796
5379
1778
-2473
-5826
-7317
-6732
-4432
-1096
2419
5133
6161
5128
2520
-433
-2345
-2389
-672
1902
4156
5202
4733
3006
619
-1726
-3448
-4266
-4266
-3800
-3271
-2964
-3018
-3498
-4398
-5522
-6382
-6382
-5261
-3414
-1715
-942
-1257
-2148
-2818
-2717
-1834
-629
304
569
112
-791
-1698
-2227
-2288
-2117
-2073
-2349
-2837
-3207
-3183
-2799
-2423
-2454
-2962
-3629
-4046
-4041
-3722
-3284
-2820
-2296
-1669
-1012
-502
-263
-231
-181
119
791
1832
3094
4258
4921
4824
4073
3137
2593
2761
3488
4246
4533
4206
3480
2670
1960
1378
895
475
96
-261
-613
-962
-1272
-1482
-1557
-1524
-1425
-1232
-871
-327
281
771
1059
1261
1607
2247
3104
3927
4490
4718
4645
4329
3827
3286
2947
3008
3438
3935
4084
3608
2533
1174
-32
-723
-738
-161
716
1490
1813
1578
991
449
277
531
1003
1411
1601
1603
1537
1494
1507
1596
1797
2111
2426
2530
2235
1508
510
-482
-1225
-1617
-1739
-1803
-2067
-2718
-3759
-4962
-5946
-6381
-6202
-5649
-5102
-4840
-4911
-5187
-5508
-5797
-6050
-6244
-6287
-6046
-5446
-4551
-3564
-2751
-2333
-2386
-2788
-3265
-3514
-3369
-2902
-2381
-2100
-2195
-2576
-3008
-3283
-3339
-3251
-3144
-3088
-3066
-3001
-2813
-2448
-1896
-1203
-460
236
840
1385
1958
2641
3457
4344
5182
5840
6235
6371
6346
6305
6376
6598
6888
7070
6986
6582
5944
5235
4606
4120
3753
3434
3107
2762
2424
2115
1833
1563
1322
1154
1117
1240
1495
1798
2065
2270
2474
2786
3263
3832
4308
4491
4290
3781
3185
2750
2621
2748
2917
2870
2451
1690
772
-73
-700
-1114
-1422
-1741
-2112
-2510
-2887
-3223
-3526
-3810
-4074
-4295
-4432
-4466
-4418
-4357
-4356
-4449
-4595
-4668
-4522
-4066
-3361
-2624
-2129
-2059
-2403
-2981
-3539
-3867
-3885
-3667
-3410
-3343
-3633
-4286
-5141
-5926
-6383
-6400
-6042
-5495
-4965
-4588
-4405
-4356
-4297
-4052
-3483
-2571
-1425
-239
797
1575
2099
2464
2793
3178
3664
4252
4894
5496
5944
6171
6203
6138
6068
6025
5971
5849
5633
5361
5105
4928
4835
4772
4645
4362
3874
3206
2457
1774
1271
983
887
950
1144
1434
1729
1885
1749
1245
461
-355
-896
-967
-588
14
532
726
503
-56
-754
-1365
-1735
-1821
-1686
-1444
-1216
-1093
-1118
-1286
-1558
-1869
-2129
-2258
-2223
-2064
-1875
-1741
-1703
-1753
-1864
-2000
-2147
-2294
-2416
-2453
-2334
-2057
-1722
-1500
-1519
-1792
-2200
-2551
-2673
-2490
-2061
-1540
-1088
-782
-580
-366
-15
519
1170
1797
2276
2584
2805
3052
3381
3754
4076
4264
4304
4257
4206
4191
4172
4071
3816
3368
2730
1976
1232
626
193
-154
-562
-1128
-1828
-2534
-3083
-3371
-3396
-3255
-3080
-2981
-3001
-3110
-3216
-3198
-2975
-2571
-2116
-1759
-1566
-1489
-1413
-1251
-1005
-766
-638
-669
-819
-1007
-1165
-1260
-1276
-1225
-1165
-1178
-1309
-1515
-1708
-1838
-1931
-2059
-2258
-2477
-2606
-2544
-2270
-1875
-1502
-1260
-1167
-1152
-1086
-818
-234
670
1760
2804
3589
4024
4165
4164
4176
4290
4505
4763
4994
5125
5078
4794
4300
3713
3177
2767
2468
2214
1956
1679
1390
1104
848
635
469
338
223
105
-30
-174
-309
-421
-502
-531
-466
-267
35
331
488
444
257
75
73
337
812
1333
1708
1826
1672
1313
862
449
171
57
53
70
36
-102
-389
-835
-1389
-1929
-2321
-2487
-2439
-2285
-2152
-2124
-2188
-2243
-2172
-1901
-1433
-848
-288
93
205
81
-144
-307
-298
-114
146
326
302
59
-316
-700
-1007
-1203
-1298
-1330
-1346
-1386
-1451
-1535
-1657
-1859
-2147
-2454
-2666
-2696
-2555
-2359
-2270
-2396
-2724
-3122
-3423
-3527
-3428
-3193
-2909
-2651
-2451
-2298
-2161
-2016
-1866
-1713
-1541
-1337
-1102
-846
-577
-300
-23
240
497
756
1006
1225
1418
1648
1980
2444
2999
3568
4081
4493
4798
5014
5167
5283
5378
5473
5578
5682
5742
5718
5580
5323
4971
4578
4210
3893
3597
3260
2856
2413
1991
1638
1380
1210
1085
949
761
527
270
15
-227
-439
-605
-725
-809
-868
-896
-903
-916
-979
-1125
-1355
-1649
-1960
-2232
-2426
-2530
-2562
-2559
-2567
-2632
-2760
-2914
-3044
-3136
-3216
-3302
-3357
-3322
-3165
-2909
-2616
-2355
-2185
-2123
-2128
-2124
-2049
-1881
-1638
-1350
-1060
-804
-610
-483
-415
-403
-441
-505
-555
-564
-526
-458
-394
-365
-384
-428
-464
-467
-435
-366
-252
-95
74
218
325
407
477
534
581
634
700
767
830
893
969
1052
1117
1141
1115
1051
966
884
822
783
759
739
713
662
568
432
282
145
48
6
36
138
289
449
596
730
862
1007
1185
1411
1667
1901
2057
2111
2069
1947
1773
1596
1470
1418
1406
1369
1249
1027
717
364
30
-236
-409
-500
-542
-588
-685
-847
-1036
-1194
-1283
-1294
-1244
-1157
-1074
-1048
-1109
-1241
-1396
-1518
-1554
-1454
-1207
-860
-512
-255
-151
-205
-373
-558
-662
-635
-509
-362
-256
-223
-266
-372
-506
-629
-706
-712
-644
-532
-427
-374
-374
-392
-385
-318
-169
56
308
508
591
569
516
512
582
710
874
1060
1241
1378
1421
1346
1166
933
726
615
627
723
833
882
816
622
343
62
-144
-245
-257
-226
-192
-187
-220
-286
-385
-512
-637
-709
-689
-604
-514
-457
-426
-404
-401
-425
-467
-493
-490
-471
-464
-488
-549
-642
-751
-853
-929
-964
-957
-918
-867
-825
-795
-756
-686
-577
-445
-310
-172
-29
110
227
314
388
478
603
756
906
1012
1058
1060
1046
1031
1021
1022
1043
1081
1119
1142
1150
1140
1096
991
818
619
461
386
380
383
344
241
90
-79
-228
-340
-418
-474
-505
-497
-449
-371
-277
-176
-98
-63
-63
-50
9
103
194
262
311
351
386
412
427
428
427
446
491
547
588
593
560
488
381
250
114
1
-66
-93
-116
-174
-275
-409
-573
-769
-975
-1139
-1220
-1214
-1144
-1050
-978
-952
-964
-987
-999
-980
-893
-712
-459
-201
6
151
253
334
411
499
607
728
844
928
948
898
795
676
564
491
490
561
644
664
586
420
188
-74
-291
-395
-391
-344
-307
-289
-304
-391
-564
-787
-996
-1146
-1208
-1168
-1047
-917
-852
-875
-956
-1039
-1078
-1056
-979
-872
-761
-655
-554
-460
-387
-338
-298
-238
-150
-60
3
33
36
6
-65
-151
-194
-171
-112
-52
-10
12
-9
-73
-140
-169
-161
-128
-61
55
189
275
283
243
202
185
198
242
325
443
586
732
848
911
929
930
937
955
992
1060
1157
1250
1306
1312
1279
1212
1112
994
897
852
852
860
842
782
674
526
367
244
188
187
211
241
279
315
323
278
173
32
-96
-161
-142
-60
43
125
152
106
9
-98
-176
-212
-202
-136
-26
90
171
201
189
136
42
-63
-133
-139
-94
-34
13
31
6
-60
-157
-262
-352
-420
-463
-486
-499
-522
-576
-669
-784
-893
-977
-1032
-1060
-1064
-1061
-1074
-1110
-1161
-1216
-1273
-1320
-1345
-1345
-1334
-1324
-1320
-1322
-1324
-1321
-1302
-1267
-1215
-1146
-1061
-979
-925
-904
-904
-899
-874
-811
-707
-579
-463
-367
-277
-187
-110
-48
27
135
259
380
496
618
736
828
891
951
1031
1122
1199
1252
1283
1309
1337
1368
1407
1456
1517
1583
1640
1671
1679
1673
1665
1656
1644
1637
1641
1657
1672
1667
1623
1533
1400
1243
1086
947
831
734
645
551
441
314
175
33
-112
-257
-395
-509
-581
-605
-608
-627
-675
-732
-774
-795
-801
-776
-697
-567
-414
-267
-143
-41
42
111
167
216
268
342
444
543
602
609
571
505
424
342
266
196
125
64
14
-53
-162
-304
-442
-558
-662
-758
-836
-884
-901
-904
-908
-927
-959
-987
-1007
-1032
-1070
-1093
-1085
-1059
-1046
-1047
-1042
-1028
-1024
-1047
-1096
-1173
-1265
-1346
-1400
-1434
-1465
-1489
-1491
-1484
-1487
-1502
-1515
-1522
-1525
-1500
-1428
-1318
-1193
-1057
-905
-747
-604
-478
-349
-205
-44
138
342
549
735
892
1035
1161
1261
1344
1428
1517
1602
1680
1754
1814
1844
1842
1822
1796
1770
1755
1758
1769
1774
1766
1743
1697
1634
1576
1546
1539
1544
1557
1576
1580
1549
1488
1408
1306
1181
1059
973
928
899
853
778
669
530
370
204
53
-56
-120
-162
-215
-285
-356
-430
-521
-625
-703
-731
-717
-678
-617
-536
-468
-452
-492
-546
-575
-561
-500
-411
-320
-253
-218
-213
-237
-289
-360
-442
-514
-556
-558
-540
-538
-588
-697
-853
-1025
-1188
-1325
-1427
-1491
-1525
-1549
-1584
-1638
-1697
-1753
-1812
-1874
-1913
-1911
-1866
-1793
-1704
-1611
-1529
-1457
-1383
-1305
-1220
-1123
-999
-857
-731
-639
-558
-464
-367
-291
-231
-175
-122
-77
-24
51
133
198
247
303
370
430
474
516
569
625
671
710
760
833
930
1028
1110
1169
1212
1240
1257
1277
1318
1374
1430
1478
1531
1593
1641
1653
1627
1578
1520
1475
1453
1455
1462
1460
1436
1375
1266
1133
1011
916
833
754
690
639
579
494
404
327
258
179
102
53
43
55
60
38
-18
-91
-156
-197
-210
-191
-152
-121
-122
-147
-166
-156
-133
-109
-74
-17
50
114
179
250
303
314
293
270
259
257
264
278
277
227
118
-16
-136
-243
-357
-481
-604
-719
-828
-931
-1021
-1103
-1195
-1308
-1422
-1505
-1543
-1547
-1541
-1540
-1554
-1587
-1628
-1655
-1658
-1644
-1623
-1593
-1543
-1476
-1404
-1327
-1241
-1158
-1104
-1080
-1054
-993
-892
-776
-659
-551
-463
-411
-383
-350
-304
-258
-221
-176
-107
-22
56
125
194
258
306
343
391
469
577
698
811
897
955
993
1031
1074
1123
1164
1185
1176
1146
1122
1120
1121
1098
1044
975
909
864
854
878
908
912
889
865
865
886
912
919
892
836
780
751
757
770
758
712
643
570
505
445
375
290
202
128
72
26
-4
-10
13
37
32
-8
-48
-49
-3
60
109
143
185
245
313
375
436
497
549
587
618
652
689
724
748
745
707
643
578
526
469
381
257
110
-47
-204
-352
-484
-609
-745
-904
-1079
-1253
-1404
-1514
-1588
-1647
-1707
-1770
-1814
-1825
-1809
-1790
-1785
-1793
-1790
-1760
-1704
-1637
-1572
-1510
-1454
-1414
-1389
-1359
-1308
-1233
-1158
-1102
-1067
-1027
-960
-865
-764
-677
-602
-531
-456
-366
-248
-105
41
165
266
357
452
550
642
721
779
818
849
880
920
965
1008
1036
1038
1015
988
977
982
984
972
952
940
957
995
1037
1056
1048
1030
1016
1007
998
991
991
991
980
945
886
814
745
686
633
569
493
418
357
309
263
205
132
47
-42
-114
-154
-161
-149
-140
-151
-177
-199
-200
-179
-142
-94
-29
56
159
275
401
524
624
700
766
843
933
1020
1084
1115
1120
1109
1083
1037
968
873
764
647
524
396
259
107
-53
-202
-322
-417
-507
-605
-705
-792
-868
-950
-1046
-1140
-1209
-1254
-1299
-1368
-1465
-1571
-1671
-1762
-1852
-1939
-2011
-2066
-2105
-2133
-2146
-2142
-2125
-2103
-2073
-2023
-1951
-1862
-1761
-1650
-1524
-1388
-1249
-1117
-992
-866
-738
-609
-478
-334
-168
12
187
344
481
608
731
856
990
1133
1275
1398
1484
1532
1554
1567
1569
1552
1505
1438
1363
1290
1219
1144
1065
983
906
843
796
767
753
758
784
821
859
886
909
940
981
1015
1023
1002
962
914
856
781
693
599
500
393
277
167
73
-12
-95
-177
-247
-293
-319
-333
-342
-347
-345
-327
-296
-257
-216
-178
-147
-123
-94
-51
8
75
137
198
266
339
406
466
525
591
658
714
753
771
770
748
702
629
536
434
327
210
77
-61
-196
-325
-458
-595
-725
-841
-945
-1035
-1096
-1123
-1134
-1153
-1183
-1203
-1193
-1168
-1155
-1165
-1182
-1187
-1186
-1199
-1235
-1274
-1294
-1291
-1277
-1265
-1255
-1237
-1207
-1167
-1114
-1037
-935
-817
-703
-603
-512
-417
-310
-199
-96
-9
69
141
211
272
321
358
389
412
430
438
437
435
445
473
515
566
619
671
719
756
781
799
813
825
835
844
853
862
861
844
811
773
743
715
681
646
629
627
613
565
495
437
405
381
341
284
219
158
104
55
9
-39
-86
-121
-139
-149
-165
-187
-204
-199
-163
-103
-37
24
83
155
250
353
447
530
602
664
708
731
742
749
749
725
671
595
524
471
420
342
238
139
68
19
-31
-85
-130
-161
-183
-200
-216
-242
-281
-325
-356
-371
-387
-418
-458
-501
-552
-612
-683
-755
-830
-904
-968
-1018
-1063
-1115
-1171
-1217
-1238
-1233
-1204
-1155
-1092
-1032
-986
-952
-920
-881
-830
-763
-689
-617
-555
-498
-440
-385
-341
-310
-274
-218
-145
-76
-19
33
84
116
129
141
171
207
229
232
237
255
269
268
256
255
272
301
325
339
350
379
441
522
598
664
731
808
877
925
969
1024
1084
1125
1130
1109
1067
1004
919
826
738
658
575
484
389
298
218
145
83
47
52
82
107
115
121
149
195
236
268
295
320
337
351
367
379
373
349
328
312
289
249
211
191
191
196
203
205
202
194
189
191
192
184
166
142
107
59
9
-31
-70
-130
-211
-294
-356
-399
-443
-497
-552
-591
-609
-623
-644
-670
-693
-713
-743
-784
-827
-858
-877
-891
-906
-926
-956
-994
-1030
-1052
-1061
-1067
-1068
-1049
-1000
-930
-860
-803
-748
-681
-596
-505
-422
-350
-280
-218
-178
-169
-181
-197
-208
-219
-242
-279
-318
-337
-327
-299
-273
-248
-214
-160
-96
-23
65
168
268
355
443
551
665
761
836
906
974
1034
1080
1127
1176
1208
1212
1199
1187
1180
1173
1174
1182
1187
1173
1132
1070
1002
943
892
839
773
692
602
499
381
262
164
87
4
-95
-183
-229
-251
-280
-325
-356
-360
-352
-345
-333
-306
-271
-244
-232
-228
-225
-220
-215
-218
-236
-263
-289
-314
-353
-411
-475
-521
-537
-536
-537
-544
-545
-521
-470
-408
-362
-339
-325
-301
-265
-223
-187
-153
-116
-82
-57
-50
-49
-37
-3
39
78
123
183
248
292
309
313
316
318
315
311
307
295
271
243
223
207
177
130
74
21
-30
-86
-140
-183
-214
-252
-313
-382
-428
-435
-420
-402
-382
-360
-347
-357
-377
-376
-353
-341
-362
-395
-411
-410
-417
-437
-461
-474
-475
-457
-413
-342
-262
-186
-123
-68
-13
55
140
226
302
364
422
474
510
529
538
544
554
570
592
606
600
578
552
527
502
486
487
487
466
433
421
442
464
458
425
390
360
328
295
268
245
216
180
137
93
50
15
-13
-40
-76
-111
-139
-167
-208
-259
-300
-327
-349
-369
-378
-373
-377
-402
-427
-421
-394
-381
-394
-401
-375
-328
-290
-267
-233
-179
-122
-81
-44
10
74
126
164
206
253
279
269
237
205
174
146
127
125
124
108
78
53
46
54
77
108
144
180
219
257
277
268
244
230
223
206
178
160
158
146
102
39
-20
-72
-135
-213
-292
-363
-427
-490
-551
-610
-674
-748
-815
-852
-855
-839
-816
-782
-731
-679
-652
-648
-628
-571
-497
-435
-379
-303
-208
-124
-62
-5
62
126
171
207
252
304
351
393
433
454
441
403
367
340
310
279
255
238
214
186
173
181
190
191
195
214
236
247
257
279
302
301
273
251
257
283
300
297
282
264
244
216
174
124
83
67
72
77
61
32
5
-19
-51
-99
-141
-152
-131
-102
-78
-63
-49
-39
-34
-28
-12
15
49
88
128
156
163
150
129
107
89
86
105
142
175
191
196
188
166
139
121
115
105
85
72
78
91
96
89
75
58
37
35
69
124
168
186
186
181
168
151
137
132
125
106
85
69
59
41
10
-29
-70
-111
-148
-163
-143
-103
-77
-93
-140
-192
-226
-241
-241
-220
-179
-137
-113
-104
-95
-80
-70
-68
-63
-40
0
42
71
74
45
-2
-53
-95
-126
-144
-144
-143
-163
-216
-278
-328
-368
-414
-462
-489
-493
-492
-503
-515
-517
-518
-541
-586
-624
-623
-583
-531
-490
-457
-419
-378
-345
-333
-321
-285
-226
-167
-125
-86
-30
30
59
49
29
42
94
159
215
260
300
327
331
321
319
335
355
363
362
365
382
403
411
395
362
332
325
340
371
409
460
511
534
508
454
412
402
408
406
393
383
384
389
381
344
285
231
210
224
243
251
253
246
203
108
-8
-88
-107
-94
-92
-119
-165
-217
-277
-342
-397
-430
-442
-441
-431
-413
-394
-392
-411
-439
-459
-457
-431
-380
-298
-198
-106
-46
-10
21
66
120
172
216
259
310
366
403
401
365
324
299
288
281
282
300
315
296
227
135
58
12
-14
-39
-69
-108
-151
-196
-236
-260
-268
-264
-259
-263
-273
-275
-257
-226
-196
-179
-169
-162
-157
-154
-139
-102
-51
-12
-3
-21
-51
-84
-120
-155
-175
-162
-115
-58
-27
-47
-105
-163
-187
-171
-129
-65
20
114
178
185
147
122
139
187
230
260
306
381
457
490
465
420
399
409
425
435
451
484
511
491
411
313
243
215
207
200
208
239
284
306
283
225
155
95
48
21
24
60
104
118
82
16
-47
-85
-105
-117
-117
-95
-57
-27
-23
-41
-70
-116
-196
-310
-412
-442
-383
-283
-211
-196
-221
-265
-337
-447
-559
-604
-547
-431
-339
-318
-357
-440
-592
-830
-1096
-1256
-1219
-1029
-835
-763
-840
-1019
-1253
-1504
-1699
-1733
-1574
-1316
-1130
-1118
-1239
-1382
-1475
-1521
-1522
-1439
-1230
-935
-653
-455
-334
-243
-172
-144
-143
-85
118
449
799
1045
1162
1194
1191
1174
1166
1226
1402
1668
1924
2076
2114
2093
2059
2010
1935
1872
1884
1993
2140
2236
2244
2195
2130
2056
1958
1862
1826
1874
1955
1981
1915
1794
1665
1530
1355
1142
953
845
796
738
624
479
336
185
-18
-272
-511
-668
-751
-819
-911
-1003
-1074
-1152
-1295
-1506
-1693
-1762
-1705
-1588
-1480
-1396
-1331
-1316
-1385
-1508
-1586
-1535
-1373
-1200
-1092
-1041
-1008
-988
-1013
-1082
-1134
-1098
-977
-837
-743
-699
-680
-692
-761
-884
-987
-992
-890
-756
-671
-651
-657
-657
-659
-678
-687
-645
-541
-422
-342
-300
-261
-211
-186
-221
-283
-286
-185
-27
96
133
117
96
82
55
28
46
128
215
222
142
61
69
158
238
248
218
212
253
309
361
431
530
615
619
544
473
496
609
731
791
800
804
820
824
807
797
820
863
878
851
810
787
772
724
632
535
477
465
464
451
432
420
410
378
325
276
252
238
208
158
117
114
142
159
137
92
66
80
117
147
167
192
222
227
185
122
97
138
206
229
184
120
101
129
150
130
99
107
154
185
157
99
66
65
43
-39
-148
-211
-207
-189
-221
-303
-381
-422
-453
-509
-578
-613
-605
-606
-671
-793
-901
-941
-925
-907
-921
-946
-958
-960
-971
-989
-987
-939
-863
-798
-768
-758
-738
-698
-652
-618
-588
-550
-502
-456
-419
-379
-318
-244
-189
-174
-185
-179
-133
-53
30
94
136
159
157
146
154
211
304
387
423
425
440
493
563
617
648
680
730
785
821
836
849
863
860
820
768
744
767
814
842
833
794
737
659
568
490
457
466
480
459
399
332
280
232
171
103
61
66
102
128
123
97
76
64
59
59
83
136
199
228
205
158
136
157
196
220
224
227
237
235
204
159
134
141
150
123
66
17
6
6
-28
-109
-205
-274
-310
-329
-340
-335
-324
-339
-411
-522
-618
-653
-636
-607
-604
-627
-671
-730
-804
-875
-921
-934
-927
-915
-900
-885
-884
-917
-983
-1051
-1082
-1066
-1019
-957
-882
-803
-746
-733
-763
-797
-795
-738
-641
-523
-404
-294
-207
-149
-115
-88
-52
-4
62
158
284
422
539
612
636
633
627
642
694
786
904
1014
1087
1110
1098
1072
1048
1031
1024
1035
1069
1123
1178
1212
1207
1155
1067
970
900
882
910
957
985
970
911
823
726
638
570
526
496
471
440
399
345
277
195
106
28
-16
-17
7
31
33
2
-53
-122
-185
-222
-220
-192
-166
-170
-206
-250
-282
-300
-310
-314
-305
-282
-260
-259
-280
-313
-345
-377
-415
-451
-474
-477
-475
-489
-533
-598
-670
-728
-760
-764
-751
-743
-751
-780
-815
-845
-872
-897
-909
-896
-857
-807
-768
-755
-768
-800
-839
-868
-864
-813
-724
-619
-526
-467
-454
-480
-517
-528
-496
-428
-355
-292
-232
-167
-111
-89
-101
-118
-103
-44
44
145
254
363
447
484
481
477
503
557
620
680
747
823
891
925
921
899
887
894
918
957
1005
1049
1073
1065
1037
1006
979
946
904
863
833
809
780
735
679
621
562
497
427
363
310
266
222
175
122
65
4
-57
-110
-149
-178
-202
-227
-254
-279
-296
-299
-291
-289
-319
-381
-439
-455
-419
-364
-325
-308
-297
-280
-270
-287
-328
-368
-378
-354
-314
-270
-221
-167
-126
-123
-164
-224
-267
-274
-251
-207
-157
-119
-108
-130
-170
-209
-235
-247
-244
-227
-196
-163
-137
-134
-159
-213
-283
-353
-398
-407
-383
-357
-349
-370
-406
-443
-476
-501
-513
-512
-502
-489
-476
-469
-472
-483
-487
-476
-454
-434
-419
-401
-370
-331
-291
-249
-207
-171
-145
-121
-83
-25
33
76
106
146
211
283
337
363
375
393
417
446
484
536
595
640
667
688
705
708
687
654
636
655
705
762
802
804
764
694
622
564
529
514
514
523
532
527
491
427
353
291
245
201
153
130
153
202
217
153
33
-85
-159
-189
-190
-169
-128
-85
-76
-120
-203
-276
-305
-297
-289
-297
-298
-271
-234
-228
-272
-333
-370
-378
-374
-364
-338
-294
-262
-271
-318
-368
-390
-382
-358
-321
-272
-223
-200
-211
-227
-220
-190
-159
-139
-119
-85
-47
-25
-26
-44
-62
-66
-51
-26
4
37
76
104
100
67
42
59
104
142
164
186
210
216
187
142
110
106
126
157
193
217
220
203
172
133
95
77
87
118
155
190
211
199
146
74
28
32
69
106
131
153
168
150
88
3
-58
-67
-39
-7
8
14
19
17
-8
-58
-108
-131
-118
-82
-41
-11
2
-1
-15
-38
-63
-80
-84
-82
-81
-76
-63
-54
-62
-83
-96
-92
-82
-80
-79
-68
-52
-40
-33
-22
-9
-1
2
6
5
-11
-33
-41
-37
-44
-68
-82
-64
-30
-25
-59
-104
-130
-134
-126
-111
-94
-80
-74
-78
-91
-109
-129
-146
-160
-169
-162
-136
-102
-84
-100
-139
-179
-202
-206
-190
-156
-106
-63
-54
-88
-142
-184
-196
-180
-141
-84
-26
8
12
8
17
21
-3
-41
-41
18
95
138
145
149
170
193
202
200
201
215
242
274
304
324
336
339
336
330
331
350
375
387
379
360
341
332
333
341
340
318
284
266
267
262
234
200
186
189
184
158
126
96
61
17
-22
-41
-43
-41
-41
-41
-44
-65
-111
-171
-222
-247
-244
-225
-203
-190
-196
-233
-292
-359
-417
-459
-473
-442
-371
-299
-274
-305
-357
-393
-411
-416
-402
-369
-333
-312
-309
-310
-312
-326
-347
-356
-338
-297
-246
-199
-173
-181
-215
-253
-265
-238
-186
-131
-85
-50
-15
17
37
43
54
85
126
147
147
152
181
221
242
236
218
211
227
266
308
326
311
291
293
313
332
348
376
412
438
438
421
400
381
363
346
338
336
341
344
340
313
263
212
179
173
191
226
262
284
278
249
211
174
144
128
135
158
183
192
178
143
92
29
-32
-78
-87
-59
-17
5
-6
-33
-57
-79
-105
-127
-130
-113
-96
-90
-90
-92
-105
-138
-185
-228
-250
-245
-225
-214
-228
-256
-278
-298
-335
-385
-416
-407
-375
-348
-328
-305
-290
-298
-326
-354
-367
-371
-363
-335
-293
-267
-275
-305
-332
-353
-364
-356
-323
-278
-243
-225
-216
-207
-201
-195
-174
-127
-59
15
71
97
89
63
52
76
128
177
204
211
213
223
235
249
269
300
332
352
362
373
392
407
413
416
420
421
425
445
476
485
446
379
330
312
308
305
315
334
334
294
230
174
132
101
86
96
115
118
100
74
46
10
-33
-63
-67
-51
-32
-22
-25
-44
-75
-110
-141
-163
-171
-154
-122
-90
-72
-68
-74
-89
-109
-115
-91
-39
20
64
79
66
37
5
-25
-46
-53
-35
2
30
27
-7
-47
-74
-88
-103
-121
-128
-116
-109
-148
-238
-327
-359
-338
-323
-340
-368
-381
-408
-479
-555
-579
-560
-566
-622
-667
-662
-649
-685
-746
-766
-723
-662
-624
-601
-573
-540
-516
-511
-522
-532
-510
-443
-350
-261
-183
-106
-40
-1
17
53
122
209
291
369
450
522
569
593
615
653
716
793
861
902
928
959
996
1017
1017
1018
1036
1058
1056
1029
1004
993
976
934
868
803
750
708
667
629
589
536
467
390
325
275
231
177
114
50
-16
-89
-170
-249
-304
-327
-338
-363
-402
-434
-457
-490
-538
-576
-573
-545
-526
-532
-539
-540
-547
-571
-596
-597
-561
-499
-430
-370
-326
-299
-284
-281
-280
-259
-212
-163
-138
-125
-102
-75
-70
-89
-100
-78
-43
-24
-30
-38
-33
-18
-10
-22
-50
-75
-82
-79
-88
-109
-125
-136
-154
-189
-226
-254
-274
-294
-301
-290
-273
-270
-273
-260
-230
-212
-223
-250
-266
-259
-238
-217
-201
-184
-157
-117
-77
-46
-19
24
91
159
207
231
251
274
306
344
