SAMPLES:	11296
BITSPERSAMPLE:	16
CHANNELS:	1
SAMPLERATE:	16000
NORMALIZED:	FALSE
-3
1
-1
-4
-1
-1
-2
-16
-11
-6
-16
-8
-9
-9
-9
-8
-7
-14
-16
-7
-6
-7
-2
-4
-4
-9
-5
-3
-2
0
-7
-2
-6
-6
-4
-3
4
1
0
-5
4
1
-6
-12
-3
4
-2
-4
-1
-3
1
-2
1
5
3
5
8
1
2
10
1
9
7
7
6
2
4
3
8
10
4
2
8
9
6
6
0
-2
-4
9
3
-1
8
-2
-3
-2
2
0
4
1
12
9
18
16
1
7
3
-3
1
3
-3
-4
-2
0
-3
6
2
3
2
-8
4
-9
-6
2
-7
-8
-15
-11
-8
-11
-8
-9
-6
-5
-3
6
0
8
-1
-4
2
-6
4
-5
-3
-3
-3
-8
-9
-2
-4
2
2
-2
-2
6
11
2
1
8
3
3
-2
-3
2
5
10
1
3
2
1
9
0
-5
-10
-10
-9
-2
-6
-8
4
1
1
-3
-4
-8
-7
-6
-8
-7
1
-1
1
-1
-10
3
-3
-3
-3
-7
-5
1
0
-2
-1
-2
-3
-7
-2
-6
-2
-7
-4
-4
-2
1
-3
-2
-1
-3
8
4
0
7
0
3
3
7
6
-3
2
2
2
4
1
6
4
0
3
-1
-7
-9
-2
3
4
1
8
7
0
10
2
-1
3
2
1
8
7
11
5
0
13
5
0
2
1
-4
-4
-6
-10
-4
-3
-1
-4
-4
2
0
-3
-6
3
-1
-6
-4
4
-1
1
5
7
-2
-7
0
-4
-7
-8
-7
-3
-1
-10
-2
-6
-5
-9
1
-4
-4
-3
4
3
-3
0
2
7
0
1
1
4
0
5
-1
3
9
-1
-5
-7
-1
-9
-4
-4
-4
-4
-5
-8
-6
6
3
-6
4
-4
9
-1
5
15
14
12
17
18
13
9
8
9
-2
-4
3
-3
-7
-4
-2
-9
-4
-5
-10
-4
-1
-3
-8
-12
-5
-15
-9
-1
-10
-6
-7
-8
-11
-11
-5
-9
1
-1
-9
-4
-6
-4
-5
1
1
3
8
0
3
-10
-3
-5
-1
9
4
-3
-1
-2
-3
-4
-8
-3
3
2
-7
-3
-3
9
5
-7
2
-5
1
-7
-2
-3
-1
7
-9
4
17
0
5
5
4
1
-1
3
-1
14
5
2
4
3
9
3
-5
-1
-6
0
1
4
7
2
1
6
-3
9
8
0
-3
1
-7
-12
6
4
5
0
-7
-2
-3
18
5
3
-1
-6
-2
2
8
4
6
14
9
-1
5
-2
-5
-2
-1
-4
-4
-16
0
-7
-5
-2
-9
-3
-5
-14
-3
-17
5
-7
6
-20
1
-10
-5
2
2
3
3
6
2
2
12
-2
-4
-5
2
-9
7
-9
11
-5
6
-1
5
-6
-9
-7
-2
-12
-2
-9
0
-14
-10
5
-16
-11
-4
-4
-16
-6
-4
-6
-6
-8
-1
-16
6
9
2
-5
-6
2
6
10
0
-6
10
4
-3
-3
-8
8
1
7
-6
1
-5
5
1
3
-11
4
-7
13
-3
12
-20
1
-1
-1
-1
0
5
0
10
16
-2
21
8
31
-17
31
-19
27
-3
25
2
21
6
0
5
22
6
3
-7
9
-3
11
8
-6
7
-15
0
-9
11
11
-2
13
-17
16
-23
17
-19
0
-7
-14
6
-7
-1
-5
-12
12
-20
15
-9
-7
-5
-8
5
-24
0
-4
-8
4
-12
10
-20
17
-14
1
0
-5
16
-24
18
-31
17
-24
18
-16
6
-10
6
0
17
9
5
-24
22
-11
18
-4
-2
6
-16
25
-50
27
-36
24
-24
20
-3
-16
12
-7
18
-15
17
-3
-8
13
-22
7
-28
3
5
-15
24
-11
17
-20
31
2
-5
21
-18
15
-7
21
0
-2
3
-2
19
-8
-4
-6
-7
19
-4
1
-25
21
-7
-3
-11
3
1
9
17
10
3
16
-13
18
-24
17
-8
8
5
-19
6
-22
13
2
-10
2
-27
6
-34
19
-10
-24
8
-46
27
-50
44
-26
4
1
-14
20
-40
52
-13
13
16
-11
28
-26
43
-21
36
0
12
17
-21
16
-26
37
-21
11
6
-2
13
-26
29
-36
40
-13
12
5
-14
29
-4
28
-9
-6
14
-25
44
-39
57
-54
47
-39
47
-17
23
-8
2
10
-12
11
-17
15
-21
16
-11
3
-5
-9
6
-5
9
8
4
-2
8
-19
19
-30
8
-40
32
-39
13
-47
7
-28
5
-17
15
-11
-20
19
-29
33
-34
24
-24
23
-24
1
-2
-13
17
-14
18
-38
25
-32
9
-13
17
-6
-15
18
-31
29
-3
21
6
1
24
-27
35
-32
45
-11
16
8
-4
25
-28
47
-20
28
-6
-4
18
-45
51
-40
47
-14
19
12
-6
38
-34
39
-36
38
-27
25
-18
12
7
-15
32
-37
27
-33
12
-4
-41
45
-59
61
-79
34
-76
16
-9
-26
40
-73
67
-103
71
-81
84
-30
19
9
-30
9
-17
13
33
-45
83
-91
83
-69
80
-15
24
40
-51
38
-55
55
-83
101
-70
90
-83
64
-53
27
14
-4
18
-15
-40
55
-102
109
-87
121
-45
23
24
-86
79
-83
106
-56
48
-27
-16
-28
24
-28
53
-24
22
-45
-38
7
-53
43
-34
18
-47
28
-60
53
-31
78
-42
31
-25
-38
28
-33
34
24
-12
58
-90
98
-86
90
8
29
64
-104
92
-138
103
-75
88
-19
14
-11
-26
2
7
19
30
-25
3
-49
24
-37
62
-14
47
-36
1
-3
-15
20
7
50
-2
8
10
-39
58
-12
62
-20
24
-34
-31
-9
-26
33
-30
46
-50
-2
-75
7
-3
26
9
-19
-35
-41
-30
15
-25
65
-11
29
-29
-29
14
-25
45
11
-21
32
-89
69
-100
109
-50
58
-9
-17
7
-64
58
-52
101
-61
70
-75
45
-33
34
50
-8
62
-38
8
7
-29
100
-67
124
-84
50
-14
0
80
-53
125
-74
41
-42
-16
-34
-9
32
-14
-11
-38
-19
-68
77
-65
118
-84
51
-89
-58
58
-89
157
-103
107
-65
-42
58
-76
165
-97
147
-82
-31
32
-106
160
-150
224
-232
145
-181
95
-64
81
45
-35
43
-93
51
-69
89
1
36
-1
-30
17
-68
81
-40
100
-34
25
-22
-81
108
-97
159
-79
78
-71
-51
77
-107
136
-71
85
-49
2
42
-71
76
4
29
14
-32
-6
-78
45
22
-13
66
-74
27
-67
51
-19
10
23
-21
0
-12
-68
67
-108
149
-128
141
-163
98
-90
21
2
-39
54
-105
87
-180
101
-100
110
-90
77
-77
-13
-33
57
-57
76
-67
82
-124
125
-89
74
0
55
37
-72
71
-133
88
-43
107
-72
39
-31
-6
-43
29
-16
7
3
14
18
-76
89
-41
66
27
32
40
-106
174
-105
98
34
9
56
-100
150
-140
84
-7
4
12
-54
46
-85
18
-16
50
-21
80
-64
44
-60
40
-8
-19
37
-26
40
-33
2
24
-63
74
16
6
-16
11
-44
-48
22
0
-14
-20
54
-144
78
-43
35
5
-47
62
-165
131
-68
-7
84
-125
143
-185
181
-136
66
5
-19
-8
-11
-39
26
-15
99
-12
1
38
-91
86
-45
81
-52
-1
-26
-72
37
-28
61
-45
96
-85
88
-49
62
-57
4
-23
-62
16
-70
17
-32
43
5
125
-74
109
-109
104
-107
47
-65
-102
1
-46
34
-8
-8
41
-26
78
46
7
22
-103
8
-103
-17
48
-82
60
-37
31
4
62
183
-90
166
-112
24
-80
41
2
-70
71
-42
51
-21
39
-64
46
21
83
-81
15
-97
-21
35
20
40
-48
58
-19
38
10
47
-18
89
-20
57
-27
26
3
-3
81
-59
115
-54
28
-70
-44
-57
-55
54
-100
20
-96
17
15
57
20
-83
86
-89
89
-33
-43
-36
-79
51
-88
89
-28
-15
106
-31
74
-25
19
7
-33
25
-102
-81
-95
-98
29
-74
68
-5
12
25
25
32
94
0
48
-216
-38
-148
22
81
-2
61
-114
69
25
101
118
48
62
-89
-82
-62
-156
55
-5
103
-32
10
-43
-66
157
40
131
-24
-20
-145
-66
-28
15
20
45
-1
27
-6
25
56
13
46
10
35
-41
37
-42
-8
-39
67
-7
49
20
-39
-19
-58
27
-9
40
59
37
-7
7
-52
11
-49
95
-4
-2
38
-179
27
-92
164
15
116
21
-120
19
-99
101
-3
65
-69
-41
-65
-12
-15
96
-22
139
-34
29
-73
-25
9
-33
167
-121
90
-167
90
-104
109
-37
41
-6
40
5
-45
-10
-43
79
-36
115
-72
-3
-35
-36
-12
-114
78
-36
35
15
-58
-11
16
96
41
-14
-10
-60
-6
51
-70
-38
-99
4
47
21
83
-46
71
-34
18
-55
-40
-44
-7
-49
-22
-55
-23
101
-31
157
-95
102
-56
88
-57
-37
-72
-75
2
49
31
12
130
-70
137
-119
121
-170
74
-45
-107
11
-126
73
-62
165
-11
98
40
48
-41
-33
-85
-92
-13
-59
25
-57
35
-8
100
115
151
86
23
-129
-128
-128
-13
19
9
-4
-116
45
8
196
90
231
71
12
-65
-234
-162
-118
73
-2
49
-13
-35
66
149
101
121
87
50
6
-112
-147
-278
-59
-41
104
53
18
-4
100
76
191
30
59
-23
-72
-65
-252
-59
-191
60
28
27
64
11
158
103
105
19
-73
-71
-46
-108
-70
-131
-22
2
61
99
31
85
86
37
50
-49
-49
-101
-83
-15
-166
3
-11
67
133
79
105
-10
33
-11
-47
-36
-59
-21
16
-39
69
-45
43
76
96
47
-42
5
-191
-72
-143
15
-139
166
-31
79
22
6
82
-83
169
-156
62
-108
-27
-59
-93
89
-6
174
88
103
41
16
30
-45
-92
-98
-106
-61
-30
6
4
-18
113
117
115
56
53
0
-87
11
-176
-81
-85
64
-12
43
30
13
95
146
100
-61
-38
-167
11
-102
95
-96
22
10
-3
101
-20
137
27
73
22
-154
-88
-161
-8
32
-8
60
-110
32
-34
47
54
-40
38
-78
-2
-98
18
-46
83
83
144
38
30
40
-46
63
-81
-33
-149
-65
-67
-9
-2
76
48
157
60
75
-26
-76
-12
-119
3
-141
-11
-110
15
22
95
84
171
123
103
21
-76
-82
-157
-57
-130
-27
-76
-3
0
67
90
152
160
153
70
3
-62
-124
-72
-151
-98
-127
9
-11
93
73
14
46
50
92
-16
-11
-86
-151
-22
-82
-30
-67
57
101
80
185
-24
20
-23
35
-14
-51
-76
-111
-58
24
3
19
31
-3
46
-9
12
-53
-10
3
0
16
-40
6
45
83
76
79
-11
-38
-85
-74
-119
-85
-13
-23
73
16
49
-43
75
50
115
41
0
-86
-131
-26
-56
60
-11
78
4
113
96
53
35
-9
-14
-33
-29
-88
-89
-76
-3
11
37
42
59
108
92
92
14
-11
6
-11
-40
-74
-106
-102
-46
-12
-11
-27
3
-24
10
57
37
50
22
33
-73
-69
-68
-36
22
28
68
-3
91
90
67
33
1
42
-11
37
-84
-191
-180
-177
-5
-29
96
-17
18
48
54
86
3
47
-42
-21
-72
-110
-139
-49
-11
46
-7
1
18
36
130
45
-1
-106
-83
-55
-57
-4
-74
-53
3
70
123
124
125
125
64
95
-13
-72
-82
-103
-28
-124
-45
-122
-76
41
44
106
0
51
-37
17
2
-23
-86
-43
-24
9
45
-14
50
-9
128
34
70
-27
-94
-59
-141
-54
-154
-73
-85
10
22
39
34
53
74
82
113
-3
20
-84
4
-76
39
-1
46
66
60
94
34
81
-9
32
-51
-30
-73
-60
-31
-21
46
76
168
169
179
172
161
151
100
78
-5
-16
-23
24
19
40
50
67
119
121
109
42
61
25
57
-8
-18
-71
-39
11
-14
34
-65
-16
-44
-19
-69
-109
-126
-164
-108
-117
-121
-147
-119
-118
-64
-67
-54
-97
-46
-25
-50
-21
-76
-66
-72
-34
-43
-79
-72
-106
-103
-91
-90
-94
-102
-89
-90
-86
-52
-90
-85
-64
-86
-45
-79
-63
-113
-30
-41
-8
-22
-45
-22
-23
77
10
48
-3
12
29
21
24
-41
32
47
131
177
173
182
204
266
308
294
301
240
224
222
159
156
117
135
144
150
122
62
31
61
52
78
61
47
64
72
152
139
203
196
231
254
212
203
137
137
157
172
187
167
175
174
207
231
265
225
234
157
163
78
47
-6
-44
-48
-114
-159
-290
-361
-489
-571
-685
-776
-888
-991
-1098
-1149
-1203
-1171
-1134
-1063
-976
-888
-781
-675
-507
-376
-239
-107
9
104
230
298
400
416
496
505
542
569
537
555
458
426
302
242
142
84
-19
-78
-179
-250
-316
-348
-346
-409
-423
-505
-534
-516
-542
-504
-565
-519
-498
-389
-233
-123
56
153
337
482
637
787
897
1019
1080
1137
1146
1130
1091
1056
1019
928
843
713
609
490
373
243
109
-3
-87
-173
-224
-317
-349
-373
-348
-273
-236
-121
-58
59
186
319
470
571
668
751
813
911
968
1020
1006
980
969
918
919
851
770
680
582
504
424
319
244
169
173
144
127
132
88
138
117
106
-31
-190
-331
-498
-727
-1029
-1421
-1782
-2068
-2243
-2423
-2568
-2686
-2693
-2570
-2396
-2161
-2007
-1730
-1495
-1174
-953
-744
-564
-408
-162
18
204
345
470
634
791
934
1015
1027
1019
936
893
783
611
428
201
12
-200
-367
-538
-688
-782
-858
-905
-908
-929
-912
-863
-789
-678
-590
-489
-421
-289
-138
-24
150
245
362
477
638
758
819
891
919
984
1062
1101
1077
1033
989
942
891
790
655
480
387
250
169
59
-43
-95
-75
-1
27
97
147
219
326
442
502
552
580
652
701
765
779
759
782
778
868
853
894
826
814
821
810
819
728
679
588
576
514
477
378
324
321
332
356
292
272
220
268
298
328
299
268
317
373
490
546
622
654
748
786
758
563
316
12
-314
-674
-1181
-1744
-2365
-2806
-3199
-3514
-3763
-3990
-4025
-3935
-3706
-3483
-3259
-2940
-2590
-2155
-1726
-1387
-1076
-762
-366
20
384
749
1013
1327
1624
1904
2082
2123
2135
2017
1936
1747
1455
1080
670
326
-64
-380
-744
-1042
-1300
-1479
-1598
-1697
-1739
-1761
-1687
-1583
-1395
-1242
-1049
-888
-623
-354
-57
210
434
688
938
1259
1473
1662
1799
1930
2047
2137
2173
2094
2006
1848
1739
1553
1345
1054
763
531
307
107
-139
-296
-460
-464
-470
-435
-388
-291
-152
11
199
334
478
589
742
851
967
1034
1104
1169
1246
1326
1363
1383
1346
1343
1292
1239
1126
947
763
569
392
200
22
-166
-324
-432
-463
-497
-525
-530
-488
-378
-248
-97
-2
148
328
554
786
955
1126
1234
1352
1392
1281
1005
625
207
-271
-844
-1567
-2341
-3061
-3572
-4067
-4433
-4775
-4961
-4889
-4681
-4337
-4064
-3689
-3266
-2702
-2140
-1659
-1224
-818
-351
162
646
1050
1425
1739
2138
2467
2738
2851
2840
2801
2663
2490
2139
1720
1242
774
337
-131
-578
-1018
-1362
-1635
-1813
-1934
-2006
-2042
-2027
-1919
-1762
-1553
-1366
-1152
-914
-597
-278
61
337
623
913
1252
1545
1799
1950
2034
2136
2207
2260
2170
2008
1767
1556
1317
1032
682
311
14
-244
-461
-698
-901
-997
-996
-898
-803
-681
-539
-328
-41
207
460
629
805
987
1170
1302
1386
1417
1450
1493
1533
1528
1463
1414
1320
1262
1123
966
773
557
355
127
-71
-272
-432
-558
-647
-643
-573
-501
-423
-324
-145
106
334
528
649
863
1096
1370
1574
1696
1805
1874
1983
1939
1742
1306
813
289
-290
-970
-1884
-2811
-3663
-4247
-4769
-5241
-5663
-5903
-5755
-5473
-5068
-4765
-4355
-3779
-3078
-2369
-1762
-1240
-688
-46
619
1262
1802
2289
2684
3171
3569
3881
3971
3878
3766
3544
3294
2804
2223
1583
997
422
-159
-718
-1253
-1699
-2072
-2314
-2486
-2578
-2663
-2683
-2614
-2403
-2143
-1927
-1720
-1433
-1032
-580
-150
218
594
1009
1453
1856
2160
2402
2553
2676
2760
2754
2619
2332
2015
1667
1354
931
456
-54
-453
-753
-1026
-1287
-1532
-1633
-1619
-1492
-1382
-1201
-1007
-728
-424
-88
246
546
832
1086
1386
1642
1852
1953
2057
2185
2303
2352
2272
2172
2059
1931
1763
1499
1198
881
554
221
-101
-378
-664
-932
-1112
-1190
-1182
-1145
-1099
-1025
-826
-512
-216
47
281
597
964
1323
1615
1825
2006
2158
2277
2275
2132
1749
1254
703
86
-593
-1499
-2465
-3382
-4060
-4621
-5137
-5599
-5917
-5880
-5636
-5290
-4957
-4570
-4023
-3359
-2663
-2041
-1460
-887
-273
406
1042
1674
2215
2677
3169
3637
4039
4225
4235
4124
3981
3745
3300
2704
2036
1374
742
91
-557
-1173
-1713
-2163
-2509
-2738
-2886
-2993
-3057
-3029
-2864
-2629
-2377
-2163
-1881
-1488
-1044
-577
-176
250
700
1174
1598
1964
2257
2491
2649
2726
2732
2649
2452
2112
1758
1369
987
565
93
-310
-646
-883
-1079
-1254
-1339
-1328
-1204
-1070
-908
-728
-528
-254
38
352
642
908
1151
1409
1703
1938
2086
2173
2270
2366
2409
2345
2187
2035
1882
1707
1454
1150
852
567
305
25
-226
-458
-660
-823
-940
-972
-974
-959
-916
-829
-622
-398
-151
53
302
610
924
1253
1513
1739
1894
2000
2042
1994
1816
1384
798
163
-458
-1138
-2046
-3067
-3989
-4605
-5042
-5505
-5937
-6240
-6119
-5744
-5295
-4872
-4466
-3841
-3117
-2310
-1620
-985
-366
248
965
1671
2332
2852
3262
3682
4157
4548
4690
4567
4328
4095
3801
3301
2564
1762
1006
321
-397
-1101
-1755
-2294
-2767
-3086
-3277
-3334
-3357
-3408
-3311
-3101
-2731
-2437
-2199
-1928
-1499
-936
-425
14
392
893
1445
1988
2422
2720
2930
3064
3191
3191
3070
2722
2268
1839
1452
1054
497
-85
-580
-858
-1025
-1187
-1373
-1486
-1426
-1220
-981
-770
-604
-397
-101
276
636
908
1107
1330
1677
2063
2340
2449
2504
2611
2758
2815
2683
2421
2161
1928
1682
1335
928
484
93
-235
-507
-738
-997
-1246
-1411
-1416
-1328
-1248
-1258
-1205
-1015
-685
-348
-130
57
302
684
1097
1421
1637
1766
1863
1974
2021
1925
1547
952
337
-238
-813
-1631
-2677
-3718
-4444
-4867
-5284
-5743
-6181
-6276
-5936
-5442
-4968
-4595
-4116
-3400
-2549
-1714
-1043
-459
123
829
1614
2342
2940
3365
3741
4201
4668
4935
4888
4630
4339
4053
3620
2942
2058
1193
426
-293
-987
-1707
-2331
-2867
-3209
-3405
-3462
-3451
-3498
-3426
-3222
-2837
-2467
-2190
-1941
-1571
-1022
-465
12
395
826
1339
1893
2345
2655
2853
2971
3061
3079
2965
2683
2255
1794
1367
991
538
13
-489
-837
-980
-1088
-1199
-1299
-1286
-1114
-875
-642
-481
-317
-95
198
531
822
1039
1214
1471
1807
2134
2329
2403
2452
2533
2613
2538
2326
2003
1698
1429
1135
769
310
-116
-451
-669
-876
-1102
-1331
-1482
-1521
-1459
-1387
-1337
-1255
-1114
-851
-548
-235
35
304
636
1024
1453
1760
2003
2162
2293
2366
2331
2155
1826
1305
606
-89
-804
-1583
-2492
-3542
-4433
-5022
-5403
-5795
-6205
-6422
-6234
-5690
-5165
-4711
-4245
-3531
-2627
-1784
-1024
-368
353
1081
1849
2580
3244
3846
4252
4664
5055
5376
5441
5180
4791
4382
3922
3186
2278
1297
439
-370
-1207
-1967
-2629
-3106
-3524
-3793
-3918
-3877
-3779
-3732
-3562
-3249
-2810
-2428
-2131
-1753
-1240
-628
-79
408
898
1430
1984
2449
2837
3085
3214
3225
3169
3035
2748
2286
1716
1221
777
361
-148
-664
-1024
-1196
-1249
-1319
-1350
-1329
-1207
-1000
-754
-496
-290
-94
130
468
859
1182
1390
1606
1947
2295
2555
2634
2628
2619
2609
2483
2218
1854
1452
1056
657
274
-130
-519
-896
-1170
-1337
-1447
-1551
-1654
-1685
-1575
-1387
-1200
-1047
-867
-602
-247
162
505
823
1128
1479
1874
2241
2490
2579
2596
2586
2559
2400
1988
1279
488
-215
-903
-1685
-2753
-3871
-4746
-5227
-5533
-5936
-6327
-6494
-6142
-5516
-4915
-4437
-3956
-3162
-2262
-1342
-583
75
775
1470
2272
3016
3711
4226
4583
4938
5319
5602
5511
5126
4612
4127
3550
2715
1709
669
-232
-1090
-1905
-2605
-3178
-3619
-4022
-4203
-4182
-4027
-3912
-3867
-3642
-3230
-2713
-2363
-2083
-1688
-1102
-436
106
603
1099
1710
2279
2756
3130
3367
3483
3437
3369
3203
2881
2319
1657
1124
685
241
-382
-974
-1345
-1455
-1506
-1640
-1742
-1727
-1532
-1283
-1032
-824
-628
-403
-117
268
637
932
1124
1378
1757
2143
2388
2416
2423
2481
2539
2457
2180
1831
1483
1183
837
457
54
-342
-660
-898
-1030
-1181
-1310
-1425
-1394
-1251
-1088
-916
-814
-598
-296
86
444
746
1033
1346
1782
2191
2542
2739
2824
2913
2967
2966
2711
2203
1466
719
34
-734
-1645
-2851
-3977
-4795
-5251
-5635
-6131
-6545
-6658
-6191
-5553
-4997
-4590
-4071
-3211
-2254
-1334
-634
22
708
1463
2278
3018
3718
4169
4505
4874
5287
5557
5378
4919
4351
3904
3296
2384
1292
221
-649
-1535
-2343
-3087
-3639
-4085
-4457
-4574
-4512
-4292
-4192
-4090
-3778
-3240
-2661
-2324
-1995
-1521
-811
-126
406
897
1415
2060
2612
3075
3399
3595
3639
3558
3483
3265
2873
2187
1479
933
481
-26
-744
-1358
-1730
-1825
-1874
-1995
-2049
-1984
-1715
-1405
-1037
-718
-457
-199
141
636
1077
1390
1554
1821
2214
2596
2789
2777
2778
2795
2785
2587
2278
1869
1459
1063
625
247
-178
-583
-963
-1201
-1283
-1367
-1461
-1549
-1442
-1217
-938
-755
-611
-323
63
503
864
1193
1501
1867
2270
2655
2991
3155
3213
3164
3116
3035
2705
2050
1128
345
-378
-1127
-2163
-3456
-4498
-5156
-5486
-5926
-6412
-6758
-6657
-6103
-5534
-5027
-4606
-3947
-3083
-2162
-1279
-541
181
856
1661
2465
3253
3894
4258
4596
4951
5345
5419
5108
4607
4087
3590
2846
1916
859
-111
-998
-1892
-2654
-3311
-3827
-4345
-4712
-4797
-4672
-4517
-4517
-4371
-4001
-3403
-2856
-2510
-2098
-1504
-719
-2
617
1161
1771
2451
3049
3565
3901
4091
4124
4097
4020
3794
3325
2620
1945
1371
863
215
-567
-1220
-1632
-1835
-2009
-2195
-2315
-2273
-2065
-1763
-1402
-1102
-842
-551
-131
408
880
1183
1404
1769
2217
2593
2770
2826
2911
2980
2966
2822
2565
2226
1842
1431
1029
635
181
-301
-706
-962
-1150
-1330
-1529
-1635
-1575
-1421
-1241
-1138
-975
-687
-292
143
506
832
1199
1682
2155
2580
2902
3077
3190
3245
3242
3097
2687
1960
1103
326
-398
-1259
-2463
-3749
-4704
-5251
-5642
-6166
-6717
-6969
-6666
-6091
-5554
-5156
-4692
-3890
-2942
-1994
-1192
-439
323
1107
1935
2750
3569
4150
4496
4815
5237
5603
5568
5122
4560
4117
3592
2787
1722
651
-244
-1128
-2026
-2811
-3435
-3971
-4478
-4802
-4817
-4642
-4570
-4575
-4368
-3836
-3179
-2714
-2387
-1890
-1133
-319
363
906
1468
2132
2789
3336
3753
4011
4121
4136
4074
3959
3641
3044
2319
1650
1128
547
-200
-1019
-1628
-1968
-2189
-2410
-2628
-2677
-2553
-2295
-1954
-1558
-1174
-851
-490
11
623
1079
1327
1566
1954
2442
2746
2839
2855
2949
3033
2967
2770
2459
2123
1715
1290
883
433
-71
-583
-934
-1157
-1332
-1560
-1742
-1744
-1586
-1352
-1184
-1000
-771
-404
50
477
858
1181
1579
2033
2525
2911
3168
3320
3392
3446
3421
3237
2732
1972
1131
383
-349
-1309
-2547
-3816
-4736
-5273
-5754
-6337
-6895
-7111
-6845
-6299
-5790
-5406
-4903
-4110
-3104
-2121
-1285
-505
310
1171
2063
2938
3728
4353
4743
5101
5547
5904
5869
5415
4895
4460
3984
3152
2043
953
39
-829
-1798
-2690
-3436
-4036
-4593
-4995
-5108
-5068
-5036
-5043
-4821
-4308
-3664
-3188
-2802
-2236
-1445
-554
159
753
1367
2087
2851
3457
3909
4201
4418
4533
4524
4420
4121
3603
2896
2207
1614
993
184
-762
-1508
-1970
-2276
-2666
-3096
-3291
-3206
-2956
-2738
-2461
-2082
-1637
-1179
-669
-50
513
947
1287
1735
2300
2736
2946
3018
3173
3371
3451
3313
3022
2716
2376
2004
1546
1044
472
-115
-591
-950
-1240
-1573
-1880
-2039
-1978
-1797
-1642
-1513
-1327
-940
-426
68
469
856
1333
1852
2371
2798
3160
3445
3602
3679
3700
3647
3377
2799
1988
1218
539
-283
-1369
-2678
-3856
-4669
-5246
-5874
-6579
-7145
-7304
-6968
-6477
-6099
-5765
-5160
-4186
-3089
-2112
-1277
-379
593
1586
2528
3406
4208
4785
5179
5548
6009
6257
6051
5538
5015
4614
4032
3107
1950
882
-44
-986
-1969
-2905
-3687
-4419
-5022
-5371
-5473
-5511
-5607
-5592
-5257
-4609
-4008
-3576
-3122
-2396
-1431
-547
155
772
1508
2323
3054
3623
4038
4376
4576
4674
4681
4575
4244
3648
3001
2418
1877
1131
176
-723
-1370
-1806
-2313
-2872
-3296
-3413
-3318
-3177
-2979
-2679
-2238
-1758
-1246
-636
22
585
1016
1449
1989
2543
2883
3031
3141
3354
3541
3515
3309
3036
2777
2459
2039
1545
1034
488
-91
-619
-1027
-1358
-1709
-2036
-2226
-2201
-2026
-1842
-1679
-1440
-1015
-471
73
527
955
1427
1952
2462
2863
3183
3414
3583
3676
3651
3528
3267
2833
2179
1398
587
-239
-1112
-2216
-3440
-4512
-5208
-5694
-6285
-6952
-7402
-7267
-6729
-6238
-5933
-5499
-4609
-3427
-2324
-1465
-564
513
1636
2626
3478
4333
5090
5585
5862
6185
6506
6473
5984
5307
4778
4269
3442
2237
984
-22
-914
-1917
-3024
-3991
-4729
-5297
-5740
-6056
-6185
-6203
-6112
-5825
-5317
-4658
-4043
-3465
-2754
-1811
-793
117
863
1575
2409
3265
3987
4466
4763
4988
5169
5254
5141
4811
4251
3606
2991
2345
1582
624
-380
-1215
-1843
-2419
-3038
-3592
-3900
-3935
-3816
-3613
-3335
-2927
-2378
-1736
-1028
-293
385
963
1545
2162
2744
3206
3488
3674
3856
4030
4077
3941
3672
3349
3003
2591
2095
1474
787
110
-486
-1037
-1583
-2085
-2511
-2773
-2877
-2832
-2705
-2504
-2201
-1773
-1197
-593
-2
537
1089
1705
2282
2790
3191
3530
3812
4024
4116
4034
3858
3605
3198
2489
1612
733
-96
-1002
-2234
-3614
-4722
-5372
-5925
-6693
-7499
-7897
-7638
-7105
-6720
-6464
-5902
-4815
-3538
-2436
-1501
-453
722
1907
2963
3893
4775
5487
5948
6253
6618
6874
6729
6149
5479
4991
4433
3509
2206
935
-59
-963
-2037
-3237
-4251
-4980
-5545
-6058
-6424
-6577
-6591
-6491
-6219
-5686
-4994
-4320
-3690
-2915
-1883
-753
226
995
1783
2710
3662
4406
4826
5093
5353
5596
5636
5403
4963
4415
3830
3185
2444
1582
639
-322
-1169
-1869
-2490
-3114
-3711
-4085
-4158
-4002
-3798
-3591
-3266
-2668
-1855
-1054
-367
273
979
1733
2456
3011
3386
3647
3867
4060
4153
4105
3840
3452
3097
2775
2351
1719
967
267
-294
-789
-1375
-2031
-2573
-2882
-3009
-3067
-3105
-3041
-2784
-2342
-1780
-1217
-649
-56
598
1330
2036
2636
3085
3487
3891
4304
4576
4569
4348
4095
3926
3612
2900
1841
785
-64
-869
-1968
-3431
-4816
-5706
-6201
-6774
-7570
-8217
-8255
-7710
-7079
-6642
-6180
-5269
-3935
-2563
-1406
-328
892
2169
3304
4294
5256
6122
6626
6792
6957
7225
7262
6697
5748
4932
4357
3589
2322
822
-423
-1355
-2296
-3420
-4559
-5403
-5986
-6434
-6779
-6991
-6986
-6834
-6565
-6099
-5373
-4530
-3736
-2963
-2015
-804
449
1457
2230
3014
3987
4962
5560
5759
5835
5991
6112
5929
5413
4737
4061
3368
2585
1709
779
-207
-1177
-2004
-2628
-3163
-3747
-4311
-4622
-4551
-4245
-3968
-3770
-3386
-2642
-1668
-789
-115
548
1373
2277
3001
3481
3813
4114
4344
4404
4337
4160
3838
3350
2799
2314
1820
1164
340
-416
-935
-1364
-1907
-2528
-2979
-3133
-3122
-3141
-3161
-3010
-2625
-2096
-1564
-1016
-427
245
960
1675
2372
2957
3439
3844
4258
4642
4846
4763
4479
4210
3983
3607
2788
1651
592
-209
-1004
-2192
-3686
-4979
-5714
-6150
-6774
-7582
-8125
-8013
-7437
-6869
-6459
-5914
-4901
-3561
-2244
-1112
19
1260
2495
3596
4566
5490
6211
6591
6704
6842
7009
6833
6134
5181
4419
3799
2938
1640
224
-890
-1761
-2690
-3783
-4820
-5585
-6090
-6503
-6839
-6964
-6900
-6722
-6395
-5861
-5085
-4199
-3363
-2535
-1529
-290
945
1904
2634
3400
4316
5144
5578
5667
5688
5763
5747
5443
4876
4216
3568
2868
2104
1281
409
-494
-1397
-2143
-2722
-3247
-3805
-4302
-4525
-4430
-4166
-3897
-3593
-3090
-2317
-1393
-510
258
1005
1803
2595
3271
3755
4073
4238
4278
4244
4134
3889
3428
2808
2232
1775
1297
627
-161
-833
-1279
-1655
-2120
-2628
-3000
-3127
-3085
-2993
-2904
-2715
-2324
-1760
-1096
-455
153
814
1561
2346
3032
3578
3993
4356
4712
4993
5084
4891
4504
4132
3837
3391
2501
1307
221
-559
-1331
-2509
-4019
-5312
-5994
-6368
-6946
-7747
-8289
-8143
-7472
-6818
-6379
-5806
-4740
-3284
-1871
-709
408
1655
2914
4006
4932
5752
6378
6659
6694
6749
6808
6526
5719
4749
3990
3355
2459
1136
-223
-1277
-2104
-3011
-4081
-5081
-5796
-6252
-6617
-6894
-7007
-6926
-6678
-6273
-5674
-4873
-3956
-3103
-2244
-1200
15
1192
2098
2781
3513
4402
5180
5549
5582
5597
5713
5721
5420
4852
4217
3616
2985
2260
1430
538
-365
-1199
-1955
-2607
-3184
-3740
-4184
-4431
-4409
-4216
-3940
-3608
-3158
-2461
-1601
-733
1
682
1433
2210
2865
3298
3578
3766
3894
3902
3781
3546
3186
2739
2263
1816
1346
771
105
-508
-964
-1355
-1793
-2265
-2611
-2732
-2703
-2630
-2553
-2363
-1959
-1367
-741
-171
393
1042
1779
2481
3076
3529
3907
4218
4489
4701
4749
4586
4221
3848
3547
3140
2385
1322
266
-544
-1254
-2288
-3673
-4967
-5770
-6176
-6665
-7386
-7958
-7950
-7381
-6691
-6169
-5637
-4703
-3347
-1938
-736
315
1411
2591
3681
4562
5275
5821
6150
6250
6253
6239
6045
5481
4622
3798
3134
2400
1314
-9
-1190
-2072
-2851
-3814
-4853
-5692
-6187
-6463
-6698
-6846
-6822
-6556
-6099
-5524
-4809
-3968
-3075
-2201
-1291
-234
871
1804
2504
3133
3862
4601
5093
5235
5223
5286
5378
5239
4778
4176
3620
3103
2455
1643
772
-47
-807
-1562
-2260
-2830
-3298
-3712
-4013
-4069
-3868
-3559
-3277
-2948
-2375
-1547
-703
-47
486
1123
1907
2626
3059
3263
3439
3664
3832
3771
3511
3188
2849
2494
2080
1592
1039
422
-177
-670
-1065
-1477
-1953
-2371
-2557
-2514
-2412
-2341
-2229
-1902
-1355
-739
-169
350
904
1553
2247
2852
3316
3641
3914
4199
4429
4540
4458
4209
3896
3586
3251
2760
2010
1036
92
-699
-1490
-2502
-3760
-4963
-5795
-6282
-6750
-7348
-7857
-7924
-7455
-6737
-6093
-5541
-4736
-3502
-2065
-787
203
1172
2289
3407
4311
4970
5492
5890
6088
6116
6086
5954
5517
4758
3926
3218
2507
1520
248
-972
-1923
-2745
-3651
-4635
-5490
-6050
-6372
-6575
-6696
-6684
-6469
-6069
-5505
-4810
-4052
-3234
-2401
-1524
-569
439
1395
2141
2769
3444
4197
4824
5122
5187
5268
5426
5446
5165
4652
4104
3584
3005
2307
1475
602
-239
-1008
-1667
-2265
-2840
-3359
-3719
-3841
-3769
-3599
-3423
-3173
-2727
-2055
-1312
-690
-166
426
1153
1867
2400
2728
2980
3255
3490
3578
3506
3292
2997
2684
2346
1942
1433
835
241
-242
-641
-1055
-1494
-1879
-2124
-2196
-2133
-2034
-1913
-1708
-1339
-812
-272
202
650
1159
1718
2233
2658
3000
3282
3528
3729
3850
3870
3804
3674
3469
3169
2744
2246
1718
1085
228
-752
-1639
-2399
-3215
-4275
-5370
-6139
-6482
-6723
-7096
-7427
-7352
-6728
-5862
-5133
-4528
-3671
-2392
-963
211
1061
1925
2986
3990
4679
5087
5437
5736
5791
5612
5360
5106
4609
3750
2799
2030
1353
397
-873
-2077
-2914
-3544
-4296
-5196
-5956
-6326
-6402
-6418
-6459
-6381
-6033
-5452
-4777
-4083
-3326
-2475
-1595
-730
166
1136
2061
2765
3310
3904
4623
5198
5396
5351
5357
5496
5465
5060
4426
3836
3316
2709
1928
1028
161
-645
-1412
-2108
-2695
-3205
-3665
-4007
-4105
-3950
-3669
-3410
-3142
-2676
-1928
-1090
-417
76
624
1371
2118
2621
2881
3089
3356
3562
3595
3468
3256
2966
2589
2195
1814
1381
811
167
-343
-665
-964
-1348
-1761
-1977
-1953
-1832
-1735
-1642
-1421
-1046
-584
-153
244
678
1144
1578
1960
2332
2675
2944
3102
3215
3362
3480
3444
3252
3046
2903
2669
2194
1602
1080
556
-190
-1169
-2093
-2774
-3416
-4287
-5315
-6058
-6282
-6306
-6496
-6757
-6657
-5953
-4962
-4168
-3570
-2771
-1536
-170
877
1593
2314
3226
4049
4521
4752
4973
5151
5054
4686
4312
4034
3551
2677
1644
841
228
-582
-1732
-2921
-3729
-4213
-4740
-5468
-6137
-6401
-6289
-6099
-6008
-5836
-5366
-4647
-3884
-3191
-2411
-1489
-584
199
965
1873
2783
3433
3806
4244
4879
5424
5565
5365
5235
5297
5270
4834
4116
3432
2879
2307
1513
573
-325
-1085
-1767
-2436
-3035
-3485
-3778
-3985
-4053
-3886
-3510
-3095
-2732
-2282
-1598
-748
-23
468
938
1566
2238
2717
2947
3100
3298
3470
3495
3371
3164
2903
2584
2229
1845
1415
933
403
-84
-468
-770
-1082
-1424
-1696
-1763
-1647
-1507
-1448
-1367
-1046
-557
-123
183
492
936
1437
1821
2065
2302
2562
2773
2865
2910
2953
2918
2763
2558
2396
2235
1929
1410
876
506
161
-455
-1380
-2244
-2779
-3160
-3780
-4715
-5498
-5726
-5568
-5526
-5740
-5777
-5249
-4286
-3399
-2805
-2211
-1304
-176
812
1503
2034
2598
3133
3503
3710
3838
3881
3694
3330
2982
2746
2379
1651
738
-17
-527
-1097
-1997
-3028
-3787
-4194
-4518
-4984
-5456
-5640
-5502
-5258
-4979
-4580
-4041
-3443
-2797
-2056
-1205
-328
383
959
1613
2441
3249
3761
4005
4266
4719
5178
5341
5142
4864
4740
4643
4312
3685
2959
2304
1685
1006
246
-535
-1264
-1911
-2448
-2837
-3093
-3295
-3460
-3486
-3252
-2810
-2385
-2052
-1697
-1163
-452
212
666
1005
1431
1963
2426
2684
2814
2942
3078
3147
3087
2928
2720
2414
2032
1640
1262
853
321
-253
-710
-1004
-1247
-1543
-1843
-1980
-1893
-1700
-1540
-1417
-1183
-802
-356
58
381
681
1019
1370
1681
1918
2064
2139
2214
2333
2442
2423
2269
2107
2068
2103
1977
1567
1098
833
708
365
-401
-1302
-1918
-2207
-2598
-3412
-4363
-4905
-4874
-4722
-4855
-5107
-5016
-4363
-3490
-2838
-2440
-1953
-1179
-317
372
817
1191
1555
1857
2093
2322
2526
2514
2279
2033
1995
2022
1713
1000
304
-90
-368
-915
-1778
-2573
-3035
-3293
-3612
-3992
-4239
-4247
-4096
-3860
-3521
-3069
-2584
-2144
-1653
-1007
-265
383
805
1142
1663
2371
2984
3257
3332
3557
4016
4405
4419
4179
3995
3968
3877
3538
3003
2454
1945
1410
876
342
-201
-789
-1358
-1751
-1937
-2079
-2327
-2615
-2697
-2461
-2168
-2017
-1971
-1807
-1385
-859
-452
-197
96
514
1000
1434
1761
2005
2209
2396
2553
2657
2637
2434
2126
1843
1598
1280
815
292
-160
-469
-704
-948
-1195
-1370
-1416
-1323
-1159
-1020
-868
-683
-430
-113
182
428
616
793
1014
1274
1479
1571
1613
1702
1875
2026
2076
2040
2004
2051
2108
2073
1922
1661
1411
1233
1016
591
-72
-742
-1240
-1614
-2128
-2898
-3682
-4121
-4195
-4266
-4523
-4811
-4778
-4314
-3739
-3377
-3189
-2843
-2191
-1474
-966
-643
-273
218
692
1056
1374
1715
1956
2015
2016
2111
2192
1985
1470
932
571
230
-327
-1066
-1728
-2151
-2437
-2727
-3007
-3148
-3112
-2993
-2813
-2530
-2167
-1813
-1532
-1261
-877
-385
32
267
454
836
1383
1862
2159
2381
2730
3195
3574
3745
3787
3817
3827
3726
3501
3200
2828
2374
1883
1454
1078
664
187
-309
-664
-851
-1037
-1342
-1680
-1866
-1857
-1816
-1891
-2002
-1948
-1686
-1383
-1142
-890
-510
-44
402
791
1185
1571
1856
2001
2057
2127
2138
1965
1622
1262
1020
809
481
47
-326
-510
-600
-722
-891
-1030
-1051
-1023
-986
-952
-885
-812
-784
-699
-491
-218
-28
53
173
475
871
1144
1248
1308
1509
1800
2019
2076
2049
2098
2219
2329
2373
2386
2355
2218
2012
1825
1685
1424
803
-63
-780
-1218
-1678
-2519
-3625
-4495
-4804
-4853
-5106
-5558
-5836
-5620
-5010
-4413
-4060
-3765
-3261
-2511
-1732
-1100
-569
-52
447
949
1512
2099
2560
2730
2734
2854
3140
3252
2893
2239
1676
1364
996
314
-550
-1268
-1729
-2098
-2469
-2828
-3060
-3175
-3250
-3222
-3050
-2817
-2658
-2589
-2441
-2031
-1476
-1019
-732
-395
263
1153
1952
2509
2990
3631
4359
4932
5223
5316
5336
5269
5068
4732
4311
3761
3066
2368
1784
1303
758
61
-662
-1197
-1524
-1842
-2320
-2873
-3268
-3402
-3409
-3443
-3484
-3415
-3100
-2597
-2005
-1409
-829
-229
394
1045
1629
2049
2280
2383
2462
2529
2511
2331
2030
1748
1559
1410
1207
925
608
325
87
-148
-449
-817
-1199
-1553
-1808
-1951
-2063
-2181
-2250
-2148
-1835
-1441
-1082
-756
-363
157
691
1111
1434
1730
2045
2342
2574
2745
2887
3008
3096
3174
3228
3210
3082
2872
2645
2376
1950
1324
657
69
-515
-1324
-2313
-3186
-3764
-4168
-4725
-5458
-6004
-6034
-5757
-5596
-5638
-5569
-5066
-4267
-3553
-3078
-2624
-1943
-1100
-328
302
940
1633
2240
2729
3209
3730
4148
4246
4036
3809
3691
3431
2775
1796
865
144
-552
-1387
-2286
-3029
-3535
-3868
-4107
-4220
-4180
-4059
-3918
-3668
-3209
-2663
-2159
-1753
-1294
-598
244
1042
1722
2401
3187
4044
4803
5379
5806
6112
6271
6261
6102
5791
5309
4644
3866
3124
2444
1733
917
78
-645
-1218
-1712
-2267
-2850
-3334
-3697
-3926
-4100
-4234
-4265
-4159
-3917
-3527
-2975
-2351
-1719
-1081
-381
397
1149
1749
2145
2453
2761
3027
3137
3070
2908
2727
2572
2381
2110
1780
1391
967
535
120
-334
-889
-1517
-2085
-2478
-2787
-3084
-3338
-3452
-3343
-3058
-2698
-2289
-1815
-1283
-717
-167
382
889
1307
1634
1923
2254
2577
2822
2949
3043
3176
3321
3376
3257
3043
2795
2511
2164
1715
1191
672
200
-243
-658
-1023
-1374
-1700
-1957
-2155
-2405
-2749
-3107
-3393
-3580
-3768
-4032
-4274
-4289
-4040
-3650
-3283
-2923
-2399
-1660
-839
-184
286
708
1184
1626
1870
1978
2065
2171
2240
2223
2214
2265
2241
2046
1731
1439
1148
714
75
-645
-1263
-1787
-2270
-2712
-3020
-3144
-3108
-2943
-2658
-2242
-1770
-1315
-889
-466
0
470
853
1160
1466
1859
2324
2767
3134
3466
3822
4139
4317
4333
4231
4017
3656
3123
2494
1876
1276
662
-8
-640
-1117
-1432
-1691
-1986
-2292
-2535
-2625
-2651
-2733
-2861
-2921
-2849
-2668
-2414
-2118
-1746
-1315
-837
-301
290
832
1226
1509
1761
2013
2167
2159
2033
1870
1745
1630
1452
1209
944
687
450
194
-116
-465
-831
-1171
-1484
-1788
-2018
-2167
-2259
-2278
-2187
-1992
-1724
-1442
-1194
-906
-562
-233
41
235
416
629
852
1056
1229
1392
1563
1726
1851
1930
1969
1959
1857
1676
1460
1294
1123
894
627
378
257
221
172
81
-21
-96
-137
-165
-202
-266
-359
-487
-589
-605
-552
-508
-608
-791
-914
-876
-809
-919
-1228
-1540
-1633
-1572
-1536
-1621
-1711
-1635
-1385
-1072
-793
-527
-255
-11
193
403
658
890
974
918
889
1012
1171
1198
1050
842
728
660
512
266
-16
-292
-565
-802
-926
-936
-930
-963
-997
-900
-669
-428
-269
-205
-150
-37
146
350
517
623
707
840
1065
1322
1492
1518
1430
1320
1234
1128
908
565
176
-149
-381
-571
-732
-885
-1006
-1086
-1155
-1153
-1109
-1081
-1118
-1199
-1209
-1089
-864
-649
-465
-234
108
544
982
1358
1645
1860
2008
2075
2078
2004
1845
1591
1236
893
613
350
52
-323
-723
-1052
-1326
-1594
-1898
-2220
-2500
-2711
-2816
-2823
-2750
-2625
-2457
-2188
-1806
-1348
-874
-436
-34
360
761
1135
1461
1711
1896
2043
2155
2236
2261
2215
2110
1933
1673
1382
1048
690
317
-100
-494
-832
-1116
-1317
-1438
-1468
-1415
-1329
-1185
-942
-593
-233
47
294
594
957
1345
1694
1968
2240
2511
2801
3077
3321
3498
3506
3344
3086
2854
2594
2147
1383
444
-356
-914
-1424
-2139
-2984
-3641
-3897
-3903
-3968
-4168
-4271
-4054
-3639
-3284
-3047
-2703
-2109
-1416
-822
-346
281
1125
1954
2523
2845
3198
3587
3837
3757
3415
3007
2574
2027
1350
698
82
-545
-1258
-1960
-2468
-2826
-3215
-3763
-4307
-4630
-4717
-4710
-4734
-4712
-4469
-3956
-3290
-2598
-1859
-1053
-209
570
1239
1866
2464
2960
3264
3440
3606
3829
4002
4032
3965
3856
3742
3555
3217
2750
2214
1618
956
244
-438
-1019
-1494
-1926
-2304
-2551
-2604
-2502
-2389
-2302
-2175
-1946
-1639
-1336
-1066
-782
-445
-56
328
707
1094
1445
1733
1924
2048
2134
2118
1978
1730
1417
1108
795
415
-25
-470
-883
-1255
-1635
-2038
-2407
-2688
-2859
-2964
-2998
-2927
-2679
-2313
-1885
-1422
-943
-394
141
622
1006
1321
1622
1875
2077
2211
2329
2466
2606
2679
2665
2607
2491
2337
2088
1725
1314
873
438
53
-260
-526
-730
-855
-893
-821
-691
-568
-442
-313
-169
15
205
371
561
797
1060
1342
1625
1916
2203
2435
2564
2612
2648
2673
2616
2412
2108
1786
1512
1229
832
321
-258
-859
-1465
-2028
-2549
-3069
-3636
-4164
-4517
-4644
-4588
-4545
-4560
-4503
-4219
-3741
-3292
-3019
-2803
-2371
-1687
-989
-524
-203
245
901
1546
1874
1860
1755
1760
1789
1575
1076
509
125
-74
-292
-642
-1014
-1219
-1269
-1309
-1464
-1703
-1886
-1939
-1909
-1843
-1730
-1539
-1229
-805
-287
262
804
1294
1701
2034
2252
2412
2538
2596
2594
2517
2440
2443
2485
2466
2319
2083
1848
1612
1289
819
250
-258
-656
-953
-1222
-1510
-1695
-1694
-1530
-1334
-1198
-1060
-864
-603
-325
-102
97
373
736
1110
1427
1687
1949
2215
2434
2507
2409
2226
2016
1791
1498
1151
791
451
155
-128
-421
-723
-1018
-1309
-1582
-1863
-2124
-2296
-2406
-2441
-2404
-2264
-2024
-1735
-1415
-1104
-793
-502
-223
20
240
457
659
874
1128
1403
1666
1879
2020
2130
2177
2121
1942
1685
1417
1122
782
441
151
-59
-230
-432
-637
-799
-908
-1042
-1243
-1459
-1595
-1606
-1566
-1542
-1470
-1270
-959
-601
-302
-55
195
419
591
708
780
856
900
911
929
996
1098
1109
1039
908
797
695
470
118
-253
-496
-663
-849
-1090
-1295
-1343
-1289
-1243
-1279
-1335
-1314
-1223
-1168
-1170
-1181
-1129
-988
-823
-668
-577
-508
-418
-290
-187
-171
-245
-372
-437
-435
-416
-445
-509
-537
-510
-462
-475
-538
-622
-697
-769
-862
-929
-938
-891
-787
-659
-477
-242
-3
214
384
523
669
819
922
994
1077
1215
1408
1599
1769
1892
1997
2088
2132
2081
1935
1750
1563
1399
1217
1032
873
772
748
757
740
659
573
512
472
422
321
229
186
207
288
396
508
611
709
785
843
848
779
649
509
372
229
93
-45
-146
-221
-281
-337
-414
-513
-640
-779
-919
-1070
-1222
-1371
-1503
-1592
-1642
-1653
-1635
-1609
-1577
-1528
-1458
-1377
-1319
-1256
-1191
-1100
-996
-895
-783
-686
-561
-431
-312
-197
-108
-18
64
135
209
272
332
366
393
417
448
483
486
466
439
436
465
494
505
521
544
590
664
741
808
844
853
857
876
884
864
795
700
640
588
527
437
318
215
116
18
-104
-242
-374
-510
-622
-744
-860
-940
-987
-1027
-1082
-1113
-1097
-1035
-985
-971
-981
-965
-900
-827
-806
-823
-811
-762
-691
-631
-587
-525
-419
-323
-254
-187
-111
-27
34
66
92
108
128
156
183
218
253
284
313
357
435
509
560
591
639
736
812
890
966
1042
1136
1230
1316
1390
1475
1540
1594
1624
1656
1659
1632
1591
1515
1440
1338
1205
1040
859
694
517
325
147
-34
-191
-336
-486
-617
-708
-766
-833
-906
-989
-1046
-1043
-1030
-1032
-1031
-1003
-950
-879
-792
-693
-604
-529
-473
-434
-398
-379
-367
-387
-456
-507
-553
-611
-667
-736
-792
-835
-895
-967
-1014
-1021
-1029
-1053
-1083
-1062
-977
-886
-807
-732
-610
-429
-244
-91
35
162
325
503
651
753
836
937
1038
1116
1168
1202
1225
1245
1232
1183
1120
1044
952
849
726
560
398
247
117
3
-108
-207
-285
-315
-340
-352
-349
-327
-294
-273
-271
-254
-222
-166
-114
-85
-39
5
76
155
185
196
183
162
149
130
74
-39
-157
-220
-250
-307
-416
-545
-625
-649
-653
-691
-752
-813
-819
-762
-691
-632
-581
-511
-416
-269
-114
27
119
212
360
531
706
813
877
949
1071
1204
1277
1284
1242
1212
1206
1196
1125
995
868
790
741
663
547
420
340
300
247
161
39
-56
-102
-130
-198
-282
-340
-374
-373
-373
-399
-402
-407
-409
-406
-408
-388
-399
-435
-477
-489
-474
-474
-512
-582
-615
-586
-549
-561
-612
-655
-641
-582
-545
-568
-606
-609
-567
-524
-510
-510
-497
-447
-373
-306
-254
-198
-139
-67
7
58
94
112
133
163
201
240
274
302
345
403
444
464
470
467
430
387
347
305
258
215
174
147
159
160
149
121
95
84
79
56
11
-24
-13
31
71
80
89
136
185
225
230
201
192
203
229
243
242
262
297
336
350
353
343
291
244
193
133
82
18
-40
-82
-101
-110
-132
-160
-202
-234
-264
-291
-328
-354
-330
-302
-249
-195
-135
-42
42
97
128
163
209
244
257
273
307
358
415
452
455
458
447
402
338
238
127
29
-64
-140
-220
-293
-348
-383
-409
-450
-504
-564
-603
-609
-607
-619
-626
-599
-528
-424
-343
-299
-236
-162
-77
-12
-2
1
15
45
84
99
86
62
53
54
31
-27
-87
-135
-173
-203
-239
-271
-274
-239
-202
-186
-184
-174
-135
-83
-33
-10
8
56
132
241
336
401
462
532
615
688
703
711
699
692
698
678
652
596
523
454
405
349
261
131
-2
-96
-161
-232
-337
-447
-524
-551
-573
-608
-649
-667
-642
-606
-589
-595
-572
-521
-466
-421
-394
-347
-294
-224
-138
-59
42
135
210
292
354
406
428
412
399
374
348
313
285
284
296
305
297
279
259
226
189
140
81
35
0
-24
-27
-6
34
90
151
212
253
270
289
316
341
361
373
373
398
442
474
472
460
429
396
360
281
197
126
56
-8
-72
-131
-170
-215
-276
-361
-448
-524
-618
-699
-770
-815
-827
-828
-820
-809
-778
-730
-690
-677
-679
-669
-647
-607
-568
-536
-473
-369
-252
-158
-86
-25
31
90
121
119
101
85
94
130
151
155
162
182
210
224
220
197
180
186
188
193
193
209
255
309
367
421
459
507
553
595
641
653
675
689
718
742
743
730
710
691
659
647
587
527
465
384
327
261
193
119
26
-53
-114
-184
-254
-326
-402
-449
-484
-523
-554
-620
-655
-659
-663
-672
-697
-709
-682
-637
-588
-564
-558
-524
-481
-448
-431
-414
-414
-413
-371
-321
-275
-230
-186
-133
-70
-3
25
28
29
32
40
48
48
37
39
72
131
181
204
225
243
284
317
305
296
289
302
342
370
379
399
441
500
532
533
521
526
531
529
511
486
472
450
447
429
385
349
299
238
174
98
27
-60
-131
-183
-233
-291
-363
-419
-464
-505
-559
-628
-683
-716
-721
-718
-719
-697
-662
-611
-561
-517
-477
-441
-388
-336
-294
-253
-201
-141
-75
-19
34
64
69
66
65
59
38
9
-22
-33
-17
5
9
8
10
24
33
33
28
4
13
47
94
146
196
260
317
403
485
552
599
628
657
693
736
744
718
683
671
668
648
585
522
465
430
401
333
258
190
143
86
13
-69
-146
-208
-233
-248
-249
-251
-248
-214
-167
-122
-108
-122
-143
-135
-126
-136
-167
-204
-208
-179
-144
-133
-155
-180
-202
-216
-247
-321
-408
-500
-566
-598
-624
-666
-711
-743
-745
-722
-708
-703
-707
-687
-636
-565
-492
-433
-364
-267
-148
-47
29
96
161
232
309
365
392
420
463
519
568
584
562
544
538
518
470
392
322
270
234
201
163
115
81
82
76
54
30
3
0
18
25
45
76
120
182
241
294
346
386
421
453
457
465
459
449
455
446
424
394
355
308
247
180
95
4
-80
-167
-233
-294
-348
-389
-424
-452
-467
-483
-490
-483
-485
-476
-463
-430
-396
-362
-305
-262
-216
-169
-129
-83
-37
-8
11
38
54
59
56
50
39
17
-7
-36
-60
-75
-87
-107
-124
-139
-149
-162
-179
-207
-227
-230
-237
-239
-227
-199
-154
-100
-32
21
60
114
155
202
249
268
298
335
382
438
481
508
528
557
584
587
547
489
438
411
376
313
240
163
119
93
52
-12
-80
-132
-166
-203
-240
-285
-331
-360
-372
-360
-369
-379
-385
-377
-347
-315
-295
-291
-273
-252
-215
-207
-208
-201
-193
-171
-177
-186
-196
-187
-169
-164
-183
-212
-208
-214
-210
-227
-239
-246
-245
-218
-203
-178
-162
-130
-88
-52
-11
30
69
110
168
231
286
340
382
443
504
545
566
568
577
584
577
564
550
546
542
541
521
483
451
414
372
315
255
190
140
88
58
25
2
-4
-25
-29
-38
-48
-73
-94
-106
-109
-99
-106
-107
-93
-72
-47
-37
-36
-48
-62
-68
-94
-119
-155
-176
-178
-180
-199
-242
-276
-299
-325
-369
-425
-492
-522
-530
-526
-531
-548
-542
-513
-474
-467
-461
-450
-423
-383
-337
-307
-265
-199
-119
-35
43
103
160
215
272
320
340
359
373
394
414
439
450
448
436
412
392
369
344
306
257
210
189
167
136
94
58
31
18
0
-20
-47
-57
-44
-32
-12
-5
4
30
57
71
86
88
81
85
100
106
93
80
65
65
64
42
18
-12
-47
-68
-99
-130
-162
-193
-218
-226
-231
-249
-271
-294
-290
-277
-267
-246
-245
-227
-185
-139
-102
-84
-52
-17
28
54
72
88
111
159
193
209
216
231
236
238
235
200
174
147
120
103
70
42
28
24
22
12
4
-13
-36
-34
-39
-50
-39
-33
-18
20
52
75
95
123
152
175
187
193
196
213
226
248
248
239
228
210
187
146
93
33
-20
-72
-118
-158
-187
-204
-209
-224
-234
-261
-292
-319
-346
-357
-364
-367
-359
-324
-277
-220
-166
-127
-91
-56
-39
-35
-36
-46
-40
-27
-21
-12
2
12
34
28
13
-5
-30
-49
-75
-96
-118
-132
-146
-143
-137
-140
-146
-151
-151
-147
-125
-112
-99
-89
-56
-7
40
66
93
123
154
188
205
224
235
253
276
297
308
310
294
291
288
263
249
220
203
188
166
156
136
124
104
76
57
22
8
-3
-15
-18
-7
3
14
31
47
67
69
72
66
55
57
62
59
45
40
34
41
45
20
-13
-33
-47
-61
-90
-121
-153
-179
-180
-180
-203
-225
-231
-233
-214
-208
-215
-217
-207
-173
-150
-143
-126
-104
-83
-50
-40
-35
-23
8
36
65
79
91
114
125
147
142
150
133
122
108
102
97
81
83
86
111
115
107
96
80
77
83
66
39
27
29
40
46
50
48
65
75
82
71
46
22
0
-11
-29
-49
-75
-90
-93
-103
-127
-138
-170
-197
-215
-227
-238
-257
-270
-277
-270
-263
-264
-275
-268
-255
-244
-233
-228
-208
-190
-169
-139
-109
-85
-69
-51
-30
-14
-3
-9
3
16
27
49
57
69
78
89
102
106
107
107
110
125
137
147
155
163
176
190
204
211
220
230
244
260
274
299
305
313
328
342
348
346
352
342
341
337
313
290
265
246
242
223
197
171
134
107
76
48
10
-29
-58
-97
-117
-152
-184
-211
-226
-239
-268
-287
-309
-329
-335
-347
-359
-370
-392
-388
-376
-375
-367
-362
-347
-332
-315
-296
-282
-262
-239
-209
-192
-161
-139
-124
-98
-78
-59
-38
-25
-13
10
19
33
48
56
73
89
107
116
118
141
151
162
167
173
180
187
213
227
228
240
244
254
263
260
263
256
262
261
250
241
229
217
198
174
152
123
91
66
42
17
-16
-39
-70
-93
-118
-148
-176
-212
-235
-250
-264
-268
-284
-299
-295
-283
-287
-291
-286
-285
-273
-259
-245
-244
-228
-217
-196
-173
-166
-140
-132
-117
-92
-71
-56
-45
-18
13
37
59
72
85
98
116
124
134
148
166
187
207
228
243
263
281
295
303
305
306
302
308
317
325
323
323
333
334
338
323
310
301
284
262
248
220
185
170
154
131
106
72
33
12
-20
-55
-94
-131
-157
-186
-218
-242
-278
-312
-339
-353
-372
-396
-413
-430
-427
-418
-414
-410
-398
-382
-370
-356
-331
-322
-305
-288
-262
-228
-215
-177
-148
-123
-92
-70
-56
-47
-44
-35
-30
-24
-18
-5
12
31
47
60
77
83
107
116
124
132
137
151
165
194
214
229
242
262
278
297
315
322
320
324
328
330
332
326
325
316
294
281
258
237
204
172
151
123
92
62
36
16
-4
-24
-51
-79
-102
-122
-140
-166
-184
-201
-211
-201
-196
-213
-207
-199
-190
-182
-182
-177
-182
-164
-160
-157
-155
-163
-149
-146
-151
-144
-145
-141
-128
-124
-117
-113
-101
-96
-87
-73
-71
-65
-51
-32
-19
2
25
58
79
99
121
138
159
166
179
187
197
208
218
221
228
230
228
222
219
208
191
177
164
153
132
126
116
97
92
73
61
46
27
10
-10
-18
-27
-31
-33
-38
-30
-35
-46
-41
-51
-54
-56
-69
-80
-85
-95
-96
-98
-110
-117
-116
-121
-130
-139
-150
-157
-170
-179
-189
-190
-188
-191
-186
-185
-169
-162
-156
-144
-135
-117
-114
-93
-75
-54
-37
-21
0
10
27
43
56
58
69
77
84
99
95
97
86
87
94
89
85
74
69
58
50
47
49
48
38
45
48
54
54
56
55
64
72
72
83
91
106
112
123
141
150
155
166
170
173
171
159
152
140
133
127
118
110
92
85
72
70
54
29
15
-6
-20
-34
-43
-61
-72
-81
-86
-96
-101
-97
-101
-94
-98
-108
-105
-101
-100
-103
-95
-104
-100
-98
-105
-99
-103
-95
-103
-106
-117
-114
-113
-123
-124
-131
-129
-128
-125
-132
-136
-137
-127
-117
-112
-97
-99
-84
-72
-50
-43
-46
-24
-8
7
21
44
46
65
83
88
105
94
102
122
125
128
132
131
132
141
142
138
129
118
122
116
115
111
105
98
96
108
102
98
97
88
79
76
68
55
48
43
42
39
26
12
10
2
-11
-23
-37
-47
-57
-63
-82
-83
-96
-110
-101
-109
-112
-118
-124
-131
-133
-143
-146
-145
-146
-145
-140
-129
-130
-130
-123
-107
-102
-99
-83
-71
-54
-48
-33
-26
-13
8
21
39
57
71
80
91
109
112
116
126
125
135
139
145
148
144
152
152
158
152
150
156
145
137
134
122
106
104
102
92
83
78
69
62
63
53
49
40
24
17
6
0
-18
-31
-46
-54
-60
-73
-81
-90
-96
-103
-120
-140
-145
-164
-167
-169
-179
-174
-179
-188
-194
-190
-196
-204
-194
-194
-182
-166
-162
-153
-145
-126
-114
-108
-87
-84
-76
-66
-50
-32
-29
-6
15
25
45
46
50
63
67
78
75
79
82
86
103
112
119
122
139
138
147
150
147
150
154
161
164
166
171
182
173
170
173
174
167
169
164
148
139
127
118
113
112
95
81
68
47
34
20
1
-20
-31
-48
-60
-77
-91
-97
-117
-127
-134
-145
-151
-158
-158
-164
-166
-156
-157
-151
-147
-137
-133
-142
-126
-119
-111
-94
-91
-77
-77
-69
-68
-61
-55
-50
-48
-44
-43
-44
-27
-26
-26
-24
-9
-11
-7
-5
1
9
16
23
25
47
51
66
76
85
97
103
114
118
120
115
117
126
122
126
124
113
101
99
96
82
73
67
58
44
40
25
11
4
-3
-8
-27
-36
-46
-53
-59
-64
-67
-71
-68
-70
-72
-65
-66
-79
-71
-66
-61
-56
-61
-63
-58
-53
-44
-48
-53
-49
-52
-48
-48
-53
-49
-54
-46
-39
-50
-43
-36
-43
-33
-31
-28
-30
-29
-17
-8
-4
-3
7
7
20
27
22
23
36
40
49
53
49
63
63
70
78
91
98
92
98
99
91
84
89
88
80
79
82
72
68
65
58
58
52
47
42
45
37
37
28
18
21
5
3
-3
-12
-16
-19
-15
-16
-11
-16
-15
-19
-22
-20
-29
-25
-23
-29
-28
-36
-32
-37
-34
-29
-36
-39
-49
-52
-57
-60
-65
-67
-69
-72
-71
-78
-79
-77
-92
-96
-91
-95
-87
-92
-91
-77
-80
-80
-74
-73
-61
-52
-47
-42
-33
-16
-16
1
8
15
30
37
41
55
66
62
69
72
78
77
70
71
73
72
70
74
64
69
71
63
69
63
67
64
64
67
66
64
59
58
64
64
60
58
58
63
54
56
56
48
43
35
33
25
18
12
8
0
-13
-17
-29
-29
-34
-43
-59
-69
-69
-81
-79
-84
-86
-82
-85
-88
-82
-84
-81
-78
-72
-64
-67
-47
-54
-47
-39
-39
-35
-36
-28
-27
-20
-15
-11
-10
1
2
6
15
17
11
14
16
15
21
31
24
30
42
41
42
48
56
53
64
61
58
61
66
66
66
71
75
74
70
73
67
72
64
59
50
41
37
20
11
4
-4
-12
-12
-24
-25
-33
-53
-51
-59
-65
-75
-70
-86
-79
-73
-84
-71
-80
-72
-67
-67
-76
-76
-62
-53
-54
-50
-37
-44
-40
-35
-31
-27
-25
-27
-16
-13
-23
-13
-11
-4
-3
0
2
0
3
2
9
16
15
22
31
35
42
43
43
46
46
57
62
64
69
69
65
65
62
58
63
59
53
62
55
50
51
35
42
36
26
20
8
8
-3
-2
-9
-10
-16
-18
-19
-30
-22
-24
-33
-26
-21
-24
-27
-28
-25
-24
-17
-21
-15
-8
-12
-9
-13
-12
-17
-14
-19
-16
-13
-21
-15
-21
-23
-21
-20
-25
-16
-15
-14
-14
-21
-16
-16
-11
-7
-4
-2
-4
-3
9
3
3
20
16
23
21
17
16
15
15
15
17
12
14
6
3
4
-7
-11
-10
-14
-16
-21
-32
-32
-30
-37
-28
-30
-34
-23
-31
-30
-30
-32
-31
-30
-23
-22
-20
-18
-16
-10
-10
-7
-5
-3
1
-1
3
7
4
0
16
20
20
26
24
28
25
25
27
31
33
32
37
40
37
39
35
37
42
40
38
46
42
44
37
35
40
35
34
34
34
28
19
15
11
7
8
0
3
-3
-9
-3
-11
-14
-16
-21
-27
-30
-30
-32
-37
-35
-33
-30
-31
-40
-31
-34
-32
-33
-39
-22
-21
-31
-21
-22
-25
-22
-27
-16
-16
-13
-16
-9
-10
-7
0
-17
-7
-10
-5
-7
1
13
9
9
2
5
5
8
13
15
20
15
19
17
19
27
20
22
18
18
27
18
17
17
20
9
3
12
0
-3
1
-4
-9
-8
-10
-16
-18
-16
-26
-36
-30
-38
-36
-37
-39
-33
-31
-35
-31
-19
-27
-26
-24
-29
-18
-22
-17
-3
-2
-1
-3
3
1
6
8
9
14
8
13
12
15
17
28
25
26
25
32
30
25
36
36
39
33
41
46
42
46
46
46
46
43
44
47
38
43
36
45
39
37
45
36
31
23
24
16
8
4
-3
-12
-16
-15
-28
-22
-24
-33
-35
-44
-43
-53
-50
-55
-56
-54
-61
-56
-57
-59
-59
-60
-55
-53
-49
-53
-47
-49
-45
-41
-42
-31
-33
-37
-30
-26
-22
-21
-15
-5
-12
-8
0
-1
2
8
5
9
9
16
22
25
30
41
34
36
43
52
60
62
69
59
64
68
68
69
73
74
78
69
62
71
59
57
51
50
49
35
37
39
29
12
14
-3
-7
-1
-19
-19
-27
-36
-39
-47
-51
-56
-54
-67
-58
-65
-65
-68
-73
-67
-72
-70
-74
-69
-72
-74
-68
-65
-56
-58
-54
-53
-50
-51
-53
-44
-36
-29
-27
-21
-14
-16
-6
-2
4
10
19
25
25
38
42
44
48
59
62
63
68
76
74
80
94
92
92
102
100
93
95
92
90
84
83
84
85
72
66
68
57
48
47
43
36
26
21
21
10
2
-1
-5
-10
-25
-30
-32
-39
-42
-49
-48
-50
-61
-61
-64
-68
-73
-72
-73
-74
-74
-77
-80
-80
-77
-77
-71
-71
-79
-73
-76
-74
-66
-64
-56
-59
-52
-50
-52
-44
-32
-30
-27
-17
-8
-8
-3
12
16
21
22
34
43
40
50
49
55
62
59
65
68
71
78
76
72
80
77
64
67
76
64
62
60
56
56
53
51
45
35
29
26
23
24
19
19
12
0
5
1
-1
-5
-16
-12
-19
-25
-28
-25
-26
-33
-41
-42
-39
-41
-41
-41
-40
-49
-53
-55
-47
-44
-52
-51
-51
-49
-53
-42
-45
-36
-34
-43
-30
-30
-33
-26
-21
-9
-6
2
5
5
12
4
16
18
29
31
36
48
36
43
46
44
47
47
42
46
44
48
48
44
49
44
41
40
35
37
33
21
30
31
19
24
18
15
17
7
14
6
3
11
0
-1
-1
0
-7
-5
-6
-10
-13
-21
-18
-18
-18
-22
-25
-22
-24
-33
-31
-34
-40
-39
-42
-45
-47
-42
-43
-36
-36
-35
-35
-41
-40
-38
-41
-32
-28
-26
-22
-14
-19
-18
-16
-14
-8
-9
0
-4
2
6
4
5
7
16
9
13
10
9
13
4
10
22
20
15
16
14
13
11
14
17
21
17
15
27
29
22
24
25
25
19
20
33
33
28
33
30
28
28
24
30
35
27
15
22
21
20
13
17
22
10
7
5
3
-2
-4
-2
1
-6
-9
-10
-13
-15
-11
-17
-21
-15
-16
-21
-15
-9
-22
-17
-19
-17
-20
-22
-21
-21
-22
-26
-18
-30
-24
-21
-26
-21
-25
-27
-26
-32
-27
-24
-26
-25
-22
-26
-31
-27
-15
-22
-20
-10
-20
-16
-9
-6
-5
3
0
0
5
2
12
13
18
22
20
19
19
26
19
25
26
28
32
37
29
25
31
25
27
31
35
30
35
32
24
28
29
29
22
28
25
17
17
18
23
14
14
16
12
12
4
11
4
-1
2
-7
-5
-13
-16
-17
-21
-21
-24
-30
-27
-29
-32
-35
-44
-38
-45
-48
-37
-42
-37
-35
-39
-41
-36
-43
-40
-34
-34
-32
-27
-20
-22
-17
-16
-18
-8
-4
-4
6
5
5
13
9
16
21
21
23
21
29
28
27
34
38
33
33
36
42
39
34
42
40
39
42
47
43
41
36
35
27
29
35
31
29
27
22
8
14
4
8
6
6
-6
-15
-7
-12
-23
-23
-24
-32
-37
-40
-36
-41
-47
-50
-52
-49
-54
-49
-54
-45
-48
-55
-49
-48
-42
-46
-42
-43
-31
-31
-26
-31
-29
-25
-24
-16
-17
-2
-4
-7
-3
4
6
9
9
17
23
13
17
25
29
35
25
33
35
34
34
36
50
37
45
47
38
44
42
40
47
46
47
44
40
40
36
26
28
30
19
21
20
8
6
10
7
0
-4
-7
-13
-15
-22
-18
-22
-31
-28
-35
-29
-33
-37
-38
-40
-39
-47
-34
-35
-37
-39
-37
-37
-36
-29
-30
-27
-26
-26
-21
-22
-20
-13
-18
-16
-15
-9
-4
-11
0
-1
1
3
3
9
10
16
11
18
18
16
22
23
31
27
29
26
24
26
27
31
31
34
34
32
27
29
27
22
28
19
26
14
16
15
2
11
8
3
-2
-3
-7
-12
-9
-7
-13
-13
-22
-25
-20
-23
-17
-18
-20
-24
-24
-28
-32
-28
-19
-28
-23
-21
-23
-22
-17
-23
-27
-17
-22
-25
-21
-14
-15
-12
-8
-6
-13
-15
-10
-15
-4
-5
-9
1
7
6
-1
4
8
0
14
16
14
20
20
19
17
24
21
25
31
20
24
29
23
25
26
19
32
26
24
30
22
22
16
16
16
14
