-56
-40
-12
5
-2
-21
-20
-2
7
-1
-1
17
24
5
-24
-31
-14
4
9
1
-10
-15
-7
13
25
18
-3
-12
0
18
25
16
4
0
6
11
13
16
29
43
49
44
37
37
38
32
20
13
14
17
13
5
2
10
23
31
34
27
13
0
-3
1
6
6
1
-6
-21
-37
-46
-46
-38
-24
-7
1
-4
-7
5
17
8
-16
-24
-9
5
-2
-11
-2
13
12
-8
-22
-14
1
6
2
-1
0
-1
-5
-1
10
15
5
-1
5
10
-4
-20
-13
15
33
25
9
0
-2
2
17
33
32
16
4
7
5
-5
-12
-3
9
14
13
11
10
12
18
19
11
3
11
25
21
-4
-23
-16
3
10
5
3
11
20
19
9
2
9
25
34
28
16
11
19
25
17
0
-10
-1
12
14
2
-3
12
31
29
3
-20
-20
0
15
10
-7
-14
-5
5
-2
-22
-25
-7
8
5
-9
-18
-21
-22
-21
-13
-5
-2
0
3
6
8
13
17
9
-1
2
13
16
8
3
6
8
2
-4
-6
-8
-15
-27
-37
-39
-29
-12
-4
-9
-11
2
19
23
15
5
0
0
9
20
17
3
1
16
27
18
7
9
11
0
-9
3
23
28
15
1
-7
-4
4
12
8
-4
-8
-6
-11
-25
-32
-29
-26
-27
-25
-18
-23
-42
-51
-47
-47
-54
-46
-16
6
-2
-26
-34
-21
-2
15
30
43
43
28
6
-14
-20
-8
11
17
8
-3
-10
-11
-8
6
20
21
12
10
19
23
15
5
7
11
8
3
8
17
16
4
-1
3
4
-1
-3
5
16
12
-12
-48
-73
-67
-32
2
7
-7
-8
5
8
-1
0
16
20
-2
-20
-11
10
18
13
8
5
3
14
38
55
49
31
20
15
7
3
11
25
31
23
15
18
32
44
42
28
25
37
47
35
19
13
13
6
-5
-11
-18
-21
-1
28
17
-33
-61
-30
5
-22
-77
-88
-54
-34
-36
-26
-8
-19
-46
-47
-22
-16
-35
-37
-17
-12
-32
-41
-25
-8
-1
6
17
23
24
38
59
61
38
11
-1
0
12
29
43
47
44
28
-5
-40
-43
-9
26
32
17
-6
-31
-40
-17
22
32
7
-15
-13
-13
-23
-24
-5
5
-5
-2
22
32
13
-5
-3
-1
-12
-7
23
41
12
-31
-43
-22
-1
12
27
38
28
7
-8
-10
-6
3
15
21
13
2
1
10
18
16
3
-18
-37
-37
-18
3
12
15
14
1
-25
-43
-30
9
39
39
17
0
0
-1
-5
3
32
67
73
50
30
31
41
44
43
48
52
50
48
57
65
56
34
10
-6
-7
8
30
28
-11
-54
-60
-36
-17
-16
-17
-16
-29
-52
-51
-19
13
13
-1
-2
4
-9
-39
-62
-64
-59
-51
-40
-28
-30
-46
-65
-76
-79
-77
-74
-72
-62
-40
-16
-9
-25
-44
-55
-70
-90
-98
-74
-29
8
16
0
-25
-31
-10
19
29
16
2
-1
-2
-9
-9
3
16
6
-29
-67
-88
-80
-43
11
54
64
43
12
-7
-11
-13
-17
-21
-13
2
9
16
36
70
103
124
130
111
73
53
78
121
134
127
141
168
153
96
62
89
130
132
106
82
63
47
53
84
98
77
61
83
111
104
72
55
52
37
6
-27
-54
-76
-80
-66
-54
-65
-92
-114
-125
-120
-102
-87
-95
-114
-110
-79
-49
-42
-47
-50
-58
-79
-105
-118
-115
-97
-76
-70
-82
-91
-79
-55
-46
-50
-48
-38
-38
-47
-49
-34
-17
-23
-49
-72
-73
-54
-45
-53
-46
-1
41
22
-40
-68
-37
-12
-31
-52
-33
-8
-28
-75
-97
-84
-63
-41
-15
3
5
16
46
60
33
-6
-18
-12
-17
-22
-5
12
7
7
40
67
28
-48
-74
-31
6
-13
-46
-32
9
11
-41
-91
-86
-30
17
13
-27
-48
-24
12
17
-15
-57
-82
-84
-66
-37
-14
-8
-7
1
8
3
6
36
74
73
19
-39
-48
-6
48
71
61
44
42
53
58
58
70
108
151
169
154
131
122
128
137
146
164
181
167
119
87
112
165
180
152
143
174
177
109
32
31
81
92
48
20
39
50
18
-21
-28
-18
-19
-28
-41
-70
-107
-109
-72
-41
-47
-55
-37
-16
-28
-54
-65
-60
-57
-50
-30
-24
-48
-72
-63
-41
-40
-44
-4
67
103
65
6
-7
23
35
-5
-64
-87
-62
-27
-18
-25
-27
-26
-36
-41
-12
45
81
61
14
-5
28
76
88
48
-14
-54
-56
-37
-14
4
16
23
35
48
47
22
-3
-3
11
8
-10
-8
24
62
89
107
108
78
31
2
-2
-8
-16
7
51
54
2
-48
-45
-12
10
28
52
55
24
4
27
52
32
-11
-22
-14
-33
-64
-48
17
63
43
-7
-42
-57
-71
-82
-78
-51
-14
15
25
24
37
69
91
74
27
-5
5
52
106
131
112
72
60
99
158
187
169
122
80
57
58
67
66
59
65
87
97
79
47
25
14
-3
-27
-37
-24
-4
-9
-39
-63
-53
-17
11
13
2
-2
7
33
70
94
83
50
32
30
3
-51
-81
-62
-43
-63
-90
-85
-78
-120
-182
-195
-153
-114
-98
-78
-49
-36
-41
-33
-12
0
5
33
70
66
25
9
31
33
-25
-94
-116
-102
-102
-107
-85
-44
-32
-65
-99
-91
-62
-56
-81
-103
-94
-71
-65
-77
-85
-87
-107
-148
-179
-175
-159
-148
-132
-107
-100
-125
-150
-139
-113
-110
-126
-131
-116
-93
-64
-35
-39
-93
-145
-135
-80
-52
-74
-104
-107
-103
-110
-105
-75
-40
-26
-24
-15
-3
-4
-8
-5
-1
-12
-35
-51
-48
-38
-32
-28
-15
2
-7
-50
-96
-99
-55
1
48
100
158
191
167
106
62
66
105
134
125
88
63
83
126
148
132
110
116
135
124
66
0
-27
-6
32
53
64
81
92
54
-24
-69
-32
40
69
48
26
14
-32
-111
-144
-78
33
97
93
73
81
98
80
29
-22
-47
-53
-65
-73
-50
-7
5
-35
-71
-39
34
66
38
13
45
98
103
49
-5
-2
41
55
16
-11
31
85
41
-85
-141
-54
50
30
-46
-24
77
84
-48
-157
-118
-9
48
65
110
149
99
-16
-90
-79
-32
5
35
54
36
-5
-23
-7
2
-22
-55
-68
-66
-51
-16
27
37
4
-21
-2
30
31
15
44
108
131
75
8
21
114
201
216
171
114
73
50
47
62
79
68
17
-38
-54
-8
76
152
196
198
161
102
68
101
176
206
135
1
-109
-139
-98
-19
67
124
121
47
-88
-230
-288
-208
-61
-2
-92
-217
-245
-190
-136
-82
38
188
238
144
23
-7
51
118
146
133
99
85
116
153
135
82
61
60
-16
-162
-239
-166
-45
-10
-51
-92
-142
-238
-322
-288
-158
-44
13
66
133
175
190
217
228
163
61
45
146
243
253
232
236
205
87
-35
-47
19
46
15
-1
9
-27
-120
-183
-166
-125
-116
-109
-70
-38
-59
-117
-172
-233
-305
-346
-315
-255
-225
-208
-139
-34
29
25
12
22
22
-12
-44
-43
-44
-84
-126
-116
-73
-49
-44
-27
-19
-73
-174
-228
-180
-105
-107
-186
-236
-189
-94
-46
-59
-58
8
90
123
120
141
186
191
145
117
160
218
202
107
13
-14
16
66
96
94
73
73
118
204
300
367
356
242
77
-26
-14
40
35
-33
-87
-105
-131
-172
-174
-104
-6
55
62
30
-14
-27
19
91
110
60
13
15
21
-1
-1
81
189
217
164
125
145
167
140
84
38
-6
-52
-62
-24
7
-19
-77
-120
-156
-217
-257
-193
-23
150
221
172
48
-79
-129
-36
166
340
363
238
81
5
37
141
247
292
247
139
41
13
61
126
143
97
28
-15
-31
-69
-144
-216
-235
-202
-156
-112
-74
-49
-46
-40
4
60
58
-4
-32
51
188
257
221
153
111
89
67
73
124
158
110
-5
-90
-90
-41
-17
-57
-140
-218
-249
-223
-169
-114
-53
22
72
41
-55
-122
-97
-34
-12
-26
-4
46
47
-25
-80
-49
-2
-43
-133
-118
45
193
158
-32
-197
-247
-237
-224
-161
-27
70
10
-136
-182
-86
-8
-60
-138
-102
7
43
3
12
88
105
14
-61
-36
-3
-50
-85
22
207
281
188
49
-42
-94
-100
-8
137
187
77
-58
-73
14
94
112
73
-17
-102
-78
83
247
268
161
39
-67
-179
-248
-189
-38
63
62
43
56
49
-8
-43
-2
66
89
87
98
98
64
35
48
47
-34
-160
-230
-211
-144
-75
-27
-30
-72
-77
-1
76
64
1
-12
16
-10
-77
-71
19
51
-37
-128
-120
-85
-107
-102
31
190
182
18
-111
-115
-84
-82
-34
89
155
52
-138
-241
-197
-84
9
34
-27
-133
-184
-130
-37
5
5
14
25
-2
-45
-56
-52
-77
-97
-49
26
26
-50
-104
-110
-139
-202
-195
-79
26
21
-25
-4
54
37
-51
-104
-71
2
82
168
213
146
-10
-134
-143
-78
-15
28
62
67
20
-45
-73
-56
-23
7
43
88
119
125
113
103
104
103
76
26
-11
-6
14
2
-52
-101
-118
-112
-97
-65
-19
3
-28
-84
-111
-101
-80
-52
10
101
164
157
108
74
68
50
12
-1
45
102
98
28
-47
-88
-108
-107
-55
42
107
88
27
2
10
1
-23
-11
30
30
-31
-82
-65
-18
-3
-15
-17
-14
-28
-50
-53
-34
-18
-5
3
-15
-76
-124
-89
27
138
172
123
32
-53
-81
-37
34
68
59
52
51
11
-71
-120
-89
-25
-3
-15
-11
3
-8
-30
-8
61
109
101
72
53
34
13
40
123
182
138
17
-79
-98
-68
-21
38
86
73
-6
-96
-132
-110
-71
-45
-44
-58
-70
-75
-86
-110
-111
-56
27
64
39
11
22
31
-1
-37
-15
46
82
82
83
99
98
63
16
-16
-26
-14
14
25
1
-24
-4
37
42
9
-14
-19
-30
-32
27
127
158
85
6
8
49
47
18
22
44
30
-8
-8
14
-10
-69
-76
-7
48
34
4
12
22
-14
-64
-54
2
41
42
42
48
16
-64
-128
-113
-37
37
71
78
68
26
-51
-113
-103
-20
70
101
65
-3
-71
-125
-142
-109
-41
7
4
-34
-59
-46
1
52
82
78
45
-7
-58
-81
-60
-6
31
25
5
7
17
1
-39
-61
-40
1
36
66
85
78
40
1
-12
4
24
30
10
-43
-102
-108
-43
37
56
6
-58
-84
-69
-39
-5
29
48
40
15
-6
-10
-4
-1
-4
-16
-35
-55
-52
-16
28
38
4
-33
-41
-29
-18
1
43
79
57
-13
-65
-54
-10
16
20
22
21
4
-21
-22
1
24
28
26
35
50
56
48
42
41
31
7
-10
-2
14
-1
-38
-46
-8
33
28
-2
-11
-8
-36
-83
-84
-20
47
63
44
23
-3
-42
-57
-11
65
103
89
60
46
39
24
11
11
23
38
47
45
29
18
14
-1
-41
-79
-76
-36
6
35
65
92
85
30
-40
-78
-75
-47
-10
22
27
-9
-68
-110
-105
-64
-20
1
-2
-19
-38
-49
-35
10
67
94
80
46
18
-1
-19
-31
-32
-24
-11
6
14
-2
-32
-43
-27
-16
-38
-64
-52
-19
-13
-40
-53
-30
0
-1
-20
-22
2
29
37
18
-16
-46
-52
-39
-22
-19
-22
-12
13
37
46
42
34
32
32
20
-7
-32
-39
-30
-15
2
10
-10
-52
-79
-57
-8
27
28
12
-5
-24
-41
-31
4
38
47
34
10
-13
-25
-11
19
43
50
41
24
-5
-31
-32
-4
33
58
73
76
57
17
-16
-19
8
46
78
87
60
14
-20
-20
-4
3
-2
-12
-24
-36
-38
-30
-25
-31
-34
-16
10
19
7
-6
-5
9
22
26
14
-13
-44
-59
-48
-12
27
50
45
21
-3
-22
-33
-28
3
47
67
39
-21
-73
-95
-83
-39
14
50
46
10
-33
-59
-57
-29
10
36
36
15
-11
-33
-39
-22
8
26
27
28
41
49
34
4
-22
-37
-40
-28
5
44
64
54
23
-8
-21
-15
-1
3
-1
0
10
8
-11
-26
-24
-11
2
20
45
53
29
-5
-12
4
13
-1
-16
-21
-17
-11
-4
-2
-14
-28
-28
-17
-18
-29
-29
-7
15
15
2
-3
3
6
2
-1
-7
-15
-21
-17
-5
4
-2
-19
-32
-28
-6
19
30
23
12
9
16
25
25
13
-3
-15
-21
-29
-39
-44
-44
-42
-38
-26
-16
-20
-36
-43
-32
-20
-22
-24
-7
20
32
18
-2
-9
-3
15
38
47
32
10
4
11
10
0
0
16
26
14
-9
-22
-22
-19
-11
2
8
-5
-32
-50
-44
-15
20
39
34
8
-20
-35
-33
-18
8
29
29
13
-4
-5
2
8
12
20
24
13
-12
-29
-23
3
35
56
51
24
-11
-39
-52
-48
-28
-2
17
21
11
-7
-29
-45
-44
-24
3
20
22
16
7
-5
-20
-28
-27
-19
-11
-8
-9
-8
-2
3
2
-1
-1
1
0
-5
-7
-5
-1
4
13
28
41
43
34
17
-2
-16
-14
1
15
15
2
-7
-8
-6
-8
-15
-26
-33
-26
-7
12
17
11
6
8
9
8
7
8
11
16
20
20
9
-11
-29
-38
-35
-17
10
33
36
20
-4
-19
-26
-24
-16
-4
3
1
-5
-10
-15
-18
-14
4
27
39
34
16
-6
-23
-32
-27
-10
17
39
47
37
18
4
0
4
11
15
16
19
21
22
9
-10
-22
-17
-4
3
1
-1
4
7
-1
-9
-8
3
17
29
37
37
25
11
4
1
-1
-3
0
7
10
11
14
16
13
2
-12
-24
-26
-18
-4
8
10
4
-3
-5
-1
4
5
1
-2
-5
-5
-7
-12
-15
-13
-9
-4
0
1
-1
-5
-7
-7
-6
-2
2
6
7
7
6
6
4
-1
-5
-7
-4
1
7
8
0
-11
-17
-13
-7
-8
-17
-26
-29
-25
-15
-1
10
13
7
-2
-10
-12
-7
3
12
13
6
-6
-14
-15
-10
-4
4
8
6
-3
-14
-23
-22
-10
5
11
1
-15
-29
-29
-15
2
12
10
-1
-13
-22
-20
-8
11
29
38
32
18
3
-9
-12
-12
-9
-3
3
10
9
1
-7
-8
1
15
27
28
19
6
-5
-7
-4
3
8
8
0
-14
-27
-32
-23
-10
1
5
2
-2
-1
0
2
3
4
8
13
13
8
0
-6
-6
-3
-1
-1
-4
-8
-12
-12
-6
5
19
29
29
15
-1
-8
-4
3
8
5
-4
-13
-16
-15
-15
-16
-20
-21
-16
-9
-2
4
6
7
6
2
-2
-3
-1
2
3
2
6
16
25
24
14
0
-11
-18
-19
-13
-1
12
22
27
24
10
-4
-11
-8
-2
5
12
15
7
-7
-17
-17
-12
0
10
13
-1
-21
-31
-26
-16
-5
8
19
15
-4
-22
-25
-19
-6
17
39
42
16
-12
-16
1
14
15
7
2
-1
-2
-2
-2
-1
3
2
-8
-15
-8
0
-5
-9
2
10
-6
-27
-24
-7
-2
-3
8
20
16
9
9
1
-20
-18
19
41
17
-25
-38
-28
-6
31
56
36
-7
-9
25
30
-4
-9
28
39
2
-25
-13
-2
-9
-10
1
0
0
15
11
-29
-51
-8
39
28
-8
-14
-20
-54
-60
-1
44
11
-33
-16
17
12
12
56
79
32
-24
-26
-12
-15
-5
24
8
-55
-75
-17
39
37
14
10
12
26
58
59
-10
-71
-40
26
29
-12
-27
-44
-99
-111
-19
80
78
32
32
27
-34
-54
32
107
63
-11
-13
-7
-56
-67
15
66
5
-49
3
53
6
-53
-35
-2
-4
11
41
-2
-82
-59
43
51
-38
-43
46
41
-88
-137
-23
93
101
71
38
-45
-121
-65
68
104
29
-20
-16
-42
-71
-19
57
46
3
39
79
10
-82
-39
73
79
-11
-47
0
29
8
-28
-76
-127
-110
-6
82
65
-18
-85
-96
-33
91
173
129
37
21
37
-30
-114
-78
25
20
-81
-120
-67
-28
-17
50
151
183
145
95
20
-87
-111
23
170
137
-27
-116
-59
5
-87
-324
-470
-270
208
525
383
37
-89
-9
-19
-103
6
253
326
219
203
227
-6
-373
-380
7
245
46
-251
-308
-171
87
501
813
587
-79
-511
-360
12
205
261
283
140
-140
-204
64
254
-5
-477
-586
-90
683
1110
780
-102
-826
-838
-248
392
624
293
-463
-1173
-1283
-714
53
564
755
651
183
-462
-786
-503
216
1079
1757
1683
513
-1080
-1845
-1383
-472
125
366
368
109
-125
58
317
-92
-951
-1087
-45
1258
1756
1173
-262
-1814
-2068
-302
1843
1810
-450
-2281
-2031
-949
-625
-614
85
908
712
-271
-934
-888
-440
230
890
1067
784
678
827
501
-365
-731
-176
307
61
-94
520
1046
590
-97
143
858
715
-349
-1082
-769
49
598
690
491
81
-570
-1372
-1888
-1440
158
1999
2611
1263
-1345
-3425
-3213
-533
2466
3117
1295
-548
-915
-949
-1471
-800
2072
4237
2280
-2273
-4614
-3239
-1101
-255
496
1851
2083
547
-361
1042
2879
2843
1645
1011
537
-843
-2017
-1173
923
1685
280
-1542
-1846
-279
2093
3485
2504
-188
-2030
-1396
489
1489
1281
832
294
-710
-1423
-696
687
438
-1991
-4150
-3499
-495
2207
2869
1892
334
-1313
-2457
-1909
630
3203
3308
1009
-1164
-1604
-1231
-1115
-593
809
1461
-155
-2551
-2976
-1321
156
473
622
847
155
-1075
-952
582
1129
-206
-1080
86
1187
-3
-1771
-1181
864
935
-1285
-2430
-756
1390
1409
-85
-1040
-958
-521
26
498
135
-1115
-1672
-216
2217
3296
2038
-582
-2991
-3983
-3028
-732
1340
2130
1928
1230
-235
-2340
-3453
-2057
922
2838
2371
739
-129
318
1103
980
-338
-1855
-2286
-1488
-438
188
487
197
-1332
-3300
-3261
-316
2874
3220
1302
142
642
901
-36
-508
779
2445
2476
1041
-181
-448
-371
-475
-574
-495
-486
-738
-843
-132
1290
2053
885
-1320
-1955
-62
1931
1304
-1123
-2247
-1128
232
435
303
447
-7
-1070
-857
1367
3292
2758
953
201
369
6
-506
95
974
374
-964
-780
746
1322
579
303
581
-468
-2504
-2440
542
2978
1827
-1716
-4658
-5566
-4076
-198
3987
4927
2026
-1153
-1842
-1276
-1052
124
3133
5181
3496
-102
-1957
-1780
-1462
-719
1793
4415
4020
1163
-501
86
274
-1265
-2316
-1119
703
859
-395
-1364
-1417
-1085
-961
-1415
-2320
-2679
-1654
-18
801
869
1217
1486
274
-2089
-3384
-2549
-879
180
523
390
-135
-349
463
1499
1379
507
428
1092
1119
508
427
609
-113
-987
-353
802
11
-2062
-2354
-903
-852
-2225
-1095
3228
5560
2337
-2947
-5210
-4422
-3036
-913
2537
4492
2231
-1587
-2185
254
1616
877
833
2022
1324
-2048
-3901
-931
4119
6037
3655
72
-2084
-2717
-2230
-331
2478
4154
3049
-110
-2910
-3569
-2218
-239
1175
1701
1387
32
-2209
-3822
-2919
124
2314
1467
-1075
-2551
-2382
-1737
-586
1977
4774
4934
1993
-905
-977
1084
2909
3419
2786
1171
-1012
-2578
-2492
-905
1036
1881
651
-2043
-3908
-3140
-427
2099
3205
2740
740
-1961
-3233
-1788
829
2075
1460
302
-479
-688
-97
944
1171
44
-1445
-2442
-2988
-2483
42
3209
3893
1778
15
53
-230
-1576
-1203
1847
3892
2448
451
916
1721
-13
-2315
-1946
-230
-408
-1835
-1649
-75
551
270
770
1542
714
-1318
-2385
-1765
-270
1659
3490
3628
1277
-1870
-3675
-3963
-3426
-1931
350
1881
1609
529
14
-39
-272
-548
-616
-765
-1028
-956
-600
-442
-276
377
884
197
-1224
-1993
-1942
-1765
-944
1560
4612
5359
2864
-713
-3006
-3618
-2988
-1145
1266
2225
280
-3217
-5074
-3661
-488
1881
2525
2025
714
-1154
-1998
-123
3233
4509
2371
-674
-2128
-2211
-1500
836
4260
5528
2915
-826
-2442
-2409
-2444
-1846
239
1706
492
-1559
-1545
-98
474
452
1291
1945
550
-1797
-2573
-1780
-1089
-608
309
673
-538
-1912
-1592
-201
742
1350
1855
895
-1851
-3682
-2459
19
1026
877
955
453
-1483
-2718
-1031
1779
2318
642
-590
-565
-444
-234
903
1924
849
-1821
-3451
-2880
-1245
404
1858
2411
1309
-392
-629
779
2006
2052
1703
1453
646
-643
-946
260
1257
519
-920
-1117
-179
259
-138
-98
775
1244
623
17
463
1204
967
29
-214
643
1419
911
-636
-1904
-2080
-1671
-1491
-1266
-242
955
668
-971
-1508
247
2065
1704
501
841
1808
862
-1303
-1583
190
931
-357
-1114
-93
373
-1265
-2752
-1687
704
1912
1841
1730
1369
27
-1252
-805
934
1904
1091
-838
-2907
-4212
-3580
-707
2508
3361
1300
-1699
-3621
-3917
-2562
397
3516
4036
1018
-2703
-3525
-1322
1183
2467
3129
3115
1226
-1819
-2857
-470
2657
3352
1887
410
-547
-1608
-2097
-694
1958
3478
2531
64
-2106
-2930
-2489
-1442
-205
1125
1875
835
-1724
-3275
-2021
473
1620
1450
1336
746
-1303
-2805
-923
2994
4736
3331
1666
1251
859
482
1848
4210
4221
1145
-1817
-2442
-1867
-1168
332
2170
2082
-242
-2145
-2019
-1240
-1097
-937
-439
-602
-1369
-1093
501
1407
403
-1292
-2236
-2468
-2252
-1221
429
1546
1513
918
449
228
278
605
905
947
916
809
188
-923
-1778
-2072
-2318
-2617
-2273
-1164
-207
26
-50
-156
-697
-1887
-3460
-5183
-6556
-6400
-4127
-1024
1055
1637
1099
-535
-2637
-3296
-1687
203
330
-440
-278
455
525
522
1364
1770
267
-1693
-1667
57
1582
2739
4191
4679
2633
-476
-1723
-933
-273
-405
-152
547
386
-699
-1292
-957
-722
-1008
-947
27
1289
1923
1660
943
487
535
444
-351
-1182
-982
-35
537
751
1496
2452
2264
905
-117
-124
81
134
631
1459
1555
863
660
1448
2138
1810
794
-310
-1191
-1160
465
2824
3798
2484
295
-914
-860
-518
-643
-1254
-2131
-3155
-4080
-4291
-3279
-1546
-526
-1010
-2091
-2411
-1919
-1373
-694
648
1918
1612
-176
-1517
-1194
-51
590
459
-165
-1166
-2206
-2647
-2329
-1600
-568
731
1510
906
-444
-873
97
1382
2282
3154
3719
2593
-440
-3188
-3515
-2049
-1070
-1432
-2096
-2272
-2334
-2408
-1622
431
2431
2555
706
-1280
-1589
-119
1760
2714
2484
1619
586
-471
-1093
-420
1568
3322
3345
2282
2063
2992
3369
2322
1152
932
661
-688
-1893
-1223
633
1466
795
225
758
1634
1948
1912
2121
2687
3406
4012
4155
3646
2740
1847
1237
1213
1931
2803
2863
2110
1583
1723
1688
820
-269
-747
-700
-580
-497
-587
-1095
-1610
-1263
-176
441
73
-452
-613
-1068
-2152
-2845
-2217
-810
306
878
1022
456
-824
-1830
-1603
-545
76
-339
-1261
-1844
-1710
-1145
-898
-1592
-3032
-4227
-4360
-3577
-2662
-2094
-1826
-1927
-2833
-4512
-5831
-5632
-4376
-3699
-4191
-4752
-4577
-4343
-4619
-4563
-3513
-2552
-2839
-3392
-2486
-545
371
-333
-1148
-909
-179
106
-4
165
1030
2448
3818
4600
4988
5588
6323
6580
6497
6790
7157
6575
5486
5644
7124
7810
6782
5794
6147
6633
6191
6050
7310
8703
8882
8716
9182
9196
7901
6909
7670
8586
7496
5297
4296
4546
4659
4801
5930
7214
7184
6543
7006
8203
8467
7906
7844
7914
6686
4693
3819
3907
2991
874
-646
-1264
-2671
-5006
-6165
-5787
-6682
-10473
-14726
-16724
-17608
-20026
-23623
-26013
-27015
-28582
-30978
-32188
-31335
-29863
-28702
-26788
-23371
-19605
-16687
-14095
-10880
-7316
-4253
-1983
-561
-60
129
889
1772
1416
120
2
1763
3487
3940
4723
7264
9904
10392
9560
9755
10898
11048
10057
9530
9360
7408
3230
-572
-1758
-1176
-857
-1007
-340
1641
4114
6357
8605
11433
14899
18489
21657
24182
26039
27155
27556
27569
27394
26583
24595
21926
19929
19186
18765
17459
15132
12498
10255
8860
8459
8520
8137
7156
6419
6450
6672
6377
5705
5042
4289
3319
2353
1189
-1017
-4384
-7725
-10262
-12908
-16703
-20994
-24533
-27360
-29987
-31653
-31448
-30475
-30599
-31260
-29921
-25926
-21528
-18524
-16073
-12903
-9591
-7257
-5660
-4193
-3478
-4262
-5604
-5848
-4951
-4330
-4596
-4735
-3564
-1031
1994
4477
5864
6581
7732
9655
10970
9800
5850
666
-4123
-8183
-12200
-16836
-22048
-26928
-30136
-30852
-29420
-26845
-23667
-19475
-13543
-5903
2112
8625
12946
16319
20269
24390
26753
26498
24810
23118
21705
20492
19712
19115
18018
16941
17507
19715
21150
20317
18837
18652
19006
18250
16646
15018
12574
8785
5428
3710
1511
-2863
-6434
-5579
-2361
-1493
-2406
-451
4602
7986
8308
9635
13773
17238
18137
19459
22564
23843
21523
19711
21380
22997
20755
16979
15439
15018
12980
9979
7018
2182
-4579
-8530
-7701
-8042
-14560
-22429
-24401
-22359
-23112
-26633
-27637
-25937
-25637
-25856
-22048
-15812
-13630
-15524
-14355
-7752
-1862
-1124
-2376
-1780
-239
846
2647
4914
4890
2789
2731
5900
8314
7628
6622
7593
8804
8889
9367
10109
7854
2260
-1770
-1262
-53
-2877
-8622
-13138
-15293
-16637
-17849
-18791
-19953
-21181
-20821
-18071
-14282
-10664
-6873
-2916
147
2456
5673
10022
13585
15416
16689
17981
18160
16852
15353
14299
12863
10730
8484
5899
2507
-344
-931
-407
-1301
-3042
-2714
-343
649
-1120
-2982
-2720
-1514
-1094
-1116
-909
-1152
-2192
-2700
-1375
1305
3817
5215
5951
7754
11841
16437
17812
15248
12868
14318
17800
19038
17195
14727
13085
11838
10812
9993
8337
5459
3426
4286
6777
7606
4994
-354
-6165
-9633
-10031
-10864
-15965
-23037
-25948
-24316
-24449
-28729
-31387
-28498
-24499
-23500
-21581
-14648
-7197
-5137
-5373
-1325
5480
8260
6379
5239
6840
8321
8419
8383
7923
6415
6095
8419
10093
8382
6604
8243
10099
8310
6177
7764
8722
3180
-4574
-6158
-3694
-6609
-15523
-21243
-19953
-17943
-19652
-21470
-20052
-17668
-16169
-13356
-8321
-3941
-1520
1492
6594
11890
15572
17366
16801
14501
13912
16631
18024
13456
6566
4282
5739
4129
-1666
-5802
-5672
-5161
-6875
-8500
-8219
-7386
-6656
-4839
-2375
-1288
-1693
-2305
-3223
-4346
-3565
-833
-429
-4034
-6051
-2146
2669
2160
-38
3295
10048
12669
11585
13608
18954
21146
19083
18331
20337
20462
17265
14437
13136
11109
9344
10919
13660
12603
9148
8995
12000
13079
11786
11457
10524
5137
-1193
-2045
-1055
-7912
-21364
-29378
-27871
-26208
-30801
-32768
-32768
-29140
-24639
-19789
-13025
-7000
-3380
556
6419
11708
14579
15795
15020
11654
9237
11362
13730
9313
1018
-1192
3801
6566
3081
562
3926
7931
7787
7178
9668
11080
6957
460
-3247
-4733
-7528
-12527
-18865
-25599
-30097
-29806
-27073
-26529
-27213
-24186
-18120
-14797
-14185
-9620
6
7173
8202
9021
14055
18757
18652
17156
18072
17911
12651
5960
3684
4795
4140
599
-2944
-4853
-5595
-5727
-6132
-7702
-9087
-8063
-6092
-6951
-9978
-10343
-7363
-6028
-8054
-8432
-4341
-665
-1887
-4411
-2556
2479
5479
5756
7204
11601
16603
19681
20720
21089
22123
24001
25276
24540
22536
20789
18833
15515
12226
11187
11163
9215
6390
6623
9710
10892
8694
7631
10688
14011
12401
6564
1610
507
1481
449
-5275
-14264
-21496
-23389
-22126
-22727
-26414
-29682
-29229
-24612
-16893
-8520
-3662
-4017
-4629
971
11043
16460
12574
5098
1925
3698
5433
3891
117
-2987
-3010
409
4626
6122
4657
3474
4785
7267
8699
8499
6769
3399
-672
-3654
-5623
-8942
-14858
-21515
-26345
-28633
-28863
-27420
-24877
-21898
-18032
-12277
-5516
-522
1468
2476
4853
7985
9303
7775
5097
3591
3810
4371
3830
2299
957
291
-227
-610
219
2642
5082
5717
4812
4176
4607
5105
4645
3692
3412
3867
3661
1701
-1137
-2823
-2744
-2334
-2570
-2074
842
4971
6921
5142
1895
784
3089
6758
8531
7219
5163
5865
9838
13946
15517
15530
16358
17980
18560
17655
16501
15707
14980
14741
15744
17145
17045
15168
13285
12714
12649
11047
6547
108
-4836
-5587
-4391
-6966
-14944
-22558
-23722
-20062
-18215
-20863
-24481
-25081
-22341
-18223
-14655
-12599
-11175
-8243
-3643
-394
-676
-2602
-3285
-2922
-3294
-4534
-5936
-7454
-7997
-5410
-592
2153
1732
2857
8587
15007
17410
16909
16324
14390
9352
3700
-209
-4953
-12955
-20792
-24167
-24520
-25498
-27020
-27721
-28591
-29242
-25839
-17943
-11709
-10717
-9579
-2791
6090
10576
10769
10174
8774
5990
4830
6323
5646
603
-2202
2714
9628
9775
4680
2756
6312
9936
9321
5011
-383
-3603
-2002
2530
4277
1482
-1174
-631
73
-1159
-1020
2097
3673
1216
-110
3753
7899
6453
2735
3571
7749
8343
4132
1042
2719
5879
6043
3854
4069
9551
17220
20878
18770
16203
18107
21774
21559
18333
17779
20468
21005
17388
13829
12820
11361
7297
3012
393
-2012
-4440
-4549
-3156
-5288
-12191
-18016
-18119
-15617
-15842
-18916
-21625
-22529
-21655
-18993
-16234
-15896
-16205
-11980
-3417
2010
219
-3148
-1804
2136
3838
4211
5968
6992
5129
4293
7789
10578
6921
1266
2067
8396
12401
12088
11822
12323
9842
3961
-2221
-8005
-14127
-19338
-24478
-32768
-32768
-32768
-8702
13318
6577
-20334
-32768
-27531
-13227
-8715
-7375
1522
12871
15099
7564
-735
-2561
2702
9395
8717
-1876
-12502
-11578
-1160
7015
8144
6826
5566
2544
-394
1014
4544
3886
-720
-3500
-3114
-2622
-1885
990
3407
2119
-99
236
-41
-4392
-8399
-7181
-5162
-8535
-13300
-11062
-2495
4297
5299
3009
1441
4359
12993
21086
19785
11474
9068
17097
25061
25447
25274
31151
32767
25538
5741
-9779
-9303
7673
28305
31839
9750
-18276
-23436
-4536
11971
10876
5080
7064
7794
-2355
-12831
-10753
-3562
-5836
-15611
-20899
-20177
-20223
-21007
-17731
-12618
-11448
-12243
-8494
-457
5761
7396
6194
4061
3195
5968
9717
7470
-1076
-5976
-381
9274
13116
11458
10974
12935
13819
13492
14198
14089
9898
4066
1294
-545
-7677
-18861
-25289
-23618
-20996
-23987
-29701
-32141
-30855
-27958
-22288
-13256
-6284
-6675
-10246
-7684
2256
10867
11357
6390
2388
1697
2556
2842
1666
-187
-366
2326
5227
4585
901
-1500
-543
969
-262
-3338
-4478
-2126
946
1438
229
634
2031
-187
-6195
-9073
-5330
-2154
-6756
-13710
-12495
-3894
1840
835
-1456
-1644
-1410
122
5773
12368
14105
13212
16624
23458
27000
27208
29185
31216
27381
20543
19403
23445
23533
16779
9377
6425
9045
16814
22341
11854
-14570
-32721
-21991
4881
19353
16024
11546
11633
5692
-7453
-14824
-12994
-13398
-19937
-22287
-16310
-11855
-14710
-17678
-14989
-10477
-6776
-400
7877
10504
5481
397
564
2541
2073
14
-1598
-2244
-880
2753
5384
4379
2745
4576
8466
11007
13081
16408
17513
11905
1854
-5916
-8617
-9276
-12075
-18795
-27676
-32768
-32768
-32768
-32768
-32768
-32687
-24402
-15879
-11920
-11501
-10636
-6492
619
6088
4394
-2639
-5430
532
7181
6064
1788
4046
11482
14401
10244
5318
2906
475
-1859
-510
3165
2919
-2306
-6349
-5684
-4118
-5520
-8226
-9390
-9654
-10488
-10994
-10277
-9714
-10088
-9219
-5502
-1451
-139
223
3724
9462
11956
9677
7853
10643
15747
19722
23096
26371
26958
25017
26039
31604
32767
30636
26795
28150
24899
6200
-18156
-25687
-10197
10254
14967
26
-22813
-32768
-29677
-6731
13445
17305
10865
6875
5817
1198
-4441
-4018
-1100
-5036
-14211
-18587
-16080
-12737
-9792
-4342
323
-838
-2627
3765
14161
15662
6691
-606
1526
7711
9961
7188
2971
1235
4404
10442
13151
9842
5600
5790
8854
10967
12523
14981
16228
13794
8209
-116
-12030
-24811
-32204
-32285
-29930
-29544
-30760
-31935
-31697
-27181
-17666
-9285
-8569
-12437
-12482
-7422
-2577
767
5522
10060
9659
5844
4792
7495
10290
12854
16356
16632
9559
666
-1264
2185
2602
-483
-130
3918
3671
-3721
-11529
-14191
-13768
-13877
-14515
-14575
-13707
-10816
-5641
-1689
-2638
-6174
-6195
-1023
4830
6930
5329
3026
3244
7776
15062
20374
20539
17979
17537
20135
22718
24125
26692
30383
29866
21854
12291
9333
9694
739
-20415
-32768
-32768
-26149
-19148
-24138
-29536
-23532
-8124
6812
15219
16938
13893
8466
3172
-369
-1600
-853
-250
-2553
-7123
-9595
-7628
-3848
-1297
-61
67
-1125
-458
6627
17531
22959
19271
13351
11713
12291
10976
8544
6592
3938
1350
2684
7461
9839
8405
8916
13703
16885
14208
9360
6372
3636
-556
-4385
-8138
-15663
-26358
-32768
-31466
-26513
-24474
-25905
-27621
-27019
-23043
-17248
-13752
-13943
-13126
-7283
-17
3038
2900
3765
5171
4924
5340
8558
10091
5580
-368
-781
2568
3675
3482
6572
10280
7636
-747
-7373
-9316
-10172
-11504
-10925
-8870
-9439
-13140
-14951
-11497
-5593
-1842
-902
-40
2576
6040
8726
10470
11668
11196
7698
3168
2249
6585
12540
15948
16509
16361
17444
21434
28602
32767
32767
22724
4178
-13894
-24313
-25787
-26027
-32768
-32768
-32768
-13455
2994
-5945
-24756
-23719
-1299
17168
19739
20185
27386
29345
17353
3291
11
2196
-439
-5784
-7556
-8132
-10959
-10794
-3168
4990
5155
1024
2650
11370
18932
18918
12926
6986
5584
8084
9617
6818
2155
478
2864
6512
8657
8140
5951
6098
11744
18775
18989
11932
6388
7093
7963
2487
-7343
-16843
-24857
-29593
-27315
-20479
-18174
-22958
-26197
-21977
-16090
-14929
-15053
-11160
-5843
-3804
-3652
-2514
-2130
-3891
-3896
959
7044
9009
6245
1236
-3600
-5302
-2148
2449
3417
1839
2949
6628
7315
3398
-1035
-3690
-5601
-5842
-2992
-930
-4293
-9143
-7650
-1205
1382
-1573
-2548
2154
7705
10233
11205
11052
7914
4044
4561
8824
11475
12000
14212
16964
15575
12172
13875
20699
25619
25442
20339
5922
-18816
-32768
-32768
-19460
-16562
-29077
-29182
-4985
15684
7253
-12055
-7719
19156
32767
32767
28251
25811
19481
5970
-2459
-635
-890
-11298
-22123
-23585
-20718
-20352
-17807
-7703
3444
6542
3587
2699
5781
8424
7146
1604
-5888
-10087
-7135
-550
2711
2291
3838
8915
13365
15338
16693
16851
13647
9616
8889
8993
4736
-1282
-1932
1681
914
-7082
-16159
-21276
-23195
-23515
-22998
-23957
-27013
-27469
-21877
-14941
-12534
-12230
-8899
-4744
-4435
-5074
-1160
4523
5100
1189
-1402
-2126
-4354
-6817
-5727
-2724
-2067
-2560
-217
3774
5304
4914
6042
7948
6799
2093
-2890
-5564
-5911
-5910
-8404
-13436
-15916
-11612
-4413
-1464
-2575
-1896
1712
4608
6607
9693
10743
6081
907
2867
8961
10979
10663
15743
24127
26852
24238
24068
26611
26396
24105
20457
6125
-21152
-32768
-21032
10958
16491
-9073
-25309
-6865
22586
31632
24889
23782
28840
26574
16918
9615
4486
-3775
-10032
-6824
-1094
-5522
-18086
-25410
-22681
-16889
-13246
-10387
-7323
-5315
-3841
-1804
-807
-1806
-1865
910
3413
3010
2064
2622
2379
630
2010
8795
15399
16318
14069
13428
13369
11009
8391
8310
7514
1246
-8169
-14064
-15115
-16384
-21305
-27402
-30113
-27831
-23035
-19982
-20588
-22086
-20183
-14467
-8382
-4370
-2236
-1677
-2384
-1961
1683
5933
6176
2815
482
373
-747
-3373
-3493
285
3654
3129
738
-336
-538
-1665
-3235
-3880
-4272
-6385
-10616
-14588
-15030
-11563
-8298
-9297
-12679
-12985
-9528
-7140
-7749
-7764
-5685
-4697
-4661
-6
9808
16351
14706
11606
14374
19737
21112
19519
19601
21650
24488
28754
31265
25630
15083
12855
21209
24000
12165
1719
9046
21133
12803
-13495
-28622
-16269
9429
27412
31995
27697
18435
8569
3050
963
-3041
-8901
-11238
-9792
-10214
-13675
-15134
-12969
-11289
-11541
-10348
-6704
-3451
-1231
1499
2744
-805
-6138
-6581
-1860
2126
2873
2814
2461
619
591
6838
15380
16898
10387
4702
4945
6153
3088
-1963
-4955
-6881
-10567
-15548
-19819
-23080
-25472
-26053
-24622
-22592
-20625
-17604
-13007
-8439
-6034
-6353
-7830
-7704
-4592
-681
509
-859
-956
1837
4712
5526
5901
6892
6076
2244
-1110
-976
26
-2040
-5863
-7016
-4580
-1564
-209
-425
-1839
-4381
-7332
-9789
-11602
-13005
-14320
-15980
-17264
-15828
-11047
-6455
-5064
-3825
1989
9898
12303
7817
3601
4787
8147
8873
7669
7903
10533
14813
20178
25402
29340
32767
32767
32767
24749
12888
10864
19137
24962
20028
11177
8309
9720
6932
-1335
-7694
-6203
1640
9579
11856
7638
2214
1260
3138
1132
-5960
-11391
-10543
-6928
-5010
-3628
-966
-46
-3671
-8390
-9061
-6107
-3520
-2753
-2911
-3976
-5681
-5936
-4050
-2597
-2814
-1729
2403
5760
4668
1978
2458
4676
3312
-2227
-7197
-8790
-8794
-9128
-9441
-9665
-10916
-12949
-13931
-13492
-13266
-13819
-13787
-12863
-12865
-14377
-14650
-11079
-5498
-2503
-3476
-4570
-1782
3536
6321
4390
818
-813
-833
-1485
-2871
-3519
-3411
-3392
-2602
170
2952
2090
-2201
-5295
-4434
-2519
-3698
-7686
-10821
-11172
-10078
-9159
-8091
-5816
-2736
-784
-1255
-2942
-3276
-1588
-41
-203
-79
3109
7885
9445
6299
2975
4245
8949
12135
11970
11560
14012
18461
21936
23313
23915
25056
26330
26275
24080
20683
18324
18312
18885
16448
10137
4147
3381
6937
8421
3657
-4309
-9584
-10582
-10004
-9204
-6731
-2903
-1619
-5045
-9128
-7923
-1572
3386
2203
-2394
-4297
-1911
506
-1002
-5018
-6955
-4944
-1708
-631
-1594
-1760
281
2656
2770
559
-1756
-2640
-2803
-3684
-5520
-7526
-9160
-10200
-10052
-8233
-5587
-3989
-4552
-6822
-9662
-12000
-12825
-11859
-10453
-10273
-10602
-8791
-4354
-558
-227
-1715
-1408
929
2091
323
-2565
-4283
-4684
-4439
-3376
-1563
-344
-618
-1180
-436
873
411
-2412
-5430
-6590
-6514
-7203
-8997
-10208
-9664
-8138
-6713
-5054
-2527
-72
686
-4
23
2005
4566
5345
3603
979
131
2385
6069
7822
6454
4593
5132
7233
7981
7003
6611
7740
8967
9749
11387
13950
15417
15063
14816
15926
17073
17251
17607
18581
18043
14490
9725
6065
3213
291
-1398
-612
730
-103
-2325
-2828
-1192
-580
-3333
-7772
-10010
-8045
-3802
-1284
-2211
-3825
-2538
704
1529
-974
-2076
1916
8038
10600
8328
4362
986
-2030
-4712
-6018
-5815
-5175
-4600
-3813
-3086
-2893
-2625
-1636
-1218
-3405
-7781
-11493
-12788
-12763
-13067
-13428
-12391
-9591
-6311
-4040
-3056
-2545
-1881
-1466
-2043
-3550
-5242
-6683
-7761
-7924
-6563
-4306
-2716
-2296
-1892
-591
894
1378
733
-555
-2469
-5060
-7435
-8305
-7596
-6735
-6932
-7539
-6699
-3757
-479
745
-319
-1723
-2019
-1739
-1817
-1931
-1363
-336
630
1878
3836
5758
6486
6065
5528
5420
5465
5289
4649
3372
1892
1304
2215
4017
5849
7529
9018
9996
10661
11823
13384
13904
12667
10932
10006
9289
7599
5381
4109
4162
4644
4757
4245
3075
1711
1123
1597
2156
1941
1422
1509
2218
2903
3041
2246
569
-715
36
2432
3950
3204
1844
1954
3028
3196
2316
1902
2504
3078
2848
2240
1775
1288
576
-160
-890
-2068
-3952
-6028
-7481
-8097
-8392
-8864
-9304
-9049
-7892
-6429
-5344
-4695
-4199
-3919
-4115
-4658
-5172
-5670
-6455
-7370
-7695
-7017
-5778
-4789
-4401
-4292
-3973
-3393
-3078
-3527
-4515
-5285
-5532
-5763
-6434
-7171
-7271
-6650
-5773
-4905
-4028
-3294
-2922
-2614
-1743
-326
767
889
476
468
1116
1844
2171
2301
2658
3183
3409
3172
2893
3020
3450
3743
3751
3647
3421
2864
2188
2114
2914
3796
3822
3226
3152
4116
5401
6152
6425
6756
7155
7097
6307
5055
3674
2303
1187
782
1150
1542
1078
-60
-641
162
1667
2453
2055
1369
1401
2181
3127
3936
4678
5324
5754
6138
6758
7351
7127
5794
4196
3483
3751
3981
3436
2581
2336
2787
3196
3051
2489
1641
267
-1647
-3480
-4703
-5610
-6760
-7934
-8318
-7680
-6722
-6090
-5602
-4780
-3727
-3033
-2995
-3324
-3654
-3982
-4469
-4984
-5134
-4766
-4188
-3724
-3275
-2646
-2191
-2578
-3844
-5171
-5874
-6134
-6431
-6730
-6775
-6779
-7115
-7482
-7141
-6031
-5008
-4771
-5030
-4958
-4069
-2447
-479
1321
2453
2741
2523
2398
2697
3191
3330
2861
2238
2225
2997
3871
4125
3772
3314
3011
2811
2740
2842
2831
2339
1528
1002
1053
1413
1797
2240
2746
3037
2922
2651
2619
2857
2974
2494
1226
-502
-1846
-1979
-861
578
1222
741
-268
-947
-844
-81
855
1430
1483
1485
2252
4094
6317
7798
8079
7629
7045
6439
5825
5595
6074
6858
7155
6743
6121
5729
5515
5326
5147
4759
3686
1834
-128
-1406
-1968
-2515
-3621
-5084
-6148
-6268
-5672
-5122
-5101
-5404
-5572
-5469
-5225
-4881
-4493
-4311
-4401
-4238
-3250
-1765
-823
-929
-1500
-1741
-1586
-1505
-1759
-2223
-2759
-3399
-4143
-4783
-5089
-5171
-5504
-6381
-7413
-7872
-7560
-6922
-6255
-5403
-4446
-3935
-3917
-3398
-1603
718
2111
2214
1869
1723
1717
1876
2496
3355
3662
3183
2673
2815
3350
3617
3412
2940
2384
1885
1674
1868
2282
2580
2482
1843
867
153
189
778
1263
1278
932
381
-275
-784
-977
-1232
-2112
-3443
-4269
-3952
-2892
-2014
-1880
-2418
-3123
-3287
-2359
-408
1795
3318
3737
3413
3235
3921
5377
6828
7625
7742
7450
6972
6686
7124
8256
9142
8913
7799
6706
6047
5629
5381
5378
5224
4244
2466
761
-236
-777
-1377
-2082
-2684
-3218
-3791
-4198
-4165
-3882
-3908
-4488
-5212
-5466
-5014
-4050
-2848
-1640
-755
-509
-748
-877
-541
-34
227
321
474
442
-201
-1314
-2341
-3127
-3971
-4908
-5606
-6012
-6458
-6965
-7085
-6661
-6179
-6102
-6302
-6348
-5951
-5001
-3594
-2157
-1177
-720
-556
-606
-784
-592
405
1785
2663
2847
2821
2704
2197
1588
1675
2416
2712
2008
1172
1220
2008
2796
3333
3704
3732
3237
2534
2060
1803
1529
1254
1185
1428
1936
2400
2187
882
-994
-2410
-3028
-3316
-3465
-3096
-2284
-1870
-2293
-2880
-2881
-2413
-1846
-971
453
1905
2621
2623
2567
2824
3242
3642
4051
4532
5117
5779
6313
6482
6378
6349
6456
6434
6251
6191
6197
5765
4779
3878
3566
3499
3116
2460
1830
1065
-110
-1312
-1797
-1498
-1153
-1322
-1861
-2453
-3122
-3892
-4391
-4226
-3538
-2771
-1982
-916
265
903
717
278
194
279
50
-390
-645
-896
-1652
-2740
-3440
-3640
-3957
-4570
-4912
-4814
-5004
-5936
-6958
-7250
-6896
-6402
-5857
-5217
-4826
-4926
-5081
-4785
-4214
-3805
-3507
-3064
-2596
-2330
-2133
-1883
-1901
-2432
-3094
-3400
-3451
-3501
-3298
-2505
-1464
-855
-841
-1061
-1205
-1124
-668
117
854
1317
1724
2273
2785
3098
3310
3329
2813
1913
1433
1714
2077
1913
1597
1617
1568
900
77
10
733
1546
2147
2721
3164
3140
2834
2818
3204
3571
3729
3939
4414
5133
6040
6961
7457
7263
6743
6453
6413
6309
6211
6478
7000
7178
6704
5892
5124
4421
3692
3036
2554
2119
1528
828
280
-27
-402
-1249
-2515
-3645
-4210
-4361
-4471
-4548
-4360
-3931
-3537
-3261
-2961
-2614
-2351
-2154
-1901
-1652
-1569
-1594
-1545
-1427
-1379
-1420
-1566
-1958
-2551
-2917
-2821
-2675
-2924
-3290
-3202
-2735
-2436
-2440
-2461
-2472
-2677
-2889
-2667
-2076
-1626
-1477
-1361
-1260
-1490
-2066
-2597
-2878
-3024
-3062
-2937
-2899
-3266
-3822
-4030
-3852
-3762
-3941
-4061
-3862
-3425
-2835
-2090
-1350
-812
-384
132
631
924
1163
1592
2076
2363
2537
2702
2530
1785
989
836
1162
1274
1091
1149
1551
1770
1550
1253
1181
1236
1358
1705
2291
2894
3426
3989
4547
4924
5122
5266
5375
5500
5883
6547
6974
6719
6095
5752
5778
5774
5610
5447
5190
4538
3572
2711
2118
1625
1203
991
890
573
-59
-799
-1453
-1969
-2317
-2564
-2903
-3375
-3690
-3607
-3283
-3005
-2831
-2746
-2854
-3126
-3253
-3078
-2852
-2779
-2664
-2352
-2100
-2152
-2343
-2480
-2743
-3262
-3724
-3820
-3692
-3499
-2978
-1961
-944
-557
-746
-1034
-1304
-1717
-2119
-2117
-1692
-1192
-844
-684
-853
-1500
-2405
-3082
-3240
-2931
-2382
-1903
-1811
-2184
-2765
-3280
-3686
-3957
-3894
-3378
-2644
-2054
-1705
-1412
-947
-242
541
1100
1308
1394
1617
1935
2205
2543
3034
3322
3020
2417
2100
2016
1598
850
507
951
1735
2416
3050
3495
2975
954
-1929
-4271
-4938
-3480
-129
4041
7283
8133
6377
3118
90
-1168
-25
2879
6095
8310
8865
7670
5176
2436
628
239
954
2249
3645
4472
4068
2440
303
-1664
-3148
-3831
-3332
-1786
-16
1102
1134
-21
-2121
-4313
-5480
-5185
-3957
-2523
-1260
-472
-518
-1327
-2234
-2686
-2723
-2551
-2093
-1339
-697
-561
-751
-792
-532
-172
147
460
750
884
735
292
-255
-531
-248
433
997
1074
695
56
-694
-1358
-1687
-1628
-1386
-1107
-735
-302
-123
-516
-1407
-2381
-3042
-3234
-3034
-2628
-2184
-1789
-1497
-1404
-1580
-1909
-2098
-1881
-1199
-239
674
1278
1516
1486
1268
921
602
518
707
1009
1284
1459
1391
949
326
-27
60
278
305
185
82
-22
-151
-141
86
326
439
624
1055
1497
1683
1829
2354
3224
3960
4243
4115
3693
3105
2708
2919
3696
4499
4857
4757
4405
3917
3361
2890
2655
2662
2784
2813
2547
1938
1200
633
327
148
-22
-179
-306
-428
-567
-753
-1055
-1454
-1736
-1690
-1429
-1311
-1533
-1981
-2471
-2937
-3303
-3384
-3077
-2525
-1990
-1634
-1501
-1565
-1683
-1595
-1128
-419
200
519
600
672
915
1281
1491
1296
807
445
427
496
297
-126
-469
-688
-1004
-1423
-1657
-1638
-1725
-2178
-2732
-2992
-2976
-2932
-2835
-2473
-1956
-1699
-1854
-2083
-2026
-1709
-1382
-1154
-950
-664
-274
140
431
546
610
782
1047
1289
1469
1578
1471
1029
445
93
58
70
-56
-205
-292
-524
-1065
-1683
-1958
-1766
-1330
-880
-501
-278
-305
-476
-456
-29
620
1117
1349
1557
1930
2305
2398
2243
2168
2373
2699
2896
2906
2780
2509
2095
1685
1433
1291
1093
823
623
521
316
-219
-1052
-1877
-2378
-2499
-2470
-2554
-2765
-2914
-2879
-2746
-2667
-2666
-2647
-2531
-2333
-2139
-2029
-2005
-1971
-1831
-1570
-1232
-867
-545
-341
-221
-18
353
749
984
1072
1149
1250
1328
1403
1510
1584
1563
1541
1607
1646
1507
1240
955
577
55
-345
-332
-76
-5
-163
-241
-190
-326
-708
-946
-785
-459
-261
-166
-108
-220
-511
-674
-490
-162
19
79
154
157
-41
-309
-427
-387
-274
-27
413
889
1172
1241
1200
1070
852
658
561
454
230
-18
-151
-191
-218
-189
-80
-30
-147
-289
-242
-47
74
47
18
122
305
415
364
230
194
353
581
684
676
739
926
1079
1097
1068
1050
958
784
712
837
928
713
252
-186
-514
-857
-1250
-1581
-1802
-1990
-2174
-2294
-2367
-2499
-2671
-2706
-2523
-2271
-2119
-2044
-1927
-1736
-1514
-1275
-997
-691
-380
-66
239
505
755
1056
1381
1595
1629
1604
1671
1826
1970
2109
2343
2678
2962
3060
3012
2952
2883
2618
2031
1279
686
391
244
45
-268
-693
-1212
-1656
-1772
-1554
-1330
-1334
-1394
-1241
-944
-781
-823
-917
-968
-986
-957
-892
-895
-969
-917
-663
-461
-530
-687
-642
-459
-387
-408
-335
-189
-114
-13
298
660
695
372
67
58
250
439
548
576
520
420
329
250
205
283
515
792
989
1088
1089
968
812
790
901
958
933
1053
1404
1708
1688
1423
1169
1009
885
805
797
797
718
534
239
-139
-445
-514
-434
-475
-702
-905
-973
-1057
-1257
-1451
-1563
-1731
-2010
-2165
-1984
-1644
-1495
-1565
-1556
-1257
-774
-329
-14
181
264
265
300
485
791
1089
1315
1503
1665
1740
1735
1771
1929
2129
2267
2379
2530
2651
2586
2294
1880
1485
1220
1116
1062
855
424
-76
-475
-772
-1038
-1222
-1231
-1116
-1057
-1177
-1450
-1735
-1879
-1846
-1758
-1746
-1748
-1588
-1262
-998
-965
-1072
-1115
-1015
-862
-771
-768
-771
-687
-530
-397
-313
-211
-103
-98
-216
-332
-411
-574
-805
-840
-547
-195
-100
-187
-159
22
110
-32
-270
-409
-397
-289
-159
-65
-52
-128
-217
-167
109
482
740
917
1234
1612
1594
1030
501
631
1208
1478
1181
794
773
1006
1110
905
492
92
-141
-267
-428
-588
-584
-522
-721
-1130
-1255
-956
-771
-1050
-1316
-1020
-450
-233
-300
-142
222
279
-34
-186
88
447
572
604
788
1078
1273
1305
1238
1188
1288
1591
2001
2390
2695
2814
2583
2033
1478
1165
975
698
419
332
322
63
-454
-846
-883
-841
-1055
-1381
-1391
-1038
-760
-841
-1017
-926
-670
-618
-801
-901
-760
-571
-501
-475
-401
-344
-373
-427
-424
-389
-412
-561
-803
-956
-867
-696
-808
-1216
-1486
-1373
-1221
-1388
-1662
-1671
-1553
-1693
-2020
-2167
-2152
-2332
-2746
-3016
-2925
-2636
-2350
-2118
-1993
-1995
-1970
-1782
-1556
-1443
-1278
-855
-380
-243
-406
-433
-123
278
493
541
580
704
913
1103
1067
746
417
424
700
824
589
262
164
209
98
-156
-217
47
345
408
383
530
755
783
657
701
1023
1406
1692
1930
2130
2216
2244
2352
2492
2533
2577
2815
3125
3215
3128
3157
3320
3361
3238
3124
2999
2716
2460
2534
2753
2607
2067
1626
1494
1374
1104
915
886
748
415
210
319
468
372
123
-27
11
205
462
584
433
195
179
371
454
297
66
-95
-189
-180
-3
186
114
-185
-362
-251
-131
-313
-690
-904
-843
-777
-961
-1289
-1462
-1415
-1373
-1513
-1736
-1888
-2005
-2194
-2420
-2572
-2623
-2637
-2682
-2809
-3002
-3115
-3007
-2773
-2633
-2572
-2359
-1956
-1589
-1379
-1250
-1193
-1285
-1360
-1094
-558
-219
-287
-461
-483
-495
-627
-712
-641
-625
-818
-1027
-1013
-819
-631
-554
-640
-845
-900
-539
62
435
466
533
883
1279
1410
1327
1303
1486
1844
2251
2538
2638
2682
2830
3033
3140
3166
3253
3409
3510
3526
3526
3539
3521
3462
3386
3300
3236
3242
3264
3152
2864
2519
2233
2011
1827
1663
1453
1150
851
690
623
494
279
74
-83
-224
-329
-393
-496
-650
-736
-726
-795
-1014
-1155
-1038
-839
-823
-965
-1082
-1146
-1206
-1212
-1151
-1160
-1290
-1390
-1393
-1485
-1790
-2136
-2319
-2376
-2436
-2518
-2627
-2816
-3043
-3168
-3170
-3155
-3142
-3088
-3084
-3225
-3364
-3316
-3222
-3331
-3527
-3482
-3234
-3124
-3193
-3137
-2868
-2657
-2648
-2656
-2520
-2312
-2155
-2111
-2239
-2518
-2739
-2767
-2757
-2869
-2935
-2728
-2406
-2312
-2455
-2530
-2382
-2119
-1865
-1652
-1483
-1299
-989
-594
-333
-279
-200
93
506
928
1420
1945
2228
2163
2107
2423
2955
3283
3350
3511
3967
4476
4684
4572
4444
4555
4827
4982
4923
4860
5012
5270
5318
5037
4649
4458
4506
4562
4403
4080
3805
3619
3336
2902
2566
2532
2605
2473
2163
1955
1951
2018
2059
2021
1803
1437
1218
1323
1479
1365
1119
1063
1134
1063
916
957
1088
965
600
352
348
342
144
-198
-596
-952
-1090
-1008
-1043
-1428
-1872
-1977
-1860
-1906
-2092
-2101
-1964
-2040
-2362
-2545
-2392
-2161
-2140
-2312
-2531
-2709
-2780
-2719
-2658
-2763
-2958
-2995
-2827
-2685
-2758
-2956
-3082
-3066
-2983
-2922
-2921
-2981
-3048
-3036
-2924
-2828
-2893
-3078
-3162
-3032
-2856
-2824
-2845
-2699
-2401
-2152
-1998
-1814
-1617
-1561
-1603
-1522
-1303
-1163
-1141
-997
-607
-140
257
611
905
1067
1250
1715
2357
2724
2652
2507
2625
2885
3034
3056
3049
3021
2981
3004
3059
3016
2890
2833
2823
2688
2445
2339
2438
2515
2439
2342
2318
2257
2102
2023
2161
2413
2583
2599
2512
2425
2455
2632
2819
2845
2732
2614
2514
2365
2182
2043
1933
1781
1636
1600
1624
1551
1350
1140
968
755
467
197
-1
-205
-495
-788
-942
-975
-1071
-1335
-1623
-1711
-1624
-1624
-1857
-2158
-2304
-2324
-2413
-2606
-2734
-2690
-2599
-2672
-2947
-3243
-3365
-3324
-3329
-3510
-3725
-3759
-3597
-3407
-3270
-3141
-3019
-2977
-2995
-2980
-2962
-3047
-3171
-3129
-2893
-2682
-2636
-2649
-2581
-2437
-2288
-2163
-2073
-1994
-1826
-1528
-1266
-1235
-1352
-1351
-1152
-893
-650
-372
-95
93
274
640
1155
1575
1801
1954
2103
2193
2266
2442
2623
2558
2267
2101
2255
2496
2518
2353
2245
2310
2452
2536
2508
2399
2298
2279
2342
2440
2531
2604
2689
2870
3168
3422
3438
3303
3299
3465
3510
3297
3097
3137
3238
3139
2929
2831
2816
2757
2728
2785
2687
2241
1757
1672
1879
1870
1495
1112
964
893
721
548
484
412
173
-193
-527
-740
-848
-956
-1192
-1579
-1961
-2166
-2218
-2255
-2334
-2424
-2529
-2679
-2836
-2976
-3145
-3350
-3492
-3540
-3623
-3798
-3889
-3755
-3575
-3604
-3761
-3770
-3618
-3555
-3639
-3619
-3368
-3124
-3115
-3197
-3085
-2784
-2538
-2433
-2329
-2173
-2103
-2131
-2025
-1666
-1335
-1344
-1518
-1402
-936
-545
-498
-536
-339
-30
88
57
185
572
994
1256
1392
1514
1661
1836
2013
2122
2121
2111
2244
2513
2750
2823
2752
2646
2598
2626
2671
2640
2521
2429
2464
2569
2618
2598
2641
2832
3076
3196
3146
3029
2947
2907
2891
2925
2994
2983
2807
2578
2502
2594
2623
2406
2029
1747
1683
1716
1642
1409
1170
1065
1004
775
368
29
-67
-32
-88
-282
-485
-586
-586
-579
-720
-1072
-1466
-1652
-1607
-1572
-1720
-2003
-2328
-2668
-2946
-3035
-2969
-2943
-3043
-3167
-3267
-3422
-3620
-3747
-3813
-3944
-4116
-4164
-4087
-4053
-4090
-4075
-4006
-4003
-4008
-3853
-3583
-3402
-3331
-3229
-3107
-3071
-3037
-2865
-2645
-2505
-2306
-1923
-1630
-1710
-1906
-1791
-1505
-1508
-1748
-1765
-1491
-1297
-1262
-1091
-762
-601
-667
-659
-468
-292
-156
100
382
444
414
671
1167
1468
1490
1620
2024
2386
2473
2459
2529
2605
2610
2632
2728
2847
2986
3187
3357
3376
3346
3469
3705
3834
3797
3722
3687
3682
3739
3869
3947
3854
3663
3527
3486
3507
3559
3567
3445
3279
3235
3263
3122
2808
2593
2575
2512
2286
2127
2185
2254
2148
2045
2129
2222
2065
1753
1564
1538
1488
1317
1097
898
729
583
429
232
33
-90
-191
-411
-745
-1015
-1150
-1289
-1552
-1855
-2057
-2168
-2271
-2380
-2464
-2567
-2774
-3078
-3322
-3347
-3189
-3092
-3221
-3437
-3449
-3210
-2970
-2921
-2983
-3014
-3007
-2982
-2898
-2797
-2834
-3013
-3075
-2848
-2566
-2559
-2790
-2939
-2890
-2842
-2932
-3031
-2966
-2773
-2640
-2679
-2812
-2849
-2667
-2366
-2169
-2132
-2034
-1679
-1208
-914
-824
-689
-378
-40
170
300
453
626
810
1042
1280
1404
1453
1623
1900
1993
1797
1652
1850
2181
2302
2304
2475
2716
2696
2479
2446
2659
2784
2693
2632
2722
2770
2709
2748
2918
2929
2682
2513
2671
2922
2935
2757
2629
2581
2506
2437
2490
2619
2650
2522
2352
2297
2382
2465
2373
2126
1907
1794
1655
1418
1226
1154
1028
747
518
484
406
54
-350
-462
-404
-548
-931
-1281
-1485
-1640
-1739
-1751
-1871
-2278
-2741
-2881
-2724
-2604
-2630
-2651
-2662
-2795
-2973
-2973
-2835
-2815
-2978
-3129
-3124
-2985
-2788
-2640
-2682
-2853
-2853
-2583
-2382
-2519
-2726
-2622
-2363
-2387
-2676
-2813
-2690
-2637
-2791
-2838
-2538
-2129
-1980
-2082
-2116
-1889
-1517
-1213
-1009
-780
-466
-181
-30
72
275
537
684
689
714
858
1066
1286
1526
1736
1825
1833
1878
1967
1997
1956
1915
1886
1848
1866
1974
2019
1901
1815
1984
2243
2255
2042
1947
2088
2241
2263
2253
2261
2191
2075
2051
2082
2004
1882
1943
2125
2115
1892
1805
1992
2140
1999
1765
1709
1751
1672
1485
1325
1194
1031
877
768
612
344
63
-107
-199
-308
-419
-478
-520
-639
-860
-1106
-1269
-1310
-1319
-1448
-1699
-1886
-1897
-1886
-2008
-2135
-2068
-1914
-1935
-2106
-2147
-2000
-1900
-1961
-2017
-1935
-1816
-1737
-1613
-1424
-1316
-1373
-1479
-1504
-1441
-1313
-1152
-1087
-1220
-1382
-1302
-1020
-861
-932
-987
-872
-748
-748
-742
-617
-519
-562
-573
-343
50
369
533
626
727
903
1193
1513
1659
1582
1500
1625
1894
2084
2095
1988
1868
1830
1941
2158
2295
2202
1939
1720
1696
1809
1878
1811
1699
1663
1661
1562
1404
1387
1547
1657
1552
1375
1316
1314
1221
1108
1163
1370
1531
1550
1506
1473
1444
1427
1435
1421
1341
1240
1169
1087
949
823
785
756
598
310
26
-165
-278
-354
-427
-551
-787
-1110
-1380
-1480
-1470
-1583
-1934
-2302
-2353
-2114
-1982
-2172
-2440
-2513
-2511
-2650
-2798
-2715
-2516
-2513
-2683
-2736
-2649
-2658
-2791
-2812
-2683
-2623
-2666
-2582
-2335
-2216
-2336
-2408
-2203
-1930
-1890
-2034
-2110
-2055
-1970
-1866
-1682
-1481
-1423
-1526
-1631
-1594
-1442
-1294
-1217
-1189
-1152
-1073
-946
-749
-475
-183
20
101
151
290
533
785
929
939
915
975
1110
1189
1178
1241
1511
1848
1992
1918
1848
1909
1972
1889
1702
1568
1577
1701
1850
1918
1882
1845
1932
2121
2273
2319
2314
2322
2338
2339
2330
2334
2365
2425
2505
2601
2744
2932
3064
3039
2933
2938
3081
3164
3045
2816
2612
2447
2315
2274
2312
2275
2074
1825
1671
1569
1379
1059
693
405
286
278
163
-189
-568
-660
-513
-482
-691
-875
-861
-857
-1072
-1356
-1448
-1372
-1351
-1491
-1724
-1931
-1996
-1887
-1762
-1839
-2086
-2234
-2158
-2032
-2011
-2034
-2038
-2112
-2289
-2423
-2410
-2340
-2322
-2327
-2296
-2240
-2152
-2021
-1970
-2136
-2384
-2403
-2138
-1852
-1720
-1668
-1653
-1773
-1957
-1917
-1607
-1390
-1498
-1644
-1448
-1021
-784
-869
-983
-865
-565
-313
-251
-347
-458
-458
-354
-247
-183
-130
-74
-53
-63
-22
108
251
319
324
333
392
508
652
787
893
971
1027
1074
1160
1330
1521
1621
1639
1700
1819
1869
1823
1854
2063
2295
2354
2291
2271
2317
2342
2336
2346
2353
2308
2242
2202
2159
2103
2098
2127
2024
1708
1364
1223
1223
1130
886
661
575
556
470
270
22
-141
-104
86
216
115
-158
-398
-473
-415
-349
-397
-578
-770
-823
-763
-753
-865
-1000
-1081
-1163
-1271
-1298
-1197
-1132
-1270
-1519
-1636
-1547
-1426
-1446
-1585
-1697
-1708
-1689
-1749
-1898
-2033
-2081
-2085
-2108
-2129
-2120
-2131
-2193
-2209
-2115
-2040
-2112
-2179
-1990
-1645
-1533
-1762
-1954
-1796
-1466
-1332
-1420
-1478
-1400
-1286
-1187
-1058
-938
-934
-1010
-984
-794
-587
-503
-486
-389
-153
132
331
381
370
451
656
866
981
1068
1230
1419
1526
1568
1658
1809
1952
2084
2255
2422
2494
2505
2572
2688
2744
2750
2819
2914
2891
2828
2997
3384
3544
3200
2728
2674
2996
3151
2879
2494
2325
2256
2020
1664
1453
1443
1427
1288
1148
1121
1115
993
811
740
787
775
622
483
508
608
584
432
322
309
259
74
-153
-278
-284
-246
-237
-304
-440
-549
-534
-463
-514
-706
-853
-869
-910
-1112
-1325
-1324
-1183
-1202
-1470
-1727
-1716
-1520
-1424
-1539
-1700
-1719
-1632
-1621
-1764
-1949
-2043
-2055
-2061
-2089
-2119
-2151
-2184
-2175
-2115
-2101
-2203
-2335
-2376
-2348
-2355
-2379
-2324
-2222
-2192
-2193
-2061
-1810
-1670
-1712
-1674
-1356
-978
-903
-1102
-1180
-936
-620
-543
-637
-586
-300
-28
13
-62
12
294
602
781
845
878
939
1086
1362
1696
1932
1994
1941
1862
1807
1845
2023
2222
2248
2119
2104
2365
2709
2868
2829
2751
2662
2481
2244
2100
2062
1988
1801
1591
1466
1417
1366
1272
1148
1045
996
953
799
479
107
-128
-146
-33
53
7
-151
-305
-364
-363
-406
-517
-622
-697
-798
-938
-1030
-1038
-1062
-1183
-1327
-1371
-1325
-1301
-1350
-1455
-1603
-1795
-1983
-2080
-2055
-1954
-1844
-1766
-1737
-1748
-1794
-1892
-2041
-2166
-2174
-2092
-2064
-2147
-2212
-2137
-2007
-2006
-2129
-2162
-1974
-1709
-1599
-1673
-1746
-1680
-1518
-1365
-1235
-1108
-1044
-1115
-1245
-1239
-1012
-684
-420
-254
-160
-144
-191
-184
-35
163
257
277
387
597
712
639
576
735
1018
1150
1100
1129
1419
1812
2037
2058
2054
2119
2177
2157
2128
2185
2288
2313
2205
2035
1913
1903
1996
2101
2112
1999
1852
1787
1827
1931
2050
2116
2007
1681
1334
1263
1514
1792
1814
1646
1534
1519
1412
1160
972
1004
1109
1053
876
820
947
1055
995
890
929
1063
1085
911
681
561
569
627
650
566
370
212
296
611
820
619
125
-223
-177
74
199
107
-64
-210
-323
-381
-345
-277
-321
-494
-627
-581
-455
-476
-707
-977
-1093
-1058
-1026
-1079
-1137
-1078
-923
-833
-927
-1155
-1354
-1403
-1310
-1166
-1061
-1046
-1131
-1273
-1392
-1409
-1327
-1232
-1204
-1212
-1164
-1046
-959
-971
-1007
-973
-907
-901
-929
-877
-753
-713
-812
-893
-822
-687
-633
-609
-461
-212
-77
-162
-310
-307
-130
91
248
318
321
280
234
211
211
219
242
301
389
446
402
254
110
104
218
253
58
-236
-323
-99
191
231
3
-275
-471
-648
-839
-902
-731
-484
-425
-577
-694
-627
-525
-585
-706
-633
-350
-125
-129
-214
-176
-68
-54
-109
-33
223
484
620
697
792
836
734
561
475
522
612
651
597
459
300
214
226
226
136
60
152
351
413
254
92
160
393
517
404
189
51
2
-24
14
226
552
730
600
356
352
670
1007
1064
889
744
753
833
887
901
877
824
816
910
1029
1029
898
751
637
509
399
433
577
601
413
228
250
351
287
127
176
497
775
751
553
461
496
451
260
109
125
151
-21
-314
-437
-285
-79
-49
-121
-90
7
-72
-388
-671
-658
-423
-256
-310
-481
-595
-597
-543
-496
-468
-433
-398
-415
-497
-552
-497
-410
-448
-598
-666
-564
-453
-508
-660
-711
-614
-507
-511
-621
-748
-792
-720
-658
-782
-1037
-1096
-777
-385
-380
-771
-1097
-1062
-888
-934
-1180
-1305
-1125
-788
-542
-497
-586
-686
-735
-766
-832
-886
-817
-610
-409
-349
-399
-428
-371
-252
-114
16
105
151
203
307
433
506
503
468
459
504
591
672
714
738
786
841
842
802
817
910
956
850
661
546
543
574
602
675
823
1002
1155
1259
1279
1186
1029
946
1027
1195
1299
1285
1252
1309
1388
1331
1133
1023
1150
1330
1272
1026
936
1102
1172
876
479
426
672
738
394
-36
-146
46
209
125
-143
-414
-564
-586
-559
-560
-591
-656
-812
-1057
-1233
-1197
-1063
-1068
-1196
-1192
-989
-865
-1031
-1318
-1454
-1438
-1447
-1491
-1448
-1339
-1312
-1390
-1442
-1437
-1473
-1567
-1596
-1515
-1464
-1564
-1730
-1810
-1830
-1931
-2130
-2267
-2204
-2013
-1885
-1890
-1920
-1871
-1787
-1765
-1782
-1747
-1672
-1650
-1668
-1577
-1347
-1160
-1160
-1230
-1162
-950
-762
-682
-634
-542
-416
-285
-166
-92
-86
-75
39
239
404
471
527
681
924
1118
1106
904
750
904
1325
1670
1692
1536
1481
1552
1551
1431
1358
1424
1542
1647
1777
1911
1944
1913
2012
2286
2501
2476
2344
2332
2416
2422
2327
2273
2329
2407
2426
2385
2311
2239
2234
2322
2427
2437
2343
2200
2053
1953
1986
2143
2248
2157
1973
1916
2007
2049
1924
1722
1561
1426
1265
1103
982
876
735
574
446
359
270
132
-63
-277
-443
-532
-577
-638
-722
-806
-897
-1026
-1197
-1389
-1563
-1664
-1657
-1596
-1610
-1734
-1862
-1918
-1991
-2208
-2517
-2734
-2773
-2699
-2594
-2515
-2538
-2723
-2979
-3131
-3103
-2957
-2782
-2645
-2621
-2697
-2689
-2453
-2160
-2134
-2396
-2618
-2568
-2390
-2305
-2295
-2231
-2140
-2106
-2069
-1922
-1726
-1620
-1589
-1504
-1336
-1179
-1089
-1058
-1097
-1198
-1244
-1124
-890
-670
-454
-164
127
248
216
256
493
771
895
900
967
1168
1382
1464
1412
1393
1572
1902
2126
2081
1945
2049
2432
2779
2839
2743
2766
2912
2934
2720
2489
2511
2759
2962
2945
2825
2815
2944
3037
2928
2612
2213
1906
1847
2045
2277
2260
1991
1778
1831
1966
1877
1569
1325
1291
1338
1342
1354
1418
1424
1246
912
526
164
-101
-160
-21
139
153
30
-134
-338
-626
-958
-1251
-1483
-1652
-1682
-1532
-1338
-1309
-1512
-1860
-2270
-2683
-2987
-3102
-3111
-3169
-3285
-3341
-3329
-3365
-3484
-3584
-3616
-3632
-3630
-3542
-3416
-3387
-3417
-3310
-3064
-2959
-3129
-3318
-3234
-2954
-2729
-2552
-2246
-1862
-1683
-1820
-2060
-2145
-2042
-1858
-1683
-1561
-1499
-1454
-1365
-1229
-1075
-915
-742
-587
-468
-353
-213
-81
18
142
339
551
685
752
848
1033
1285
1541
1728
1813
1870
2012
2242
2433
2529
2623
2823
3093
3345
3541
3657
3668
3619
3618
3693
3775
3857
4015
4220
4314
4248
4169
4153
4084
3916
3806
3851
3896
3811
3714
3696
3573
3189
2759
2599
2656
2633
2469
2343
2282
2152
1987
1954
1983
1785
1344
1017
1022
1122
1018
779
651
629
482
136
-212
-373
-368
-350
-417
-567
-774
-1029
-1293
-1488
-1564
-1597
-1730
-1972
-2161
-2197
-2212
-2389
-2667
-2820
-2798
-2806
-2994
-3231
-3292
-3152
-2993
-2976
-3108
-3294
-3421
-3418
-3308
-3210
-3227
-3330
-3376
-3261
-3034
-2851
-2810
-2852
-2825
-2663
-2455
-2338
-2328
-2306
-2198
-2070
-2035
-2071
-2020
-1769
-1399
-1112
-1019
-1027
-970
-824
-698
-626
-496
-230
55
209
286
447
668
764
700
665
784
953
1077
1239
1486
1651
1595
1481
1535
1692
1730
1685
1774
2001
2155
2209
2361
2597
2603
2268
1920
1850
1903
1833
1777
2004
2368
2437
2126
1814
1772
1818
1684
1455
1386
1489
1538
1452
1399
1492
1566
1413
1111
927
949
988
874
674
529
429
296
165
108
52
-117
-301
-269
-15
158
21
-307
-577
-744
-910
-1057
-1064
-960
-968
-1201
-1477
-1550
-1451
-1423
-1552
-1660
-1595
-1475
-1464
-1498
-1406
-1279
-1394
-1768
-2037
-1911
-1542
-1282
-1234
-1237
-1174
-1083
-1024
-1004
-1022
-1068
-1087
-1046
-1003
-1015
-1012
-901
-756
-739
-839
-825
-567
-260
-223
-489
-730
-634
-273
-25
-116
-372
-470
-335
-169
-140
-177
-105
109
297
276
77
-53
71
304
333
115
-47
70
299
349
208
90
110
205
328
465
541
472
310
160
53
-11
24
142
186
76
-35
-12
27
-63
-153
-60
94
75
-30
39
228
214
-42
-201
-80
65
-44
-312
-463
-404
-236
-46
145
299
369
346
290
274
334
416
441
420
416
385
233
56
103
389
600
551
477
623
793
661
331
214
407
615
666
723
887
966
788
540
554
858
1141
1148
985
963
1179
1393
1380
1258
1287
1453
1518
1439
1421
1521
1551
1478
1562
1899
2152
2034
1755
1696
1840
1885
1762
1673
1722
1813
1866
1872
1786
1601
1485
1556
1619
1381
950
768
1022
1374
1397
1071
701
512
486
486
406
231
49
-22
36
81
-30
-272
-472
-543
-585
-746
-995
-1160
-1163
-1117
-1149
-1210
-1165
-1024
-949
-1052
-1274
-1490
-1648
-1768
-1869
-1939
-1979
-2014
-2063
-2095
-2056
-1951
-1857
-1833
-1823
-1766
-1731
-1843
-2060
-2208
-2228
-2249
-2319
-2283
-2060
-1868
-1981
-2317
-2527
-2434
-2218
-2115
-2138
-2168
-2181
-2217
-2236
-2136
-1929
-1775
-1780
-1855
-1849
-1756
-1693
-1697
-1676
-1567
-1443
-1395
-1393
-1350
-1235
-1076
-917
-809
-768
-686
-412
12
325
377
328
418
650
857
961
1015
1059
1103
1179
1290
1376
1442
1602
1880
2101
2133
2108
2221
2421
2526
2532
2596
2750
2874
2914
2921
2906
2831
2723
2647
2595
2549
2568
2684
2762
2671
2519
2511
2623
2638
2499
2362
2321
2299
2242
2220
2238
2170
1979
1831
1867
1974
1930
1694
1432
1284
1241
1238
1251
1246
1143
937
779
820
976
986
764
516
421
355
136
-121
-149
31
95
-109
-372
-498
-588
-811
-1098
-1288
-1394
-1507
-1579
-1551
-1575
-1848
-2263
-2489
-2429
-2328
-2385
-2512
-2579
-2666
-2896
-3180
-3343
-3401
-3505
-3671
-3755
-3712
-3682
-3769
-3885
-3871
-3712
-3525
-3428
-3429
-3442
-3384
-3286
-3266
-3360
-3441
-3373
-3185
-2992
-2836
-2682
-2527
-2375
-2188
-1965
-1800
-1734
-1637
-1426
-1233
-1194
-1154
-885
-490
-264
-215
-72
227
414
375
343
510
735
822
835
919
1057
1179
1331
1549
1710
1701
1612
1613
1735
1862
1899
1853
1816
1878
2041
2200
2290
2386
2557
2719
2745
2656
2553
2478
2455
2548
2702
2714
2553
2494
2700
2882
2724
2426
2432
2762
3015
2983
2830
2728
2658
2605
2582
2512
2359
2294
2448
2589
2414
2045
1853
1879
1853
1708
1617
1574
1384
1089
961
1017
956
672
433
407
390
157
-181
-386
-430
-484
-684
-1001
-1285
-1407
-1401
-1420
-1512
-1597
-1675
-1860
-2097
-2140
-1981
-1993
-2358
-2668
-2499
-2110
-2105
-2528
-2841
-2756
-2586
-2667
-2829
-2706
-2295
-1958
-1970
-2215
-2362
-2238
-1996
-1880
-1904
-1900
-1810
-1737
-1696
-1550
-1296
-1155
-1236
-1335
-1226
-970
-784
-734
-738
-730
-674
-552
-446
-466
-524
-368
16
294
237
64
103
298
355
228
158
283
458
516
479
466
530
655
802
911
945
945
1001
1118
1207
1220
1231
1305
1369
1303
1149
1113
1283
1488
1530
1467
1494
1616
1656
1570
1540
1657
1751
1663
1520
1549
1730
1846
1797
1704
1672
1625
1455
1218
1085
1126
1198
1112
889
731
748
814
773
686
702
770
705
512
429
586
798
800
579
328
183
110
20
-97
-173
-182
-190
-279
-415
-477
-426
-363
-374
-415
-435
-482
-594
-678
-625
-502
-458
-500
-527
-529
-606
-751
-798
-653
-472
-505
-787
-1065
-1065
-796
-530
-500
-659
-835
-963
-1065
-1045
-792
-459
-376
-609
-842
-833
-742
-797
-889
-778
-553
-537
-779
-970
-921
-798
-800
-840
-735
-543
-491
-625
-730
-618
-373
-241
-341
-545
-635
-535
-359
-259
-267
-311
-331
-314
-260
-166
-74
-43
-73
-85
-5
154
302
362
321
244
224
297
404
449
415
364
329
291
254
274
358
422
399
341
336
372
372
329
315
367
432
434
339
169
3
-54
21
116
100
-22
-134
-169
-155
-138
-124
-112
-109
-91
-23
75
118
42
-100
-167
-44
200
330
173
-155
-352
-270
-35
174
297
320
205
22
-30
117
259
196
34
-10
59
54
-29
-1
177
276
118
-153
-258
-132
15
-19
-180
-234
-56
209
336
297
267
349
447
443
366
321
334
350
340
293
179
-21
-247
-391
-389
-288
-226
-318
-506
-602
-521
-424
-509
-691
-714
-537
-427
-581
-848
-938
-794
-602
-515
-494
-455
-428
-505
-669
-773
-714
-567
-472
-449
-389
-240
-74
13
-8
-123
-281
-358
-244
-7
154
145
54
-4
-24
-37
-45
-68
-145
-235
-221
-81
77
180
258
315
277
133
18
47
168
242
228
211
294
494
706
791
725
629
597
594
584
647
808
894
729
417
222
243
366
502
643
720
630
423
292
340
478
564
511
302
36
-83
62
333
498
524
553
658
768
820
824
780
671
551
532
664
885
1064
1080
941
832
923
1117
1142
935
732
695
677
499
264
192
275
318
223
80
7
66
219
312
183
-117
-325
-309
-231
-276
-377
-394
-386
-508
-722
-850
-832
-775
-758
-756
-756
-808
-922
-1020
-1028
-945
-857
-857
-951
-1010
-917
-747
-704
-847
-1006
-1029
-986
-1033
-1173
-1266
-1214
-1047
-865
-771
-815
-947
-1040
-1030
-972
-923
-827
-626
-424
-396
-549
-662
-573
-386
-329
-436
-498
-369
-157
-45
-31
35
185
287
270
254
373
549
589
446
267
207
267
337
338
289
267
314
396
429
392
344
354
407
458
511
584
613
513
362
370
586
780
719
504
425
553
669
615
501
475
501
475
426
426
449
459
530
699
811
720
525
418
360
154
-178
-356
-237
-29
-7
-178
-351
-412
-404
-412
-462
-518
-525
-473
-417
-410
-436
-436
-394
-358
-367
-405
-420
-390
-360
-382
-442
-454
-375
-284
-264
-276
-232
-142
-80
-27
81
188
163
36
-21
31
46
-43
-104
-42
18
-51
-172
-213
-211
-280
-383
-381
-263
-172
-186
-225
-207
-173
-214
-324
-390
-331
-199
-105
-78
-74
-99
-215
-407
-543
-518
-384
-271
-240
-270
-326
-363
-338
-293
-311
-390
-447
-467
-534
-626
-571
-306
-26
42
-71
-159
-111
32
192
317
369
378
424
513
545
480
423
460
516
485
409
407
502
622
716
784
815
789
730
682
667
690
756
856
952
1000
976
898
825
801
781
678
506
385
386
459
525
539
447
237
85
206
526
709
615
487
528
594
502
380
430
547
504
354
323
422
469
437
457
541
553
446
315
230
201
267
412
484
365
198
220
419
537
417
177
29
76
245
366
317
141
-7
-55
-93
-194
-309
-363
-379
-406
-451
-508
-566
-572
-492
-417
-468
-600
-653
-600
-577
-649
-716
-697
-614
-503
-375
-322
-460
-725
-888
-835
-689
-615
-648
-731
-808
-850
-876
-921
-922
-751
-448
-290
-430
-615
-500
-128
156
194
109
6
-134
-255
-212
-28
92
32
-112
-204
-182
-25
226
405
378
252
254
409
521
494
455
512
589
566
457
359
334
380
435
390
182
-89
-203
-58
176
247
113
-8
73
252
282
138
71
217
379
330
152
94
182
236
197
180
213
187
89
51
113
141
34
-136
-267
-332
-345
-326
-332
-388
-405
-303
-189
-215
-341
-387
-347
-383
-537
-649
-636
-600
-613
-595
-493
-427
-503
-629
-627
-469
-288
-213
-243
-279
-234
-113
-4
16
-43
-117
-173
-217
-252
-267
-255
-227
-201
-176
-138
-56
50
91
25
-66
-50
92
262
373
380
259
73
-7
116
295
323
247
276
424
476
357
258
317
393
325
201
208
339
431
410
364
394
488
557
523
416
359
423
509
451
247
64
10
57
146
255
304
175
-101
-314
-322
-209
-144
-148
-145
-123
-157
-255
-317
-259
-123
-39
-83
-220
-326
-297
-127
66
114
-72
-390
-614
-615
-491
-428
-473
-541
-569
-573
-562
-524
-490
-501
-508
-421
-276
-197
-203
-194
-148
-169
-261
-256
-73
95
33
-172
-252
-143
-63
-168
-317
-280
-72
69
9
-116
-137
-109
-188
-326
-304
-66
171
223
169
179
272
358
408
436
418
385
457
659
793
680
437
327
394
446
364
244
204
238
285
320
343
347
338
326
317
328
396
504
573
564
529
525
514
448
370
368
461
579
630
572
440
342
348
396
378
326
361
469
475
300
109
104
256
357
278
99
7
60
112
-22
-296
-450
-368
-256
-315
-415
-327
-139
-141
-355
-503
-480
-496
-659
-773
-684
-562
-609
-745
-793
-783
-816
-815
-646
-419
-376
-514
-576
-429
-238
-200
-294
-388
-457
-551
-636
-624
-537
-512
-607
-710
-709
-636
-560
-475
-373
-372
-570
-827
-875
-667
-434
-360
-372
-349
-315
-348
-381
-304
-142
-16
24
25
42
105
241
407
464
333
136
91
261
474
537
444
381
520
835
1088
1064
799
557
547
713
836
809
728
736
825
860
772
652
621
660
670
636
664
789
909
916
835
755
713
696
706
748
800
822
790
705
612
594
665
720
656
527
454
431
395
407
561
735
692
473
390
533
609
416
183
202
360
319
36
-212
-247
-161
-91
-40
31
98
102
23
-113
-244
-313
-317
-291
-257
-248
-341
-532
-631
-471
-222
-250
-598
-874
-795
-578
-589
-811
-953
-938
-965
-1141
-1318
-1350
-1268
-1168
-1084
-1054
-1141
-1294
-1317
-1119
-868
-793
-874
-893
-780
-737
-921
-1172
-1213
-1033
-891
-921
-951
-790
-514
-323
-277
-285
-311
-365
-390
-288
-81
94
154
135
76
7
11
171
434
625
646
572
530
550
582
581
536
457
379
346
353
351
310
266
257
271
259
205
132
84
99
182
268
260
138
19
42
180
271
251
265
454
737
900
849
676
508
397
364
407
468
492
513
566
551
374
177
225
520
734
643
401
291
351
424
417
374
363
435
603
774
796
644
483
446
464
392
218
44
-30
38
209
338
282
87
-58
-78
-84
-134
-148
-81
-25
-32
-31
-9
-77
-265
-406
-387
-311
-308
-342
-332
-302
-289
-256
-223
-321
-564
-744
-686
-510
-456
-584
-772
-885
-858
-699
-530
-501
-590
-640
-621
-687
-876
-991
-898
-760
-786
-929
-998
-950
-875
-815
-766
-753
-778
-753
-634
-501
-444
-420
-366
-304
-265
-199
-81
23
62
75
77
27
-27
65
301
442
318
92
44
197
343
365
328
307
288
271
327
506
750
928
953
858
755
711
690
671
722
891
1052
1047
920
851
875
850
727
655
727
812
759
619
549
590
658
685
661
588
478
384
372
453
557
566
423
239
193
304
374
261
83
13
20
-11
-11
153
364
365
163
47
147
269
244
178
212
276
263
264
428
675
774
648
465
407
476
545
539
501
515
577
598
533
425
318
181
12
-94
-67
18
48
25
9
-35
-191
-411
-519
-449
-353
-422
-641
-808
-765
-588
-474
-460
-377
-128
109
110
-77
-199
-163
-98
-99
-132
-178
-261
-318
-254
-156
-215
-416
-532
-487
-432
-457
-476
-473
-553
-688
-703
-603
-614
-783
-861
-708
-518
-456
-396
-236
-122
-187
-307
-361
-441
-610
-684
-526
-310
-267
-380
-518
-664
-792
-774
-619
-556
-687
-803
-736
-659
-758
-876
-800
-636
-630
-746
-755
-616
-489
-451
-469
-544
-698
-837
-852
-766
-667
-581
-525
-540
-562
-428
-132
69
-9
-231
-345
-311
-235
-151
-25
90
96
13
-22
114
397
641
647
438
280
351
501
531
508
565
582
425
339
639
1092
1144
764
530
765
1107
1134
941
835
865
940
1060
1197
1228
1167
1202
1326
1296
1074
945
1027
1046
839
662
760
972
1057
1064
1098
1040
808
588
519
415
129
-109
-28
214
283
155
28
-66
-222
-380
-414
-380
-381
-313
-40
276
332
77
-308
-715
-1104
-1294
-1099
-686
-451
-510
-564
-395
-207
-338
-777
-1184
-1301
-1195
-1081
-1023
-911
-692
-518
-603
-955
-1364
-1609
-1623
-1442
-1130
-791
-562
-532
-673
-896
-1114
-1259
-1272
-1104
-773
-405
-189
-217
-366
-439
-427
-506
-738
-916
-804
-410
44
338
357
118
-194
-347
-304
-238
-216
-74
282
638
735
619
509
469
421
375
418
558
757
1036
1352
1501
1370
1183
1207
1347
1311
1132
1158
1512
1876
1923
1678
1357
1077
871
797
876
1000
1060
1071
1110
1168
1166
1044
819
591
489
549
649
620
458
340
383
487
473
312
176
225
416
562
569
531
574
673
696
585
404
257
220
333
527
626
531
370
334
392
343
149
-7
-23
-18
-122
-292
-428
-509
-521
-418
-264
-246
-429
-621
-630
-525
-529
-736
-1054
-1322
-1411
-1287
-1078
-987
-1029
-995
-766
-535
-550
-739
-825
-734
-669
-761
-870
-815
-643
-549
-635
-838
-1044
-1154
-1095
-880
-651
-575
-649
-718
-715
-763
-968
-1192
-1199
-982
-762
-693
-705
-692
-676
-693
-673
-565
-475
-529
-644
-617
-407
-207
-193
-318
-393
-332
-227
-202
-228
-156
62
270
287
155
84
162
281
339
380
493
668
833
948
978
904
762
647
599
590
631
774
982
1113
1085
961
824
687
587
631
858
1115
1185
1007
724
546
573
707
731
569
413
498
749
844
624
295
139
182
263
243
76
-217
-503
-571
-376
-147
-153
-379
-581
-619
-573
-557
-544
-472
-390
-411
-528
-610
-593
-590
-730
-940
-1014
-867
-656
-579
-647
-732
-765
-793
-860
-920
-896
-810
-777
-871
-992
-971
-805
-684
-721
-770
-674
-538
-560
-675
-639
-431
-283
-282
-253
-109
-24
-104
-158
6
270
399
378
360
404
432
370
186
-85
-295
-256
13
250
266
133
28
5
50
147
230
209
127
130
213
217
128
100
141
58
-159
-228
-13
225
237
154
195
297
318
359
549
729
678
527
583
838
976
858
685
664
751
769
647
490
469
644
857
895
759
650
661
665
581
512
505
422
200
20
41
133
103
-4
-12
89
181
224
249
233
156
96
131
216
268
270
225
118
13
31
149
183
75
4
80
167
129
67
106
150
78
-16
9
80
42
-52
-52
11
-26
-195
-385
-544
-675
-706
-569
-390
-371
-520
-648
-654
-618
-620
-628
-617
-652
-766
-877
-886
-808
-742
-739
-767
-787
-805
-825
-805
-703
-539
-392
-307
-281
-299
-338
-343
-281
-209
-183
-122
92
365
457
368
381
592
701
477
197
279
657
891
781
532
361
278
264
338
402
312
166
233
528
747
678
446
242
68
-101
-171
-83
35
36
-36
-46
37
133
180
180
170
206
307
416
461
462
462
421
281
112
69
186
352
484
604
731
806
765
613
423
295
300
395
442
384
316
332
371
333
241
174
155
175
266
394
410
257
79
13
-15
-111
-180
-103
20
32
13
125
269
204
-38
-171
-99
0
35
130
295
312
87
-138
-125
32
94
10
-115
-233
-339
-367
-266
-161
-225
-417
-514
-417
-284
-314
-493
-651
-686
-667
-694
-755
-763
-699
-640
-660
-740
-804
-786
-680
-559
-552
-720
-951
-1053
-968
-822
-756
-769
-777
-751
-725
-716
-700
-645
-538
-420
-371
-416
-467
-416
-273
-130
-29
35
22
-92
-194
-131
27
59
-66
-116
36
184
96
-123
-188
-34
136
166
110
86
131
195
210
141
54
85
281
518
635
611
533
444
333
243
247
328
370
321
247
237
281
304
289
310
439
625
706
584
356
212
207
212
119
-17
-81
-37
72
202
299
299
233
236
379
522
480
276
110
87
119
119
160
348
616
763
693
534
484
574
662
642
590
613
643
512
250
120
279
537
616
522
469
505
456
254
66
30
43
-40
-177
-240
-228
-244
-328
-447
-567
-638
-584
-435
-371
-503
-682
-706
-616
-595
-645
-600
-460
-457
-688
-920
-869
-576
-356
-444
-775
-1062
-1063
-811
-588
-602
-737
-742
-607
-565
-698
-808
-731
-580
-539
-595
-630
-636
-672
-716
-703
-650
-610
-563
-476
-402
-407
-441
-413
-346
-348
-447
-552
-566
-472
-318
-185
-132
-126
-73
52
163
181
135
105
134
231
365
442
383
276
316
540
744
739
587
469
464
538
659
790
849
791
682
593
526
474
489
577
641
624
590
603
618
589
568
571
497
316
187
253
409
465
417
400
443
478
524
656
816
859
789
762
844
917
868
743
666
692
779
829
778
678
676
821
964
934
755
601
563
586
574
479
304
138
126
292
434
352
138
67
224
395
368
209
126
183
232
120
-101
-213
-95
106
130
-60
-218
-144
52
123
9
-145
-221
-232
-218
-185
-171
-219
-311
-396
-480
-596
-691
-688
-643
-706
-917
-1131
-1183
-1036
-794
-632
-701
-996
-1301
-1400
-1309
-1215
-1203
-1190
-1120
-1074
-1111
-1165
-1160
-1100
-998
-831
-639
-541
-566
-566
-423
-238
-205
-332
-428
-364
-233
-212
-324
-403
-289
-45
99
45
-27
99
356
492
439
395
487
581
528
400
345
345
301
242
247
242
82
-179
-308
-212
-60
-49
-160
-236
-207
-160
-210
-334
-388
-276
-95
-39
-147
-252
-215
-110
-94
-203
-339
-412
-398
-310
-205
-162
-183
-188
-140
-110
-136
-139
-83
-76
-194
-310
-258
-109
-52
-89
-50
88
134
-4
-141
-74
118
175
7
-205
-250
-142
-81
-187
-331
-288
-29
221
262
149
82
140
237
285
292
319
430
660
927
1011
788
439
280
382
515
499
422
427
476
427
279
173
212
368
526
546
378
164
135
349
573
545
299
101
139
342
496
445
199
-62
-142
-10
158
170
11
-192
-321
-339
-299
-315
-466
-662
-721
-618
-514
-482
-392
-190
-89
-275
-586
-716
-647
-614
-699
-726
-605
-486
-512
-608
-639
-593
-526
-443
-341
-266
-236
-189
-102
-58
-111
-155
-17
319
673
827
721
496
358
392
526
646
708
721
686
617
568
590
652
700
751
856
976
1012
961
916
912
856
719
665
856
1187
1366
1270
1100
1097
1230
1264
1108
930
894
931
869
727
686
791
836
654
388
321
490
640
558
317
114
31
29
78
154
167
52
-125
-216
-190
-141
-137
-165
-215
-313
-445
-567
-685
-823
-913
-872
-785
-838
-1044
-1192
-1146
-1007
-918
-865
-800
-787
-885
-999
-1020
-972
-922
-838
-704
-657
-817
-1050
-1119
-1025
-968
-1024
-1057
-989
-918
-935
-967
-921
-823
-746
-699
-643
-576
-519
-506
-592
-800
-1015
-1053
-890
-752
-843
-1072
-1143
-931
-624
-481
-552
-678
-700
-574
-360
-187
-196
-390
-580
-582
-451
-389
-413
-312
4
307
365
266
251
355
434
448
487
571
631
667
717
693
515
337
373
532
517
325
299
588
907
984
917
892
852
721
654
794
985
1016
954
961
953
788
608
644
808
817
667
616
742
856
854
832
822
732
577
504
517
459
305
229
296
337
220
49
-33
-45
-65
-86
-82
-98
-163
-220
-214
-165
-130
-153
-277
-512
-769
-912
-887
-759
-626
-568
-616
-704
-696
-561
-451
-510
-662
-727
-664
-568
-505
-471
-482
-576
-744
-932
-1080
-1091
-892
-606
-503
-668
-838
-754
-516
-392
-402
-354
-202
-94
-91
-84
-39
-72
-202
-278
-219
-119
-47
83
310
498
539
537
647
823
923
945
994
1064
1040
929
893
1025
1241
1424
1568
1694
1764
1753
1708
1674
1617
1523
1439
1377
1257
1041
852
826
919
980
925
777
586
434
434
599
761
759
670
690
841
929
825
613
436
336
270
219
197
208
225
213
154
100
130
253
373
426
480
617
779
821
714
590
565
612
633
590
504
370
155
-104
-265
-225
-67
13
-72
-214
-295
-343
-433
-534
-552
-493
-459
-509
-605
-701
-793
-873
-906
-860
-771
-725
-783
-899
-951
-907
-884
-961
-1016
-891
-675
-630
-813
-990
-977
-851
-768
-764
-796
-852
-894
-851
-745
-701
-757
-796
-738
-647
-599
-588
-610
-714
-895
-1066
-1176
-1251
-1274
-1192
-1066
-1048
-1174
-1299
-1298
-1233
-1222
-1286
-1347
-1326
-1206
-1060
-985
-973
-888
-661
-416
-313
-352
-407
-404
-329
-179
4
121
141
152
219
267
234
175
166
221
370
643
911
940
729
569
662
868
968
946
880
770
652
670
864
1035
1015
884
787
708
601
559
643
707
595
395
320
433
624
753
728
546
355
344
487
529
321
33
-80
23
182
256
204
73
-14
41
171
182
6
-204
-278
-231
-197
-237
-297
-298
-243
-199
-210
-217
-131
0
1
-179
-349
-321
-177
-155
-311
-457
-414
-189
81
234
180
-26
-188
-158
-7
64
-38
-208
-296
-238
-85
58
119
93
22
-70
-140
-100
93
314
370
247
138
189
337
437
454
420
330
189
74
68
142
207
221
200
166
146
174
249
307
284
213
189
282
457
598
596
475
385
432
519
464
276
174
298
485
474
253
64
78
207
255
162
14
-90
-130
-133
-155
-244
-362
-376
-218
-32
-43
-277
-497
-506
-384
-346
-440
-514
-463
-375
-386
-499
-605
-644
-660
-710
-775
-774
-657
-485
-385
-427
-539
-587
-514
-402
-375
-459
-558
-538
-363
-146
-71
-213
-459
-601
-548
-388
-263
-224
-232
-230
-196
-125
-27
71
147
201
234
236
217
220
257
276
210
56
-111
-212
-213
-132
-26
58
114
192
323
467
550
525
412
309
324
470
622
647
571
539
606
672
650
597
616
702
763
729
620
533
577
751
893
853
707
678
811
922
893
837
855
847
710
562
577
696
707
550
370
302
346
436
507
491
368
215
118
92
99
139
218
278
253
147
18
-90
-136
-85
18
37
-124
-400
-626
-692
-613
-479
-416
-497
-649
-705
-608
-491
-512
-650
-769
-799
-782
-757
-722
-705
-753
-820
-774
-582
-391
-366
-485
-609
-705
-845
-991
-956
-685
-414
-408
-613
-738
-655
-518
-498
-577
-642
-662
-669
-674
-666
-639
-580
-508
-484
-529
-547
-444
-295
-266
-362
-414
-312
-122
27
44
-120
-392
-529
-344
4
158
32
-94
-16
132
176
206
386
620
650
425
168
110
278
509
606
508
379
432
645
777
718
644
715
805
734
599
636
829
925
812
638
541
509
533
672
862
885
672
465
520
745
849
750
640
661
712
656
556
582
763
937
959
864
797
830
876
807
623
451
403
467
541
521
360
113
-50
18
228
298
98
-145
-143
44
86
-138
-400
-485
-479
-550
-652
-639
-552
-570
-710
-807
-789
-777
-860
-941
-920
-880
-954
-1105
-1161
-1067
-948
-920
-941
-914
-852
-868
-993
-1101
-1066
-948
-939
-1107
-1281
-1259
-1054
-863
-817
-877
-953
-998
-961
-797
-574
-455
-503
-581
-545
-443
-405
-406
-305
-95
42
1
-77
13
253
414
349
165
76
149
279
360
417
499
565
543
493
551
717
829
771
616
501
448
419
441
558
673
612
