0
-1
-1
0
0
0
0
0
0
0
0
-1
-1
1
1
0
0
0
0
0
1
1
0
-1
0
1
-1
0
-1
0
0
0
0
0
-1
0
0
1
1
0
0
0
0
-1
-1
0
-1
-1
-1
0
-1
1
0
-1
0
1
1
0
1
0
-2
-1
0
-1
-1
0
0
1
1
0
-1
1
0
1
0
-1
0
0
0
0
0
0
1
0
-1
0
-1
0
1
0
0
1
0
0
0
0
0
0
0
0
1
1
0
-1
-1
-1
1
0
-1
-1
0
0
0
-1
0
-1
0
0
1
1
1
0
1
1
0
1
-1
0
0
0
1
0
0
0
0
1
1
1
-1
0
-1
0
0
1
0
-1
1
0
0
0
1
0
-1
-1
1
1
1
0
0
0
0
0
0
0
1
0
0
-1
0
-1
-1
-1
-1
-1
1
-1
0
0
-1
0
1
1
0
1
0
0
-1
0
0
-1
0
0
1
0
0
0
0
0
1
1
0
0
-1
0
0
0
-1
0
0
0
1
1
0
-1
0
1
1
0
0
0
0
-1
-1
0
1
0
0
0
0
0
-2
0
0
0
0
-1
-1
0
0
1
0
0
1
0
0
0
1
0
1
-1
0
0
-1
-2
0
1
0
1
0
-1
-1
1
0
0
2
1
1
0
1
-1
0
0
0
0
-1
1
0
-1
0
0
0
-1
0
0
1
0
0
1
0
0
0
0
0
1
1
1
1
-1
0
1
1
1
1
0
-2
0
0
0
0
0
-1
-1
0
0
0
1
0
0
0
0
0
0
1
1
0
-1
-1
0
0
1
0
-1
0
0
1
0
0
-1
-1
-2
0
0
0
-1
-1
1
0
1
-2
0
0
-1
0
0
0
1
1
0
0
0
0
0
1
1
0
0
0
0
0
-1
-1
-1
0
0
0
1
0
-1
-1
0
0
1
1
-1
-1
0
0
0
0
0
1
1
0
1
0
0
0
0
0
0
-1
1
1
0
0
0
0
-1
-1
0
1
1
0
0
0
0
0
1
-1
-1
0
0
-1
-1
0
-1
0
0
0
0
-1
1
0
-1
0
0
1
0
0
0
1
1
0
0
-1
0
0
0
0
-1
-1
2
0
0
0
0
0
0
0
0
0
-1
-1
1
1
1
0
0
1
1
1
0
-1
0
-1
0
0
0
0
0
1
-1
-1
-1
-1
-1
0
-1
0
0
1
0
-1
0
0
0
0
0
-1
0
0
0
0
0
0
0
-1
-1
0
-1
-1
0
0
0
0
0
2
0
0
0
0
0
-1
0
0
0
0
0
-1
0
1
1
1
0
1
1
0
-1
-1
0
0
-1
0
0
0
0
0
0
0
0
-2
0
0
-1
0
0
2
1
-1
0
1
0
0
-1
0
0
0
1
1
-1
1
1
1
-1
0
0
-1
0
1
0
0
1
-1
0
2
0
1
0
-1
1
0
0
-1
0
1
1
1
0
1
1
0
0
0
1
1
0
-1
0
0
0
1
1
1
1
0
0
1
0
0
1
1
1
1
-1
0
1
0
0
0
0
0
0
0
-1
-1
-1
1
1
0
0
0
-1
0
-1
-1
-1
0
-1
1
1
1
0
0
-1
0
0
1
0
0
0
0
0
0
-1
-1
0
0
0
-1
1
1
-1
-1
0
0
0
0
0
1
1
0
0
0
0
1
-1
0
0
0
0
-1
-1
-1
0
0
1
1
0
0
-1
-1
0
1
0
0
-1
0
0
-1
1
1
1
0
0
-1
1
0
0
0
-1
-1
-1
1
0
-1
-1
1
0
-1
0
1
1
0
-1
0
0
1
0
0
0
0
0
-1
0
0
0
0
0
-1
0
0
0
1
1
0
0
0
1
1
0
0
0
0
-1
0
0
0
0
-1
-1
-1
0
-1
0
1
0
0
-1
0
0
0
-1
-1
0
1
0
1
0
0
-1
0
0
0
1
0
0
0
-1
0
0
0
0
-1
0
0
1
0
0
0
0
-1
-1
-1
-1
-1
-1
-1
-1
0
1
0
0
1
1
0
-1
0
-1
0
0
0
0
-1
0
-1
0
0
0
0
1
1
0
1
0
0
-1
0
0
0
0
-1
-1
0
0
2
0
0
0
0
1
0
0
0
0
0
0
0
0
-1
1
0
0
0
-2
0
0
0
1
0
0
-1
0
0
1
-1
-1
0
1
-1
0
0
0
-1
0
1
2
0
0
0
0
1
2
0
0
0
-1
1
0
-1
1
1
0
-1
0
1
1
0
-1
0
-1
1
0
0
-1
0
1
1
1
1
0
1
0
0
1
1
1
0
0
-1
1
1
1
0
0
0
0
0
0
0
0
0
0
0
0
-1
0
0
0
-1
0
0
0
-1
0
0
0
0
1
1
1
0
0
-1
0
0
0
0
0
1
1
0
0
0
0
0
-1
0
-1
-1
1
0
0
-1
0
2
0
0
0
0
1
-1
0
0
0
0
1
1
0
0
-1
1
0
0
0
0
0
0
1
0
-1
0
0
0
0
0
0
0
0
1
-1
0
1
0
0
1
0
0
-1
1
1
0
-1
0
0
-1
0
0
2
1
1
-1
1
0
0
0
1
1
-1
0
-1
0
0
1
1
0
0
-1
1
-1
0
0
-1
1
0
0
-1
1
1
0
0
0
0
-1
1
1
1
0
-1
1
0
0
0
0
-1
0
0
0
-1
1
0
0
0
0
-1
0
0
0
1
-1
0
0
1
0
0
0
1
0
0
0
-1
1
1
0
-1
-1
-1
-1
0
0
0
0
0
0
0
-1
1
0
0
0
-1
0
1
0
1
1
0
-1
-1
0
1
0
0
0
0
0
-1
0
-1
0
-1
0
1
0
0
0
-1
0
0
0
0
0
1
0
0
-1
0
0
1
0
0
0
0
0
0
0
0
-1
-1
-1
0
-1
-1
-1
0
-1
0
0
1
-1
0
0
0
0
0
1
0
0
-1
0
1
0
-1
0
0
-1
0
0
0
0
1
0
0
2
1
1
2
-1
-1
1
0
0
0
1
1
0
1
1
1
0
1
1
2
2
1
0
0
1
2
2
2
1
1
3
2
1
1
1
1
2
1
2
1
0
0
1
0
0
-1
0
0
0
0
0
1
0
0
-1
-1
-1
0
-1
-1
0
-1
-1
0
-1
-1
-1
-1
0
-1
-2
-1
0
-1
-1
-2
-2
-1
-2
-1
-2
-2
-2
-2
-3
-2
-1
-1
-2
-1
-2
-2
-2
-2
-2
-2
-3
-2
-3
-2
-2
-2
-2
-1
-1
-2
-3
-2
-1
-1
-1
-1
-1
0
-1
-1
0
-1
-1
-1
0
0
0
0
0
0
0
1
2
1
0
1
1
1
1
2
2
2
1
1
1
2
1
1
2
2
3
1
1
2
3
3
2
3
4
2
2
3
2
2
3
2
2
2
1
3
2
2
1
1
1
1
1
2
1
2
2
2
1
1
1
2
2
1
1
2
1
0
1
0
1
0
1
0
0
1
0
0
0
-1
-1
-2
0
-2
-1
0
-1
-1
-1
-1
-1
-1
-1
-1
-2
-2
-1
-2
-2
-1
-1
-1
-1
-2
-3
-1
-2
-3
-2
-1
-2
-1
-2
-2
-2
-3
-1
-1
-2
-3
-3
-1
-1
-1
-1
-1
-3
-1
-2
-2
-2
-1
-1
-1
-2
0
0
-2
0
-1
-1
-1
-1
0
-1
-1
0
0
0
0
0
0
1
0
0
0
0
0
1
0
1
1
0
1
1
1
-1
1
0
1
0
1
1
0
1
0
1
1
1
1
1
2
1
2
2
2
2
1
2
2
1
1
1
1
1
1
1
3
1
1
2
1
1
2
0
1
3
1
0
0
0
2
0
0
2
4
4
2
-1
0
2
0
1
-1
0
0
0
0
0
0
0
0
0
1
0
0
0
0
1
-1
-1
0
0
0
0
-1
-1
0
0
-1
0
0
-1
0
-3
0
-1
-1
-1
0
0
-2
-1
0
0
-1
-1
-1
-1
0
0
0
0
-1
-1
0
-1
-1
-1
0
0
-1
0
0
-1
0
-1
1
0
0
1
0
1
0
0
-1
0
-1
0
1
0
0
0
-1
0
0
0
-1
0
0
0
0
0
1
-1
0
-1
0
-1
-1
0
1
0
1
0
1
0
0
0
0
1
0
-1
-1
-1
0
-1
-1
-2
0
0
0
-1
-1
-1
-2
-1
0
0
0
-1
0
-2
-1
-1
0
-1
0
0
1
0
-1
1
1
1
1
0
1
2
2
2
2
3
2
2
2
3
3
2
2
3
3
2
2
2
2
2
3
3
1
1
2
2
2
2
1
0
2
1
0
0
0
-1
-1
-1
0
0
-2
-2
-1
-2
-2
-1
-1
-2
-1
-1
-2
-2
-2
-2
-3
-1
-1
-2
-1
-2
-2
-2
-3
-1
-1
-1
-1
-2
-1
0
0
0
0
-1
1
1
1
1
1
1
1
0
1
1
2
2
2
2
2
3
2
2
2
2
2
1
2
1
2
2
1
2
0
1
0
1
1
0
-1
0
-1
-2
-2
-2
-2
-2
-2
-3
-2
-3
-3
-4
-4
-4
-3
-4
-4
-4
-4
-3
-4
-3
-3
-4
-4
-3
-3
-3
-2
-3
-2
-3
-2
-1
-1
-1
-1
0
0
-1
1
0
1
2
1
2
3
2
2
3
3
4
5
4
4
5
5
5
5
4
5
5
7
6
6
6
6
6
6
6
6
6
5
5
5
4
4
3
4
4
3
2
2
2
2
1
1
-1
-1
-1
-1
-3
-2
-2
-3
-3
-4
-4
-4
-4
-5
-6
-5
-6
-6
-5
-5
-6
-6
-6
-6
-5
-5
-5
-4
-3
-4
-4
-4
-3
-4
-4
-3
-2
-3
-3
-1
0
-1
-1
0
0
0
1
2
1
1
2
2
3
2
2
2
3
2
3
3
2
3
4
3
3
1
2
2
2
2
0
1
1
0
0
0
-2
-2
-2
-1
-2
-2
-2
-2
-2
-2
-3
-3
-4
-5
-4
-4
-4
-4
-4
-3
-3
-3
-3
-3
-3
-2
-2
-2
-1
-1
-1
0
1
0
1
1
2
2
3
4
3
3
3
4
6
6
6
5
7
9
8
8
8
9
10
8
7
7
8
8
9
9
8
6
6
7
6
5
5
4
4
3
2
2
1
1
1
-1
-2
-2
-3
-3
-4
-4
-7
-6
-6
-7
-8
-8
-9
-10
-9
-11
-11
-10
-9
-9
-9
-8
-8
-8
-8
-8
-8
-6
-6
-6
-5
-4
-4
-3
-3
-3
-2
-1
0
0
1
2
2
3
3
5
5
5
5
6
7
7
8
9
10
9
9
10
10
10
10
9
9
8
9
8
9
8
7
7
5
5
4
3
2
2
-2
-2
-3
-4
-5
-6
-7
-9
-10
-11
-12
-13
-14
-15
-15
-17
-16
-16
-18
-18
-18
-17
-17
-17
-18
-18
-17
-16
-15
-14
-13
-12
-11
-11
-10
-7
-6
-6
-4
-2
0
-1
0
2
3
4
6
5
8
10
10
12
12
12
15
16
16
16
18
19
19
20
21
22
22
23
24
25
26
26
26
26
25
25
25
25
23
23
22
19
18
16
15
14
12
9
7
6
4
2
1
0
-2
-4
-3
-4
-5
-6
-6
-6
-7
-8
-8
-8
-8
-9
-9
-9
-9
-9
-10
-11
-13
-14
-15
-15
-17
-18
-20
-21
-23
-24
-24
-25
-25
-24
-23
-20
-19
-17
-15
-11
-8
-6
-4
-1
-1
3
5
5
6
7
9
8
7
7
8
7
7
7
6
5
3
1
-1
-3
-6
-8
-12
-14
-18
-20
-22
-24
-25
-24
-24
-23
-21
-17
-13
-9
-3
1
7
12
17
22
23
26
28
27
26
24
23
19
16
11
7
3
-1
-5
-9
-11
-14
-15
-16
-19
-18
-19
-19
-19
-19
-19
-19
-19
-18
-18
-17
-16
-14
-12
-9
-5
-1
3
8
12
19
23
29
34
39
45
48
52
54
55
56
57
55
55
53
49
46
44
41
35
30
25
20
15
9
5
0
-5
-11
-14
-17
-19
-20
-22
-23
-24
-23
-22
-21
-21
-19
-18
-18
-16
-16
-15
-16
-16
-16
-17
-18
-17
-17
-17
-19
-17
-17
-16
-14
-14
-13
-12
-11
-10
-10
-9
-9
-10
-11
-13
-14
-15
-15
-16
-15
-16
-17
-16
-14
-11
-10
-6
-4
-1
2
7
11
14
17
20
23
26
26
26
25
24
27
27
22
17
12
11
9
1
-9
-12
-8
-9
-14
-18
-15
-15
-22
-29
-31
-34
-46
-59
-66
-69
-75
-84
-87
-83
-82
-88
-95
-89
-75
-66
-69
-61
-38
-20
-17
-15
4
23
23
9
4
6
-3
-12
-9
-5
-18
-36
-38
-36
-42
-55
-50
-27
-24
-40
-47
-34
-22
-17
-6
18
43
62
83
110
143
181
222
261
288
313
341
356
341
321
319
314
274
223
209
210
163
71
14
20
24
-13
-39
-11
20
-8
-53
-49
-29
-49
-85
-77
-53
-76
-119
-97
-24
6
-20
-28
6
15
-44
-123
-164
-186
-229
-277
-289
-282
-295
-315
-302
-261
-236
-222
-161
-52
19
10
-4
37
73
41
-4
20
72
66
51
104
176
173
138
174
252
255
177
128
141
127
27
-81
-101
-79
-128
-251
-329
-321
-308
-330
-318
-239
-173
-176
-193
-163
-117
-110
-141
-174
-188
-201
-217
-207
-143
-71
-58
-91
-74
25
144
239
320
356
306
208
135
99
74
70
92
78
-8
-110
-122
-19
110
159
119
96
143
174
112
59
131
213
125
-58
-114
-14
63
36
-32
-93
-161
-194
-141
-22
91
153
145
110
122
184
227
280
435
613
620
452
334
362
384
290
160
82
43
27
43
70
92
123
129
53
-71
-125
-98
-74
-73
-51
-50
-146
-281
-329
-295
-280
-303
-272
-161
-69
-73
-146
-191
-169
-134
-136
-164
-164
-108
-23
27
-4
-71
-91
-52
-30
-68
-105
-94
-84
-127
-184
-203
-217
-250
-254
-216
-179
-154
-80
10
-15
-183
-354
-400
-362
-350
-383
-366
-223
-50
-34
-142
-99
194
484
525
437
476
670
820
772
621
602
743
754
503
283
307
318
97
-109
-112
-138
-312
-373
-224
-156
-248
-218
31
210
161
58
32
20
-9
-46
-164
-355
-451
-413
-465
-691
-852
-775
-644
-634
-648
-541
-347
-210
-179
-195
-172
-152
-272
-424
-332
-67
-42
-232
-210
16
-15
-276
-242
117
285
173
190
369
329
32
-137
-22
115
67
6
130
280
218
48
66
252
303
151
84
289
541
523
317
286
483
561
387
356
653
827
559
317
590
1031
1063
835
821
919
730
401
449
845
966
511
-59
-256
-270
-530
-941
-1044
-795
-649
-817
-929
-640
-184
-16
-135
-170
13
169
154
155
311
437
282
-45
-180
-48
-10
-283
-495
-289
-17
-150
-421
-308
38
90
-159
-259
-88
-5
-245
-568
-620
-447
-411
-612
-732
-586
-448
-507
-484
-157
135
72
-24
220
540
527
365
404
456
219
-138
-297
-348
-532
-793
-954
-1026
-1137
-1297
-1409
-1437
-1440
-1438
-1402
-1339
-1258
-1089
-849
-693
-659
-577
-392
-261
-211
-83
111
208
228
310
468
647
852
1015
1023
941
952
1085
1161
1048
855
823
966
1040
948
900
984
1007
880
780
809
931
1156
1429
1577
1597
1726
1999
2166
2152
2169
2234
2144
1909
1749
1703
1572
1318
1125
1034
903
761
742
779
734
694
760
801
772
810
866
709
374
91
-98
-342
-682
-1051
-1392
-1681
-1925
-2106
-2138
-2024
-1970
-2094
-2191
-2103
-2092
-2338
-2563
-2578
-2705
-3163
-3613
-3811
-4025
-4515
-5072
-5457
-5802
-6268
-6682
-6922
-7214
-7547
-7507
-6996
-6396
-5773
-4719
-3251
-1831
-419
1404
3434
5075
6449
7906
9090
9661
10035
10407
10193
9273
8331
7532
6348
4883
3803
2972
1751
388
-399
-823
-1459
-2013
-2017
-1930
-2198
-2309
-1909
-1581
-1617
-1466
-996
-786
-854
-601
-94
118
169
518
994
1299
1765
2672
3559
4056
4571
5353
5913
6018
6152
6464
6372
5684
4932
4358
3643
2696
1775
915
-8
-857
-1504
-2028
-2444
-2660
-2774
-2829
-2649
-2304
-2112
-2001
-1675
-1325
-1326
-1468
-1382
-1295
-1654
-2405
-3163
-3816
-4468
-5156
-5820
-6420
-6902
-7380
-8066
-8914
-9621
-10134
-10735
-11619
-12632
-13247
-13109
-12543
-11898
-10790
-8876
-6552
-4136
-1361
1953
5379
8455
11324
14104
16285
17541
18375
19015
18694
17098
15129
13350
11133
8224
5549
3545
1412
-1084
-2916
-3746
-4500
-5435
-5752
-5434
-5361
-5509
-5104
-4310
-3824
-3456
-2732
-2017
-1687
-1229
-288
536
864
1270
2102
2768
2973
3311
4003
4452
4453
4547
4873
4986
4847
4824
4886
4736
4532
4579
4680
4512
4202
3920
3479
2805
2131
1558
934
199
-568
-1265
-1728
-1913
-2055
-2243
-2118
-1565
-1085
-940
-653
-37
270
-104
-653
-1029
-1624
-2635
-3635
-4411
-5318
-6382
-7152
-7621
-8247
-9016
-9538
-9921
-10594
-11458
-12141
-12754
-13681
-14942
-16105
-16521
-15870
-14646
-13414
-11667
-8682
-5017
-1547
2187
6909
11753
15453
18363
21223
23388
24163
24200
23823
22106
18983
15780
12791
8993
4703
1443
-958
-3943
-7079
-8694
-9028
-9606
-10254
-9769
-8587
-7932
-7472
-6245
-4706
-3740
-2990
-1950
-1113
-741
-124
917
1642
1987
2735
3865
4626
5126
6064
7216
7834
8025
8295
8501
8334
7925
7297
6210
4872
3689
2455
914
-391
-910
-1086
-1489
-1724
-1275
-475
205
869
1646
2340
2898
3379
3584
3468
3448
3585
3257
2365
1718
1578
1146
83
-896
-1466
-2302
-3693
-4957
-5741
-6605
-7800
-8762
-9250
-9723
-10361
-10866
-11252
-11777
-12419
-13144
-14155
-15438
-16856
-18514
-19950
-19873
-18089
-16214
-14834
-12137
-7271
-2184
2001
7040
13651
19377
22730
25431
28496
30222
29856
28872
27344
23698
18629
14414
10600
5328
-232
-3806
-6465
-10230
-13699
-14638
-14182
-14429
-14693
-13531
-11650
-10248
-8986
-7326
-5615
-4160
-2938
-2117
-1545
-511
973
1957
2373
3309
4922
6157
6956
8315
10086
11162
11551
11962
12110
11486
10587
9709
8073
5529
3186
1331
-1007
-3800
-5764
-6715
-7755
-9012
-9373
-8353
-6665
-4937
-2999
-553
2214
4791
6815
8433
10031
11339
11518
10648
9856
9232
7705
5312
3199
1485
-665
-3113
-4902
-5981
-7199
-8555
-9229
-9432
-10017
-10474
-9973
-9445
-9930
-10572
-10546
-10626
-11521
-12855
-14128
-15414
-17306
-20096
-22578
-22780
-20587
-18179
-16571
-13639
-7644
-942
4067
9230
17015
23775
26485
28025
30582
32500
31669
29639
27659
24078
18360
13038
9001
4150
-1641
-5754
-8087
-11256
-15042
-16464
-15395
-14759
-15233
-14651
-12419
-10368
-9352
-8258
-6304
-4171
-2863
-2418
-1841
-355
1407
2369
2971
4425
6397
7601
8256
9606
11424
12383
12437
12522
12456
11446
9907
8541
6704
3828
938
-1219
-3506
-6328
-8492
-9449
-10241
-11281
-11509
-10361
-8567
-6741
-4700
-2136
948
4187
6928
8993
11025
13126
14229
13881
13202
12879
11850
9401
6599
4363
2035
-919
-3656
-5559
-7232
-8968
-10090
-10498
-10905
-11335
-11106
-10371
-10033
-10079
-9817
-9417
-9618
-10365
-11046
-11704
-12856
-14514
-16347
-18252
-19886
-20154
-18371
-15593
-13092
-9976
-4762
1471
6662
11513
17841
24158
27662
29154
31055
32519
31353
28573
25973
22253
16170
9981
5569
1190
-4379
-8958
-11304
-13562
-16727
-18492
-17640
-16214
-15794
-15216
-13220
-10622
-8731
-7416
-5600
-3066
-990
-234
231
1893
4142
5296
5729
7160
9303
10398
10574
11548
13253
13952
13409
12909
12562
11367
9339
7313
5251
2548
-560
-3340
-5728
-8002
-9944
-11193
-11821
-12085
-11937
-11048
-9196
-6657
-4051
-1517
1532
5229
8567
10824
12810
15188
16741
16381
15326
14869
13905
11135
7651
5024
2599
-843
-4370
-6534
-8016
-10050
-11908
-12343
-12033
-12153
-12167
-11207
-9924
-9303
-8985
-8189
-7433
-7623
-8345
-8728
-9115
-10429
-12411
-14142
-15812
-18003
-19531
-18422
-15245
-12664
-10815
-6827
-292
5509
9482
14587
21539
26419
27603
28449
30480
30669
27744
24392
21334
16236
9519
4248
361
-4569
-9918
-13128
-14797
-17198
-19466
-19255
-17195
-15703
-14991
-13385
-10489
-7615
-5670
-4087
-1833
831
2395
2582
3272
5496
7449
7649
7708
9232
10772
10770
10591
11722
12784
12173
10953
10380
9464
7350
5070
3252
923
-2294
-5156
-7027
-8813
-10846
-12154
-12369
-12285
-12220
-11411
-9253
-6187
-3076
-205
2974
6747
10380
12999
14825
16702
18324
18267
16595
15076
13820
11226
7320
3809
1138
-1910
-5455
-8018
-9294
-10531
-11827
-12077
-11384
-10801
-10179
-8783
-7131
-6102
-5401
-4372
-3414
-3346
-4005
-4712
-5465
-6723
-8640
-10824
-12777
-14717
-17288
-19832
-20235
-17860
-15020
-13355
-10669
-4835
1737
6142
10271
16903
23415
26005
26529
28436
30178
28589
25002
22172
18766
12796
6422
2154
-1442
-6241
-10736
-13072
-14468
-16494
-17957
-17153
-14995
-13594
-13026
-11611
-8724
-5892
-4513
-3523
-1156
1632
2454
1975
3161
6009
7371
6795
7323
9640
10823
9995
9995
11702
12242
10562
9076
8776
7707
4968
2391
911
-1037
-4177
-6967
-8408
-9353
-10631
-11623
-11460
-10533
-9672
-8586
-6126
-2387
943
3188
5700
9306
12471
13685
14319
15875
16636
14853
12190
10797
9519
6292
2219
-395
-2234
-5036
-7931
-9141
-9241
-9802
-10502
-10220
-9140
-8213
-7530
-6404
-5035
-4319
-4136
-3831
-3516
-3851
-5096
-6452
-7393
-8671
-10843
-13115
-14726
-16499
-19336
-21549
-20500
-16989
-14468
-13121
-9163
-2048
4057
7735
12755
20421
26106
27365
28044
30617
31575
28645
25067
22566
18295
11461
5466
1676
-2492
-7827
-11695
-13400
-15239
-17622
-18376
-16845
-14927
-13987
-13192
-11197
-8207
-5807
-4670
-3279
-481
1987
2313
2196
4244
7142
7888
7529
8986
11402
11979
11350
12085
13583
13277
11441
10284
9559
7534
4684
2421
330
-2526
-5501
-7612
-9139
-10644
-11834
-12184
-11807
-11059
-9973
-8260
-5553
-2114
950
3323
6215
9938
12792
13984
15008
16522
16802
14867
12574
11285
9414
5752
1884
-750
-3118
-6109
-8660
-9792
-10314
-11014
-11244
-10424
-9240
-8268
-7133
-5696
-4459
-3782
-3424
-3040
-2805
-3219
-4296
-5499
-6622
-8039
-9901
-11796
-13344
-14935
-17236
-19773
-20952
-19610
-16535
-13765
-11601
-7694
-1341
4785
9093
13804
20597
26166
27653
27761
29437
30456
27752
23408
20213
16283
9785
3356
-548
-3833
-8546
-12759
-14432
-15406
-17372
-18550
-17094
-14527
-13385
-13157
-11470
-8145
-5547
-4666
-3460
-473
2187
2487
2456
4775
8049
9108
8735
10090
12580
13208
12305
12549
13830
13546
11196
9207
8297
6416
3280
685
-1113
-3513
-6621
-8829
-9571
-10029
-10865
-11237
-10262
-8601
-7310
-5918
-3159
739
3799
5406
7474
10960
13641
14002
14020
15081
15276
12872
9923
8758
7507
3906
-208
-2271
-3515
-6092
-8676
-9051
-8316
-8654
-9424
-8635
-6747
-5698
-5310
-4243
-2790
-2346
-2955
-3191
-2737
-2929
-4385
-5962
-6730
-7626
-9551
-11594
-12733
-13618
-15624
-18445
-19982
-18968
-16280
-13637
-11702
-8645
-3077
2877
7115
11114
17240
23307
25435
25225
26461
28041
26310
22215
19240
16332
10660
4190
249
-2500
-6854
-11545
-13618
-14262
-16172
-18059
-17284
-14652
-13171
-13181
-12090
-8941
-5960
-4790
-3840
-1004
2272
3158
2920
4839
8385
10049
9560
10430
12996
13850
12575
12283
13505
13318
10801
8530
7596
5933
2847
142
-1385
-3155
-5885
-8110
-9007
-9361
-9901
-10355
-9788
-8492
-7539
-6706
-4806
-1618
1046
2324
4147
7568
10437
10999
11283
13109
14321
12691
10193
9483
9088
6276
2296
197
-675
-2887
-5798
-6852
-6313
-6465
-7481
-7272
-5504
-4307
-4220
-3669
-2183
-1357
-1956
-2536
-2122
-1958
-3222
-4837
-5427
-5806
-7461
-9548
-10568
-11239
-13211
-16075
-18156
-19312
-19787
-18584
-15647
-13086
-11003
-6811
-588
4603
8314
13696
20373
23951
24335
25517
27811
27390
23900
20925
18515
13693
7211
2580
-316
-4416
-9441
-12424
-13540
-15290
-17347
-17366
-15201
-13403
-13113
-12215
-9251
-5868
-4177
-3214
-575
2736
3983
3828
5354
8625
10214
9662
10220
12437
13221
11886
11391
12451
12264
9806
7652
6896
5411
2457
-145
-1584
-3345
-6075
-8324
-9297
-9812
-10678
-11287
-10804
-9726
-8945
-8205
-6340
-3273
-532
1230
3351
6671
9667
10963
11963
13911
15213
14272
12486
11907
11332
8756
5302
3147
1686
-896
-3776
-5060
-5186
-5990
-7215
-7133
-6008
-5440
-5485
-4888
-3707
-3322
-3966
-4312
-3902
-3888
-4846
-5980
-6433
-6960
-8480
-10049
-10786
-11290
-13013
-15415
-16884
-18179
-19846
-19948
-16972
-13334
-11872
-9950
-4151
2650
6672
10040
16513
23218
25274
25065
26899
29016
27527
23507
20580
17847
12249
5832
1792
-1232
-5671
-10556
-13104
-14080
-15773
-17356
-16811
-14487
-12887
-12480
-11042
-7738
-4605
-3212
-2028
847
3925
4836
4907
6828
9838
10988
10533
11230
13018
13333
11999
11460
11937
11299
9082
7036
5667
3703
1094
-1184
-2952
-4963
-7234
-8899
-9816
-10351
-10787
-10989
-10458
-9390
-8298
-7145
-5140
-1964
948
2828
4931
8171
11168
12358
13002
14492
15346
13973
11884
10936
9961
7161
3629
1410
-92
-2337
-4750
-5838
-5870
-6381
-7171
-6996
-5940
-5211
-5270
-5027
-4175
-3929
-4670
-5328
-4993
-4800
-6027
-7434
-7705
-7767
-9048
-10797
-11269
-11364
-12887
-15104
-16565
-17626
-18477
-17546
-14304
-11547
-10347
-7062
-774
4862
7971
12130
19194
24054
24485
24790
27332
28370
25188
21274
18983
15378
9050
3302
118
-3079
-7931
-12056
-13714
-14692
-16539
-17358
-15758
-13366
-12295
-11820
-9323
-5733
-3492
-2600
-697
2841
4814
4696
5388
8216
10569
10256
9776
11162
12461
11613
10121
10194
10554
9082
6629
5046
4041
2264
-124
-1956
-3205
-4764
-6665
-8059
-8590
-8706
-9124
-9427
-8803
-7742
-6986
-6206
-4075
-1033
1085
2592
5081
8498
10787
11586
12904
14794
15226
13760
12507
12322
11053
7924
4761
2943
1179
-1744
-4406
-5518
-5892
-6917
-7976
-7833
-6863
-6391
-6601
-6126
-5059
-4740
-5283
-5441
-4763
-4758
-5859
-6534
-6241
-6417
-7900
-9108
-9050
-9357
-11199
-13227
-14141
-15442
-17660
-17847
-14848
-11945
-11572
-9987
-4244
1937
5111
7950
14506
21113
22855
22567
24718
27476
25908
21744
19346
17206
11841
5186
1395
-853
-5188
-10387
-12712
-12998
-14534
-16718
-16190
-13174
-11499
-11900
-10876
-6988
-3641
-2978
-2292
1050
4464
4672
3984
6120
9561
9920
8191
8709
10944
10877
8657
8185
9618
9308
6614
4914
5007
4287
1867
-123
-656
-1663
-4000
-5924
-6404
-6585
-7599
-8759
-8443
-7480
-7333
-7347
-5853
-2698
-518
405
2379
6144
9289
10046
10915
13341
14910
13690
11935
11947
11779
8970
5231
3479
2495
-117
-3281
-4500
-4419
-5506
-7027
-7094
-6058
-5641
-6499
-6504
-5150
-4769
-5738
-6193
-5129
-4491
-5760
-6746
-6036
-5372
-6590
-8250
-8181
-7862
-9488
-12023
-13141
-13890
-16262
-17823
-15850
-12322
-11354
-11116
-6590
200
4355
6437
11593
19076
22540
22251
23527
26855
27013
23150
20140
18640
14629
7974
3202
941
-2511
-7804
-11260
-11848
-12936
-15440
-16232
-13871
-11570
-11806
-11852
-8827
-5045
-3871
-3906
-1436
2394
3389
2279
3372
6878
8240
6700
6579
8820
9616
7903
7264
8726
9138
7219
5680
5895
5540
3607
1925
1483
745
-1429
-3463
-4154
-4618
-6013
-7620
-7939
-7521
-7925
-8541
-7550
-5098
-3348
-2652
-872
2607
5647
6947
8371
11079
12989
12662
11858
12254
12346
10400
7536
5717
4365
1898
-893
-2415
-3162
-4591
-6284
-6723
-6313
-6440
-7053
-6929
-5831
-5469
-6123
-6154
-5119
-4572
-5443
-5953
-5176
-4648
-5645
-6861
-6780
-6808
-8480
-10705
-11646
-12419
-15088
-17866
-17314
-14233
-12507
-12636
-10270
-4148
1209
3896
7442
14504
20592
22018
22477
25345
27813
25828
22279
20779
18654
12821
6439
3443
1200
-3718
-9047
-10808
-11023
-13484
-16178
-15172
-11909
-11098
-12300
-10901
-6618
-4060
-4310
-3425
348
3043
2222
1751
4453
7462
7241
5972
7143
9154
8878
7542
8318
9945
9447
7634
7190
7764
6962
4887
3683
3323
1708
-1170
-3223
-4007
-5236
-7496
-9318
-9624
-9674
-10665
-11204
-9652
-6919
-5114
-3926
-1317
2867
6161
7705
9639
12628
14455
13969
13242
13586
13366
10932
7670
5716
4170
1418
-1727
-3450
-4072
-5273
-6951
-7504
-6936
-6770
-7322
-7132
-5948
-5495
-5984
-5951
-4869
-4409
-5315
-5803
-5151
-4954
-6296
-7498
-7397
-7520
-9272
-11364
-12237
-13245
-15799
-17763
-16445
-13404
-12127
-11919
-8692
-2691
2018
4670
8915
15732
20394
21264
22114
24974
26383
23910
20888
19250
16239
10340
5240
2894
140
-4836
-9070
-10052
-10680
-13091
-14792
-13266
-10893
-11015
-11887
-10140
-6511
-4689
-4741
-3478
-189
1768
1204
1582
4432
6955
6728
6078
7598
9530
9394
8730
9821
10939
9999
8379
8070
8201
7006
4817
3361
2316
223
-2314
-4000
-4993
-6467
-8490
-9917
-10108
-10032
-10428
-10213
-8306
-5795
-4272
-2921
-12
3984
6638
7918
9946
12692
13973
13399
13281
13968
13440
10856
8122
6785
5318
2592
-7
-1192
-2072
-3908
-5546
-5640
-5117
-5587
-6430
-6042
-5078
-5128
-5787
-5460
-4494
-4660
-5725
-5986
-5278
-5309
-6589
-7420
-7327
-7803
-9484
-10995
-11468
-12397
-14806
-17352
-17811
-16233
-14582
-13458
-11877
-8266
-3342
844
4393
8994
14958
19225
20678
21946
24212
25274
23455
20971
19205
16114
10983
6440
3872
877
-3705
-7494
-8913
-10060
-12634
-14244
-13066
-11274
-11521
-12299
-10427
-6993
-5355
-5358
-3896
-580
1373
994
1471
4349
6687
6363
5738
7267
9109
8843
8022
8962
10277
9602
7895
7541
7974
6892
4672
3315
2569
713
-2090
-3996
-4706
-6048
-8531
-10205
-10088
-9643
-10309
-10528
-8423
-5436
-3730
-2528
712
5263
8061
8969
10785
13845
15160
14021
13221
13891
13281
10050
6855
5735
4624
1659
-1177
-1990
-2296
-3989
-5695
-5401
-4411
-4974
-6082
-5690
-4589
-4912
-6157
-6037
-4952
-5152
-6633
-7157
-6217
-5950
-7180
-8055
-7644
-7561
-8874
-10299
-10705
-11282
-13441
-15936
-16219
-14307
-12428
-11839
-10642
-6617
-1689
1795
4735
9758
15879
19051
19786
21561
24436
24877
22378
20503
19326
15700
10022
6128
4277
920
-4326
-7834
-8687
-10293
-13535
-14973
-13212
-11672
-12603
-13193
-10523
-6935
-5830
-5785
-3442
283
1607
1021
2252
5544
7240
6378
6260
8163
9427
8537
8014
9186
9879
8610
7019
6959
6885
5218
3060
1892
1057
-1076
-3770
-5305
-5901
-7213
-9407
-10605
-10123
-9677
-10219
-9951
-7428
-4444
-3040
-1797
1556
5803
8002
8817
10878
13789
14763
13672
13390
14056
13137
10123
7594
6612
5003
1943
-574
-1357
-2245
-4501
-6198
-5894
-5393
-6475
-7587
-6751
-5542
-6038
-6950
-6182
-4638
-4958
-6389
-6113
-4511
-4192
-5548
-6078
-5281
-5311
-6893
-8219
-8374
-9229
-11721
-14569
-16036
-15757
-14752
-13515
-12295
-10315
-6733
-2434
1788
5852
10887
16215
19290
20766
22674
24788
25000
23295
21480
19086
14868
9978
6614
3824
-387
-5020
-7879
-9410
-11852
-14257
-14267
-12558
-11861
-12607
-11892
-8656
-5637
-4573
-3591
-877
1959
2549
2280
3892
6632
7624
6830
6957
8442
9060
8303
8279
9357
9452
8011
6861
6864
6240
4328
2658
1754
246
-2594
-4992
-5787
-6475
-8513
-10699
-11033
-10213
-10273
-10788
-9365
-5993
-3467
-2476
-417
3791
7591
9152
10379
12906
15031
14813
13542
13441
13390
11209
7755
5487
4276
1974
-1191
-2976
-3444
-4797
-6880
-7431
-6410
-6239
-7278
-7281
-5910
-5322
-6207
-6395
-5014
-4169
-5162
-6141
-5287
-4222
-4883
-6149
-6055
-5498
-6444
-8376
-9389
-9663
-11222
-14241
-16729
-16763
-15075
-13758
-13182
-11632
-7514
-2650
1064
4674
10011
15999
19399
20774
22739
25247
25654
23648
21832
19699
15361
9953
6399
4038
-364
-5720
-8761
-9709
-11833
-14996
-15345
-12856
-11491
-12540
-12272
-8616
-4932
-3987
-3561
-753
2546
3195
2642
4171
7082
7995
6944
6984
8512
9114
8229
8209
9499
9559
7888
6762
7090
6663
4467
2523
1800
600
-2306
-4953
-5730
-6086
-7912
-10250
-10701
-9786
-9554
-9983
-8851
-5755
-3184
-2026
-165
3720
7459
9127
10140
12341
14481
14492
13325
13123
13382
11684
8395
6078
5017
3094
30
-2034
-2652
-3724
-5904
-6929
-6121
-5709
-6666
-7159
-5951
-5039
-5585
-5878
-4631
-3501
-4179
-5154
-4538
-3262
-3464
-4606
-4779
-4323
-4999
-6732
-7859
-8315
-9712
-12496
-15228
-17073
-17824
-17296
-15767
-14316
-13147
-10139
-5105
-195
3654
8281
14486
19054
20828
22275
24850
26240
24640
22182
19860
16177
11027
6803
3885
-86
-5073
-8526
-9925
-11801
-14451
-14986
-12913
-11397
-11900
-11534
-8332
-4851
-3652
-3125
-848
2064
2862
2374
3490
5955
6994
6107
5966
7299
8142
7516
7244
8346
8711
7588
6537
6723
6480
4592
2731
1715
419
-2313
-4871
-5770
-6445
-8411
-10620
-10935
-10142
-10149
-10556
-9266
-6145
-3514
-2029
246
4281
8109
10146
11477
13612
15649
15891
14817
14239
14002
12016
8635
6096
4585
2271
-863
-2812
-3449
-4560
-6467
-7089
-6087
-5582
-6253
-6286
-4852
-3938
-4376
-4515
-3315
-2420
-3292
-4309
-3753
-2720
-3295
-4739
-4900
-4397
-5250
-7253
-8372
-8524
-9866
-12808
-15606
-17155
-17555
-16997
-15462
-13971
-12539
-9309
-4201
777
4662
9499
15661
20031
21667
23017
25467
26574
24876
22191
19372
15362
10268
6161
2854
-1499
-6286
-9388
-10885
-13108
-15553
-15504
-13284
-11998
-12544
-11721
-8106
-4725
-3656
-2936
-292
2546
3012
2499
3809
6321
7053
6005
5875
7167
7832
7122
6968
7994
8257
7064
6075
6289
6004
4193
2416
1466
80
-2619
-5123
-6096
-6850
-8822
-10949
-11362
-10609
-10500
-10687
-9214
-5977
-3228
-1748
513
4523
8253
9979
11150
13398
15399
15361
14135
13832
13782
11758
8427
6201
5014
2729
-384
-2236
-2907
-4203
-6125
-6595
-5778
-5719
-6555
-6437
-5116
-4580
-5002
-4682
-3349
-2739
-3473
-3969
-3314
-2672
-3228
-4182
-4363
-4363
-5326
-6850
-7781
-8419
-9957
-12434
-14783
-16683
-17986
-17819
-16032
-14245
-13275
-10809
-5633
-78
3880
8074
14307
19798
22127
23309
25801
27885
26879
24118
21541
18178
13036
8058
4571
703
-4474
-8766
-10660
-12257
-14850
-15998
-14291
-12279
-12234
-12091
-9272
-5392
-3320
-2583
-700
2166
3517
3217
3673
5520
6663
5951
5153
5740
6560
6382
6111
6864
7589
7068
6235
6348
6508
5311
3639
2625
1441
-1020
-3846
-5436
-6408
-8275
-10635
-11781
-11571
-11447
-11554
-10516
-7777
-4706
-2447
-73
3564
7652
10522
12252
14150
16129
16743
15797
14798
14107
12262
8988
5997
3932
1512
-1604
-3952
-4998
-6092
-7709
-8401
-7587
-6883
-7094
-6871
-5424
-4204
-4269
-4286
-3170
-2093
-2503
-3502
-3445
-2791
-3075
-4278
-4902
-4750
-5316
-6917
-8197
-8711
-9787
-12015
-14494
-16507
-17834
-17908
-16420
-14654
-13545
-11355
-6555
-1078
2907
7076
13242
18939
21382
22428
24962
27355
26574
23795
21533
18548
13334
8039
4663
1239
-3966
-8597
-10511
-11846
-14633
-16174
-14310
-11935
-11856
-11866
-9007
-4934
-2848
-2263
-336
2731
3973
3423
3760
5537
6558
5805
5098
5740
6532
6194
5969
7049
8020
7549
6710
6948
7224
6058
4375
3530
2597
43
-2973
-4585
-5468
-7292
-9640
-10678
-10449
-10436
-10575
-9281
-6322
-3451
-1483
757
4268
7975
10325
11754
13557
15328
15506
14268
13299
12773
11155
8086
5275
3438
1341
-1471
-3666
-4609
-5586
-7155
-8034
-7541
-6924
-7090
-6959
-5716
-4534
-4520
-4628
-3585
-2460
-2673
-3595
-3689
-3136
-3390
-4666
-5613
-5676
-6218
-7874
-9476
-10231
-11043
-12934
-15395
-17198
-17681
-16928
-15412
-13812
-12054
-8894
-4158
576
4608
9277
15028
19544
21595
23048
25209
26288
24879
22531
20170
16481
11267
6758
3572
-331
-5343
-9022
-10557
-12340
-15007
-15814
-13863
-12113
-12212
-11652
-8536
-4989
-3385
-2532
-183
2667
3666
3350
4114
5974
6808
6142
5823
6701
7273
6865
6841
7747
8124
7293
6635
6773
6375
4717
3175
2390
901
-1964
-4541
-5695
-6689
-8703
-10658
-11019
-10287
-9960
-9654
-7860
-4647
-1694
316
2765
6455
9959
11796
12868
14545
15955
15454
13719
12663
12032
9933
6513
3885
2440
453
-2379
-4275
-4785
-5568
-7168
-7812
-6911
-6272
-6741
-6637
-5136
-4066
-4491
-4662
-3407
-2452
-3212
-4263
-3946
-3251
-3946
-5492
-6045
-5924
-6841
-8722
-10048
-10674
-11957
-14438
-16822
-17381
-16046
-14419
-13498
-12003
-8332
-3411
656
4211
9297
15438
19513
20990
22700
25247
25918
24033
21957
20110
16233
10520
6105
3472
-328
-5674
-9308
-10366
-11937
-14974
-16108
-13898
-11797
-12164
-12183
-9136
-5257
-3747
-3370
-1092
2293
3555
2867
3468
5951
7323
6400
5807
7152
8241
7491
6881
7934
8731
7604
6203
6231
6188
4335
2063
1140
258
-2384
-5447
-6731
-7049
-8519
-10625
-11021
-9533
-8425
-8324
-7067
-3648
-210
1518
3071
6347
9964
11526
11672
12772
14423
14120
11943
10567
10322
8754
5317
2578
1713
487
-2371
-4641
-4771
-4917
-6628
-7850
-6881
-5743
-6398
-7148
-5817
-4061
-4342
-5200
-4231
-2698
-2955
-4243
-4322
-3278
-3429
-5242
-6432
-6231
-6697
-8667
-10564
-11400
-12408
-14836
-17220
-16915
-14355
-12643
-12234
-10045
-4926
183
3359
6982
13118
18904
21069
21733
24195
26604
25583
22575
20797
18917
14007
7932
4414
2291
-1955
-7254
-9857
-10359
-12237
-15016
-15084
-12443
-11020
-11760
-11142
-7704
-4496
-3596
-2944
-314
2649
3283
2764
4059
6686
7675
6706
6489
7964
8803
7881
7384
8393
8707
7097
5484
5280
4938
2884
409
-819
-1851
-4265
-7035
-8261
-8394
-9305
-10885
-11107
-9466
-7791
-7016
-5532
-2207
1232
3060
4571
7593
10973
12308
12065
12642
13817
13193
10891
9427
9024
7237
3699
1082
370
-761
-3381
-5277
-5229
-5353
-6962
-7926
-6805
-5698
-6390
-7081
-5861
-4351
-4640
-5355
-4425
-3008
-3302
-4554
-4464
-3403
-3717
-5421
-6333
-6211
-6977
-9070
-10795
-11620
-13202
-16054
-17662
-16132
-13613
-12851
-12229
-8521
-2789
1277
3931
8834
15748
20066
20817
22136
25301
26452
23946
21209
19878
16884
10984
5818
3353
521
-4537
-8785
-10088
-10975
-13530
-15280
-13737
-11296
-11123
-11588
-9502
-5802
-3734
-3358
-1723
1622
3641
3349
3599
6036
8301
8143
7303
8255
9787
9552
8432
8697
9628
8847
6779
5712
5530
4215
1592
-470
-1486
-3193
-6025
-8057
-8473
-8766
-9917
-10725
-9756
-7836
-6593
-5497
-2969
502
2911
4081
6039
9198
11307
11407
11381
12332
12540
10784
9006
8712
7993
5275
2347
1200
636
-1368
-3707
-4279
-4179
-5461
-7126
-7079
-6002
-6109
-7132
-6896
-5559
-5187
-5819
-5562
-4144
-3564
-4512
-4990
-4123
-3797
-5087
-6422
-6608
-6964
-8779
-10841
-11802
-12926
-15459
-17548
-16650
-13866
-12479
-12025
-8924
-3197
1454
4131
8222
14824
19749
20749
21367
24018
25552
23368
20166
18579
16203
10764
5225
2515
284
-4097
-8440
-9923
-10319
-12361
-14289
-13275
-10876
-10330
-10912
-9524
-6301
-4179
-3787
-2598
378
2658
2735
2728
4737
7297
7842
7192
7901
9664
10073
9033
8785
9623
9409
7437
5645
4970
3892
1473
-1028
-2351
-3602
-6004
-8183
-8785
-8760
-9338
-9891
-9033
-7023
-5507
-4542
-2285
1230
3800
4810
6241
9088
11222
11185
10679
11365
11879
10325
8056
7284
7022
5094
2208
761
511
-659
-2663
-3476
-3096
-3595
-5034
-5520
-4800
-4666
-5625
-5926
-5032
-4612
-5337
-5589
-4428
-3568
-4185
-4815
-4224
-3537
-4308
-5730
-6170
-6248
-7586
-9863
-11462
-12646
-14768
-16938
-16738
-14183
-12485
-12143
-9627
-4119
971
3790
7419
13804
19106
20409
20706
23160
25057
23085
19630
17729
15498
10268
4541
1596
-488
-4561
-8949
-10511
-10710
-12409
-14079
-13074
-10542
-9697
-10160
-8848
-5722
-3542
-3150
-2141
497
2578
2763
2772
4663
7055
7625
7190
7903
9559
10001
9241
9117
9687
9312
7464
5724
4739
3337
959
-1455
-3017
-4531
-6655
-8513
-9315
-9346
-9500
-9691
-8966
-7135
-5214
-3858
-1989
1052
3874
5260
6345
8576
10735
11024
10264
10446
11068
9934
7570
6273
5942
4445
1673
-36
-310
-1209
-3173
-4237
-3776
-3809
-5031
-5639
-4875
-4313
-5050
-5546
-4619
-3775
-4348
-4981
-4085
-3028
-3422
-4264
-4036
-3308
-3948
-5593
-6330
-6463
-7700
-10037
-11771
-12952
-15024
-17129
-16811
-14009
-12028
-11542
-8907
-3157
2219
5126
8633
14920
20217
21457
21393
23432
25134
22985
19250
16973
14501
9375
3777
820
-1161
-4892
-8872
-10143
-10088
-11509
-12907
-11787
-9268
-8403
-8968
-7925
-5051
-3003
-2784
-2233
33
2124
2405
2335
4093
6698
7622
7261
7895
9665
10415
9730
9467
9978
9596
7646
5659
4565
3103
539
-1997
-3593
-5065
-7162
-8989
-9590
-9404
-9457
-9552
-8537
-6523
-4726
-3498
-1631
1390
3920
4985
5928
7944
9785
9772
8954
9149
9593
8519
6481
5420
5119
3771
1498
155
-130
-1080
-2746
-3544
-3319
-3612
-4752
-5139
-4490
-4319
-5129
-5469
-4488
-3811
-4446
-4889
-3985
-3011
-3429
-4173
-3860
-3261
-4018
-5669
-6411
-6686
-8008
-10230
-11962
-13241
-15508
-17799
-17572
-14825
-12645
-12020
-9567
-3943
1703
4982
8471
14647
20217
21770
21488
23119
24893
22955
19100
16625
14211
9312
3643
476
-1224
-4481
-8511
-9968
-9717
-10867
-12261
-11277
-8715
-7644
-8241
-7564
-4951
-2827
-2530
-2153
-96
2108
2588
2384
3976
6735
8103
7953
8418
10257
11336
10806
10431
10907
10711
8751
6517
5162
3592
955
-1768
-3484
-5027
-7145
-9041
-9709
-9374
-9293
-9353
-8382
-6253
-4241
-3122
-1495
1447
4164
5244
5785
7621
9653
9783
8720
8610
9165
8251
6150
5015
4826
3571
1143
-296
-518
-1348
-3083
-4034
-3708
-3882
-5054
-5543
-4830
-4440
-5213
-5704
-4799
-3900
-4291
-4836
-4034
-2841
-2964
-3754
-3608
-2889
-3352
-4981
-6079
-6517
-7690
-9972
-12090
-13636
-15819
-18158
-18289
-15730
-13239
-12293
-10066
-4610
1497
5304
8632
14511
20520
22646
22178
23166
24897
23402
19277
16126
13713
9099
3169
-407
-2016
-5005
-9097
-10725
-10007
-10521
-12125
-11503
-8549
-6838
-7415
-7232
-4752
-2310
-2028
-2213
-521
1892
2577
2012
2951
5649
7479
7419
7594
9350
10799
10518
9902
10273
10388
8702
6393
5003
3597
948
-1867
-3479
-4748
-6763
-8798
-9512
-9000
-8643
-8694
-7873
-5648
-3306
-1947
-675
1841
4837
6376
6632
7673
9565
10128
8950
8137
8446
7981
6013
4465
4139
3259
1162
-346
-465
-832
-2318
-3438
-3205
-3066
-4098
-4996
-4643
-4104
-4666
-5402
-4967
-4048
-4002
-4539
-4245
-3122
-2645
-3200
-3558
-3053
-2938
-4189
-5756
-6603
-7452
-9397
-11880
-13886
-15762
-17614
-17872
-15638
-13045
-11822
-9773
-4553
1803
5880
8999
14501
20527
22863
22308
22839
24347
23111
19012
15422
12671
8183
2522
-1072
-2915
-5936
-9706
-11267
-10768
-11228
-12597
-11856
-9017
-7274
-7627
-7423
-5045
-2470
-1778
-1909
-567
1813
2924
2636
3272
5778
7884
7944
7771
9151
10687
10479
9581
9741
9852
8138
5671
4342
3206
592
-2378
-3907
-4793
-6707
-8901
-9527
-8764
-8321
-8564
-7920
-5731
-3369
-2018
-864
1549
4521
6090
6373
7226
9014
9781
8723
7741
7905
7678
6007
4399
3815
2939
1091
-377
-741
-1247
-2650
-3702
-3530
-3332
-4255
-5198
-4728
-3913
-4326
-5073
-4723
-3778
-3482
-4011
-4140
-3222
-2518
-3026
-3754
-3556
-3262
-4191
-5810
-6879
-7637
-9252
-11683
-13907
-15622
-16675
-16134
-13855
-11690
-10418
-7620
-1920
3976
7618
11086
16720
21849
23207
22666
23453
24290
22199
18187
14879
11550
6497
1423
-1337
-3429
-7072
-10395
-10950
-10421
-11434
-12533
-10935
-7935
-6856
-7430
-6617
-3795
-1527
-1286
-1282
328
2444
3106
2890
3928
6203
7558
7394
7572
8958
9813
9247
8852
9276
8683
6372
4462
3850
2448
-675
-3278
-4000
-4825
-7090
-8933
-8724
-7712
-7644
-7805
-6637
-4475
-2625
-1361
222
2514
4532
5534
6123
7138
8202
8298
7540
7007
6807
5957
4513
3603
3121
1903
154
-785
-977
-1775
-3153
-3715
-3428
-3718
-4793
-5316
-4850
-4570
-5035
-5284
-4906
-4554
-4481
-4380
-4001
-3549
-3350
-3493
-3781
-4004
-4322
-5092
-6259
-7473
-8726
-10401
-12646
-14862
-16140
-15775
-13960
-11982
-10549
-8222
-3584
2128
6479
9906
14610
19699
22184
22158
22552
23438
22071
18548
15304
12189
7404
2158
-765
-2424
-5769
-9669
-10771
-9872
-10472
-12036
-11200
-8219
-6602
-7050
-6634
-4205
-1831
-1070
-837
409
2238
3319
3632
4472
6339
7896
8223
8366
9446
10487
10153
9429
9635
9457
7260
4620
3661
2984
268
-3137
-4457
-4617
-6222
-8524
-8918
-7576
-6948
-7275
-6522
-4301
-2277
-1153
235
2463
4406
5308
5981
7225
8318
8297
7623
7331
7212
6250
4714
3861
3582
2420
344
-860
-839
-1304
-2814
-3835
-3603
-3581
-4563
-5280
-4958
-4573
-4997
-5438
-5122
-4750
-4833
-4845
-4420
-4042
-4170
-4302
-4184
-4235
-4675
-5424
-6267
-7222
-8500
-10175
-12269
-14458
-15961
-16020
-14492
-12527
-11005
-8918
-4832
679
5459
9116
13482
18551
21837
22449
22553
23298
22583
19486
15938
12740
8415
3098
-546
-2282
-5005
-9017
-11126
-10446
-10178
-11622
-11780
-9261
-6875
-6785
-7031
-5351
-2921
-1723
-1499
-763
783
2158
2964
3822
5336
7112
8215
8709
9479
10491
10749
10208
9961
9854
8262
5403
3503
2833
1039
-2447
-4886
-5170
-5789
-7869
-9157
-8020
-6264
-5928
-5801
-4149
-1686
25
1176
2885
4711
5607
5946
6701
7631
7688
6939
6408
6246
5579
4231
3343
3398
3130
1597
-33
-334
-90
-850
-2241
-2783
-2589
-3072
-4260
-4844
-4531
-4450
-5074
-5483
-5280
-5149
-5280
-5064
-4441
-4221
-4602
-4834
-4745
-4971
-5872
-7005
-7923
-8991
-10688
-12906
-15020
-16113
-15549
-13572
-11464
-9893
-7431
-2751
2899
7350
10855
15307
20087
22517
22378
22210
22578
21102
17241
13358
10033
5453
111
-3064
-4219
-6717
-10488
-11743
-10050
-9405
-10848
-10613
-7388
-5027
-5704
-6343
-4345
-1898
-1538
-1970
-1028
694
1627
2231
3765
5970
7698
8699
9709
10989
11776
11628
11219
11069
10237
7694
4473
2407
1114
-1372
-4913
-7126
-7508
-8234
-9959
-10460
-8646
-6503
-5645
-4819
-2700
-209
1436
2787
4598
6058
6356
6348
6962
7516
7051
6074
5658
5450
4508
3103
2464
2678
2397
1073
-205
-524
-575
-1349
-2405
-2802
-2832
-3381
-4367
-4892
-4761
-4733
-5044
-5234
-5107
-5008
-4972
-4559
-3930
-3793
-4115
-4213
-4048
-4372
-5466
-6556
-7328
-8454
-10493
-13047
-15212
-16362
-15984
-13977
-11488
-9633
-7342
-2799
3318
8273
11771
16055
21026
23728
23273
22386
22403
21024
17107
12718
9002
4592
-589
-3883
-4860
-6577
-9712
-11029
-9401
-8201
-9192
-9272
-6548
-4120
-4702
-6055
-5059
-2929
-2411
-2958
-2362
-628
626
1473
3335
6128
8470
9881
11228
12890
13774
13296
12531
12213
11132
7948
3926
1287
-292
-2863
-6403
-8584
-8778
-9072
-10280
-10449
-8342
-5721
-4370
-3399
-1495
698
2071
3014
4348
5443
5436
5025
5260
5777
5496
4714
4583
4938
4567
3397
2770
3203
3359
2208
613
-173
-388
-1188
-2545
-3432
-3656
-3993
-4836
-5541
-5569
-5323
-5238
-5192
-5013
-4830
-4724
-4348
-3760
-3670
-4209
-4718
-4772
-5040
-6215
-7759
-8882
-9896
-11635
-14176
-16374
-16968
-15567
-12775
-10026
-7789
-4738
421
6464
11029
14214
18053
22148
23847
22600
20833
19786
17784
13959
9637
5623
1358
-2683
-4851
-5444
-6790
-8861
-9090
-7294
-6408
-7399
-7473
-5285
-3648
-4734
-6514
-6282
-4710
-3984
-4004
-3133
-1126
1016
3065
5691
8839
11587
13571
15184
16335
16227
14779
13196
11986
9778
5592
964
-1963
-3618
-5960
-8803
-10065
-9379
-8672
-8781
-8139
-5782
-3150
-1639
-674
601
1677
2031
2388
3231
3653
3059
2551
3236
4295
4412
4129
4838
6134
6346
5315
4606
4792
4561
2987
895
-632
-1735
-3051
-4397
-5171
-5456
-5732
-5940
-5702
-5173
-4797
-4394
-3615
-2892
-2870
-3225
-3073
-2560
-2708
-3698
-4639
-5076
-5669
-6966
-8471
-9602
-10597
-12008
-13920
-15883
-17081
-16499
-13807
-10308
-7570
-5156
-1209
4456
9613
12967
15880
19371
21843
21599
19686
18013
16414
13837
10537
7176
3466
-386
-2759
-3135
-3530
-5282
-6665
-6028
-5069
-6045
-7745
-7628
-6318
-6561
-8553
-9715
-8814
-7196
-5971
-4486
-2059
786
3566
6666
10174
13212
15061
16193
17059
16838
14767
11846
9639
7816
4678
290
-3250
-4855
-5697
-6894
-7715
-7185
-5911
-4987
-4352
-3281
-1856
-851
-462
-318
-386
-765
-973
-398
624
1186
1405
2315
4206
6098
7128
7737
8616
9312
8883
7362
5712
4397
2889
786
-1549
-3543
-4954
-5798
-6017
-5758
-5444
-5121
-4455
-3478
-2785
-2634
-2483
-2066
-1955
-2568
-3500
-4103
-4421
-4901
-5610
-6302
-6874
-7435
-8051
-8682
-9415
-10361
-11532
-12910
-14137
-14321
-12697
-9754
-6902
-4515
-1540
2668
7184
10859
13910
16833
19005
19567
18751
17330
15410
12994
10633
8353
5255
1389
-1503
-2397
-2727
-4115
-5786
-6269
-6119
-6867
-8318
-9033
-8887
-9005
-9607
-9860
-9397
-8470
-6821
-4004
-609
2270
4686
7632
11121
13837
15011
15379
15607
15091
13085
10144
7390
5043
2666
154
-2116
-3835
-4888
-5168
-4813
-4269
-3851
-3474
-3006
-2660
-2700
-2978
-3234
-3428
-3636
-3829
-3742
-3107
-1759
147
2078
3767
5411
7232
8935
9959
10191
9881
9096
7710
5684
3293
1020
-915
-2550
-3945
-4966
-5467
-5505
-4973
-3850
-2719
-2138
-1988
-1751
-1452
-1622
-2323
-3157
-3785
-4300
-5018
-5787
-6145
-5995
-5730
-5635
-5614
-5664
-6012
-6656
-7391
-8355
-9981
-12267
-14292
-14844
-13566
-11219
-8659
-5783
-2043
2449
6962
11155
15094
18401
20474
21146
20601
18843
16088
13250
10898
8413
5003
1288
-1238
-2215
-2702
-3494
-4195
-4446
-4774
-5693
-6869
-7823
-8686
-9587
-10181
-10302
-10239
-9860
-8374
-5417
-1802
1502
4539
7793
11052
13531
14916
15480
15277
14136
12169
9669
6798
3882
1491
-240
-1697
-3019
-3827
-3926
-3594
-3087
-2521
-2167
-2290
-2792
-3362
-3949
-4721
-5511
-5883
-5678
-5079
-4132
-2497
-133
2449
4848
7077
9062
10305
10581
10390
10016
8975
6911
4344
2041
81
-1764
-3241
-3961
-4070
-4016
-3850
-3241
-2337
-1720
-1512
-1456
-1606
-2357
-3566
-4533
-5053
-5517
-6125
-6511
-6296
-5662
-5026
-4461
-3837
-3287
-3162
-3609
-4487
-5788
-7602
-9830
-12328
-14849
-16686
-16765
-14741
-11460
-7847
-3945
551
5432
10202
14451
17776
19791
20409
19801
17979
15106
11855
8975
6648
4488
2327
500
-534
-699
-343
33
-34
-808
-2256
-4136
-6236
-8400
-10389
-11898
-12719
-12742
-11877
-10122
-7466
-3904
413
4973
9016
12027
13971
15088
15481
15015
13577
11275
8402
5409
2780
743
-669
-1383
-1334
-763
-167
208
463
655
599
35
-1138
-2848
-4892
-6836
-8140
-8583
-8329
-7521
-6024
-3738
-895
2163
5186
7950
10105
11296
11419
10642
9241
7446
5453
3420
1451
-352
-1767
-2546
-2605
-2069
-1262
-536
-88
92
47
-312
-1115
-2349
-3812
-5235
-6453
-7406
-8005
-8132
-7738
-6863
-5645
-4356
-3285
-2531
-2011
-1785
-2140
-3285
-5049
-7108
-9383
-12012
-14853
-17174
-18013
-16794
-13660
-9346
-4706
-261
3975
8207
12341
15831
17972
18479
17595
15762
13318
10565
7970
6017
4851
4212
3798
3511
3362
3318
3322
3222
2568
793
-2249
-5975
-9497
-12277
-14245
-15406
-15572
-14578
-12449
-9319
-5356
-856
3745
7966
11341
13491
14241
13730
12357
10556
8553
6423
4279
2346
888
245
651
1868
3237
4197
4619
4514
3887
2745
1065
-1133
-3656
-6062
-7973
-9266
-9910
-9657
-8224
-5765
-2824
189
3165
5883
7929
9129
9614
9399
8345
6637
4801
3177
1769
657
157
314
740
1162
1750
2557
3112
2991
2334
1424
132
-1709
-3806
-5641
-7014
-7949
-8336
-8076
-7426
-6731
-5897
-4636
-3175
-2146
-1826
-1987
-2541
-3682
-5394
-7274
-9026
-10750
-12571
-14327
-15642
-16076
-15065
-12203
-7832
-2985
1367
4905
7744
10059
11948
13346
14019
13730
12499
10628
8583
6899
5952
5786
6170
6820
7427
7568
6959
5728
4248
2593
472
-2333
-5684
-9216
-12462
-14822
-15773
-15191
-13345
-10583
-7234
-3688
-272
2905
5784
8110
9570
10075
9670
8407
6507
4515
3037
2281
2108
2393
3095
4024
4846
5416
5843
6112
5888
4897
3205
1016
-1526
-4155
-6340
-7666
-8148
-8005
-7234
-5769
-3828
-1784
295
2512
4565
5847
6117
5684
4851
3685
2423
1513
1116
950
848
1048
1701
2544
3277
3960
4609
4869
4355
3135
1549
-218
-2063
-3733
-4980
-5846
-6471
-6791
-6623
-6034
-5301
-4562
-3793
-3063
-2637
-2707
-3246
-4115
-5208
-6474
-7823
-9123
-10278
-11365
-12491
-13462
-13675
-12531
-9929
-6270
-2165
1743
4877
7033
8539
9835
10953
11616
11709
11322
10506
9361
8264
7654
7622
7972
8529
9096
9231
8504
6941
4907
2611
23
-2795
-5627
-8344
-10875
-12934
-14021
-13820
-12403
-10031
-7033
-3815
-827
1623
3468
4761
5570
5954
5935
5484
4644
3634
2764
2278
2325
2992
4193
5597
6758
7364
7347
6771
5758
4435
2878
1083
-962
-3117
-5091
-6555
-7300
-7239
-6422
-5052
-3435
-1812
-307
1008
2011
2611
2842
2771
2400
1755
1021
442
163
232
706
1576
2650
3616
4284
4653
4766
4608
4113
3237
2013
544
-1050
-2670
-4175
-5366
-6100
-6411
-6414
-6180
-5795
-5442
-5238
-5098
-4912
-4852
-5197
-5938
-6852
-7848
-9013
-10195
-11108
-11724
-12222
-12421
-11714
-9746
-6765
-3241
465
3875
6468
8138
9316
10299
10940
11077
10867
10457
9776
8886
8129
7789
7844
8175
8720
9196
9055
7957
6056
3711
1128
-1575
-4216
-6620
-8768
-10616
-11904
-12261
-11513
-9809
-7446
-4702
-1872
663
2582
3812
4509
4812
4761
4425
3970
3532
3167
2956
3079
3697
4766
6054
7279
8193
8571
8272
7325
5923
4274
2461
517
-1437
-3189
-4584
-5538
-5961
-5766
-5000
-3875
-2609
-1324
-141
726
1127
1124
925
618
176
-315
-626
-612
-338
109
820
1852
2995
3917
4499
4811
4801
4313
3360
2189
971
-333
-1730
-3052
-4151
-5043
-5752
-6146
-6140
-5878
-5616
-5458
-5394
-5476
-5800
-6342
-6968
-7632
-8412
-9336
-10300
-11211
-12054
-12658
-12600
-11493
-9299
-6290
-2812
712
3776
6033
7583
8740
9632
10176
10336
10180
9723
8987
8158
7517
7229
7350
7866
8578
9063
8898
7938
6223
3881
1184
-1476
-3869
-6057
-8095
-9790
-10876
-11231
-10804
-9521
-7440
-4937
-2474
-348
1325
2446
2967
3045
2944
2832
2719
2611
2626
2857
3327
4049
5094
6430
7776
8750
9125
8867
7977
6501
4659
2774
1011
-638
-2137
-3340
-4120
-4471
-4386
-3848
-2927
-1808
-700
204
737
838
617
236
-210
-657
-969
-1021
-821
-420
199
1070
2093
3104
4004
4720
5112
5049
4557
3753
2714
1508
278
-848
-1883
-2909
-3875
-4639
-5139
-5418
-5513
-5429
-5273
-5264
-5540
-6032
-6600
-7215
-7926
-8697
-9421
-10103
-10867
-11679
-12185
-11947
-10757
-8655
-5745
-2298
1122
3914
5886
7259
8241
8867
9178
9297
9217
8813
8134
7429
6905
6602
6594
6975
7591
7978
7752
6846
5324
3217
712
-1756
-3853
-5628
-7244
-8562
-9289
-9358
-8889
-7849
-6163
-4090
-2148
-606
604
1451
1746
1566
1335
1308
1357
1413
1707
2347
3102
3840
4771
5975
7077
7705
7903
7760
7058
5674
3973
2390
938
-485
-1646
-2286
-2581
-2823
-2913
-2598
-1995
-1420
-896
-315
113
76
-329
-713
-988
-1310
-1597
-1533
-1082
-523
35
768
1692
2543
3155
3628
4012
4104
3761
3112
2342
1460
435
-602
-1501
-2292
-3053
-3728
-4194
-4472
-4662
-4775
-4806
-4889
-5213
-5747
-6299
-6825
-7462
-8203
-8864
-9386
-9907
-10380
-10408
-9643
-8098
-5928
-3189
-101
2780
4963
6462
7534
8245
8576
8689
8778
8740
8392
7844
7382
7075
6845
6778
7013
7371
7422
6907
5838
4263
2214
-83
-2233
-4004
-5430
-6589
-7391
-7723
-7591
-7043
-6079
-4748
-3256
-1899
-851
-140
236
293
146
22
100
408
903
1572
2390
3281
4173
5054
5886
6518
6797
6689
6234
5446
4361
3140
1975
949
87
-544
-873
-1000
-1087
-1185
-1206
-1121
-1017
-941
-894
-918
-1112
-1462
-1802
-2002
-2058
-1977
-1708
-1245
-696
-146
413
982
1467
1809
2072
2287
2358
2192
1864
1471
976
310
-434
-1114
-1762
-2471
-3161
-3663
-3982
-4276
-4572
-4772
-4935
-5258
-5749
-6207
-6568
-7035
-7711
-8422
-9030
-9576
-9992
-9898
-8960
-7218
-4938
-2314
417
2850
4649
5860
6718
7314
7634
7773
7839
7774
7473
7026
6662
6489
6473
6602
6856
7072
6959
6305
5102
3492
1648
-236
-1952
-3328
-4312
-4976
-5364
-5430
-5136
-4557
-3808
-2919
-1952
-1103
-574
-335
-227
-207
-299
-349
-120
397
1020
1676
2469
3366
4160
4755
5229
5552
5530
5112
4498
3835
3078
2257
1582
1179
911
686
583
617
566
287
-54
-281
-461
-717
-959
-1092
-1218
-1464
-1667
-1632
-1408
-1156
-853
-418
18
262
372
519
672
707
720
892
1133
1216
1130
1062
970
638
61
-542
-1132
-1888
-2781
-3527
-3986
-4318
-4621
-4781
-4756
-4766
-4972
-5253
-5493
-5800
-6318
-6952
-7550
-8095
-8582
-8770
-8354
-7246
-5565
-3482
-1187
999
2775
4047
4900
5422
5667
5767
5835
5869
5804
5681
5624
5669
5768
5933
6208
6465
6441
5957
5057
3815
2252
494
-1138
-2407
-3366
-4091
-4490
-4436
-4092
-3676
-3151
-2403
-1595
-1055
-808
-659
-590
-784
-1142
-1299
-1099
-714
-220
534
1556
2553
3320
3946
4476
4733
4580
4140
3605
2999
2298
1660
1251
1076
1046
1134
1364
1631
1751
1628
1324
931
477
-9
-430
-690
-824
-898
-903
-759
-474
-136
228
629
993
1195
1202
1087
898
650
464
478
694
961
1205
1420
1543
1442
1102
647
107
-569
-1388
-2175
-2826
-3348
-3761
-3969
-3946
-3842
-3812
-3880
-4025
-4346
-4914
-5636
-6352
-7059
-7782
-8396
-8623
-8355
-7603
-6334
-4505
-2342
-282
1405
2703
3589
3968
3944
3842
3840
3867
3900
4113
4560
5058
5497
5989
6560
6948
6940
6560
5844
4663
3032
1267
-304
-1626
-2678
-3290
-3384
-3150
-2817
-2397
-1879
-1439
-1244
-1223
-1248
-1372
-1670
-2021
-2220
-2216
-2045
-1637
-892
94
1099
1985
2715
3203
3345
3167
2801
2351
1877
1472
1215
1111
1130
1269
1518
1809
2099
2341
2443
2270
1818
1224
564
-123
-737
-1065
-1078
-921
-713
-406
-7
313
468
549
658
693
566
344
183
82
16
42
293
736
1175
1472
1622
1638
1412
878
176
-474
-1036
-1589
-2091
-2356
-2388
-2388
-2471
-2510
-2467
-2564
-2965
-3544
-4125
-4801
-5673
-6579
-7217
-7559
-7674
-7458
-6634
-5244
-3598
-1958
-379
1022
1971
2374
2463
2524
2609
2706
2939
3456
4169
4877
5516
6154
6752
7122
7164
6910
6360
5417
4081
2549
1064
-229
-1244
-1873
-2079
-1960
-1696
-1396
-1147
-1010
-1047
-1249
-1562
-1920
-2253
-2504
-2627
-2573
-2271
-1728
-1003
-178
696
1507
2098
2368
2374
2179
1795
1284
825
567
478
497
664
999
1340
1516
1559
1572
1487
1178
734
346
33
-333
-673
-782
-632
-428
-251
-1
303
434
305
104
-14
-121
-282
-357
-230
-14
122
246
487
809
1053
1192
1287
1292
1069
612
97
-340
-657
-857
-888
-782
-683
-739
-1010
-1454
-2007
-2603
-3164
-3650
-4033
-4342
-4618
-4895
-5156
-5335
-5455
-5555
-5648
-5633
-5476
-5179
-4690
-3876
-2751
-1500
-279
890
1950
2734
3222
3580
3940
4255
4506
4781
5147
5454
5595
5642
5673
5601
5316
4864
4301
3565
2613
1572
613
-216
-895
-1335
-1486
-1441
-1306
-1129
-929
-798
-776
-803
-834
-875
-913
-870
-716
-462
-122
347
906
1457
1926
2299
2533
2550
2358
2039
1667
1251
853
566
425
366
352
406
510
585
567
477
324
58
-326
-734
-1067
-1299
-1442
-1451
-1299
-1045
-789
-569
-371
-200
-101
-75
-64
-26
10
7
-5
43
155
281
417
605
813
936
921
836
738
604
415
266
218
200
88
-112
-352
-677
-1156
-1722
-2233
-2667
-3094
-3505
-3790
-3931
-4001
-4038
-3978
-3845
-3786
-3916
-4181
-4480
-4763
-4974
-4942
-4516
-3729
-2738
-1667
-570
441
1225
1763
2186
2572
2892
3112
3307
3525
3698
3786
3874
4060
4279
4410
4426
4309
3975
3339
2511
1666
904
254
-202
-401
-414
-379
-339
-269
-205
-202
-245
-258
-265
-309
-386
-399
-309
-144
105
466
913
1316
1573
1693
1701
1580
1339
1089
931
863
818
819
919
1075
1181
1222
1268
1285
1141
814
413
12
-431
-873
-1148
-1163
-1021
-840
-591
-263
6
97
85
90
91
9
-81
-51
71
171
257
443
716
943
1077
1192
1289
1241
994
652
298
-121
-636
-1156
-1587
-1970
-2369
-2736
-2990
-3172
-3362
-3572
-3763
-3974
-4291
-4703
-5101
-5399
-5543
-5455
-5032
-4264
-3257
-2143
-1041
-48
742
1296
1656
1902
2104
2294
2489
2700
2919
3115
3260
3373
3456
3481
3388
3148
2757
2206
1517
781
127
-365
-672
-777
-692
-499
-288
-109
36
129
160
175
206
247
299
406
592
835
1123
1475
1848
2136
2276
2261
2080
1694
1150
568
19
-488
-897
-1115
-1148
-1074
-904
-637
-337
-132
-41
-7
-57
-219
-418
-500
-468
-379
-210
95
450
702
856
996
1082
1006
822
654
489
227
-71
-242
-278
-288
-261
-121
84
185
138
79
44
-49
-179
-201
-81
47
102
164
257
277
151
-31
-211
-464
-856
-1281
-1624
-1900
-2163
-2349
-2398
-2417
-2554
-2791
-3023
-3230
-3416
-3472
-3247
-2750
-2137
-1497
-824
-185
289
587
847
1131
1352
1481
1598
1740
1819
1812
1831
1954
2107
2190
2221
2202
2042
1692
1246
836
485
193
25
12
90
195
328
501
672
821
961
1084
1143
1126
1087
1038
971
919
948
1025
1046
1001
933
809
558
237
-42
-252
-467
-651
-719
-680
-635
-594
-473
-277
-127
-65
-13
29
-25
-176
-292
-305
-270
-223
-110
80
221
236
187
144
55
-109
-279
-384
-486
-639
-792
-863
-859
-835
-766
-601
-377
-209
-102
-11
92
144
146
149
181
168
56
-131
-318
-539
-829
-1156
-1416
-1611
-1820
-2051
-2233
-2346
-2489
-2691
-2869
-2951
-2997
-3027
-2931
-2614
-2150
-1646
-1092
-464
108
495
737
922
1048
1058
1032
1072
1173
1249
1327
1473
1666
1815
1900
1963
1972
1865
1651
1421
1223
1062
949
925
991
1087
1178
1252
1333
1408
1468
1510
1542
1558
1533
1462
1363
1284
1230
1179
1121
1076
1012
882
683
474
282
83
-111
-245
-287
-279
-243
-150
18
186
294
354
390
367
254
115
19
-47
-94
-117
-84
-35
-36
-80
-139
-215
-326
-454
-571
-704
-855
-995
-1097
-1152
-1139
-1046
-896
-745
-621
-532
-487
-497
-522
-489
-414
-337
-290
-259
-296
-435
-649
-854
-1036
-1205
-1368
-1496
-1604
-1736
-1889
-2025
-2123
-2199
-2268
-2323
-2357
-2369
-2341
-2250
-2057
-1748
-1349
-920
-508
-133
176
379
490
567
624
620
554
485
430
353
264
262
366
506
644
791
931
977
940
913
927
952
975
1070
1202
1283
1305
1347
1410
1441
1459
1527
1619
1626
1561
1502
1447
1332
1206
1150
1114
1018
895
820
781
720
662
681
740
731
658
604
579
545
516
572
706
834
919
981
1033
1044
994
903
814
731
612
452
317
245
199
127
83
108
128
32
-131
-242
-330
-502
-703
-785
-791
-884
-1052
-1131
-1131
-1211
-1348
-1362
-1253
-1227
-1329
-1390
-1382
-1488
-1734
-1912
-1966
-2075
-2294
-2440
-2435
-2444
-2513
-2476
-2268
-2044
-1900
-1695
-1371
-1082
-898
-686
-396
-166
-65
30
188
302
344
431
604
741
782
810
859
837
730
651
632
596
521
508
570
625
645
703
814
883
883
880
894
855
763
704
699
689
657
673
751
816
849
899
962
973
911
843
803
748
674
643
683
741
784
859
982
1089
1145
1190
1234
1232
1163
1086
1036
966
857
771
718
642
511
375
271
141
-35
-201
-312
-418
-545
-640
-659
-666
-701
-721
-707
-719
-810
-924
-1014
-1109
-1235
-1328
-1340
-1320
-1316
-1310
-1285
-1277
-1314
-1349
-1358
-1368
-1403
-1449
-1493
-1552
-1611
-1619
-1561
-1467
-1337
-1171
-1010
-901
-808
-678
-530
-403
-253
-51
129
211
244
314
387
401
416
501
579
559
493
489
516
499
492
583
694
705
648
619
604
530
447
468
552
600
627
718
853
946
1007
1110
1220
1236
1168
1100
1036
926
790
719
716
694
645
646
699
729
723
774
892
990
1037
1098
1190
1230
1189
1143
1136
1089
966
846
777
699
563
438
385
352
267
174
127
67
-76
-268
-432
-588
-778
-976
-1117
-1207
-1292
-1368
-1402
-1395
-1376
-1351
-1315
-1268
-1227
-1212
-1234
-1299
-1381
-1465
-1555
-1655
-1736
-1764
-1767
-1794
-1833
-1820
-1752
-1703
-1680
-1599
-1450
-1330
-1277
-1195
-990
-757
-598
-432
-181
68
147
122
175
281
267
176
220
381
435
373
429
628
736
699
734
893
934
796
715
781
818
728
697
836
946
895
851
937
992
893
782
795
803
706
645
732
847
863
865
929
956
867
758
736
739
696
668
720
785
788
791
870
982
1064
1146
1253
1314
1261
1146
1022
886
746
647
612
596
578
561
541
488
394
280
157
11
-149
-309
-453
-596
-723
-813
-872
-908
-938
-949
-966
-1011
-1064
-1103
-1137
-1174
-1182
-1159
-1137
-1133
-1128
-1135
-1181
-1265
-1341
-1399
-1465
-1529
-1547
-1506
-1449
-1394
-1301
-1157
-1016
-921
-835
-725
-642
-629
-628
-588
-542
-530
-499
-413
-314
-247
-186
-88
8
54
72
93
92
39
-29
-52
-47
-39
6
106
215
285
353
447
512
524
553
638
710
731
778
882
970
988
1012
1089
1132
1092
1060
1104
1147
1110
1074
1123
1171
1124
1053
1067
1093
1040
957
956
979
917
814
774
767
702
610
582
601
574
507
468
440
373
271
183
113
22
-85
-174
-256
-346
-428
-493
-552
-601
-616
-611
-625
-662
-676
-691
-760
-861
-923
-947
-1005
-1077
-1076
-1019
-1000
-1012
-965
-874
-834
-842
-820
-770
-770
-822
-840
-800
-771
-774
-738
-639
-563
-534
-480
-381
-319
-315
-282
-208
-170
-167
-122
-27
37
58
114
213
266
255
259
317
345
293
263
322
374
342
333
435
535
543
557
664
758
741
691
716
756
702
610
608
664
646
588
613
711
740
690
701
775
777
697
659
690
671
569
506
523
515
431
370
384
382
300
208
188
171
75
-36
-68
-74
-146
-231
-240
-226
-275
-341
-355
-362
-431
-521
-574
-623
-717
-808
-851
-892
-950
-977
-952
-936
-959
-941
-877
-849
-880
-879
-805
-786
-844
-855
-767
-734
-792
-774
-643
-577
-619
-588
-441
-367
-413
-395
-276
-226
-283
-286
-183
-101
-128
-128
5
115
99
108
247
367
348
338
450
540
509
509
619
707
689
685
784
873
864
846
919
999
976
921
961
1030
995
917
929
974
920
831
832
861
800
702
675
682
627
533
488
484
436
344
277
268
241
160
104
102
89
39
7
10
-4
-61
-108
-131
-173
-230
-284
-321
-354
-389
-421
-448
-454
-473
-505
-525
-535
-554
-582
-596
-597
-597
-594
-574
-551
-523
-492
-473
-458
-443
-434
-446
-469
-475
-476
-497
-517
-510
-496
-497
-500
-478
-447
-441
-445
-430
-406
-406
-421
-402
-357
-336
-331
-289
-215
-167
-149
-104
-38
-13
-24
-12
23
29
10
24
65
89
105
138
193
236
264
304
328
330
332
342
342
313
293
294
287
255
251
294
320
319
342
419
463
447
464
531
555
502
463
489
496
429
376
407
436
389
338
373
423
380
302
300
322
257
147
118
141
102
14
-8
38
44
-15
-45
-16
-23
-102
-174
-179
-185
-252
-308
-298
-267
-284
-317
-289
-238
-240
-271
-269
-236
-231
-269
-276
-235
-213
-228
-227
-171
-122
-133
-144
-113
-76
-94
-131
-122
-91
-109
-145
-136
-91
-80
-112
-105
-69
-60
-91
-109
-87
-79
-113
-135
-110
-85
-85
-88
-64
-30
-24
-29
-31
-28
-32
-52
-74
-83
-74
-64
-63
-51
-15
24
45
57
90
132
141
128
135
166
171
148
148
181
193
167
162
191
209
186
164
183
204
189
172
188
212
206
186
190
204
193
161
135
122
97
48
3
-25
-43
-79
-121
-145
-150
-156
-178
-196
-184
-171
-181
-197
-176
-142
-147
-172
-168
-131
-139
-177
-183
-148
-146
-192
-205
-157
-128
-146
-135
-70
-21
-29
-24
30
81
65
30
56
96
76
38
64
117
127
106
139
212
238
217
224
276
285
241
219
242
243
196
166
193
211
173
141
161
181
145
102
103
116
84
36
34
47
19
-26
-37
-25
-44
-85
-97
-81
-92
-123
-127
-102
-96
-116
-119
-97
-88
-108
-130
-130
-139
-172
-193
-193
-184
-190
-195
-167
-132
-115
-103
-68
-26
-14
-26
-21
-7
-10
-30
-37
-23
-19
-33
-33
-6
13
6
-3
16
31
7
-20
-21
-15
-43
-81
-90
-79
-96
-131
-134
-110
-105
-136
-145
-112
-96
-116
-130
-103
-79
-103
-135
-120
-92
-99
-121
-101
-54
-45
-64
-50
8
38
25
32
84
120
107
100
140
182
172
146
174
218
213
182
176
204
191
147
126
143
140
100
77
94
104
72
49
68
93
74
48
61
87
77
51
54
75
62
26
18
36
33
0
-11
9
20
0
-4
23
45
38
27
42
61
50
23
17
16
-1
-21
-21
3
17
18
34
71
103
113
121
140
144
122
92
79
75
57
33
29
45
56
53
64
88
101
88
65
58
46
14
-21
-38
-45
-67
-94
-94
-76
-68
-81
-83
-73
-76
-99
-116
-113
-114
-141
-164
-161
-157
-172
-189
-183
-170
-177
-189
-185
-176
-184
-203
-206
-195
-191
-195
-186
-158
-137
-124
-107
-75
-47
-39
-27
-6
15
14
10
15
21
17
11
19
35
47
49
56
65
65
64
67
77
79
74
69
68
72
71
67
65
57
47
38
27
17
3
-10
-23
-30
-32
-32
-30
-28
-26
-25
-28
-29
-31
-27
-30
-34
-36
-31
-25
-20
-12
-4
6
8
13
23
34
36
29
25
24
17
20
33
38
52
67
77
96
106
120
139
143
141
137
139
143
145
142
143
149
154
156
167
178
181
178
171
170
163
150
136
126
115
98
82
70
62
43
23
11
8
-2
-19
-34
-46
-58
-74
-86
-89
-97
-108
-118
-116
-110
-110
-110
-106
-100
-104
-107
-104
-100
-103
-111
-117
-119
-119
-121
-117
-101
-87
-84
-81
-75
-68
-65
-58
-53
-52
-54
-58
-50
-42
-39
-38
-38
-31
-29
-27
-24
-21
-19
-19
-18
-13
-10
-8
-6
-7
-9
-17
-26
-34
-37
-38
-45
-48
-53
-56
-58
-60
-61
-66
-70
-75
-77
-81
-85
-89
-92
-95
-95
-89
-75
-58
-42
-25
-8
13
30
47
65
81
93
97
100
104
108
109
112
111
116
116
118
117
116
115
108
98
86
76
64
53
45
39
29
21
14
6
3
0
2
6
5
5
6
8
9
10
11
14
15
16
18
26
35
44
51
55
55
58
62
67
67
65
61
55
48
41
41
45
49
52
45
42
39
36
32
27
17
4
-8
-16
-21
-23
-28
-32
-37
-41
-38
-37
-38
-39
-43
-45
-42
-39
-35
-34
-33
-35
-37
-36
-39
-39
-40
-45
-46
-49
-52
-57
-60
-65
-64
-60
-60
-66
-75
-81
-89
-97
-103
-106
-101
-96
-92
-88
-81
-68
-58
-45
-32
-21
-9
2
15
24
31
38
45
53
61
65
69
71
74
75
72
65
56
53
46
42
37
32
32
26
15
5
-2
-5
-7
-6
-6
-7
-10
-14
-18
-25
-32
-36
-42
-45
-48
-47
-39
-29
-17
-6
-2
4
4
13
23
30
32
28
23
15
13
9
13
11
6
-4
-10
-9
-16
-16
-19
-27
-35
-38
-46
-43
-37
-40
-36
-34
-28
-11
-4
-1
4
12
23
36
51
64
77
85
95
104
111
112
108
108
107
109
106
99
90
84
84
88
90
86
72
56
42
30
21
13
5
-7
-18
-27
-30
-33
-33
-31
-33
-36
-39
-36
-32
-26
-25
-25
-25
-25
-25
-27
-28
-25
-27
-28
-28
-32
-32
-32
-34
-32
-33
-30
-28
-29
-33
-40
-45
-45
-43
-38
-34
-27
-22
-22
-25
-29
-30
-34
-41
-43
-47
-42
-37
-32
-25
-20
-19
-18
-17
-12
-8
-5
-4
-9
-14
-22
-25
-29
-31
-34
-39
-46
-52
-56
-57
-56
-57
-59
-62
-64
-64
-64
-60
-58
-54
-47
-38
-28
-20
-15
-8
-4
4
16
28
39
45
55
64
71
76
75
80
82
86
82
84
83
82
80
81
89
95
98
94
87
76
68
61
56
49
41
34
26
22
17
13
12
13
11
7
5
7
11
12
10
7
5
2
1
2
0
1
0
3
3
0
0
-1
-1
0
-2
-2
-4
-10
-19
-26
-30
-34
-31
-30
-22
-17
-15
-14
-15
-15
-16
-17
-18
-18
-15
-12
-5
0
2
3
1
1
6
8
12
13
7
3
-4
-7
-8
-8
-10
-14
-19
-26
-31
-36
-35
-37
-41
-46
-52
-53
-50
-47
-48
-50
-50
-49
-45
-40
-38
-32
-30
-28
-23
-17
-7
1
5
13
19
24
27
31
36
40
39
36
35
34
32
31
34
38
40
38
38
35
30
21
12
2
-4
-13
-18
-23
-35
-44
-54
-60
-61
-64
-64
-65
-64
-60
-59
-55
-51
-47
-40
-36
-29
-26
-19
-13
-7
-4
-2
1
1
5
7
13
13
10
8
10
9
10
15
15
22
29
30
35
36
39
47
44
42
43
48
55
62
67
70
75
81
84
86
85
86
85
83
76
71
67
64
63
59
58
57
51
42
34
29
26
21
14
8
0
-6
-10
-13
-16
-21
-27
-34
-37
-38
-39
-39
-39
-41
-43
-40
-35
-30
-28
-27
-27
-26
-25
-23
-22
-22
-21
-23
-25
-27
-29
-29
-27
-23
-21
-19
-18
-17
-19
-22
-26
-30
-31
-31
-31
-32
-34
-38
-40
-43
-44
-43
-44
-42
-42
-40
-39
-35
-32
-29
-25
-22
-19
-15
-15
-10
-11
-12
-12
-14
-14
-13
-11
-8
-7
-8
-7
-6
-5
-3
0
3
8
9
11
17
17
22
21
21
21
19
22
25
27
29
27
32
35
39
37
37
37
36
35
30
30
28
27
23
25
26
27
27
23
22
21
21
20
18
12
10
9
6
5
2
0
-3
-7
-7
-10
-11
-8
-8
-4
-4
-3
0
5
9
10
9
6
6
3
0
-3
-2
-5
-3
-5
-4
-4
-2
0
0
1
-1
0
1
1
0
-1
0
5
3
6
9
13
15
15
13
17
18
20
20
21
23
25
26
27
31
31
30
28
26
24
21
17
12
9
2
-2
-8
-12
-15
-19
-24
-28
-33
-38
-41
-44
-46
-50
-53
-54
-53
-51
-52
-52
-54
-52
-51
-49
-47
-46
-44
-37
-34
-29
-24
-21
-14
-10
-6
-4
-1
1
2
4
3
5
5
8
6
6
7
7
8
6
4
1
0
-2
-4
-8
-11
-13
-15
-19
-20
-22
-18
-12
-12
-8
-9
-4
-1
2
5
4
7
5
5
2
0
2
0
0
2
3
4
5
9
11
11
12
12
12
18
20
18
20
20
23
31
33
33
35
37
39
44
42
43
45
46
46
47
47
47
49
48
49
49
49
50
47
45
44
43
41
36
32
25
22
20
15
12
7
2
0
-5
-8
-11
-15
-17
-18
-21
-22
-24
-26
-27
-32
-32
-32
-31
-30
-31
-30
-26
-26
-24
-24
-24
-22
-22
-24
-22
-23
-23
-23
-24
-24
-22
-25
-24
-26
-24
-26
-29
-31
-31
-30
-33
-34
-37
-36
-36
-37
-35
-35
-33
-31
-31
-29
-27
-26
-25
-25
-23
-21
-20
-19
-18
-18
-15
-16
-13
-12
-10
-7
-8
-5
-2
0
3
4
5
8
14
14
18
19
20
24
26
28
31
33
36
38
38
37
37
37
38
38
38
33
34
31
31
30
27
28
27
26
23
24
22
22
20
16
13
10
8
6
3
-1
-1
-3
-7
-7
-8
-7
-9
-11
-14
-13
-14
-13
-15
-15
-14
-12
-9
-7
-3
-1
1
2
4
3
5
4
4
4
6
6
9
11
11
13
14
16
17
15
16
15
15
14
14
15
12
14
13
12
11
10
10
9
9
9
8
7
5
3
0
0
-1
-3
-4
-6
-9
-11
-13
-14
-15
-17
-18
-19
-20
-23
-25
-26
-26
-27
-29
-30
-28
-28
-28
-28
-28
-25
-26
-24
-23
-21
-22
-20
-19
-17
-15
-14
-13
-11
-7
-7
-7
-5
-3
-3
-3
-1
1
2
2
2
5
5
6
6
4
4
4
3
2
2
1
1
0
0
0
0
-1
-2
-3
-4
-6
-5
-3
-3
-2
-3
-1
3
3
5
7
11
12
12
10
10
9
10
7
8
9
8
7
7
11
9
10
11
9
9
11
9
11
10
8
9
9
8
11
10
9
9
10
12
14
14
13
13
14
15
15
15
16
17
16
16
15
16
16
15
16
15
14
13
12
11
10
9
8
7
5
3
4
2
2
1
1
-1
-2
-1
-2
-3
-5
-5
-5
-4
-6
-7
-6
-7
-6
-8
-7
-7
-6
-7
-8
-8
-7
-7
-7
-8
-8
-8
-8
-8
-10
-11
-11
-11
-12
-13
-13
-13
-13
-14
-16
-16
-16
-17
-16
-17
-18
-17
-17
-17
-18
-17
-17
-16
-17
-16
-15
-14
-15
-14
-13
-13
-13
-11
-10
-9
-10
-9
-8
-6
-5
-5
-4
-2
-1
-1
2
2
3
5
6
6
6
9
10
11
11
11
11
12
13
14
13
12
12
13
13
12
12
11
12
11
11
12
11
11
10
10
8
9
8
8
6
6
6
6
5
4
5
5
4
3
4
4
4
4
5
5
4
5
7
7
7
7
8
9
9
9
9
10
9
9
9
10
9
9
8
9
9
8
7
6
5
5
3
2
3
1
-1
0
-2
-2
-4
-5
-5
-7
-8
-9
-9
-9
-12
-12
-13
-13
-14
-13
-14
-15
-15
-16
-15
-16
-15
-15
-15
-14
-13
-12
-13
-12
-11
-10
-9
-8
-6
-5
-4
-4
-3
-2
0
1
2
3
4
5
6
7
8
10
10
9
11
11
12
12
13
14
12
12
11
12
10
9
9
7
7
3
3
1
0
-2
-4
-5
-7
-9
-12
-12
-14
-15
-17
-20
-20
-23
-24
-25
-23
-24
-26
-24
-24
-26
-25
-24
-23
-22
-21
-22
-20
-19
-16
-16
-14
-13
-10
-9
-7
-5
-3
-1
3
5
5
8
11
13
16
18
19
22
23
27
29
30
31
33
35
36
38
38
40
40
41
41
41
41
41
40
40
38
39
37
35
33
31
30
27
25
22
18
16
14
10
7
4
1
-3
-5
-8
-10
-14
-15
-18
-20
-22
-25
-26
-28
-28
-29
-28
-30
-31
-31
-31
-31
-30
-30
-29
-30
-29
-27
-27
-26
-26
-24
-23
-22
-20
-20
-19
-18
-18
-16
-15
-16
-15
-14
-13
-12
-12
-11
-10
-9
-10
-8
-8
-6
-7
-5
-4
-4
-4
-3
-2
-1
-1
0
1
3
3
4
4
5
6
7
8
9
9
10
11
13
14
13
14
15
15
15
16
15
17
17
16
16
16
17
16
15
15
14
13
12
11
11
10
10
8
8
7
7
5
3
3
1
1
0
-1
-1
-2
-3
-4
-4
-5
-6
-6
-6
-6
-7
-7
-7
-7
-7
-7
-6
-6
-5
-5
-5
-5
-2
-2
-2
0
0
2
3
2
2
3
2
4
4
4
5
6
6
6
5
6
7
6
6
5
5
5
5
5
5
6
5
4
4
4
4
3
3
3
2
1
2
1
0
-1
1
0
0
-1
-1
-2
-2
-3
-1
-3
-3
-2
-3
-3
-4
-3
-5
-4
-5
-4
-5
-5
-4
-5
-5
-6
-6
-6
-6
-7
-7
-7
-8
-8
-7
-7
-7
-8
-9
-8
-8
-9
-8
-9
-8
-8
-8
-9
-8
-8
-7
-8
-7
-6
-7
-7
-7
-6
-6
-5
-5
-5
-3
-3
-3
-3
-2
-3
-2
-2
-2
-2
-1
-1
1
1
3
2
3
2
4
5
5
5
6
7
5
6
5
8
8
7
7
8
9
7
8
10
9
9
9
10
9
10
10
10
10
9
10
11
10
9
9
9
10
10
9
8
9
8
8
8
7
7
8
7
6
6
7
6
6
4
5
5
4
3
2
2
1
1
1
1
1
1
0
-1
-2
-2
-3
-4
-2
-2
-3
-4
-4
-5
-6
-5
-5
-6
-6
-7
-7
-7
-7
-7
-8
-8
-7
-8
-8
-7
-8
-8
-9
-9
-8
-7
-7
-8
-7
-8
-8
-9
-7
-7
-6
-7
-6
-6
-7
-6
-6
-5
-6
-5
-4
-4
-4
-4
-4
-4
-3
-3
-3
-2
-3
-1
-1
-1
-1
-1
0
0
1
0
1
1
1
1
1
1
2
1
2
2
3
3
3
4
4
3
3
4
4
4
5
4
4
5
5
5
3
4
4
3
3
3
4
4
3
4
4
4
4
4
3
4
3
3
3
2
3
3
2
2
2
1
1
2
2
1
2
-1
1
1
1
1
1
1
1
1
1
1
0
0
0
0
0
0
0
0
0
0
1
0
-1
-1
-1
-1
-1
-1
-1
-1
-1
-2
-1
0
0
0
0
0
0
-1
-2
0
-2
-1
-1
-1
0
0
-1
-1
-1
0
0
-1
-1
-1
-2
-2
0
-2
-1
-2
-1
-1
-2
-1
-1
-1
1
-1
0
-1
-1
-1
0
0
0
-1
-1
0
0
-1
-1
0
1
1
0
0
0
0
-2
0
0
0
-1
-1
0
-2
-1
-2
-1
-1
-1
-2
-1
-2
-2
-1
-2
-2
-2
-2
-2
-2
-4
-4
-3
-3
-4
-3
-3
-1
-2
-3
-4
-3
-2
-3
-2
-3
-2
-2
-1
-1
-3
-1
0
-1
-2
0
0
-1
1
1
0
1
2
1
1
4
3
5
3
3
5
6
5
5
6
6
7
7
8
8
7
8
9
10
10
10
10
9
9
9
9
11
9
9
9
9
9
9
8
7
7
6
7
7
6
5
5
5
4
4
3
2
2
2
1
0
0
0
-1
-1
-2
-3
-4
-5
-5
-5
-5
-5
-7
-7
-9
-8
-8
-9
-10
-11
-10
-9
-10
-11
-11
-11
-11
-12
-12
-13
-12
-12
-12
-12
-12
-13
-11
-13
-12
-11
-12
-10
-10
-10
-10
-10
-10
-9
-8
-8
-7
-7
