1
0
1
1
1
1
0
0
1
1
0
0
0
0
0
0
0
0
0
1
1
0
0
0
0
-1
-1
-1
-1
-1
0
0
0
-1
1
0
0
-1
0
0
1
-1
1
1
0
-1
0
2
0
-1
0
1
0
-1
0
-1
-1
2
0
0
1
0
2
1
1
0
-1
-1
-1
1
0
1
0
0
0
1
-1
0
1
1
-1
0
1
1
1
1
1
0
0
1
-1
0
1
0
0
-1
0
0
0
0
-1
0
0
0
-1
0
-1
-1
-1
0
0
0
0
0
1
1
0
-1
0
1
0
1
0
1
-1
-1
0
0
-1
1
1
1
0
-1
0
0
1
0
0
-1
-1
0
0
1
0
1
-1
0
0
1
1
0
0
-1
0
1
0
0
0
1
-1
0
0
0
-1
0
0
-1
-1
-1
0
0
0
0
0
-1
-2
0
0
0
0
-1
0
0
0
-1
0
1
0
1
-1
0
0
1
0
-1
0
1
0
0
0
0
0
-1
-1
0
0
0
0
-1
-1
1
0
0
0
0
1
1
-1
0
0
0
1
-1
0
0
1
1
0
-1
-1
-1
0
-1
0
-1
0
2
1
0
0
0
0
0
0
-1
0
0
1
0
0
0
0
0
0
-1
1
0
-1
0
-1
-1
0
0
0
0
0
-1
0
0
0
0
-1
-1
0
-1
-1
0
0
1
1
0
0
0
-1
-1
0
1
0
-1
0
0
-1
0
-1
1
2
0
0
0
-1
-2
-1
1
0
-1
0
0
1
0
0
-1
1
1
-1
0
0
0
1
1
1
0
0
0
0
-1
0
0
1
0
0
0
1
0
0
0
0
1
1
1
0
1
-1
0
1
-1
-2
-1
0
-1
0
-1
0
0
1
1
-1
1
-1
0
1
0
1
-1
0
0
0
0
-1
-2
1
0
0
0
0
-1
-1
1
0
0
0
0
1
0
0
-2
0
1
0
0
1
0
0
0
1
0
-1
1
1
1
0
1
-1
0
0
1
0
-1
0
1
1
0
0
1
-1
-1
-1
0
0
1
0
0
0
-1
0
-1
0
1
0
1
0
-1
0
0
1
1
0
-1
0
0
0
0
1
0
0
0
0
0
0
1
0
1
0
0
-1
1
1
0
0
-1
0
0
-1
1
0
0
0
0
-1
0
0
0
-1
0
-1
-1
-1
-1
0
0
0
0
0
-1
1
0
0
0
0
1
0
0
0
1
1
0
0
1
1
0
0
-1
0
0
0
-1
0
1
1
0
-1
-1
-1
0
0
0
1
0
0
-1
-1
0
-1
0
0
0
0
0
0
0
0
0
1
1
0
0
0
1
-1
0
-1
0
0
0
-1
0
-1
1
0
0
-1
-1
0
0
0
0
1
1
1
0
0
0
-1
0
0
0
0
1
-1
0
-1
-1
0
-1
0
-1
-1
0
-1
0
0
1
-1
0
0
1
1
0
0
0
0
0
1
0
0
0
-1
0
0
0
0
1
-1
-2
0
0
0
-1
0
0
-1
0
0
-1
0
0
1
1
1
0
0
0
0
0
0
0
0
0
0
0
-1
0
0
0
0
0
0
0
-1
0
0
0
0
0
1
1
2
-1
-1
0
0
0
0
0
1
1
0
0
0
0
0
1
1
0
0
-1
-1
-1
-1
-1
-1
-1
0
-1
1
-1
0
0
0
0
0
1
0
0
0
1
1
0
-1
1
1
-1
0
1
0
-1
0
-1
1
1
1
0
0
0
1
0
0
-1
-1
0
1
0
0
-1
-1
0
2
0
-1
0
0
0
0
0
1
0
0
0
1
1
1
0
0
0
0
0
1
0
0
0
0
0
-1
-1
0
0
0
-1
0
-1
1
0
0
0
0
0
-1
0
1
0
0
-1
0
0
-1
-1
0
1
0
0
0
0
0
0
0
1
0
0
0
1
-1
0
-1
-1
-1
0
0
0
0
0
0
0
1
1
0
0
0
-2
-1
0
0
0
0
0
0
0
0
1
-1
0
0
0
0
0
0
1
0
0
0
-1
0
-1
-1
1
0
0
0
0
0
1
0
1
0
0
0
-1
0
0
0
0
-2
-1
-1
-1
0
0
-1
1
0
-1
-1
0
0
1
0
1
1
-1
0
1
0
0
-1
0
1
0
0
1
0
0
0
1
0
-1
0
0
0
2
1
1
0
0
0
0
-1
0
0
0
0
-1
0
0
0
1
0
0
-1
0
0
-1
0
0
0
0
0
0
1
0
-2
0
1
1
1
0
0
0
-1
0
2
0
1
1
-1
0
1
0
0
0
0
-1
0
-1
-1
0
0
0
1
0
0
0
1
0
-1
-1
-1
0
0
1
0
0
0
0
-1
0
0
0
0
0
0
0
0
0
-1
0
0
0
0
-1
1
1
0
1
0
0
0
0
1
1
1
1
1
0
0
1
0
0
-1
-1
-1
-2
0
0
-1
0
0
2
0
1
-1
-1
1
1
1
1
1
0
0
-2
1
0
0
-1
1
0
-1
0
0
-1
1
0
0
1
0
0
1
1
0
-1
-1
1
1
0
-1
0
1
1
1
-1
-1
1
1
0
0
0
1
0
1
0
1
1
0
1
1
0
0
0
1
1
0
-1
-1
-1
-1
0
0
-1
1
-1
0
0
0
0
0
1
-1
1
0
0
0
0
0
0
0
1
0
1
0
0
-1
0
0
0
1
0
-1
0
0
1
-1
-1
-1
0
1
0
1
-1
0
0
0
0
0
0
0
-1
0
-1
-1
0
0
-1
0
0
0
-1
0
1
0
0
-1
0
0
0
1
0
0
0
1
0
0
0
0
0
0
0
0
0
0
-1
0
0
0
0
-1
1
0
0
0
1
1
0
1
-1
0
0
0
0
0
0
0
-1
0
1
0
0
1
0
0
0
0
-1
-1
0
0
-1
-1
-1
0
0
1
0
-1
-1
0
0
1
1
1
0
1
1
0
0
-1
0
-1
0
0
0
0
0
0
0
1
1
0
-1
-1
-1
-1
0
0
-1
-1
-1
-1
1
1
0
-2
-1
0
0
-1
-1
-1
-1
-1
-2
0
-1
-1
-1
-1
0
1
0
-1
0
0
0
-1
0
1
-1
0
0
1
2
2
1
2
1
0
1
2
2
2
3
3
2
2
2
3
2
2
2
3
3
3
2
3
3
3
2
2
3
2
2
2
1
1
1
2
2
0
0
-1
-1
-1
-2
-1
-2
-1
-2
-2
-2
-4
-4
-5
-4
-5
-5
-4
-5
-5
-4
-5
-5
-6
-6
-4
-4
-5
-4
-4
-4
-5
-5
-5
-4
-4
-4
-3
-2
-3
-2
-1
-2
0
0
-1
2
0
1
2
2
3
2
3
3
5
5
5
6
6
6
5
7
7
8
8
7
7
8
9
8
8
6
8
8
7
8
7
6
5
6
6
5
5
4
3
3
3
2
2
1
0
0
-1
0
-2
-2
-4
-3
-3
-3
-5
-5
-5
-6
-5
-6
-7
-6
-7
-8
-8
-7
-7
-7
-6
-8
-7
-6
-6
-7
-7
-6
-6
-6
-6
-5
-5
-5
-4
-4
-4
-4
-3
-1
-1
-1
-1
-1
1
1
2
2
1
2
3
2
4
4
4
3
4
6
7
6
5
5
5
6
5
6
6
6
5
5
5
4
4
5
4
5
3
2
3
3
4
3
1
1
2
1
1
0
0
-1
0
-2
-2
-2
-2
-3
-3
-2
-3
-4
-4
-3
-3
-4
-3
-5
-4
-5
-3
-4
-4
-4
-3
-3
-3
-4
-4
-3
-2
-3
-3
-3
-2
-2
-1
-1
-1
0
-1
0
1
1
0
0
0
0
-1
0
0
2
4
2
1
2
2
3
1
2
2
2
2
2
1
2
3
3
2
2
3
2
2
2
1
0
1
1
1
2
1
1
0
1
1
2
1
1
0
1
1
2
1
1
1
1
2
2
1
1
3
2
3
3
2
3
4
2
2
2
1
3
2
2
2
2
1
1
1
1
1
1
1
0
-1
-2
-1
-2
-2
-3
-3
-3
-4
-4
-5
-4
-5
-5
-6
-7
-5
-7
-7
-7
-7
-7
-7
-8
-8
-9
-9
-8
-7
-8
-7
-8
-7
-7
-7
-6
-7
-6
-6
-5
-6
-5
-4
-4
-4
-5
-3
-1
-1
-2
-1
-1
0
2
3
2
4
4
4
6
6
6
8
7
7
9
9
10
11
12
12
12
13
13
13
14
14
14
13
14
14
13
14
13
14
12
12
11
10
9
9
9
8
6
6
5
4
2
2
0
0
-1
-3
-3
-4
-5
-7
-7
-8
-8
-9
-10
-11
-10
-11
-12
-13
-14
-14
-14
-14
-13
-14
-14
-13
-13
-13
-14
-13
-12
-12
-10
-9
-10
-9
-8
-9
-10
-9
-8
-7
-7
-6
-5
-3
-3
-2
-1
1
2
4
4
6
6
6
7
7
6
5
6
8
8
9
10
10
10
10
10
9
9
9
8
8
9
12
15
16
17
15
11
9
8
11
14
16
15
15
12
12
11
13
14
12
10
4
-3
-5
-1
2
4
3
-4
-10
-16
-14
-11
-5
-2
-1
-7
-15
-19
-21
-18
-17
-15
-16
-21
-25
-28
-27
-25
-24
-26
-29
-31
-31
-27
-21
-18
-14
-14
-14
-12
-6
-1
3
4
1
-2
-2
1
7
11
13
10
5
3
7
17
27
30
26
17
8
6
13
23
31
31
22
13
7
13
25
37
44
39
27
15
9
14
22
29
27
18
5
-3
-2
7
15
18
13
3
-3
-2
5
12
11
0
-17
-34
-37
-32
-18
-10
-11
-24
-40
-50
-48
-36
-21
-13
-14
-20
-26
-24
-16
-6
1
-2
-9
-14
-9
9
29
44
46
36
23
14
18
31
46
51
46
31
17
11
13
21
27
22
9
-5
-18
-17
-11
-7
-13
-31
-56
-76
-83
-76
-63
-52
-52
-65
-80
-87
-79
-63
-41
-31
-31
-40
-44
-35
-14
12
28
24
3
-23
-37
-32
-8
22
38
31
9
-15
-27
-18
9
35
50
48
29
13
7
11
20
24
17
8
8
27
61
94
117
119
108
97
102
126
161
189
199
187
160
136
126
131
142
145
135
116
95
83
79
79
71
45
7
-34
-62
-68
-64
-61
-65
-77
-87
-87
-76
-63
-58
-65
-81
-96
-97
-79
-47
-17
-2
-13
-42
-77
-107
-121
-126
-128
-130
-135
-142
-142
-127
-93
-44
8
45
46
2
-79
-175
-254
-294
-282
-237
-182
-145
-142
-164
-190
-201
-193
-177
-162
-151
-134
-106
-75
-56
-61
-85
-106
-105
-73
-18
30
41
9
-50
-102
-111
-77
-29
-8
-31
-75
-95
-62
18
104
144
108
2
-128
-212
-197
-82
86
237
319
334
324
333
375
424
438
389
279
146
43
-2
17
69
105
94
37
-34
-77
-70
-27
26
58
60
31
-15
-67
-112
-142
-153
-138
-90
-4
117
251
361
419
418
387
362
357
359
341
297
233
172
119
73
36
23
45
107
184
243
242
155
-13
-218
-372
-392
-253
-12
217
337
317
202
65
-29
-47
6
91
165
188
161
109
67
36
1
-47
-87
-77
5
142
281
370
363
246
36
-209
-401
-470
-398
-228
-41
96
149
116
10
-143
-303
-430
-502
-523
-516
-507
-500
-502
-514
-536
-553
-551
-526
-491
-467
-464
-468
-460
-422
-355
-269
-189
-137
-116
-112
-93
-33
72
185
246
215
97
-63
-193
-238
-175
-36
106
182
165
96
38
37
109
238
371
450
451
390
307
227
160
95
21
-61
-108
-88
-10
76
133
140
84
-30
-164
-293
-396
-477
-540
-596
-637
-626
-524
-322
-73
183
431
665
830
878
817
709
587
456
345
293
287
287
282
271
235
160
89
51
44
57
90
151
241
330
417
512
575
597
603
621
655
683
667
582
472
368
260
151
94
99
123
145
191
263
306
291
257
259
259
206
119
52
-19
-136
-257
-308
-329
-416
-542
-592
-503
-359
-242
-151
-96
-131
-247
-392
-552
-751
-980
-1201
-1366
-1500
-1659
-1841
-2031
-2230
-2453
-2707
-2958
-3119
-3165
-3155
-3144
-3106
-2988
-2818
-2643
-2398
-1974
-1369
-658
133
1009
1933
2818
3595
4251
4783
5137
5252
5131
4800
4279
3653
3044
2516
2039
1613
1281
1099
1062
1109
1170
1228
1286
1356
1425
1480
1540
1643
1791
1951
2115
2252
2353
2387
2303
2080
1773
1418
1003
534
103
-226
-488
-693
-830
-922
-1013
-1081
-1043
-967
-1048
-1286
-1467
-1570
-1762
-2017
-2110
-1979
-1806
-1733
-1741
-1755
-1878
-2275
-2977
-3799
-4617
-5538
-6612
-7666
-8490
-9142
-9751
-10316
-10852
-11625
-12585
-12949
-11820
-9116
-5447
-1380
2770
6690
10041
12709
14638
15682
15727
14760
12731
9718
6327
3412
1315
-232
-1366
-1965
-2123
-2099
-1906
-1460
-942
-692
-826
-1275
-1953
-2649
-2940
-2561
-1643
-452
931
2551
4379
6206
7736
8737
9126
8864
7853
6102
3926
1808
-51
-1753
-3239
-4298
-4867
-4976
-4567
-3704
-2689
-1791
-1037
-402
76
431
789
1192
1572
1964
2473
3098
3788
4534
5217
5620
5634
5327
4733
3849
2804
1828
932
8
-870
-1518
-1939
-2208
-2273
-2086
-1820
-1669
-1581
-1451
-1283
-1094
-825
-476
-124
156
324
369
309
174
-68
-523
-1187
-1943
-2688
-3413
-4125
-4847
-5616
-6515
-7594
-8770
-9953
-11082
-12241
-13557
-15113
-17005
-19100
-20340
-19031
-14491
-7869
-753
6209
12687
17976
21628
23848
24636
23545
20600
16271
10698
4298
-1367
-4827
-6448
-7454
-7982
-7504
-6284
-5115
-4210
-3365
-2706
-2543
-2986
-3980
-5137
-5545
-4476
-2326
111
2782
6011
9453
12410
14596
15921
16070
14804
12295
8772
4461
76
-3563
-6426
-8830
-10501
-10969
-10295
-8897
-7079
-4909
-2558
-467
1023
1992
2819
3720
4518
4990
5205
5364
5592
5922
6295
6599
6727
6647
6330
5719
4797
3682
2503
1283
-19
-1350
-2536
-3374
-3763
-3727
-3366
-2762
-1978
-1081
-198
602
1429
2383
3334
3944
4055
3827
3481
3003
2202
1012
-380
-1750
-3102
-4528
-5855
-6776
-7381
-8072
-8908
-9640
-10300
-11087
-11869
-12541
-13491
-15064
-17138
-19583
-22042
-22709
-19118
-11139
-1501
7496
15658
22806
27796
30185
30584
28925
24703
18503
11238
3069
-5105
-10833
-12915
-13039
-12907
-12069
-9879
-7258
-5175
-3518
-2188
-1569
-1793
-2793
-4496
-6011
-5795
-3430
-36
3540
7502
11841
15735
18471
19770
19316
16970
13107
8101
2099
-4164
-9398
-12992
-15382
-16845
-16916
-15317
-12519
-9154
-5562
-1967
1348
4022
5730
6526
6920
7350
7792
8045
8087
7882
7388
6849
6406
5613
4139
2600
1656
816
-581
-1905
-2196
-1907
-2102
-2665
-2700
-2200
-1836
-1627
-1070
-174
647
1306
2069
3106
4300
5408
6259
6792
6876
6344
5259
3898
2313
332
-1925
-4042
-5803
-7268
-8352
-8825
-8692
-8291
-7941
-7701
-7602
-7793
-8367
-9282
-10520
-12160
-14328
-17206
-20754
-23602
-22922
-16640
-6163
5061
14849
23030
29338
32315
32100
30070
26229
19732
11244
2334
-6269
-13628
-17604
-17362
-15048
-12822
-10398
-7050
-3720
-1555
-399
221
171
-821
-2712
-4852
-5749
-4107
-360
4062
8602
13371
17669
20294
20955
19918
16926
11827
5470
-1197
-7863
-13865
-17847
-19278
-19066
-17925
-15478
-11528
-6988
-2870
677
3858
6450
7917
8093
7607
7423
7791
8153
8187
8149
7988
7164
5605
3759
1597
-1180
-4078
-6210
-7475
-8195
-7989
-6363
-3862
-1562
202
1807
3303
4310
4719
4799
4725
4467
4062
3801
4034
4788
5694
6296
6326
5730
4520
2773
663
-1642
-4013
-6183
-7842
-8868
-9245
-8868
-7740
-6243
-4883
-3776
-2824
-2221
-2242
-2793
-3705
-5137
-7071
-9029
-10805
-12901
-15832
-19506
-23055
-24328
-20543
-11246
377
10838
19424
26174
29705
29437
27089
23844
18723
11224
2752
-5221
-11984
-16173
-16296
-13201
-9467
-6396
-3700
-1412
-81
313
201
-308
-1232
-2590
-4307
-5437
-4218
-37
5606
10970
15667
19613
21883
21733
19486
15592
10119
3514
-3342
-9814
-15199
-18430
-19031
-17639
-15003
-11331
-6991
-2735
1017
4193
6502
7761
8303
8321
7600
6485
6017
6443
6840
6621
6137
5432
3872
1292
-1717
-4682
-7404
-9466
-10486
-10502
-9529
-7264
-3836
-129
3115
5809
7936
9206
9482
9006
8115
7082
6017
4866
3778
3216
3310
3447
3046
2144
901
-774
-2776
-4631
-6065
-7062
-7451
-7053
-5972
-4459
-2682
-910
421
1059
993
428
-301
-993
-1803
-2992
-4313
-5462
-6655
-8341
-10532
-13083
-16303
-20663
-25932
-30497
-31037
-24739
-12320
1636
13003
22066
29068
32407
31585
28416
24074
17528
8536
-1049
-9231
-15090
-17647
-16154
-11939
-7535
-4178
-1787
-356
-90
-704
-1920
-3611
-5262
-6396
-6898
-6151
-2593
4043
11424
17206
21174
23651
23643
20330
14685
8101
1040
-6171
-12510
-16960
-18992
-18289
-15254
-11088
-6727
-2462
1241
3637
4782
5313
5413
5070
4638
4474
4406
4591
5571
7032
7946
7720
6579
4612
1744
-1636
-5039
-8077
-10153
-10621
-9644
-7886
-5294
-1671
2368
5673
7810
9205
9858
9566
8575
7453
6395
5254
4121
3120
2307
1649
987
134
-1053
-2378
-3588
-4540
-4971
-4758
-3947
-2752
-1309
204
1393
2157
2506
2379
1602
192
-1373
-2753
-3676
-3959
-3760
-3488
-3484
-3794
-4670
-6467
-9053
-12244
-15887
-20125
-24727
-29144
-31696
-29486
-19592
-4405
9424
19719
27150
31717
32109
28179
22126
15651
8145
-642
-8948
-14731
-17313
-16689
-13039
-7834
-3189
-294
763
309
-1081
-2559
-3864
-4999
-5340
-4230
-1912
1222
5823
11972
17628
20445
20172
17867
13783
7895
1237
-4713
-9178
-12139
-13713
-13901
-12572
-9662
-6011
-2949
-952
427
1159
821
71
65
1019
2299
3697
5329
6846
7871
8430
8421
7392
5177
2047
-1597
-5171
-7836
-9245
-9562
-8735
-6521
-3441
-476
2068
4423
6496
7722
7840
7258
6418
5479
4771
4448
4247
3860
3249
2347
1064
-280
-1284
-1933
-2454
-2743
-2498
-1840
-1025
-119
883
1839
2383
2387
1924
1230
422
-476
-1214
-1653
-1840
-1941
-1943
-1727
-1593
-1912
-2762
-3904
-5312
-7250
-9515
-11766
-13913
-16290
-19105
-21822
-23257
-21243
-13729
-1308
12170
22582
29118
32346
31421
25875
17894
10333
3141
-4697
-12194
-17021
-18090
-16030
-11735
-6423
-1537
1721
2535
1126
-1119
-2539
-2929
-3000
-2396
-407
2603
5628
8834
12692
15943
16746
14643
10641
5634
255
-4551
-8117
-10196
-10777
-10088
-8873
-7622
-5874
-3516
-1628
-1083
-1262
-1077
-574
-51
1035
3194
5884
7896
8653
8306
7241
5693
3531
840
-1889
-4213
-6114
-7541
-7937
-6996
-5297
-3497
-1659
274
1841
2737
3348
4154
5049
5567
5748
5817
5895
5981
5888
5334
4123
2451
619
-1258
-2796
-3506
-3200
-2222
-1165
-315
397
1094
1528
1460
1118
886
675
219
-258
-346
-137
31
10
-175
-596
-1318
-2243
-3241
-4169
-5002
-5863
-6739
-7500
-8189
-9081
-10391
-12016
-13851
-15905
-18051
-19277
-17068
-9162
3260
15667
24559
29833
31747
28911
21208
11883
4081
-2520
-9284
-15236
-17902
-16476
-12382
-7363
-2350
2043
4670
4298
1230
-2181
-3558
-2994
-1953
-399
2662
6753
10113
12248
13925
14814
13392
9207
3628
-1729
-5947
-8645
-9801
-9592
-8118
-5780
-3673
-2503
-1742
-773
-173
-634
-1419
-1285
-167
1391
3283
5593
7820
9009
8578
6688
4174
1745
-595
-2960
-4823
-5495
-5274
-5017
-4667
-3603
-2121
-1105
-631
-9
951
1908
2924
4284
5703
6663
7069
7001
6448
5446
4185
2616
621
-1437
-2961
-3602
-3346
-2389
-986
414
1253
1320
865
288
-252
-787
-1169
-1056
-436
342
998
1508
1836
1641
657
-929
-2655
-4173
-5400
-6261
-6654
-6716
-6626
-6463
-6394
-6725
-7741
-9475
-11720
-14555
-18063
-21056
-20157
-12276
1240
14990
24869
30698
32553
28920
19888
9412
1221
-5024
-11112
-16349
-18223
-15691
-10317
-4454
675
4834
7192
6133
1664
-3201
-4937
-3444
-1274
782
4069
8414
11502
12170
11660
10839
8611
4126
-1432
-5902
-8039
-8022
-6792
-4955
-2585
-125
1110
435
-979
-1763
-2152
-2904
-3366
-2330
123
2954
5605
8007
9647
9602
7480
3882
92
-2740
-4426
-5346
-5453
-4376
-2560
-1175
-584
-139
360
381
-80
-181
617
1967
3373
4729
5968
6789
6786
5746
3982
2198
763
-567
-1899
-2667
-2516
-1868
-1073
7
1269
2011
1697
585
-641
-1572
-2119
-2188
-1575
-256
1352
2586
3094
2902
2049
453
-1779
-4122
-5949
-6939
-7129
-6665
-5722
-4612
-3685
-3293
-3728
-5037
-7036
-9630
-12731
-16126
-19540
-21984
-20704
-12643
1586
16504
26741
31673
32242
27642
17768
6296
-2341
-7757
-12149
-15763
-16502
-13221
-7320
-1343
3118
5922
7028
5359
609
-4421
-5890
-3469
-200
2383
5486
9215
11352
10761
8856
6989
4629
995
-3213
-6277
-6893
-5251
-2834
-897
604
1754
1529
-709
-3522
-4975
-4966
-4513
-3622
-1413
2005
5308
7480
8540
8686
7503
4558
504
-2879
-4208
-3807
-2849
-1643
131
1867
2312
1373
276
-351
-973
-1680
-1668
-455
1497
3504
5230
6548
7163
6638
4836
2378
348
-610
-806
-778
-424
476
1381
1593
1298
1066
792
-98
-1535
-2647
-2794
-2199
-1267
-43
1465
2776
3164
2419
964
-757
-2637
-4575
-6076
-6537
-5922
-4746
-3488
-2382
-1746
-1931
-2983
-4615
-6476
-8493
-10702
-12965
-15205
-17749
-20135
-19538
-12470
791
15099
25280
30330
30897
26230
16367
5004
-3229
-7709
-10845
-13542
-14070
-11089
-5788
-625
2895
4890
5610
3981
-644
-5712
-7182
-4296
-112
3184
6381
9829
11581
10331
7456
4841
2541
-310
-3600
-6029
-6228
-4131
-1349
519
1464
2058
1570
-851
-3972
-5588
-5253
-4171
-2870
-687
2420
5266
6884
7301
6872
5497
2917
-457
-3198
-3975
-2963
-1408
26
1485
2698
2648
1231
-271
-931
-1211
-1647
-1630
-480
1423
3175
4450
5448
5996
5497
3906
2017
768
476
807
1134
1218
1380
1505
1043
131
-649
-1097
-1548
-2346
-3036
-2886
-1835
-367
1010
2155
2971
3068
2176
445
-1447
-3028
-4304
-5252
-5653
-5139
-3871
-2632
-2090
-2203
-2639
-3554
-5145
-7226
-9334
-11358
-13651
-16615
-19963
-20882
-15231
-2252
13008
24371
30440
32013
28235
18473
6283
-2713
-7375
-10368
-13104
-14047
-11440
-6196
-769
2899
4664
5346
4129
-221
-5762
-7919
-4890
28
3563
6411
9699
11602
10171
6533
3298
1122
-1133
-3825
-5826
-5541
-2817
377
2125
2438
2475
1880
-783
-4663
-7036
-6773
-5278
-3723
-1427
2004
5425
7463
7768
6971
5468
3051
-237
-3295
-4362
-3142
-1215
326
1873
3526
4114
3083
1559
511
-273
-1190
-1814
-1585
-562
945
2454
3544
4119
4313
3897
2617
1209
833
1494
1978
1815
1633
1658
1395
390
-985
-1973
-2404
-2720
-3227
-3202
-1993
-104
1369
2039
2459
2610
1880
100
-2020
-3742
-5066
-6138
-6644
-6084
-4551
-3017
-2344
-2588
-3433
-4687
-6425
-8504
-10542
-12394
-14555
-17638
-19828
-16468
-5139
10072
22077
28584
30971
28481
19563
7024
-2583
-6868
-8898
-11100
-12436
-10751
-6392
-1626
1742
3507
4739
4673
1408
-3909
-6634
-4062
878
4414
6620
9017
10442
8926
5295
2019
157
-1149
-2732
-4149
-4093
-1881
1073
2599
2342
1680
1049
-887
-4183
-6519
-6386
-4747
-3040
-1102
1653
4527
6369
6776
6156
4940
3072
510
-2126
-3492
-2877
-1293
110
1348
2719
3490
2944
1601
511
11
-333
-586
-425
327
1469
2364
2554
2321
2195
2096
1414
482
443
1528
2526
2421
1842
1665
1537
650
-827
-1944
-2305
-2474
-2811
-2798
-1775
-171
977
1389
1504
1545
1073
-213
-1798
-3067
-3992
-4947
-5813
-5997
-5412
-4543
-4094
-4135
-4405
-4863
-5541
-6716
-8230
-10017
-12337
-15785
-19387
-18628
-9830
4717
17962
25856
29417
28574
21605
9799
-817
-6156
-8189
-9870
-11350
-10505
-6862
-2255
1007
2344
3361
4212
2568
-2138
-5594
-3683
1586
5606
7473
9215
10448
8952
4965
891
-1412
-2230
-2778
-3599
-3597
-1506
1651
3394
2715
1363
583
-837
-3608
-5876
-5596
-3543
-1651
-140
1894
4372
6002
6058
5110
4020
2807
881
-1484
-2835
-2346
-905
332
1604
3314
4574
4359
2938
1383
118
-840
-1278
-983
136
1818
3336
3880
3464
2958
2550
1657
410
-92
677
1645
1734
1292
1157
1208
609
-732
-1898
-2239
-2127
-2214
-2153
-1203
296
1240
1205
798
563
120
-995
-2485
-3663
-4274
-4778
-5365
-5633
-5199
-4433
-4269
-4813
-5493
-5839
-6179
-7154
-8637
-10153
-11862
-14814
-18207
-17552
-9086
4755
17006
24143
27453
26932
20481
9383
-238
-4674
-6185
-7873
-9535
-9096
-6212
-2756
-615
32
697
1575
593
-2721
-4829
-2350
2859
6642
8092
8985
9427
7694
3779
-159
-2232
-2487
-2422
-2786
-2617
-620
2215
3203
1855
217
-468
-1554
-3852
-5405
-4561
-2215
-264
1030
2544
4155
5013
4545
3325
2302
1613
711
-739
-1709
-1332
-279
483
1079
2132
3052
2868
1853
875
371
198
421
1200
2277
3320
3865
3611
2732
1944
1476
855
169
223
1231
2080
1957
1422
1191
942
51
-1069
-1443
-977
-355
-115
142
871
1590
1544
616
-412
-977
-1313
-1818
-2444
-2754
-2742
-2971
-3644
-4509
-4984
-5157
-5582
-6299
-6911
-6878
-6576
-6734
-7699
-9346
-11631
-15153
-18384
-16679
-7059
7162
18910
25471
27952
25891
18095
6985
-1468
-5128
-6522
-7888
-9023
-8352
-5737
-2647
-764
-320
196
622
-844
-3775
-4442
-600
4815
8206
9275
9505
8711
5944
2041
-1079
-2321
-2201
-1964
-2134
-1875
-48
2277
2645
812
-1255
-2314
-3490
-5200
-5787
-4138
-1395
695
1935
3071
4228
4787
4206
2917
2000
1530
753
-513
-1057
-369
333
179
-46
384
889
838
629
799
1094
1321
1534
1871
2299
2758
2902
2341
1535
1237
1249
1009
745
1216
2220
2506
1655
374
-447
-939
-1569
-2079
-1724
-582
468
978
1377
1959
2201
1631
398
-908
-1789
-2156
-2361
-2521
-2318
-1775
-1763
-2643
-3953
-4851
-5277
-5916
-6712
-7123
-6862
-6496
-6608
-7297
-8581
-10741
-14322
-17834
-16649
-7572
6538
18726
25814
28714
26836
18817
7220
-1694
-5406
-6488
-7202
-7451
-6350
-4003
-1597
-405
-456
-234
196
-1204
-4112
-4606
-474
5253
8906
10278
10566
9275
5741
1269
-1889
-2591
-1680
-763
-621
-356
1021
2261
1536
-767
-2551
-3228
-4186
-5470
-5372
-3232
-672
853
1780
2728
3407
3364
2733
2108
1830
1683
1117
245
-9
647
1213
954
483
199
-349
-1377
-2154
-1957
-940
455
1874
3011
3745
4014
3586
2487
1421
1074
1146
1078
1044
1615
2507
2568
1346
-374
-1725
-2692
-3504
-3715
-2589
-433
1471
2447
2895
3177
2874
1480
-514
-2162
-3012
-3169
-3081
-2777
-2086
-1273
-1035
-1911
-3322
-4362
-4995
-5824
-6971
-7540
-7260
-6860
-6838
-7073
-7331
-8365
-11101
-15146
-17275
-13062
-2104
10882
20677
26168
27520
23123
13306
2748
-3576
-5638
-6267
-6577
-6274
-5037
-3242
-1925
-1676
-1770
-1059
-634
-2159
-3748
-1880
3303
8115
10453
11138
10677
8288
4074
-126
-2262
-1891
-470
272
307
925
2077
1875
-293
-2575
-3386
-3526
-4237
-4699
-3465
-1000
957
1783
2250
2902
3260
2920
2333
2281
2767
2817
1924
819
419
465
233
-94
83
519
384
-252
-459
9
693
1194
1615
2098
2378
2355
2024
1767
1986
2436
2588
2339
2352
2772
2761
1772
233
-1213
-2447
-3384
-3735
-3136
-1499
404
1775
2421
2700
2693
1755
15
-1699
-2793
-3249
-3397
-3240
-2775
-2205
-2004
-2740
-4084
-5205
-5932
-6723
-7658
-8121
-7981
-7867
-8166
-8757
-9468
-10782
-13428
-15746
-13455
-3877
9639
20343
25723
26772
23116
14009
2702
-4654
-6398
-5654
-4951
-4563
-3792
-2728
-2174
-2863
-4142
-3921
-2447
-2173
-3011
-1517
3561
8646
10657
10275
9066
6769
2902
-1009
-2782
-1737
543
1962
2189
2251
2494
1692
-903
-4039
-5823
-5853
-5180
-4271
-2513
131
2254
2675
2037
1618
1645
1612
1575
2098
3166
4086
3935
2912
2039
1291
125
-1309
-2053
-1764
-1347
-1229
-977
-251
835
1824
2549
3123
3684
3954
3319
2165
1618
1996
2553
2783
3086
3634
3697
2630
681
-1251
-2535
-3270
-3509
-2935
-1316
737
2120
2648
2899
2993
2515
1274
-268
-1458
-2068
-2314
-2460
-2525
-2341
-2068
-2327
-3289
-4302
-4672
-4803
-5468
-6315
-6744
-6954
-7478
-8191
-8663
-9339
-10821
-13401
-16599
-17268
-11127
1786
15349
23964
27412
26223
19149
7705
-2209
-6200
-5790
-4272
-3093
-2536
-2270
-2125
-2863
-4851
-6143
-5014
-3431
-3523
-2893
1575
7830
11354
11244
9705
7609
4203
145
-2322
-1739
943
3096
3259
2413
1921
1245
-1016
-4260
-6325
-6311
-5259
-4123
-2457
158
2588
3211
2065
709
193
263
603
1563
3232
4855
5326
4279
2714
1644
873
-254
-1415
-1630
-1049
-777
-958
-742
161
994
1229
1239
1582
2312
2841
2820
2752
3216
3744
3508
2867
2734
2957
2526
981
-924
-2262
-2949
-3249
-3172
-2254
-426
1246
1827
1695
1771
2019
1609
478
-557
-968
-1072
-1385
-1789
-1985
-2066
-2517
-3578
-4666
-5013
-4738
-4738
-5346
-5994
-6352
-6781
-7524
-8192
-8678
-9500
-11034
-13622
-16468
-15872
-8036
5431
17942
25026
27032
24198
15758
4530
-3408
-5270
-3667
-1725
-681
-893
-1927
-3175
-4957
-7057
-7487
-5485
-3544
-2965
-1015
4003
9242
11381
10576
8577
5908
2703
-79
-1117
320
3034
4345
3233
1270
-105
-1586
-3934
-5910
-6071
-4639
-2951
-1791
-783
498
1407
939
-493
-1252
-666
526
1851
3489
5205
6039
5250
3181
923
-694
-1678
-2268
-2146
-1003
315
767
586
566
638
291
-50
354
1349
2305
3020
3614
3993
3974
3509
2801
2268
2134
2202
1931
1063
-88
-1248
-2200
-2716
-2659
-1918
-759
313
986
1336
1665
1740
1185
254
-530
-807
-796
-795
-869
-1056
-1469
-2474
-3945
-5110
-5483
-5494
-5674
-5831
-5643
-5501
-5818
-6274
-6570
-7125
-8391
-10293
-13051
-16280
-16550
-10025
2484
15158
22876
25454
23391
15952
5500
-2187
-3961
-2202
-181
923
671
-837
-2893
-5192
-7349
-8011
-6418
-4301
-2963
-607
4012
8796
11014
10355
8170
5517
3014
1160
549
1885
4279
5154
3436
738
-1158
-2582
-4277
-5486
-5183
-3499
-1733
-943
-794
-370
75
-508
-1692
-1780
-330
1589
3288
4934
6235
6279
4725
2168
-217
-1621
-2075
-1889
-1058
362
1287
932
37
-528
-851
-1168
-941
109
1400
2532
3416
3838
3727
3433
3148
2665
2203
2196
2362
2037
1068
-180
-1419
-2344
-2696
-2491
-1699
-420
784
1353
1427
1456
1158
261
-626
-907
-692
-389
-47
171
-279
-1532
-3225
-4877
-6150
-6670
-6387
-5848
-5523
-5444
-5567
-5931
-6342
-6664
-7303
-8691
-10901
-14239
-17589
-16662
-7934
6150
18365
24584
25573
21253
11620
1049
-4287
-3403
-148
2661
3798
2407
-773
-4160
-7262
-9656
-9708
-7086
-4294
-2259
1057
6055
9987
10637
8698
5870
3218
1336
585
1446
3988
6252
5661
2494
-722
-2662
-4109
-5322
-5357
-3933
-1918
-534
-260
-464
-437
-680
-1834
-2794
-1884
676
3337
5432
7028
7579
6402
3776
749
-1480
-2229
-1744
-787
407
1811
2473
1678
145
-1009
-1565
-1711
-1128
285
2062
3633
4404
4129
3250
2545
2198
1937
2068
2812
3413
3005
1679
107
-1419
-2564
-2962
-2608
-1669
-483
522
970
922
647
49
-756
-1206
-954
-197
619
1252
1202
-21
-1984
-3950
-5748
-7231
-7690
-7044
-6330
-6158
-6112
-5899
-5983
-6586
-7532
-8900
-10738
-13169
-15973
-16486
-10442
2314
15423
22748
24101
20882
12908
2763
-3370
-2675
1294
4445
5470
3850
-264
-5059
-8968
-11404
-11150
-7694
-3485
-822
1707
5636
8904
9063
6880
4524
2917
2092
2252
3755
6381
8328
7114
2953
-1226
-3639
-4948
-5762
-5318
-3566
-1857
-1082
-1111
-1577
-2127
-2610
-3114
-3226
-1880
977
3936
6093
7438
7639
6184
3528
939
-793
-1352
-742
267
843
1153
1320
596
-946
-1954
-1971
-1592
-769
742
2412
3566
3867
3346
2512
1890
1693
1999
2845
3904
4411
3848
2404
649
-901
-1825
-1755
-979
-90
536
639
235
-262
-545
-776
-1030
-925
-256
590
1249
1794
2120
1563
-94
-2258
-4294
-5807
-6329
-5762
-4863
-4275
-4122
-4298
-4849
-5810
-6701
-7337
-8070
-9288
-10996
-13009
-15432
-16728
-12918
-2111
11370
20373
22647
20298
14115
5152
-1844
-2176
2531
6805
7980
6145
1826
-4036
-9687
-13207
-13164
-9592
-4986
-1697
1064
4484
6969
6598
4403
2622
1966
2227
3440
5647
8185
9349
7371
2779
-1476
-3614
-4325
-4256
-3117
-1514
-921
-1696
-3120
-4408
-4963
-4718
-4105
-3005
-713
2414
4907
6200
6770
6426
4625
2012
-30
-732
-51
1394
2474
2687
2305
1281
-524
-2094
-2242
-1450
-843
-303
760
1877
2313
2285
2261
2187
2035
2030
2287
2932
3815
4275
3894
3018
2008
779
-307
-684
-485
-339
-475
-888
-1601
-2244
-2364
-2119
-1740
-923
271
1202
1687
2007
1900
712
-1428
-3521
-4746
-4986
-4611
-3985
-3348
-3258
-4112
-5529
-6593
-6802
-6749
-7237
-8513
-10316
-12569
-15496
-17005
-12580
-1011
12042
19598
20797
17969
11524
3323
-1044
1651
7520
11135
11087
7812
1937
-4800
-10203
-12741
-11474
-7131
-2942
-955
487
2584
3374
1815
212
470
1992
3855
6047
8457
10113
9533
6029
1473
-1070
-1237
-795
-330
487
572
-1380
-4371
-6602
-7426
-6985
-5840
-4432
-2607
-275
1754
2757
3402
4125
4075
3135
2354
2220
2307
2553
3047
3112
2495
1703
805
-339
-1236
-1451
-1447
-1583
-1375
-738
-261
44
448
676
607
833
1627
2341
2767
3360
3934
3886
3268
2512
1752
1110
802
636
292
-20
-375
-1204
-2271
-2932
-3074
-3090
-2717
-1595
-360
520
1041
992
64
-1531
-2978
-3971
-4448
-4078
-3288
-2692
-2562
-3137
-4372
-5910
-7043
-7740
-8544
-9301
-10006
-11135
-13299
-15729
-14786
-7351
4431
13912
17154
16068
12310
6070
1057
2202
8447
13433
13897
11043
5702
-1349
-7784
-10957
-9839
-6017
-2529
-1357
-1530
-1203
-1205
-2547
-3320
-1702
1255
3714
5813
8163
9793
9386
6854
3824
2510
3098
3919
4130
3949
2716
-601
-4610
-6806
-6961
-6304
-5421
-4377
-3525
-3001
-2384
-1409
98
2059
3594
4176
4359
4575
4412
3895
3942
4461
4558
4282
4064
3479
2119
531
-896
-2331
-3307
-3092
-2109
-1298
-802
-455
-489
-807
-709
63
1217
2491
3645
4354
4530
4308
3647
2770
2226
1979
1429
584
-133
-979
-2291
-3439
-3801
-3792
-3782
-3340
-2299
-1324
-844
-776
-1100
-1780
-2664
-3381
-3462
-2586
-1242
-632
-990
-1848
-3230
-5016
-6443
-6882
-6952
-7480
-8452
-9936
-12100
-14950
-17134
-15134
-6719
4957
12944
14354
11980
7680
2505
467
4989
12692
16821
15857
11776
5324
-2114
-7420
-8265
-5447
-1850
-122
-1117
-2953
-4116
-5519
-6910
-5995
-2533
844
2874
4791
6667
7047
5734
4064
3597
4976
7066
8149
7911
6635
3605
-1034
-4599
-5261
-4498
-4113
-4123
-4300
-5039
-6044
-6235
-5044
-2697
-173
1485
2335
3038
3486
3391
3742
5271
6759
7236
7413
7672
6933
4721
2256
173
-1602
-2518
-2201
-1297
-852
-1119
-2060
-3403
-4005
-3244
-1611
325
2429
4153
4643
4336
4048
3778
3547
3727
4135
3844
2733
1396
-71
-1502
-2470
-2863
-3040
-3035
-2571
-2120
-2120
-2378
-2725
-3366
-4185
-4438
-3892
-2830
-1572
-517
-152
-786
-2005
-3319
-4237
-4385
-4303
-4631
-5516
-6791
-8766
-11684
-14718
-17072
-16852
-11254
-947
8349
11291
9123
5276
878
-1428
2188
10831
17779
18590
14813
8422
1000
-4471
-5489
-2359
1742
3424
1189
-3113
-6188
-7817
-8885
-7895
-4142
-590
233
35
846
1696
1819
2344
4098
6651
8889
9775
9185
7723
5310
1722
-1096
-1086
298
255
-1323
-3160
-5425
-8069
-9259
-7807
-4864
-2366
-1131
-960
-1302
-1482
-980
1064
4698
8113
9565
9411
9051
8103
5842
3596
2726
2404
1474
597
502
98
-1508
-3476
-4703
-4982
-4509
-3217
-1321
566
1867
2353
2519
2909
3322
3535
3939
4431
4177
3238
2504
2047
1303
460
-12
-435
-1164
-1777
-1931
-1924
-2099
-2519
-3079
-3583
-3961
-4220
-4073
-3206
-1945
-941
-541
-829
-1810
-3089
-3946
-4106
-3936
-3936
-4504
-5832
-7785
-9863
-11810
-13661
-13901
-9752
-1391
6093
8205
6226
3427
665
-629
2901
10725
16630
16451
12224
7014
1883
-1665
-1663
1421
4404
4298
766
-3729
-6519
-7596
-7908
-6593
-3470
-1343
-1996
-3236
-2798
-1530
-423
1347
4128
6824
8262
8203
7264
6113
4587
2575
1561
2607
3724
2519
-226
-2800
-5218
-7319
-7525
-5571
-3528
-2928
-3491
-4412
-4904
-4120
-1867
1407
4870
7195
7451
6464
5778
5416
4831
4583
5021
4956
3654
2177
1318
275
-1496
-2999
-3349
-2922
-2438
-1890
-937
105
379
-129
-187
769
1671
1741
1767
2280
2520
2207
2102
2340
2007
968
157
-65
-151
-306
-291
-225
-581
-1627
-2999
-4003
-4278
-3978
-3375
-2525
-1762
-1862
-3039
-4471
-5358
-5683
-5602
-5030
-4347
-4444
-5601
-7214
-8797
-10269
-11541
-11682
-8660
-1796
5393
7842
5278
1902
286
533
3879
10548
16017
15642
10799
5773
2189
330
1177
4090
6113
4989
1073
-3428
-6097
-6362
-5607
-4516
-2843
-1888
-3225
-5225
-5123
-3282
-1518
428
3199
5568
6357
6015
5411
4841
4360
4004
4096
4992
5620
4138
892
-1927
-3633
-4742
-4669
-3098
-1910
-2711
-4412
-5422
-5472
-4416
-2034
806
2906
3869
3724
2931
2671
3487
4472
5014
5412
5424
4447
3126
2381
1774
713
-166
-316
-254
-269
-106
67
-141
-560
-827
-801
-433
-18
-28
-271
-67
461
709
799
1036
997
405
-75
61
504
974
1399
1470
956
78
-896
-1731
-2096
-1931
-1661
-1609
-1660
-1854
-2537
-3750
-5047
-5896
-6023
-5622
-5242
-5420
-6260
-7470
-8729
-9798
-10404
-10657
-10643
-9114
-4470
1765
5158
4124
1763
812
1235
3615
8742
13721
14354
11031
7248
4559
3126
3739
5981
7370
6029
2310
-2014
-4828
-5337
-4743
-4095
-3336
-3109
-4445
-6188
-6189
-4669
-3128
-1412
914
2731
3322
3604
4247
4854
5228
5553
5879
6318
6580
5595
3228
1023
-92
-709
-952
-419
-124
-1404
-3448
-4523
-4389
-3562
-2077
-312
799
816
108
-477
40
1701
3380
4373
4885
4663
3296
1927
1956
2782
3156
3367
3870
3796
2686
1488
862
434
45
-5
206
225
-255
-1212
-2169
-2519
-2370
-2253
-2057
-1485
-1087
-1314
-1377
-674
62
257
450
914
1046
723
604
831
831
473
121
-228
-895
-1810
-2558
-3071
-3709
-4559
-5206
-5426
-5659
-6450
-7672
-8734
-9403
-9888
-10179
-10194
-10416
-10843
-9477
-4669
1099
3471
2190
630
366
1126
4037
9314
13339
13131
10496
8226
6515
5476
6156
7674
7576
5297
2202
-549
-2323
-3006
-3267
-3529
-3655
-4188
-5637
-6726
-6217
-5115
-4437
-3358
-1499
27
895
1822
2734
3136
3287
3657
4426
5607
6327
5508
3843
2872
2502
2036
1980
2353
1782
15
-1428
-1896
-2023
-1890
-1341
-985
-1244
-1692
-1826
-1366
-319
661
948
911
1032
1006
948
1819
3545
4773
5099
5287
5355
4666
3606
3150
3334
3519
3467
3244
2734
1697
84
-1622
-2550
-2460
-2135
-2159
-2215
-2245
-2750
-3429
-3334
-2532
-1825
-1244
-418
299
541
680
911
874
597
536
648
549
255
-107
-725
-1697
-2752
-3566
-4053
-4460
-5275
-6592
-7858
-8755
-9537
-10229
-10585
-10782
-10473
-8130
-3742
-542
-944
-2893
-3193
-1543
1294
5420
9502
10817
9246
7439
6882
7202
8205
9470
9670
8194
5837
3458
1592
616
47
-882
-1932
-2764
-3978
-5584
-6484
-6456
-6283
-5870
-4728
-3523
-2945
-2488
-1743
-1015
-260
800
1909
2856
3700
4072
3780
3641
4184
4743
4839
4720
4220
3096
2037
1667
1518
1109
595
-56
-963
-1674
-1850
-1795
-1683
-1513
-1647
-2134
-2293
-1846
-1235
-517
611
1809
2491
2711
2823
2936
3146
3531
4039
4669
5268
5284
4495
3426
2392
1216
243
134
454
153
-765
-1553
-2180
-3007
-3646
-3563
-3082
-2753
-2478
-2038
-1628
-1455
-1440
-1477
-1445
-1118
-521
46
450
613
248
-615
-1333
-1580
-1718
-1970
-2295
-3018
-4355
-5694
-6447
-6922
-7595
-8397
-8787
-7811
-5047
-2138
-1541
-3127
-4368
-3793
-1665
1754
5621
7730
7063
5421
4759
5228
6566
8566
9986
9473
7418
5195
3580
2699
2309
1883
1205
414
-772
-2538
-4071
-4712
-4985
-5206
-4797
-3910
-3592
-3881
-3847
-3297
-2690
-2045
-1250
-498
151
722
1073
1428
2273
3366
3989
4081
3930
3502
3002
2999
3429
3592
3247
2600
1747
926
519
330
-97
-613
-881
-1081
-1392
-1575
-1560
-1543
-1390
-874
-198
330
706
986
1180
1507
2131
2899
3581
4050
4064
3497
2714
2157
1836
1644
1631
1610
1231
549
-87
-659
-1303
-1811
-1998
-2056
-2143
-2217
-2326
-2584
-2892
-3142
-3337
-3320
-2875
-2184
-1710
-1641
-1839
-2167
-2514
-2697
-2584
-2341
-2365
-2859
-3641
-4459
-5289
-6188
-6989
-7137
-5800
-3024
-722
-955
-3091
-4508
-3774
-1266
2231
5351
6251
4886
3375
3172
4051
5767
8007
9286
8489
6614
5129
4187
3501
3133
2875
2363
1633
709
-517
-1734
-2627
-3336
-3741
-3430
-2798
-2670
-3004
-3265
-3379
-3227
-2404
-1157
-328
-161
-247
-304
-79
813
2188
3236
3465
2994
2244
1797
2060
2823
3567
3894
3475
2331
1235
996
1356
1550
1409
1078
449
-344
-779
-783
-743
-728
-583
-451
-467
-483
-419
-262
170
894
1548
1901
2071
2135
2058
1964
1938
1900
1854
1861
1689
1209
762
584
422
105
-179
-461
-999
-1642
-1962
-2008
-2138
-2421
-2764
-3176
-3588
-3774
-3616
-3191
-2749
-2612
-2839
-3140
-3351
-3549
-3583
-3262
-2993
-3329
-4064
-4674
-5271
-6158
-6954
-6844
-5310
-2773
-897
-1230
-3100
-4189
-3235
-723
2402
4926
5425
4044
2737
2789
3888
5719
7937
9002
7814
5626
4304
3936
3785
3697
3540
2870
1715
463
-665
-1469
-1890
-2334
-2884
-2996
-2655
-2482
-2657
-2890
-3037
-2988
-2480
-1568
-709
-221
-185
-461
-473
372
1748
2728
2941
2628
2112
1812
2107
2907
3699
3975
3489
2475
1708
1723
2218
2597
2625
2203
1351
541
226
204
106
27
82
60
-98
-174
-147
-121
-38
172
483
896
1314
1510
1471
1383
1299
1218
1329
1633
1767
1593
1366
1182
933
739
698
545
71
-489
-921
-1332
-1754
-2031
-2254
-2676
-3189
-3450
-3390
-3208
-3102
-3217
-3559
-3917
-4098
-4101
-3922
-3640
-3615
-4073
-4632
-4871
-5025
-5499
-6111
-6219
-5177
-2908
-633
-176
-1676
-3208
-3104
-1366
1290
3950
5297
4660
3072
2160
2675
4493
6796
8061
7322
5353
3631
2816
2871
3529
4038
3603
2223
500
-1000
-1817
-1863
-1726
-1965
-2383
-2651
-2881
-3107
-3132
-2960
-2710
-2338
-1859
-1429
-1027
-610
-443
-518
-254
627
1550
1974
2005
1880
1667
1564
1882
2593
3256
3369
2851
2164
1831
1920
2254
2686
2882
2464
1621
962
712
692
840
1127
1237
944
496
218
180
350
642
862
888
798
730
794
994
1119
1014
885
960
1057
1010
1080
1361
1459
1197
920
783
540
152
-168
-477
-996
-1599
-1996
-2256
-2627
-3041
-3246
-3309
-3526
-3930
-4247
-4366
-4495
-4730
-4836
-4725
-4727
-5074
-5541
-5891
-6283
-6851
-7021
-5786
-3133
-706
-265
-1578
-2874
-2899
-1432
1295
4318
5962
5494
3985
2849
2787
4187
6722
8636
8283
6157
4021
2841
2686
3408
4375
4507
3217
889
-1400
-2572
-2457
-1925
-1724
-1880
-2413
-3431
-4356
-4404
-3730
-2987
-2307
-1699
-1424
-1367
-1135
-854
-767
-485
348
1329
1949
2204
2157
1824
1492
1527
1982
2661
3185
3134
2551
1935
1615
1628
2020
2550
2604
1975
1133
463
76
214
912
1546
1501
924
257
-226
-266
236
921
1267
1115
656
275
239
394
476
590
865
961
757
749
1110
1320
1198
1107
1022
660
250
119
42
-254
-637
-973
-1370
-1860
-2295
-2593
-2771
-2916
-3184
-3543
-3789
-3940
-4189
-4387
-4334
-4328
-4634
-4941
-5055
-5334
-5925
-6340
-6030
-4748
-2679
-799
-293
-1132
-2086
-2136
-976
1310
3928
5537
5553
4592
3498
3035
4038
6335
8177
8101
6544
4753
3388
2845
3406
4476
4758
3571
1372
-836
-2189
-2396
-1846
-1249
-1194
-1980
-3324
-4404
-4636
-4177
-3406
-2499
-1754
-1541
-1694
-1731
-1611
-1510
-1174
-286
805
1488
1677
1667
1561
1332
1210
1548
2295
2914
2998
2709
2342
1989
1773
1924
2314
2458
2180
1752
1299
825
628
942
1376
1370
922
408
13
-204
-114
276
690
803
542
138
-153
-283
-276
-86
210
344
291
330
514
582
475
377
254
-29
-293
-308
-254
-391
-678
-1024
-1499
-2058
-2444
-2541
-2566
-2821
-3348
-3896
-4243
-4468
-4710
-4919
-5009
-5119
-5390
-5743
-6064
-6395
-6774
-6831
-5840
-3624
-1380
-642
-1417
-2340
-2401
-1383
733
3469
5531
5949
5053
3800
3100
3763
5835
7973
8606
7553
5700
3958
3095
3483
4549
5131
4522
2778
523
-1251
-1812
-1386
-797
-633
-1096
-2128
-3308
-4035
-4022
-3393
-2469
-1674
-1285
-1164
-1105
-1189
-1392
-1311
-716
115
877
1527
1970
2025
1751
1519
1640
2128
2775
3342
3679
3607
3028
2269
1892
2071
2442
2685
2674
2248
1402
649
510
875
1250
1338
1085
505
-161
-519
-406
-15
370
533
365
-83
-598
-893
-783
-372
50
282
355
323
161
-70
-214
-229
-219
-244
-321
-496
-806
-1207
-1611
-1966
-2249
-2477
-2684
-2897
-3167
-3532
-3930
-4272
-4568
-4873
-5091
-5097
-5016
-5136
-5523
-6014
-6499
-6782
-6269
-4512
-2212
-860
-1072
-2032
-2587
-2116
-418
2153
4532
5675
5361
4091
2809
2688
4193
6370
7737
7667
6451
4671
3132
2647
3271
4201
4484
3636
1797
-221
-1492
-1791
-1508
-1110
-965
-1334
-2124
-2945
-3480
-3583
-3194
-2488
-1785
-1190
-680
-442
-602
-866
-896
-549
246
1357
2278
2563
2383
2142
1988
2014
2451
3242
3819
3679
2991
2366
2155
2257
2467
2679
2666
2129
1270
729
813
1169
1426
1516
1319
718
32
-219
-15
250
395
464
381
63
-277
-362
-213
-72
-53
-85
-97
-80
-26
12
-93
-394
-761
-1022
-1119
-1088
-1004
-1037
-1396
-2079
-2829
-3360
-3571
-3533
-3444
-3506
-3814
-4331
-4887
-5257
-5299
-5142
-5046
-5136
-5385
-5735
-5907
-5405
-4090
-2581
-1694
-1601
-1890
-2040
-1614
-381
1433
3212
4377
4661
4180
3507
3410
4145
5230
6061
6379
6111
5267
4169
3304
2898
2820
2846
2711
2154
1178
99
-781
-1418
-1829
-1936
-1778
-1634
-1740
-2062
-2424
-2729
-2886
-2683
-1973
-962
-97
315
270
-37
-278
-70
770
1970
2959
3339
3155
2712
2297
2120
2326
2825
3226
3161
2653
1996
1438
1080
939
935
936
849
619
275
-19
-103
-46
-14
25
162
287
266
194
190
188
153
213
418
595
594
454
271
107
16
24
96
137
19
-314
-755
-1108
-1300
-1380
-1391
-1386
-1514
-1862
-2331
-2750
-3051
-3214
-3226
-3160
-3140
-3207
-3287
-3335
-3344
-3278
-3140
-3033
-3036
-3052
-2882
-2421
-1755
-1095
-646
-486
-530
-542
-259
391
1202
1876
2250
2319
2162
2001
2107
2525
2956
3117
2994
2718
2421
2226
2200
2203
2010
1582
1080
677
453
409
441
360
32
-497
-996
-1216
-1116
-895
-753
-720
-785
-963
-1147
-1126
-829
-436
-122
103
270
382
475
620
817
1000
1139
1258
1381
1505
1597
1595
1441
1151
862
725
786
920
948
797
496
150
-106
-139
51
280
338
202
20
-66
3
202
437
571
534
392
287
293
385
484
509
376
89
-210
-366
-338
-273
-312
-485
-738
-970
-1133
-1211
-1256
-1333
-1482
-1660
-1762
-1758
-1733
-1829
-2070
-2353
-2532
-2509
-2287
-1988
-1799
-1826
-2006
-2166
-2155
-1910
-1536
-1206
-1020
-956
-882
-695
-383
-20
253
369
382
444
671
1074
1531
1863
1935
1781
1582
1530
1693
1977
2206
2244
2084
1841
1676
1652
1702
1695
1542
1287
1059
978
1062
1205
1244
1070
712
323
87
91
277
482
553
421
142
-150
-311
-277
-92
116
227
214
130
54
39
81
136
149
117
98
147
244
309
263
105
-85
-185
-121
52
189
167
-11
-228
-351
-320
-175
-33
10
-52
-146
-192
-158
-63
26
58
25
-38
-82
-87
-59
-42
-97
-262
-497
-712
-822
-820
-754
-721
-802
-1019
-1288
-1475
-1501
-1406
-1321
-1339
-1460
-1607
-1716
-1752
-1718
-1654
-1626
-1650
-1650
-1542
-1338
-1120
-961
-881
-841
-770
-584
-327
-96
50
133
203
289
413
549
626
619
592
613
687
803
946
1042
1010
871
757
751
832
930
1004
1033
1009
941
884
884
942
980
946
889
887
957
1056
1144
1175
1085
906
765
763
863
962
1000
962
840
632
392
207
145
200
310
402
403
242
-78
-416
-578
-488
-258
-70
-17
-81
-202
-336
-460
-510
-408
-150
151
342
354
210
-19
-216
-242
-33
309
584
665
553
326
96
-35
-32
51
143
207
212
101
-144
-450
-665
-679
-551
-473
-574
-802
-1027
-1177
-1238
-1194
-1116
-1123
-1202
-1211
-1114
-1016
-992
-1022
-1095
-1188
-1195
-1028
-767
-573
-514
-561
-613
-536
-318
-139
-162
-242
-122
192
441
453
295
135
73
135
306
533
746
851
782
580
380
287
329
473
666
824
884
836
697
557
526
626
716
652
514
486
599
699
662
530
437
449
514
522
418
223
-29
-233
-240
3
335
530
487
133
-532
-1201
-1366
-929
-357
-23
114
107
-287
-1001
-1439
-1178
-540
-147
-179
-390
-497
-413
-240
-165
-184
-129
-18
-26
-103
16
313
407
206
138
438
759
699
359
113
141
358
577
652
595
521
459
257
-72
-223
-7
316
394
288
325
505
437
-26
-506
-571
-279
35
229
361
382
209
-40
-197
-308
-470
-566
-438
-165
36
83
-16
-275
-633
-845
-700
-307
-6
-23
-254
-408
-309
-53
156
188
82
-30
0
175
379
508
514
403
253
260
482
652
479
128
-7
173
383
387
203
-13
-98
-65
-81
-243
-326
-157
45
-7
-203
-241
-146
-132
-285
-485
-624
-597
-438
-326
-382
-472
-494
-627
-957
-1236
-1129
-694
-266
-156
-361
-609
-641
-502
-433
-438
-377
-258
-257
-298
-220
-67
6
22
53
40
28
103
206
206
250
497
749
785
811
986
955
545
199
347
642
718
774
994
1004
536
56
-50
7
-99
-68
387
902
849
238
-322
-468
-432
-500
-471
-103
422
648
540
319
25
-386
-617
-324
234
507
358
90
-93
-109
108
345
121
-526
-859
-431
251
525
429
268
76
-163
-180
47
172
39
9
318
668
709
463
178
25
113
361
519
412
228
144
91
-32
-114
-32
105
188
173
53
-181
-375
-396
-332
-290
-224
-54
6
-205
-561
-743
-695
-574
-501
-416
-262
-219
-447
-850
-1040
-861
-485
-199
-65
-68
-229
-477
-645
-583
-417
-302
-332
-394
-382
-327
-362
-446
-325
25
272
127
-143
-179
-2
105
150
312
519
575
487
503
648
771
704
525
352
299
369
446
433
311
210
145
106
14
-67
-66
53
157
105
-65
-164
-138
-197
-398
-527
-375
-171
-147
-209
-136
-30
-135
-347
-368
-209
-143
-244
-286
-162
-21
54
127
206
170
62
72
253
382
305
154
108
191
299
397
451
430
348
283
312
366
323
171
4
-58
25
146
172
94
54
107
161
122
64
78
125
160
229
337
346
186
70
181
385
373
131
-74
-59
69
125
63
-75
-251
-423
-477
-366
-171
-65
-90
-134
-114
-98
-155
-207
-171
-92
-65
-42
33
77
-16
-170
-229
-159
-24
120
234
188
-21
-195
-143
44
147
113
37
11
17
68
127
125
5
-160
-268
-285
-239
-173
-102
-60
-38
-62
-133
-227
-253
-208
-182
-241
-302
-231
-65
45
31
-43
-143
-269
-395
-422
-327
-193
-120
-128
-161
-186
-225
-296
-348
-325
-250
-202
-174
-98
1
13
-90
-195
-217
-172
-111
-27
67
102
66
32
71
165
237
276
301
320
294
215
144
136
203
284
324
301
223
121
48
46
124
225
264
204
100
36
41
99
199
294
308
193
22
-90
-108
-85
-57
-12
13
-35
-139
-219
-230
-204
-162
-80
30
100
90
51
63
120
176
215
234
229
189
161
212
334
444
475
430
355
267
169
110
134
238
356
434
454
405
278
105
-16
-31
14
43
42
40
38
31
32
42
12
-94
-219
-277
-256
-198
-131
-64
-33
-82
-183
-276
-332
-367
-355
-265
-148
-97
-146
-227
-270
-285
-295
-287
-257
-239
-257
-269
-234
-187
-195
-261
-336
-381
-405
-395
-326
-205
-108
-104
-190
-275
-291
-234
-130
-14
81
123
108
78
95
150
188
180
157
156
172
168
146
127
121
109
91
84
78
54
10
-16
-17
-8
-13
-30
-47
-65
-78
-96
-116
-134
-154
-181
-230
-281
-299
-270
-208
-154
-120
-115
-125
-134
-131
-95
-34
51
144
224
257
228
165
124
143
213
291
325
293
213
142
121
145
178
196
215
238
230
199
172
152
142
140
157
195
192
137
94
107
156
192
200
191
174
153
158
209
275
311
304
274
245
212
184
182
203
227
222
179
118
53
1
-17
-12
-12
-42
-87
-127
-157
-168
-167
-169
-177
-196
-207
-208
-199
-184
-169
-164
-179
-207
-228
-225
-195
-158
-127
-118
-128
-150
-165
-155
-128
-93
-70
-62
-66
-81
-98
-110
-109
-94
-73
-59
-58
-75
-105
-135
-147
-140
-121
-99
-83
-77
-86
-107
-127
-136
-133
-122
-113
-111
-122
-135
-149
-152
-143
-124
-102
-89
-84
-81
-73
-53
-18
19
51
61
53
42
34
34
41
51
57
50
36
24
18
24
41
63
88
104
121
131
138
143
147
155
161
174
183
182
173
156
142
127
118
111
107
107
105
109
112
117
121
119
110
98
88
81
79
78
75
62
48
26
0
-21
-37
-46
-47
-43
-34
-28
-29
-41
-56
-62
-64
-53
-36
-20
-10
-14
-27
-33
-27
-10
7
11
-1
-25
-46
-50
-31
9
45
63
54
22
-12
-35
-34
-15
10
28
31
17
-10
-39
-59
-63
-53
-34
-18
-10
-19
-39
-68
-83
-81
-64
-41
-32
-41
-68
-94
-107
-98
-74
-49
-38
-47
-64
-77
-72
-48
-18
5
10
-1
-17
-22
-5
19
38
37
15
-11
-33
-34
-16
6
23
21
8
-8
-11
4
34
65
82
84
83
86
101
129
151
165
159
139
118
103
98
96
101
107
108
99
84
69
56
43
38
37
36
32
16
-7
-38
-68
-95
-113
-127
-142
-156
-173
-192
-199
-196
-186
-177
-178
-185
-200
-205
-198
-175
-149
-126
-115
-119
-121
-119
-100
-82
-70
-67
-73
-84
-88
-65
-37
-12
6
4
-5
-11
-13
-2
16
25
27
27
31
41
54
66
75
88
97
111
129
145
161
167
166
169
173
181
187
186
178
170
158
155
148
143
131
119
109
106
107
111
108
97
75
49
33
29
37
48
51
42
18
-14
-37
-49
-53
-56
-68
-85
-104
-120
-124
-118
-103
-87
-79
-72
-65
-54
-36
-16
2
17
24
20
17
11
13
21
30
43
46
39
30
19
13
17
30
41
48
43
27
6
-16
-31
-42
-50
-57
-68
-83
-103
-127
-141
-145
-134
-117
-107
-112
-125
-139
-141
-126
-98
-67
-48
-45
-58
-71
-73
-61
-41
-30
-26
-35
-47
-52
-43
-29
-13
-8
-8
-14
-23
-25
-27
-25
-17
-12
-5
-6
-8
-11
-19
-22
-21
-9
4
14
21
21
24
25
28
32
30
32
31
36
41
46
49
44
37
32
35
46
62
77
83
82
77
73
74
82
93
101
99
94
86
82
82
80
70
49
27
6
-11
-17
-13
-1
8
15
20
24
32
41
54
68
81
89
89
85
79
77
80
92
104
109
104
92
75
60
58
67
83
89
81
60
31
7
-7
-7
-3
-2
-12
-32
-56
-85
-110
-120
-114
-102
-96
-99
-114
-130
-143
-142
-130
-110
-92
-85
-88
-102
-115
-117
-108
-89
-72
-61
-61
-66
-75
-77
-68
-59
-44
-36
-30
-31
-31
-26
-16
0
15
23
23
16
6
1
1
10
16
19
15
9
5
3
3
4
1
-4
-9
-13
-12
-14
-20
-29
-41
-56
-69
-71
-64
-57
-51
-49
-46
-41
-38
-35
-35
-36
-40
-44
-44
-41
-27
-16
-14
-23
-33
-40
-46
-45
-40
-26
-17
-6
13
30
48
69
83
99
119
133
148
160
160
156
154
160
174
187
195
193
179
160
145
146
157
169
173
160
137
110
94
91
96
102
98
82
56
24
-6
-19
-20
-15
-15
-25
-45
-69
-87
-100
-98
-93
-86
-88
-95
-106
-117
-116
-113
-106
-97
-93
-94
-93
-95
-101
-110
-114
-115
-110
-106
-102
-97
-94
-88
-81
-73
-67
-59
-51
-47
-43
-36
-29
-21
-14
-8
-4
1
7
17
26
32
38
43
47
51
52
46
39
28
21
17
19
22
19
11
1
-6
-6
-4
-1
-1
-13
-26
-40
-49
-49
-41
-38
-38
-42
-52
-58
-62
-59
-55
-51
-50
-45
-37
-22
-2
17
36
50
67
84
98
110
115
114
114
114
122
126
128
122
108
87
68
59
61
63
57
44
22
0
-14
-17
-13
-11
-12
-22
-37
-57
-70
-72
-68
-64
-65
-73
-83
-86
-85
-71
-54
-42
-37
-37
-34
-24
-8
11
26
37
42
41
43
46
48
45
33
19
9
6
8
10
13
12
10
6
0
1
5
10
9
6
4
7
5
4
9
16
23
29
32
34
35
34
39
44
52
55
54
49
39
35
33
37
40
35
26
17
11
2
-3
-8
-13
-18
-26
-34
-39
-41
-47
-53
-62
-74
-82
-87
-86
-85
-85
-88
-93
-91
-87
-77
-68
-56
-42
-26
-13
-2
8
16
20
27
36
46
57
62
63
57
51
44
41
41
39
31
18
2
-13
-24
-29
-36
-40
-47
-56
-68
-78
-84
-84
-85
-92
-96
-104
-108
-101
-93
-76
-61
-47
-35
-29
-19
-7
9
25
34
45
49
56
62
64
58
49
36
27
23
28
32
34
34
35
31
26
32
36
41
47
43
48
53
50
51
48
46
48
53
61
69
73
67
62
58
60
68
78
84
80
68
57
53
56
63
69
70
66
52
38
26
21
23
25
24
16
5
-7
-14
-17
-19
-20
-25
-32
-40
-44
-44
-39
-37
-36
-38
-44
-42
-36
-23
-11
-7
-9
-14
-17
-16
-8
2
12
19
22
20
17
20
19
16
11
3
-3
-9
-11
-13
-19
-26
-39
-47
-54
-56
-58
-58
-57
-60
-64
-68
-72
-76
-78
-77
-72
-68
-65
-62
-57
-57
-55
-58
-63
-69
-74
-73
-69
-63
-63
-71
-82
-94
-98
-92
-81
-71
-70
-72
-75
-75
-66
-54
-37
-22
-14
-11
-4
11
25
36
41
42
43
45
55
67
77
78
71
62
53
54
58
68
70
63
56
50
52
60
69
77
77
71
64
63
71
83
93
92
87
76
71
72
78
87
92
90
84
75
72
73
75
75
67
57
48
46
49
52
51
45
31
16
5
1
5
8
9
7
3
4
3
-1
-9
-20
-32
-44
-47
-46
-42
-42
-47
-56
-63
-69
-69
-64
-60
-56
-57
-57
-52
-47
-41
-39
-38
-37
-38
-33
-25
-20
-14
-12
-13
-14
-19
-24
-27
-27
-28
-27
-28
-35
-43
-48
-48
-43
-38
-37
-45
-55
-61
-65
-61
-55
-48
-44
-45
-46
-42
-31
-19
-5
-1
0
-3
0
9
18
28
32
29
25
20
22
27
30
26
15
5
-3
-5
-5
-5
-4
-11
-24
-35
-35
-29
-20
-19
-24
-32
-40
-41
-34
-24
-14
-7
-5
-4
2
4
11
11
14
15
13
15
19
29
32
33
24
21
15
13
12
14
21
22
25
29
28
27
31
26
24
26
21
24
29
30
36
36
34
37
40
49
53
59
64
67
71
75
81
88
93
95
94
94
94
92
94
92
88
84
78
74
67
61
51
42
29
17
9
2
-2
-8
-16
-22
-32
-44
-58
-67
-73
-79
-83
-85
-88
-92
-95
-97
-98
-97
-96
-96
-93
-91
-90
-87
-82
-77
-73
-70
-64
-58
-52
-46
-43
-39
-36
-34
-32
-31
-31
-27
-24
-19
-17
-16
-13
-9
-4
-2
1
2
4
5
9
15
18
22
25
27
27
28
27
28
26
23
21
23
21
18
14
12
9
7
3
-2
-4
-6
-6
-7
-6
-6
-6
-4
-1
-2
-2
-2
2
9
12
15
16
15
18
16
15
16
17
20
16
15
13
11
9
6
7
6
7
4
3
2
0
-2
-4
-6
-5
-5
-3
-2
-2
-2
-5
-5
-8
-7
-2
5
10
14
17
20
21
19
16
18
19
25
28
32
34
36
37
34
32
30
28
26
24
20
20
19
19
20
20
21
24
25
24
24
24
23
23
21
20
17
14
11
9
12
15
18
17
16
14
9
1
-5
-7
-6
-2
-2
-2
-2
-7
-13
-18
-23
-24
-28
-33
-36
-37
-39
-44
-47
-51
-53
-54
-57
-58
-60
-62
-63
-65
-68
-65
-62
-57
-51
-50
-48
-50
-44
-37
-33
-25
-20
-16
-12
-9
-7
-4
2
6
14
19
23
24
24
27
29
29
27
24
20
16
13
10
10
8
9
8
7
4
0
-1
-7
-10
-15
-17
-16
-12
-5
-4
-1
5
7
11
9
8
8
7
9
12
18
18
18
14
12
9
7
3
0
0
-5
-6
-3
-2
-2
2
1
3
11
8
12
17
18
22
20
20
18
17
15
14
17
21
26
30
33
32
30
28
28
28
33
39
44
47
43
39
35
33
27
26
23
24
27
27
26
20
16
13
10
6
0
-3
-8
-12
-18
-21
-23
-21
-19
-16
-16
-16
-15
-17
-17
-16
-15
-13
-12
-12
-9
-10
-8
-4
-2
3
5
11
13
13
12
13
13
12
8
3
-2
-5
-9
-12
-11
-10
-9
-9
-11
-13
-17
-20
-24
-28
-32
-32
-36
-36
-37
-38
-38
-39
-37
-38
-38
-40
-43
-45
-46
-46
-45
-44
-45
-46
-48
-50
-52
-52
-51
-50
-48
-46
-43
-39
-38
-35
-29
-27
-19
-17
-11
-4
2
7
7
9
11
9
14
16
17
21
24
28
29
29
29
31
35
39
43
49
49
50
49
45
42
40
42
43
45
46
50
52
53
53
51
48
49
47
46
43
40
39
38
38
38
36
37
39
39
38
36
34
31
28
23
22
20
22
21
21
19
16
16
12
13
14
11
10
7
5
1
-4
-7
-10
-12
-13
-16
-19
-22
-23
-25
-26
-25
-27
-26
-28
-29
-28
-32
-30
-32
-32
-31
-32
-31
-32
-35
-37
-37
-38
-38
-41
-42
-44
-44
-45
-49
-51
-55
-55
-57
-56
-55
-55
-53
-52
-49
-48
-44
-41
-36
-32
-27
-19
-12
-6
0
3
8
15
21
25
31
34
37
37
37
39
40
40
39
37
37
35
32
29
24
19
15
13
10
7
5
0
-4
-9
-12
-9
-8
-7
-7
-11
-10
-9
-9
-5
-5
-1
1
2
0
-2
1
2
4
4
4
2
6
2
0
-1
-3
2
5
6
6
9
5
6
9
9
10
14
15
21
20
17
15
19
24
29
32
32
31
27
26
27
31
39
40
42
41
39
36
32
35
36
39
38
35
31
25
21
17
15
12
8
3
-3
-7
-12
-19
-22
-24
-26
-33
-39
-40
-40
-38
-36
-39
-42
-44
-47
-43
-37
-32
-28
-32
-35
-35
-34
-27
-20
-16
-17
-22
-24
-20
-11
-3
-1
-7
-15
-20
-16
-2
9
15
9
-5
-18
-21
-7
14
30
30
18
2
-9
-6
8
24
34
35
21
6
-3
-1
7
21
28
26
15
-2
-14
-14
-4
7
11
7
-6
-19
-25
-23
-14
-5
-4
-11
-18
-21
-15
-10
-11
-14
-20
-20
-13
-7
-2
-6
-14
-24
-29
-25
-15
-7
-8
-13
-22
-27
-31
-30
-26
-21
-18
-16
-16
-22
-27
-30
-26
-19
-9
-7
-8
-13
-17
-12
-2
8
13
6
-1
-4
4
18
32
36
30
16
8
9
22
38
49
49
42
33
29
31
36
39
46
53
58
60
55
46
35
33
44
67
84
85
66
39
20
20
41
71
89
81
45
3
-15
-1
34
65
69
44
-1
-37
-45
-26
7
30
27
2
-34
-55
-63
-47
-27
-15
-18
-34
-52
-67
-67
-60
-50
-43
-46
-56
-66
-69
-65
-57
-51
-51
-57
-63
-66
-56
-44
-34
-34
-42
-44
-42
-28
-15
-7
-4
-6
-6
-2
6
14
18
25
28
32
36
35
30
21
16
19
30
42
41
27
5
-13
-15
-8
8
17
15
0
-24
-43
-52
-45
-31
-14
-5
-8
-19
-37
-49
-56
-46
-28
-8
4
-1
-15
-36
-46
-38
-19
-1
8
3
-9
-15
-17
-11
-3
-1
-5
-5
1
4
12
11
6
3
1
11
25
31
31
24
19
22
27
34
40
41
37
30
25
33
53
74
82
71
48
26
21
34
59
80
89
82
62
41
21
13
19
39
63
76
67
37
0
-21
-14
12
40
48
32
-1
-32
-44
-32
-9
6
7
-12
-33
-41
-34
-17
-9
-14
-29
-40
-32
-7
16
21
0
-33
-53
-42
-4
36
48
28
-11
-40
-43
-27
0
15
14
0
-17
-22
-19
-7
-3
-8
-22
-35
-36
-23
-7
-3
-14
-34
-44
-37
-21
-8
-17
-37
-55
-58
-43
-22
-9
-13
-27
-44
-57
-65
-65
-52
-26
4
21
9
-33
-83
-107
-82
-16
49
67
24
-49
-99
-88
-26
44
73
48
-2
