SAMPLES:	11584
BITSPERSAMPLE:	16
CHANNELS:	1
SAMPLERATE:	16000
NORMALIZED:	FALSE
-5
-3
-11
-14
-10
1
-1
-5
-5
-6
-14
0
-8
-5
2
-1
8
-7
-2
4
-1
-6
-1
11
0
-2
5
8
13
0
5
-6
3
19
3
-5
7
-5
-2
-2
3
10
5
1
2
0
10
4
-11
3
1
-7
0
-2
13
-5
-15
-2
-4
10
-6
-7
3
-4
-12
3
0
-4
-5
-6
5
-4
-7
-2
-5
7
-9
-5
-10
-11
9
1
7
-7
-4
0
1
1
1
1
7
-8
-5
7
2
-2
6
14
5
-1
1
-2
3
18
3
8
4
8
9
4
10
6
13
15
11
9
6
-3
9
9
0
15
10
7
12
3
16
3
4
12
4
3
5
3
-1
6
1
5
-5
-1
3
-11
3
2
-9
-1
-3
-8
-1
-15
-8
-2
-16
6
0
-12
-8
-26
-11
-8
-13
-4
-4
-16
-3
-4
-23
-21
-3
-5
9
-11
-6
-2
-12
-15
-4
-4
4
-11
-6
7
-18
-2
-3
0
9
5
7
-6
-10
10
0
6
-2
7
6
-6
0
2
-5
-1
9
10
1
1
0
3
-9
-2
8
8
2
5
-6
-8
1
-9
5
-5
-4
0
-1
1
-5
-3
1
-15
2
-16
-1
11
3
-6
-14
-4
3
-3
1
0
-3
0
0
-9
-3
-6
5
5
-5
3
15
-2
12
8
5
10
-10
9
4
21
16
-7
3
14
1
9
2
19
14
8
14
6
-4
23
12
11
3
22
0
7
-5
-2
7
11
-4
3
-1
-3
2
-5
13
7
-2
-3
1
-8
-10
2
0
-10
-1
-15
-5
-19
3
2
-16
-15
4
-5
3
-10
1
-2
-4
1
6
-8
1
-6
-6
1
-8
-2
5
0
6
-7
-2
15
-4
18
17
-1
-6
6
8
4
-10
3
-8
10
1
5
-5
0
2
1
-8
8
-5
-5
3
9
-5
-14
5
-13
-3
-7
-1
-5
-12
-7
-12
-11
-9
6
2
-8
11
-8
0
-6
-7
-12
3
2
5
-9
-10
-1
-1
2
16
-9
-2
3
1
-2
2
-4
8
9
6
11
3
10
-5
1
-6
8
4
0
-1
8
-6
3
12
8
1
4
5
2
-3
16
-3
6
-5
3
-5
4
8
10
11
-3
-8
-9
6
10
7
11
1
12
5
5
9
-5
10
8
0
5
7
-5
17
2
8
4
6
-7
23
-6
7
2
1
9
5
-6
10
-4
10
5
-1
2
-5
1
-13
-7
6
3
2
-3
-10
8
-8
6
1
0
-6
-5
-17
2
-4
-9
-8
6
2
-13
-8
-1
-8
7
-10
1
-15
-3
0
-6
-8
-4
-11
-10
-6
-6
3
-7
-1
-18
-2
-12
6
-9
0
-10
-11
-8
0
-12
1
-8
7
-15
-7
2
6
-12
12
4
-1
-1
-16
0
11
2
4
7
2
11
-7
8
6
9
19
11
7
8
4
8
6
12
5
16
-5
15
-8
14
0
19
3
7
-1
9
8
8
7
-2
11
-4
10
-7
-1
-6
-10
-1
-2
5
-8
-10
0
3
-5
6
8
-8
9
-4
5
-7
-7
-17
11
-9
5
0
0
2
-7
8
4
8
16
3
8
5
0
11
1
-5
11
9
8
2
-2
7
-7
13
-9
16
-5
14
1
10
4
15
-12
9
-7
5
-6
-2
-3
-6
-11
-9
-8
0
-9
10
-8
4
-6
5
-16
-7
-3
6
-2
-6
-5
-18
-8
-8
5
-1
-1
-13
-4
-8
-1
-9
9
4
-1
-9
1
-2
-6
3
3
-4
-1
-12
1
-3
-8
-12
0
5
0
1
0
-12
-10
3
-2
10
2
3
-7
-6
-5
2
-3
-8
-11
-1
-4
-5
3
0
12
-4
8
13
8
9
15
-6
8
2
12
-17
4
2
2
8
8
14
20
3
23
7
3
8
12
18
11
10
2
-10
11
4
19
17
-2
8
-8
4
5
3
1
15
-9
22
-8
13
-9
6
6
-4
-3
1
-15
6
-11
7
-7
3
0
1
-3
-1
7
4
-6
2
6
-3
2
-15
8
-10
13
-5
-3
-7
5
-8
7
-3
13
-2
8
-3
9
-1
-5
3
2
4
-12
-1
-2
7
-6
9
-15
-4
-12
-3
-6
13
-6
5
-19
17
-21
19
-22
5
-18
-1
-24
0
-12
2
-18
9
-15
5
-20
2
-14
1
-10
-1
-16
1
-9
-5
-9
5
-6
-8
1
-4
-6
-2
-9
-1
-8
4
13
2
5
1
7
-12
11
-7
7
1
12
-13
13
-18
3
7
18
6
10
-5
10
-5
7
1
17
-1
11
-1
8
1
-2
-17
16
2
14
-8
1
1
0
-7
-2
17
11
4
-1
19
-13
11
-2
0
-2
8
0
1
-4
6
-12
0
9
11
5
30
-29
24
-33
29
-6
5
-19
24
-28
24
-11
9
7
-10
0
5
-5
10
-10
15
-20
13
-6
9
-9
6
-30
26
-23
10
9
-22
12
-14
15
-9
-16
1
9
2
-5
6
1
15
-23
33
-15
11
-14
-13
3
-19
9
-29
25
-24
28
-29
29
-13
15
-5
-6
4
-19
16
-36
10
-34
12
-9
4
-5
2
3
-18
24
-21
12
-30
28
-17
13
7
-23
18
-36
64
-51
57
-69
68
-38
37
-24
25
-13
18
-21
28
21
-20
29
-33
41
-29
-3
40
-47
40
-39
27
-19
-4
-10
33
-45
39
-32
6
11
-65
71
-86
67
-41
19
-7
-6
-29
26
-38
42
-38
-8
35
-36
29
-28
27
8
-35
17
-7
10
-5
-1
23
-2
-20
10
12
-8
-3
-15
41
-18
14
-9
35
-46
24
-36
61
-42
-1
6
13
-13
3
-23
31
-31
15
7
5
-7
-37
7
-2
-23
25
-17
23
-3
-38
40
-21
6
-1
-4
35
-19
-15
23
-14
19
-45
36
-7
-15
10
8
14
4
-34
45
-2
7
17
-5
27
-32
3
6
11
-1
-9
-2
20
-36
34
-7
27
-37
18
-12
27
-51
34
-30
26
-52
44
-35
22
-43
6
0
3
-5
13
-8
5
4
-22
18
-21
-6
2
-42
3
1
-29
42
-46
26
-51
35
13
-9
-19
-9
-38
40
-87
91
-24
-10
24
-63
37
-2
-72
67
-58
32
-40
-8
51
-40
-13
15
-19
35
-72
25
60
-87
76
-59
55
-18
-31
39
45
-68
30
-17
59
-53
2
21
22
-59
-6
35
57
-104
69
-55
127
-114
32
62
14
-56
25
-35
128
-160
61
71
-64
56
-78
87
66
-185
138
-26
30
-10
-47
81
29
-168
164
-55
44
-18
-64
182
-126
6
7
45
-40
18
-90
198
-169
45
20
14
-4
-53
-2
129
-113
22
0
33
-50
-34
39
47
-63
19
-17
88
-115
-17
96
-79
33
-19
51
8
-132
13
75
-105
70
-93
140
-104
-26
5
30
-7
-37
11
60
-82
-7
53
-58
91
-129
60
10
-71
44
12
0
-7
-36
4
63
-82
55
-3
-22
35
-71
55
-28
-36
76
-56
36
-5
-42
64
-15
-110
153
-157
114
-30
-74
143
-126
-22
111
-101
59
-2
-87
134
-86
-77
188
-189
112
-57
-15
105
-92
-49
171
-197
122
-56
19
121
-174
95
102
-212
200
-181
147
-19
-124
131
1
-125
102
-97
81
18
-189
264
-154
21
-10
-2
9
36
-107
160
-99
-48
73
-50
67
-40
-27
76
-34
31
0
47
-55
64
-100
107
-53
49
-81
66
-36
34
-77
51
84
-96
47
-79
121
-57
-14
61
23
-17
-41
19
85
-36
-83
117
-53
27
-86
96
21
-61
26
-12
127
-148
82
35
-2
-10
-16
-40
118
-157
33
62
-87
75
-100
76
-30
35
-120
124
-57
-6
15
-1
16
61
-178
173
-61
-16
21
-56
98
-44
-65
90
2
-54
7
-7
75
-81
25
-12
98
-82
-39
107
-91
94
-94
79
9
-100
67
-36
26
-19
-31
74
-17
-63
99
-121
69
-46
-62
130
-124
97
-72
11
-54
83
-131
83
-14
-42
41
-76
14
98
-185
116
11
-44
54
-96
55
81
-180
153
-58
43
-11
-88
157
-170
72
-12
51
2
-39
-23
74
-36
-10
61
-59
-38
58
-38
16
74
-169
187
-66
-117
239
-209
115
-28
-78
146
-61
4
96
-18
-33
36
-1
35
4
42
-79
113
-189
135
40
-85
161
-159
101
-47
-38
84
-43
20
59
-156
157
-160
64
-5
-79
166
-125
21
47
-68
50
-22
30
5
16
-142
130
-66
-13
23
-15
34
3
-73
72
47
-177
203
-218
205
-189
65
51
-58
36
-41
87
-63
29
-23
42
0
-21
9
58
-92
-13
81
-185
215
-158
92
26
-71
60
-2
-13
-20
116
-200
162
-107
21
60
-83
21
74
-168
156
-147
94
-19
-75
90
-57
-49
99
-200
181
-139
-71
209
-268
220
-149
34
69
-135
43
43
-14
61
-59
60
52
-74
41
-21
55
25
-145
219
-202
145
-178
102
-19
24
-7
53
-3
-63
68
-120
140
-56
5
-13
81
-55
83
-37
25
121
-186
132
34
-97
82
-68
45
37
-84
57
83
-76
-28
1
-45
48
-57
52
18
5
-94
60
24
-63
41
19
23
-26
-21
43
25
-57
-8
123
-99
14
-13
19
-1
6
-56
127
-90
45
22
-36
42
-104
22
11
-68
33
-47
-11
4
-39
26
20
-56
50
14
-37
18
-1
-43
16
11
-19
64
-83
89
-16
-63
86
-27
5
13
18
68
-32
-97
135
-129
137
-74
71
43
-84
-18
58
-58
12
40
-26
141
-200
97
21
-45
9
23
50
-13
-92
19
15
-49
7
-34
75
-51
-19
17
-58
44
-59
-4
62
-40
43
-8
3
-57
-45
-38
111
-118
112
-8
-27
-24
-72
78
-34
-23
4
36
-31
-5
20
-57
16
-16
54
-25
111
-116
55
-61
-29
39
-38
66
7
2
-97
87
-16
-28
58
-17
23
42
-66
19
62
-120
92
0
-11
64
72
-121
92
-48
-22
119
-144
166
28
-138
96
-28
2
35
-43
132
-59
7
46
-79
77
-112
123
-57
55
39
-51
-23
123
-123
40
-27
69
63
-212
215
-98
7
-112
103
-40
-1
-16
77
-67
-14
-18
15
-9
-38
145
-100
-15
48
-61
26
-14
-2
97
-60
53
-22
-37
35
-62
46
21
-4
10
-66
43
-64
-46
46
-27
5
13
-49
40
-66
-26
27
-5
11
19
-47
43
-35
-49
29
4
24
-2
15
-23
-10
-43
-5
-4
-12
33
-30
-19
-58
53
-82
21
12
-33
12
32
-98
95
-97
11
57
-88
95
-3
-100
85
-41
-39
85
-50
84
-63
5
15
-1
6
-25
81
-85
64
-51
-23
73
-45
-12
12
-48
62
-79
12
111
-123
105
-88
82
-14
-45
61
-28
-22
75
-61
65
45
-84
148
-147
139
-84
-23
58
-25
37
-13
3
-15
-28
-24
50
-51
75
-24
-9
31
-27
28
-63
80
-15
37
-26
16
-4
-55
56
-5
8
40
12
-15
52
-84
51
-73
57
16
1
54
-34
29
-87
71
-20
-26
39
-7
-26
13
-37
6
-59
28
74
-41
12
25
-13
-39
-62
48
-13
-37
16
-9
-17
-25
-42
33
20
-37
-4
15
-20
-32
-25
1
28
-39
-24
58
-35
-29
-13
12
6
5
11
16
18
-16
-10
-33
11
-69
14
-65
-8
-6
-101
11
-14
-12
-2
21
29
33
-18
27
50
2
9
56
63
-21
34
-1
25
-46
23
14
3
-13
-17
-1
-56
-26
-12
1
-35
26
-4
19
20
46
-4
87
23
20
91
-14
64
-46
24
27
27
-44
91
-18
44
-8
28
17
22
50
-23
58
-14
35
-18
36
27
20
7
38
43
-18
6
-6
2
-45
19
-25
1
-10
40
38
55
89
67
101
35
84
82
0
46
-23
-34
-16
-38
1
-13
-29
-12
12
-23
12
-10
-6
-36
-49
-66
-13
-35
-61
40
5
51
75
53
153
28
46
49
4
-18
-66
-100
-123
-215
-234
-212
-261
-237
-300
-273
-301
-333
-343
-322
-333
-348
-331
-285
-267
-246
-175
-141
-74
-78
11
57
24
67
22
11
7
-43
6
-42
-64
-45
-33
-44
5
19
38
44
54
110
85
101
120
127
132
178
258
236
316
273
325
324
298
379
337
305
310
269
236
257
200
274
198
242
277
252
298
293
318
325
311
380
348
339
351
269
289
245
276
278
222
241
214
175
162
184
212
175
190
252
331
319
425
476
552
623
593
655
519
269
-20
-403
-725
-968
-1390
-1598
-1860
-2060
-2081
-2006
-1826
-1581
-1437
-1161
-901
-774
-543
-418
-357
-261
-181
-68
93
192
474
676
768
942
1040
1116
1128
953
655
316
-55
-361
-651
-967
-1145
-1234
-1299
-1110
-954
-704
-454
-248
-40
108
272
330
359
308
285
353
404
490
668
757
907
995
1038
1133
1074
978
777
486
186
-75
-272
-486
-652
-775
-779
-696
-564
-511
-312
-257
-140
-81
-42
93
46
62
74
135
207
363
490
620
642
719
774
729
752
602
512
300
138
3
-110
-158
-199
-224
-224
-157
-14
70
123
191
193
287
315
350
340
338
346
379
495
580
666
722
764
827
840
830
819
775
697
664
723
805
983
1149
1263
1508
1617
1613
1619
1264
772
-15
-866
-1548
-2258
-2969
-3532
-4089
-4277
-4153
-3709
-3094
-2631
-2111
-1665
-1067
-593
-285
-174
-67
98
225
378
665
1142
1673
2081
2229
2387
2410
2468
2148
1336
317
-761
-1657
-2383
-3105
-3681
-3999
-4014
-3685
-3114
-2429
-1682
-1008
-530
-133
185
471
655
658
623
706
885
1176
1536
1917
2299
2510
2555
2418
2207
1877
1334
551
-326
-995
-1391
-1602
-1671
-1677
-1456
-987
-379
178
571
780
952
825
621
322
54
-103
-218
-258
-138
158
606
1041
1357
1601
1705
1673
1485
1191
756
329
-70
-389
-544
-514
-284
-31
195
454
696
975
1081
1047
899
631
435
211
-17
-171
-258
-203
-69
92
235
301
388
437
506
545
499
471
404
441
519
604
729
848
1022
1195
1347
1492
1616
1773
1851
1774
1737
1511
1345
972
306
-608
-1742
-2742
-3489
-4196
-4812
-5334
-5786
-5743
-5299
-4477
-3560
-2757
-2049
-1280
-565
91
628
855
1121
1349
1530
1709
2007
2410
2923
3100
2964
2710
2377
2107
1359
173
-1283
-2658
-3695
-4351
-4806
-5066
-4973
-4468
-3559
-2482
-1246
-61
920
1551
1973
2237
2335
2305
2112
1904
1758
1740
1845
1991
2131
2223
2139
1765
1257
658
67
-586
-1455
-2228
-2747
-2766
-2400
-1991
-1495
-840
-54
872
1590
2040
2276
2301
2243
1968
1568
1171
854
554
202
-125
-356
-443
-540
-661
-818
-923
-940
-929
-858
-710
-453
-168
66
308
615
911
1161
1230
1141
1047
967
936
811
583
365
204
110
-50
-266
-473
-639
-692
-704
-761
-788
-803
-683
-409
-71
341
735
1100
1519
1914
2240
2400
2455
2367
2248
2121
1954
1879
1801
1821
1842
1776
1747
1690
1621
1392
584
-657
-2228
-3697
-4670
-5405
-5946
-6440
-6854
-6717
-5886
-4532
-2996
-1837
-1069
-360
368
991
1396
1457
1601
1951
2227
2457
2716
3236
4054
4360
3853
2912
1970
1267
315
-1335
-3300
-4979
-5941
-6231
-6235
-6033
-5320
-4254
-2991
-1657
-410
866
1806
2244
2399
2476
2586
2674
2501
2336
2345
2422
2434
2233
1968
1685
1207
312
-792
-1781
-2403
-2764
-3135
-3413
-3220
-2433
-1268
-97
829
1736
2550
3179
3494
3417
3178
2838
2360
1791
1227
816
540
257
-74
-519
-965
-1442
-2006
-2526
-2884
-2932
-2688
-2385
-1861
-1125
-113
1014
1922
2529
2863
3011
3056
2830
2255
1557
911
448
77
-304
-610
-776
-860
-981
-1222
-1523
-1666
-1681
-1592
-1520
-1402
-1131
-652
-65
541
1173
1806
2399
2830
3036
3107
3098
2956
2652
2144
1630
1263
922
679
554
578
697
798
730
724
820
924
758
-147
-1503
-2960
-4011
-4517
-4686
-4920
-5132
-5337
-5086
-4136
-2706
-1213
-231
210
458
910
1433
1927
2173
2381
2680
2883
3010
3179
3540
3934
3685
2501
930
-355
-1163
-2040
-3490
-5153
-6283
-6527
-6056
-5395
-4674
-3720
-2540
-1341
-222
808
1781
2488
2696
2589
2509
2511
2471
2204
1773
1427
1091
622
38
-551
-985
-1455
-2159
-2884
-3252
-3113
-2684
-2295
-1889
-1112
79
1323
2272
2891
3407
3855
4023
3782
3320
2803
2322
1783
1125
554
124
-182
-548
-992
-1407
-1695
-2039
-2508
-2870
-2914
-2511
-1820
-1051
-252
695
1672
2667
3366
3672
3675
3296
2712
1987
1181
390
-360
-1110
-1668
-1954
-1962
-1779
-1663
-1613
-1557
-1409
-1163
-793
-418
-27
340
672
1045
1424
1763
2060
2247
2308
2326
2217
2148
2065
1866
1570
1121
602
247
-11
-128
-130
-87
125
357
518
711
1081
1689
2225
2066
875
-1031
-2900
-3978
-4230
-4320
-4687
-5395
-5923
-5513
-4045
-2000
-203
557
666
842
1385
2112
2521
2583
2739
2978
3021
2995
3164
3719
3999
3027
992
-986
-2124
-2674
-3710
-5483
-7010
-7519
-6996
-6054
-5084
-3903
-2454
-1135
-70
976
2076
3078
3474
3273
3112
3156
3121
2670
1881
1336
1039
468
-482
-1520
-2135
-2344
-2714
-3261
-3519
-3081
-2189
-1365
-779
-1
1213
2452
3256
3573
3760
4118
4332
4071
3450
2660
2038
1412
687
-14
-633
-1185
-1733
-2238
-2524
-2475
-2321
-2241
-2194
-2021
-1513
-755
-70
590
1270
1968
2647
2992
3055
2972
2692
2235
1537
656
-143
-875
-1581
-2202
-2621
-2659
-2362
-2038
-1756
-1436
-982
-400
127
523
901
1299
1595
1749
1750
1774
1902
2023
2055
2021
1909
1725
1554
1293
1030
684
139
-371
-646
-625
-328
-77
125
509
951
1607
2345
2980
3413
2839
974
-1598
-3828
-4748
-4643
-4638
-5129
-5952
-6156
-5046
-2928
-646
927
1302
1018
941
1316
1930
2233
2269
2463
2749
2891
2974
3164
3518
3249
1593
-895
-2903
-3784
-4214
-5259
-6754
-7515
-7008
-5747
-4525
-3442
-2108
-554
643
1416
2178
3160
3936
4061
3777
3663
3715
3315
2309
1129
367
-189
-1145
-2469
-3433
-3647
-3470
-3444
-3418
-2836
-1684
-483
308
1007
2049
3290
4111
4230
4137
4274
4551
4459
3794
2771
1763
799
-184
-1111
-1901
-2493
-2945
-3210
-3095
-2597
-2075
-1626
-1346
-1003
-454
42
404
634
854
1358
1943
2282
2348
2057
1673
1280
644
-242
-1220
-2038
-2486
-2764
-2950
-2824
-2306
-1480
-722
-350
-80
404
1023
1503
1604
1542
1624
1856
2028
2024
1954
1968
2071
1958
1584
1207
915
664
361
-64
-326
-214
14
351
725
1183
1857
2288
2508
2980
3595
4178
3735
1470
-1654
-4404
-5795
-5692
-5339
-5313
-5591
-5923
-5258
-3347
-892
1193
1718
1033
662
1067
1927
2509
2602
3064
3773
3840
3300
2691
2642
2543
801
-2256
-4668
-5309
-4794
-4952
-6143
-6780
-6036
-4525
-3279
-2606
-1776
-491
556
1223
2001
3083
4070
4292
3918
3719
3597
2784
1121
-722
-1859
-2381
-3188
-4174
-4516
-3927
-2972
-2466
-2250
-1357
89
1256
1676
1719
2412
3688
4560
4652
4345
4214
4312
3935
2926
1644
256
-1069
-2341
-3304
-3616
-3496
-3323
-2991
-2290
-1151
-29
476
587
652
854
1115
1162
1193
1377
1634
1935
2092
2081
1832
1104
151
-736
-1433
-1940
-2379
-2569
-2357
-1906
-1446
-1054
-606
-60
273
185
-33
161
878
1663
2136
2292
2454
2726
2729
2286
1564
860
400
6
-418
-618
-473
-5
593
905
1089
1413
1713
2046
2106
1937
1994
2027
2129
2527
2931
3279
2450
-244
-3614
-6311
-7177
-6378
-5551
-5250
-5378
-5350
-4064
-1688
911
2673
2622
1597
1114
1455
2204
2622
2763
3298
3716
3218
2162
1405
1227
490
-1975
-5003
-6456
-5904
-4855
-4813
-5366
-4969
-3502
-2098
-1328
-801
67
1011
1415
1697
2597
3672
4159
3788
3218
3016
2388
667
-1522
-3079
-3603
-3811
-4455
-4721
-3931
-2582
-1502
-1098
-581
629
1811
2316
2338
2546
3466
4361
4559
4261
3794
3334
2696
1569
178
-1193
-2550
-3548
-3958
-3752
-3083
-2451
-1923
-1134
-188
701
1274
1414
1492
1533
1486
1540
1682
1978
2295
2297
2041
1622
962
204
-546
-1189
-1622
-2020
-2356
-2359
-2076
-1670
-1322
-1122
-789
-206
342
721
1043
1504
2227
2955
3345
3326
2956
2393
1710
865
17
-602
-886
-886
-765
-634
-341
231
889
1315
1511
1619
1830
2117
2279
2512
2838
2986
3092
3157
3278
3020
944
-2895
-6871
-9138
-8703
-6879
-5398
-4608
-4489
-4151
-2729
-528
1835
3004
2131
880
761
1831
3225
3824
4145
4716
4369
2701
605
-741
-990
-2040
-4633
-6658
-6447
-4450
-2859
-3025
-3511
-3061
-2262
-1780
-1625
-1003
315
1215
1581
2376
3656
4469
3815
2233
1126
383
-1052
-3129
-4638
-4507
-3410
-2901
-2966
-2578
-1396
-311
-100
-253
237
1309
2148
2523
2955
3955
5050
5364
4708
3559
2242
913
-332
-1292
-1886
-2440
-2934
-2937
-2304
-1317
-708
-713
-665
-164
685
1441
1793
2034
2273
2282
2139
1960
1942
2123
1982
1473
872
340
99
-94
-381
-706
-1254
-1876
-2296
-2504
-2354
-2016
-1690
-1227
-650
134
996
1667
2147
2314
2325
2437
2423
2203
1638
849
225
-393
-963
-1270
-1362
-1054
-724
-693
-284
481
1366
2163
2306
2341
2565
2518
2543
2473
2272
2421
2608
3071
3671
2519
-929
-5580
-9366
-9852
-7845
-5676
-4317
-4370
-4686
-3748
-1715
1164
3491
3495
2265
1373
1661
3165
4362
5044
5664
5141
3131
562
-1318
-1638
-2070
-4284
-6639
-7023
-5198
-2999
-2626
-3423
-3505
-2945
-2383
-1948
-1187
432
1896
2423
3024
4111
4841
4245
2244
410
-516
-1640
-3356
-4761
-4773
-3506
-2600
-2700
-2597
-1746
-733
-416
-643
-96
1472
2936
3633
3849
4370
5248
5470
4548
3001
1390
82
-852
-1453
-1686
-1846
-2212
-2581
-2517
-1917
-1187
-809
-667
-178
846
2018
2929
3286
3044
2542
1953
1566
1697
2010
2063
1650
914
592
612
477
59
-796
-1718
-2311
-2802
-2947
-2568
-1948
-1244
-850
-591
63
890
1663
2098
2025
2060
2369
2534
2349
1653
694
-243
-1203
-2018
-2494
-2482
-1957
-1305
-745
-95
707
1499
1971
2149
2233
2306
2373
2202
2026
2168
2489
3029
3662
4121
3871
1345
-3335
-8097
-10783
-10020
-7152
-4681
-3508
-3750
-4130
-3104
-868
1749
3172
2503
1603
1860
3115
4757
5722
6283
6512
4911
1695
-1421
-2878
-2690
-3243
-5232
-6386
-5321
-2945
-1609
-2383
-3476
-3572
-3195
-2819
-2207
-571
1722
3198
3786
4405
5162
5038
3186
508
-1340
-2226
-3180
-4460
-4949
-3978
-2549
-2052
-2441
-2495
-1732
-982
-807
-653
466
2531
4197
4810
4918
5075
5215
4657
3207
1446
-159
-1256
-1886
-2233
-2151
-2052
-2268
-2487
-2463
-1984
-1296
-755
-27
987
2193
3359
3644
3370
3101
2594
2129
1699
1356
1274
866
544
656
659
543
-177
-1375
-1902
-1979
-2165
-2376
-2350
-1716
-1012
-833
-651
-309
379
1249
1481
1536
2008
2672
3099
2857
2181
1239
46
-973
-1850
-2583
-2836
-2689
-2121
-1139
-169
470
669
953
1642
2037
2150
2297
2445
2811
3017
2871
2827
2819
2929
3076
2972
2435
-77
-4801
-9304
-11236
-9607
-5942
-3074
-2145
-2923
-3902
-3435
-1439
1364
3456
3580
2959
3182
4237
5545
6347
6570
5929
3422
-396
-3538
-4369
-3271
-2810
-4184
-5512
-5099
-3546
-2726
-3380
-4304
-4335
-3558
-2427
-885
1316
3616
4949
5120
4968
4648
3365
1062
-1217
-2483
-2849
-3230
-3827
-3942
-3438
-2931
-3102
-3621
-3333
-2314
-1433
-717
319
2174
4491
6028
6359
5820
4984
4302
3341
2004
671
-678
-1628
-1833
-1637
-1463
-1684
-2330
-2867
-3022
-2653
-1712
-584
708
2138
3266
4100
4570
4139
2878
1423
418
333
948
1581
1695
1048
269
-119
-407
-649
-968
-1570
-2066
-2293
-2364
-1991
-1101
-210
62
-237
-197
601
1696
2561
2785
2582
2590
2634
2236
1385
337
-783
-2013
-2970
-3157
-2719
-1965
-1318
-1117
-832
-84
836
1671
2117
2307
2439
2421
2720
3092
3065
2937
2504
1846
1702
2103
2844
2678
-169
-5005
-9447
-10869
-8414
-4831
-2621
-2270
-3462
-4241
-3299
-993
1922
3619
3482
3188
3505
4443
5376
5476
5526
5110
2716
-873
-3729
-4207
-2786
-2412
-3851
-5126
-4943
-3580
-2984
-3969
-4707
-4261
-3034
-1497
39
1953
3857
4612
4397
3937
3427
2548
806
-1115
-1972
-1890
-1864
-2419
-3306
-3895
-4197
-4533
-4584
-3962
-2650
-1127
46
1193
2865
4770
6032
6135
5255
4124
3273
2614
1908
1029
157
-495
-1210
-1836
-2134
-2475
-2828
-3170
-3508
-3184
-2024
-233
1705
2976
3821
4565
4985
5270
4632
2558
548
-758
-1028
-14
976
1445
906
-725
-1745
-2130
-2083
-1509
-1621
-1867
-1399
-988
-471
178
725
1418
1553
1298
1385
1471
1997
2644
2446
2075
1604
788
100
-662
-1559
-2526
-3386
-3295
-2415
-1499
-800
-497
-72
1012
2259
2902
2869
2699
2554
2538
2627
2473
2179
1769
1211
862
936
1661
2345
894
-2955
-7362
-10010
-8887
-5298
-2254
-883
-1634
-3202
-3728
-2857
-378
2177
2934
2916
3133
3792
4695
4698
4456
4642
3600
754
-2669
-4427
-3076
-1223
-1522
-3150
-4424
-4262
-3601
-4008
-4542
-4175
-3238
-2004
-730
1109
3472
4477
3633
2352
1786
1942
1590
276
-652
-639
-485
-1085
-2688
-4150
-4657
-4873
-5020
-4571
-3345
-1392
448
1475
2222
3115
4097
4764
4584
4000
3597
3163
2786
2564
2201
1762
807
-996
-2782
-3797
-3961
-3648
-3465
-3072
-2046
-601
1175
2778
3685
4122
4192
4052
4103
3920
2766
943
-718
-1426
-945
-162
316
76
-1128
-2288
-2867
-2798
-1872
-894
-244
579
1222
1442
1351
1120
1363
1695
1400
848
238
248
1208
1906
1885
1242
34
-916
-1481
-1832
-1991
-2241
-2139
-1521
-739
254
1083
1493
1756
1879
1955
1941
1734
1655
1890
2418
2686
2002
949
225
-135
-44
426
1370
1968
264
-3512
-7091
-7919
-5293
-1975
-427
-784
-2525
-4103
-4408
-3193
-640
1579
2462
2934
3474
3829
3464
2433
2443
3503
3225
820
-2039
-2770
-993
300
-696
-2839
-4411
-4770
-4846
-5033
-4416
-3095
-2180
-1753
-1040
546
2172
2262
1335
1151
2166
3196
2885
1696
1125
1096
317
-1595
-3728
-4727
-4473
-4080
-3804
-3173
-2188
-1162
-506
-14
924
1999
2687
3067
3494
4362
5096
4832
3795
2638
1802
1078
-127
-1659
-2800
-3126
-2924
-2672
-2299
-1662
-940
-230
431
1189
2075
2824
3438
3876
3938
3277
1464
-410
-1021
-641
254
874
677
8
-1100
-1879
-1742
-1258
-581
-132
75
906
1517
1094
389
-90
67
438
167
-141
-104
371
1249
1456
1055
648
-80
-623
-662
-533
-403
-512
-524
-100
439
807
682
263
319
771
1136
1213
1214
1355
1457
1598
1433
792
348
87
51
585
1480
2894
3852
2646
-676
-4899
-7364
-6179
-3351
-1149
-637
-2308
-4147
-4829
-4273
-2329
-661
185
1289
2325
3151
3006
1701
1907
3874
5172
4293
1220
-1214
-945
-12
-207
-1793
-3948
-4985
-5386
-5634
-4929
-4041
-3591
-3510
-3496
-2200
-177
942
1454
2151
3558
4972
4727
3294
2204
1649
1062
-370
-2328
-3301
-3144
-2753
-2661
-3161
-3689
-3682
-3389
-2644
-1421
-9
1479
2664
3680
4837
5698
5745
4846
3444
2408
2093
1883
1303
472
-388
-1040
-1537
-2037
-2463
-2740
-2658
-2045
-1201
-337
533
1327
2062
2447
1873
690
16
314
1532
2954
3589
3131
1636
38
-622
-556
-200
-66
-236
-35
202
-364
-1475
-2274
-2154
-1402
-909
-656
-279
334
1220
1766
1883
1958
1710
1206
926
946
1208
1173
679
209
-112
-223
-424
-1037
-1396
-1180
-725
-140
233
450
806
1164
1398
1391
1249
1486
2060
2501
2854
3225
3808
4163
2454
-1466
-5452
-7180
-5713
-3117
-1882
-2516
-4450
-6036
-6232
-5265
-3591
-2058
-883
936
3207
4482
3963
2436
2238
4024
5480
4870
2528
525
294
467
-263
-1787
-3647
-5138
-6237
-6894
-6644
-5986
-5494
-4973
-3942
-2139
-342
627
1389
2777
4579
5785
5464
4202
3267
2866
2481
1543
76
-1263
-2249
-3020
-3729
-4542
-5209
-5479
-5150
-4065
-2479
-723
961
2374
3559
4488
5060
5130
4700
4306
4359
4777
4998
4276
2707
1088
-227
-1389
-2650
-3802
-4249
-4015
-3370
-2461
-1635
-883
-410
-538
-382
415
1465
2529
3183
3622
3929
3760
3487
2956
2060
1341
683
279
227
-366
-1462
-2419
-2946
-2932
-2989
-3155
-2750
-1947
-834
252
634
906
1310
1606
2137
2547
2686
2672
2361
2204
1975
1267
535
-286
-993
-1305
-1745
-2033
-1862
-1535
-907
-452
-320
-42
66
388
1130
1709
2613
3523
3783
3990
4062
4348
4532
2493
-1347
-4926
-6371
-4684
-2576
-2352
-3610
-5956
-7585
-7455
-6324
-4245
-2494
-1605
206
2648
4271
4008
2033
1674
4126
6572
6951
4770
2251
1576
1087
-373
-2324
-4320
-5425
-6252
-7200
-7187
-6675
-6190
-5656
-4987
-3335
-1344
-357
473
2164
4657
6867
7032
5722
4679
4188
3892
2846
1033
-414
-1575
-2700
-3645
-4601
-5229
-5418
-5398
-4746
-3564
-2278
-1015
17
1239
2880
4292
5141
5498
5679
6262
6896
6706
5545
3717
1883
434
-856
-1847
-2486
-2978
-3227
-3362
-3454
-3325
-3338
-3521
-3243
-2259
-601
1215
2599
3532
3892
3747
3595
3436
3199
2913
2427
2098
1913
1347
273
-1082
-2195
-2749
-3027
-3119
-3016
-2810
-2357
-1787
-1284
-847
-522
-123
553
1381
2097
2336
2224
2191
2328
2394
2065
1353
749
479
286
-237
-991
-1385
-1440
-1364
-1268
-1323
-1294
-1086
-795
19
1165
2242
3211
3592
3666
3705
3815
4631
4954
3017
-555
-4003
-4802
-2961
-1550
-2117
-4481
-7403
-8654
-8081
-6255
-4130
-3471
-3181
-1379
1443
3557
3075
1367
2202
5401
8043
7837
5216
3390
3014
2042
116
-2027
-3280
-3648
-4703
-6066
-6727
-6938
-6995
-7027
-6312
-4232
-2335
-1459
-593
1242
3930
5642
5150
3939
3469
3850
4164
3374
2243
1524
830
-144
-1523
-2904
-3685
-4105
-4136
-3724
-3062
-2222
-1529
-1024
-192
887
1938
2732
3095
3468
4045
4647
4950
4584
3786
3076
2452
1933
1385
686
82
-489
-1031
-1439
-1832
-2132
-2448
-2805
-2632
-2070
-1364
-589
13
496
594
352
572
1401
2318
2726
2404
2158
2200
1827
882
-119
-433
-62
15
-473
-1063
-1510
-1721
-2110
-2666
-2758
-2365
-1669
-908
-415
-21
250
422
776
1232
1704
2114
2247
2173
1944
1536
1137
757
463
204
-172
-492
-579
-586
-433
-179
272
887
1333
1699
2202
2769
3378
3763
3904
3682
1982
-925
-3387
-3696
-1998
-715
-1642
-4140
-6787
-7973
-7320
-5672
-3978
-3310
-3195
-2015
338
2098
1995
979
1753
4494
6521
6144
4213
2886
2681
2026
548
-637
-1053
-1411
-2846
-4722
-5628
-5604
-5649
-5927
-5633
-4136
-2448
-1819
-1739
-972
625
1728
1509
1166
1961
3436
4170
3530
2535
2203
2100
1447
352
-348
-327
-281
-636
-991
-902
-547
-596
-1209
-1629
-1257
-354
363
596
784
1283
1932
2336
2393
2326
2381
2572
2780
3042
3193
3035
2539
1858
1189
647
196
-144
-419
-757
-1071
-1390
-1873
-2590
-3212
-3200
-2321
-1220
-595
-579
-910
-1033
-596
307
1323
1804
1633
1401
1394
1447
1015
95
-576
-651
-550
-727
-1303
-1774
-1743
-1593
-1498
-1383
-1191
-766
-382
-63
500
1000
1319
1410
1277
1338
1432
1067
571
276
487
992
1064
796
738
909
1367
1726
1720
1947
2151
2373
2801
2914
2658
2217
1756
1966
1680
-291
-3015
-4948
-4369
-2097
-1013
-2069
-4449
-6632
-6533
-4491
-2001
-851
-1955
-3095
-2086
216
1607
825
-198
1358
4049
4913
3084
627
267
1473
1851
1126
213
-231
-693
-2043
-3152
-3206
-2993
-3229
-3798
-3692
-2639
-2221
-2970
-3583
-2769
-784
332
-198
-744
-44
1436
2258
1816
1478
2096
2901
3031
2514
2293
2642
2576
1847
1085
738
734
320
-444
-685
-280
160
-82
-968
-1479
-1195
-460
228
580
955
1521
1886
1933
1886
2014
2386
2671
2836
2859
2494
1798
1055
489
147
-464
-1421
-2149
-2443
-2419
-2350
-2341
-2388
-2647
-2877
-2537
-1875
-1386
-1246
-1026
-307
428
515
51
-198
251
1006
1360
1253
975
769
622
460
373
411
337
138
-136
-385
-550
-776
-872
-732
-646
-696
-939
-1135
-720
12
622
997
1123
1472
2012
2392
2838
3172
3340
3532
3600
3756
3821
3146
2187
1570
1476
1721
1347
410
-191
-330
93
90
-1522
-3685
-4749
-3453
-927
-268
-2198
-4978
-6453
-5383
-3124
-1597
-1645
-3048
-3752
-2606
-879
-137
-671
-836
892
2888
3102
1685
578
1435
2944
3221
2589
1875
1410
734
-474
-1167
-1168
-1423
-2289
-3348
-3685
-3478
-4000
-4882
-4736
-3297
-1781
-1692
-2472
-2360
-1041
556
1557
1976
2531
3084
3200
3161
3316
3833
4142
3731
3157
2886
2631
1889
757
27
176
566
575
64
-596
-931
-973
-920
-705
-464
-344
-312
-263
47
357
334
223
369
639
717
288
-49
246
801
1053
831
464
275
-175
-1141
-1644
-1299
-588
-589
-1518
-2328
-2439
-2194
-1672
-1285
-1183
-1107
-1026
-584
-174
-137
-130
121
688
1352
1350
833
421
407
750
886
669
397
112
-139
-174
-166
-44
16
-73
42
258
416
527
536
862
1416
1560
1234
823
906
1501
1961
2117
2089
1997
2138
2322
2365
2306
2261
2276
2317
2136
1855
1429
974
912
1066
683
-913
-3140
-4298
-3360
-1621
-1109
-2842
-5440
-6889
-6325
-4457
-2739
-2353
-3299
-4223
-3763
-1982
-582
-336
-274
1005
2841
3383
2144
936
1393
3003
3935
3474
2563
1834
1092
146
-386
-239
-89
-769
-1883
-2623
-2893
-3253
-3819
-3671
-2545
-1507
-1669
-2780
-3304
-2465
-1042
-9
507
874
1267
1486
1612
2040
2761
3438
3779
3838
3886
3865
3491
2957
2674
2791
2918
2504
1446
141
-869
-1188
-1137
-1423
-2163
-2904
-3246
-3231
-3182
-3090
-2799
-2436
-1965
-1537
-1245
-968
-604
-3
884
1662
2032
1930
1590
1512
1808
2223
2456
2020
827
-158
-303
273
599
69
-774
-1499
-2084
-2094
-1606
-1118
-1179
-1873
-2199
-1835
-1228
-877
-972
-982
-310
443
555
168
115
946
1809
2064
1948
1662
1418
1271
1181
1271
1302
1132
929
679
627
592
201
-129
43
531
713
229
-291
-132
369
931
1111
894
679
585
769
1234
1636
1762
1548
1040
955
1127
1191
1087
964
1049
1208
783
-339
-1698
-2353
-1487
-247
-22
-1264
-3256
-4676
-4587
-3193
-1632
-1661
-3398
-4838
-4572
-2946
-1780
-1809
-1889
-972
280
660
-46
-247
1070
2790
3602
3376
2976
2684
2132
1594
1811
2435
2406
1148
-527
-1322
-1320
-1523
-2181
-2418
-1757
-1180
-1813
-3077
-3551
-2736
-1404
-584
-306
-264
-207
-158
-26
543
1489
2086
1911
1405
1309
1682
1848
1764
1721
1960
2142
1870
1200
633
480
620
701
424
33
-519
-1213
-1752
-1801
-1513
-1288
-1522
-1893
-2146
-2190
-1945
-1627
-1133
-374
372
658
505
284
606
1339
2011
2290
2154
1989
1919
1465
692
397
842
1496
1235
196
-784
-1432
-1567
-1025
-262
-52
-1010
-2360
-2723
-2025
-889
-354
-596
-819
-610
-447
-590
-698
-11
1140
1678
1526
1054
724
728
1075
1618
2133
2097
1593
824
346
543
814
768
547
440
293
-208
-861
-904
-489
66
378
300
91
33
324
960
1640
2132
2216
1656
1227
1404
2111
2520
2195
1588
1258
1005
426
-642
-1563
-1328
-449
-150
-1235
-2933
-3886
-3668
-2793
-1788
-1553
-2424
-3631
-4034
-3131
-1949
-1530
-1684
-1562
-938
-495
-822
-1117
-308
1256
2245
2074
1582
1569
1783
1835
2035
2664
3147
2660
1344
300
71
130
-287
-976
-1262
-1273
-1828
-3063
-3912
-3622
-2807
-2581
-2968
-3255
-3052
-2717
-2500
-2107
-1230
-223
239
51
-152
312
1175
1856
2067
2120
2288
2469
2422
2195
2100
2344
2742
2833
2404
1722
1234
1119
1197
1189
1054
739
271
-210
-488
-553
-579
-685
-823
-917
-978
-1019
-1015
-958
-789
-658
-711
-717
-526
-110
234
317
184
27
-7
409
1047
1333
924
140
-172
240
872
1033
518
-273
-568
-393
-101
-62
-225
-312
-425
-625
-735
-749
-741
-692
-685
-516
-253
-53
-44
-131
-14
464
877
893
715
624
776
904
977
1155
1309
1237
997
704
621
788
1006
1086
1011
1025
1248
1428
1403
1417
1673
2025
2002
1501
1112
1313
1779
1876
1393
951
858
512
-436
-1389
-1557
-997
-717
-1271
-2174
-2896
-3205
-3146
-2606
-1790
-1552
-2475
-3659
-3788
-2600
-1341
-1134
-1510
-1552
-1280
-1249
-1408
-1100
-113
647
594
187
251
747
899
499
368
939
1537
1260
226
-558
-609
-318
-273
-556
-876
-1191
-1718
-2376
-2719
-2396
-1865
-1771
-2179
-2500
-2304
-1811
-1467
-1309
-998
-369
303
529
436
573
1176
1889
2275
2413
2650
2883
2930
2869
2914
3146
3229
2979
2604
2382
2278
2075
1637
1319
1259
1128
717
111
-326
-432
-462
-569
-684
-818
-864
-1040
-1302
-1352
-1131
-773
-597
-691
-830
-858
-761
-529
-351
-250
-250
-366
-495
-493
-279
22
68
-42
10
196
322
261
155
188
327
506
601
456
239
82
24
17
80
186
100
-293
-652
-692
-433
-105
44
4
-144
-265
-209
-16
213
469
638
741
878
1073
1180
1159
1077
1187
1411
1601
1715
1612
1367
1312
1575
2019
2270
2049
1570
1137
1106
1435
1747
1645
1300
821
495
338
128
-319
-1034
-1622
-1747
-1578
-1626
-2063
-2902
-3610
-3784
-3217
-2495
-2404
-3159
-3943
-4047
-3380
-2449
-1839
-1564
-1513
-1540
-1653
-1572
-1076
-203
313
309
161
384
821
945
699
513
736
1075
1092
602
135
-28
0
-57
-138
-99
-41
-281
-807
-1212
-1219
-879
-626
-666
-848
-957
-950
-901
-783
-536
-324
-316
-391
-319
5
363
553
647
785
1029
1312
1531
1652
1673
1686
1880
2186
2367
2279
2016
1915
1980
1995
1880
1620
1317
1112
938
705
418
103
-45
-158
-308
-429
-543
-615
-757
-1054
-1316
-1329
-1035
-675
-656
-865
-1098
-1301
-1340
-998
-399
74
-64
-568
-778
-488
210
720
753
598
607
803
1013
1078
1214
1364
1310
1246
1306
1402
1237
751
313
206
325
461
267
-249
-696
-928
-900
-728
-581
-584
-803
-984
-822
-485
-209
-45
17
128
235
361
544
634
665
775
901
1055
1159
1148
1047
883
881
1023
1143
1053
801
518
454
547
604
489
226
28
-187
-495
-792
-929
-975
-1028
-1161
-1303
-1490
-1752
-2033
-2160
-2036
-1767
-1689
-1897
-2069
-1959
-1683
-1578
-1588
-1444
-1071
-805
-818
-907
-751
-328
50
160
126
181
317
392
355
387
518
563
482
409
387
304
70
-212
-324
-268
-223
-364
-665
-921
-963
-919
-939
-1017
-1054
-1038
-1045
-1022
-928
-790
-745
-723
-668
-524
-330
-160
-15
124
301
528
803
1059
1323
1489
1573
1640
1762
1918
2057
2141
2246
2306
2197
2054
1931
1871
1777
1611
1428
1260
1092
944
801
657
524
339
135
34
27
24
-65
-238
-267
-140
23
79
17
-62
-99
-107
-71
16
86
93
-5
-78
-42
-11
-59
-160
-228
-185
-142
-185
-280
-378
-402
-396
-419
-468
-538
-602
-662
-762
-883
-942
-925
-879
-827
-818
-840
-859
-838
-761
-687
-619
-531
-404
-307
-278
-259
-220
-149
-46
74
161
223
277
320
335
362
473
602
687
764
836
906
957
1047
1173
1246
1235
1224
1293
1412
1509
1481
1404
1299
1220
1171
1088
977
816
617
411
226
64
-58
-169
-355
-693
-1088
-1297
-1291
-1286
-1427
-1659
-1800
-1848
-1899
-1990
-2069
-2039
-1895
-1789
-1802
-1810
-1714
-1568
-1489
-1457
-1365
-1237
-1154
-1113
-1080
-1036
-961
-840
-711
-621
-603
-625
-738
-847
-827
-669
-493
-445
-492
-526
-444
-284
-138
-96
-68
61
258
426
564
762
999
1158
1222
1294
1440
1626
1723
1747
1832
2008
2165
2185
2143
2177
2238
2203
2064
1943
1901
1897
1866
1766
1675
1597
1549
1446
1270
1106
969
847
693
545
450
380
269
109
-76
-281
-485
-673
-820
-863
-904
-994
-1179
-1370
-1415
-1347
-1274
-1257
-1296
-1368
-1401
-1364
-1223
-1059
-951
-942
-964
-921
-839
-768
-702
-653
-627
-611
-586
-556
-517
-495
-491
-475
-449
-402
-379
-359
-361
-338
-276
-201
-78
13
29
5
8
109
274
434
540
527
473
548
721
927
1064
1105
1153
1222
1326
1410
1430
1454
1556
1600
1580
1521
1488
1476
1369
1224
1156
1142
1088
924
649
509
486
501
401
167
-76
-244
-366
-435
-468
-547
-663
-808
-847
-861
-941
-1117
-1270
-1336
-1326
-1368
-1471
-1591
-1697
-1768
-1854
-1903
-1947
-2023
-2157
-2205
-2164
-2068
-2066
-2133
-2110
-1953
-1755
-1644
-1600
-1503
-1306
-1071
-861
-732
-592
-413
-223
-62
89
218
350
459
530
601
696
836
969
1035
1067
1140
1255
1374
1431
1463
1528
1609
1684
1757
1814
1864
1871
1796
1745
1756
1769
1747
1655
1569
1498
1426
1361
1280
1201
1112
1033
963
895
779
639
536
432
327
221
89
-62
-243
-415
-529
-575
-600
-656
-811
-997
-1112
-1118
-1047
-1014
-998
-968
-952
-956
-941
-890
-769
-661
-620
-574
-510
-422
-382
-424
-443
-370
-274
-220
-248
-282
-269
-256
-204
-141
-131
-146
-188
-259
-284
-265
-221
-204
-241
-254
-248
-249
-208
-119
-75
-56
-67
-3
122
218
308
377
439
523
582
590
599
642
771
871
891
879
853
829
859
898
915
897
866
836
788
737
713
662
559
495
436
367
222
41
-80
-121
-208
-330
-455
-532
-560
-663
-788
-879
-884
-871
-902
-918
-866
-846
-865
-883
-848
-752
-678
-671
-676
-649
-576
-508
-498
-502
-514
-513
-523
-523
-500
-485
-536
-610
-665
-687
-672
-691
-724
-772
-805
-796
-786
-768
-738
-715
-700
-638
-526
-394
-308
-251
-172
-73
54
199
353
487
582
617
669
769
932
1092
1182
1222
1252
1298
1339
1345
1340
1378
1372
1301
1184
1115
1103
1085
986
833
709
615
525
410
307
214
155
61
-21
-68
-66
-71
-108
-125
-125
-97
-72
-18
31
77
105
110
102
110
131
148
119
56
27
28
36
0
-69
-98
-105
-141
-190
-271
-310
-327
-370
-421
-465
-481
-516
-634
-722
-727
-734
-772
-871
-946
-936
-917
-933
-932
-885
-762
-681
-678
-663
-575
-442
-334
-263
-180
-24
113
204
266
348
458
548
611
676
750
838
880
911
969
999
1021
1016
1020
1019
940
847
795
779
771
715
647
522
395
284
204
153
74
-19
-110
-166
-178
-206
-275
-344
-373
-361
-366
-367
-376
-363
-343
-356
-363
-351
-320
-300
-314
-362
-416
-453
-452
-473
-497
-545
-614
-694
-774
-813
-853
-898
-920
-958
-971
-954
-963
-965
-955
-891
-821
-767
-720
-668
-610
-519
-396
-249
-110
-7
48
87
172
280
400
449
497
534
600
658
696
727
770
786
803
788
766
794
808
835
815
781
776
736
676
621
562
543
542
535
512
460
422
374
381
411
473
471
410
339
303
317
359
357
325
263
196
169
101
52
12
-37
-98
-174
-254
-248
-263
-257
-306
-369
-417
-417
-396
-408
-434
-496
-548
-566
-572
-550
-606
-657
-683
-727
-708
-720
-754
-787
-823
-737
-652
-610
-619
-600
-542
-434
-353
-269
-209
-121
-18
97
188
263
355
437
525
589
644
731
772
821
848
864
907
929
911
858
812
789
765
707
636
576
549
500
445
347
242
197
146
117
81
1
-56
-140
-166
-188
-244
-273
-288
-327
-359
-378
-355
-369
-349
-387
-380
-375
-366
-357
-338
-348
-305
-311
-297
-324
-312
-290
-346
-355
-373
-402
-415
-461
-481
-500
-579
-598
-598
-583
-551
-579
-555
-535
-476
-409
-327
-274
-215
-162
-117
-50
41
87
118
181
237
324
320
382
414
455
462
449
483
560
575
595
584
586
558
482
473
438
436
387
303
229
169
139
70
-10
-54
-124
-146
-172
-182
-169
-183
-145
-104
-105
-49
9
58
85
95
160
228
284
309
337
356
334
337
299
295
277
238
199
130
60
42
-33
-55
-138
-213
-266
-341
-381
-437
-480
-517
-554
-598
-588
-609
-599
-610
-585
-573
-569
-553
-508
-413
-358
-332
-290
-243
-160
-97
-45
74
116
151
172
250
383
423
443
445
499
527
556
531
583
572
600
536
553
528
531
477
416
391
372
324
302
252
209
173
130
112
84
80
74
26
-23
-35
-8
19
18
-16
-51
-66
-71
-38
-27
-41
-66
-95
-61
-47
-48
-50
-52
-81
-68
-96
-122
-147
-178
-179
-228
-257
-289
-355
-395
-433
-514
-513
-528
-515
-560
-608
-610
-561
-557
-515
-509
-473
-450
-397
-347
-260
-203
-161
-118
-74
0
50
89
97
144
170
197
215
231
251
264
277
248
199
158
172
198
215
185
150
115
67
71
46
97
113
139
90
91
94
140
171
184
218
255
297
340
360
355
388
383
443
490
459
444
429
403
421
397
390
341
316
265
208
128
105
24
1
-110
-139
-231
-304
-387
-426
-486
-546
-592
-666
-713
-720
-738
-757
-755
-732
-708
-679
-663
-602
-596
-510
-464
-318
-272
-199
-164
-95
-26
68
124
188
211
251
307
325
403
395
455
472
511
513
508
493
517
537
578
537
548
535
520
498
482
479
474
458
454
401
403
391
403
373
358
342
343
258
282
227
284
228
177
147
83
70
71
-22
-46
-117
-144
-170
-244
-284
-274
-365
-365
-414
-451
-482
-485
-551
-548
-574
-553
-572
-593
-625
-633
-619
-601
-564
-582
-546
-535
-505
-508
-470
-429
-412
-383
-340
-286
-257
-270
-243
-228
-185
-109
-74
-85
-39
-45
63
68
102
116
142
161
255
271
302
320
280
337
336
394
395
382
344
377
353
365
351
378
358
370
372
369
397
373
367
413
411
480
449
455
431
435
384
411
412
420
345
304
233
218
179
113
86
-3
-23
-87
-157
-205
-263
-298
-349
-394
-420
-441
-450
-502
-551
-571
-627
-603
-606
-619
-534
-672
-629
-639
-601
-518
-507
-546
-438
-504
-349
-374
-301
-244
-204
-185
-57
-31
47
51
91
96
200
220
271
292
305
342
376
376
465
422
446
450
439
471
446
504
479
471
504
481
461
417
371
465
401
441
326
311
307
299
271
261
223
242
137
155
106
113
86
74
54
46
-6
56
-64
-14
-87
-62
-71
-89
-150
-137
-198
-204
-240
-271
-278
-300
-318
-392
-383
-442
-417
-429
-478
-449
-467
-466
-450
-481
-448
-400
-456
-399
-408
-351
-328
-312
-302
-340
-219
-274
-227
-224
-191
-141
-137
-129
-35
-58
-39
28
17
106
98
152
163
169
210
223
254
289
316
304
321
330
321
318
301
332
355
394
377
397
292
388
341
381
394
418
387
385
347
405
432
383
427
364
364
294
296
266
289
230
233
188
122
129
45
30
-11
-2
-76
-116
-162
-154
-163
-218
-245
-277
-273
-341
-341
-366
-361
-421
-416
-405
-419
-417
-422
-403
-450
-412
-378
-385
-415
-390
-310
-319
-309
-264
-260
-276
-241
-202
-165
-206
-170
-136
-150
-87
-68
-34
-39
-35
43
37
37
81
129
154
218
202
225
230
280
305
339
322
339
372
349
382
378
373
404
375
392
411
361
373
347
319
328
335
338
315
286
288
264
287
235
269
223
208
220
163
188
157
104
116
57
56
26
-67
-97
-157
-198
-192
-275
-279
-374
-405
-452
-487
-515
-526
-544
-589
-618
-624
-616
-637
-623
-639
-577
-609
-577
-567
-554
-521
-520
-454
-440
-422
-382
-349
-295
-250
-204
-163
-172
-145
-62
-22
35
56
95
142
124
224
199
263
243
329
324
360
314
429
382
440
460
477
526
475
498
502
501
518
548
559
559
540
503
470
446
464
451
441
365
387
324
285
332
254
306
184
181
136
75
54
95
-14
36
-92
-60
-121
-199
-215
-231
-253
-312
-349
-346
-413
-409
-447
-445
-438
-493
-468
-498
-537
-516
-574
-501
-465
-483
-428
-501
-409
-439
-423
-341
-307
-297
-270
-273
-158
-184
-148
-49
-12
-25
-18
24
40
83
104
159
184
177
220
245
238
296
289
304
349
353
383
388
420
454
421
473
456
496
446
451
483
441
422
480
439
446
359
370
372
309
284
286
255
207
159
140
112
47
20
-58
-29
-140
-123
-215
-272
-320
-373
-391
-382
-457
-466
-515
-532
-548
-590
-577
-578
-582
-549
-551
-498
-541
-545
-522
-470
-427
-380
-375
-342
-340
-307
-274
-242
-177
-144
-60
-83
-47
-28
-6
24
59
106
186
192
193
199
215
279
274
296
353
344
369
360
407
389
405
418
469
461
455
450
429
419
407
452
448
455
419
412
374
376
346
316
319
283
279
228
219
153
124
72
83
34
-8
-56
-91
-134
-211
-197
-205
-237
-268
-303
-289
-338
-384
-385
-346
-404
-352
-417
-375
-405
-411
-396
-408
-405
-398
-388
-384
-362
-379
-356
-353
-305
-294
-239
-215
-205
-173
-191
-98
-67
-35
5
42
81
65
111
130
171
150
226
249
281
205
256
245
251
309
308
350
318
316
293
298
294
330
311
333
316
306
257
246
272
223
235
245
204
209
129
144
131
106
103
122
72
88
21
3
-35
-67
-39
-67
-87
-130
-116
-180
-220
-248
-263
-281
-291
-297
-317
-332
-367
-342
-383
-355
-347
-338
-336
-358
-313
-303
-276
-249
-227
-196
-176
-151
-114
-119
-84
-51
-32
40
32
82
89
108
117
121
131
167
184
201
218
224
206
236
213
218
265
253
265
233
223
262
201
227
268
233
248
202
191
179
120
153
184
152
148
96
112
70
52
84
77
44
34
30
27
-7
-6
-10
-38
-10
-27
-37
-101
-141
-115
-133
-136
-128
-128
-191
-199
-177
-205
-244
-232
-231
-188
-246
-210
-178
-281
-238
-207
-214
-169
-197
-194
-186
-204
-157
-154
-137
-97
-98
-57
-69
-37
-65
-53
-9
12
33
61
45
76
34
88
106
62
85
101
119
99
90
115
104
105
117
152
145
116
111
116
108
144
131
170
149
151
171
148
166
152
154
152
158
150
158
142
150
122
119
110
100
88
47
53
-1
-1
-23
-48
-44
-54
-76
-99
-148
-175
-179
-178
-172
-228
-211
-220
-231
-220
-240
-222
-256
-273
-263
-237
-233
-232
-255
-206
-202
-204
-188
-174
-155
-153
-141
-114
-76
-81
-51
-29
-9
17
53
49
46
66
80
122
124
129
154
143
162
176
173
189
221
198
216
204
211
210
206
241
252
238
234
248
210
198
211
216
200
219
188
193
160
160
171
140
167
147
105
99
84
75
61
39
56
33
14
-4
-33
-66
-109
-91
-109
-122
-137
-174
-186
-225
-221
-226
-234
-237
-257
-287
-281
-308
-287
-291
-255
-235
-250
-267
-259
-247
-228
-215
-159
-181
-162
-138
-140
-118
-98
-46
-51
-38
8
7
10
8
28
92
78
135
145
139
153
153
181
200
182
228
212
218
265
236
247
236
231
250
242
251
244
204
203
215
223
184
198
189
183
160
137
124
113
86
99
85
69
47
10
-5
-42
-30
-37
-76
-89
-140
-134
-162
-180
-200
-219
-205
-195
-237
-256
-271
-286
-289
-298
-247
-270
-281
-285
-263
-259
-254
-255
-254
-239
-219
-189
-169
-167
-163
-125
-101
-51
-37
-57
-20
-11
22
39
59
106
122
104
138
137
124
133
140
190
170
179
175
173
160
188
206
183
188
170
186
178
179
183
192
188
190
190
166
175
146
148
148
182
155
138
122
134
108
90
83
77
59
43
62
20
0
-24
-33
-48
-73
-80
-97
-119
-129
-133
-173
-168
-191
-202
-205
-206
-220
-233
-250
-255
-246
-246
-225
-232
-225
-231
-219
-221
-215
-188
-179
-161
-131
-107
-98
-95
-76
-61
-52
-30
6
12
19
30
53
56
79
84
120
124
116
123
106
117
138
160
183
196
203
184
165
154
159
158
166
185
205
183
171
179
159
153
135
151
137
124
126
124
122
102
116
115
87
61
35
17
-8
-37
-15
-17
-36
-45
-80
-103
-144
-184
-169
-187
-181
-179
-193
-183
-198
-219
-210
-212
-199
-204
-199
-193
-192
-197
-180
-130
-110
-89
-102
-93
-96
-116
-86
-35
-21
9
28
47
62
37
35
52
60
86
95
114
103
91
102
129
128
145
139
105
95
94
102
99
120
137
141
130
136
105
74
62
74
78
90
112
120
92
86
88
79
66
46
62
61
44
47
52
44
58
60
50
21
-16
-29
-44
-36
-9
-24
-25
-17
-25
-49
-71
-94
-109
-113
-108
-96
-103
-115
-95
-94
-108
-124
-134
-147
-162
-153
-139
-120
-117
-102
-95
-103
-88
-94
-110
-109
-104
-89
-68
-53
-35
-27
-22
-17
-16
-35
-34
-12
-18
17
21
34
46
53
64
85
71
76
83
65
88
102
120
127
154
150
165
135
121
130
120
128
139
143
148
155
151
148
123
116
110
86
93
87
93
76
75
61
53
41
34
-7
-14
-26
-31
-50
-62
-41
-63
-61
-67
-91
-102
-133
-131
-129
-129
-122
-110
-120
-112
-119
-121
-138
-136
-134
-126
-102
-105
-85
-96
-80
-64
-76
-54
-62
-46
-49
-55
-30
-16
-11
13
11
30
21
10
22
2
23
27
56
61
61
63
67
53
49
38
47
51
56
81
62
81
72
60
71
63
74
57
62
60
71
72
76
89
90
83
75
52
37
42
39
58
52
64
67
33
21
5
-12
-6
-15
-10
-11
-29
-25
-37
-56
-58
-60
-76
-91
-96
-112
-118
-121
-110
-112
-109
-113
-120
-144
-158
-157
-147
-117
-109
-106
-93
-99
-99
-95
-92
-83
-69
-58
-43
-33
-20
-24
-13
2
34
23
14
37
22
44
57
72
90
98
100
103
97
94
93
96
108
124
133
130
129
122
111
124
120
110
101
103
114
106
97
103
93
89
75
76
68
25
26
25
32
12
17
12
-13
-28
-39
-61
-68
-81
-89
-70
-84
-93
-104
-127
-123
-124
-135
-142
-149
-152
-147
-153
-134
-128
-138
-127
-126
-133
-133
-126
-113
-93
-86
-56
-49
-54
-52
-44
-42
-24
-21
-12
3
24
33
36
40
36
40
42
48
69
72
63
79
80
83
90
87
85
82
74
86
85
78
89
92
101
100
92
94
81
75
71
88
92
92
85
93
77
75
71
61
50
48
43
32
36
19
16
13
2
-13
-25
-30
-44
-59
-68
-68
-75
-74
-88
-86
-96
-109
-117
-128
-136
-130
-127
-129
-124
-122
-114
-116
-112
-114
-111
-105
-104
-84
-83
-57
-61
-45
-36
-23
-14
-25
-11
-4
-2
18
37
37
49
56
68
71
70
71
68
84
74
92
100
98
105
99
100
101
93
91
91
86
85
75
91
76
83
79
70
75
50
46
27
24
28
20
21
14
4
-6
-12
-24
-43
-44
-43
-61
-63
-69
-72
-79
-70
-80
-77
-85
-101
-102
-108
-116
-110
-99
-102
-78
-75
-82
-80
-91
-86
-89
-82
-64
-50
-49
-28
-21
-20
-26
-18
-17
-18
-9
-1
4
3
14
25
33
36
34
28
22
12
20
31
31
41
54
51
48
43
39
30
35
41
37
47
48
46
55
58
60
53
59
55
52
53
49
59
67
70
68
66
65
56
55
52
44
42
36
36
35
38
37
29
18
18
7
-8
-9
-15
-25
-22
-21
-18
-30
-37
-38
-46
-57
-55
-62
-63
-64
-62
-48
-52
-52
-50
-48
-50
-59
-54
-53
-55
-41
-30
-15
-20
-22
-25
-25
-18
-21
-21
-12
-8
-5
2
8
12
6
10
7
0
-4
-2
2
6
17
23
20
21
1
0
-2
-6
6
7
9
22
17
9
5
8
5
1
6
9
6
3
5
13
9
5
11
7
-1
-1
-7
-9
-2
-1
4
13
16
-14
-14
-16
-21
-21
-13
-4
-5
-6
-17
-16
-17
-28
-24
-18
-18
-15
-14
-17
-18
-17
-5
-6
-5
-8
-16
-16
-16
-14
-1
8
8
12
0
-6
-3
-11
-7
-1
7
16
14
10
10
3
-4
6
-3
6
12
1
5
10
9
11
14
16
8
4
11
5
12
17
38
32
36
32
29
28
23
26
34
48
40
54
51
48
45
50
45
43
43
48
48
38
54
46
47
48
41
32
24
24
21
19
11
25
24
11
14
7
-7
-11
-19
-13
-6
-14
-9
-18
-13
-21
-26
-31
-34
-35
-38
-37
-35
-34
-35
-35
-31
-35
-48
-39
-51
-51
-38
-41
-29
-31
-29
-33
-30
-28
-40
-28
-30
-25
-14
-8
-5
3
0
10
10
12
13
16
26
27
44
45
51
56
52
59
55
54
56
60
61
69
65
65
63
63
65
55
56
43
38
35
32
34
30
32
21
20
7
-4
-13
-21
-16
-18
-16
-17
-24
-35
-39
-33
-40
-41
-46
-42
-52
-48
-43
-41
-37
-39
-35
-36
-41
-50
-47
-46
-32
-30
-21
-18
-23
-24
-28
-22
-26
-31
-17
-14
-11
-7
-7
-6
-7
-7
0
-3
-3
-5
8
6
11
23
21
25
24
26
28
24
27
30
41
48
50
55
50
48
51
46
57
58
53
57
61
62
62
63
61
64
60
57
58
50
49
55
51
55
53
52
48
37
40
30
31
29
30
28
27
21
17
13
11
7
-4
1
-9
-21
-19
-26
-27
-30
-29
-35
-37
-48
-56
-64
-64
-67
-66
-60
-60
-64
-63
-67
-67
-67
-70
-70
-67
-59
-58
-43
-42
-30
-29
-23
-20
-18
-14
-7
-2
9
23
33
42
44
54
50
49
53
51
63
63
72
85
86
82
79
80
65
61
70
65
66
61
63
56
49
51
42
39
26
21
17
7
5
3
0
2
-6
-12
-16
-25
-33
-38
-38
-35
-43
-42
-41
-43
-49
-49
-51
-53
-56
-62
-59
-60
-55
-57
-53
-48
-47
-49
-48
-47
-51
-57
-44
-40
-40
-31
-26
-26
-28
-27
-25
-25
-22
-18
-16
-7
-5
-8
-1
-1
1
2
3
7
-1
2
3
10
8
15
17
14
14
13
10
9
10
12
17
25
23
26
21
23
24
23
26
29
28
31
33
40
42
41
46
49
43
49
45
45
49
50
61
65
61
57
57
47
48
45
48
48
49
47
45
36
29
27
17
19
14
10
2
1
-7
-8
-13
-20
-25
-30
-27
-39
-40
-43
-48
-52
-49
-41
-50
-48
-50
-52
-52
-49
-44
-44
-38
-35
-28
-24
-27
-21
-17
-12
-7
-1
0
2
10
16
23
24
35
30
33
34
32
45
39
48
56
53
52
49
45
43
41
47
46
44
42
36
40
31
23
28
16
11
17
8
3
-1
-8
-6
-15
-22
-25
-34
-46
-43
-41
-51
-53
-57
-60
-70
-71
-79
-79
-84
-83
-78
-85
-88
-91
-89
-92
-92
-88
-85
-91
-94
-85
-84
-81
-83
-68
-70
-71
-65
-64
-60
-61
-51
-47
-39
-35
-38
-28
-26
-26
-21
-18
-18
-11
-11
-1
-1
1
9
6
12
12
10
13
16
20
26
22
29
32
25
33
31
32
31
31
42
34
37
44
35
41
35
43
43
35
35
34
35
26
30
33
27
27
26
24
14
12
6
4
5
3
0
2
-2
-8
-10
-11
-12
-23
-20
-20
-21
-22
-18
-17
-14
-18
-19
-18
-21
-23
-18
-13
-8
-1
2
7
6
9
-2
10
13
9
25
30
29
35
34
36
38
36
42
42
47
45
48
54
54
50
61
60
54
50
54
47
47
56
53
58
50
61
47
45
47
38
37
38
42
36
38
38
30
31
32
20
19
17
13
10
10
10
10
6
4
3
3
-12
-15
-11
-15
-19
-11
-9
-18
-17
-19
-22
-29
-29
-33
-31
-28
-31
-33
-32
-34
-38
-30
-36
-40
-43
-46
-46
-42
-46
-43
-38
-44
-45
-44
-52
-52
-55
-56
-43
-50
-49
-44
-43
-46
-45
-39
-42
-41
-43
-33
-30
-33
-19
-19
-15
-9
-7
-5
-7
-4
2
9
16
22
28
26
29
33
33
29
36
39
39
45
44
44
41
40
37
35
40
24
31
30
22
22
20
16
8
10
6
-1
-4
-7
-17
-15
-15
-17
-21
-23
-20
-29
-34
-28
-34
-37
-28
-23
-26
-23
-22
-26
-18
-19
-18
-8
-9
-5
-1
4
8
9
14
19
23
25
19
33
32
34
45
47
50
45
50
47
48
51
49
51
56
54
51
52
48
50
40
43
47
34
37
33
33
32
28
30
24
24
15
15
14
8
9
12
14
8
11
9
4
3
5
7
1
8
10
7
12
11
11
16
11
15
15
12
16
10
15
19
13
14
15
11
9
3
3
0
-6
-5
-10
-8
-15
-20
-21
-26
-32
-38
-38
-49
-46
-53
-53
-56
-58
-59
-68
-59
-71
-73
-72
-75
-71
-73
-67
-61
-66
-64
-59
-61
-60
-59
-56
-43
-47
-38
-29
-27
-27
-22
-17
-14
-11
-13
1
2
7
10
15
18
13
20
19
21
19
19
24
22
24
18
20
21
10
10
9
4
-2
-2
-6
-8
-12
-18
-24
-23
-30
-35
-38
-39
-48
-52
-49
-55
-54
-58
-57
-59
-60
-61
-65
-63
-63
-60
-54
-55
-50
-50
-48
-48
-39
-38
-38
-24
-27
-20
-15
-13
-10
-7
-2
6
6
8
12
13
14
21
20
21
28
19
22
30
16
22
24
21
19
17
22
12
13
10
14
9
7
9
3
7
1
2
11
0
6
10
8
7
8
13
12
16
20
26
26
26
33
35
33
37
43
42
45
48
50
51
47
53
50
51
48
44
49
39
36
38
34
25
27
22
12
9
3
-3
-9
-8
-17
-20
-24
-34
-31
-38
-44
-43
-47
-50
-50
-56
-54
-52
-54
-49
-44
-46
-47
-41
-44
-38
-33
-26
-23
-14
-10
-7
-5
-1
7
4
12
19
23
21
28
31
29
37
31
36
36
31
30
32
27
27
22
22
19
11
11
2
-5
-5
-10
-17
-19
-25
-30
-33
-38
-42
-41
-52
-51
-52
-55
-57
-58
-56
-56
-50
-53
-47
-46
-48
-44
-39
-37
-27
-26
-16
-9
-5
1
3
10
12
20
25
30
38
41
45
50
52
57
54
54
62
57
56
60
59
58
59
53
49
48
38
31
35
26
22
19
12
8
-1
-5
-13
-17
-22
-27
-30
-34
-38
-43
-42
-44
-47
-43
-50
-51
-45
-51
-47
-43
-34
-36
-29
-23
-20
-16
-16
-7
-5
5
12
12
23
30
30
33
42
43
41
44
56
54
50
58
60
55
52
55
47
45
40
36
40
32
29
23
20
16
0
3
-6
-8
-20
-18
-16
-31
-28
-33
-34
-46
-38
-45
-46
-44
-46
-39
-46
-34
-40
-36
-33
-30
-26
-23
-17
-12
-5
-8
6
7
8
15
19
22
25
32
33
34
38
41
38
41
40
41
35
35
38
29
27
25
18
17
9
3
2
-7
-13
-20
-23
-29
-37
-39
-46
-51
-54
-59
-59
-65
-68
-68
-70
-72
-68
-68
-66
-62
-57
-57
-53
-49
-43
-35
-36
-19
-13
-9
2
9
12
23
28
31
43
47
55
58
70
71
71
77
78
78
74
75
79
76
77
76
67
65
60
49
42
37
33
24
23
16
9
2
-10
-13
-24
-31
-37
-37
-38
-47
-47
-45
-51
-53
-54
-56
-53
-51
-48
-41
-37
-33
-27
-21
-19
-12
-6
0
11
16
24
35
40
49
49
57
63
63
73
76
82
83
89
86
87
85
84
86
83
81
76
78
68
61
55
52
47
38
39
27
22
16
10
2
-6
-7
-15
-19
-22
-25
-28
-33
-31
-33
-41
-39
-38
-40
-37
-34
-27
-29
-21
-21
-25
-12
-20
-8
-1
-3
8
17
16
16
22
23
25
26
32
38
30
41
38
38
36
31
37
25
31
20
17
26
13
8
9
1
-6
-12
-15
-23
-25
-31
-31
-34
-43
-43
-51
-49
-53
-59
-53
-52
-57
-53
-51
-51
-54
-41
-44
-44
-28
-32
-20
-20
-14
-6
-2
3
9
18
19
29
37
36
44
50
49
52
59
61
60
68
67
72
65
64
68
60
57
57
57
51
52
46
39
39
28
22
18
12
13
6
1
0
-6
-13
-18
-18
-28
-28
-30
-32
-28
-32
-33
-33
-30
-35
-38
-34
-27
-31
-24
-20
-16
-13
-14
-3
-10
-1
4
5
16
17
25
25
33
32
34
42
36
46
50
48
51
55
56
52
52
50
57
49
48
56
44
47
40
37
37
24
29
24
21
14
13
11
2
2
-7
-7
-12
-18
-13
-18
-25
-19
-24
-29
-27
-31
-29
-31
-28
-24
-27
-22
-21
-22
-20
-17
-17
-12
-5
-10
-1
3
3
4
8
7
13
13
10
21
19
18
19
22
17
14
16
11
12
12
5
4
8
-2
