-13
-24
0
46
61
44
46
74
84
71
80
119
137
112
88
98
104
60
-16
-75
-95
-78
-38
3
11
-18
-34
8
78
106
69
24
31
75
80
19
-61
-102
-102
-100
-112
-118
-104
-80
-57
-43
-45
-65
-91
-108
-115
-123
-131
-122
-85
-26
23
31
-7
-45
-48
-35
-53
-104
-140
-139
-130
-146
-179
-204
-219
-222
-200
-161
-132
-115
-78
-17
34
39
12
-20
-52
-93
-132
-150
-145
-138
-145
-162
-169
-160
-159
-177
-188
-154
-90
-53
-61
-69
-43
-8
5
7
25
51
67
73
63
22
-32
-58
-47
-50
-80
-88
-60
-52
-101
-143
-114
-52
-33
-50
-35
20
64
75
87
118
134
110
70
53
59
61
46
23
10
11
25
47
72
82
69
48
37
30
7
-18
-3
43
73
81
104
135
110
21
-42
-15
45
58
40
47
67
51
19
27
72
101
102
105
120
132
140
152
160
141
100
46
-13
-52
-33
21
34
-12
-49
-25
14
4
-33
-46
-42
-53
-65
-47
-28
-42
-71
-68
-29
3
18
37
67
82
70
42
18
10
17
23
29
59
115
148
106
18
-30
0
62
101
109
107
112
127
136
108
46
4
28
82
100
79
80
115
134
108
73
64
63
47
27
22
21
11
-1
-3
-10
-49
-117
-180
-202
-182
-147
-128
-128
-125
-112
-98
-88
-70
-33
10
29
19
-1
-6
3
0
-29
-54
-36
12
38
13
-23
-17
26
63
69
57
31
5
1
31
58
42
-3
-23
-8
8
3
-1
17
50
76
80
55
4
-45
-64
-60
-65
-86
-97
-78
-33
26
87
131
140
115
85
67
49
31
39
79
97
44
-49
-91
-60
-18
-12
-6
37
74
51
10
29
92
110
54
-4
-13
-11
-26
-39
-35
-39
-56
-46
-7
-3
-57
-102
-96
-87
-119
-138
-78
23
72
66
67
86
82
52
41
67
82
64
44
36
10
-54
-112
-106
-52
-20
-40
-70
-67
-43
-34
-41
-28
11
44
48
21
-21
-56
-50
7
64
55
-15
-83
-122
-169
-221
-236
-213
-206
-230
-216
-143
-87
-105
-138
-108
-43
-13
-13
7
34
18
-38
-85
-113
-150
-200
-236
-237
-216
-179
-134
-91
-54
-13
20
33
46
88
135
125
68
36
46
23
-65
-149
-163
-138
-130
-134
-123
-116
-132
-140
-123
-118
-143
-143
-75
14
51
56
92
161
211
234
264
294
276
211
162
170
197
188
140
100
96
106
94
61
48
81
135
169
177
183
191
188
172
160
148
124
93
76
65
35
-5
-22
-14
-26
-82
-142
-155
-114
-52
5
50
72
61
21
-23
-43
-35
-9
17
11
-38
-105
-136
-105
-59
-58
-107
-140
-107
-30
30
54
67
87
107
119
125
123
117
124
158
188
169
111
80
104
127
93
39
39
94
127
101
63
67
97
114
123
145
165
152
110
71
39
0
-33
-33
-9
-6
-29
-32
5
40
40
21
24
59
107
141
143
104
50
10
-15
-53
-105
-141
-140
-123
-113
-117
-122
-109
-63
-1
28
0
-27
8
81
107
65
9
-22
-43
-64
-62
-36
-26
-46
-71
-88
-115
-155
-165
-115
-41
-2
-13
-39
-40
-2
40
46
11
-19
-5
41
88
127
148
130
70
5
-43
-91
-148
-172
-138
-87
-63
-50
-15
31
63
92
138
171
170
156
158
161
141
99
30
-87
-234
-329
-328
-286
-277
-299
-311
-299
-267
-216
-163
-135
-111
-45
37
51
-5
-45
-30
-35
-100
-154
-150
-146
-199
-264
-291
-310
-342
-328
-240
-155
-128
-104
-26
57
91
109
136
111
14
-45
28
150
173
96
29
16
18
23
38
31
-41
-127
-147
-99
-54
-24
25
90
119
98
75
84
110
131
129
102
70
56
51
2
-100
-183
-184
-136
-126
-177
-232
-227
-156
-76
-39
-42
-31
31
103
129
118
134
191
230
205
133
53
-20
-71
-83
-62
-45
-49
-71
-107
-143
-128
-34
75
99
25
-50
-54
-14
15
18
8
-13
-27
-10
21
17
-26
-43
4
64
82
71
80
107
118
102
93
102
98
53
-6
-13
59
155
209
222
241
271
259
179
82
37
66
146
232
272
235
158
108
88
36
-50
-97
-84
-92
-163
-217
-181
-122
-124
-161
-151
-101
-65
-37
5
13
-57
-132
-124
-79
-101
-161
-137
-28
44
36
34
88
139
131
85
30
-33
-72
-38
30
42
2
7
81
120
65
-6
-15
18
41
71
133
190
201
181
163
149
141
160
197
200
163
137
150
164
150
144
180
227
236
195
121
38
-5
43
156
225
175
56
-40
-73
-68
-35
27
108
179
217
218
196
180
188
206
193
142
83
53
47
35
-2
-53
-84
-78
-47
-21
-4
20
57
90
113
134
140
106
44
12
43
98
127
126
106
58
-11
-47
-19
16
-8
-69
-92
-62
-38
-57
-83
-73
-26
17
8
-77
-197
-261
-200
-60
48
61
14
-28
-44
-47
-39
-17
12
44
72
92
87
48
-16
-90
-164
-233
-285
-299
-263
-190
-127
-108
-129
-149
-148
-133
-123
-124
-147
-200
-256
-274
-243
-219
-255
-332
-391
-403
-384
-358
-331
-313
-313
-317
-287
-220
-143
-88
-66
-71
-91
-93
-52
14
54
54
55
97
154
175
141
79
14
-54
-120
-152
-130
-88
-83
-126
-170
-172
-135
-81
-15
55
93
84
70
85
104
85
49
35
19
-49
-141
-165
-103
-41
-28
-21
17
45
43
51
91
108
76
70
150
253
271
206
139
111
97
79
60
22
-48
-108
-102
-33
35
65
78
110
179
272
344
357
328
321
353
362
295
192
126
104
73
10
-47
-60
-34
-11
-22
-52
-53
6
83
120
110
96
99
99
90
102
145
183
195
194
178
111
-13
-132
-191
-211
-230
-232
-186
-127
-125
-174
-201
-176
-150
-158
-166
-132
-83
-65
-74
-64
-22
30
79
112
85
-31
-187
-288
-305
-284
-260
-222
-166
-124
-88
-9
118
211
213
169
155
180
199
188
149
80
-1
-44
-20
36
72
83
83
73
50
41
61
80
68
45
50
77
90
73
23
-45
-94
-70
13
66
23
-63
-89
-45
-6
-19
-48
-39
10
65
97
106
118
156
210
232
187
113
91
137
182
169
139
163
236
287
294
311
375
449
479
453
388
298
215
198
250
292
258
191
172
200
204
162
114
92
83
80
86
88
63
16
-25
-58
-90
-107
-79
-24
-2
-31
-77
-113
-149
-190
-212
-202
-189
-212
-269
-320
-337
-320
-283
-236
-197
-177
-159
-111
-38
0
-33
-80
-66
-11
-3
-61
-102
-73
-43
-89
-170
-202
-195
-217
-264
-268
-219
-175
-153
-96
9
81
67
19
20
68
95
64
3
-62
-132
-200
-240
-240
-239
-279
-353
-394
-353
-263
-213
-261
-369
-437
-404
-300
-206
-162
-153
-154
-162
-172
-169
-160
-180
-225
-237
-183
-117
-101
-130
-157
-183
-227
-261
-247
-216
-232
-268
-238
-128
-30
-23
-87
-155
-182
-161
-123
-108
-109
-74
19
98
102
62
32
3
-66
-136
-151
-135
-141
-153
-120
-58
-33
-43
-47
-54
-86
-98
-32
79
143
143
125
91
13
-72
-90
-37
34
107
192
244
198
89
19
18
20
-25
-78
-78
-19
58
101
90
47
23
43
84
125
172
222
238
201
139
88
53
38
60
92
82
19
-42
-61
-61
-74
-78
-45
10
52
72
79
66
25
-33
-77
-85
-44
40
130
182
188
172
155
140
126
118
115
114
122
144
158
130
70
39
90
207
319
366
356
329
299
258
221
223
248
225
133
44
31
65
74
54
53
89
146
211
269
264
171
57
6
3
-15
-35
19
140
234
248
220
182
121
41
-4
6
27
33
50
90
114
99
95
147
226
268
247
185
100
29
18
80
163
209
227
250
272
245
159
53
-40
-116
-158
-134
-60
-3
-1
-21
-21
-20
-46
-67
-26
82
203
290
329
320
272
225
219
236
219
159
104
83
56
-18
-114
-170
-164
-115
-43
63
187
273
267
182
76
-2
-49
-81
-108
-126
-125
-86
-10
63
94
90
94
112
117
93
59
9
-79
-177
-218
-200
-182
-188
-164
-79
8
42
54
86
121
127
118
98
42
-48
-123
-155
-185
-227
-232
-182
-130
-113
-106
-108
-168
-273
-315
-250
-162
-131
-121
-88
-72
-113
-161
-184
-232
-335
-404
-356
-239
-156
-128
-118
-122
-145
-158
-153
-173
-238
-295
-289
-242
-198
-167
-149
-163
-208
-246
-267
-294
-326
-315
-261
-233
-265
-298
-280
-234
-207
-193
-160
-113
-82
-80
-86
-85
-79
-95
-146
-196
-191
-134
-87
-88
-105
-97
-68
-35
0
17
-16
-90
-131
-90
-14
21
10
10
54
131
211
261
255
199
120
37
-41
-90
-92
-69
-58
-58
-42
-8
19
30
28
6
-24
-23
25
72
76
73
113
163
163
113
68
41
12
-22
-48
-66
-59
0
100
172
175
145
113
69
30
61
163
243
247
242
285
316
269
195
163
143
85
36
52
91
91
87
142
217
224
183
178
218
227
176
115
83
68
59
60
66
62
46
19
-30
-89
-119
-99
-54
-5
56
118
147
132
109
91
48
-21
-55
-14
51
70
43
9
-18
-48
-68
-62
-48
-49
-49
-21
24
43
17
-39
-102
-151
-161
-122
-55
13
66
94
90
65
35
10
-14
-36
-49
-69
-114
-163
-172
-126
-69
-37
-4
73
172
233
248
259
294
319
303
255
201
142
72
8
-21
-11
13
29
35
29
5
-39
-78
-82
-34
53
141
195
201
182
162
147
126
99
75
58
38
12
-1
21
63
91
77
37
-5
-29
-33
-26
-18
-21
-43
-73
-80
-46
15
60
51
-1
-57
-92
-123
-170
-217
-228
-184
-124
-97
-117
-151
-161
-136
-101
-73
-44
3
49
41
-47
-155
-204
-182
-147
-141
-146
-136
-126
-140
-165
-184
-204
-225
-221
-171
-98
-46
-20
-7
-10
-37
-70
-88
-108
-149
-193
-205
-195
-194
-200
-180
-129
-84
-65
-61
-69
-91
-108
-95
-48
12
70
122
149
136
93
39
-22
-87
-131
-126
-83
-34
5
37
46
23
-11
-29
-38
-53
-63
-31
46
135
210
252
249
205
156
139
141
125
87
37
-14
-68
-117
-154
-183
-198
-174
-109
-47
-34
-69
-117
-153
-158
-124
-64
-13
13
30
43
33
1
-23
-23
-28
-57
-88
-109
-145
-208
-258
-249
-195
-138
-91
-50
-17
-9
-25
-55
-80
-75
-25
42
79
78
64
46
1
-75
-141
-171
-171
-167
-157
-134
-98
-55
-27
-25
-31
-8
49
92
95
99
142
180
150
64
-12
-54
-87
-111
-102
-60
-20
5
24
34
31
27
39
63
90
130
171
173
132
86
68
64
64
95
163
220
226
200
164
100
-2
-93
-117
-82
-29
30
88
123
116
95
83
84
99
147
217
256
226
156
94
50
16
-7
-7
5
7
-21
-78
-136
-142
-79
6
56
80
112
139
120
75
79
156
243
268
222
138
49
-30
-93
-141
-170
-170
-160
-172
-199
-196
-135
-45
38
117
193
228
203
154
135
154
190
221
227
171
61
-35
-70
-73
-97
-135
-146
-137
-152
-193
-211
-168
-78
21
105
161
182
169
146
138
165
208
229
196
121
39
-24
-67
-88
-85
-75
-83
-109
-129
-126
-106
-69
-6
78
148
175
166
146
137
141
151
158
152
120
58
-15
-72
-100
-110
-119
-132
-137
-133
-126
-104
-57
0
44
75
113
153
168
150
130
126
117
77
22
-9
-2
15
24
31
48
54
28
-24
-70
-86
-77
-60
-40
-22
-15
-23
-34
-39
-41
-38
-27
-16
-24
-50
-74
-80
-84
-99
-118
-134
-159
-202
-239
-243
-213
-163
-97
-20
42
65
50
20
-16
-55
-88
-102
-92
-66
-35
-12
-7
-10
-16
-36
-81
-123
-124
-86
-51
-35
-17
9
13
-17
-52
-67
-65
-75
-95
-107
-102
-80
-55
-32
-10
22
62
89
86
59
27
-8
-42
-59
-52
-31
-9
16
40
42
18
-13
-38
-65
-91
-93
-77
-84
-126
-160
-155
-134
-126
-116
-87
-65
-77
-97
-89
-57
-30
-7
20
32
4
-55
-111
-136
-119
-59
27
105
153
160
124
53
-15
-32
9
72
126
158
149
85
-11
-86
-106
-83
-25
57
136
173
162
129
94
58
31
24
28
20
-3
-22
-27
-20
-4
18
32
24
4
-14
-34
-53
-58
-43
-25
-18
-7
8
3
-38
-90
-122
-136
-138
-118
-78
-44
-28
-9
29
58
51
31
30
38
33
22
33
63
90
108
126
136
115
64
3
-39
-43
-13
25
50
57
58
54
38
17
18
48
87
118
140
148
128
80
26
-10
-22
-17
-2
13
17
13
12
25
52
87
117
130
121
104
89
77
68
71
89
100
87
57
31
16
-1
-16
-23
-23
-31
-49
-62
-54
-26
13
48
66
65
53
39
29
24
33
54
74
81
80
70
52
22
-10
-29
-34
-31
-24
-7
17
41
59
73
86
87
72
51
39
43
52
62
76
88
89
64
13
-50
-108
-148
-162
-150
-126
-102
-79
-59
-46
-37
-27
-15
-8
-12
-17
-14
-4
-4
-22
-55
-91
-118
-126
-109
-73
-30
0
6
-11
-39
-66
-78
-68
-28
28
75
86
64
17
-41
-96
-122
-107
-67
-37
-35
-51
-75
-100
-124
-133
-117
-81
-37
-2
20
38
58
81
97
110
119
110
67
-4
-62
-69
-22
54
121
153
131
65
-14
-72
-84
-52
8
66
97
94
71
44
15
-2
9
44
71
63
23
-16
-39
-44
-38
-14
18
34
19
-18
-45
-48
-35
-21
-7
20
48
57
43
23
22
30
29
17
8
5
-2
-16
-26
-14
10
25
21
7
-3
-7
-6
1
15
31
35
23
1
-21
-32
-34
-34
-33
-37
-43
-47
-46
-41
-41
-54
-76
-98
-99
-66
-3
74
137
161
140
83
17
-33
-53
-47
-21
13
40
48
26
-13
-48
-58
-36
6
57
108
144
150
126
95
72
55
29
5
8
38
71
77
53
16
-29
-76
-110
-107
-58
5
53
77
90
85
42
-37
-115
-152
-140
-102
-54
-3
31
28
-4
-33
-31
-8
5
-1
-3
8
23
34
48
70
89
88
69
52
45
31
5
-21
-24
-9
6
11
18
39
64
80
84
78
60
24
-25
-59
-63
-39
-2
36
70
96
107
97
62
11
-38
-64
-59
-36
-11
13
34
48
52
59
87
127
147
123
70
22
-5
-16
-20
-10
19
45
41
13
-9
-10
0
3
3
13
25
21
-1
-22
-24
-11
3
13
15
12
2
-16
-34
-42
-31
-7
9
-4
-35
-60
-61
-52
-46
-41
-31
-19
-21
-40
-51
-33
7
32
24
-2
-19
-27
-45
-61
-41
20
78
86
49
4
-28
-52
-68
-57
-24
4
3
-19
-41
-58
-65
-51
-8
40
61
49
26
15
16
14
6
3
10
7
-28
-74
-98
-90
-81
-75
-47
1
24
9
2
26
39
6
-27
-18
-2
-26
-56
-40
-7
-13
-52
-66
-45
-36
-45
-46
-28
-5
20
55
90
101
87
65
40
9
-25
-57
-80
-80
-53
-25
-23
-40
-50
-43
-28
-10
5
6
-13
-35
-50
-55
-50
-22
10
24
18
10
-17
-77
-127
-108
-49
-25
-35
-26
-5
-32
-83
-68
6
43
25
31
76
67
-18
-78
-43
15
15
-22
-33
-16
1
13
22
30
46
67
42
-50
-141
-160
-132
-116
-105
-64
-16
3
5
8
-37
-139
-198
-131
-11
34
14
7
8
-49
-135
-146
-71
-26
-67
-91
37
278
440
401
249
135
60
-79
-247
-261
-71
131
197
222
318
376
249
24
-88
-48
8
24
62
152
224
207
79
-102
-210
-160
-47
-20
-34
79
272
294
107
-16
70
139
7
-149
-110
8
2
-38
104
361
481
419
323
217
28
-113
67
533
839
662
227
-8
47
63
-133
-275
-72
330
566
584
603
631
442
52
-170
-17
294
493
528
371
-44
-519
-660
-449
-303
-355
-207
297
652
490
245
424
731
610
248
230
462
322
-175
-266
331
881
653
-89
-562
-504
-302
-237
-108
338
909
1112
752
186
-121
-139
-188
-397
-570
-596
-635
-754
-684
-261
150
44
-447
-604
-71
586
571
-73
-523
-294
192
362
326
481
653
320
-436
-917
-820
-523
-292
71
543
571
-82
-826
-1031
-852
-789
-890
-846
-534
-58
428
701
635
509
659
744
97
-1035
-1531
-1000
-377
-413
-581
-200
352
440
316
444
474
-36
-561
-437
-123
-355
-636
-14
988
863
-437
-1198
-463
605
576
-269
-671
-280
220
358
334
417
564
631
513
120
-439
-763
-609
-308
-339
-573
-406
256
665
201
-685
-987
-491
-34
-262
-697
-440
515
1243
1074
297
-414
-782
-871
-638
19
842
1236
833
-76
-811
-950
-652
-358
-307
-415
-517
-514
-350
-105
-72
-411
-715
-391
410
826
500
127
315
544
18
-913
-1155
-483
225
352
250
417
749
870
659
232
-157
-198
100
210
-163
-444
-21
560
242
-861
-1554
-1355
-971
-824
-412
457
1037
920
775
1089
1193
394
-769
-1276
-957
-324
256
511
111
-713
-1085
-727
-503
-971
-1287
-542
620
936
432
103
178
75
-197
4
597
728
239
16
525
1062
866
150
-462
-787
-913
-748
-241
294
480
324
130
119
204
26
-690
-1586
-1760
-771
658
1433
1337
914
387
-454
-1338
-1452
-629
191
169
-335
-395
157
658
635
300
52
-51
-79
157
856
1668
1832
1147
395
313
452
-181
-1435
-1951
-1105
47
371
239
536
925
419
-718
-1080
-159
1008
1457
1402
1334
1093
412
-376
-811
-909
-793
-305
505
1029
826
313
174
410
495
276
167
477
947
1028
481
-347
-770
-414
430
1192
1601
1628
1160
229
-576
-593
-17
327
182
58
154
-5
-486
-513
230
757
205
-625
-325
931
1605
1110
498
543
514
-335
-1174
-720
610
1082
139
-747
-136
1435
2306
1830
778
-70
-770
-1535
-2021
-1745
-842
-1
201
-251
-838
-907
-320
292
243
-225
-224
380
629
-93
-1034
-1206
-914
-1133
-1711
-1480
-220
771
583
100
564
1506
1381
7
-947
-324
833
820
-277
-883
-415
-24
-543
-1067
-521
448
448
-427
-814
-283
214
169
213
563
330
-855
-1803
-1375
-118
720
927
986
806
77
-679
-682
-211
-110
-270
169
1155
1549
820
-210
-676
-757
-979
-1192
-869
20
964
1503
1452
782
-310
-1236
-1328
-578
171
119
-442
-414
521
1238
651
-685
-1338
-1019
-685
-695
-301
696
1160
309
-993
-1542
-1382
-1097
-498
681
1543
966
-542
-1298
-679
364
930
1087
1042
564
-374
-1265
-1721
-1805
-1543
-859
-122
34
-327
-440
-43
245
54
-134
4
-50
-642
-1020
-376
712
889
-147
-1368
-1860
-1642
-1038
-194
521
537
-69
-457
-256
-166
-750
-1347
-1065
-265
43
-73
347
1270
1392
206
-969
-828
100
440
-9
-427
-553
-873
-1431
-1642
-1329
-919
-544
78
807
1093
989
1114
1384
904
-434
-1433
-1371
-1109
-1430
-1379
201
2235
2411
517
-1091
-826
57
-281
-1386
-1439
-216
633
202
-348
342
1792
2337
1288
-375
-1324
-1261
-831
-536
-111
862
1943
1966
490
-1324
-1943
-1319
-727
-733
-407
973
2441
2515
1274
132
-204
-351
-739
-697
307
1443
1490
508
-419
-828
-1190
-1530
-943
851
2437
2270
866
141
610
643
-832
-2259
-1489
875
2006
834
-362
727
2995
3384
1055
-1640
-2376
-1437
-550
-404
-337
203
885
1143
907
624
720
1040
908
66
-586
46
1479
1887
555
-998
-1204
-608
-547
-669
338
1981
2192
611
-607
-97
633
-152
-1480
-1291
252
1264
1199
1141
1330
800
-320
-482
593
1089
15
-1066
-691
-12
-652
-1542
-459
2002
2763
729
-1582
-1676
-231
568
239
-29
410
1042
1333
1251
804
45
-653
-1053
-1518
-2225
-2309
-841
1466
2645
1804
179
-519
-81
325
-182
-1179
-1489
-587
600
636
-473
-929
473
2236
1826
-663
-2282
-1238
594
466
-1323
-2177
-1172
-85
-307
-771
50
1547
1840
559
-655
-443
570
787
-309
-1670
-2077
-1463
-672
-266
-48
270
510
432
175
-162
-860
-1850
-2125
-919
861
1540
983
534
523
-393
-2520
-3556
-1466
2183
3732
1865
-1249
-3048
-2966
-1690
39
1294
1174
-76
-1252
-1851
-2182
-1683
759
4001
4539
1004
-3198
-4013
-1903
-230
117
968
2280
1441
-1909
-4105
-2506
577
1454
205
-534
-108
58
-180
426
1475
983
-1117
-2410
-1669
-488
-218
129
1382
2033
683
-1173
-1263
-128
-21
-1051
-1235
-218
-20
-1452
-2385
-956
1463
2252
1186
237
374
506
-290
-1124
-702
526
730
-770
-2246
-1516
1080
2743
1672
-538
-1087
208
988
109
-717
186
1736
1747
149
-1067
-579
952
1978
1431
-516
-2097
-1154
2003
3954
2177
-1201
-2117
-421
223
-1538
-2431
-23
3006
2908
620
-96
1341
2067
917
-141
-37
-278
-1464
-1542
518
2151
758
-2210
-3343
-1994
-262
723
1650
2594
2452
1091
-164
-653
-1143
-1958
-2101
-862
1173
3137
4443
4040
1087
-2969
-4917
-3564
-1226
-231
82
1193
2219
1448
-291
-677
325
648
-108
-115
1102
1593
559
77
1575
3081
2200
-147
-1440
-1487
-1825
-2253
-1106
1283
2445
1538
470
491
360
-794
-1346
94
1799
1260
-845
-1608
-201
1337
1536
1183
1008
117
-1975
-3495
-2363
870
3498
3677
1818
-517
-1938
-1675
7
1680
1957
1042
308
370
598
633
1059
1804
1261
-1525
-4470
-4221
-489
3119
3471
1609
703
1491
1888
804
-168
230
477
-1268
-3699
-3823
-1400
693
851
864
2343
3397
1229
-3225
-5873
-4455
-652
2849
4973
5269
2786
-2188
-6710
-7600
-4836
-1078
1694
3440
4307
3670
1469
-974
-2377
-2737
-2504
-1475
555
2750
3791
3170
1221
-1621
-4707
-6660
-6105
-3109
718
3644
4861
4327
2410
-127
-2455
-4164
-4946
-3930
-394
4504
7750
7082
3104
-1725
-5502
-7493
-7234
-4617
-885
1816
2492
2063
1705
1328
358
-831
-1231
-578
481
1425
2183
2493
1799
33
-2147
-4041
-5218
-5041
-2856
733
3534
3681
1650
-432
-1288
-1466
-1743
-1626
-118
2548
4658
4587
2265
-878
-3195
-3997
-3592
-2459
-838
715
1097
-55
-1160
-232
2041
2360
-828
-4403
-3940
610
4822
5343
3078
257
-2872
-6441
-8265
-5907
-753
2909
3080
1761
1064
365
-1354
-2814
-2202
-113
1460
1967
2062
1494
-291
-1959
-1462
500
962
-758
-1826
-434
1233
663
-766
-197
1739
1936
192
-200
2119
4015
2497
-819
-2271
-1370
-700
-1392
-1493
768
4117
5628
3960
522
-2104
-2474
-1317
-331
-49
441
1359
1167
-1015
-3068
-2178
840
2156
423
-1105
556
3473
3589
653
-1667
-1143
511
1041
827
1339
2379
2722
2368
2327
2565
1746
-820
-3926
-5377
-3829
1
3487
4034
1621
-995
-1363
-47
726
381
307
1068
1330
234
-929
-658
476
974
896
1352
1955
856
-2217
-4690
-4042
-994
1351
1082
-845
-2266
-2091
-732
887
2072
2419
1738
195
-1605
-2892
-3211
-2610
-1377
206
1673
2195
1152
-955
-2558
-2380
-642
1262
2124
1744
739
-70
-146
418
925
693
-251
-1210
-1462
-760
614
1924
2321
1593
560
153
186
-201
-761
97
2960
5730
5612
2533
-761
-2135
-2128
-1974
-1124
1605
5052
5992
2962
-1617
-4208
-4099
-3290
-2966
-1948
825
3818
4467
2653
932
970
1266
-431
-3420
-4504
-2219
1120
2449
1731
1208
1565
943
-1787
-4586
-4566
-1820
770
1294
707
577
653
-159
-1455
-1612
-189
1371
1655
781
-420
-1639
-2772
-3173
-2127
204
2904
4950
5232
2788
-1807
-5793
-6531
-4488
-2457
-1580
-38
3425
6651
6675
3935
1443
283
-1279
-3758
-4446
-1228
3649
6081
5265
3795
2992
1048
-3361
-7983
-9267
-6489
-1957
2060
4869
6155
5241
2198
-1410
-3723
-4101
-3152
-1793
-682
-40
465
1352
2454
2726
1337
-1277
-3807
-5292
-5552
-4664
-2637
276
3260
5181
5166
3141
-26
-3084
-5278
-6498
-6535
-4896
-1919
679
1505
1436
2424
4316
4578
1990
-1060
-1569
20
854
192
306
2395
4188
3157
321
-1275
-802
-37
8
304
1203
1003
-1429
-4222
-4454
-1778
1467
3271
3547
2938
1748
377
-552
-1038
-1574
-1715
-94
3233
5722
5011
1904
-795
-1869
-2303
-2560
-1472
1362
4069
4850
4391
4081
2958
-1019
-6784
-9940
-7795
-2629
1489
3470
4854
5924
4974
1510
-2293
-4261
-4476
-3764
-1708
2030
5572
6216
3711
293
-2429
-4616
-6070
-5315
-1957
1881
4068
4977
5730
5420
2642
-1000
-2020
-50
1336
-74
-1911
-1336
215
-490
-2903
-3419
-1285
204
-785
-1701
-201
1641
801
-1368
-1116
1522
2714
1071
-153
1491
3636
2923
108
-1693
-1968
-2540
-3267
-1764
2189
5302
5061
2780
910
-347
-1806
-2637
-1534
537
1331
657
310
798
618
-746
-1546
-570
798
781
-145
-488
-304
-551
-820
99
1694
1996
556
-766
-538
496
1065
1109
810
-426
-2538
-3635
-2097
844
2455
1981
964
315
-730
-2396
-3268
-2437
-1070
-475
-40
1310
2742
2599
1263
814
1775
2293
1074
-682
-1287
-959
-834
-776
150
1554
1781
179
-2025
-3329
-3324
-2239
-325
1682
2499
1602
102
-514
-126
231
-33
-550
-933
-1248
-1364
-740
588
1424
582
-1511
-3038
-2772
-1343
-249
63
489
1636
2607
2054
139
-1435
-1485
-574
246
927
1738
1859
238
-2285
-3393
-2347
-1077
-1313
-2048
-1385
235
707
-287
-792
102
709
-460
-2182
-2407
-1320
-679
-989
-1341
-1666
-2896
-4656
-4892
-2677
274
1902
2187
2065
1409
-232
-1863
-1989
-942
-373
-537
-27
1522
2471
1747
608
637
1391
1535
1139
1163
1491
1350
1192
2099
3388
2975
593
-1373
-1212
-135
83
-59
770
1794
1056
-1196
-2499
-1707
-334
249
785
2166
3370
3064
1992
1891
2702
2767
1505
68
-731
-1313
-1741
-971
1387
3856
4770
4236
3361
2416
1034
-387
-949
-740
-735
-1174
-1289
-815
-493
-675
-613
156
740
147
-1150
-1889
-1723
-1260
-806
-189
337
150
-690
-1362
-1436
-1227
-946
-489
-299
-1223
-2927
-3622
-2386
-771
-855
-2394
-3382
-3054
-2560
-2577
-2078
-238
1893
2798
2515
1981
1132
-857
-3724
-5942
-6524
-5875
-4710
-3227
-1701
-773
-615
-632
-551
-921
-1870
-2298
-1264
545
1841
2538
3212
3312
1694
-1037
-2633
-2240
-1580
-2095
-2614
-1461
441
858
-63
129
2195
3837
3320
2265
3016
4804
4811
2358
-335
-1579
-2126
-2953
-3200
-1744
524
1744
1739
1942
2878
3409
2800
2049
2305
2995
2637
1022
-495
-789
-162
501
1034
1900
3152
4111
4219
3803
3592
3553
2729
606
-1725
-2472
-1225
591
1579
1966
2715
3771
4234
3959
3692
3511
2390
-52
-2535
-3777
-4302
-5379
-6730
-6822
-5321
-3636
-2700
-1787
-397
182
-1359
-3922
-5150
-4655
-4320
-5274
-6360
-6325
-5893
-6378
-7417
-7747
-7522
-8041
-9301
-9687
-8578
-7517
-7820
-8480
-7852
-6469
-6290
-7543
-8228
-7128
-5578
-5288
-5841
-5704
-4858
-4690
-5481
-5706
-4302
-2241
-1015
-528
351
1711
2403
1846
878
464
518
581
893
1947
3421
4549
5396
6757
8584
9523
8717
7347
7402
9209
11191
12114
12408
12838
12972
12022
10574
10080
10723
11218
11124
11894
14578
17598
18430
16988
15516
15012
13821
10674
7339
6466
7940
9536
10657
12837
16058
17294
14489
10130
8381
9508
9811
7118
3697
2698
3949
5084
5270
5475
5723
4619
2044
230
1004
3258
4384
3325
961
-1960
-5792
-10883
-16691
-22378
-27488
-31599
-32768
-32768
-32118
-28584
-24037
-19101
-14632
-11300
-9169
-7953
-7423
-7307
-7231
-7247
-8169
-10683
-14227
-17370
-19378
-20808
-22335
-23600
-23579
-21722
-18322
-14086
-9828
-6304
-3847
-2130
-649
632
1435
1794
2050
2255
2116
1612
1093
540
-698
-2915
-5159
-5891
-4497
-1697
1498
4740
8189
11790
14961
16924
17265
16286
14765
13276
11891
10731
10448
11582
13540
15010
15563
16067
17117
17910
17481
16357
15862
16083
15884
14974
14498
14999
15188
13926
12345
12432
14005
14853
13960
12804
12812
13131
12154
10135
8640
8026
7190
5838
5280
6339
7839
8193
7615
7597
8664
9767
9738
8330
5768
2259
-1793
-5887
-10141
-15180
-20775
-25163
-26422
-24359
-20588
-17038
-14788
-13901
-13557
-12499
-10180
-7607
-6326
-6405
-6168
-4273
-1368
733
766
-1669
-6636
-13376
-19680
-23208
-23886
-23856
-24507
-24570
-22071
-17359
-12939
-10591
-9886
-9619
-9380
-9207
-8698
-7441
-5819
-4473
-3233
-1447
610
1495
19
-3534
-7766
-11273
-13207
-13344
-12016
-9743
-6643
-2549
2043
5628
6873
5886
3755
1238
-1267
-2734
-1823
1330
4714
6644
7548
8559
9081
7432
3922
1468
2259
5121
7449
8766
10601
13168
14303
12482
9279
7385
7181
6952
6075
6045
7863
10102
10785
10135
9924
10663
11199
11251
12551
16398
21241
24099
23852
21826
19451
16956
14581
13332
13445
13348
11669
9567
9452
11565
13575
13857
13430
13925
15287
16728
18395
20005
18862
12029
678
-10236
-17503
-22486
-27063
-29430
-26712
-20130
-13879
-9252
-3779
2921
6565
4160
-553
-1482
1644
3793
2772
2009
3903
5094
1621
-4514
-8271
-9249
-11564
-16223
-18679
-15708
-10548
-8093
-8005
-6483
-3053
-1115
-1899
-2298
-73
2442
2244
542
634
2435
2517
-734
-5113
-8243
-10464
-12969
-15287
-16376
-16592
-16587
-15245
-10835
-3973
2449
6377
8047
8206
6788
4059
1407
-280
-1876
-4225
-6009
-5184
-2269
-367
-1619
-5096
-8671
-11387
-12901
-12023
-7665
-945
5307
9327
11431
11984
9898
4306
-3183
-9323
-12189
-12233
-10449
-6849
-1437
4351
8365
9767
9446
8481
7072
5343
4276
4995
7311
9695
10757
10292
8902
7176
5523
4350
3960
4387
5493
7052
8650
9908
11032
12634
14510
15140
13297
9920
7372
6842
7544
8694
10711
13624
15746
15602
14239
13471
12107
6546
-4028
-15326
-22345
-24300
-23342
-20135
-13887
-6128
-738
910
1837
4649
7317
6513
3387
2571
5788
9854
11535
11077
9397
4921
-3827
-14252
-21583
-24308
-24745
-24260
-21119
-14272
-6450
-1294
841
1892
2146
132
-3768
-6455
-5793
-3069
-556
1652
4604
7431
7521
3768
-2083
-7733
-12547
-16757
-19671
-19966
-17514
-13831
-10542
-8033
-5893
-4212
-3789
-4956
-6547
-6552
-3959
334
4607
7895
9893
9780
6423
251
-6167
-10414
-12511
-13873
-14488
-12698
-7994
-2468
1367
3081
3613
3080
969
-1812
-2943
-1381
1186
2399
1841
812
259
127
356
1327
3153
5397
7753
10319
12957
14999
15799
15089
12766
9150
5700
4368
5485
7169
7726
7747
8602
9733
9444
8102
8179
10478
12716
13287
14163
17597
21522
21610
17524
13546
12278
11367
8461
6023
7668
11834
13441
11168
8445
6546
1643
-8609
-19494
-24363
-22965
-20162
-17681
-12480
-3761
3787
6294
6043
6941
7903
5384
695
-522
3604
8340
8958
6046
2015
-3794
-12780
-22326
-27709
-28054
-26543
-24758
-20667
-13235
-5514
-1201
-567
-1881
-4638
-8715
-11804
-10894
-6139
-828
2597
4289
4666
2828
-1692
-7521
-12972
-17539
-20755
-21065
-17497
-11554
-5946
-1965
557
1465
259
-2419
-4994
-6785
-8161
-8814
-7583
-4575
-1882
-1293
-2485
-4262
-6266
-8288
-9151
-7881
-5253
-2601
336
4557
9114
11279
9726
5823
1375
-2966
-6203
-6176
-2162
3024
5755
5769
5548
6014
5412
2830
282
-26
1401
2879
4468
7263
10514
11829
10420
8285
7620
8499
9770
10910
11959
12474
11743
9867
7893
6966
7570
9271
10932
11731
12064
12783
13408
12403
9758
7788
8096
9168
8823
7865
8717
11014
11733
10111
9178
10961
13223
13320
12626
13722
14912
11674
3290
-5903
-12430
-17043
-20811
-21722
-18027
-12266
-8466
-6792
-4448
-1043
643
-492
-1698
-234
3247
6532
8721
9402
6959
221
-8985
-17015
-21804
-23550
-22667
-19192
-14232
-10010
-7830
-7329
-8079
-10358
-13529
-15190
-13376
-8939
-4496
-1459
661
2234
2219
-488
-5244
-9929
-12836
-13731
-13107
-11119
-7831
-4320
-2507
-3244
-5094
-5909
-5388
-5011
-5460
-5560
-4407
-3155
-3335
-4331
-4209
-2710
-1635
-2041
-2719
-2151
-609
703
1517
2266
2779
2647
2510
3463
5008
4941
1892
-2943
-7147
-9349
-9473
-7593
-3813
845
4608
6483
7005
7109
6845
5800
4397
4032
5765
9291
13147
15587
15391
12661
9158
7168
7410
8395
8418
7708
7839
9333
10972
11529
11209
11002
11539
12964
15046
16762
16551
13829
9855
6631
5485
6912
10471
14034
14644
11736
8383
7567
8366
8160
7420
8873
12280
14133
13132
11441
8700
40
-15809
-30715
-32768
-30218
-23765
-18916
-11726
-2170
2291
-1996
-7699
-6892
-2723
-2907
-5775
-2469
7973
15496
12919
4366
-3710
-11865
-22109
-29541
-27765
-19468
-13602
-13132
-13094
-10904
-10782
-15499
-20453
-20097
-15279
-9694
-3119
6172
14845
16647
10921
3781
21
-1571
-3547
-5011
-4242
-2786
-3436
-5990
-8264
-10172
-13396
-17231
-18002
-13500
-5728
1618
6425
8007
5955
1192
-3108
-3948
-1643
1133
3101
5283
8109
9788
8566
5070
1112
-2527
-5585
-6665
-4282
483
4229
4572
1951
-1925
-5652
-7680
-6411
-2216
2122
4572
6220
8731
10746
9422
5111
1667
1716
4115
6870
9854
13049
14457
12285
7972
4738
3781
3942
4438
5638
7361
8653
9411
10123
9880
7042
2618
555
3234
8494
12607
14451
14931
14045
11245
7989
7025
8678
10157
9282
7140
5895
5517
4343
2164
968
2137
4198
4551
3016
1845
1366
-2407
-12923
-26229
-32768
-27824
-17000
-8775
-4684
-1289
855
-2779
-11300
-16332
-12765
-5800
-2475
-1067
4486
12662
14785
7208
-4184
-12959
-18764
-22279
-20347
-11486
-1815
777
-3729
-8992
-11900
-14893
-18999
-20502
-16295
-8199
125
7026
11514
11510
6633
621
-2067
-1018
964
2099
2677
2940
2536
1631
338
-2494
-7551
-12354
-12855
-8179
-1701
3015
5224
5414
3300
-893
-4811
-5677
-3078
1156
5195
8195
9684
9294
7094
3522
-659
-3905
-4350
-1730
1850
4133
4942
5019
3676
-294
-5573
-8571
-7377
-3784
-554
1609
3250
4016
3222
1723
1240
2022
2916
3755
5818
9314
12094
12132
10148
8398
7616
6836
5889
6066
7711
8963
8264
6851
6916
7920
6977
3250
-139
229
4049
8325
11200
12802
13159
11718
9222
7779
8080
8201
6534
4561
5035
7923
9883
8074
3417
-451
-1109
277
749
-532
-1388
-665
-1718
-8877
-20246
-27648
-25769
-18425
-12873
-10766
-9053
-7674
-9970
-15031
-16137
-9837
-1503
2163
2046
3162
5545
4715
-157
-4849
-7144
-9290
-11981
-11612
-6618
-1951
-3185
-9162
-14397
-16377
-16425
-15139
-11607
-6689
-2965
-1086
490
1891
1338
-1053
-2246
-310
3198
5955
7403
7404
5316
2150
876
2272
2870
-259
-4727
-5918
-3380
-694
46
-58
-302
-1861
-4772
-6594
-5520
-2551
659
3920
7187
9196
9093
7823
6502
4956
3270
2927
4563
6108
5316
2860
710
-1240
-4168
-6872
-6559
-3139
264
1599
1878
2165
1575
-175
-921
1029
4026
5485
5642
6366
7410
6804
4668
3683
5199
7375
8174
8074
8457
8988
8404
6895
5831
5472
4595
2586
561
-85
720
2254
4311
6985
9379
9738
7469
4344
2807
3259
3920
3551
3246
4769
7757
9595
8098
3773
-612
-2380
-1121
1168
2322
2290
2167
836
-5102
-16143
-26344
-28303
-21487
-12552
-7247
-5552
-5697
-8390
-13746
-17511
-15155
-8273
-2474
336
2884
5862
5718
828
-4823
-7000
-6581
-6268
-5296
-1709
2372
2561
-1458
-5780
-8236
-10211
-12143
-11764
-8438
-5320
-4766
-4707
-2383
853
1685
15
-1289
-801
536
2365
5461
9050
10631
9383
7346
6168
4908
2469
252
404
2574
4332
4236
2833
917
-1511
-4193
-5870
-5358
-2895
102
2402
3730
4320
4138
2959
1165
-116
-120
712
1540
2288
3042
2757
114
-4102
-7013
-6709
-4101
-1124
1363
2934
2615
404
-1446
-800
1371
2495
2348
2961
4670
5137
3125
739
465
2015
3752
5404
7312
8393
7242
4723
3289
3823
4881
5088
4653
4354
4376
4542
4714
4780
4881
5337
5631
4347
1407
-655
316
2658
3009
1543
1807
4812
6844
4895
1168
-319
781
1955
2254
2734
3649
4200
4079
2413
-3418
-13848
-22784
-22227
-12314
-2443
-714
-6102
-12867
-17921
-20358
-18051
-10344
-2004
1090
-442
-1081
738
935
-2242
-4263
-1131
4387
6988
5983
4246
2541
-558
-4335
-5980
-4984
-3749
-3436
-2670
-1189
-1323
-4154
-6917
-6458
-3454
-1106
-943
-1907
-2544
-2090
-34
3314
5997
5996
3849
2235
2728
4242
5025
4859
4633
4700
4496
3375
1257
-1254
-3149
-3714
-3188
-2476
-2221
-2472
-3024
-3451
-2998
-1405
154
88
-1386
-2225
-1419
-524
-1346
-3208
-4112
-3769
-3519
-3491
-2160
651
2415
1098
-1693
-2561
-574
2184
3963
5091
6047
6007
4647
3726
4875
6638
5938
2598
277
2067
6653
9965
9500
5929
1602
-926
250
4863
9788
11586
10022
7691
6336
5524
5060
5940
7727
7700
4751
1851
1891
3054
1864
-634
-227
3189
4757
2272
-299
594
2580
2154
970
2386
4748
4069
1503
1332
1972
-3134
-13763
-19856
-14772
-5290
-2376
-6866
-11530
-13655
-16601
-19954
-17883
-9606
-3009
-3434
-5746
-3217
1419
973
-3837
-5302
-848
3664
3654
1653
1065
456
-2012
-3522
-929
3099
3404
-106
-3047
-3547
-3741
-4484
-3532
-217
2271
1295
-1656
-3900
-5234
-6274
-5660
-2152
1963
2945
672
-1353
-1087
-157
-292
-315
1598
4461
5384
3270
-52
-2231
-2577
-1761
-585
321
273
-1048
-2831
-3422
-2001
125
640
-1109
-3216
-3592
-2519
-1780
-1829
-1450
-339
-156
-2000
-4290
-4590
-2666
-242
1672
3461
5085
5483
4411
3401
3998
5929
7833
8992
9384
8695
6533
3658
2004
2887
5433
7077
5823
2242
-805
-732
2335
5898
7661
7268
5654
3865
2891
3558
5596
7395
7594
6406
4760
3011
1533
1517
3427
5378
5145
3557
3489
5268
5891
3840
1837
2702
4886
5008
3226
2648
4110
5104
3985
1670
-1548
-6964
-13246
-14963
-9036
-682
1188
-5760
-14933
-18835
-16206
-10605
-5393
-2251
-2147
-4658
-7096
-6793
-4308
-2586
-2911
-3513
-2642
-1294
-1630
-3640
-4845
-3339
-135
1874
886
-2175
-4745
-5032
-3414
-1688
-1128
-1341
-1044
94
726
-735
-4002
-6712
-6624
-3764
-208
1796
1187
-1595
-4626
-5334
-2774
763
1828
-109
-2058
-1608
88
710
392
771
1465
399
-2344
-3792
-2148
718
2112
1856
1131
-199
-2734
-5010
-4479
-1138
1788
1393
-1990
-5704
-7351
-6168
-3114
-311
365
-1162
-3265
-4192
-3137
-218
3435
5833
5757
4392
3978
4781
5063
4349
4514
6515
8146
6998
4200
3003
4414
6410
7042
6281
4979
3997
4384
6442
8410
7951
5385
3644
4523
6720
8083
7962
6737
5068
4411
6096
8778
9174
6810
5396
7307
9511
8257
5435
5820
9214
10362
6917
2654
1568
3067
4706
5349
3314
-3895
-14112
-18812
-12398
-1159
2668
-4800
-15588
-20363
-17277
-10019
-2890
56
-3804
-11557
-15425
-11275
-3910
-532
-1720
-3007
-2919
-3961
-6429
-6831
-3549
419
1951
1392
58
-2179
-4605
-4381
-593
2836
1674
-2748
-5398
-4192
-1618
-410
-859
-2405
-4716
-6572
-6366
-4640
-3835
-4702
-5153
-3773
-2161
-2298
-3564
-4166
-3833
-3136
-1669
733
2035
60
-3797
-5512
-3386
129
1970
1664
261
-1670
-3554
-3998
-2336
-94
697
38
-598
-764
-1339
-2505
-3080
-2244
-724
204
23
-985
-2079
-2112
-313
2438
4032
3578
2592
2889
4053
4290
3327
2870
4053
5870
6790
6772
6720
6824
6659
6424
6790
7593
7943
7806
8159
9047
8812
6421
3667
3472
6145
8719
8344
5353
2528
2095
3897
5930
6318
5107
4221
5141
6862
7196
6035
5670
7337
9213
9086
7435
6226
6023
6215
6631
6329
2304
-6532
-14498
-13431
-3659
3944
259
-11113
-19138
-18600
-13247
-8031
-4711
-4874
-10197
-17277
-18191
-10292
-1189
456
-4372
-8386
-8869
-8910
-9284
-6433
128
4699
2844
-2444
-5337
-4354
-1637
1633
4837
5319
1112
-4484
-5584
-1285
3248
3641
672
-2952
-6234
-8547
-8152
-4869
-1912
-2185
-4359
-5235
-4574
-4571
-5446
-4984
-2580
-581
-681
-1566
-1466
-875
-984
-1072
334
2494
2876
707
-1628
-1442
1002
2980
2531
373
-1370
-1526
-514
802
1822
1756
-173
-3191
-4748
-3294
-689
-77
-1643
-2562
-1426
-229
-821
-1804
-1013
693
856
-420
-651
994
2771
3760
5208
7474
8438
6794
4726
5163
7835
10305
11655
12680
13174
11851
9108
7442
8336
10395
11266
10087
7590
5207
4494
5941
7738
7220
4234
1601
1536
3292
5189
6938
8385
8134
5783
3974
5333
8406
9659
8689
7775
6612
2206
-4627
-7522
-2821
3924
4071
-3357
-11466
-14734
-13642
-10464
-6177
-3219
-5843
-13815
-19512
-16135
-6913
-1428
-3712
-8784
-11029
-10654
-10000
-8322
-4225
-275
-571
-4584
-7413
-6153
-2657
363
2437
3349
1532
-2986
-6281
-4362
1465
5640
4543
-393
-5395
-7837
-6937
-3593
-578
-868
-4365
-7577
-7711
-5750
-4310
-4060
-4072
-4343
-5482
-6538
-5788
-3726
-2714
-3214
-2993
-1115
-53
-1865
-4444
-4180
-1097
1430
1461
228
-780
-1530
-1682
23
3157
4647
2463
-1155
-2230
78
2991
3896
2726
912
-207
150
1689
2723
1753
-420
-1491
-686
507
882
989
1454
1725
1629
2401
4559
6339
6234
5823
7564
10624
11832
10724
10418
12575
14631
13914
11909
11695
12914
12633
10436
9147
10077
10873
9495
7515
7214
7549
6000
3366
3278
6591
9391
8072
4153
1944
2908
4850
5876
6175
5540
2277
-3447
-7427
-5657
-177
2282
-1945
-9387
-14041
-13777
-10623
-7059
-4849
-6182
-11997
-18641
-19687
-13214
-5121
-2916
-7572
-13673
-16305
-14913
-11054
-6040
-1914
-1579
-5466
-9585
-9310
-4504
850
3436
3044
778
-2476
-5124
-4740
-704
4009
5274
1861
-3700
-7724
-8041
-4912
-770
1061
-1106
-5514
-8360
-7465
-4066
-1064
-340
-1905
-4473
-6148
-5498
-3070
-1266
-1747
-3325
-3561
-2135
-1172
-2071
-3560
-3666
-2393
-1253
-1008
-1216
-1564
-2093
-2168
-861
1141
1499
-765
-3290
-2849
587
3698
3776
1568
-200
65
1896
3977
5140
4646
2731
1021
1359
3737
5942
5844
3727
1902
2192
4222
6143
6673
6238
6221
7331
8883
9799
9971
10217
11011
11933
12524
12923
13189
12779
11574
10769
11472
12724
12468
10592
9283
9588
9566
7402
4802
4882
7367
8631
6763
3901
2680
2949
3555
4744
6181
4783
-1479
-8425
-8861
-2033
4035
1917
-6539
-13644
-15176
-12591
-8225
-3570
-2003
-7296
-16988
-21898
-16296
-5864
-1367
-6005
-13378
-16991
-16578
-14307
-10233
-4818
-2010
-5085
-10910
-12682
-8250
-2100
1170
1652
1296
25
-2532
-3969
-1393
3863
6882
4877
20
-3792
-4824
-3454
-618
2011
1864
-2070
-6979
-8396
-5090
-489
1223
-695
-3789
-5632
-5631
-4298
-2337
-769
-731
-2224
-3549
-3006
-1079
17
-791
-1977
-1553
115
920
157
-522
253
1489
1471
363
-380
-484
-848
-1302
-519
1304
1810
-139
-2206
-1576
994
2363
1608
855
1468
2145
1796
1741
3230
4697
3949
1953
1747
3882
5597
5001
3599
3593
4804
5854
6722
8071
9073
8275
6421
6241
8891
12266
13667
12827
11457
10826
10952
11549
12542
13586
13885
12811
10568
8282
7359
8238
9622
9533
7398
4582
2703
2332
3463
5573
6293
2219
-6348
-12836
-10394
-1009
4918
39
-11533
-19507
-18688
-12177
-5677
-3065
-6530
-15441
-23523
-22289
-11085
-570
-1768
-13119
-22553
-21673
-13516
-6177
-3717
-5374
-9304
-13156
-13393
-8452
-1999
449
-1820
-4404
-4158
-2480
-1394
25
2953
5261
3999
236
-1764
-51
3033
4581
4202
2667
153
-2469
-2732
522
4291
4041
-624
-5081
-5202
-2058
48
-994
-3271
-4066
-3155
-2284
-2504
-3173
-3283
-2685
-1723
-564
387
161
-1506
-2823
-1466
2024
3893
1585
-2538
-3763
-941
2232
2150
-563
-2824
-3066
-1770
399
2670
3192
708
-2607
-2599
1586
5778
5814
2599
363
1188
3491
5147
5663
5194
3799
2465
2936
5355
7484
7474
6267
5924
6651
7146
7204
8021
9885
11306
11073
9908
9380
9979
10928
11355
11081
10546
10256
10088
9304
7768
6680
7050
7759
6831
4643
3730
4747
5205
3748
2782
3940
3600
-2221
-9623
-9662
-1041
5861
1588
-10044
-17324
-15373
-9506
-5575
-4267
-5640
-11532
-19575
-21247
-12242
-1083
-396
-10872
-20558
-20232
-12966
-6866
-4861
-5417
-7930
-11783
-13156
-8865
-2264
72
-2640
-4798
-3234
-1094
-1153
-711
3083
7046
6155
1603
-594
1805
5026
5809
5268
4930
3526
454
-1235
1017
4426
4071
-142
-3446
-2963
-930
-603
-2047
-3363
-3706
-3376
-2668
-2222
-3111
-4990
-5400
-2767
828
1813
-398
-2965
-3315
-1507
986
2804
2770
499
-2238
-2560
-60
2148
1292
-1452
-2803
-1717
11
836
959
829
284
-256
386
2178
3262
2442
1106
1300
2797
3593
2829
1709
1540
2254
3045
3431
3304
2886
2938
4188
6131
7195
6654
5743
6236
8315
10417
11019
10118
9069
9162
10265
10949
10286
9190
9100
9615
8965
7052
6034
6866
7401
5866
4260
5236
7038
5722
2167
1693
5109
5593
-1326
-9086
-7852
1024
5655
-527
-10582
-14569
-11913
-8453
-6457
-4637
-5068
-11461
-20108
-20891
-10911
-821
-2347
-13557
-22191
-21056
-14102
-8320
-6220
-7348
-11196
-15416
-15405
-9652
-3110
-1641
-4777
-7257
-6287
-3545
-797
2242
5144
5762
3672
1745
2411
4585
6134
7127
8290
8269
5553
2082
1584
4347
6623
5707
2913
758
-178
-295
567
1764
1030
-2443
-5555
-4708
-1016
777
-1446
-4722
-5354
-3182
-491
1056
845
-1288
-4047
-4501
-1297
2645
2995
-637
-4317
-4800
-2798
-868
-278
-952
-2514
-3852
-3225
-576
1410
520
-1584
-1399
1341
3186
1941
-288
-274
2027
4045
4142
2775
944
-510
-419
1862
4801
5663
3856
1876
2125
4081
5738
6638
7780
9140
9289
7836
6688
7872
10901
13235
13000
10590
7877
6619
7521
9977
12186
12032
8804
4478
2673
5262
9753
11141
7387
2309
1330
4478
5927
1647
-4686
-6051
-1370
2845
687
-6264
-11853
-12603
-9646
-5487
-2501
-3806
-10994
-19572
-20819
-11709
-769
147
-10376
-21439
-22364
-13809
-4922
-2596
-6374
-11808
-14936
-13624
-8205
-2316
-704
-4233
-8307
-7875
-3085
1590
3013
2227
1844
2700
3822
4331
4320
4463
5389
6953
7820
6600
3903
2328
3496
5863
6536
4734
2267
1001
1189
2099
2690
1622
-1555
-4639
-4225
-291
2437
-111
-5648
-7900
-4496
282
1313
-1440
-4360
-5246
-4557
-3036
-1119
-370
-2488
-6117
-7281
-4427
-1062
-1337
-4475
-6006
-3936
-1041
-645
-2351
-3195
-1534
1554
3855
3784
1336
-1429
-1390
2523
7220
7986
3734
-1385
-2384
1319
5808
7112
4790
1467
22
1442
4517
6991
7355
6051
4989
5668
7762
9561
9750
8651
7801
8286
9590
10256
9640
8598
8173
8152
7633
6747
6722
7934
8864
7783
5034
2916
3386
6180
8799
8081
2786
-4317
-7696
-4227
2665
5689
1204
-7116
-12671
-12422
-8153
-3388
-1314
-4165
-11169
-16978
-15671
-7972
-1867
-3795
-11093
-15721
-13954
-9213
-6079
-5434
-6212
-8145
-10420
-10336
-6467
-1818
-789
-3445
-5582
-4453
-1628
391
1572
2909
3876
3449
2337
2094
2816
3565
4386
5780
6619
5008
1599
-274
1278
4214
5312
3899
1575
-281
-1130
-634
681
856
-1290
-3825
-3797
-1605
-822
-3088
-5671
-5441
-3110
-1642
-2158
-3680
-5599
-7628
-8016
-5058
-803
-110
-4522
-9527
-9926
-6063
-2495
-1879
-2934
-3775
-4155
-4020
-2605
-192
1298
928
380
1380
2947
3093
2150
2120
3187
3413
2149
1318
2317
3704
3465
2002
1076
946
726
899
2937
6152
7392
5146
2220
2588
6496
10393
11292
9541
7343
6252
6710
8610
11032
12159
10779
7920
6117
6795
8887
10210
9737
8206
6876
6261
6135
6280
6684
6896
5787
2668
-1319
-3674
-2966
-492
932
-403
-4017
-8129
-10666
-9924
-6071
-2465
-3619
-10119
-16492
-16300
-9474
-2796
-2559
-8257
-14301
-16206
-13556
-8426
-3553
-1833
-4732
-9921
-12339
-9316
-3672
-278
-419
-1355
-882
73
-40
-402
1038
4385
7315
7603
5155
1804
-3
1342
5201
8509
8117
3960
-647
-2229
-241
3122
5266
4886
2277
-982
-2983
-3031
-2215
-1895
-2059
-2004
-2139
-3621
-6089
-7316
-5930
-3368
-2154
-3089
-5167
-7286
-8578
-7800
-4549
-1166
-1205
-5022
-8630
-8354
-5211
-2955
-2955
-3350
-2819
-2347
-2581
-2088
86
2065
1615
-144
-79
2281
4072
3542
2543
3244
4562
4059
2065
1273
2624
4137
4224
3799
4032
4138
3197
2651
4550
7945
9488
7992
6155
6808
9245
10782
10609
10166
10366
10567
10412
10728
11770
12147
10796
8998
8892
10382
11092
9564
7158
6129
6871
7926
8064
7206
5528
2839
-595
-3392
-4043
-2579
-755
-522
-2539
-6086
-9778
-12034
-11509
-8252
-4679
-4326
-8460
-14102
-16447
-13625
-8471
-5395
-6331
-10053
-14188
-16588
-15571
-10963
-5419
-3012
-5190
-8985
-10259
-8046
-4550
-1702
411
1814
1626
-123
-1201
636
4667
7816
8034
5972
3489
1908
1868
3443
5566
6271
4556
1645
-291
-365
603
1398
1345
314
-1269
-2503
-2961
-3467
-4982
-6740
-6775
-4751
-3045
-4005
-7040
-9506
-9841
-8582
-6811
-5296
-5061
-6867
-9334
-9349
-5809
-1820
-1413
-4598
-7484
-7149
-4505
-1961
-321
753
919
-188
-1225
-251
2374
4109
3784
3219
4282
5896
5749
4072
3532
5310
7329
7223
5514
4497
4992
5840
6204
6607
7365
7615
6887
6497
7936
10347
11154
9481
7526
7719
9546
10482
9603
8648
9194
10281
9972
8306
7144
7379
7921
7811
7651
7942
7437
4972
2207
2260
5319
7751
6602
3198
658
-655
-2688
-5423
-6081
-3441
-390
-473
-3610
-7161
-9775
-11579
-11504
-7911
-2558
-711
-5082
-11674
-14149
-11223
-7150
-5630
-6298
-7496
-9152
-11162
-11544
-8904
-5443
-4636
-6373
-7157
-5352
-3441
-3903
-5322
-4678
-1851
608
1435
1770
2324
2027
445
-562
760
3305
4518
3765
2563
1833
940
-305
-624
691
2098
1575
-614
-2280
-2176
-1253
-1074
-2121
-3956
-5957
-7293
-7076
-5480
-4225
-4949
-7136
-8489
-7531
-5211
-3712
-4195
-5978
-7439
-7267
-5263
-2567
-1010
-1634
-3579
-4788
-4022
-1975
-320
80
-249
-297
395
1588
2788
3613
3955
4073
4446
5293
6239
6695
6600
6533
6920
7367
7133
6176
5335
5363
6115
6910
7367
7507
7289
6642
5990
6144
7344
8796
9556
9549
9291
8924
8237
7538
7637
8629
9386
8897
7625
6870
7018
7211
6729
5848
5109
4502
3872
3503
3584
3518
2624
1392
1126
2104
2869
1830
-918
-3820
-5493
-5601
-4572
-3258
-2811
-4027
-6426
-8442
-8906
-8073
-7016
-6445
-6443
-6918
-7706
-8348
-8383
-7909
-7482
-7398
-7492
-7665
-8055
-8481
-8267
-7082
-5610
-4881
-5101
-5651
-6007
-6037
-5457
-3827
-1452
343
492
-569
-1379
-1015
315
1990
3521
4370
3977
2520
1178
1076
2070
2977
2885
1891
654
-319
-839
-938
-868
-1019
-1601
-2509
-3534
-4515
-5235
-5445
-5191
-4883
-4802
-4787
-4682
-4811
-5493
-6256
-6191
-5173
-4105
-3673
-3508
-3047
-2618
-2834
-3246
-2709
-1167
-30
-198
-651
122
1897
3070
3036
2930
3733
4843
5313
5503
6354
7532
7741
6910
6608
7675
8635
7661
5368
4241
5362
7097
7417
6339
5234
4723
4462
4525
5468
6839
7038
5452
3800
4192
6291
7596
6548
4277
2901
3039
3757
4174
4096
3333
1612
-465
-1344
-173
1866
2633
1322
-840
-2130
-1927
-706
849
2137
2512
1648
188
-538
183
1597
2187
1196
-713
-2172
-2290
-1213
157
836
379
-876
-2079
-2544
-2296
-1993
-2264
-3067
-3743
-3719
-3180
-2980
-3816
-5507
-7127
-7888
-7814
-7557
-7656
-8045
-8248
-7893
-7053
-6203
-5885
-6277
-6957
-7141
-6302
-4618
-2771
-1331
-408
146
392
299
-21
-243
-41
656
1577
2238
2261
1681
961
575
524
395
-96
-737
-1107
-1108
-1052
-1307
-1987
-2968
-3978
-4651
-4739
-4414
-4182
-4319
-4473
-4108
-3269
-2627
-2695
-3238
-3587
-3332
-2502
-1298
21
1015
1240
763
262
393
1135
1955
2485
2806
3124
3517
4087
4970
5969
6382
5651
4196
3253
3734
5391
7182
8204
8151
7188
5803
4706
4381
4577
4540
3952
3377
3509
4228
4758
4652
4181
3745
3374
2987
2749
2783
2813
2521
2113
2054
2231
1899
640
-1021
-2254
-2850
-3133
-3260
-3132
-2914
-3081
-3722
-4257
-4131
-3523
-3018
-2774
-2420
-1676
-678
383
1517
2658
3438
3596
3482
3797
4783
5911
6441
6147
5414
4802
4644
4959
5499
5826
5544
4638
3594
2986
2878
2714
1911
514
-853
-1687
-2082
-2485
-3170
-4090
-5068
-5905
-6383
-6464
-6545
-7163
-8275
-9071
-8786
-7592
-6428
-6011
-6287
-6788
-7120
-6995
-6206
-4925
-3803
-3385
-3478
-3379
-2753
-1985
-1626
-1790
-2257
-2828
-3327
-3435
-2907
-1982
-1304
-1318
-1904
-2631
-3190
-3485
-3518
-3342
-3100
-2888
-2625
-2152
-1449
-681
-48
304
318
106
10
376
1209
2176
2965
3495
3728
3548
3011
2550
2582
2985
3266
3269
3396
3970
4720
5125
5048
4711
4217
3548
2971
2957
3499
3889
3536
2749
2330
2491
2579
1931
637
-663
-1418
-1429
-762
208
807
525
-404
-1145
-1128
-655
-499
-1004
-1732
-1996
-1598
-1011
-894
-1466
-2342
-2928
-2981
-2765
-2718
-3022
-3442
-3487
-2772
-1403
-59
477
94
-410
-65
1279
2824
3716
3847
3772
4041
4827
5977
7146
7864
7817
7204
6658
6672
7181
7775
8168
8319
8250
7979
7631
7377
7129
6512
5286
3734
2478
1912
1897
1935
1543
524
-927
-2317
-3212
-3670
-4211
-5232
-6485
-7277
-7228
-6702
-6421
-6774
-7558
-8301
-8678
-8659
-8465
-8411
-8628
-8831
-8479
-7362
-6005
-5268
-5451
-5924
-5808
-4912
-3848
-3266
-3183
-3138
-2765
-2041
-1153
-398
-171
-694
-1600
-2113
-1851
-1325
-1297
-1760
-1950
-1376
-425
245
516
648
642
287
-205
-203
535
1520
2227
2699
3136
3298
2890
2301
2258
2728
2866
2284
1739
2128
3294
4358
4845
4833
4306
3202
2096
1920
2679
3209
2687
1780
1604
2079
2162
1439
490
-312
-1304
-2473
-2917
-2126
-1068
-1106
-2163
-2973
-2977
-2897
-3280
-3565
-3141
-2457
-2231
-2151
-1384
-122
441
-169
-952
-808
103
961
1630
2581
3786
4551
4542
4263
4266
4473
4646
5003
5855
6890
7419
7289
7050
7157
7450
7566
7498
7477
7565
7689
7855
8028
7926
7314
6447
5860
5656
5381
4741
4045
3689
3524
3119
2443
1794
1165
259
-832
-1512
-1581
-1733
-2691
-4179
-5330
-5904
-6438
-7201
-7729
-7695
-7575
-7966
-8663
-9070
-9190
-9520
-10017
-9977
-9109
-8080
-7586
-7435
-7027
-6355
-5919
-5852
-5775
-5461
-5062
-4600
-3824
-2776
-2009
-1878
-2029
-1952
-1730
-1749
-1935
-1818
-1266
-620
-99
370
660
367
-470
-1095
-931
-375
-205
-434
-427
-28
145
-304
-893
-994
-724
-609
-664
-452
61
351
206
135
582
1138
1052
357
-113
147
695
872
712
674
732
382
-426
-961
-665
-2
166
-214
-423
-169
-24
-399
-778
-518
33
23
-535
-745
-250
211
51
-168
287
992
969
354
332
1317
2239
2148
1648
1942
3069
4048
4454
4797
5311
5470
5099
5047
5988
7178
7337
6521
6154
7064
8378
8750
8039
7143
6633
6292
5908
5725
5842
5747
4967
3886
3360
3546
3640
2984
1956
1359
1209
736
-386
-1462
-1731
-1469
-1557
-2226
-2882
-3181
-3567
-4411
-5253
-5465
-5266
-5366
-5741
-5592
-4672
-3900
-4192
-5216
-5897
-5799
-5373
-5002
-4570
-4067
-3902
-4241
-4523
-4164
-3421
-3073
-3349
-3682
-3540
-3044
-2615
-2382
-2192
-1948
-1667
-1364
-1098
-1046
-1281
-1534
-1428
-969
-578
-579
-840
-996
-857
-469
41
489
623
365
34
108
673
1295
1553
1496
1388
1225
803
235
-34
134
243
-212
-1006
-1453
-1346
-1214
-1559
-2244
-2857
-3315
-3716
-3885
-3558
-2973
-2727
-2894
-2809
-2040
-1136
-955
-1447
-1688
-1086
-14
867
1405
1777
1906
1582
1014
776
1125
1718
2124
2311
2445
2505
2405
2408
2996
4211
5359
5617
4907
4008
3781
4406
5411
6271
6769
6874
6582
6058
5680
5689
5847
5730
5361
5240
5655
6234
6403
6051
5470
4820
4020
3182
2714
2834
3241
3480
3407
3082
2384
1126
-477
-1765
-2243
-2065
-1847
-2050
-2675
-3403
-3947
-4272
-4561
-4984
-5479
-5797
-5751
-5415
-5067
-4998
-5310
-5776
-5918
-5422
-4541
-3921
-3902
-4101
-3884
-3135
-2328
-1885
-1706
-1403
-780
37
816
1389
1664
1636
1437
1276
1285
1425
1558
1641
1821
2226
2675
2723
2178
1426
1039
1104
1258
1350
1627
2109
2286
1814
1169
1047
1355
1394
968
592
483
115
-846
-1821
-2131
-2048
-2310
-2912
-3195
-3037
-3092
-3685
-4292
-4463
-4565
-5075
-5688
-5766
-5344
-5020
-5024
-5067
-5043
-5197
-5551
-5740
-5612
-5430
-5267
-4735
-3648
-2518
-1946
-1878
-1891
-1876
-1900
-1679
-856
303
1162
1644
2247
3018
3297
2846
2524
3207
4558
5558
5908
6077
6147
5585
4381
3493
3669
4467
5015
5232
5581
5969
5755
4837
3926
3516
3278
2873
2751
3513
4785
5400
4719
3241
1810
735
-68
-500
-346
217
611
489
84
-222
-452
-891
-1516
-1929
-1942
-1888
-2103
-2321
-2016
-1289
-915
-1387
-2317
-3047
-3451
-3704
-3650
-3062
-2340
-2196
-2594
-2734
-2346
-2197
-2818
-3456
-3087
-1976
-1258
-1246
-1210
-814
-632
-918
-946
-177
793
1224
1435
2058
2701
2508
1720
1466
2086
2849
3443
4417
5705
6098
5017
3731
3702
4574
5022
4961
5374
6268
6468
5620
4859
4905
4896
3944
2681
2180
2215
1839
1097
803
909
426
-962
-2404
-3230
-3734
-4265
-4577
-4614
-4995
-6015
-6879
-6758
-6085
-5972
-6706
-7627
-8201
-8383
-8086
-7187
-6102
-5549
-5610
-5674
-5427
-5207
-5170
-4882
-4054
-3083
-2415
-1926
-1352
-849
-587
-271
404
1162
1626
2016
2715
3418
3434
2738
2031
1817
2047
2597
3330
3715
3215
2213
1741
2041
2236
1767
1239
1288
1502
1258
856
858
921
375
-453
-714
-556
-880
-1615
-1653
-759
-111
-433
-892
-673
-350
-643
-939
-421
195
-265
-1189
-822
885
1945
1264
161
166
887
1193
1251
1861
2646
2548
1764
1547
2099
2199
1228
234
326
1109
1517
1376
1240
1244
1073
767
684
733
425
-218
-457
251
1541
2564
2837
2547
2213
2171
2270
2108
1644
1424
1969
3111
4215
4870
5028
4687
3972
3409
3480
3859
3787
3317
3419
4489
5559
5586
4831
4155
3508
2215
517
-396
-91
442
233
-423
-795
-998
-1613
-2518
-3046
-3152
-3517
-4430
-5300
-5512
-5175
-4761
-4485
-4411
-4708
-5378
-5964
-5988
-5547
-5123
-4944
-4882
-4859
-4925
-4892
-4369
-3374
-2575
-2584
-3200
-3638
-3434
-2797
-2142
-1610
-1141
-723
-316
209
767
872
136
-1060
-1806
-1698
-1244
-1065
-1100
-976
-811
-1021
-1485
-1592
-1212
-968
-1255
-1600
-1449
-1098
-1195
-1645
-1764
-1436
-1330
-1845
-2529
-2861
-2962
-3076
-2846
-1803
-338
462
20
-1119
-1957
-1946
-1175
-59
903
1343
1287
1173
1421
1976
2391
2396
2314
2775
3896
4900
4857
3806
2728
2262
2023
1588
1537
2636
4337
5192
4814
4279
4231
3843
2502
1423
2204
4348
5730
5403
4450
3873
3164
1695
209
-181
361
892
1295
2165
3394
4085
3901
3434
3021
2248
1027
240
633
1687
2322
2274
2113
2140
2008
1404
563
-82
-419
-658
-952
-1116
-787
-1
489
-80
-1401
-2231
-1910
-1166
-984
-1281
-1385
-1289
-1413
-1484
-870
-45
-371
-2047
-3531
-3646
-3111
-3030
-2972
-1956
-575
-433
-1621
-2443
-1930
-1076
-954
-1023
-319
733
988
416
-61
-274
-981
-2253
-2913
-2097
-509
469
338
-411
-1286
-2174
-2920
-3198
-2962
-2635
-2604
-2721
-2523
-1912
-1413
-1586
-2309
-2918
-3113
-3339
-4010
-4721
-4726
-3989
-3156
-2589
-2134
-1859
-2180
-2931
-3182
-2487
-1602
-1243
-894
256
1752
2450
2328
2371
2715
2398
1335
991
2227
3738
3883
3118
3143
4184
4738
3960
2755
2203
2262
2591
3421
4739
5538
4921
3409
2200
1584
1069
783
1493
3102
4224
3777
2309
1166
873
958
1024
1245
1726
2056
1846
1412
1440
1992
2325
1930
1396
1666
2610
3067
2492
1740
1693
1893
1417
526
261
617
532
-179
-367
390
754
-288
-1520
-1234
33
304
-720
-1354
-895
-815
-2182
-3690
-3577
-2249
-1456
-1687
-2077
-2368
-3186
-4350
-4585
-3445
-2138
-1780
-1946
-1768
-1495
-1886
-2681
-2878
-2324
-1925
-2166
-2329
-1569
-170
750
494
-611
-1702
-2172
-1953
-1252
-254
780
1324
943
-42
-681
-496
-117
-410
-1300
-1973
-2003
-1639
-1132
-534
-187
-635
-1800
-2885
-3379
-3522
-3506
-2996
-1969
-1328
-1895
-3235
-4236
-4477
-4211
-3384
-1771
29
797
183
-881
-1463
-1524
-1303
-789
-203
-104
-370
57
1652
3294
3688
3147
2877
3050
2917
2552
2969
4297
5257
4954
4027
3415
3036
2485
2119
2439
3070
3320
3243
3197
2880
1905
965
1146
2191
2727
2276
1736
1605
1155
-3
-872
-600
37
-81
-426
385
2182
3137
2175
211
-1262
-1693
-1194
66
1475
1921
1038
-46
-40
863
1514
1574
1691
2064
2021
1323
868
1420
2333
2373
1468
765
939
1267
748
-455
-1288
-1255
-932
-937
-1066
-830
-434
-533
-1210
-1841
-2088
-2298
-2675
-2752
-2251
-1832
-2217
-2942
-2960
-2302
-2062
-2648
-3187
-3073
-2936
-3294
-3292
-1963
-132
361
-818
-2056
-2066
-1359
-1017
-1099
-1060
-909
-1033
-1329
-1375
-1204
-1195
-1370
-1479
-1622
-2048
-2433
-2105
-1116
-339
-332
-710
-946
-1158
-1728
-2582
-3292
-3527
-3086
-1904
-460
253
-237
-1143
-1286
-565
26
-184
-783
-1009
-695
-197
224
638
1256
2146
3013
3269
2644
1704
1354
1750
2186
2184
2114
2421
2846
2970
3051
3528
3969
3389
1744
329
361
1655
3020
3608
3494
3167
2858
2402
1608
751
500
1120
1887
1848
1124
820
1398
1948
1554
637
185
219
115
72
912
2342
2809
1708
524
823
1979
2201
1247
667
1356
2333
2419
1900
1678
1691
1310
791
1077
2178
2878
2453
1706
1670
1995
1534
190
-844
-770
-178
46
19
362
879
685
-445
-1740
-2567
-3062
-3323
-2889
-1725
-983
-1734
-3316
-4084
-3677
-3312
-3625
-3636
-2543
-1287
-1165
-1809
-1969
-1716
-2231
-3506
-4041
-3184
-2175
-2053
-2009
-986
271
284
-847
-1796
-2186
-2698
-3177
-2612
-1302
-1098
-2596
-3815
-3033
-1463
-1408
-2798
-3602
-3132
-2687
-2832
-2343
-649
678
224
-1029
-1354
-1017
-1525
-2763
-2994
-1729
-622
-935
-1730
-1538
-529
153
349
835
1718
2181
1812
1196
1014
1278
1676
2034
2211
2080
1787
1706
2007
2593
3365
4036
3875
2443
681
272
1595
3159
3561
3061
2527
1874
721
-252
-112
570
450
-257
-5
1250
1535
91
-949
275
2196
2076
291
-358
775
1319
117
-692
627
2250
1740
238
692
2881
3567
1729
291
1454
3246
2823
1014
810
2549
3643
2920
2242
3075
3996
3182
1469
937
1564
1526
412
-84
995
2232
2014
877
377
583
251
-887
-1627
-1299
-825
-1104
-1484
-925
89
101
-1086
-2140
-2286
-2321
-2953
-3412
-2818
-1968
-2222
-3143
-3022
-1769
-1377
-2803
-4212
-3677
-2184
-2103
-3559
-4520
-4171
-3818
-4062
-3522
-1568
-213
-1353
-3579
-3997
-2456
-1506
-2319
-3158
-2507
-1395
-1324
-1713
-1152
-34
12
-1208
-2170
-1940
-1177
-622
-18
921
1612
1389
475
-425
-925
-947
-518
-2
71
-133
287
1588
2662
2440
1419
913
1246
1700
1912
2180
2455
2188
1440
1044
1298
1447
983
584
1061
2064
2617
2417
1895
1402
1074
1138
1581
1796
1313
612
433
559
195
-625
-1055
-819
-472
-149
700
1967
2496
1692
405
-500
-1306
-2187
-2026
-29
2328
2822
1575
724
1122
1405
739
403
1617
3515
4667
5168
5698
5713
4405
2702
2245
2744
2414
1083
694
2181
3845
3921
3040
2754
2951
2453
1334
793
1072
1205
820
570
585
51
-1169
-1967
-1764
-1562
-2239
-3011
-2793
-2120
-2194
-2668
-2126
-601
160
-777
-2315
-3212
-3717
-4430
-4801
-4011
-2626
-2048
-2677
-3730
-4609
-5365
-5870
-5663
-4838
-4166
-3993
-3793
-3208
-2824
-3298
-4166
-4274
-3309
-2254
-2106
-2540
-2341
-1087
138
79
-1035
-1830
-1681
-1359
-1512
-1511
-569
730
1196
861
774
1091
867
85
282
2178
3976
3512
1359
85
696
1597
1401
935
1441
2289
2047
987
740
1685
2410
2025
1399
1467
1680
1181
422
408
1002
1199
676
-74
-812
-1589
-1893
-1009
677
1869
2020
1752
1491
890
-16
-341
231
621
-108
-1208
-1303
-413
214
-36
-538
-662
-582
-612
-547
-36
860
1766
2373
2554
2421
2339
2535
2658
2159
1211
736
1279
2290
2930
3118
3282
3447
3321
3089
3279
3762
3759
3154
2879
3453
4000
3577
2723
2533
2668
1761
-252
-1692
-1460
-471
-96
-349
-518
-671
-1351
-2332
-2835
-2765
-2737
-2977
-3070
-2833
-2681
-2964
-3549
-4161
-4711
-5138
-5356
-5361
-5184
-4779
-4249
-3984
-4151
-4271
-3813
-3067
-2847
-3339
-3811
-3584
-2760
-1874
-1312
-1256
-1753
-2500
-2887
-2587
-1911
-1352
-1002
-660
-301
-68
86
346
685
925
1125
1468
1733
1475
900
891
1717
2380
1989
1183
1194
1938
2264
1925
1820
2138
1937
1083
946
2144
3172
2675
1707
1974
2921
2700
1378
809
1499
1989
1679
1851
3015
3470
1944
-158
-853
-530
-801
-1459
-865
952
1945
1173
176
358
763
-71
-1325
-936
1091
2411
1661
296
241
1145
1339
580
210
850
1604
1767
1872
2434
2834
2340
1412
1049
1392
1827
2073
2302
2381
1916
1029
425
530
1045
1502
1826
2192
2593
2788
2580
2036
1394
818
361
169
443
1011
1229
695
-183
-754
-986
-1198
-1268
-891
-479
-822
-1799
-2383
-2123
-1699
-1679
-1740
-1586
-1687
-2432
-3317
-3766
-4078
-4768
-5466
-5386
-4555
-3756
-3445
-3461
-3666
-4109
-4557
-4571
-4144
-3740
-3507
-3004
-1963
-918
-672
-1343
-2257
-2735
-2642
-2171
-1475
-688
-41
364
681
924
732
13
-462
158
1462
2137
1771
1309
1380
1295
436
-398
-151
792
1265
1205
1496
2163
2191
1293
521
674
1170
1148
837
1031
1736
2160
1878
1298
929
732
439
166
340
1064
1934
2562
2931
3015
2498
1357
346
193
561
568
233
390
1140
1521
1114
797
1229
1666
1181
259
28
536
926
998
1350
2047
2233
1381
73
-780
-923
-641
-136
579
1394
2024
2241
2052
1642
1154
580
-38
-391
-110
760
1710
2237
2179
1615
748
-47
-388
-284
-130
-173
-192
117
593
656
-63
-1250
-2136
-2270
-1954
-1742
-1679
-1447
-1118
-1153
-1574
-1889
-2006
-2408
-3052
-3056
-2155
-1495
-2049
-3070
-3259
-2773
-2691
-3012
-2725
-1759
-1287
-1852
-2576
-2665
-2469
-2497
-2453
-1972
-1493
-1612
-2074
-2125
-1560
-884
-602
-753
-1034
-1125
-947
-702
-563
-411
-74
297
429
394
470
582
379
-99
-327
-34
414
604
707
1149
1874
2285
1943
1046
140
-442
-670
-494
199
1271
2246
2726
2653
2063
982
-212
-789
-471
194
682
1214
2041
2569
2117
1134
633
698
653
525
1048
2168
2855
2700
2470
2664
2674
1982
1123
800
883
951
1023
1130
918
343
43
360
737
718
759
1249
1537
910
-41
-205
326
523
215
334
1221
1903
1549
670
164
-68
-645
-1320
-1119
95
1196
1262
719
476
546
300
-287
-538
-192
234
305
176
50
-156
-350
-219
65
-171
-1006
-1580
-1361
-982
-1165
-1570
-1527
-1273
-1436
-1793
-1609
-973
-782
-1399
-2225
-2640
-2601
-2287
-1795
-1290
-921
-588
-243
-218
-733
-1344
-1491
-1340
-1353
-1320
-713
163
384
-193
-715
-705
-709
-1173
-1556
-1168
-306
114
-213
-688
-663
-158
316
387
135
-125
-252
-346
-483
-552
-440
-196
88
348
473
373
190
190
372
448
272
4
-184
-207
81
717
1262
1107
258
-628
-1051
-1028
-644
137
1053
1586
1597
1427
1257
969
699
825
1267
1489
1393
1440
1722
1724
1302
1030
1213
1315
882
327
280
705
1171
1508
1723
1692
1357
953
737
741
900
1141
1224
927
423
114
70
46
-18
11
54
-82
-260
-187
9
-31
-226
-166
132
218
-18
-172
-33
89
-100
-451
-650
-607
-481
-467
-592
-635
-381
16
196
134
133
187
-104
-756
-1145
-854
-263
53
35
-101
-299
-503
-538
-489
-739
-1287
-1571
-1292
-874
-765
-811
-715
-587
-638
-753
-764
-765
-828
-769
-484
-168
-17
0
-80
-268
-406
-310
-163
-294
-571
-549
-225
-68
-239
-398
-357
-316
-354
-282
-150
-294
-689
-831
-520
-214
-323
-612
-645
-446
-377
-574
-841
-963
-906
-734
-525
-369
-367
-534
-737
-787
-650
-480
-371
-223
4
111
-17
-141
-43
65
-49
-94
338
965
1122
805
649
849
893
533
235
325
422
200
60
461
1074
1203
778
328
180
223
366
704
1176
1457
1333
961
654
559
630
764
895
1011
1118
1199
1186
1030
778
554
439
419
448
490
504
455
374
345
374
373
313
287
349
406
396
401
419
232
-253
-694
-702
-418
-295
-384
-298
56
241
-49
-495
-625
-421
-192
-65
85
296
411
277
-56
-363
-420
-221
12
96
111
215
337
272
22
-164
-137
-37
-53
-153
-184
-116
-83
-155
-206
-110
60
141
175
321
490
390
23
-242
-254
-306
-505
-451
25
358
46
-485
-572
-429
-727
-1352
-1544
-1137
-706
-536
-368
-208
-437
-951
-1112
-790
-602
-838
-952
-542
-66
-102
-489
-737
-790
-859
-849
-511
3
234
39
-222
-182
82
209
67
-83
42
351
537
510
419
319
143
-17
48
279
378
263
164
190
165
15
-69
14
88
24
-41
49
248
406
405
176
-194
-408
-282
7
208
362
574
672
486
259
304
459
379
164
165
318
280
93
117
351
451
406
542
828
794
336
-16
158
595
827
819
823
880
832
669
574
627
692
654
570
559
642
772
954
1162
1225
975
548
290
338
506
648
817
986
925
588
300
286
327
149
-119
-201
-132
-125
-173
-142
-88
-143
-245
-279
-324
-486
-642
-629
-558
-624
-770
-816
-780
-809
-883
-865
-783
-795
-913
-994
-975
-953
-1009
-1099
-1154
-1154
-1098
-971
-791
-657
-665
-767
-801
-730
-734
-947
-1183
-1137
-796
-428
-188
-23
67
-7
-171
-194
-42
87
110
174
319
404
394
425
494
444
318
368
612
763
692
606
627
578
354
151
127
152
87
22
67
111
20
-141
-231
-248
-278
-330
-324
-211
-54
-11
-174
-409
-464
-281
-48
101
225
353
350
155
-87
-246
-351
-403
-309
-105
6
-28
-29
71
114
59
108
339
530
531
512
650
840
923
911
851
718
575
592
756
817
663
471
402
411
448
593
846
1033
1042
954
883
846
828
808
744
672
754
1025
1223
1087
729
454
311
137
-84
-198
-180
-163
-169
-119
-40
-59
-167
-239
-226
-180
-134
-121
-220
-427
-588
-617
-649
-790
-909
-871
-821
-957
-1184
-1245
-1118
-989
-906
-741
-503
-396
-499
-617
-568
-453
-492
-657
-679
-426
-106
7
-45
-34
34
-80
-399
-588
-444
-195
-109
-60
179
449
442
237
205
413
558
505
453
510
495
305
127
112
143
94
64
158
241
161
17
25
192
341
382
376
372
319
165
-47
-202
-209
-90
21
26
-28
-46
-51
-160
-376
-558
-603
-549
-457
-348
-274
-302
-389
-414
-373
-399
-536
-647
-642
-608
-631
-646
-597
-582
-674
-738
-605
-346
-190
-195
-190
-40
179
300
260
149
113
233
465
668
737
667
535
431
408
443
458
413
371
430
586
742
824
834
817
814
856
945
1030
1064
1046
990
890
753
599
428
237
80
26
40
49
76
178
243
66
-312
-584
-585
-478
-438
-391
-251
-144
-188
-253
-200
-155
-313
-578
-689
-596
-499
-534
-629
-660
-604
-535
-533
-591
-591
-432
-200
-87
-138
-215
-219
-190
-141
-25
115
138
43
-7
55
88
-9
-139
-183
-166
-152
-137
-135
-199
-288
-260
-101
24
15
-14
73
217
273
215
123
48
-21
-92
-158
-197
-167
-58
30
-37
-250
-442
-470
-362
-232
-153
-145
-219
-350
-437
-398
-291
-262
-362
-488
-546
-578
-668
-793
-870
-917
-1008
-1105
-1071
-906
-797
-819
-805
-620
-412
-391
-479
-417
-172
12
-17
-105
-47
136
270
281
246
230
220
205
233
345
498
624
720
842
991
1091
1094
1059
1063
1098
1116
1111
1107
1053
872
599
421
474
669
764
623
360
183
180
258
309
320
337
378
440
508
530
444
255
31
-172
-314
-320
-153
41
48
-113
-208
-124
-23
-40
-68
35
201
288
290
278
272
298
394
480
397
176
52
91
68
-139
-312
-251
-111
-125
-237
-262
-212
-195
-159
-4
181
231
164
135
178
206
164
65
-78
-215
-260
-227
-254
-418
-624
-748
-769
-720
-625
-538
-526
-573
-590
-545
-494
-461
-436
-458
-566
-693
-753
-772
-800
-792
-725
-721
-886
-1085
-1119
-1035
-1025
-1098
-1092
-977
-879
-828
-725
-560
-452
-428
-382
-256
-131
-57
13
118
202
206
168
181
272
358
337
245
244
409
611
698
711
777
873
897
891
994
1191
1333
1364
1338
1238
1040
870
876
971
952
843
820
871
811
637
542
562
537
443
441
544
572
499
524
691
773
645
486
453
449
367
289
300
310
246
212
273
292
179
107
270
534
608
469
384
507
697
770
759
796
875
862
718
560
499
492
439
328
221
148
95
73
89
99
51
-26
-49
-8
44
72
68
-20
-213
-404
-461
-417
-427
-532
-619
-640
-686
-809
-928
-986
-1057
-1188
-1262
-1151
-941
-839
-905
-998
-1001
-970
-1014
-1114
-1159
-1130
-1136
-1242
-1367
-1414
-1400
-1386
-1347
-1232
-1119
-1136
-1256
-1317
-1250
-1163
-1145
-1136
-1052
-914
-791
-702
-663
-706
-804
-828
-702
-512
-408
-415
-442
-407
-314
-195
-71
44
142
249
392
564
718
830
909
964
973
939
921
984
1098
1145
1052
865
676
542
484
526
660
817
934
994
996
933
856
858
942
1005
989
974
1033
1087
1027
882
767
723
704
656
546
368
192
128
174
219
243
354
564
697
646
540
530
571
584
641
793
881
740
498
398
419
342
119
-63
-100
-96
-156
-224
-234
-223
-242
-251
-195
-96
-23
11
55
133
194
158
-2
-226
-426
-553
-617
-657
-732
-844
-899
-788
-568
-460
-578
-781
-870
-837
-789
-758
-706
-670
-716
-781
-747
-632
-574
-624
-677
-654
-621
-683
-840
-994
-1073
-1092
-1103
-1086
-969
-778
-672
-742
-845
-795
-657
-638
-732
-732
-597
-529
-644
-791
-833
-841
-869
-789
-531
-285
-251
-331
-283
-77
87
93
42
71
184
288
307
259
214
215
238
257
310
407
480
484
515
657
812
832
775
841
1042
1171
1129
1065
1128
1245
1267
1179
1076
1017
993
974
922
816
713
711
807
883
854
767
726
771
866
952
981
959
962
1042
1144
1149
1058
998
1038
1071
956
730
581
615
740
800
740
613
458
279
105
7
10
57
88
110
139
137
70
-21
-69
-94
-166
-280
-357
-368
-394
-503
-651
-755
-805
-843
-886
-925
-972
-1055
-1145
-1181
-1159
-1134
-1125
-1080
-972
-846
-764
-715
-668
-630
-614
-595
-562
-568
-659
-769
-798
-771
-805
-931
-1039
-1035
-954
-870
-789
-681
-576
-557
-651
-760
-749
-605
-455
-412
-440
-434
-396
-412
-474
-465
-361
-286
-309
-357
-374
-419
-491
-457
-299
-207
-286
-334
-151
117
201
121
105
196
228
163
147
230
294
271
239
242
245
266
379
543
628
630
694
871
1030
1060
1019
1008
1023
1005
937
856
806
808
824
789
696
634
679
803
930
1033
1103
1117
1100
1129
1213
1258
1220
1196
1257
1314
1270
1180
1135
1080
898
642
480
470
505
475
373
249
176
213
342
457
476
437
410
393
362
368
435
454
292
11
-171
-160
-108
-209
-457
-667
-715
-660
-636
-660
-651
-590
-585
-700
-833
-850
-764
-684
-618
-501
-375
-395
-591
-791
-841
-789
-757
-783
-835
-901
-949
-917
-835
-842
-980
-1090
-1019
-832
-685
-599
-510
-466
-549
-659
-601
-407
-348
-552
-802
-842
-728
-725
-920
-1113
-1100
-922
-778
-762
-776
-693
-542
-452
-463
-488
-456
-395
-341
-269
-197
-221
-347
-410
-289
-112
-86
-195
-263
-246
-257
-293
-232
-68
33
4
-9
106
260
339
366
389
367
291
270
365
463
452
414
475
594
627
565
522
564
652
736
795
795
730
667
677
725
739
702
653
594
513
455
480
555
595
585
577
596
605
582
548
527
536
578
630
638
597
594
699
852
920
866
773
713
663
572
439
303
194
120
68
10
-46
-40
64
193
231
148
31
-40
-73
-124
-213
-316
-397
-427
-415
-416
-467
-515
-469
-341
-261
-319
-453
-540
-539
-510
-502
-518
-563
-652
-739
-722
-574
-414
-386
-463
-486
-406
-377
-524
-723
-759
-630
-553
-634
-742
-747
-695
-666
-605
-456
-320
-322
-407
-436
-411
-439
-518
-548
-515
-508
-536
-513
-415
-336
-330
-320
-220
-68
32
22
-64
-137
-127
-55
-8
-30
-71
-90
-117
-156
-129
-1
116
103
24
33
146
243
250
207
180
197
266
378
504
657
884
1134
1241
1149
1030
1044
1100
1009
799
656
618
544
393
303
372
513
615
686
773
853
886
900
952
1058
1200
1332
1367
1266
1126
1101
1200
1259
1169
1006
886
791
646
461
303
186
97
91
217
381
421
320
215
196
204
180
171
218
248
177
57
5
33
35
-58
-209
-344
-434
-502
-580
-691
-815
-907
-937
-915
-865
-827
-832
-864
-838
-710
-587
-615
-770
-863
-807
-746
-823
-967
-1006
-921
-838
-831
-845
-820
-776
-759
-777
-799
-793
-752
-710
-712
-766
-829
-865
-875
-861
-812
-731
-665
-671
-760
-858
-862
-762
-686
-745
-865
-863
-717
-586
-558
-520
-381
-245
-237
-295
-282
-217
-222
-311
-366
-318
-211
-119
-87
-97
-63
98
316
416
359
306
376
464
453
409
445
509
487
393
336
356
435
556
649
588
378
222
257
376
415
406
464
566
617
663
802
973
1032
1003
1047
1191
1265
1163
993
919
954
997
992
974
971
935
805
626
535
603
734
795
781
803
907
1021
1060
1007
899
775
681
627
554
395
178
18
-27
-40
-131
-304
-443
-450
-359
-299
-342
-433
-482
-479
-479
-489
-465
-401
-352
-363
-427
-511
-583
-612
-608
-644
-771
-913
-939
-826
-678
-580
-521
-462
-406
-382
-378
-364
-338
-343
-419
-534
-585
-532
-467
-513
-637
-674
-535
-321
-179
-159
-235
-367
-479
-498
-437
-392
-398
-379
-281
-164
-114
-136
-181
-215
-225
-234
-279
-357
-391
-336
-295
-382
-529
-546
-383
-191
-106
-105
-85
16
196
399
524
504
381
247
148
96
127
228
279
195
70
63
164
215
146
66
103
249
400
480
496
499
525
556
555
524
494
477
477
517
578
573
452
296
199
123
2
-80
4
179
257
236
298
498
667
687
644
648
678
688
694
680
587
441
369
397
394
267
106
42
69
96
77
30
-6
-3
24
10
-73
-132
-45
148
254
171
15
-42
13
44
-40
-190
-312
-388
-455
-527
-581
-629
-705
-786
-806
-777
-776
-799
-727
-538
-409
-480
-639
-689
-641
-653
-756
-821
-792
-764
-810
-878
-884
-815
-704
-604
-572
-603
-617
-556
-456
-374
-294
-199
-142
-160
-198
-213
-262
-394
-521
-541
-502
-537
-665
-770
-754
-610
-393
-178
-46
-20
-32
-10
45
84
91
78
51
-17
-146
-291
-329
-184
33
107
11
-31
148
404
493
404
305
250
169
90
151
353
520
533
484
493
536
528
474
466
532
580
508
337
206
188
205
161
100
130
229
295
348
468
590
542
343
207
219
231
156
135
274
432
450
404
458
584
622
539
448
419
412
392
383
401
410
377
319
304
370
474
525
489
432
422
449
462
451
411
329
236
231
342
437
365
153
-25
-41
74
179
146
-27
-212
-275
-217
-153
-152
-205
-286
-372
-412
-401
-432
-541
-582
-429
-235
-248
-402
-396
-166
5
-54
-146
-65
78
82
-8
6
157
293
313
239
133
62
90
203
272
205
90
82
190
250
152
-12
-65
28
119
89
-4
-42
-29
-54
-125
-157
-145
-164
-217
-226
-192
-238
-399
-528
-496
-362
-264
-236
-217
-161
-69
46
167
285
402
495
496
392
298
316
368
300
122
-10
-32
-37
-83
-91
-1
117
173
170
155
150
171
231
310
359
370
399
469
518
476
342
195
118
121
143
119
48
-15
-30
-22
-38
-102
-197
-265
-243
-138
-36
-18
-72
-127
-150
-155
-165
-183
-199
-173
-75
46
84
7
-97
-151
-176
-221
-271
-281
-243
-172
-99
-79
-150
-251
-278
-237
-240
-318
-373
-348
-320
-347
-355
-273
-173
-162
-227
-269
-257
-242
-267
-312
-335
-317
-279
-260
-268
-258
-197
-138
-165
-272
-370
-396
-386
-411
-462
-450
-326
-166
-109
-182
-257
-221
-125
-87
-122
-165
-204
-255
-277
-240
-208
-234
-230
-112
3
-51
-211
-265
-175
-104
-118
-113
-45
-10
-36
-16
89
160
115
31
-4
-17
-44
-60
-48
-55
-101
-122
-79
-27
-49
-143
-216
-160
34
241
313
242
162
172
234
276
296
326
348
325
264
205
190
217
223
134
-2
-43
48
117
69
47
199
393
391
208
56
5
-23
-33
42
123
67
-56
-39
111
161
32
-90
-62
19
19
-23
-16
25
38
20
14
42
103
166
192
187
207
278
351
362
289
138
-48
-152
-79
84
149
97
85
159
168
40
-77
-53
19
6
-58
-69
-51
-77
-134
-162
-152
-121
-68
-20
-46
-140
-206
-203
-208
-284
-350
-289
-104
81
149
80
-36
-85
-38
27
48
57
121
240
345
373
297
173
128
215
296
207
32
11
143
146
-80
-257
-149
68
115
46
99
256
289
152
33
33
74
105
153
176
79
-72
-89
62
187
137
0
-67
-26
58
133
186
208
230
290
346
307
179
106
168
248
186
36
-7
83
117
-10
-133
-71
75
86
-28
-55
61
144
103
68
127
155
66
-6
40
48
-147
-400
-457
-355
-311
-326
-216
-10
51
-84
-169
-65
51
10
-77
-46
54
90
78
110
174
219
272
354
381
295
193
163
133
32
-32
57
179
128
-61
-141
-27
102
97
49
105
235
308
295
264
240
185
105
55
34
-13
-92
-122
-74
-47
-113
-195
-192
-154
-195
-269
-232
-102
-39
-73
-49
83
158
72
-43
-74
-132
-339
-573
-636
-535
-421
-345
-277
-256
-321
-383
-345
-278
-287
-313
-230
-100
-107
-277
-445
-478
-385
-238
-94
-13
-15
-25
34
118
105
-31
-181
-232
-174
-80
-15
19
71
139
165
122
79
80
56
-58
-160
-112
24
53
-69
-169
-125
-26
-14
-83
-108
-17
132
217
186
104
60
37
-47
-183
-254
-221
-176
-195
-251
-330
-471
-628
-635
-445
-227
-143
-132
-71
18
43
13
0
11
9
-3
-4
-11
-28
-18
16
-4
-109
-197
-147
18
164
197
130
41
-12
-18
19
88
163
199
196
236
362
458
378
171
61
133
238
237
187
184
176
93
22
72
172
155
34
-4
128
280
278
163
128
236
320
220
17
-76
-17
25
-48
-140
-163
-177
-236
-243
-140
-63
-149
-284
-255
-62
91
106
72
69
53
-19
-73
-49
-6
-45
-126
-98
54
131
-11
-214
-218
-73
-99
-370
-538
-329
40
182
90
56
164
219
114
-11
-24
9
-55
-248
-473
-592
-511
-276
-69
-36
-157
-309
-383
-326
-140
77
196
194
136
52
-61
-135
-94
22
106
145
173
123
-63
-243
-232
-86
-21
-66
-42
113
266
326
341
353
330
285
271
294
339
427
526
525
401
279
224
146
32
39
212
339
277
169
143
83
-92
-176
1
258
342
307
346
440
448
387
366
387
401
432
490
482
362
220
142
95
46
30
65
122
216
348
404
304
177
214
388
522
578
606
551
357
179
205
346
346
160
-47
-152
-136
-14
102
46
-139
-183
-24
70
-28
-53
143
232
-40
-341
-254
54
132
-30
-95
-28
-112
-393
-595
-576
-490
-456
-412
-312
-227
-195
-165
-135
-166
-260
-325
-284
-166
-75
-75
-108
-88
-50
-120
-281
-357
-290
-247
-308
-319
-213
-204
-410
-566
-430
-200
-181
-277
-199
-4
25
-112
-162
-69
-22
-81
-125
-114
-135
-191
-234
-303
-417
-414
-177
97
118
-84
-231
-210
-155
-138
-72
61
127
41
-98
-166
-176
-227
-333
-390
-307
-125
20
45
-19
-125
-253
-330
-244
-18
166
175
87
28
6
-4
44
171
273
264
185
99
0
-87
-67
58
137
82
-3
-2
38
32
20
76
186
303
414
474
412
263
179
236
329
340
284
229
189
151
116
72
3
-77
-115
-95
-46
-7
13
16
27
57
63
-15
-150
-253
-295
-314
-297
-213
-131
-168
-292
-336
-226
-82
-29
-57
-92
-75
3
76
34
-118
-233
-233
-235
-320
-354
-240
-146
-237
-356
-271
-74
-33
-154
-241
-253
-266
-202
48
307
325
217
295
507
491
186
-44
8
91
-54
-298
-363
-250
-156
-157
-170
-164
-178
-188
-97
72
145
28
-125
-125
-10
35
23
137
360
423
231
57
95
140
-17
-180
-90
89
39
-142
-118
88
171
128
261
582
736
599
477
551
601
459
332
395
432
203
-122
-208
-58
43
-12
-58
1
53
22
32
195
394
430
304
207
246
346
424
521
665
742
645
456
351
346
302
153
-13
-103
-125
-104
-21
119
246
293
272
250
278
357
428
418
337
269
274
319
342
310
233
137
86
125
188
138
-42
-185
-129
76
232
220
98
-23
-111
-197
-295
-352
-345
-329
-361
-406
-399
-373
-418
-511
-520
-406
-318
-370
-460
-404
-207
-39
5
31
154
292
237
-34
-250
-192
-39
-124
-403
-462
-171
63
-86
-336
-267
-1
37
-158
-209
-12
149
162
222
369
346
82
-115
-34
109
31
-230
-472
-615
-647
-512
-251
-94
-192
-391
-439
-334
-268
-307
-297
-118
108
200
199
269
352
181
-250
-516
-339
-86
-280
-773
-926
-584
-281
-363
-472
-233
100
78
-193
-235
64
316
239
7
-17
251
526
464
84
-220
-177
-10
-102
-399
-502
-299
-108
-129
-173
-52
93
83
10
61
211
320
336
305
282
299
332
275
80
-94
-89
-12
-90
-280
-318
-137
40
74
78
181
319
406
468
538
563
509
447
462
560
667
689
558
329
156
106
76
-36
-163
-176
-72
75
228
359
406
360
326
376
438
435
406
399
349
202
38
-37
-41
-65
-127
-201
-286
-373
-416
-408
-407
-432
-424
-368
-336
-352
-345
-286
-254
-282
-270
-158
-73
-166
-398
-602
-703
-749
-791
-818
-819
-808
-774
-692
-562
-422
-311
-249
-251
-302
-341
-294
-165
-42
7
-7
-39
-104
-234
-379
-415
-287
-106
-25
-64
-105
-61
25
65
56
68
141
236
309
358
397
416
417
440
506
561
534
448
392
395
411
430
486
553
537
448
438
574
702
654
499
456
612
833
957
954
888
813
716
574
435
400
467
472
302
114
158
406
570
517
422
455
522
464
322
246
266
302
285
193
19
-155
-191
-75
21
-35
-157
-167
-34
116
160
80
-42
-105
-72
5
72
141
223
263
210
105
13
-59
-101
-69
-6
-62
-262
-395
-300
-129
-126
-271
-354
-313
-257
-236
-212
-208
-280
-359
-329
-218
-159
-198
-270
-323
-344
-313
-271
-325
-499
-653
-672
-619
-602
-610
-593
-583
-601
-575
-472
-398
-426
-472
-444
-415
-486
-605
-650
-617
-595
-644
-740
-801
-744
-589
-507
-605
-718
-620
-393
-328
-464
-531
-410
-312
-384
-422
-231
20
45
-124
-217
-142
-76
-144
-235
-196
-76
-52
-166
-236
-82
215
415
421
371
381
394
357
369
504
637
619
516
486
535
543
492
457
430
337
226
225
334
407
366
314
372
514
597
533
