SAMPLES:	10912
BITSPERSAMPLE:	16
CHANNELS:	1
SAMPLERATE:	16000
NORMALIZED:	FALSE
1
4
-4
-5
1
7
11
-1
-5
-5
-8
-2
-3
-9
-5
2
-5
3
0
-10
-4
-9
3
-5
-6
-4
-14
1
-11
5
1
1
-1
-5
1
-5
-6
-1
1
2
-7
-1
6
-8
0
9
2
3
5
5
3
-2
-4
2
2
5
0
5
5
-2
-3
-7
4
6
2
-7
6
8
6
0
-4
-9
-2
-9
-10
-8
-3
7
1
1
1
5
-3
-3
-3
-5
-3
2
0
5
-6
-7
0
0
3
5
5
8
0
1
6
12
15
-1
3
-6
7
3
4
7
0
24
17
11
3
5
1
9
4
8
12
4
4
-1
-5
7
4
4
9
6
-3
-4
-13
-2
1
-5
-1
2
-8
-10
-5
-1
-12
-9
-7
-12
-11
-2
-9
-12
-12
-10
-7
-2
-14
-10
-10
-5
-4
-6
-14
-9
-12
-9
1
-8
-4
-8
-8
7
2
-1
-7
-4
0
-6
7
3
-11
5
-13
7
4
8
3
8
3
-1
8
0
1
8
-1
2
0
4
5
4
4
12
0
5
5
8
5
-2
2
9
13
4
7
0
2
3
2
13
1
1
7
17
13
8
11
3
8
9
1
11
-8
8
6
6
16
8
10
10
11
4
12
10
1
0
8
-4
-5
2
8
2
-4
5
2
10
-7
-5
-2
0
-14
-10
-11
-3
-8
-9
-9
-5
-9
-12
-11
-17
-8
-9
-10
-14
-9
-6
-14
-6
-8
-14
-12
-17
-15
-11
-4
1
0
-1
-12
-11
-1
9
-2
-2
2
4
2
3
-5
11
7
4
2
13
12
0
4
0
19
13
28
6
18
2
3
2
11
0
10
7
2
6
8
15
-5
14
6
6
2
0
-3
0
0
-6
-1
-7
3
-4
0
-5
10
-8
2
-13
1
0
-3
-8
2
-5
4
3
-6
12
-9
-1
-3
10
0
2
-11
4
1
10
4
14
1
7
4
2
6
3
5
14
-4
-3
7
8
1
5
4
13
3
-5
3
-8
-5
9
-12
6
-7
11
0
-2
-14
4
-14
-1
-8
9
-9
-8
-14
0
-10
-7
-7
2
-6
-3
-10
-8
7
-7
-6
-6
6
0
-12
-5
4
-1
0
8
-5
7
-10
9
5
13
-4
3
6
14
12
15
2
6
-11
10
8
-6
15
6
25
18
10
14
13
-7
24
-2
16
16
-11
0
-3
15
4
11
11
18
-13
23
-4
22
-3
-1
-1
-5
11
5
-16
10
-12
4
-5
1
0
-9
11
-6
2
-1
-6
2
-12
-9
-16
3
-6
-6
-6
-9
-12
8
-3
7
-16
2
-5
2
-9
4
-9
3
-8
2
-2
-2
11
-10
5
0
20
-9
15
-2
11
1
5
7
13
16
4
14
15
-2
-1
0
14
22
12
20
7
15
9
11
18
13
3
6
2
16
4
5
28
1
15
6
17
8
1
10
2
-10
13
14
11
1
-3
0
7
-3
12
-3
6
9
-4
4
10
-11
-5
-19
-9
5
3
15
-13
1
-3
-13
8
-9
7
-18
-5
-11
-18
-15
-8
-7
12
-11
5
-3
-33
4
-23
9
-5
-13
6
-12
-19
10
-33
15
-20
4
4
-13
3
2
-5
2
-11
12
-14
-17
8
0
26
19
4
10
-17
0
2
20
14
2
-5
1
-9
33
6
30
-11
11
8
16
-6
21
-3
19
-11
18
-7
16
0
11
0
5
6
1
-3
9
6
-8
7
-31
24
10
-9
2
-26
17
-16
-6
13
-9
7
-17
-18
36
-23
6
-11
-13
25
-18
13
8
-26
18
-25
7
-1
-13
20
-21
1
12
-32
50
-15
25
11
-13
8
-6
-17
37
-15
22
-13
1
24
-9
10
6
-5
16
-5
3
16
-15
27
-4
22
17
5
4
-2
-5
8
-13
6
12
-6
22
-18
21
-5
12
17
8
-10
9
-19
2
-13
8
7
10
-29
6
-14
13
9
-15
10
-13
-14
8
-12
7
-10
-11
-11
-26
2
-5
-5
12
-27
28
-12
-19
14
-38
5
-21
1
23
-15
-10
0
-28
26
-15
27
-12
-13
7
-6
-8
35
-33
40
-11
-12
30
-47
46
-12
-12
34
-26
39
8
-10
28
-33
6
11
-22
48
-35
13
15
-28
40
-1
2
30
-67
48
-49
24
9
-7
4
3
-30
15
-35
45
-6
-8
-2
0
-12
5
-8
13
-9
-44
27
-51
35
-22
14
18
9
-1
1
-4
7
7
-14
-10
1
-39
48
-42
43
-10
-5
14
-2
17
24
-17
22
-36
19
-4
17
-6
12
-20
33
-28
29
8
-19
46
-58
61
-17
3
35
-67
58
-73
50
-13
4
14
13
-47
73
-64
51
-4
-47
65
-56
11
48
-104
131
-101
21
35
-91
124
-88
9
28
-92
64
-13
-50
89
-102
40
12
-109
150
-130
43
0
-70
90
-87
14
39
-81
77
-66
-2
40
-75
60
-46
-20
28
-57
39
-29
8
10
11
-20
54
-62
76
-104
116
-79
59
4
-33
41
-78
82
-52
60
-55
94
-98
121
-76
89
-23
3
29
-28
-3
-3
-1
-15
34
-39
73
-56
24
30
-5
-4
24
-34
80
-81
35
-10
-73
72
-79
94
-68
40
-40
45
-75
65
-40
17
-34
24
8
-3
-14
-8
29
-70
89
-28
-17
19
-39
33
-31
-55
127
-139
71
-25
0
39
-103
102
-41
7
2
32
-40
18
-92
104
-116
75
-26
67
-76
44
-73
64
-94
61
-7
-6
-14
36
-35
-13
-11
38
-7
-29
35
-4
-37
-5
18
25
-57
33
45
-90
91
-119
173
-158
49
34
-78
94
-82
107
-61
-24
49
-29
-12
-1
-26
26
-43
41
52
-80
21
-27
25
-45
1
50
-77
4
-33
1
69
-142
166
-103
-18
64
-118
150
-204
151
-84
-46
36
-52
72
-54
-46
80
-115
34
56
-14
-3
-10
-23
70
-111
85
-22
13
-7
-3
57
-94
82
-66
57
-43
58
0
11
-16
27
16
-52
71
-9
43
-44
52
-35
53
-75
95
-56
26
1
34
34
-62
86
-44
-45
-2
7
64
-51
31
11
-10
-121
100
-122
124
-90
159
-114
-16
-13
30
-7
12
-26
119
-182
74
-54
-33
1
-50
90
-17
-43
100
-131
87
-106
130
-29
-26
20
44
-102
60
-91
72
-4
-110
201
-167
165
-128
129
-86
18
30
5
15
-28
-3
35
-48
3
68
-98
43
9
-9
81
-109
65
2
-93
56
-16
-5
57
-111
115
-96
-25
97
-89
116
-127
70
-35
-80
30
-29
-36
7
-45
78
-75
-21
88
-141
137
-178
156
-94
15
14
-29
-52
-5
-48
43
-59
77
-13
3
-21
-64
84
-114
51
-15
8
35
-69
33
-48
-39
37
1
46
1
-3
59
-164
150
-144
108
-38
5
56
-31
-73
136
-171
126
-71
34
48
-72
62
-15
-11
-17
30
-27
85
-62
83
-36
-6
-44
42
-47
99
-53
96
-29
-45
33
3
-36
30
14
-6
23
-55
52
-53
-1
5
60
-31
42
18
-61
16
-42
34
35
-51
126
-103
30
-36
-11
29
-136
99
-47
-20
110
-89
135
-119
32
14
-38
12
49
-43
-2
-16
-13
11
-34
81
-1
67
-94
102
-117
63
-69
48
42
-49
107
-95
38
-26
-23
108
-115
107
-12
21
12
-74
136
-151
72
-43
7
66
-85
95
-47
-86
132
-39
-11
99
-165
218
-245
121
0
-121
123
-196
197
-120
60
59
-93
36
-48
-3
94
-115
59
-33
-54
34
-29
53
-75
3
6
10
2
-14
53
-99
9
-25
21
-64
42
-22
-4
17
-81
95
-150
98
-35
-8
12
-26
-38
39
-91
68
-69
-27
78
-107
73
-9
-77
76
-81
37
26
-112
164
-140
51
12
-58
59
-76
64
8
-50
111
-77
31
-31
21
30
-52
80
-33
27
21
3
47
-34
24
31
-35
102
-62
57
-8
21
21
-18
53
0
26
13
6
-27
16
3
31
-35
91
-63
76
-54
30
45
-93
127
-71
44
32
-31
60
-40
-21
34
-14
26
21
-28
25
-44
-3
-3
26
-34
34
-40
31
-33
27
-2
-22
17
39
0
-18
28
-63
-8
-58
66
-4
-21
37
-73
-14
-34
4
-24
-25
23
0
-24
-25
5
-53
-20
61
-80
17
-21
30
-46
11
41
-28
-75
6
14
-13
-42
95
-110
11
-34
14
22
-37
71
-59
-46
-20
21
-37
16
31
39
1
-5
46
-37
42
-35
50
-6
-66
112
-96
98
-111
82
-15
-54
60
-56
57
-26
32
19
-12
-17
58
-4
-3
49
-9
21
-41
44
-26
41
-18
28
20
-22
33
-38
-7
42
-71
49
30
-4
37
-28
63
-68
14
45
22
-57
94
-14
-8
-56
32
42
-81
107
15
-26
-18
27
15
-42
-36
112
-90
43
24
0
4
-78
61
-47
-6
11
46
1
-5
2
-20
-22
-38
38
-43
37
-76
51
-81
-51
9
-52
74
-20
15
36
-60
-10
-23
-17
25
-31
66
-13
-11
-40
39
-57
-12
35
-2
25
-42
-5
2
-107
58
-6
-2
46
-42
48
-53
-5
41
-10
-31
49
5
7
-21
1
24
-10
-5
21
56
-46
77
-77
26
-30
14
38
-45
51
25
-16
28
-40
30
8
-112
138
-105
81
-47
-10
60
-63
71
25
-4
2
42
33
-30
-8
28
-19
2
-27
88
-60
-31
-2
-34
-55
-15
-22
27
-94
33
-28
-100
-15
-21
12
-37
10
27
11
-57
81
30
-1
76
15
43
21
-36
80
-36
16
77
-9
46
-12
30
10
-19
-17
26
-3
4
-19
31
-34
-13
3
17
18
42
37
40
-20
10
31
10
-20
11
41
-58
54
-48
43
-3
1
90
-23
30
40
-15
50
-62
69
-2
14
13
8
37
-58
36
-10
-19
18
-34
30
-37
-31
28
-57
-4
-7
-25
41
-102
34
-32
-44
1
-27
10
-23
-19
9
7
-31
26
28
24
-5
22
31
-5
9
15
41
-12
35
13
36
-35
26
41
-50
68
-37
26
-47
-51
-2
-96
-31
-54
-22
-68
-43
-12
-76
-22
-56
-67
-22
-91
-18
-63
-74
-36
-80
-14
-11
7
-9
12
-1
-23
4
-10
-1
-33
-5
-39
-38
-58
-7
-21
-22
17
33
7
23
12
-19
-17
-38
13
-55
21
-22
19
-2
1
47
36
45
75
52
31
47
-15
31
-16
-6
37
-5
40
15
43
64
14
93
64
80
110
54
125
35
95
93
94
137
141
182
195
166
173
155
163
128
122
101
47
50
-12
3
1
-27
7
18
-33
23
-49
-10
-74
-50
-40
-91
-46
-35
-12
-25
28
84
50
145
114
166
117
72
105
-36
-8
-82
-92
-146
-176
-184
-234
-273
-302
-323
-392
-434
-475
-513
-605
-611
-649
-660
-623
-586
-478
-438
-326
-231
-156
-85
0
50
90
111
141
129
139
152
174
172
223
250
255
279
259
292
179
216
159
114
100
68
58
26
38
83
89
139
195
220
230
257
298
278
303
318
370
346
437
465
525
531
592
621
610
637
610
590
505
491
426
387
361
371
367
354
405
402
424
404
393
331
316
252
232
150
142
107
55
82
49
35
-28
-85
-243
-504
-758
-1045
-1312
-1547
-1771
-1971
-2084
-2106
-1948
-1765
-1483
-1174
-911
-586
-298
-23
130
228
276
288
350
346
420
496
560
660
648
707
689
623
371
63
-341
-688
-1072
-1407
-1696
-1893
-1859
-1760
-1463
-1124
-687
-247
139
500
761
974
1074
1077
1061
955
975
969
1025
1127
1199
1370
1413
1451
1451
1257
1043
670
261
-94
-503
-740
-999
-1092
-1086
-930
-674
-412
-103
113
300
384
412
338
204
24
-128
-264
-292
-255
-125
33
175
402
541
690
703
619
458
189
-26
-273
-486
-622
-717
-701
-636
-470
-268
-53
105
205
276
251
207
135
26
-59
-171
-130
-98
39
193
367
544
629
776
818
826
761
661
525
426
360
412
429
549
665
833
1001
1139
1283
1329
1315
1263
1191
1110
1055
976
947
836
793
746
646
498
231
-168
-734
-1327
-1930
-2426
-2921
-3301
-3557
-3675
-3535
-3145
-2647
-2040
-1503
-965
-477
-54
322
545
660
688
772
851
1009
1185
1390
1509
1539
1466
1305
1061
563
-69
-912
-1746
-2484
-3056
-3468
-3703
-3699
-3459
-2982
-2352
-1585
-827
-209
321
673
963
1148
1266
1300
1261
1274
1323
1536
1701
1895
1980
1925
1765
1503
1125
704
132
-423
-943
-1331
-1469
-1435
-1215
-884
-484
28
555
1013
1439
1611
1701
1583
1423
1265
1063
915
738
577
432
369
355
343
259
113
-78
-334
-506
-641
-718
-754
-751
-642
-476
-173
143
442
644
772
831
844
823
716
586
362
152
-36
-134
-236
-268
-360
-458
-545
-638
-608
-635
-638
-672
-667
-584
-438
-240
16
172
331
475
611
798
908
1002
1029
973
991
1051
1107
1196
1163
1197
1141
1157
1216
1225
1174
1008
830
612
403
158
-156
-677
-1308
-1981
-2572
-3036
-3372
-3635
-3868
-3957
-3792
-3298
-2580
-1807
-1029
-395
240
864
1465
1982
2240
2378
2385
2348
2382
2364
2351
2158
1784
1278
695
76
-588
-1397
-2323
-3208
-3933
-4300
-4413
-4244
-3868
-3300
-2542
-1642
-640
324
1086
1601
1884
1993
2067
2083
2008
1849
1629
1457
1356
1298
1237
1048
704
214
-291
-798
-1203
-1579
-1841
-1975
-1910
-1539
-980
-276
434
1076
1601
1981
2210
2261
2106
1789
1352
903
515
212
4
-193
-323
-479
-595
-754
-960
-1219
-1541
-1770
-1902
-1856
-1647
-1308
-809
-199
480
1184
1796
2210
2420
2378
2190
1845
1414
915
460
50
-238
-344
-406
-335
-348
-331
-375
-437
-484
-597
-749
-921
-974
-868
-628
-258
99
446
774
1080
1358
1509
1522
1354
1124
912
792
779
757
751
753
800
954
1111
1241
1236
1107
991
943
1012
1139
1193
1193
1091
1020
981
834
465
-331
-1391
-2498
-3395
-3964
-4370
-4684
-4896
-4847
-4311
-3298
-1995
-806
41
616
1018
1486
1897
2171
2173
1986
1762
1642
1714
1912
2066
1884
1349
520
-297
-1024
-1780
-2721
-3778
-4685
-5099
-4951
-4361
-3510
-2591
-1652
-692
295
1292
2116
2561
2571
2269
2009
1866
1854
1790
1585
1341
1054
863
676
419
25
-602
-1312
-1920
-2212
-2136
-1848
-1458
-999
-366
503
1477
2325
2872
3055
2904
2600
2183
1732
1197
587
-66
-666
-1001
-1129
-1141
-1187
-1371
-1591
-1739
-1734
-1628
-1512
-1425
-1374
-1211
-864
-286
448
1179
1659
1927
2001
2117
2236
2236
1965
1366
687
138
-193
-420
-614
-801
-962
-1025
-999
-858
-656
-500
-412
-437
-422
-232
50
287
391
450
522
678
842
979
1041
1015
966
859
789
784
863
930
949
884
848
902
1002
1162
1209
1213
1131
1104
1191
1441
1777
2056
2148
2007
1796
1585
1446
1163
565
-561
-2111
-3666
-4780
-5260
-5260
-5222
-5297
-5380
-4962
-3740
-2043
-450
475
774
894
1258
1836
2357
2535
2406
2158
1929
1853
1964
2091
1895
1018
-370
-1708
-2567
-2989
-3524
-4357
-5210
-5489
-4920
-3810
-2565
-1435
-528
267
1014
1845
2701
3273
3299
2815
2259
1998
2050
2031
1637
933
152
-450
-900
-1196
-1405
-1708
-2084
-2381
-2251
-1551
-527
411
1027
1460
2026
2723
3342
3579
3404
2926
2280
1671
1118
643
61
-747
-1645
-2359
-2649
-2642
-2589
-2675
-2792
-2670
-2183
-1447
-631
18
482
708
836
1097
1451
1854
1996
1799
1398
1066
1066
1226
1222
880
240
-378
-749
-895
-1013
-1222
-1458
-1586
-1490
-1165
-695
-220
149
344
424
526
760
966
955
739
441
306
370
466
458
359
276
298
407
560
711
800
866
931
1056
1239
1400
1524
1534
1505
1476
1500
1606
1699
1796
1811
1756
1666
1524
1338
1069
770
445
-27
-821
-2065
-3492
-4622
-5089
-4895
-4544
-4351
-4325
-3983
-2894
-1176
544
1649
1936
1835
1873
2198
2566
2634
2376
1929
1470
1084
869
768
543
-145
-1394
-2756
-3631
-3862
-3883
-4133
-4545
-4635
-4021
-2903
-1669
-590
277
993
1566
2096
2704
3265
3428
3007
2224
1537
1201
937
383
-452
-1328
-1918
-2196
-2227
-2037
-1744
-1451
-1189
-778
-17
1031
1944
2412
2518
2590
2766
2925
2824
2454
1923
1249
495
-288
-938
-1413
-1913
-2513
-3056
-3252
-2977
-2472
-1984
-1513
-880
-51
797
1466
1796
1876
1745
1497
1323
1313
1354
1233
865
436
222
241
256
12
-482
-952
-1242
-1356
-1302
-1133
-878
-610
-396
-198
43
338
590
667
605
550
596
671
750
742
601
391
157
-38
-129
-152
-160
-182
-137
74
430
883
1304
1565
1662
1648
1623
1658
1756
1813
1751
1646
1597
1617
1737
1857
1859
1700
1311
940
691
616
525
-48
-1338
-3027
-4520
-5195
-4907
-4212
-3772
-3876
-4012
-3310
-1537
580
2026
2241
1771
1534
1897
2443
2723
2573
2170
1602
848
220
-105
-230
-763
-2022
-3602
-4513
-4400
-3837
-3483
-3609
-3721
-3335
-2491
-1392
-235
755
1373
1577
1768
2375
3227
3589
3085
1926
830
177
-323
-983
-1714
-2332
-2738
-2955
-2854
-2164
-1132
-278
102
242
707
1615
2491
2892
2915
2835
2794
2717
2454
2087
1597
817
-256
-1315
-1992
-2266
-2509
-2884
-3157
-2977
-2300
-1337
-451
277
971
1557
2006
2322
2430
2227
1667
940
502
463
676
767
464
31
-206
-204
-127
-75
-244
-597
-883
-976
-770
-391
-61
76
10
-32
114
248
369
528
629
652
641
583
472
398
130
-340
-820
-1066
-945
-708
-438
-141
205
720
1369
1860
2041
1979
1709
1350
1154
1107
1156
1252
1313
1388
1460
1612
1798
1762
1508
1206
936
856
794
195
-1264
-3208
-4917
-5620
-5121
-4103
-3420
-3524
-3799
-3225
-1474
788
2365
2453
1655
1264
1710
2579
3207
3224
2881
2320
1529
607
-212
-740
-1392
-2682
-4261
-5117
-4781
-3762
-2880
-2597
-2581
-2268
-1634
-843
71
1038
1783
2023
2022
2366
3029
3385
2846
1406
-158
-1225
-1927
-2546
-2950
-3040
-2912
-2719
-2368
-1534
-273
864
1375
1387
1564
2299
3119
3545
3616
3510
3291
2892
2206
1421
722
-153
-1357
-2636
-3442
-3526
-3308
-3156
-3008
-2656
-1900
-892
47
834
1603
2184
2459
2593
2722
2795
2490
1664
417
-814
-1478
-1461
-1137
-814
-623
-701
-795
-419
307
869
998
667
131
-74
206
584
705
616
443
184
38
186
320
260
100
-198
-506
-514
-369
-424
-681
-925
-1090
-1108
-825
-259
315
869
1472
1936
2273
2607
2681
2335
1837
1262
648
254
228
455
829
1264
1591
1670
1621
1741
1977
2246
2242
1076
-1447
-4256
-6090
-6168
-4782
-3451
-3316
-4151
-4561
-3385
-981
1346
2311
1617
545
506
1490
2729
3558
3650
3140
2282
1180
176
-405
-696
-1389
-2863
-4294
-4558
-3645
-2465
-1875
-2142
-2523
-2301
-1612
-725
313
1385
2171
2537
2813
3349
3804
3535
2257
294
-1495
-2554
-3158
-3492
-3399
-3031
-2670
-2358
-1838
-775
504
1344
1535
1463
1851
2814
3717
4130
4164
3915
3333
2438
1363
439
-321
-1299
-2468
-3397
-3648
-3260
-2769
-2560
-2462
-2118
-1479
-704
92
974
1915
2569
2916
3081
3120
3054
2617
1358
-510
-2217
-3252
-3338
-2595
-1589
-1060
-1180
-1294
-839
-13
845
1177
610
-42
76
736
1462
1969
1902
1175
323
-95
-157
-145
-92
-231
-713
-915
-618
-400
-428
-555
-946
-1472
-1545
-1017
-207
715
1697
2446
2857
3251
3530
3267
2683
1991
969
-3
-250
148
790
1445
1761
1572
1276
1448
2073
2732
3076
2255
-380
-3686
-5929
-6136
-4542
-2564
-2043
-3335
-4667
-4224
-1738
1295
2936
2284
477
-212
885
2556
3653
3801
3192
2168
1043
-35
-695
-733
-980
-2243
-3948
-4621
-3819
-2553
-1974
-2355
-3013
-3082
-2458
-1543
-380
1092
2315
2795
2879
3132
3569
3441
2241
345
-1459
-2638
-3400
-3911
-3844
-3182
-2575
-2518
-2611
-2061
-735
581
1181
1365
1874
2955
4041
4518
4532
4322
3781
2654
1228
182
-276
-604
-1279
-2178
-2807
-2822
-2500
-2396
-2446
-2251
-1788
-1217
-434
661
1849
2909
3585
3652
3308
2971
2594
1813
822
-135
-1512
-3088
-3924
-3829
-2967
-1651
-719
-802
-1231
-842
214
1169
1875
2043
1462
1171
1740
2014
1691
1250
463
-600
-1162
-961
-852
-929
-798
-941
-1406
-1331
-849
-941
-1190
-1024
-908
-736
76
1218
2031
2704
3272
3250
2968
2961
2739
1750
725
357
265
436
840
951
798
827
1071
1321
1879
2888
3410
2158
-721
-3895
-5904
-5551
-3418
-1831
-2254
-3880
-4786
-3640
-776
1999
2813
1572
264
333
1362
2557
3400
3622
3200
2201
713
-612
-904
-534
-811
-2237
-3604
-3770
-3033
-2338
-2369
-2937
-3266
-2996
-2529
-1837
-439
1362
2740
3234
3253
3262
3060
2233
763
-837
-2021
-2787
-3501
-3873
-3387
-2472
-1982
-2174
-2398
-1945
-880
187
1001
1827
2943
4064
4568
4521
4458
4309
3516
2008
362
-712
-1006
-1106
-1496
-2052
-2414
-2453
-2528
-2697
-2561
-2025
-1362
-703
120
1245
2602
3696
4096
3814
3153
2532
1921
1166
408
-355
-1492
-2879
-3785
-3904
-3272
-2173
-1325
-1263
-1536
-1064
114
1270
2190
2600
2283
1963
2123
2010
1488
1102
653
-165
-882
-1011
-1055
-1252
-1274
-1448
-1886
-1868
-1404
-1335
-1407
-930
-351
17
672
1612
2309
2853
3331
3311
2965
2756
2322
1155
5
-329
-191
151
646
955
964
1114
1476
1883
2546
3264
2927
671
-2545
-4942
-5322
-3750
-1784
-1381
-2921
-4646
-4776
-2976
-317
1449
1434
496
310
1353
2775
3774
4112
3868
2935
1519
100
-654
-491
-323
-1036
-2258
-2779
-2411
-2195
-2876
-4046
-4647
-4280
-3334
-2368
-1280
401
2261
3481
3819
3746
3445
2603
1210
-226
-1126
-1499
-1852
-2528
-3094
-3032
-2624
-2566
-2950
-3096
-2624
-1640
-367
1065
2744
4319
5079
4812
4180
3854
3655
2932
1520
99
-700
-844
-953
-1473
-2054
-2535
-3045
-3516
-3606
-3068
-2041
-868
55
886
2017
3318
4034
3825
3238
2600
2029
1568
972
-193
-1677
-2791
-3419
-3311
-2466
-1575
-1598
-2227
-2250
-1462
-118
1348
2172
2016
1847
2242
2424
2303
2101
1633
690
-241
-511
-596
-503
-294
-725
-1641
-1905
-1420
-1251
-1331
-1421
-1470
-1027
69
1379
2170
2686
3217
3434
3517
3710
3466
2381
1114
-26
-727
-549
7
467
573
443
452
784
1658
2742
2887
1094
-2139
-5330
-6381
-4480
-1626
-34
-868
-3246
-4602
-3628
-1132
995
1490
708
305
1010
2323
3540
3947
3941
3351
1665
-291
-1299
-873
46
-89
-1550
-2627
-2256
-1469
-1830
-3712
-5258
-4950
-3538
-2188
-1215
-82
1703
3330
3898
3803
3554
2993
1757
58
-983
-801
-532
-1198
-2448
-3374
-3370
-3197
-3573
-3820
-3269
-2120
-946
66
1551
3755
5338
5226
4012
3102
3310
3754
3127
1715
549
-9
-378
-1181
-2221
-2872
-3308
-3905
-4385
-4212
-3019
-1386
-361
232
1094
2323
3468
3965
3577
2683
1813
1078
638
408
291
-113
-1141
-1930
-2077
-1972
-2023
-2335
-2683
-2511
-1492
-429
281
767
1170
1507
1631
2006
2468
2577
2357
1867
1281
973
1021
638
-177
-970
-1688
-2163
-2318
-2008
-1590
-1391
-1251
-963
-360
666
1801
2367
2720
3224
3425
3224
2843
2508
2211
1905
1488
891
379
232
493
916
1712
2303
957
-2334
-5923
-7771
-6568
-3264
-489
-250
-1798
-3068
-2681
-924
846
1609
1030
653
1234
1860
2344
2817
3449
3761
2841
422
-1946
-2314
-948
198
-609
-2227
-2747
-2144
-1460
-1844
-2955
-3404
-2830
-2100
-1266
-54
1267
2159
2214
2279
2892
3215
2283
418
-973
-886
-223
-706
-1983
-2924
-3167
-3131
-3546
-3739
-2863
-1519
-693
-413
132
1645
3380
3931
3631
3484
3711
3928
3461
2651
2278
1776
554
-1027
-2281
-2567
-2418
-2880
-3678
-3779
-3061
-2051
-1423
-988
-43
797
1366
1894
2465
3346
3990
3212
982
-817
-1528
-1137
-62
685
482
-1161
-2558
-2698
-2066
-1061
-578
-1123
-1687
-782
155
305
612
1265
2124
2384
2288
1995
1880
2669
3214
2338
930
182
-589
-1239
-1264
-1449
-1842
-2092
-2043
-1724
-1159
-293
231
354
1027
2206
2961
3297
3635
3578
3517
3576
3106
2352
1422
934
1073
1424
1132
-1178
-4886
-7876
-8015
-5932
-3514
-2487
-3509
-4396
-4059
-2332
-163
1248
2014
2516
3487
4223
3992
2810
2010
2688
3527
3094
705
-1879
-2430
-1371
-679
-1510
-3041
-4082
-4242
-4020
-3459
-2311
-998
-257
-203
206
1613
3000
3026
2262
2026
2734
3301
2480
947
18
-120
-620
-2045
-3475
-3829
-3434
-3252
-3313
-3086
-2255
-1522
-1349
-1050
155
1766
2619
2626
2634
3505
4465
4384
3341
2369
2189
1952
960
-463
-1448
-1775
-2048
-2577
-3004
-2783
-2245
-1933
-1703
-1143
-204
542
490
213
411
1094
1702
1633
1334
1120
1151
1201
946
387
-276
-608
-923
-970
-935
-1180
-1371
-1457
-1255
-1214
-1322
-1329
-1113
-556
310
1370
2122
2804
3292
3356
3238
2961
2363
1430
713
439
426
158
-346
-936
-1579
-1788
-1862
-2069
-2082
-1524
-722
87
1059
1893
2500
2841
3276
3759
3862
3634
3135
2796
3241
3537
1446
-2943
-7233
-8794
-7024
-4273
-3205
-4619
-6580
-6801
-5057
-2896
-1336
-336
684
2990
5678
6694
5570
3770
3372
4356
4745
3026
193
-1568
-1257
-491
-1178
-2794
-4514
-6051
-7020
-6905
-5290
-2791
-1185
-840
-200
1666
3974
4793
4096
3985
5162
5961
5033
3019
1595
1341
477
-1683
-3751
-4584
-4449
-4649
-5198
-4886
-3583
-2718
-2643
-2328
-641
1944
3292
3219
3361
4542
5766
5620
4098
2839
2583
2263
1310
25
-768
-1218
-2207
-3520
-4252
-4179
-3733
-3149
-2655
-1537
48
971
1264
1345
1375
955
313
-3
570
1747
2610
2494
961
-506
-1139
-1389
-1314
-1167
-1278
-1352
-857
-626
-1071
-1732
-1917
-1376
-703
47
464
439
925
1929
2471
2679
2837
2619
2472
2647
2712
2408
1915
1399
800
-43
-550
-793
-1197
-1068
-642
-454
-420
-275
-296
-4
923
1826
2697
2948
2917
2792
2929
3957
3955
1372
-2974
-6248
-6411
-3827
-1574
-2472
-5226
-7408
-7157
-5141
-3501
-2915
-3058
-2300
361
3303
4083
2858
1976
3428
6215
6998
4797
2107
1341
1984
1655
-452
-2363
-3407
-4764
-6581
-7519
-6241
-4128
-3663
-4688
-4470
-1874
1111
2300
2254
3598
6134
7416
6562
5103
4754
4711
3324
815
-892
-1484
-2253
-3873
-5266
-4993
-4138
-4452
-5534
-5338
-3067
-366
929
1310
2415
4320
5771
5910
5446
5358
5391
4641
3211
1952
1070
65
-1471
-2776
-3401
-3651
-4003
-4393
-4140
-3344
-2362
-1691
-991
99
1275
1852
1453
1167
1364
2006
2618
2781
2292
818
-672
-1465
-1332
-798
-730
-1354
-2018
-1796
-1584
-2169
-2984
-2951
-1742
-283
684
829
828
1446
2305
2602
2481
2481
2420
2339
2334
2337
2237
1985
1677
1228
765
454
65
-215
-132
96
55
55
524
1001
1437
1644
1845
2035
1940
2046
2305
2774
1977
-963
-4377
-5778
-4022
-1590
-731
-2400
-5318
-7237
-7241
-5307
-3278
-2262
-2331
-1702
900
3360
3039
267
-717
2006
5478
5878
3392
1766
2672
3753
2324
-318
-1615
-2044
-3861
-6581
-7135
-4982
-3239
-4219
-5957
-5355
-2589
-876
-1240
-812
2061
5110
5434
4059
3991
5553
6119
4515
2667
2239
2256
556
-2167
-3426
-2860
-2738
-4360
-5893
-5275
-3173
-1986
-1958
-1463
365
2501
3438
3686
4532
5952
6631
6090
5180
4644
3964
2460
734
-540
-1221
-1898
-2934
-3914
-4210
-3942
-3714
-3382
-2811
-1951
-1358
-1081
-621
61
1175
2321
3152
3431
3163
2439
1463
881
562
237
-395
-1080
-1484
-1851
-2166
-2682
-3207
-3293
-2830
-2161
-1714
-1386
-904
-15
1043
1836
2122
2159
2389
2723
2896
2886
2861
2812
2608
2144
1571
1025
570
243
91
195
333
372
370
601
1115
1658
1814
1449
1171
1503
2645
3531
2459
-918
-4708
-5859
-3656
-550
207
-2237
-5742
-7355
-6099
-3689
-2238
-2600
-3330
-2303
506
2616
1867
-439
-785
2176
5499
5936
3740
1952
2210
2721
1807
269
-458
-998
-2659
-4923
-5693
-4640
-4140
-5334
-6629
-5846
-3671
-2578
-2747
-1976
695
3218
3654
2708
2760
4124
4924
4480
3794
3828
3684
2202
155
-884
-956
-1517
-3002
-4219
-3920
-2911
-2588
-2793
-2537
-1265
254
1193
1764
2561
3571
4455
5081
5420
5416
4767
3789
2993
2336
1514
434
-601
-1305
-1830
-2471
-2976
-3111
-2925
-2815
-2954
-3023
-2719
-1991
-1051
175
1410
2193
2119
1456
1282
1857
2568
2504
1619
653
209
-13
-799
-1945
-2711
-2565
-1963
-1739
-2116
-2678
-2670
-1945
-947
-178
467
981
1334
1662
1954
2303
2526
2733
2852
2927
2927
2594
2110
1730
1884
2044
1789
1251
814
787
926
1170
1000
582
374
841
1948
2092
37
-3600
-5930
-4633
-945
1368
47
-3662
-6576
-6264
-3551
-1070
-836
-2512
-3339
-1512
1405
2169
0
-2013
-500
3313
5324
4035
1721
1245
2047
1954
999
624
733
-364
-2923
-4749
-4327
-3510
-4373
-6024
-6076
-4356
-3341
-4147
-4632
-2798
23
1376
1048
1317
3035
4377
4186
3512
3766
4272
3614
1974
1016
1130
841
-705
-2516
-2920
-2388
-2455
-3232
-3451
-2461
-1111
-276
53
661
1626
2573
3400
4204
4964
5113
4613
4177
4129
3854
2973
1884
1253
927
200
-908
-1930
-2373
-2622
-3322
-4283
-4432
-3310
-1745
-356
300
238
-386
-785
80
1727
3128
3205
2327
1703
1907
1934
801
-594
-1327
-1160
-984
-1204
-1723
-2329
-2513
-2319
-1766
-1110
-748
-995
-1262
-739
245
933
1207
1601
2259
2829
2816
2256
1746
1847
2231
2301
2084
1867
1783
1501
1352
1254
1136
887
327
303
878
1389
87
-2949
-5209
-4572
-1455
836
292
-2847
-5887
-6395
-4184
-769
965
-63
-2305
-2507
13
2241
1545
-796
-712
2380
4986
4097
1348
372
1636
2525
1689
904
1076
804
-1465
-3991
-4287
-3145
-3253
-5226
-6302
-5110
-3572
-4156
-5614
-5068
-2581
-701
-785
-764
934
3078
3650
3005
3187
4392
4935
3976
3055
3184
3366
2107
-65
-1238
-1253
-1390
-2526
-3613
-3624
-2930
-2554
-2663
-2478
-1803
-896
-71
1102
2550
3583
3873
3914
4350
4806
4841
4343
3951
3817
3614
2942
1769
758
-115
-915
-1828
-2573
-3177
-3731
-3707
-3193
-2150
-1392
-1346
-1746
-1871
-810
859
2039
2112
1752
1631
2001
2310
1736
863
412
556
622
-20
-991
-1725
-1926
-1561
-1153
-1114
-1211
-1496
-1691
-1368
-588
184
494
575
873
1453
1820
1831
1631
1961
2800
3184
2848
2171
1906
1952
2229
2371
2273
1726
748
262
365
658
-556
-3166
-5012
-4279
-1531
108
-1047
-4443
-7092
-6640
-3348
188
713
-1712
-4001
-2858
637
2400
884
-919
553
3858
5094
3135
1198
1810
3392
3392
2168
1893
2158
913
-1846
-3263
-2237
-1422
-3174
-5969
-6514
-5068
-4670
-6364
-7341
-5542
-2930
-2348
-3331
-2957
-590
1629
2083
2071
3137
4630
4995
4334
4397
5231
5369
3932
2155
1397
1319
740
-709
-1891
-2295
-2282
-2665
-3453
-3924
-3808
-3065
-1982
-830
-52
396
825
1421
2260
3048
3796
4398
4892
5087
4776
4117
3330
2693
2053
1536
809
-184
-1105
-1744
-1824
-1798
-1879
-2281
-2844
-2985
-2332
-1191
-390
-117
-197
72
741
1135
1053
794
972
1456
1510
913
202
-134
8
220
132
-70
-382
-753
-1020
-953
-574
-216
-184
-267
-106
227
553
609
660
923
1293
1499
1431
1429
1793
2504
2813
2401
1602
1247
1604
1929
1954
1704
1459
481
-1611
-3524
-3565
-1600
-89
-858
-3489
-5818
-6318
-5019
-2753
-1168
-1457
-3407
-4583
-3187
-631
280
-696
-773
1405
3545
3057
1229
1146
3296
4890
4383
3484
3499
3229
1304
-611
-471
773
106
-2881
-5189
-5246
-4693
-5837
-7307
-6662
-4596
-4050
-5714
-6653
-4996
-2197
-878
-659
354
2306
3479
3130
3221
4789
6471
6347
4961
4312
4714
4689
3339
1953
1534
1510
564
-1301
-2639
-2889
-2693
-2718
-2734
-2398
-2046
-2214
-2521
-2191
-983
542
1571
2052
2302
2541
2553
2515
2776
3349
3704
3275
2325
1325
889
772
576
385
236
-8
-789
-1576
-1540
-733
-143
-476
-1190
-1395
-904
-635
-869
-999
-597
-169
-554
-1288
-1462
-854
-154
55
29
234
479
327
82
287
1010
1495
1306
979
964
1085
952
719
856
1211
1104
515
76
353
982
1215
1092
952
913
825
820
1102
1606
1910
1873
1534
435
-1156
-2208
-1430
712
1699
8
-3297
-5569
-5256
-3135
-1236
-1086
-2899
-5065
-5364
-3551
-1595
-1472
-2377
-1821
394
1799
984
-273
624
3272
4821
4405
3515
3171
2667
1454
905
1824
2527
1029
-1835
-3474
-3187
-3028
-4332
-5356
-4614
-3392
-4023
-6122
-6873
-5163
-2785
-1717
-1584
-1075
-125
253
250
1183
3073
4581
4660
4123
4149
4471
4281
3624
3303
3650
3875
3123
1727
541
16
-67
-64
-186
-567
-1177
-1680
-1785
-1541
-1075
-765
-742
-841
-903
-745
-424
-94
146
332
524
638
418
-19
-112
324
1157
1778
1733
1249
733
630
1091
1849
2258
1874
851
17
-104
131
146
-450
-1256
-1713
-1816
-1969
-2342
-2633
-2433
-1861
-1386
-1199
-1279
-1208
-718
72
864
1335
1465
1438
1473
1620
1821
1929
2043
2270
2278
1903
1396
1217
1423
1637
1646
1636
1733
1856
1823
1691
1713
1843
1958
2106
2345
1876
197
-1645
-1885
-43
1559
629
-2758
-6148
-6901
-4867
-2033
-1193
-3404
-6852
-8129
-5843
-2549
-1407
-2539
-2900
-1122
687
630
-49
1137
3516
4383
3365
3040
4244
4545
2317
-44
781
3422
3653
334
-3017
-3371
-2210
-2287
-3362
-3386
-2653
-3376
-5703
-6768
-4931
-2477
-2146
-3398
-3570
-2005
-759
-1032
-1323
12
2274
3361
2757
2169
2650
3678
4212
4206
4400
4800
4695
3765
2863
2746
3237
3393
2779
1925
1287
880
292
-396
-669
-449
-352
-913
-1853
-2497
-2544
-2367
-2214
-2128
-1999
-1923
-2025
-1988
-1536
-757
-178
207
651
1337
1935
2002
1803
1731
2177
2770
2945
2466
1542
672
196
209
286
79
-638
-1561
-2214
-2398
-2181
-1987
-1937
-1922
-1760
-1538
-1387
-1308
-1181
-761
-220
284
631
803
840
751
787
1116
1582
1877
1934
1785
1689
1833
2234
2786
3136
3121
2944
2870
2938
3108
3253
3332
3144
2579
2143
2070
1637
41
-2059
-2884
-1681
-320
-1131
-4049
-7093
-8153
-6966
-4602
-2741
-3145
-5699
-7917
-7104
-3699
-870
-798
-1901
-1589
-157
531
207
740
2545
3573
2828
2069
2892
3952
2942
656
313
2499
4107
2652
-303
-1637
-1176
-1034
-1766
-1940
-1244
-1459
-3615
-5727
-5337
-3144
-1928
-2842
-4108
-3877
-2735
-2104
-2065
-1553
-190
1033
1347
1341
1884
2891
3555
3649
3965
4980
6089
6218
5199
4149
4188
5010
5402
4845
3742
2807
2051
1206
500
162
29
-579
-1832
-2988
-3396
-3352
-3538
-3977
-4171
-3783
-3264
-3024
-2999
-2839
-2374
-1864
-1323
-627
195
738
761
526
571
1219
2032
2486
2247
1545
963
843
1170
1503
1505
1115
489
-87
-373
-378
-335
-501
-925
-1294
-1310
-1136
-1237
-1695
-2075
-1981
-1580
-1285
-1225
-1242
-1056
-703
-312
170
762
1358
1801
2243
2812
3435
3935
4275
4603
4910
5155
5170
4957
4661
4402
4093
3470
2546
1676
1351
1346
590
-1563
-4029
-4797
-3368
-1647
-1927
-4453
-7387
-8476
-7088
-4394
-2508
-3035
-5440
-7329
-6695
-4170
-2077
-1708
-2015
-1792
-1345
-1094
-545
974
2479
2459
1540
1899
3968
5317
4036
1570
920
2462
3934
3742
2385
1021
-325
-1667
-2015
-906
217
-659
-3304
-5257
-4924
-3376
-2499
-2889
-3649
-3799
-3308
-2468
-1583
-946
-678
-520
99
1419
2846
3666
3630
3150
3128
4036
5522
6477
6078
4690
3602
3577
4171
4450
3845
2763
1620
721
263
132
75
-400
-1333
-2205
-2487
-2276
-2136
-2503
-3219
-3621
-3430
-2758
-2205
-2234
-2663
-3042
-2875
-2183
-1340
-727
-507
-647
-878
-757
-41
1039
1702
1565
1054
914
1421
2045
2226
1932
1566
1373
1313
1191
957
664
163
-467
-947
-1016
-867
-1030
-1645
-2261
-2340
-1828
-1175
-903
-945
-999
-783
-253
428
1082
1563
1876
2117
2449
2818
3131
3245
3200
3196
3304
3483
3530
3359
3013
2605
2269
2079
1954
1694
1266
806
591
422
-298
-1637
-2844
-3042
-2351
-1793
-2234
-3523
-5002
-5867
-5629
-4326
-2846
-2633
-3902
-5238
-5000
-3385
-1985
-1649
-1684
-1246
-694
-560
-431
423
1592
1827
1130
966
2080
3266
2937
1435
513
929
1739
1842
1330
838
324
-505
-1270
-1155
-265
178
-593
-1820
-2125
-1307
-397
-299
-805
-1085
-742
-93
377
667
837
795
524
425
936
1819
2313
1857
942
555
1096
1885
2035
1583
1038
798
754
754
852
932
746
158
-403
-396
65
280
-189
-974
-1396
-1161
-658
-510
-916
-1561
-1887
-1629
-1047
-691
-945
-1461
-1617
-1161
-477
-111
-167
-378
-423
-171
279
728
946
786
367
98
295
770
1053
822
379
153
322
644
753
590
329
216
330
615
824
828
605
319
199
266
408
438
333
194
137
155
232
309
303
288
362
520
687
791
881
994
1028
979
926
1002
1176
1201
979
737
744
936
1013
801
440
180
89
121
182
229
228
95
-240
-740
-1161
-1208
-839
-431
-406
-885
-1624
-2153
-2151
-1651
-1085
-1054
-1700
-2428
-2565
-2066
-1622
-1770
-2141
-2152
-1821
-1611
-1691
-1704
-1404
-1112
-1071
-936
-361
373
569
205
56
541
1253
1612
1652
1758
1903
1754
1412
1425
1905
2282
1985
1286
902
975
1114
917
514
209
-13
-283
-563
-685
-679
-808
-1229
-1628
-1662
-1376
-1150
-1338
-1751
-1872
-1537
-1052
-831
-956
-1086
-1031
-786
-387
78
494
630
498
445
783
1385
1841
1952
1892
1912
2028
2143
2238
2253
2090
1739
1395
1247
1200
1005
611
207
-65
-303
-663
-1012
-1188
-1183
-1152
-1207
-1306
-1387
-1412
-1386
-1268
-1062
-855
-727
-635
-522
-377
-214
-38
181
397
535
601
705
866
1002
1034
960
963
1060
1121
1040
847
670
562
541
499
395
203
-19
-198
-356
-432
-498
-575
-684
-825
-903
-918
-852
-783
-782
-783
-642
-363
-80
105
161
289
605
964
1205
1287
1391
1579
1789
1888
1881
1850
1797
1659
1453
1372
1428
1377
973
318
-166
-223
-92
-112
-467
-957
-1357
-1621
-1718
-1668
-1560
-1606
-1869
-2189
-2283
-2040
-1674
-1482
-1525
-1578
-1411
-1039
-639
-395
-322
-315
-209
51
370
628
695
572
334
196
302
571
691
386
-165
-592
-642
-463
-449
-751
-1165
-1466
-1629
-1627
-1515
-1403
-1453
-1679
-1807
-1649
-1285
-1007
-906
-843
-654
-412
-211
49
406
698
746
746
956
1414
1789
1816
1654
1593
1793
2068
2233
2228
2063
1853
1760
1858
2000
1933
1624
1260
1004
893
846
773
606
304
-80
-341
-396
-400
-533
-764
-896
-907
-976
-1168
-1298
-1218
-1024
-959
-1007
-951
-743
-602
-648
-706
-521
-142
68
26
-76
-13
177
276
275
286
301
232
88
34
156
272
206
-54
-269
-232
-78
-42
-194
-367
-366
-206
-46
-6
-29
-54
-20
22
93
284
506
581
473
371
466
736
925
955
954
1027
1126
1151
1175
1262
1371
1388
1321
1257
1251
1245
1162
1071
1066
1087
993
802
637
612
661
623
493
362
311
264
151
10
-105
-197
-323
-466
-604
-729
-898
-1129
-1350
-1504
-1580
-1697
-1867
-2043
-2220
-2350
-2389
-2334
-2271
-2294
-2395
-2462
-2410
-2253
-2072
-1950
-1871
-1786
-1667
-1515
-1358
-1211
-1065
-903
-743
-608
-493
-379
-269
-200
-121
9
207
372
395
371
435
632
824
870
881
984
1137
1213
1160
1127
1228
1345
1333
1182
1072
1097
1161
1139
1020
919
863
806
676
557
581
695
716
546
349
354
537
643
565
449
461
556
560
483
452
539
599
513
398
380
406
321
170
93
121
128
-25
-212
-263
-197
-204
-340
-434
-392
-303
-355
-468
-486
-376
-303
-373
-474
-451
-325
-270
-327
-381
-335
-288
-307
-338
-265
-95
20
28
4
73
170
216
227
302
420
463
442
422
443
431
356
313
384
494
473
350
272
311
376
384
354
369
385
354
303
306
336
307
231
190
227
236
141
26
-10
11
-11
-84
-107
-76
-56
-117
-207
-225
-136
-39
2
20
33
48
25
11
36
125
203
189
125
53
36
44
14
-46
-107
-165
-257
-404
-548
-611
-588
-609
-721
-866
-948
-964
-995
-1081
-1143
-1117
-1101
-1180
-1299
-1318
-1236
-1231
-1362
-1455
-1367
-1182
-1103
-1167
-1272
-1283
-1197
-1082
-936
-785
-713
-745
-810
-754
-580
-384
-247
-182
-113
-43
72
204
342
445
509
580
700
844
963
1043
1070
1079
1112
1208
1314
1382
1379
1315
1276
1328
1426
1483
1443
1349
1265
1236
1289
1372
1395
1307
1166
1085
1127
1222
1199
1023
856
839
937
990
903
761
689
673
654
613
567
532
436
284
141
63
-3
-121
-285
-418
-487
-543
-655
-815
-933
-971
-976
-999
-1045
-1074
-1062
-1067
-1071
-1050
-976
-908
-919
-965
-978
-910
-843
-805
-810
-812
-804
-824
-836
-826
-780
-715
-691
-691
-674
-611
-538
-459
-391
-316
-219
-108
-16
31
99
201
370
518
584
607
656
762
853
914
954
1033
1117
1126
1085
1090
1183
1280
1305
1276
1247
1242
1244
1208
1171
1137
1094
1018
888
778
665
555
425
291
186
50
-138
-347
-509
-593
-665
-786
-924
-1056
-1165
-1255
-1319
-1364
-1403
-1463
-1507
-1517
-1486
-1486
-1495
-1488
-1453
-1429
-1438
-1411
-1340
-1254
-1246
-1294
-1285
-1188
-1102
-1086
-1107
-1093
-1005
-929
-875
-819
-747
-678
-603
-513
-377
-203
-56
52
126
226
376
543
716
876
1008
1116
1219
1341
1475
1632
1776
1876
1935
2001
2087
2163
2183
2139
2107
2107
2117
2064
1937
1783
1644
1524
1404
1274
1139
968
757
557
396
287
172
22
-143
-274
-355
-420
-486
-566
-650
-703
-747
-784
-819
-849
-888
-909
-928
-928
-952
-1009
-1079
-1128
-1082
-1002
-962
-992
-1042
-1038
-991
-925
-872
-844
-823
-793
-760
-737
-703
-659
-598
-538
-515
-512
-480
-396
-300
-237
-224
-197
-111
18
141
218
270
320
396
504
617
710
775
819
871
947
1005
1028
1045
1064
1079
1102
1122
1144
1104
1019
909
856
834
813
762
673
579
437
307
215
177
129
36
-95
-206
-275
-316
-382
-457
-508
-547
-611
-672
-707
-735
-759
-790
-816
-819
-833
-864
-920
-942
-943
-952
-950
-923
-901
-906
-924
-902
-820
-753
-709
-667
-588
-514
-467
-415
-327
-216
-129
-71
35
137
199
215
245
354
463
499
479
512
579
635
631
639
674
718
703
668
649
669
695
658
594
558
561
528
463
409
393
405
402
351
280
244
255
267
223
164
103
90
73
29
-26
-88
-126
-172
-211
-272
-309
-331
-340
-384
-452
-482
-468
-434
-430
-461
-475
-450
-404
-361
-334
-294
-257
-226
-213
-150
-48
30
53
58
88
159
213
234
213
234
288
310
304
284
268
230
186
147
173
215
209
131
29
8
44
53
35
-6
-39
-69
-101
-130
-132
-120
-123
-160
-208
-201
-181
-184
-180
-155
-126
-103
-99
-94
-43
26
77
81
86
125
182
242
305
314
304
284
230
261
273
284
225
120
54
12
6
-10
-111
-181
-222
-231
-228
-268
-259
-262
-283
-296
-258
-168
-122
-104
-107
-113
-28
53
118
147
159
207
223
269
321
331
360
349
346
371
380
393
330
300
289
239
215
150
101
32
-47
-117
-192
-225
-262
-315
-381
-451
-483
-510
-531
-537
-553
-525
-506
-489
-477
-445
-410
-381
-324
-272
-229
-183
-158
-146
-151
-130
-90
-69
-40
-47
-77
-94
-93
-76
-79
-63
-14
-7
-33
-55
-64
-14
51
96
91
83
90
108
152
199
256
281
296
337
384
434
453
466
512
577
635
637
624
641
654
668
641
618
608
579
512
409
350
333
260
154
35
-58
-139
-244
-329
-437
-521
-614
-712
-782
-856
-896
-955
-1001
-984
-985
-959
-980
-917
-834
-734
-697
-645
-562
-460
-366
-288
-182
-60
10
96
156
209
304
355
449
478
549
590
573
577
600
640
675
600
604
582
620
623
576
525
478
456
480
447
485
438
403
383
320
370
353
384
378
345
344
334
341
361
302
343
268
242
197
149
150
99
17
-56
-165
-142
-245
-315
-387
-461
-463
-572
-618
-655
-677
-677
-741
-778
-743
-793
-759
-833
-784
-743
-755
-734
-768
-737
-666
-628
-568
-568
-547
-485
-426
-319
-277
-219
-166
-99
-33
23
74
145
162
245
246
328
361
397
375
376
429
478
469
489
456
484
485
496
530
518
544
541
523
514
550
548
581
527
550
518
541
514
512
481
476
424
428
364
386
333
278
220
140
116
99
33
-51
-129
-207
-242
-327
-317
-428
-471
-586
-613
-678
-657
-698
-731
-838
-822
-860
-826
-815
-803
-827
-824
-789
-732
-712
-659
-617
-630
-527
-523
-374
-382
-319
-275
-235
-175
-51
-27
78
32
154
195
284
329
377
418
535
545
669
648
735
778
792
836
845
922
967
932
937
900
868
890
820
868
739
750
647
570
486
465
363
369
221
235
83
43
-24
-107
-134
-185
-213
-274
-357
-375
-405
-466
-435
-531
-489
-580
-534
-589
-601
-608
-572
-653
-570
-633
-530
-586
-565
-538
-559
-480
-407
-438
-385
-416
-368
-355
-357
-248
-264
-210
-241
-236
-193
-159
-154
-88
-105
27
1
58
70
108
198
231
266
322
303
413
388
479
479
462
540
529
559
529
545
559
568
535
576
446
554
444
475
368
374
323
299
197
252
115
141
-13
26
-49
-60
-98
-157
-169
-184
-173
-195
-245
-219
-202
-254
-168
-247
-144
-212
-148
-190
-170
-146
-114
-198
-143
-204
-157
-239
-245
-254
-288
-278
-360
-389
-420
-458
-447
-486
-497
-466
-585
-512
-565
-454
-485
-444
-441
-352
-374
-255
-293
-166
-125
-9
-15
93
103
201
255
310
344
372
452
498
500
495
547
528
585
536
559
527
525
471
490
412
469
390
387
345
347
275
266
190
214
184
163
172
110
116
73
83
102
98
84
96
87
90
64
92
72
77
47
105
12
14
-11
-31
-56
-97
-78
-108
-167
-173
-236
-209
-255
-234
-275
-323
-279
-373
-348
-373
-372
-343
-396
-333
-322
-411
-357
-367
-311
-267
-230
-229
-193
-200
-144
-139
-84
14
6
-26
37
3
44
42
42
59
27
5
-4
-47
-36
-48
-126
-110
-104
-184
-93
-152
-150
-105
-212
-30
-126
1
2
-21
70
132
131
205
207
339
306
403
392
452
482
523
534
526
563
570
582
510
564
526
517
462
423
425
345
289
252
166
191
95
52
-30
-78
-125
-169
-205
-300
-286
-315
-408
-378
-466
-412
-460
-508
-454
-509
-511
-441
-558
-466
-466
-497
-403
-548
-410
-413
-461
-369
-413
-370
-367
-358
-297
-301
-308
-241
-244
-203
-144
-114
-117
-72
-12
30
59
84
167
161
206
282
297
336
392
387
458
437
492
558
501
605
555
589
627
553
640
619
601
634
567
571
557
467
509
424
427
422
327
284
237
180
126
126
32
55
-89
-64
-73
-165
-152
-195
-211
-196
-256
-206
-245
-288
-281
-312
-253
-296
-274
-375
-329
-352
-375
-371
-455
-368
-431
-452
-458
-500
-477
-493
-499
-469
-544
-473
-514
-483
-438
-495
-403
-465
-382
-358
-324
-247
-254
-196
-177
-126
-68
0
39
70
134
165
246
270
301
329
372
412
446
477
498
489
502
480
541
506
558
487
436
488
414
459
340
378
343
306
295
235
230
193
181
185
110
136
100
55
100
2
69
3
-40
13
-67
-33
-79
-141
-95
-115
-160
-141
-243
-176
-204
-223
-197
-300
-265
-276
-305
-250
-276
-306
-325
-357
-287
-289
-321
-278
-351
-236
-292
-232
-302
-213
-238
-145
-151
-126
-129
-74
-63
9
9
48
119
18
185
105
195
173
168
234
201
222
232
172
180
158
203
211
197
142
197
93
146
180
139
243
89
221
161
87
280
144
213
224
130
308
81
267
161
214
195
183
170
132
143
113
102
116
2
75
-8
-84
13
-178
-41
-194
-167
-147
-295
-262
-267
-349
-256
-316
-277
-376
-394
-369
-325
-335
-284
-316
-316
-298
-294
-282
-215
-253
-140
-155
-136
-155
-171
-104
-93
-44
-3
10
-73
11
-74
-10
7
-1
101
-1
49
25
-44
24
37
75
111
42
77
16
74
31
134
103
121
187
72
162
67
135
181
131
233
206
144
230
128
187
204
215
247
248
195
263
138
167
250
198
236
195
140
228
103
148
87
57
183
53
96
49
29
31
-47
32
31
-11
25
-95
-41
-59
-66
-55
-123
-22
-133
-114
-205
-151
-190
-150
-194
-223
-238
-202
-255
-231
-273
-223
-251
-241
-210
-238
-243
-206
-204
-225
-121
-153
-131
-126
-150
-4
-102
-26
25
-45
77
50
69
136
73
176
158
148
242
159
210
225
194
263
185
267
227
199
222
189
201
215
188
205
159
138
180
84
193
115
139
115
124
71
47
20
82
32
60
0
-36
-90
-105
-51
-115
-74
-141
-189
-201
-247
-226
-225
-284
-218
-278
-293
-302
-343
-299
-330
-294
-244
-326
-283
-316
-239
-278
-252
-199
-199
-167
-158
-158
-155
-99
-92
-35
-56
12
-12
-7
16
50
67
135
54
173
87
122
146
125
220
166
217
174
185
197
225
198
236
224
263
244
236
249
284
245
344
284
328
296
283
339
311
348
339
311
323
286
277
274
228
238
202
214
107
117
33
43
21
-31
-15
-133
-144
-147
-241
-209
-270
-310
-286
-371
-306
-401
-426
-396
-431
-402
-406
-421
-406
-435
-373
-370
-337
-331
-304
-279
-248
-203
-208
-178
-156
-118
-50
-84
-39
-27
-40
41
-6
63
65
73
114
70
105
129
124
161
181
179
218
184
220
214
229
275
257
272
274
270
278
285
275
286
281
287
251
244
241
234
198
179
186
170
142
109
78
54
47
-7
-29
-50
-73
-94
-160
-146
-198
-234
-241
-289
-272
-281
-324
-344
-377
-352
-343
-368
-323
-374
-326
-345
-315
-305
-303
-232
-258
-195
-220
-193
-134
-119
-88
-52
-56
-15
-35
21
59
78
97
94
124
127
178
160
183
213
239
265
229
255
253
257
324
332
313
319
295
316
317
315
338
310
338
301
299
286
266
265
242
275
249
196
179
141
109
130
66
87
-6
4
-40
-111
-101
-160
-162
-194
-236
-221
-293
-310
-303
-363
-311
-358
-338
-352
-377
-362
-366
-375
-313
-337
-309
-302
-289
-278
-261
-242
-201
-199
-161
-148
-121
-119
-97
-45
-43
-16
1
22
59
72
77
121
107
164
133
176
203
190
231
196
231
237
209
254
222
242
252
218
251
190
239
211
209
224
176
185
154
168
147
131
108
97
86
70
71
4
12
-14
-28
-10
-71
-49
-98
-117
-86
-132
-106
-142
-145
-141
-154
-141
-173
-165
-175
-134
-152
-159
-156
-166
-153
-150
-158
-124
-138
-143
-128
-127
-120
-104
-120
-74
-90
-79
-59
-75
-55
-32
-31
3
-19
-4
23
26
47
62
42
87
82
94
119
106
127
127
131
156
157
173
168
150
121
161
144
151
158
126
120
103
93
101
87
78
73
44
69
24
22
9
19
26
13
15
3
-19
-17
-11
-21
6
1
2
-9
-19
-20
-14
-25
15
4
-12
-33
-61
-46
-53
-23
-46
-74
-75
-79
-114
-102
-113
-109
-104
-120
-102
-151
-125
-139
-129
-99
-99
-89
-111
-106
-89
-87
-62
-59
-54
-24
-46
-18
-35
-17
-2
-7
26
10
16
12
0
21
9
31
39
12
44
-13
11
7
-9
40
0
29
0
-10
12
0
31
21
30
37
36
39
34
44
65
88
83
76
89
71
92
88
120
102
94
106
77
105
89
89
99
76
90
66
48
54
39
57
16
32
21
-4
-5
3
-19
-11
-20
-24
-49
-33
-43
-41
-48
-36
-46
-54
-52
-59
-68
-62
-45
-61
-67
-60
-65
-73
-78
-73
-48
-68
-50
-78
-72
-70
-76
-60
-78
-45
-63
-62
-54
-54
-53
-50
-47
-33
-29
-10
-11
-24
-8
7
20
22
40
39
45
51
54
50
70
80
90
96
89
99
98
101
107
115
112
119
121
110
125
108
111
112
124
131
105
115
89
90
85
83
86
75
60
63
33
31
11
-3
6
-16
-26
-42
-79
-75
-86
-112
-100
-138
-118
-150
-176
-178
-190
-187
-192
-199
-200
-207
-211
-210
-192
-194
-179
-192
-176
-155
-150
-130
-118
-121
-88
-79
-59
-57
-35
2
-7
16
21
33
43
87
77
108
107
116
124
127
149
156
142
165
170
180
181
148
180
178
189
191
175
177
165
161
169
165
151
162
132
132
130
95
107
84
60
73
34
40
9
-15
-4
-41
-41
-59
-82
-76
-118
-120
-136
-145
-145
-152
-169
-171
-185
-182
-183
-184
-173
-178
-182
-173
-167
-163
-135
-128
-127
-109
-121
-91
-84
-66
-37
-54
-33
-15
-30
8
2
26
35
34
65
44
49
48
65
77
96
89
92
80
86
99
99
112
114
108
118
115
113
117
115
137
136
135
140
126
117
128
132
125
130
130
112
114
101
92
79
73
74
54
51
25
1
1
-20
-24
-36
-56
-54
-84
-91
-112
-118
-130
-126
-135
-143
-147
-161
-161
-172
-162
-150
-150
-151
-168
-151
-138
-141
-124
-120
-98
-104
-94
-84
-78
-60
-58
-45
-42
-31
-10
-21
-8
3
11
25
25
33
40
45
51
60
60
69
78
81
85
99
87
97
89
113
102
109
114
102
119
108
113
119
106
111
99
100
97
79
94
67
76
59
47
38
23
20
16
-5
-12
-26
-32
-50
-57
-58
-66
-79
-80
-92
-91
-110
-104
-99
-103
-96
-109
-108
-105
-90
-92
-88
-80
-69
-75
-59
-61
-59
-49
-29
-29
-18
-18
-15
-12
-9
9
14
5
16
17
24
23
23
29
22
37
36
40
36
34
53
40
54
50
45
69
53
66
64
66
78
57
63
76
68
78
68
70
67
56
69
52
59
57
41
47
30
32
21
8
15
-3
5
-3
-18
-23
-43
-30
-34
-39
-39
-52
-43
-46
-53
-56
-54
-42
-40
-42
-42
-39
-50
-36
-37
-26
-21
-25
-17
-32
-16
-18
-32
-11
-11
-9
-6
-20
-28
-30
-19
-16
-20
-18
-36
-24
-39
-43
-40
-35
-28
-41
-32
-34
-46
-43
-48
-23
-23
-23
-23
-34
-17
-20
-20
-2
-7
5
6
4
6
6
16
25
17
23
38
21
30
28
38
37
33
49
43
41
43
43
38
45
48
49
52
53
49
46
49
47
61
57
59
55
47
48
47
58
49
45
51
37
43
32
25
23
18
20
7
11
-6
-13
-18
-22
-17
-31
-40
-45
-57
-53
-65
-61
-60
-80
-64
-78
-79
-83
-73
-77
-73
-71
-72
-76
-66
-55
-54
-52
-37
-43
-29
-33
-27
-14
-13
1
4
12
13
7
22
25
37
42
37
53
37
49
46
54
64
62
69
68
61
64
58
66
74
69
75
65
65
58
58
66
59
54
61
49
44
30
33
34
24
25
16
3
3
-13
-16
-21
-31
-28
-50
-46
-58
-63
-65
-74
-71
-78
-85
-85
-87
-91
-93
-90
-92
-84
-92
-85
-83
-81
-70
-77
-65
-61
-61
-57
-42
-40
-30
-29
-28
-21
-10
-16
-5
-6
7
10
6
14
7
17
30
26
33
31
38
37
33
44
48
46
51
58
55
62
59
57
63
69
77
63
69
69
69
76
67
72
75
67
64
60
60
51
49
40
41
39
23
24
16
5
3
-8
-15
-13
-30
-27
-33
-51
-49
-53
-55
-69
-58
-54
-77
-62
-78
-78
-66
-76
-65
-60
-65
-63
-64
-58
-56
-52
-43
-45
-37
-33
-31
-34
-27
-12
-12
-9
-8
1
-2
0
10
10
14
20
21
29
25
27
35
29
48
45
43
48
44
52
53
59
57
56
62
57
60
51
57
52
53
54
47
51
37
40
35
32
32
25
10
16
6
4
-3
-8
-13
-15
-26
-30
-28
-33
-39
-45
-37
-50
-50
-52
-46
-48
-48
-52
-47
-52
-52
-48
-44
-42
-41
-38
-43
-39
-32
-29
-27
-25
-20
-22
-22
-14
-20
-11
-12
0
-1
-7
0
-7
2
8
8
14
5
13
15
15
17
23
24
25
29
30
30
27
29
36
40
39
34
40
37
32
40
39
36
34
33
31
22
28
19
19
29
14
11
11
-1
3
-2
4
-6
-8
-13
-16
-9
-24
-19
-15
-21
-20
-23
-26
-23
-26
-26
-18
-15
-21
-21
-17
-22
-15
-10
-18
-8
-11
-14
-13
-10
-8
-8
-6
-7
-6
-2
-11
-12
-4
-11
-5
-2
-5
-12
-10
-9
-11
-10
-12
-4
-12
-15
-14
-10
-15
-16
-8
-7
-8
-15
-17
-11
-14
-8
-7
-11
-12
-9
-11
-9
-12
-5
-6
-5
-4
-7
-3
-10
-5
6
0
7
1
4
8
7
16
13
12
13
25
18
21
28
21
32
33
25
37
35
36
33
41
38
39
36
43
37
39
37
35
33
30
33
27
22
22
20
14
14
11
7
5
1
-9
-1
-16
-15
-11
-24
-25
-23
-32
-29
-33
-39
-30
-38
-45
-42
-41
-49
-39
-39
-44
-39
-45
-41
-40
-37
-31
-37
-35
-31
-32
-29
-20
-23
-14
-16
-11
-7
-10
-9
4
4
8
15
6
15
17
18
28
30
30
29
30
37
31
38
37
40
46
38
37
39
37
37
40
38
35
33
27
29
27
22
24
20
16
18
6
5
5
-4
0
0
-8
-15
-11
-18
-19
-18
-21
-20
-25
-33
-31
-27
-37
-34
-27
-33
-39
-37
-40
-41
-38
-42
-34
-42
-38
-44
-43
-41
-40
-34
-34
-34
-35
-34
-37
-31
-26
-21
-21
-19
-14
-15
-10
-9
4
3
13
10
18
18
19
29
33
39
40
43
48
46
42
56
50
57
59
53
61
52
49
54
53
50
49
46
45
34
37
33
24
30
24
17
17
8
7
2
-1
-4
-8
-9
-18
-15
-19
-25
-25
-28
-29
-35
-36
-33
-44
-41
-40
-46
-47
-45
-47
-43
-47
-49
-44
-52
-48
-37
-46
-42
-31
-37
-35
-34
-25
-25
-19
-17
-9
-5
-11
-2
5
10
11
25
20
26
27
28
36
35
40
46
42
46
44
43
50
45
45
50
43
44
36
38
37
32
35
29
30
23
24
18
14
14
10
13
3
4
7
-6
-7
-2
-8
-8
-11
-16
-10
-21
-21
-17
-25
-23
-24
-23
-28
-32
-30
-34
-31
-38
-33
-29
-39
-35
-37
-31
-38
-34
-29
-32
-32
-29
-25
-28
-21
-20
-17
-14
-15
-6
-9
-3
-1
2
6
6
8
11
15
14
19
18
18
24
18
23
24
22
24
22
24
22
22
18
19
22
19
16
19
17
12
14
11
16
10
12
10
11
7
4
9
4
9
1
6
2
-3
1
-2
0
-1
-4
-4
-7
-10
-11
-11
-8
-12
-10
-14
-13
-16
-18
-18
-12
-14
-18
-14
-15
-16
-17
-12
-9
-10
-8
-9
-4
-8
-6
0
-2
3
1
3
6
0
4
10
9
8
10
7
9
7
7
9
11
9
6
9
4
8
0
7
4
8
4
1
5
3
3
6
7
6
4
4
9
4
11
8
6
16
8
5
14
11
12
10
14
13
5
7
12
10
6
10
6
3
2
3
0
0
0
0
-3
-6
-3
-10
-6
-5
-12
-4
-10
-11
-10
-10
-10
-9
-9
-9
-9
-8
-13
-7
-7
-15
-4
-10
-9
-13
-9
-7
-16
-11
-8
-10
-14
-16
-5
-17
-14
-12
-14
-11
-15
-9
-15
-10
-11
-13
-5
-8
-8
-1
-5
-3
2
0
2
7
6
5
14
9
9
16
15
16
19
15
21
19
20
20
19
22
20
19
19
22
14
17
19
16
15
15
14
13
11
12
12
6
11
8
8
5
3
5
1
5
0
-1
5
-6
-4
-3
-6
-4
-9
-6
-8
-12
-12
-12
-12
-12
-13
-13
-15
-20
-15
-17
-20
-13
-18
-15
-16
-21
-14
-17
-17
-9
-13
-14
-12
-10
-13
-12
-3
-4
-7
-2
0
-3
-2
-1
7
3
5
7
11
4
10
14
10
20
12
17
15
15
16
16
24
14
19
23
18
16
20
19
18
17
19
18
12
18
12
13
16
7
11
5
8
5
-2
8
-4
-4
-3
-4
-8
-12
-8
-14
-15
-18
-16
-20
-24
-19
-23
-22
-23
-28
-25
-25
-31
-22
-25
-28
-25
-26
-24
-25
-23
-18
-20
-23
-9
-19
-20
-8
-10
-13
-6
3
-8
-2
5
2
3
9
11
12
15
13
14
20
19
15
27
24
23
24
22
29
19
24
29
25
24
22
23
24
17
18
21
18
14
13
8
15
6
0
11
5
-2
-1
-3
-1
-10
-9
-6
-10
-12
-13
-12
-17
-14
-20
-11
-19
-15
-17
-19
-16
-19
-16
-16
-15
-16
-13
-14
-14
-11
-12
-12
-6
-9
-8
-6
-5
-4
-2
2
-3
5
3
0
6
6
6
6
10
12
8
11
14
9
15
16
12
13
17
13
14
16
17
10
16
15
7
15
9
7
15
4
6
9
0
3
-1
4
-2
-3
-2
-8
-5
