7
9
17
22
8
-13
-15
-2
-2
-16
-17
6
28
31
20
4
-13
-23
-14
-1
-4
-17
-14
7
30
44
53
55
46
35
37
37
16
-16
-28
-16
-3
-3
-4
-3
-2
-5
-1
10
18
16
9
5
8
16
20
12
-4
-16
-22
-22
-9
20
40
25
-11
-22
4
26
13
-12
-17
-8
0
9
23
24
3
-12
2
27
32
13
-8
-13
-7
3
9
11
13
20
33
37
30
12
-5
-12
1
26
37
23
0
-10
-13
-29
-52
-53
-31
-10
3
22
43
44
23
7
11
22
25
25
32
33
16
-7
-16
-13
-11
-16
-24
-32
-38
-40
-41
-47
-56
-53
-36
-23
-36
-64
-69
-45
-17
-16
-29
-38
-44
-58
-73
-76
-71
-73
-78
-71
-51
-37
-43
-56
-58
-43
-20
1
5
-7
-15
0
26
36
25
6
-9
-22
-31
-24
-3
16
18
11
8
7
11
19
26
31
41
62
84
88
71
53
42
28
8
-11
-10
14
42
47
23
-7
-17
-8
-1
6
25
53
56
30
12
21
31
13
-17
-21
3
26
32
23
5
-20
-42
-52
-57
-65
-60
-28
8
10
-16
-25
-4
10
-17
-58
-65
-39
-30
-53
-63
-23
29
37
5
-24
-30
-38
-52
-43
-13
10
-1
-21
-28
-24
-16
-3
17
29
27
27
31
25
13
16
30
25
-10
-39
-37
-23
-20
-22
-17
-12
-5
12
35
37
19
16
42
66
63
52
58
62
37
5
2
19
30
30
37
47
41
20
9
11
9
-8
-19
-10
9
14
2
-8
1
30
63
80
73
47
19
12
30
52
47
15
-18
-26
-22
-19
-16
-3
17
26
21
17
23
24
11
-6
-5
14
29
25
18
28
43
35
7
-8
5
22
24
21
30
37
31
24
32
40
29
12
11
21
21
11
4
-10
-33
-42
-13
24
27
3
0
28
44
26
3
2
3
-15
-35
-27
1
10
-9
-31
-32
-12
9
12
4
4
22
44
38
-1
-42
-53
-40
-37
-52
-66
-62
-53
-47
-38
-19
-6
-12
-32
-53
-75
-94
-95
-72
-53
-61
-79
-76
-51
-34
-37
-42
-38
-38
-41
-33
-3
27
38
30
15
2
-4
-6
-10
-14
-11
-2
-1
-5
0
16
24
11
-5
-3
2
-6
-16
-11
1
2
3
17
29
28
30
50
59
28
-25
-53
-53
-55
-63
-59
-39
-28
-34
-46
-55
-65
-65
-48
-28
-17
-9
3
13
6
-13
-26
-36
-49
-56
-48
-31
-14
8
30
30
-3
-44
-54
-36
-14
-5
-8
-16
-23
-21
-10
-3
-9
-16
-15
-18
-24
-18
2
10
-6
-22
-15
-3
-15
-37
-39
-25
-29
-59
-76
-58
-26
-10
-4
12
38
52
46
31
14
-7
-25
-20
5
21
11
-1
6
21
20
5
1
10
7
-9
-13
7
29
36
38
47
47
26
12
36
85
103
70
31
37
78
105
91
53
26
25
47
77
95
82
55
46
72
98
83
35
-2
-5
0
-12
-30
-27
-3
17
15
-3
-15
-11
5
19
23
21
18
15
4
-7
-9
-1
12
17
15
12
10
8
3
-4
-9
-7
0
3
-1
-8
-15
-18
-11
4
11
6
3
13
26
18
-4
-7
19
48
55
44
29
10
-3
3
26
38
27
12
11
15
13
14
27
35
20
4
10
33
46
42
34
22
-6
-34
-39
-17
3
7
14
33
45
24
-17
-40
-37
-34
-54
-83
-94
-85
-82
-88
-84
-62
-44
-47
-55
-41
-12
2
-7
-19
-21
-21
-28
-36
-39
-44
-61
-78
-80
-66
-42
-14
10
16
-1
-18
-10
16
34
32
20
9
-9
-31
-40
-29
-18
-21
-27
-19
-2
7
5
7
14
20
25
39
61
77
83
82
75
60
45
46
58
58
34
6
-10
-11
-11
-12
-3
20
44
50
31
0
-16
-12
-7
-14
-19
-5
14
16
1
-13
-22
-33
-47
-53
-52
-51
-43
-25
-13
-15
-15
4
33
40
27
21
29
28
13
13
46
83
83
42
-5
-31
-35
-24
-8
6
5
-6
-10
9
36
37
5
-31
-41
-30
-27
-40
-52
-55
-58
-66
-62
-40
-30
-42
-53
-39
-20
-30
-56
-51
-13
14
6
-11
-10
-1
-8
-23
-25
-17
-15
-22
-21
-7
3
-7
-28
-45
-54
-57
-54
-41
-25
-19
-22
-18
-2
10
-5
-34
-48
-40
-31
-36
-39
-30
-19
-21
-24
-16
-9
-18
-29
-25
-7
7
13
17
13
-7
-33
-38
-26
-18
-23
-18
-3
3
-13
-29
-25
-10
-1
2
9
20
27
23
14
8
9
13
12
-1
-19
-28
-25
-19
-14
-13
-12
-11
-1
20
44
54
46
24
-3
-27
-40
-37
-27
-11
8
24
25
22
33
55
54
18
-18
-19
4
14
6
5
20
29
22
19
29
41
43
36
26
8
-11
-10
18
42
35
0
-28
-25
4
32
40
29
12
0
-3
2
12
21
29
43
61
76
76
71
85
118
139
121
73
30
16
21
26
22
14
10
18
28
31
32
40
46
37
25
35
67
86
73
45
29
27
24
20
22
31
39
41
35
24
19
33
57
63
42
17
13
23
28
27
24
19
3
-16
-25
-24
-20
-18
-16
-14
-18
-27
-33
-28
-16
-9
-17
-37
-48
-38
-24
-25
-41
-42
-21
-5
-13
-31
-31
-9
15
21
11
-9
-22
-17
2
13
4
-13
-13
5
30
45
48
41
29
18
15
17
18
13
2
-12
-23
-21
-8
5
9
12
21
33
38
35
26
14
-4
-21
-29
-27
-24
-27
-28
-19
4
21
14
-12
-33
-40
-47
-60
-63
-50
-39
-53
-75
-74
-50
-32
-30
-27
-18
-24
-48
-63
-57
-48
-50
-46
-26
-12
-19
-26
-14
-3
-19
-29
2
52
64
36
20
39
59
51
33
34
40
28
3
-11
-7
-1
-8
-22
-36
-43
-38
-20
-4
-3
-10
-11
-6
-13
-36
-60
-64
-55
-55
-71
-82
-72
-63
-85
-122
-128
-83
-28
-10
-24
-32
-20
-7
-7
-12
-12
-14
-27
-40
-39
-21
1
15
16
7
-3
-8
-5
3
11
12
1
-12
-20
-23
-22
-15
-2
3
-11
-31
-29
-10
-3
-23
-41
-33
-9
11
18
16
5
-1
13
35
22
-29
-62
-40
2
6
-15
-19
1
9
-2
-7
4
11
9
16
33
37
17
-6
-14
-7
10
24
22
-7
-42
-57
-50
-46
-53
-58
-51
-40
-31
-21
-12
-4
8
28
47
55
53
48
38
23
16
24
38
45
45
46
44
43
49
61
63
50
42
54
63
51
37
49
81
101
95
78
63
56
52
48
45
42
48
59
69
79
94
100
85
59
54
66
60
35
25
41
53
41
29
40
57
55
44
41
38
24
15
19
13
-14
-34
-25
-15
-28
-44
-31
-6
-7
-28
-35
-22
-13
-15
-11
3
12
8
-7
-26
-45
-52
-47
-52
-70
-82
-62
-30
-19
-30
-37
-29
-12
4
15
16
0
-18
-25
-28
-38
-48
-40
-23
-25
-51
-76
-75
-59
-49
-49
-46
-32
-17
-14
-23
-28
-30
-37
-54
-66
-60
-48
-49
-53
-44
-27
-22
-36
-46
-30
0
16
8
-10
-19
-13
-7
-16
-34
-46
-47
-41
-33
-18
-5
-8
-23
-27
-13
-1
-4
-12
-17
-31
-52
-55
-30
-3
0
-9
-14
-20
-37
-44
-23
8
23
28
40
50
42
30
36
47
33
10
10
35
51
45
41
50
57
51
39
34
28
22
21
25
17
0
-7
-4
-3
-10
-5
15
17
-12
-41
-27
15
28
-4
-39
-43
-35
-39
-45
-34
-17
-23
-44
-46
-22
4
17
31
45
41
20
6
15
31
35
32
31
25
13
8
16
29
33
35
49
67
66
48
27
20
24
32
35
34
37
46
49
34
10
2
16
29
24
16
25
44
47
32
26
43
63
63
46
31
22
13
-1
-15
-23
-25
-21
-18
-16
-14
-12
-15
-24
-22
4
26
14
-21
-42
-34
-22
-26
-37
-50
-63
-61
-35
-10
-18
-45
-43
-14
6
2
-2
3
-1
-4
20
49
36
-1
4
48
62
21
-13
3
26
9
-17
-20
-10
-5
2
12
8
3
25
53
34
-17
-30
4
19
4
6
38
43
7
-8
20
42
26
12
17
6
-19
-10
37
56
22
-6
5
24
18
15
26
24
5
1
14
4
-28
-36
-11
5
-4
-9
-4
-15
-35
-32
-10
-3
-6
6
20
-6
-51
-57
-27
-19
-47
-72
-79
-87
-88
-53
-9
-6
-35
-41
-17
-5
-21
-28
-16
-18
-36
-43
-32
-32
-51
-63
-62
-66
-70
-51
-18
-2
-6
-7
-4
-17
-39
-39
-20
-12
-16
-4
25
41
30
14
8
3
-5
-9
-8
-11
-18
-21
-17
-5
15
30
22
-3
-10
11
20
-3
-22
2
34
23
-16
-29
-12
-7
-25
-29
-14
-8
-9
20
66
65
4
-46
-41
-16
-14
-11
13
22
-14
-49
-33
4
4
-23
-29
-19
-30
-51
-35
8
28
20
18
23
10
-11
0
36
42
5
-25
-19
-1
0
-1
13
26
23
17
28
50
72
88
83
48
9
11
55
85
65
20
2
22
54
63
46
27
32
59
66
37
9
28
69
61
1
-33
4
53
52
21
11
17
-1
-24
-17
5
-4
-30
-24
7
7
-24
-36
-14
1
-5
0
21
22
-3
-17
-10
-11
-27
-31
-24
-34
-54
-49
-27
-22
-30
-12
16
13
1
34
83
70
12
2
57
94
81
73
82
62
12
-2
30
44
27
37
76
75
28
9
46
80
70
45
23
-10
-30
-7
22
-1
-42
-26
24
31
2
0
20
2
-23
7
51
23
-46
-50
1
10
-28
-37
-7
-9
-46
-54
-30
-28
-39
-18
15
5
-32
-32
-2
3
-12
-12
-16
-49
-73
-41
-3
-21
-63
-65
-42
-43
-49
-25
8
10
4
20
33
26
25
39
29
2
12
56
60
8
-21
-2
-7
-57
-73
-25
1
-46
-88
-61
-19
-23
-35
-18
-11
-42
-64
-35
3
3
-8
3
9
-18
-48
-45
-28
-26
-37
-38
-28
-22
-24
-26
-22
-11
-2
-3
-4
13
29
19
-7
-13
3
6
-13
-33
-46
-56
-52
-27
-10
-22
-25
10
38
11
-24
-11
15
-10
-52
-42
-6
-11
-38
-24
8
-4
-41
-34
-3
-10
-45
-49
-38
-58
-86
-69
-28
-11
-1
26
39
8
-11
19
39
6
-25
1
30
4
-31
-15
14
1
-16
9
40
30
10
21
37
25
14
29
36
18
9
28
39
28
32
57
57
22
5
25
41
26
7
9
23
37
47
40
15
6
31
57
54
44
50
52
36
25
33
26
-8
-30
-22
-16
-30
-28
-2
15
2
-5
9
22
22
27
40
31
5
-10
-13
-28
-44
-38
-26
-38
-53
-29
16
33
32
46
57
32
5
29
70
56
5
-5
26
31
2
8
59
77
30
-14
0
36
46
36
31
21
-1
-8
10
17
6
14
52
73
48
15
11
11
-7
-12
19
42
7
-45
-55
-40
-45
-45
-11
16
-15
-54
-38
-1
-11
-37
-15
21
-3
-48
-31
24
17
-46
-70
-36
-11
-14
-4
21
19
-5
-14
-25
-75
-113
-76
-9
3
-24
-14
29
50
47
52
49
14
-11
12
43
27
-5
-15
-31
-66
-68
-14
31
16
-8
1
7
-18
-25
3
10
-22
-32
2
11
-25
-39
-12
-10
-43
-29
35
46
-16
-42
5
26
-24
-42
24
71
26
-24
5
44
14
-30
-6
35
17
-22
-6
40
40
4
-8
2
2
6
37
49
-6
-71
-58
3
23
0
10
54
46
-25
-65
-27
22
36
49
69
42
-37
-88
-70
-36
-30
-19
11
11
-20
-17
22
21
-28
-51
-34
-38
-56
-28
9
-40
-122
-96
7
29
-16
15
90
48
-67
-41
99
109
-36
-99
-21
-5
-92
-84
35
41
-85
-85
83
144
13
-65
20
54
-49
-79
35
63
-85
-174
-66
43
5
-45
6
32
-48
-102
-35
47
40
-10
-45
-74
-80
-35
6
-20
-49
-9
23
-25
-78
-67
-70
-110
-55
100
124
-61
-185
-68
76
32
-47
20
73
-48
-155
-45
106
51
-83
-62
34
13
-37
48
150
75
-57
-18
116
112
-4
-14
89
113
26
-14
44
67
6
-19
58
132
94
3
-20
34
83
86
68
40
-13
-58
-35
43
81
38
-22
-39
-20
8
45
62
23
-41
-60
-44
-43
-35
21
66
35
8
69
112
22
-79
-27
87
89
51
104
136
12
-93
9
145
101
41
158
233
60
-81
74
214
15
-191
4
282
168
-93
-20
179
55
-165
-26
240
146
-99
-28
161
31
-186
-48
184
52
-177
-23
240
105
-182
-111
118
37
-159
-49
155
63
-106
-14
92
-72
-197
-4
139
-55
-180
48
180
-94
-293
-62
142
-49
-214
-17
135
-64
-209
-33
60
-142
-199
62
161
-77
-152
88
127
-163
-223
81
179
-81
-154
79
87
-196
-200
108
133
-152
-137
167
121
-233
-195
191
163
-266
-285
146
208
-194
-258
131
177
-249
-345
74
222
-132
-260
79
185
-178
-310
67
264
-65
-294
-19
210
-29
-259
-39
235
97
-171
-98
157
162
-35
-67
95
150
-9
-145
-60
111
116
-36
-82
66
150
-4
-143
8
211
94
-172
-129
147
149
-149
-224
62
196
-66
-259
-38
209
53
-225
-143
145
137
-149
-234
9
172
20
-158
-71
101
43
-163
-182
29
162
38
-132
-90
86
113
-58
-164
-20
175
104
-147
-183
79
202
-65
-289
-23
358
198
-275
-241
282
375
-174
-409
126
493
-3
-484
-33
574
201
-529
-269
577
501
-367
-453
369
524
-332
-607
280
747
-75
-727
-82
623
124
-575
-154
563
229
-519
-339
336
251
-316
-265
192
116
-278
-186
137
1
-270
-71
168
-101
-327
38
341
-5
-304
33
259
-176
-411
128
481
-29
-427
-4
290
-196
-433
221
611
-12
-492
3
410
-57
-373
141
430
-111
-377
171
389
-166
-295
312
339
-392
-362
527
519
-500
-550
568
689
-497
-716
484
765
-407
-658
610
945
-373
-874
300
791
-262
-584
578
887
-384
-822
347
729
-434
-730
555
942
-315
-736
425
710
-535
-766
645
1036
-314
-750
475
743
-608
-865
602
953
-528
-929
575
1042
-468
-1026
402
951
-464
-1001
492
1180
-222
-987
258
941
-314
-1023
218
1025
-47
-783
199
771
-385
-1114
0
916
119
-615
112
649
-266
-946
-66
781
163
-570
-43
598
101
-519
-106
440
58
-459
-129
381
166
-269
-181
60
-85
-254
-53
176
120
46
124
110
-43
-101
-88
-141
-59
259
363
10
-257
-85
5
-277
-275
302
548
-48
-508
-66
385
-44
-549
-148
431
130
-424
-118
491
185
-623
-604
130
329
-138
-233
220
281
-294
-584
-155
252
58
-242
-63
284
205
-194
-344
-112
101
37
-71
53
274
242
-72
-304
-210
-4
-8
-147
-66
267
409
74
-361
-341
30
157
-50
-30
353
424
-125
-517
-157
261
-29
-418
-16
614
409
-214
-142
298
6
-633
-351
534
603
-40
-76
392
100
-712
-595
296
479
-11
133
655
182
-811
-639
325
315
-368
-33
828
368
-789
-515
621
310
-929
-624
806
757
-507
-418
760
400
-1177
-1092
573
890
-339
-431
780
689
-816
-1071
198
525
-391
-343
754
730
-433
-644
87
-40
-691
-153
864
486
-445
-25
721
-114
-1196
-382
905
344
-652
209
1313
180
-1451
-764
749
295
-774
102
1352
338
-1260
-599
808
181
-1015
-134
1244
445
-913
-135
1135
171
-1340
-530
1052
502
-818
-137
1195
407
-1208
-768
729
514
-687
-343
955
811
-444
-669
94
204
-313
-211
420
557
146
-232
-444
-419
7
312
-95
-490
36
596
5
-698
-22
866
112
-1071
-388
1105
741
-771
-609
845
768
-725
-834
579
767
-638
-938
541
1201
-89
-1130
-474
307
-112
-494
339
1161
524
-686
-748
145
460
-73
-236
387
654
-68
-641
-98
528
-26
-826
-287
826
625
-405
-276
659
332
-861
-575
883
863
-535
-501
1012
1016
-705
-1025
480
681
-842
-806
1211
1543
-615
-1521
71
761
-663
-928
987
1591
-312
-1203
334
1010
-554
-1184
431
1197
-135
-627
720
886
-948
-1504
220
1015
-221
-569
791
913
-806
-1193
444
902
-592
-916
702
1183
-312
-870
298
452
-987
-1187
448
1039
-222
-723
321
522
-751
-1151
-5
534
-150
-140
903
919
-493
-1217
-446
218
67
223
860
650
-512
-1049
-413
192
78
-71
159
254
-10
-175
-78
-68
-237
-271
-20
332
521
373
-40
-359
-334
-139
-5
111
187
33
-198
-104
171
83
-258
-251
15
1
-66
318
594
-4
-734
-420
366
318
-177
43
470
-21
-693
-252
499
98
-671
-291
514
281
-287
51
379
-369
-829
238
1172
383
-577
-124
250
-672
-895
794
1721
33
-1513
-503
702
-243
-1041
472
1639
7
-1644
-420
1191
206
-1133
51
1541
427
-1175
-325
1065
224
-1019
-84
1145
161
-1116
-189
1079
233
-949
-156
849
-106
-1144
-60
1253
437
-851
-300
678
-6
-968
-193
1006
566
-510
-316
425
106
-669
-484
259
415
143
92
53
-236
-351
-139
-37
-68
135
317
47
-191
118
275
-366
-850
-145
850
744
-30
-270
-197
-557
-758
46
1023
837
-137
-571
-319
-139
-96
220
545
342
-161
-338
-125
108
167
78
-55
1
289
408
78
-303
-271
-50
-14
20
264
337
-39
-364
-143
256
203
-209
-405
-142
301
498
270
-100
-250
-320
-589
-574
342
1337
911
-539
-1032
-269
-4
-579
-233
1173
1302
-361
-1130
105
761
-584
-1404
55
1437
668
-380
149
507
-852
-1785
-372
1342
1033
29
151
231
-896
-1478
-198
976
404
-252
419
766
-369
-1047
-29
660
-247
-629
797
1634
181
-1263
-564
560
136
-451
397
1141
134
-1036
-411
795
563
-396
-334
352
255
-333
-239
346
414
-23
-215
-46
61
8
9
117
212
154
-109
-330
-171
170
134
-220
-247
71
74
-230
-87
472
501
-155
-518
-205
56
-54
30
391
335
-226
-513
-270
-67
-143
-142
20
123
224
365
166
-413
-660
-284
11
-92
118
803
892
-39
-815
-632
-292
-407
-200
740
1264
514
-622
-1001
-775
-518
-171
367
758
799
553
-67
-861
-1032
-374
140
77
391
1263
1086
-640
-1740
-792
357
-48
-572
382
1268
343
-860
-404
370
-432
-1420
-464
1316
1598
677
41
-532
-1496
-1587
-138
1141
1006
567
491
-338
-1672
-1332
554
1038
-338
-563
971
1085
-877
-1392
501
1119
-743
-1276
940
1891
-275
-1573
275
1536
-301
-1798
-340
1021
-112
-825
928
1842
-351
-2186
-818
886
209
-414
1117
1944
-96
-1860
-707
630
-348
-1004
899
2287
446
-1661
-831
626
-261
-1362
112
1926
983
-872
-525
632
-139
-1433
-535
1244
1064
-229
-131
682
55
-1228
-1003
197
461
129
525
916
73
-937
-628
64
-202
-411
643
1559
732
-579
-606
-256
-838
-1001
612
2006
891
-1064
-982
240
-63
-1142
-369
1452
1265
-579
-882
556
744
-732
-940
750
1326
-289
-1197
156
1258
258
-823
-147
601
-287
-1165
-158
1329
1184
97
-293
-350
-857
-836
467
1536
990
-56
-235
-225
-715
-621
470
827
-241
-670
529
1045
-473
-1502
-132
1218
196
-1045
36
1414
337
-1232
-196
1628
647
-1773
-1621
625
1198
-27
62
1325
515
-2205
-2817
-193
2098
1710
433
56
-284
-1182
-1255
81
1166
811
30
11
396
359
-193
-879
-1141
-467
721
1126
431
-159
-103
-384
-1177
-955
603
1403
381
-542
106
796
88
-640
-62
409
-478
-1004
439
2013
1295
-749
-1619
-1122
-557
22
1032
1523
613
-682
-1040
-789
-628
-170
779
1224
620
-184
-549
-794
-762
164
1203
770
-703
-1116
-120
521
160
-38
208
-88
-707
-345
651
639
-252
-375
304
310
-337
-309
231
40
-485
-29
835
577
-347
-470
-174
-544
-677
597
1698
552
-1497
-1601
31
1009
865
704
206
-1291
-2066
-253
2320
2330
-4
-1636
-1465
-828
-224
881
1660
762
-906
-1230
-253
238
-137
-253
73
66
-84
381
912
321
-1030
-1606
-904
225
1059
1388
914
-363
-1484
-1397
-315
579
600
150
17
403
679
164
-861
-1366
-925
-86
701
1411
1509
280
-1434
-1670
-276
647
129
-246
530
972
30
-795
-312
8
-992
-1505
124
1980
1475
-414
-1067
-550
-592
-821
283
1782
1341
-627
-1384
-242
726
385
-116
-31
-198
-859
-803
396
1296
762
-383
-825
-576
-383
-343
-55
463
812
796
445
-230
-1052
-1475
-975
327
1600
1905
944
-641
-1736
-1669
-699
436
1245
1570
1256
266
-879
-1355
-933
-175
397
807
1079
896
241
-306
-469
-728
-1189
-938
485
1814
1584
194
-897
-1310
-1468
-1019
485
1892
1638
275
-383
-281
-743
-1414
-585
1299
1699
131
-938
-270
342
-295
-691
104
447
-599
-1023
535
1833
646
-1252
-1058
292
81
-1172
-737
1254
1908
531
-551
-365
-581
-1619
-1334
921
2388
1151
-720
-707
135
-412
-1506
-803
1167
1744
571
-169
226
104
-1038
-1456
-374
618
532
593
1484
1565
-283
-2235
-2030
-221
1063
1213
1009
626
-216
-938
-767
-161
-46
-228
24
459
343
-71
8
428
352
-299
-851
-991
-792
-30
1328
2237
1523
-335
-1617
-1599
-1077
-530
638
2331
2851
1127
-1321
-2292
-1801
-1202
-407
1400
2943
1987
-630
-1651
-586
-323
-1583
-1349
1302
2717
874
-895
7
711
-1261
-2576
-67
2760
1578
-942
-247
1465
-260
-2955
-1394
2261
1903
-1403
-1571
1116
991
-1762
-1452
1861
2122
-1227
-2088
846
1897
-646
-1581
889
1806
-751
-1976
311
1603
-493
-1844
101
1645
122
-1380
-363
661
-279
-804
618
1348
-279
-1660
-705
751
836
575
815
323
-1154
-1684
-504
736
985
933
728
-287
-1404
-1133
110
579
56
-329
-268
-68
575
1486
1260
-468
-1805
-1342
-56
824
1415
1520
318
-1317
-1327
16
474
-75
179
877
116
-1150
-355
1448
1012
-1054
-1428
-323
-410
-759
1248
3381
1524
-2243
-2495
68
465
-946
146
2626
1746
-1164
-837
1461
179
-3203
-2303
1907
2564
-252
-207
2457
1342
-2984
-3194
1066
2468
-220
-580
2206
1715
-2486
-3137
948
2317
-1184
-2581
896
2959
419
-1468
128
557
-2213
-2950
792
3610
1831
-607
-221
268
-1460
-2435
-403
1734
1286
24
-18
16
-903
-1393
-667
28
135
486
932
493
-357
-569
-634
-1091
-710
982
1791
425
-959
-670
-440
-1438
-1433
708
2033
588
-1003
-575
-230
-1479
-1685
709
2491
1223
-563
-460
-268
-1287
-1021
1570
2981
1112
-1032
-1009
-784
-1683
-1380
868
1842
317
-526
590
604
-1386
-1846
328
1452
164
-115
1647
1717
-922
-2135
-363
656
-483
-268
2002
1914
-1567
-3275
-795
1509
756
49
1340
1498
-783
-1632
674
2116
347
-1118
206
1346
6
-1148
-12
946
-253
-1350
-393
803
495
-138
-171
-696
-1666
-1108
1129
2597
2063
666
-753
-2009
-1960
-106
1371
728
-123
850
1741
341
-1387
-1067
-480
-1495
-1521
1499
3914
2105
-1034
-1488
-1147
-2778
-3184
990
5453
4420
222
-1302
-695
-1794
-3020
-676
2718
2267
-296
-95
1540
-79
-3557
-3573
-326
1477
1154
1673
2571
889
-2195
-2717
-714
558
647
1365
1964
470
-1776
-1949
-465
407
573
932
656
-741
-1377
-217
716
124
-139
989
1429
124
-734
-49
118
-943
-824
1047
1738
243
-594
386
592
-869
-1206
530
1467
395
-235
496
292
-1271
-1511
80
756
-145
-201
948
970
-151
-41
932
152
-1718
-1493
581
1479
1206
1914
2410
51
-3143
-2996
-423
582
356
1822
3335
1132
-2840
-3463
-1209
-468
-971
823
3520
2611
-876
-2051
-1130
-2146
-4044
-2023
3035
5184
3088
865
-128
-2127
-4103
-2318
2171
4183
2642
1162
760
-941
-3486
-3459
-748
1192
1282
1451
1834
750
-1102
-1443
-661
-681
-817
762
2862
2876
1092
-444
-1532
-2616
-2275
325
2749
2546
860
-254
-1221
-2593
-2546
-61
2388
2457
1365
999
718
-385
-1178
-859
-558
-580
602
2833
3221
424
-3172
-4869
-4201
-1513
2416
4993
3801
268
-2099
-2582
-2674
-1996
654
3486
3780
2368
1453
100
-2951
-4686
-2014
2098
2919
1534
1576
1763
-905
-3825
-2671
410
698
-206
1925
4615
2491
-2328
-3374
-907
-79
-547
1736
4546
2175
-3224
-4006
120
2271
720
246
1563
376
-2719
-2176
1796
2851
-65
-1047
1592
2464
-591
-2813
-1525
-62
-266
589
2804
2195
-2017
-4513
-2181
1296
1997
1011
414
-454
-1873
-1772
341
1550
87
-1746
-1327
613
1819
1543
339
-1079
-1728
-801
1024
1946
1070
-764
-1978
-1521
227
1440
685
-1067
-1583
-405
950
1497
1360
320
-1612
-2665
-1220
1184
1720
451
-496
-883
-1809
-2372
-990
930
907
-105
490
1902
1422
-398
-963
-604
-1201
-1452
896
3667
3013
69
-1112
-656
-1571
-3021
-1729
1181
1683
89
-100
656
-824
-3174
-2088
1487
2425
334
-231
1694
2386
1051
871
1991
973
-1886
-1945
1834
5062
5235
4439
3649
862
-3413
-4849
-1634
2772
4875
4732
3169
-51
-3799
-5221
-3291
-5
2538
3722
3189
847
-1961
-3482
-3399
-2216
-194
1581
1240
-1000
-2444
-2103
-2162
-3544
-3797
-1681
209
-90
-1058
-1883
-4563
-8639
-9195
-4214
971
1013
-2344
-4861
-6444
-8178
-7764
-3842
-632
-2136
-5305
-4997
-2424
-2445
-5228
-6879
-6227
-4975
-2863
1254
4739
3454
-1516
-4531
-2918
541
2710
3616
4351
5017
5658
6655
7352
6317
3754
2295
4446
9747
14807
16276
13920
10592
9055
9621
11311
13744
16506
18240
18243
17641
17192
15666
12734
11363
14129
18661
20107
17092
12181
7829
5159
5192
7310
7521
2281
-6359
-12856
-14895
-14826
-15363
-17320
-20855
-25425
-28904
-29769
-29578
-30587
-32007
-31494
-29148
-27078
-26243
-26467
-27944
-29811
-29108
-24456
-18911
-15974
-14852
-13048
-11096
-10601
-9965
-6687
-2097
877
2819
5805
8108
6571
3187
3316
7513
10843
10628
9206
8259
6339
3703
3843
7427
9740
7696
5048
6562
10574
12146
10991
11005
13361
15640
17480
21277
26229
27477
23808
20947
23418
27739
28574
27440
28994
31850
30674
25828
22679
21677
17897
11477
9017
11760
11807
4633
-3746
-7817
-11669
-19506
-25706
-23877
-18799
-18883
-22536
-23259
-23101
-28355
-32768
-32768
-23910
-16741
-16133
-15568
-12580
-13106
-17845
-17805
-9098
-142
2394
3518
8411
11966
8932
5051
7813
13734
15285
13875
15002
16036
10602
1422
-2956
-2042
-2870
-7116
-10005
-11499
-17082
-26273
-31231
-29120
-25971
-25709
-25054
-22399
-21919
-24539
-24113
-17641
-10812
-8103
-5720
-207
4366
4595
5145
10396
16188
17869
19193
24365
28537
26346
23156
26556
32518
32167
27113
25033
24657
19530
13200
14836
21528
21475
14473
11953
15470
13673
4275
69
6843
13683
13114
12373
14815
9426
-7607
-18936
-10431
5756
10314
4840
1446
-1919
-12811
-21891
-14763
442
3123
-6264
-8991
-2326
-2951
-14317
-19088
-10336
-3012
-5362
-5396
2361
2729
-11758
-22437
-13462
1783
3917
-1761
-494
3069
-3254
-11862
-7016
5535
7674
959
2060
10204
7617
-7513
-16321
-10950
-4894
-6217
-5936
-1044
-4321
-19767
-30633
-25357
-15687
-14909
-16779
-11857
-7432
-13191
-21435
-20027
-13024
-10295
-7872
2259
12562
10408
842
-929
5969
10569
11711
16840
23061
20310
11585
9516
13832
12864
7053
9100
19292
22878
15400
8781
8124
4949
-1063
2663
16552
22746
14189
6681
10255
12346
3907
-1506
7592
18993
19293
16679
19979
16521
-3724
-21184
-12726
10548
20710
14775
8812
3157
-12261
-26653
-19033
2988
10497
-924
-7723
-2287
-3637
-17955
-24934
-14878
-5593
-8193
-8280
2065
4655
-11662
-26250
-18738
-1811
2743
-819
2581
7410
141
-11006
-8235
3896
6978
1747
4388
14264
13644
-456
-10572
-7784
-2469
-1763
854
6805
4575
-9721
-21983
-20866
-13736
-11558
-11885
-8454
-5484
-9515
-16110
-16923
-13056
-10230
-7119
132
7038
6088
-408
-3367
-327
3872
7162
11038
13360
10543
5882
5999
9898
11131
9756
11596
16179
16748
12710
10478
11069
9117
5639
8167
15422
16372
8984
4816
9048
11825
7330
4974
11265
16832
13892
10462
12816
10390
-4117
-15260
-6570
11258
16340
8301
1356
-4079
-15726
-24083
-13140
7508
11728
-2755
-13055
-10754
-11119
-18956
-18395
-5475
764
-7989
-14344
-8095
-4942
-15186
-21702
-9972
4870
3907
-4651
-4433
-794
-5881
-11114
-2189
11791
11854
1716
-365
5663
4300
-5126
-7680
-726
2658
-1343
-2595
581
-2950
-14718
-20708
-14182
-6208
-6561
-10489
-11818
-13889
-18982
-20197
-13222
-5396
-4233
-6148
-4769
-1907
-1748
-1576
2951
9035
11397
11018
11696
12283
9964
7562
9664
14190
15417
13353
12485
12915
10915
7514
7946
12074
13870
11646
10085
10207
7014
623
-485
6960
13969
12929
8887
8946
10092
7826
7203
12528
15056
6131
-4819
-2551
9369
14419
9124
3573
-371
-9118
-16919
-9926
6824
11091
-2650
-15091
-14476
-11875
-15160
-14134
-4608
-1774
-13166
-22012
-15730
-8350
-14254
-21421
-14001
-1896
-2481
-9866
-8795
-4090
-8474
-13907
-4419
12042
14172
3087
-1431
4239
5442
-317
195
8258
9588
1594
-1646
3595
3357
-7630
-15278
-10424
-3308
-4352
-8846
-10625
-14119
-21867
-24715
-16279
-5560
-3971
-9173
-11879
-10445
-8762
-6298
-272
6470
8501
6432
5639
7912
10177
10718
11571
14147
16311
15551
12951
11843
13168
14617
14742
15064
16423
16438
13540
10404
9494
8612
5745
4585
8765
14021
13625
8776
5747
5703
5860
7213
11242
12447
5472
-3125
-2306
6417
11585
9056
3946
-1633
-8341
-10019
-515
11346
10271
-2599
-11791
-11355
-9058
-8114
-4275
-1122
-7593
-18775
-19920
-11597
-9552
-17148
-20413
-14105
-9524
-11502
-11056
-6730
-9177
-17480
-15466
-290
9514
4267
-2495
-244
2270
-1294
-1191
6939
10156
2188
-3096
2910
6783
-2259
-12231
-10035
-3395
-3842
-6732
-5617
-8064
-18972
-25375
-16626
-4230
-3537
-10171
-11929
-9815
-9919
-7994
527
7427
5052
1208
5535
12605
13174
10742
12691
16081
15683
15146
17801
17813
12214
9694
15898
22238
20368
15196
13116
10853
6350
6292
12099
13262
5447
-125
3689
7236
2517
-2430
-6
2961
635
381
5935
6090
-4741
-12131
-4185
7994
9176
3315
894
-883
-6722
-7612
3352
13240
7774
-4576
-7025
-1480
-783
-4638
-4375
-2688
-7524
-13640
-10826
-4429
-7619
-18105
-21872
-16330
-11415
-10796
-9623
-8552
-12859
-18794
-16721
-7435
-1291
-1757
-2901
-2182
-2925
-4689
-3081
1053
2685
1951
2865
4383
2260
-2057
-3467
-2067
-1543
-1499
221
832
-3102
-8014
-8449
-6241
-6153
-6553
-3488
140
-949
-4435
-4378
-1617
-619
273
5266
11012
10731
6075
4580
7262
8884
8880
11472
15834
16402
13010
11151
11998
11394
9159
10147
14775
17044
13782
8494
4596
1835
651
3018
7118
7530
2726
-2858
-5475
-5768
-5096
-3443
-1879
-2268
-3727
-3799
-3148
-4418
-6672
-6087
-2146
1828
3996
4786
3231
-1511
-5459
-3231
3525
7509
5940
2803
652
-2276
-5597
-5415
-1905
-713
-3743
-5971
-4928
-5510
-10597
-14485
-11811
-6391
-4492
-5273
-5158
-5968
-10202
-13027
-8509
-667
1447
-2367
-4330
-2220
-1560
-4072
-4608
-1534
37
-1575
-1089
2949
3618
-2492
-7758
-4942
1604
3756
1802
532
-596
-4037
-5920
-1473
4741
4314
-1398
-3370
540
3482
2041
456
1193
1296
430
2908
8366
9554
3866
-1199
873
6431
8903
8314
7734
6600
4141
3970
8266
11864
9186
3433
1843
4843
6916
5788
3685
1378
-1879
-3705
-1037
3240
2907
-2214
-5948
-5112
-2801
-1718
-790
257
-663
-2933
-2626
692
2280
33
-1737
438
3654
4170
3275
3338
2960
946
479
3772
6618
4357
-213
-1303
548
536
-1542
-1984
-1048
-2247
-4672
-4147
-1870
-3449
-8550
-10206
-6278
-3019
-4472
-6829
-6856
-7410
-10000
-10127
-5773
-2840
-5653
-9084
-7269
-3497
-3584
-5437
-3913
-859
-1081
-2616
-563
2890
2081
-1162
-269
4200
5579
3023
2260
4578
5156
3059
3050
5933
6635
4003
3349
6520
8223
5521
2786
3476
4659
3672
2979
4203
4121
1097
-780
1392
3985
3048
582
37
451
-282
-851
147
423
-1921
-4195
-3388
-1276
-1108
-2323
-2604
-2280
-2697
-2837
-1388
103
-309
-1451
-1275
-517
-947
-1850
-1396
21
708
532
354
-51
-1126
-1778
-761
1079
1821
983
-393
-1354
-1579
-1099
-481
-560
-1358
-1957
-1729
-980
-390
-558
-1702
-2919
-2501
-142
2090
2246
881
-339
-895
-731
765
3090
3878
2139
297
638
1827
1657
888
1244
1862
1206
388
971
1557
327
-1144
-561
698
44
-1475
-1173
273
370
-385
145
1247
904
286
1826
4210
4238
2455
2037
3196
3593
3176
3633
4117
2576
392
643
2574
2791
1107
191
292
-534
-1782
-1367
-403
-1789
-4604
-5259
-3752
-3406
-4774
-5251
-4504
-4754
-5743
-4937
-2840
-2659
-4403
-4737
-3049
-2214
-2849
-2311
-180
669
-467
-782
722
1612
1016
1300
3231
4192
2957
1882
2493
3060
2364
1946
2657
2674
947
-665
-662
-298
-865
-1472
-1262
-1265
-2247
-3074
-2801
-2347
-2615
-2866
-2320
-1678
-1787
-2227
-2220
-1761
-1130
-452
-134
-640
-1475
-1521
-551
516
904
637
100
-188
256
1140
1369
519
-332
-3
1341
2787
3717
3710
2657
1625
2208
4281
5855
5801
5111
4887
4989
5256
5979
6449
5314
3167
2413
3694
4879
4412
3072
1687
6
-1269
-544
1387
1415
-1195
-3453
-3383
-2667
-2986
-3361
-2999
-3205
-4309
-4231
-2386
-1483
-3054
-4599
-3813
-2194
-1779
-1669
-710
-363
-1709
-2665
-1407
202
-161
-1313
-1066
-153
-338
-913
-449
59
-886
-2093
-1610
-243
-84
-1010
-1474
-1418
-1692
-1871
-1202
-544
-979
-1671
-1279
-377
-345
-993
-1226
-1007
-902
-716
-175
91
-342
-718
-490
-387
-957
-1392
-962
-263
18
184
406
71
-799
-1022
-119
787
851
740
1128
1546
1598
1777
2240
2286
1834
1918
2943
3927
4104
3867
3569
2965
2355
2632
3650
4072
3364
2444
1948
1458
790
439
347
-172
-995
-1291
-1231
-1866
-3113
-3715
-3433
-3358
-3813
-3894
-3437
-3405
-3895
-3781
-2848
-2279
-2468
-2318
-1376
-663
-662
-420
560
1347
1351
1339
1822
2096
1789
1759
2520
3202
3042
2568
2443
2377
2057
1965
2425
2826
2576
2001
1691
1702
1832
1999
2020
1700
1294
1221
1335
1172
765
466
239
-93
-283
-145
-161
-739
-1411
-1638
-1757
-2196
-2523
-2284
-1992
-2200
-2447
-2258
-2232
-2909
-3489
-3044
-2088
-1635
-1580
-1375
-1332
-1830
-2127
-1457
-480
-211
-360
-127
268
253
190
590
940
707
561
1160
1733
1354
646
675
1108
1030
660
648
580
-142
-841
-641
-173
-515
-1268
-1427
-1285
-1718
-2319
-2132
-1552
-1617
-1991
-1611
-806
-801
-1448
-1437
-582
19
40
280
906
1126
812
799
1277
1412
942
716
1199
1678
1508
1044
813
704
537
591
1023
1366
1201
844
880
1347
1816
2051
2232
2559
2921
3050
2930
2887
3157
3509
3578
3412
3341
3355
3118
2578
2046
1613
1085
593
537
747
457
-554
-1531
-1863
-1900
-2158
-2444
-2441
-2461
-2844
-3195
-3043
-2786
-3045
-3485
-3303
-2640
-2430
-2889
-3211
-2901
-2394
-2101
-1826
-1487
-1516
-1987
-2150
-1476
-549
-188
-301
-274
-55
9
7
264
565
453
163
344
884
956
306
-365
-515
-418
-447
-486
-436
-578
-1014
-1343
-1307
-1209
-1326
-1424
-1241
-944
-741
-534
-293
-271
-507
-585
-241
271
668
988
1183
996
555
450
885
1333
1405
1368
1489
1560
1482
1556
1808
1792
1520
1695
2494
3026
2681
2116
2139
2473
2503
2412
2596
2712
2333
1920
2034
2186
1618
720
475
860
1011
692
412
262
-150
-662
-647
-205
-134
-580
-790
-444
-180
-443
-759
-650
-443
-616
-985
-1131
-1109
-1174
-1221
-1079
-1047
-1526
-2279
-2619
-2311
-1810
-1602
-1705
-1920
-2140
-2237
-2004
-1457
-985
-880
-913
-704
-338
-191
-255
-123
321
705
767
684
633
504
279
227
428
535
297
-55
-276
-499
-835
-1024
-920
-861
-1154
-1572
-1808
-1978
-2211
-2238
-1904
-1649
-1872
-2245
-2245
-1980
-1834
-1715
-1327
-853
-632
-486
-74
416
642
844
1449
2222
2615
2715
3023
3495
3689
3663
3878
4296
4426
4221
4109
4116
3806
3178
2783
2823
2855
2525
1988
1425
802
231
-15
-11
-177
-633
-1044
-1216
-1374
-1680
-1958
-2024
-1946
-1845
-1788
-1886
-2161
-2347
-2145
-1668
-1307
-1242
-1358
-1519
-1558
-1230
-554
-36
-71
-355
-332
-1
257
387
604
818
757
553
557
695
608
354
313
445
346
-1
-194
-174
-299
-618
-747
-608
-607
-899
-1097
-948
-723
-684
-710
-686
-759
-959
-998
-722
-377
-214
-194
-233
-384
-602
-700
-614
-455
-228
109
334
150
-305
-546
-376
9
461
925
1146
912
566
644
1045
1225
1152
1309
1739
1928
1738
1573
1499
1141
642
723
1435
1825
1339
592
263
141
-103
-180
93
159
-357
-867
-793
-588
-917
-1464
-1545
-1331
-1457
-1848
-1952
-1814
-1920
-2187
-2122
-1828
-1892
-2314
-2449
-2054
-1591
-1366
-1156
-843
-683
-746
-663
-190
430
886
1187
1442
1607
1673
1803
2089
2376
2472
2408
2363
2425
2506
2459
2233
1926
1674
1501
1345
1181
1024
840
590
331
130
-86
-407
-719
-816
-700
-574
-568
-682
-894
-1151
-1271
-1121
-799
-491
-246
-59
-36
-194
-302
-142
219
608
983
1256
1217
899
696
837
1050
1062
1029
1122
1113
807
452
295
147
-137
-246
1
136
-276
-886
-1113
-1009
-952
-908
-715
-673
-1087
-1579
-1595
-1285
-1162
-1225
-1155
-1093
-1403
-1891
-2053
-1893
-1803
-1821
-1727
-1658
-1917
-2321
-2413
-2186
-1977
-1828
-1570
-1329
-1346
-1455
-1301
-928
-602
-292
130
459
475
434
677
1051
1235
1338
1594
1823
1763
1633
1744
1899
1798
1671
1862
2117
2006
1695
1648
1806
1794
1655
1682
1753
1556
1265
1293
1528
1495
1161
928
909
851
699
655
714
675
550
538
607
554
394
341
464
658
850
978
933
734
604
644
701
700
774
892
780
395
71
-29
-131
-316
-322
-153
-277
-846
-1325
-1315
-1136
-1155
-1165
-972
-959
-1419
-1882
-1819
-1496
-1439
-1522
-1375
-1250
-1616
-2209
-2360
-2074
-1915
-2009
-2000
-1907
-2135
-2607
-2733
-2350
-1964
-1890
-1861
-1682
-1591
-1691
-1633
-1187
-656
-385
-274
-85
122
200
259
475
765
927
966
1020
1108
1133
1075
1019
1012
1014
978
893
795
732
720
722
712
708
716
713
718
814
999
1141
1150
1119
1185
1360
1563
1755
1906
1962
1921
1897
2004
2209
2381
2418
2299
2101
1956
1933
1973
1964
1879
1703
1387
984
693
602
529
320
106
14
-123
-464
-801
-884
-878
-1056
-1268
-1224
-1080
-1180
-1384
-1325
-1136
-1245
-1534
-1497
-1149
-1012
-1184
-1241
-1113
-1207
-1534
-1577
-1256
-1137
-1442
-1680
-1583
-1569
-1870
-2042
-1785
-1511
-1590
-1744
-1689
-1694
-1940
-1994
-1506
-897
-732
-893
-952
-883
-840
-647
-138
354
430
254
245
417
530
624
873
1152
1195
1049
943
893
817
830
1051
1280
1232
952
698
582
582
721
954
1043
844
554
445
503
575
642
745
803
778
819
1017
1203
1212
1165
1253
1436
1568
1646
1715
1695
1540
1396
1379
1359
1177
910
725
606
441
227
12
-235
-513
-699
-744
-801
-998
-1234
-1344
-1338
-1311
-1294
-1324
-1461
-1628
-1603
-1342
-1086
-1032
-1093
-1120
-1114
-1078
-910
-625
-443
-464
-513
-459
-445
-573
-641
-475
-246
-201
-292
-358
-426
-547
-549
-292
5
23
-170
-273
-219
-178
-170
-64
97
107
-41
-113
-8
127
195
286
440
506
395
278
360
602
813
926
1012
1086
1073
983
948
1021
1088
1051
994
1028
1084
1008
811
653
575
474
339
310
417
461
302
58
-92
-156
-209
-194
-52
72
-23
-271
-423
-397
-345
-351
-325
-233
-225
-394
-598
-665
-630
-613
-589
-491
-413
-504
-671
-666
-468
-323
-376
-488
-515
-514
-542
-507
-376
-304
-374
-423
-324
-238
-345
-520
-528
-372
-212
-99
-15
-33
-179
-272
-179
-40
-41
-105
-64
52
119
138
128
18
-156
-160
70
228
57
-285
-526
-623
-609
-388
-17
157
-37
-295
-305
-185
-141
-58
200
434
438
380
471
579
539
526
735
972
971
839
837
964
1094
1266
1503
1604
1429
1193
1172
1339
1519
1658
1721
1596
1315
1109
1071
1026
865
714
643
521
299
119
4
-192
-449
-525
-397
-369
-586
-834
-940
-1020
-1171
-1257
-1217
-1213
-1321
-1363
-1252
-1191
-1351
-1578
-1635
-1522
-1396
-1338
-1331
-1368
-1423
-1417
-1308
-1157
-1077
-1124
-1230
-1245
-1104
-932
-897
-955
-942
-859
-869
-984
-1035
-983
-958
-967
-851
-640
-596
-752
-782
-499
-155
-31
-27
78
243
347
490
787
1057
1064
932
991
1273
1496
1534
1561
1700
1832
1865
1946
2202
2493
2634
2674
2749
2784
2615
2348
2279
2470
2654
2621
2424
2176
1866
1536
1370
1450
1570
1493
1245
1015
854
702
573
553
611
597
431
174
-108
-408
-699
-888
-934
-937
-1059
-1362
-1756
-2100
-2320
-2430
-2491
-2560
-2677
-2846
-3005
-3061
-2978
-2841
-2766
-2764
-2740
-2651
-2572
-2549
-2479
-2251
-1916
-1614
-1383
-1192
-1069
-1051
-1004
-753
-356
-55
87
244
488
665
687
678
727
749
728
810
1005
1072
889
685
671
710
592
408
359
403
386
347
397
432
296
155
335
811
1181
1205
1061
995
999
994
1066
1276
1451
1395
1238
1228
1303
1179
841
610
645
735
700
642
655
604
432
352
492
630
540
345
265
261
191
119
172
277
300
250
193
107
-9
-49
48
216
376
464
363
65
-203
-254
-232
-322
-386
-274
-220
-454
-704
-646
-540
-780
-1146
-1251
-1374
-2019
-2891
-3241
-2974
-2552
-2012
-1062
-16
416
218
27
30
-206
-787
-1253
-1325
-1180
-923
-462
70
359
386
406
534
705
853
868
623
286
217
386
373
80
-129
-151
-274
-453
-270
229
495
447
584
931
869
259
-242
-255
-111
15
420
1032
1273
1044
933
1184
1347
1185
1028
1011
842
504
396
609
786
812
934
1144
1121
820
521
326
138
15
62
140
95
68
177
251
187
187
318
330
172
150
300
209
-258
-686
-824
-930
-1137
-1167
-953
-872
-1111
-1362
-1388
-1348
-1382
-1390
-1347
-1381
-1514
-1651
-1784
-1882
-1770
-1420
-1095
-925
-728
-482
-450
-603
-521
-156
11
-178
-281
-94
38
13
193
612
799
675
697
944
975
761
782
1096
1259
1238
1404
1622
1375
788
495
548
480
336
579
1085
1277
1148
1146
1256
1128
887
904
1021
868
599
553
602
500
401
387
67
-734
-1531
-1935
-2148
-2226
-1731
-611
421
859
919
767
157
-781
-1390
-1427
-1304
-1180
-761
-72
489
865
1242
1369
916
271
21
28
-73
26
665
1293
1283
985
905
626
-282
-1140
-1176
-814
-758
-719
-247
118
-226
-785
-935
-1074
-1680
-2203
-2047
-1644
-1521
-1298
-637
-129
-246
-445
-255
-178
-642
-1077
-932
-571
-400
-78
608
1055
759
130
-257
-459
-691
-756
-458
-36
236
400
575
730
798
765
629
483
461
527
570
708
1102
1507
1552
1355
1252
1130
774
536
821
1254
1324
1327
1686
1949
1626
1276
1517
1719
1076
120
-289
-527
-1172
-1466
-577
592
682
65
-107
-47
-608
-1331
-1220
-660
-662
-941
-544
278
536
224
24
-44
-354
-652
-522
-204
-36
202
611
728
367
-58
-440
-1119
-1819
-1742
-971
-467
-489
-428
-272
-692
-1550
-1903
-1611
-1475
-1717
-1764
-1528
-1529
-1758
-1673
-1239
-904
-746
-581
-519
-651
-699
-571
-551
-533
-39
685
836
479
405
531
160
-238
418
1570
1618
736
598
1358
1604
1298
1756
2650
2193
597
138
1341
2278
2079
2010
2498
2228
936
216
732
1233
998
884
1343
1581
1127
467
-73
-542
-645
-233
40
-247
-466
-275
-408
-1034
-1100
-495
-717
-2060
-2581
-1398
-333
-611
-826
-60
90
-1244
-2059
-992
83
-507
-1214
-429
389
-386
-1307
-590
450
-142
-1368
-1263
-492
-769
-1402
-594
1025
1245
-87
-1030
-778
-444
-678
-645
149
718
117
-930
-972
37
670
217
-281
111
530
-144
-1054
-625
651
969
355
400
1030
513
-1062
-1462
-115
878
408
-86
254
210
-630
-629
749
1567
764
-26
406
810
294
234
1438
2236
1475
737
1376
1944
974
-106
514
1740
1578
614
630
1245
854
-207
-282
503
516
-429
-905
-478
-181
-466
-768
-997
-1575
-2087
-1759
-1057
-967
-1108
-562
7
-601
-1571
-1280
-433
-905
-1929
-1087
1099
1599
143
-345
830
969
-610
-952
954
1947
389
-785
498
1674
448
-1007
-333
669
-192
-1228
-268
1108
606
-594
-398
317
-121
-819
-385
188
-323
-815
-141
524
-9
-705
-486
-159
-387
-231
715
1226
671
-11
-303
-641
-755
-34
669
270
-257
329
800
-287
-1388
-662
309
-495
-1301
181
1929
1030
-773
-255
1292
772
-665
-85
1319
679
-671
291
2270
2011
358
280
1165
611
-470
158
1318
753
-307
329
1360
618
-643
-415
117
-649
-1208
-155
517
-869
-2150
-1175
307
134
-525
-179
-147
-1466
-2248
-1112
132
-124
-570
61
656
328
93
344
-127
-1301
-1375
-4
1013
900
699
697
141
-531
-209
459
51
-880
-829
-109
95
110
563
485
-761
-1558
-645
452
63
-852
-930
-849
-1269
-1011
405
1130
56
-1158
-1042
-526
-545
-291
553
709
-161
-557
125
623
365
305
717
720
309
374
763
664
450
911
1439
1172
739
844
721
-13
-38
1145
1779
926
242
736
850
-170
-440
852
1475
188
-884
-220
444
-254
-694
315
1039
114
-906
-491
339
295
-28
98
71
-527
-1005
-886
-443
139
615
329
-575
-833
-243
-220
-1002
-941
103
61
-1249
-1292
339
722
-986
-1842
-744
-428
-1775
-1810
314
1237
-297
-1086
173
418
-1431
-2065
-257
705
-473
-670
1178
1766
-53
-939
434
991
-480
-1064
311
866
-255
-311
1382
1988
635
-207
227
4
-956
-595
844
1073
212
247
864
395
-389
100
680
-255
-1093
11
1318
843
248
1212
1672
-56
-1457
-396
783
-48
-608
1022
2259
927
-532
82
639
-565
-1087
673
1920
693
-506
192
567
-726
-1151
503
1352
-70
-934
324
1033
-303
-1070
196
927
-382
-1291
-265
481
-510
-1194
-167
691
-77
-1007
-821
-550
-942
-928
-53
405
-206
-874
-924
-855
-898
-683
-395
-568
-937
-864
-464
-172
47
197
-77
-613
-707
-335
-155
-163
172
592
490
243
421
395
-394
-882
-100
856
746
454
1021
1316
265
-648
98
1115
595
-389
-48
788
514
-152
149
651
168
-432
-41
432
-18
-453
36
466
45
-195
428
757
96
-374
102
477
19
-428
-254
-9
100
550
1047
793
137
-1
118
-156
-261
386
869
452
147
637
711
-250
-717
22
277
-592
-612
747
923
-861
-1519
309
1359
-373
-1857
-756
250
-1086
-2009
-153
1505
-1
-2076
-1415
86
-558
-1652
-532
915
-106
-1696
-770
1037
408
-1511
-1368
321
575
-395
-29
1438
1393
-311
-1172
-355
449
386
495
1224
1565
1017
386
238
116
-256
-287
460
1395
1630
1172
781
725
425
-343
-688
83
1066
977
279
434
1286
1183
-179
-1174
-922
-447
-480
-222
735
1207
311
-1023
-1537
-1327
-1028
-630
-51
187
-233
-780
-910
-811
-854
-987
-980
-733
-272
159
148
-250
-435
-263
-348
-818
-784
91
705
296
-167
299
828
195
-919
-988
-109
413
309
343
542
251
-361
-475
-149
-156
-506
-522
-188
-67
-52
376
823
376
-683
-1037
-342
341
353
292
623
781
343
-64
168
576
520
327
639
1197
1265
860
615
687
689
586
772
1215
1333
905
443
434
692
750
528
346
443
696
799
648
450
338
82
-486
-929
-639
193
695
480
22
-312
-793
-1530
-1912
-1417
-445
165
121
-265
-709
-1217
-1793
-2157
-1899
-1021
-184
-42
-382
-549
-608
-1143
-1855
-1687
-641
-3
-255
-354
226
486
-117
-551
-195
-65
-745
-1001
65
1288
1400
914
627
94
-892
-1188
-213
831
1004
968
1150
762
-232
-508
141
257
-390
-204
1002
1279
161
-332
491
712
-374
-803
230
786
-7
-296
741
1215
227
-434
125
310
-460
-440
810
1266
307
-77
778
927
-251
-761
154
697
218
355
1423
1504
197
-504
71
327
-151
112
1165
1282
344
54
535
218
-820
-877
80
470
153
206
296
-548
-1405
-887
32
-292
-1051
-729
-202
-827
-1416
-534
313
-663
-1934
-1329
-3
-77
-694
-145
503
-380
-1473
-881
287
211
-190
534
1205
363
-721
-480
67
-254
-236
1026
1817
869
-213
-53
106
-582
-560
792
1386
271
-441
345
611
-630
-1178
40
719
-370
-967
188
768
-584
-1468
-272
719
-312
-1332
-465
527
-150
-911
-108
686
-188
-1221
-608
477
347
-139
332
878
354
-300
23
515
299
249
1047
1541
865
162
476
890
476
134
764
1390
881
10
60
677
739
315
227
444
285
-285
-658
-564
-248
36
157
-12
-441
-867
-1080
-1068
-854
-465
-106
-61
-381
-801
-978
-757
-330
-97
-230
-458
-505
-456
-419
-224
125
182
-172
-311
106
403
55
-249
157
550
112
-354
253
1105
674
-454
-386
752
941
-180
-661
303
980
237
-468
239
1201
766
-431
-689
6
395
236
316
681
560
-110
-508
-267
132
271
236
129
-66
-169
8
239
169
-84
-141
15
101
51
-11
-106
-266
-276
3
280
199
-129
-368
-434
-370
-95
307
404
-9
-493
-579
-391
-233
-58
115
-111
-724
-890
-181
480
136
-633
-695
-264
-302
-586
-129
719
554
-607
-1133
-426
199
-111
-436
-11
351
-102
-606
-320
145
-41
-400
-164
243
84
-258
-43
401
298
-163
-215
180
459
449
364
255
143
223
430
392
203
422
966
1029
490
246
631
800
324
57
599
1192
1043
572
414
329
20
-85
270
517
327
237
483
381
-310
-678
-192
254
-146
-738
-598
-78
-39
-410
-571
-481
-484
-542
-465
-363
-332
-223
-87
-222
-514
-477
-148
-88
-348
-363
-54
16
-248
-279
-3
-45
-460
-452
192
558
93
-464
-334
48
-89
-483
-315
329
497
-146
-743
-486
162
125
-661
-1069
-446
370
311
-344
-574
-285
-251
-597
-621
-150
138
-52
-180
38
150
-91
-277
-188
-166
-306
-155
402
780
603
247
123
105
-6
-51
143
482
839
1096
977
380
-167
-47
506
725
536
603
1058
1130
463
-89
303
1050
944
36
-362
326
1046
787
136
162
554
249
-522
-471
476
907
269
-254
111
439
-95
-674
-338
324
288
-203
-339
-199
-285
-428
-263
-73
-222
-456
-509
-584
-684
-427
16
-55
-560
-625
-209
-228
-753
-799
-245
-140
-637
-649
-46
-42
-802
-967
-252
-115
-953
-1176
-161
451
-317
-997
-407
224
-380
-1189
-794
122
187
-300
-248
172
117
-272
-272
72
215
132
158
297
384
421
410
304
266
419
506
377
398
716
789
404
313
877
1172
590
101
545
1006
508
-58
435
1149
777
-39
45
581
350
-213
54
653
336
-456
-382
310
368
-113
-122
182
-62
-499
-226
288
14
-587
-383
259
162
-430
-382
118
-38
-704
-717
-45
217
-174
-351
-17
168
-101
-372
-372
-314
-295
-196
-67
-2
104
212
41
-343
-456
-221
-109
-216
-87
292
348
10
-148
-46
-212
-563
-371
295
501
69
-145
108
107
-277
-258
251
345
-144
-270
197
291
-272
-482
62
380
-51
-381
-84
94
-297
-511
-108
149
-203
-436
-93
130
-195
-370
-20
106
-354
-545
-4
367
-40
-392
-6
364
-25
-493
-239
202
60
-231
18
380
192
-137
48
348
113
-247
-24
413
286
-163
-119
341
470
190
88
270
260
-50
-219
-39
214
318
356
393
342
164
-56
-196
-150
82
325
418
432
485
450
207
-20
12
134
90
57
297
568
498
236
151
166
51
-28
119
198
-17
-121
200
460
189
-152
-7
195
-164
-648
-469
108
249
-19
-98
-36
-262
-539
-398
-159
-364
-664
-461
-126
-294
-538
-144
348
-75
-1010
-1151
-438
-53
-346
-418
89
355
-112
-652
-608
-257
-110
-124
-53
53
92
142
220
190
38
-67
-54
-19
11
119
318
487
500
338
115
2
39
94
102
179
336
348
127
-39
50
154
35
-131
-146
-163
-290
-269
-2
134
-94
-327
-285
-252
-451
-539
-256
38
-8
-156
-127
-94
-192
-188
-9
42
-80
-33
199
236
87
143
331
230
35
276
674
501
21
133
677
653
111
105
695
803
234
15
434
572
134
-25
376
544
199
32
231
174
-171
-132
216
122
-277
-137
360
225
-393
-382
216
240
-401
-546
44
314
-63
-209
137
155
-355
-534
-83
248
94
-16
144
124
-184
-335
-211
-126
-99
45
93
-161
-340
-134
21
-240
-448
-211
-34
-328
-537
-203
91
-182
-503
-359
-231
-541
-735
-398
-109
-298
-425
-164
-128
-569
-727
-280
-50
-425
-581
-92
218
-117
-332
-5
124
-289
-418
90
359
-14
-163
314
542
82
-203
172
429
128
13
463
716
380
172
452
571
272
232
625
701
289
177
560
658
281
188
554
620
218
103
455
562
235
103
305
288
27
66
335
267
-12
54
258
28
-317
-117
275
121
-247
-95
208
-70
-479
-211
235
-46
-571
-355
174
7
-470
-242
303
105
-494
-417
70
-53
-523
-342
217
142
-329
-228
195
-10
-549
-418
137
103
-341
-238
231
123
-403
-415
-20
-70
-453
-369
56
58
-261
-227
10
-132
-393
-181
157
-36
-403
-253
80
-85
-399
-158
285
178
-201
-143
130
0
-265
-85
234
123
-83
165
467
235
-122
37
327
116
-181
129
635
535
102
140
474
344
-136
-198
191
354
155
99
293
313
64
-52
94
173
31
-85
-11
80
20
-77
-17
169
237
43
-222
-263
-108
-72
-200
-163
137
304
105
-110
-40
37
-166
-356
-181
108
137
65
186
299
109
-151
-144
-51
-163
-251
7
337
293
30
-14
100
-12
-290
-334
-106
47
-18
-96
-60
-23
-80
-163
-194
-178
-182
-245
-302
-231
-60
5
-90
-126
-15
-11
-247
-414
-266
-65
-104
-162
33
220
68
-171
-123
11
-127
-314
-145
170
170
-20
29
219
144
-110
-129
53
69
-56
-8
176
184
34
-5
64
30
-69
-61
10
3
-11
62
102
31
12
126
183
91
21
42
-11
-118
-40
187
242
109
101
215
110
-178
-211
54
183
65
55
218
196
-38
-98
54
40
-144
-100
153
174
-48
-71
122
98
-144
-148
92
113
-106
-118
94
84
-161
-191
27
83
-46
2
182
124
-92
-75
81
15
-106
104
395
266
-63
-51
136
-12
-279
-93
303
250
-91
-47
270
184
-234
-289
24
64
-218
-235
62
124
-120
-193
-47
-108
-348
-327
-77
-41
-194
-137
56
-30
-298
-301
-113
-155
-335
-228
47
23
-217
-194
53
67
-149
-175
4
34
-83
-30
160
183
61
51
103
15
-94
4
164
151
97
185
211
-1
-151
20
202
78
-60
134
363
210
-76
-39
164
107
-84
-5
242
254
70
35
139
109
-27
-40
49
77
106
225
259
95
-12
112
193
9
-125
97
364
271
28
66
254
188
-39
-30
177
215
70
48
167
162
23
0
113
133
28
-20
18
2
-53
-28
31
0
-53
-18
10
-90
-174
-94
-6
-95
-194
-75
86
1
-190
-157
14
-30
-251
-282
-77
27
-79
-144
-52
3
-73
-128
-104
-117
-155
-86
32
15
-71
-17
94
3
-201
-187
8
15
-184
-202
35
126
-83
-220
-76
24
-156
-319
-178
31
-7
-152
-128
-34
-107
-258
-257
-140
-97
-124
-105
-66
-87
-124
-106
-79
-80
-51
10
5
-59
-49
37
46
-36
-33
88
151
99
85
157
170
92
74
140
148
85
102
198
210
137
138
185
118
5
58
210
202
81
132
304
267
28
-48
106
155
-6
-67
101
214
120
50
137
171
36
-56
28
111
79
78
187
239
160
96
112
81
-14
-14
90
124
61
69
150
120
-26
-89
-30
-16
-84
-79
10
24
-48
-51
11
-15
-126
-166
-138
-173
-237
-199
-119
-153
-240
-208
-124
-173
-291
-272
-155
-146
-219
-184
-69
-59
-144
-151
-95
-127
-209
-185
-96
-103
-158
-97
22
19
-65
-53
22
-6
-97
-75
26
23
-63
-51
43
47
-41
-56
8
0
-86
-100
-24
13
-18
-5
60
61
-19
-76
-75
-82
-98
-61
17
53
44
55
73
38
-25
-36
4
24
21
48
108
141
130
110
90
59
40
61
101
123
139
165
177
158
139
147
146
113
92
111
129
107
90
123
164
146
89
61
57
24
-34
-52
-10
39
58
62
62
38
-18
-77
-105
-106
-92
-66
-28
10
33
29
-8
-61
-91
-77
-39
-8
14
45
83
98
78
41
12
0
-3
-1
9
28
57
81
89
85
77
63
35
-1
-22
-16
10
37
55
61
52
26
-16
-72
-119
-136
-127
-115
-98
-69
-45
-57
-100
-129
-142
-169
-203
-190
-127
-78
-79
-85
-65
-56
-93
-126
-112
-79
-69
-60
-15
44
64
54
54
64
54
23
5
15
40
65
87
100
98
82
62
44
24
4
-4
10
38
58
58
53
59
65
51
28
20
20
7
-2
20
58
64
35
11
5
-12
-49
-64
-38
-2
16
30
53
68
56
28
6
-6
-10
-5
8
29
62
96
102
78
58
60
64
51
42
54
68
66
62
61
42
3
-9
6
-5
-54
-77
-46
-15
-23
-29
-5
-3
-51
-88
-78
-71
-97
-97
-41
-1
-33
-76
-67
-55
-94
-132
-113
-84
-102
-122
-89
-49
-61
-85
-64
-28
-31
-42
-17
14
8
-6
15
36
21
11
44
73
47
13
25
58
59
52
73
96
76
35
13
2
-17
-21
7
34
37
37
47
37
2
-15
-1
2
-22
-33
-11
4
-12
-28
-26
-31
-49
-43
-8
15
20
45
88
95
59
38
53
63
56
62
77
61
21
23
67
80
45
25
51
72
56
43
61
67
39
24
47
55
22
-2
17
31
-4
-50
-54
-41
-51
-74
-77
-72
-82
-92
-87
-82
-90
-92
-68
-42
-39
-48
-53
-67
-92
-101
-77
-47
-45
-58
-62
-64
-71
-68
-44
-19
-11
-8
7
24
30
32
36
29
7
-12
-11
-4
-5
-6
0
0
-16
-28
-24
-13
-8
-7
-4
-10
-15
-1
19
15
-10
-19
7
31
28
20
34
56
65
72
83
78
51
30
35
49
52
53
62
64
54
59
84
99
90
87
106
121
111
96
93
93
86
89
101
93
57
31
44
64
63
52
53
49
23
-4
-10
-6
-17
-40
-59
-78
-92
-89
-69
-68
-94
-119
-120
-110
-105
-104
-111
-134
-159
-160
-140
-133
-149
-155
-139
-123
-121
-113
-95
-90
-101
-106
-94
-92
-103
-100
-72
-51
-56
-65
-54
-30
-15
-7
-3
-4
-5
5
20
23
15
14
16
8
-6
-8
7
18
20
20
16
8
10
33
48
34
9
13
34
33
8
-2
13
24
17
8
12
18
23
38
59
67
58
48
42
32
23
31
54
72
70
61
53
44
31
20
16
9
-2
-6
3
17
25
25
23
22
23
23
16
3
-8
-7
2
7
4
-1
-4
-6
-12
-18
-25
-36
-46
-41
-13
16
20
-3
-29
-42
-45
-49
-51
-50
-52
-59
-55
-38
-30
-36
-40
-19
9
20
13
12
21
24
12
-2
-5
2
12
11
2
-5
1
18
29
35
43
51
53
50
52
56
48
33
30
39
38
19
6
9
12
4
3
15
27
31
38
53
60
50
34
24
11
-9
-19
-14
-11
-20
-26
-18
-11
-19
-27
-26
-25
-33
-40
-41
-46
-65
-79
-73
-63
-67
-79
-82
-78
-79
-81
-78
-73
-75
-72
-57
-36
-26
-32
-48
-65
-79
-86
-84
-74
-50
-19
-3
-19
-48
-53
-34
-19
-26
-37
-30
-6
18
35
49
55
55
61
81
102
108
103
102
107
109
109
119
137
144
130
106
96
108
126
130
120
110
110
116
120
121
117
100
77
66
83
111
123
111
94
86
79
65
50
40
28
8
-11
-16
-6
4
-1
-20
-40
-50
-48
-42
-38
-40
-49
-64
-78
-81
-77
-78
-91
-107
-115
-108
-90
-66
-57
-81
-121
-139
-122
-100
-105
-127
-133
-118
-107
-110
-109
-93
-79
-85
-113
-141
-147
-131
-110
-105
-123
-144
-143
-119
-94
-85
-86
-83
-74
-64
-60
-57
-47
-35
-27
-22
-20
-17
-20
-20
-6
26
60
78
82
93
117
137
136
117
91
73
72
83
99
108
112
120
131
142
152
166
177
178
168
158
151
144
130
115
102
94
93
96
89
70
52
50
57
57
48
43
39
25
3
-8
-10
-20
-44
-61
-56
-42
-37
-44
-51
-57
-63
-69
-77
-90
-108
-119
-120
-117
-110
-98
-84
-83
-105
-128
-128
-101
-73
-65
-75
-88
-94
-97
-102
-106
-103
-96
-96
-101
-95
-73
-52
-48
-58
-68
-72
-76
-76
-67
-50
-32
-17
-3
9
17
29
43
42
24
10
26
56
70
67
72
88
95
91
93
97
89
71
72
98
124
127
120
121
129
129
122
110
97
88
86
85
82
77
78
77
66
51
45
45
36
25
34
61
78
73
59
45
23
0
-8
7
18
3
-22
-36
-44
-51
-50
-33
-19
-28
-46
-50
-37
-30
-41
-55
-63
-65
-67
-67
-69
-73
-72
-52
-20
0
-9
-38
-59
-58
-53
-64
-88
-100
-85
-61
-50
-54
-58
-60
-64
-65
-51
-26
-13
-19
-29
-29
-20
-17
-27
-39
-43
-35
-17
6
31
59
78
76
53
34
42
64
72
67
65
67
57
43
46
70
81
62
44
53
77
84
73
66
70
75
71
62
56
54
60
68
65
49
38
48
55
38
0
-25
-26
-27
-46
-69
-71
-54
-35
-26
-24
-23
-28
-40
-53
-52
-32
-7
3
-16
-55
-85
-87
-66
-42
-32
-35
-40
-39
-33
-24
-20
-21
-23
-18
-3
9
1
-22
-41
-40
-26
-14
-10
-10
-14
-16
-4
27
57
66
56
47
46
44
39
38
47
55
49
30
8
-5
-1
13
19
9
-4
2
28
55
66
69
64
49
31
30
39
31
6
-9
1
18
21
23
45
71
69
42
20
13
7
-4
-6
4
11
0
-20
-39
-49
-47
-36
-25
-20
-17
-8
-1
-12
-37
-52
-50
-42
-41
-42
-37
-34
-36
-42
-46
-52
-54
-46
-30
-24
-30
-33
-23
-15
-20
-25
-14
3
8
2
5
18
20
6
-13
-21
-18
-13
-4
10
25
34
34
30
31
39
47
43
36
40
63
80
76
54
35
26
23
27
42
58
60
46
33
34
39
43
47
54
53
42
31
31
37
36
28
22
26
34
36
27
14
4
-1
1
5
9
13
16
14
5
-3
1
12
15
3
-12
-10
8
18
0
-30
-43
-31
-11
3
7
6
0
-9
-15
-15
-19
-31
-44
-43
-28
-13
-8
-18
-32
-42
-40
-31
-26
-28
-33
-29
-17
-6
-7
-15
-16
-6
4
3
-7
-10
-7
-12
-28
-36
-24
-8
-5
-11
-8
-1
-3
-16
-21
-7
12
21
18
9
-3
-8
2
21
28
19
11
12
13
-5
-29
-46
-55
-62
-57
-34
-7
-1
-17
-28
-24
-13
-6
-1
4
9
10
7
-4
-19
-23
-8
9
5
-15
-29
-28
-23
-29
-36
-29
-13
1
7
4
-7
-24
-32
-26
-14
-9
-11
-9
2
9
2
-12
-19
-12
-5
-5
-7
5
22
25
13
6
16
26
19
3
3
19
34
30
12
-1
1
15
25
26
23
26
30
23
5
-4
1
2
-12
-21
-11
10
20
22
32
43
31
2
-8
9
24
15
1
2
10
5
-6
-5
6
10
6
5
8
9
8
17
32
39
26
9
4
16
28
23
1
-16
-16
-6
-1
-6
-8
-4
1
-2
-7
-7
-5
-4
-6
-8
-15
-26
-32
-25
-10
-11
-25
-41
-40
-24
-5
6
8
4
1
3
7
10
9
5
-4
-9
-4
11
19
12
-4
-13
-12
-5
3
10
11
8
6
6
3
-5
-7
4
21
31
29
26
27
26
21
10
-3
-16
-24
-20
-6
5
-5
-29
-45
-34
-9
5
-2
-17
-27
-30
-34
-39
-38
-29
-22
-26
-36
-38
-28
-8
2
-3
-15
-17
-7
-1
-6
-16
-23
-26
-29
-27
-15
-5
-8
-19
-23
-17
-7
1
7
7
1
-6
-6
-10
-23
-32
-21
-4
-11
-35
-42
-24
-12
-21
-24
-2
24
22
3
0
11
10
-10
-30
-39
-38
-34
-29
-27
-27
-19
-1
10
6
8
35
65
59
25
11
35
57
41
6
-7
4
8
-8
-26
-22
-1
13
12
1
