141
-19
-142
-39
88
-13
-227
-262
-109
-27
-122
-227
-220
-229
-390
-561
-477
-161
40
-83
-288
-239
-32
-66
-412
-644
-461
-145
-131
-355
-398
-152
61
9
-128
-105
27
70
14
-3
53
79
25
-43
-86
-180
-391
-633
-756
-733
-669
-642
-621
-564
-519
-558
-693
-851
-918
-792
-515
-302
-316
-411
-325
-123
-158
-498
-704
-421
74
232
-15
-252
-223
-118
-154
-218
-93
162
252
45
-244
-290
-50
176
133
-53
-57
157
282
146
-7
133
484
700
641
501
474
498
406
204
60
29
-35
-217
-311
-83
316
466
297
223
487
740
586
269
317
687
800
413
-52
-173
-64
-39
-106
-86
26
108
178
337
509
478
200
-111
-245
-246
-278
-350
-322
-158
-33
-102
-285
-382
-285
-21
301
445
184
-355
-672
-508
-278
-513
-1025
-1131
-702
-381
-607
-970
-887
-495
-392
-714
-989
-879
-616
-601
-850
-1059
-1051
-895
-679
-391
-91
25
-102
-220
-94
91
-44
-490
-818
-763
-531
-407
-364
-250
-89
8
51
78
53
-9
16
141
173
25
-77
84
343
369
146
9
189
518
664
545
386
386
458
406
292
382
676
804
561
272
331
607
683
522
487
722
927
840
602
490
532
549
449
330
331
434
490
417
332
351
343
108
-205
-182
257
662
643
357
184
188
173
97
94
189
251
200
80
-36
-81
-10
127
191
126
23
-26
-47
-76
-65
16
72
-2
-191
-361
-369
-174
117
327
398
447
559
634
554
394
322
342
327
246
161
64
-114
-308
-331
-147
7
-96
-339
-376
-113
95
-103
-494
-531
-116
231
130
-125
-88
135
161
-3
-68
-50
-186
-374
-262
92
220
-27
-277
-268
-199
-281
-385
-338
-212
-151
-165
-258
-457
-627
-531
-193
68
70
-9
48
190
243
199
184
281
445
560
531
398
303
321
349
258
64
-115
-194
-138
24
162
139
20
38
261
464
430
234
108
150
265
300
153
-131
-345
-306
-91
50
16
-61
-48
27
90
130
137
65
-82
-224
-299
-292
-200
-43
90
95
-23
-144
-146
-17
125
152
100
138
305
401
309
241
421
652
566
215
14
107
222
186
143
154
44
-217
-342
-157
122
220
147
61
46
119
255
308
158
-42
-36
89
-14
-382
-624
-488
-214
-144
-273
-376
-354
-289
-279
-356
-495
-595
-563
-422
-290
-242
-269
-305
-259
-94
60
-2
-262
-450
-408
-320
-416
-636
-766
-747
-667
-567
-455
-376
-338
-249
-86
14
-44
-130
-83
6
-82
-346
-531
-441
-185
-30
-80
-182
-177
-127
-194
-342
-370
-233
-117
-130
-160
-132
-151
-275
-359
-296
-199
-171
-122
28
159
144
26
-116
-278
-363
-198
132
262
46
-216
-242
-180
-267
-374
-235
99
352
412
360
231
16
-181
-235
-190
-202
-312
-425
-457
-400
-277
-121
22
126
190
229
268
320
315
138
-160
-337
-267
-130
-151
-274
-285
-165
-79
-84
-55
116
417
742
926
830
509
244
231
363
418
356
269
183
63
-32
6
162
290
266
97
-104
-215
-204
-151
-122
-67
79
222
210
76
20
110
187
113
-32
-99
-89
-116
-182
-158
-25
14
-182
-384
-202
343
706
485
-22
-233
-53
130
90
2
14
32
14
115
384
647
772
811
780
598
324
183
244
316
268
220
300
451
562
609
603
557
558
671
793
770
633
561
631
762
863
872
729
493
375
486
645
640
513
411
311
132
-32
-64
-45
-103
-160
-105
-15
9
61
221
313
182
34
143
381
409
237
175
286
293
85
-84
-42
11
-132
-307
-246
-41
-45
-336
-582
-503
-224
-33
23
93
188
156
-10
-103
-5
147
182
117
53
-8
-97
-155
-118
-51
-69
-155
-159
13
266
382
234
-65
-281
-302
-207
-102
-1
93
148
188
270
334
269
159
234
464
516
240
-75
-136
-36
-13
-58
-47
-7
1
46
150
169
62
24
129
132
-142
-460
-511
-331
-125
56
208
200
-23
-252
-295
-242
-265
-340
-364
-352
-348
-337
-374
-538
-692
-586
-302
-256
-578
-878
-795
-495
-355
-444
-584
-687
-765
-767
-638
-459
-375
-417
-512
-587
-630
-680
-762
-801
-706
-552
-546
-701
-759
-575
-351
-298
-312
-191
-13
9
-140
-306
-404
-427
-372
-327
-433
-617
-616
-406
-303
-430
-463
-160
195
203
-60
-252
-304
-374
-451
-380
-190
-73
-103
-195
-278
-299
-178
58
203
121
-43
-70
18
50
-2
-28
-9
-25
-68
-26
97
106
-134
-458
-547
-308
15
156
143
187
355
514
548
459
315
208
261
469
593
407
41
-168
-119
-17
10
62
220
377
405
323
212
127
108
142
144
86
71
159
225
172
123
210
314
233
-3
-206
-279
-231
-82
63
44
-104
-133
31
160
134
169
411
634
636
567
585
530
288
112
242
484
518
370
264
253
313
481
667
621
350
224
377
457
240
59
225
484
479
353
402
502
375
149
129
270
319
304
402
497
337
-1
-207
-211
-216
-304
-349
-256
-71
96
101
-124
-384
-315
88
348
103
-368
-543
-372
-248
-376
-532
-481
-309
-237
-274
-231
-13
192
123
-182
-356
-157
157
150
-200
-483
-441
-258
-165
-85
125
312
220
-67
-177
53
345
337
13
-317
-410
-328
-270
-274
-197
11
166
92
-117
-207
-112
-35
-152
-380
-499
-408
-198
-33
-9
-78
-92
20
135
90
-54
-62
142
326
252
6
-142
-117
-106
-226
-325
-198
102
309
279
132
47
44
47
51
82
71
-45
-113
85
434
520
192
-151
-118
95
-6
-446
-709
-451
66
355
238
-85
-328
-327
-128
62
97
85
206
394
418
261
179
318
518
571
491
390
294
185
106
111
182
266
315
263
68
-182
-324
-278
-109
61
128
84
60
213
464
517
273
41
109
297
251
7
-90
26
76
-66
-162
-42
108
65
-115
-252
-324
-419
-537
-609
-638
-671
-690
-604
-385
-142
-27
-79
-180
-221
-231
-275
-294
-192
-42
-25
-148
-224
-153
-49
-17
-14
29
112
230
365
402
256
58
2
30
-62
-227
-199
52
228
140
-48
-144
-173
-213
-229
-210
-245
-330
-322
-172
-26
-17
-122
-254
-353
-347
-217
-102
-158
-343
-462
-418
-284
-165
-140
-236
-360
-338
-171
-68
-115
-142
-50
1
-67
-35
226
454
408
258
262
303
174
34
155
392
370
78
-142
-117
13
117
190
202
102
-52
-190
-356
-523
-474
-139
143
22
-333
-467
-299
-168
-244
-287
-103
110
74
-131
-173
50
258
165
-140
-326
-233
-25
87
58
-62
-264
-481
-537
-353
-96
-5
-75
-97
50
260
339
239
131
230
496
602
366
78
132
428
507
271
122
287
451
305
42
-4
107
93
-63
-142
-67
32
74
91
118
154
180
152
50
-8
143
417
495
256
-18
-11
187
223
-40
-352
-404
-214
-94
-220
-363
-189
208
360
115
-105
67
378
398
220
242
440
424
165
72
277
385
140
-158
-156
33
98
35
37
130
195
198
168
84
-19
21
222
310
91
-188
-157
134
308
235
148
175
127
-103
-292
-231
-80
-107
-240
-185
79
258
174
11
19
181
298
275
193
142
113
69
14
-25
-46
-62
-36
87
276
373
259
24
-99
-31
59
6
-90
7
295
455
232
-182
-318
0
400
411
56
-221
-163
7
-14
-179
-248
-169
-72
-7
65
107
58
7
74
179
158
69
128
335
438
303
86
-31
-33
51
241
451
454
181
-123
-196
-85
-18
-48
-20
117
184
37
-174
-157
138
421
423
198
-9
-86
-82
-4
170
283
102
-302
-538
-397
-113
2
-23
-5
30
-69
-238
-278
-167
-44
45
147
189
39
-202
-274
-143
-58
-176
-341
-360
-263
-195
-179
-152
-110
-107
-171
-279
-352
-285
-81
62
-75
-402
-572
-413
-151
-81
-182
-202
-35
154
171
22
-102
-30
193
337
259
101
106
256
288
120
17
186
413
353
39
-141
8
221
166
-87
-156
123
456
489
286
223
418
543
335
8
-57
121
186
-16
-261
-338
-286
-212
-117
-7
19
-66
-158
-204
-287
-439
-526
-420
-179
19
68
-4
-97
-130
-92
-32
23
90
139
93
-23
-53
47
104
-23
-203
-228
-139
-131
-216
-233
-140
-68
-90
-111
-48
50
115
157
202
241
249
226
180
111
33
-4
47
169
236
111
-139
-238
-13
353
533
469
388
453
586
677
728
753
686
524
389
361
339
186
-55
-218
-243
-227
-263
-303
-265
-181
-164
-240
-337
-419
-522
-616
-584
-418
-278
-268
-303
-315
-392
-562
-655
-565
-457
-471
-463
-291
-138
-217
-385
-395
-350
-493
-692
-623
-340
-225
-381
-517
-479
-444
-538
-616
-533
-367
-269
-298
-415
-513
-457
-255
-110
-152
-250
-265
-262
-305
-251
-4
218
184
29
22
110
37
-193
-297
-137
95
148
-19
-247
-349
-295
-254
-367
-484
-332
34
236
108
-71
-11
174
217
129
146
342
537
555
438
391
553
814
900
706
460
431
560
573
406
285
370
542
605
536
448
402
376
343
315
288
242
188
199
293
311
75
-320
-531
-409
-209
-191
-240
-128
47
46
-43
70
347
425
207
22
112
292
286
141
84
162
226
182
115
142
229
210
21
-155
-98
134
256
148
-8
-3
136
251
252
136
-18
-58
83
238
201
67
94
276
339
169
-34
-108
-123
-158
-156
-103
-83
-114
-109
-74
-111
-221
-281
-222
-68
141
332
383
292
246
338
402
314
244
353
466
358
169
177
341
377
190
-70
-270
-346
-235
-11
102
30
11
201
401
407
378
522
669
530
205
62
211
415
466
361
154
-80
-198
-113
52
96
12
-51
-17
56
114
162
198
191
143
110
129
171
172
127
90
81
30
-106
-212
-160
-45
-92
-310
-436
-317
-156
-205
-395
-456
-303
-140
-160
-294
-295
-55
236
309
168
70
154
247
172
19
-41
-43
-103
-174
-147
-92
-143
-268
-328
-290
-191
-33
137
169
19
-144
-167
-107
-47
41
115
26
-180
-208
33
213
72
-177
-228
-168
-269
-502
-593
-456
-268
-202
-285
-425
-449
-251
8
44
-122
-149
106
346
289
85
26
87
39
-139
-255
-232
-190
-211
-214
-98
74
141
59
-8
84
221
172
-55
-203
-171
-157
-271
-297
-65
194
168
-78
-242
-261
-302
-397
-400
-301
-246
-256
-187
-12
84
-20
-189
-210
-81
10
-62
-227
-358
-444
-541
-610
-538
-355
-264
-355
-453
-374
-200
-125
-167
-214
-253
-313
-288
-78
153
106
-219
-468
-388
-130
-26
-166
-322
-256
-13
145
74
-85
-126
-64
-85
-240
-383
-387
-281
-143
-18
33
-32
-135
-121
47
250
364
364
292
202
130
28
-159
-317
-213
149
404
284
-2
-102
-28
-30
-116
-81
74
111
-4
-23
163
333
291
152
113
131
23
-218
-362
-240
26
144
3
-183
-180
-77
-113
-244
-162
186
422
257
-73
-135
112
352
391
323
264
181
50
-50
-67
-75
-154
-252
-244
-84
126
235
207
150
180
270
299
231
191
300
512
652
621
487
391
406
473
465
321
130
53
140
250
221
88
32
101
126
9
-71
84
334
364
166
57
186
324
283
226
351
530
538
442
439
446
206
-218
-431
-252
35
104
19
51
224
275
38
-308
-439
-259
16
139
91
36
61
103
90
35
-29
-89
-95
17
186
241
121
-41
-106
-99
-123
-197
-268
-305
-287
-209
-130
-112
-96
56
278
288
-32
-389
-417
-154
61
75
35
69
84
-18
-151
-198
-181
-152
-68
119
311
365
294
245
290
343
286
125
-16
-13
117
193
51
-249
-427
-270
100
338
250
8
-55
160
386
310
-36
-280
-161
143
265
113
-86
-138
-88
-17
87
194
162
-29
-143
15
289
360
183
29
98
270
310
191
114
247
474
497
195
-166
-211
68
316
293
143
87
85
-5
-122
-92
69
210
299
404
462
338
102
10
149
337
409
421
461
469
371
248
225
277
265
148
24
-19
-23
-95
-256
-403
-428
-343
-238
-159
-99
-103
-226
-382
-385
-208
-53
-59
-113
-78
-34
-113
-220
-186
-69
-74
-210
-309
-348
-475
-675
-701
-452
-160
-68
-124
-157
-165
-253
-396
-450
-361
-221
-141
-156
-230
-282
-247
-178
-199
-331
-426
-373
-254
-210
-219
-180
-128
-214
-443
-626
-622
-542
-571
-690
-712
-569
-424
-451
-574
-543
-266
45
102
-121
-386
-474
-396
-301
-276
-309
-381
-479
-543
-471
-255
-33
43
-52
-201
-277
-249
-175
-125
-100
-58
-13
-58
-221
-332
-177
199
482
446
224
111
187
291
288
215
152
82
-49
-223
-341
-314
-166
-71
-195
-460
-557
-334
-47
-40
-269
-363
-151
144
295
359
473
589
590
520
500
511
454
359
360
471
549
477
325
281
450
728
905
885
795
794
850
819
677
545
483
413
302
243
315
467
602
648
570
402
273
277
325
291
235
314
478
527
448
434
503
423
112
-185
-262
-219
-191
-83
176
352
205
-111
-230
-88
58
52
5
26
49
2
-42
13
121
145
31
-137
-233
-221
-154
-91
-17
113
269
333
207
-67
-314
-371
-249
-156
-255
-438
-453
-273
-147
-212
-290
-225
-171
-309
-473
-381
-95
63
-3
-91
-72
-33
-37
-46
-88
-233
-389
-394
-296
-277
-316
-241
-93
-79
-159
-64
210
327
174
69
230
399
283
32
-34
70
103
11
-84
-162
-284
-362
-237
42
251
282
211
114
18
-4
100
195
66
-270
-519
-474
-282
-230
-362
-455
-338
-104
46
41
-24
-43
15
118
199
157
-37
-268
-382
-383
-401
-450
-379
-133
104
122
-44
-185
-182
-89
-1
43
50
40
37
55
75
77
65
57
91
182
244
149
-56
-125
42
174
-8
-282
-155
401
817
680
257
51
141
231
160
50
33
98
198
307
382
376
315
253
203
145
71
-16
-103
-136
-61
69
146
123
18
-156
-339
-357
-112
181
209
-4
-116
33
213
181
7
-109
-128
-131
-130
-101
-62
-17
61
137
115
5
-60
-28
-11
-105
-250
-313
-213
39
299
333
89
-149
-98
101
63
-225
-342
-61
322
418
234
35
-38
-23
11
-4
-110
-223
-192
-79
-152
-507
-871
-953
-819
-728
-751
-747
-634
-495
-430
-441
-482
-507
-481
-386
-258
-161
-111
-42
139
393
530
399
124
-39
-55
-141
-366
-470
-268
14
44
-119
-143
59
237
209
102
100
188
221
120
-45
-108
32
275
408
373
328
372
381
262
157
212
314
264
106
23
46
81
142
298
475
532
488
463
482
500
535
592
572
451
413
564
682
514
193
49
126
210
251
389
602
665
518
369
357
375
304
203
158
140
95
40
12
32
118
248
343
377
434
530
484
182
-139
-128
172
346
172
-96
-105
148
410
516
488
395
294
287
443
644
651
404
161
189
391
425
204
22
90
183
-6
-343
-417
-138
140
147
8
-44
-10
-25
-122
-232
-303
-307
-250
-210
-273
-388
-434
-413
-404
-372
-233
-105
-210
-498
-654
-542
-382
-363
-363
-223
-41
-15
-141
-269
-338
-400
-467
-466
-322
-62
158
169
22
-8
209
413
305
8
-113
-15
4
-166
-282
-192
-64
-39
11
201
403
459
425
422
441
434
432
424
338
213
194
260
189
-78
-272
-188
9
37
-91
-159
-105
-68
-133
-230
-276
-256
-197
-121
-40
60
197
322
337
228
104
85
178
324
476
603
643
538
312
89
-4
37
94
89
90
168
228
147
26
85
281
310
59
-196
-210
-121
-188
-381
-512
-549
-589
-604
-533
-469
-540
-642
-578
-373
-231
-230
-272
-291
-275
-161
52
145
-83
-433
-464
-71
337
362
76
-154
-143
-19
43
47
96
202
254
175
21
-112
-192
-183
14
395
679
572
161
-161
-223
-241
-401
-570
-575
-515
-573
-696
-690
-513
-283
-92
11
-24
-162
-246
-168
-12
86
126
175
257
361
477
532
436
251
162
199
206
130
121
241
300
178
38
56
144
176
230
360
348
26
-334
-321
-2
147
-60
-290
-227
4
105
61
96
301
527
582
419
125
-127
-161
34
234
183
-70
-180
61
426
532
334
146
174
263
192
16
-50
54
205
311
378
416
421
426
476
574
690
791
824
748
632
583
575
488
351
341
445
447
328
365
638
760
473
145
266
666
778
519
359
517
673
569
389
353
356
269
237
386
512
365
23
-249
-385
-480
-527
-451
-342
-386
-553
-593
-390
-154
-161
-403
-601
-567
-411
-367
-473
-539
-416
-192
-37
10
40
110
195
252
251
190
114
102
143
109
-67
-242
-218
-1
210
262
198
174
288
473
547
411
188
96
164
181
0
-249
-349
-282
-209
-222
-291
-366
-433
-499
-564
-631
-643
-535
-358
-298
-457
-679
-726
-540
-279
-106
-78
-138
-167
-69
103
168
21
-208
-291
-160
29
77
-58
-216
-201
-3
174
174
99
146
266
235
47
-1
255
555
553
267
4
-61
-5
60
110
93
-64
-291
-359
-169
77
97
-111
-257
-145
69
105
-48
-120
53
301
366
212
-14
-177
-204
-56
166
215
8
-194
-122
47
-90
-544
-849
-690
-292
-62
-88
-180
-159
39
380
680
684
371
58
38
222
324
235
49
-142
-287
-301
-172
-99
-257
-513
-590
-485
-438
-492
-405
-106
102
-21
-260
-256
-56
-26
-281
-502
-408
-111
84
36
-204
-517
-709
-576
-181
70
-127
-547
-686
-416
-106
-80
-231
-281
-177
-67
-56
-146
-302
-444
-462
-359
-250
-162
1
213
219
-85
-384
-289
148
520
604
500
298
-22
-330
-337
-12
296
326
252
326
434
308
35
-19
235
461
389
142
-14
-43
-52
-28
108
296
345
181
-71
-235
-221
-46
170
248
133
21
161
497
673
478
149
72
304
540
529
347
229
263
341
330
204
44
-58
-62
8
112
227
337
409
417
367
299
243
196
138
45
-78
-154
-84
114
260
177
-100
-350
-404
-296
-171
-115
-111
-112
-105
-116
-177
-277
-334
-245
-32
138
138
38
22
123
184
93
-55
-117
-108
-140
-209
-192
-46
125
217
233
222
181
89
-23
-92
-88
-42
-3
-3
-46
-142
-317
-532
-636
-516
-291
-186
-183
-8
380
564
208
-370
-550
-269
-86
-340
-720
-817
-715
-697
-684
-420
-16
122
-92
-271
-125
181
342
312
207
48
-141
-170
106
474
535
206
-169
-264
-106
76
152
114
-7
-126
-112
21
53
-136
-325
-232
61
201
56
-129
-125
-9
48
50
98
190
270
337
401
396
285
162
117
103
60
67
201
358
408
436
582
705
522
106
-108
88
365
323
18
-227
-285
-236
-86
191
429
402
175
18
10
-28
-147
-156
23
166
54
-233
-476
-588
-591
-503
-346
-189
-54
109
248
187
-100
-369
-383
-220
-128
-197
-318
-422
-552
-699
-734
-565
-281
-61
27
54
50
-84
-389
-639
-518
-48
344
350
152
105
195
139
-72
-120
116
313
162
-191
-371
-297
-223
-318
-418
-290
6
130
-113
-477
-543
-250
27
3
-133
-61
135
85
-299
-666
-695
-449
-183
-29
5
-98
-323
-566
-695
-657
-477
-230
-59
-99
-322
-542
-630
-627
-586
-436
-125
204
330
202
-25
-180
-196
-70
157
368
442
368
226
72
-43
1
290
652
763
525
215
111
176
235
304
486
688
694
480
231
78
16
64
257
462
443
167
-125
-193
-23
251
479
537
397
191
55
-30
-96
4
362
656
423
-245
-662
-392
203
479
325
136
176
296
269
106
-20
16
212
445
512
288
-101
-321
-121
386
808
831
484
68
-147
-94
129
402
640
812
911
909
761
532
426
539
664
533
228
96
241
396
376
330
372
305
-18
-332
-312
-101
-84
-252
-254
-42
-7
-332
-617
-413
159
590
614
391
190
121
157
212
182
56
-22
68
226
275
234
248
295
207
4
-47
222
650
977
1062
860
414
-2
-27
311
536
347
37
4
159
156
19
56
300
436
290
16
-209
-347
-359
-210
-24
19
-51
-86
-93
-180
-284
-269
-224
-340
-541
-549
-356
-264
-400
-531
-438
-243
-214
-403
-591
-523
-214
-18
-250
-690
-741
-241
251
238
-3
45
252
75
-490
-862
-748
-444
-173
232
764
921
398
-299
-369
282
945
965
408
-160
-333
-166
56
159
132
-50
-410
-782
-828
-414
192
594
640
396
-36
-472
-589
-236
291
518
346
71
-112
-290
-472
-400
52
562
726
581
449
374
113
-315
-477
-129
347
429
154
-15
74
77
-226
-525
-414
2
245
77
-297
-598
-789
-917
-883
-565
-101
193
191
71
4
-88
-302
-495
-452
-209
3
55
-73
-411
-843
-982
-566
79
375
226
-28
-284
-719
-1152
-1045
-335
309
347
-21
-382
-671
-855
-645
29
656
743
413
34
-335
-713
-806
-422
57
129
-101
-158
35
118
-51
-201
-125
26
27
-114
-211
-145
7
41
-156
-434
-497
-190
354
809
883
573
274
399
776
773
196
-324
-215
190
222
-68
-101
227
464
436
449
622
683
548
503
652
701
492
267
235
269
225
208
289
323
233
238
516
803
648
59
-383
-235
194
257
-86
-197
224
639
494
63
-47
177
345
390
461
408
88
-125
125
440
290
-22
109
456
371
7
6
233
60
-303
-107
419
262
-572
-910
-321
260
199
78
391
568
73
-532
-431
208
603
463
135
-97
-323
-702
-1080
-1033
-403
278
284
-291
-600
-323
-94
-315
-445
-55
312
124
-178
-56
94
-258
-689
-586
-297
-482
-917
-986
-821
-909
-1070
-838
-439
-440
-781
-984
-944
-804
-506
-78
113
-22
-68
65
-157
-801
-1015
-347
412
472
201
223
289
-28
-342
-151
174
73
-212
-211
-172
-495
-802
-509
108
328
111
-11
79
-4
-368
-652
-605
-413
-400
-656
-945
-904
-451
41
164
-24
-175
-186
-184
-136
98
411
565
563
536
440
198
-23
-38
58
108
203
437
635
617
477
355
248
205
317
412
239
3
114
390
263
-153
-122
446
771
493
187
226
206
-81
-158
142
244
-64
-142
261
367
-270
-789
-323
589
859
450
150
251
340
153
-93
-94
269
879
1316
1147
493
-77
-301
-411
-465
-199
291
385
-117
-542
-292
290
493
247
34
73
102
-89
-334
-366
-188
-36
-34
-44
86
208
77
-205
-273
-73
65
15
49
210
65
-559
-1073
-909
-410
-310
-618
-674
-227
224
249
52
8
107
130
79
98
154
86
-108
-262
-255
-115
65
166
129
125
393
748
607
-131
-646
-254
454
461
-5
155
913
997
117
-361
300
865
257
-523
-141
726
628
-90
-28
673
638
-196
-479
153
579
229
-155
-86
23
44
420
966
872
208
-3
487
751
324
-103
-12
191
157
166
322
289
94
179
434
265
-191
-98
598
883
280
-412
-471
-283
-397
-504
-81
593
842
590
323
263
157
-129
-316
-168
28
-196
-758
-1026
-742
-469
-714
-1052
-770
-64
258
68
-20
154
35
-563
-1036
-931
-521
-189
38
117
-136
-535
-564
-128
284
331
186
92
90
200
389
398
93
-164
-14
297
352
300
453
557
179
-383
-427
106
611
709
543
342
190
130
95
-42
-118
186
669
675
114
-287
-101
221
232
158
227
159
-169
-382
-350
-449
-702
-558
30
292
-104
-462
-250
42
-161
-574
-629
-318
24
177
17
-347
-398
130
559
120
-718
-890
-460
-374
-716
-682
-261
-312
-842
-854
-176
153
-288
-634
-354
-89
-307
-480
-211
8
-199
-402
-246
-70
-181
-331
-343
-426
-583
-465
-75
156
123
157
282
147
-205
-285
6
221
147
63
114
60
-196
-401
-353
-121
172
423
467
255
22
38
296
607
791
685
270
-122
-100
229
416
359
336
402
340
208
256
352
199
39
361
943
1054
609
220
154
142
174
483
756
411
-261
-343
257
681
576
517
758
745
223
-216
-114
191
258
134
-32
-227
-255
93
464
313
-150
-264
-101
-325
-814
-657
245
778
299
-371
-303
169
184
-244
-443
-221
-2
-55
-220
-284
-196
-8
94
-107
-468
-480
40
560
510
77
-153
-95
-103
-159
140
689
776
204
-233
68
549
408
-62
4
558
757
414
201
363
347
-22
-127
268
493
148
-138
209
714
672
254
48
115
181
248
363
286
-32
-171
51
194
7
-52
303
535
211
-146
79
512
447
40
-70
134
219
221
481
794
638
104
-194
-85
-4
-178
-305
-139
135
238
134
-65
-259
-360
-342
-288
-309
-410
-541
-668
-726
-628
-363
-59
101
-19
-363
-610
-443
3
217
2
-264
-286
-346
-720
-1047
-823
-224
140
49
-285
-708
-1050
-877
-30
794
740
-41
-599
-493
-176
-127
-254
-268
-114
73
92
-191
-574
-604
-234
-3
-197
-347
-94
76
-308
-736
-485
116
238
-67
-100
184
241
53
84
260
113
-200
-105
250
195
-248
-424
-218
-67
62
511
927
663
52
-18
369
406
154
360
858
806
383
518
973
650
-194
-137
803
1016
145
-271
378
708
-26
-578
-106
346
2
-185
383
597
-149
-485
480
1273
505
-666
-536
332
393
-196
-319
-124
-426
-847
-553
-11
-208
-830
-875
-437
-340
-615
-686
-497
-309
-49
193
-124
-886
-1010
-117
625
300
-348
-328
42
57
-94
-97
-345
-956
-1115
-406
343
424
261
274
54
-482
-519
213
726
361
-242
-495
-766
-1203
-1142
-463
-108
-481
-744
-399
-166
-559
-930
-657
-56
346
371
-130
-1015
-1361
-585
291
57
-555
-103
862
664
-423
-613
150
216
-527
-409
804
1356
608
-61
-27
-338
-1224
-1349
-326
438
194
-160
-134
-452
-1179
-1253
-496
-29
-184
-42
592
770
284
-34
-74
-483
-886
-240
945
1020
-40
-563
-6
401
63
-153
147
281
129
392
935
793
31
-261
83
207
70
447
1094
910
10
-325
128
276
-190
-323
173
428
119
-15
264
178
-519
-936
-463
366
874
1095
1231
1126
692
241
105
287
564
641
344
-113
-290
-133
-47
-239
-404
-217
318
965
1291
862
-36
-322
450
1237
1087
716
1125
1575
847
-315
-287
512
360
-486
-126
1334
1526
-233
-1721
-1439
-648
-577
-358
759
1519
781
-427
-651
-147
167
331
506
117
-784
-878
261
977
36
-1237
-1039
96
480
81
53
342
-86
-1030
-1145
-207
513
312
-89
-45
70
-158
-447
-532
-585
-526
50
803
651
-508
-1230
-561
444
424
-98
194
950
711
-428
-838
-144
206
-382
-589
280
861
137
-657
-160
760
641
-64
-72
342
153
-235
181
820
391
-608
-546
517
952
330
-118
89
-5
-715
-976
-267
419
272
-102
59
321
-111
-946
-1081
-98
1093
1288
465
-185
73
458
49
-470
126
1268
1229
74
-308
532
799
-333
-1230
-721
-52
-373
-704
-132
229
-510
-981
53
1269
1023
132
97
347
-277
-964
-448
399
97
-706
-578
-18
-248
-605
146
1071
472
-966
-1216
-287
172
-78
58
458
-8
-1078
-1395
-906
-694
-794
-422
57
-370
-1237
-1189
-374
-141
-595
-587
77
432
216
89
96
-306
-858
-772
-270
-289
-827
-1061
-867
-806
-869
-601
-219
-311
-645
-464
263
859
893
344
-649
-1480
-1296
-238
425
136
-137
302
579
-123
-974
-834
-49
377
393
387
63
-821
-1416
-747
798
1902
1746
502
-905
-1270
-242
882
667
-324
-423
353
460
-286
-444
193
153
-771
-910
165
723
59
-271
449
690
-248
-710
165
708
-79
-536
441
1158
326
-397
429
1128
-4
-1367
-905
178
-184
-991
-197
1219
946
-418
-557
277
28
-1017
-726
673
792
-565
-999
163
764
-229
-1011
-307
582
445
229
849
1189
110
-1232
-987
596
1653
1332
485
49
-69
-374
-842
-975
-589
-144
-82
-138
159
474
57
-788
-812
245
1085
878
506
802
890
-277
-1712
-1531
188
1392
940
-80
-281
38
-231
-939
-703
907
2282
1781
119
-558
185
636
-21
-308
773
1697
937
-275
-11
1043
938
-43
-89
787
974
293
18
251
25
-380
97
943
885
466
1032
1787
974
-647
-806
336
702
236
633
1551
942
-897
-1468
-316
586
616
879
1040
-236
-1795
-1168
872
1269
47
40
1310
958
-1103
-1558
300
1285
211
-280
802
813
-1153
-2132
-734
263
-813
-1508
-135
931
-231
-1551
-967
-19
-384
-593
665
1484
196
-1264
-680
619
377
-701
-717
-8
44
-359
-444
-629
-1150
-925
324
954
211
-196
831
1658
903
-35
354
973
458
-133
496
1226
712
71
661
1145
-163
-1811
-1310
609
1200
216
-170
585
800
-8
-318
381
721
212
155
914
903
-497
-1438
-567
667
451
-479
-417
318
228
-611
-925
-588
-387
-111
802
1317
89
-1687
-1536
238
825
-465
-1221
-342
91
-1123
-1876
-595
683
-144
-1459
-837
568
137
-1476
-1515
100
889
184
-196
423
542
-497
-1324
-957
-122
376
631
631
42
-772
-1035
-863
-829
-601
321
1097
701
13
520
1445
789
-961
-1107
864
2135
857
-1115
-1327
-357
-296
-1168
-1182
147
1273
1065
285
112
357
43
-795
-954
124
1258
972
-428
-1258
-885
-472
-854
-1060
-42
1207
864
-852
-1783
-892
399
501
-171
-311
86
8
-642
-833
-188
289
-263
-1211
-1297
-364
538
559
-56
-534
-552
-418
-449
-459
-71
551
669
-45
-924
-1174
-916
-630
-58
1159
2050
1144
-1038
-2100
-1046
315
309
-90
590
1326
222
-1841
-2006
158
1833
1184
-127
-12
642
-202
-1907
-1822
478
2178
1241
-678
-878
344
501
-872
-1420
197
2039
1838
323
-293
110
-190
-1407
-1585
251
2278
2286
658
-429
-177
-32
-1045
-1804
-404
2118
2505
5
-2065
-1146
606
13
-1619
-757
1920
2327
17
-1067
335
699
-1427
-2311
190
2317
887
-1075
20
1700
74
-2752
-2170
897
1835
286
-98
1316
1491
-277
-1331
-688
-157
-292
199
1025
607
-343
196
1361
645
-1058
-539
1746
2025
-121
-900
830
1448
-739
-2138
-159
2045
967
-1213
-591
1547
1010
-1849
-2505
144
1938
413
-1289
7
2111
1416
-791
-578
1716
1978
-470
-1509
759
2711
1394
-547
327
2265
1547
-970
-1339
831
2015
671
-791
-457
368
17
-722
-179
1385
1995
628
-1212
-1178
611
1290
-492
-1858
65
2891
2173
-1173
-2009
481
1592
-451
-1519
535
1730
-663
-2925
-1579
531
-87
-1125
631
2711
1359
-1436
-1468
423
647
-386
158
1558
985
-864
-1052
110
-27
-1330
-1406
-246
65
-622
-731
-350
-799
-1583
-1144
71
266
-625
-1066
-606
-268
-676
-1351
-1496
-718
446
701
-276
-903
-85
671
-177
-1101
-141
1140
286
-1214
-421
1338
679
-1280
-675
1687
1332
-1716
-2696
-477
839
-387
-922
535
929
-814
-1374
679
2106
976
-112
673
1125
-277
-1182
210
1704
955
-745
-1087
-314
82
-41
41
427
672
309
-765
-1623
-956
622
776
-807
-1496
-194
545
-832
-1798
-300
1400
870
-192
374
874
-721
-2368
-1471
325
185
-927
-658
111
-642
-1805
-1109
669
1260
753
572
490
-309
-961
-369
761
1359
1649
1767
838
-1059
-2129
-1345
219
1330
1818
1490
73
-1491
-1795
-947
99
1333
2668
2492
-68
-2839
-3250
-1752
-79
1712
3590
3525
598
-2216
-1909
172
1107
986
1239
1085
-640
-2475
-2529
-1475
-556
662
2080
1841
-153
-1091
51
660
-345
-230
1932
2588
23
-1888
-236
1752
556
-1382
-293
2128
1891
-506
-1576
-776
-244
-376
136
1026
786
-419
-922
-165
803
1048
673
394
777
1440
1247
18
-714
146
1405
1380
359
-459
-1062
-1758
-1692
-368
771
352
-765
-1158
-1032
-954
-330
967
1495
586
-355
-503
-984
-1865
-1001
1856
3102
394
-3259
-3776
-1682
-54
637
1681
2123
37
-3112
-3656
-1153
1082
1194
952
1803
2080
73
-2545
-2805
-693
1097
1120
653
1022
1518
811
-1003
-2699
-3271
-2298
-9
2244
2639
901
-1166
-1766
-903
344
1197
1433
1356
1734
2575
2258
-292
-3047
-3017
-621
1033
988
1028
1498
772
-649
-151
1858
1735
-905
-1694
1224
3699
2471
487
1326
2877
1366
-1852
-2681
-925
427
746
1677
2556
872
-2663
-4010
-1652
1166
1535
957
2094
3943
3312
-62
-3041
-3583
-2746
-1711
118
2716
3980
2659
395
-1168
-2748
-4575
-4032
531
5850
7129
3742
-1336
-5633
-7637
-5780
-741
3370
3679
2182
1590
713
-2208
-4882
-4260
-1589
268
1657
3798
4613
1810
-2299
-3782
-2737
-1802
-1192
684
3445
5012
4240
1129
-3481
-6945
-6303
-2062
2242
4570
5180
3583
-735
-5103
-6157
-4784
-3530
-1038
4622
9296
7110
2
-4829
-5323
-4574
-2720
2117
6607
5361
235
-2415
-2254
-3735
-6172
-4610
598
4087
4240
3493
1801
-2109
-5258
-4075
-960
-29
138
2387
4093
1844
-1637
-2466
-2362
-3584
-3163
746
3293
970
-1677
-530
317
-3223
-6749
-4876
-176
2552
3942
5373
4019
-927
-4249
-2835
-729
-1182
-1246
1198
2726
907
-1739
-3275
-4491
-3971
725
6084
5735
889
-1417
-1
336
-835
234
2173
472
-2601
-1126
3083
3329
144
-686
398
-1308
-4030
-2261
2407
4100
3195
3648
3785
179
-3588
-2289
1398
2243
1906
3774
4562
529
-4206
-4432
-2359
-1481
373
4209
4719
-304
-4295
-2930
-1243
-2930
-3115
1130
3969
1715
-421
782
344
-3712
-4843
-352
2625
69
-1852
979
3175
884
-1221
75
734
-1060
-600
3358
5016
2151
-54
798
649
-1733
-2096
393
1487
566
1285
2971
1262
-2615
-3074
-202
1075
609
2042
3930
1888
-2218
-2955
-1074
-1139
-2052
490
4685
5118
2122
88
-646
-2185
-2760
4
2876
1592
-1725
-2466
-1156
-901
-1193
-124
1150
1246
1670
2915
2136
-1478
-4023
-2911
-463
1079
2494
3443
1639
-1847
-2778
-831
7
-931
-116
2426
2208
-1416
-3511
-1737
696
1531
2100
2403
360
-2836
-3038
46
2161
1366
143
188
288
-217
-391
-213
-294
241
2003
2829
625
-2781
-4016
-2614
-176
2550
4735
4289
803
-2629
-3235
-1824
-210
1574
3373
3464
1390
-614
-906
-469
-316
177
1141
1388
659
4
-467
-1370
-1726
-114
2038
1791
-787
-2646
-2094
-118
1957
3124
1976
-1466
-4112
-3155
-121
1298
302
-1014
-1483
-1709
-2098
-2561
-3263
-3670
-2210
1165
3632
2710
-522
-3035
-3298
-1765
480
2161
2239
995
-279
-998
-1480
-1562
-722
486
820
27
-1187
-2300
-2790
-1898
-75
742
-130
-774
212
1297
727
-525
-773
-462
-630
-636
173
590
-280
-1056
-550
-85
-1020
-2047
-1321
475
1412
1019
9
-1132
-1833
-1365
-176
385
270
695
1570
1390
-32
-1275
-1850
-2299
-1938
254
2580
2141
-469
-1788
-960
-515
-1321
-1222
419
1334
770
908
2269
2080
-779
-3258
-2892
-1312
-656
-119
1245
1716
-70
-2188
-2431
-1683
-1506
-996
915
2441
1485
-756
-1766
-1471
-1167
-611
683
1209
-186
-1484
-432
1433
1323
71
493
2334
3063
2551
2558
2577
818
-1349
-789
1881
3049
2204
2186
3280
2573
-72
-862
1688
4431
5059
5018
5303
4297
1877
1012
2854
4545
4220
3972
5301
5787
3315
77
-703
856
2826
4625
6072
5879
3673
1506
1191
1935
2336
2799
4163
5544
5229
2768
-714
-3379
-3690
-1884
-335
-1036
-3183
-4808
-5870
-7557
-9544
-10385
-9854
-8549
-6321
-3788
-3863
-8232
-13384
-14030
-10052
-6273
-5720
-7014
-8395
-10024
-11462
-10890
-8296
-6287
-6302
-6743
-6201
-5793
-6628
-7298
-5946
-3284
-1661
-1982
-3043
-3429
-2806
-1590
-223
1027
1881
2029
1634
1727
3411
6371
8872
9596
8774
7376
6306
6710
9481
13485
15728
14568
11789
10470
11781
14742
17839
19792
20039
19557
20048
21499
22119
21280
20548
20958
21675
22221
23159
23581
21552
18442
18586
22415
24639
22260
19360
20075
21898
20622
16663
11209
1936
-10613
-18070
-14251
-5885
-4505
-11201
-18330
-22540
-25890
-27026
-22566
-16034
-14652
-17790
-18822
-17534
-19711
-24554
-23992
-15856
-7383
-4095
-4686
-7702
-13255
-17045
-12832
-2784
3763
3192
472
-1144
-3598
-6397
-5479
-1240
1298
1358
2571
3870
-114
-8591
-13920
-12838
-9758
-8051
-6729
-6614
-10806
-17422
-19938
-16433
-11642
-9066
-7690
-6788
-7373
-8474
-7692
-5352
-3188
-144
5546
11840
15271
15892
15773
15439
15596
18538
23697
26044
23107
19216
18825
20417
20691
19611
17839
14613
11360
11725
15190
16497
13583
9999
8186
7103
7104
9619
11926
10372
8081
10490
14900
14714
11965
13847
18915
19525
15781
13332
10083
741
-7907
-3954
8196
11437
1236
-10588
-17175
-22476
-25280
-18307
-6385
-5107
-16604
-25672
-24587
-22566
-25268
-24610
-16366
-9772
-11346
-15083
-16211
-19018
-23591
-20301
-6310
5982
5659
-2844
-9553
-11424
-8698
-44
11509
17133
13155
6079
2456
1483
834
1653
4096
4948
2551
-1751
-8051
-17330
-26121
-28539
-24255
-18667
-15658
-15730
-19371
-25668
-29258
-25332
-16352
-8284
-2594
2340
5270
4261
2077
2969
6469
9848
13366
17434
18357
13337
6616
4679
8003
12588
16299
18496
17027
11274
5575
4666
8001
12243
16067
18579
16658
8802
-562
-4754
-1592
5690
11986
12895
6778
-2771
-8309
-4944
5145
15189
19834
18750
15809
15139
17591
21486
26054
31488
32767
32767
28440
18532
8294
842
1087
10183
18651
13825
-4234
-22326
-30548
-30078
-24454
-15227
-8546
-12744
-24752
-31216
-27689
-23792
-24726
-22715
-13763
-7572
-11516
-18614
-20832
-20619
-19692
-11194
5325
15272
8670
-3617
-6076
636
7591
14110
22269
25813
19460
10761
9133
11137
9161
6183
8683
12485
8842
-1268
-10347
-15965
-19136
-17755
-11821
-8981
-15229
-25363
-30521
-29192
-24207
-16316
-7770
-4652
-8537
-12657
-11754
-8120
-3629
4458
14665
18583
13019
5548
2885
3433
5616
12181
20830
22143
13302
3703
1290
3494
6429
11696
18205
18477
9901
330
-3184
-2413
-600
2987
6770
4992
-2947
-9745
-10480
-7646
-3941
1010
5118
4472
1158
1493
5911
9676
12787
18725
24575
24010
19293
18494
21778
22590
20710
20846
20158
12068
1378
-142
6548
8262
469
-8179
-13025
-18377
-23422
-20658
-12178
-10692
-19271
-26022
-24298
-22295
-26004
-28304
-23317
-17579
-17820
-19934
-18956
-18382
-20335
-17547
-5575
6220
6726
-805
-4509
59
8597
17238
23807
24170
16679
8054
6842
12206
15756
13244
8194
4637
2318
-340
-3314
-6080
-8211
-8336
-5667
-3105
-5614
-14019
-22614
-24598
-18787
-10113
-4753
-5631
-11082
-16212
-16337
-10856
-3786
561
1932
3108
5449
7519
7932
7404
7612
9641
13630
18048
19442
15341
7950
2717
2594
5630
8345
9021
7314
3466
-1007
-4007
-5125
-5566
-5763
-5170
-4357
-4798
-6467
-7807
-7943
-6955
-4746
-1796
205
855
2370
5853
8653
8601
8001
9696
12408
14233
16924
21594
24260
21656
17399
15869
14603
10302
7415
11321
17068
15216
5836
-3419
-9872
-15328
-16607
-9702
-1662
-4554
-17439
-27289
-28104
-25889
-24158
-19177
-12148
-11508
-18513
-23505
-21254
-17572
-15963
-10841
-452
5970
2086
-4920
-5502
-299
5842
12938
20684
22782
15818
7406
6810
12587
17045
17748
16981
14489
8946
3535
2692
5209
6366
4888
2572
-663
-5947
-11205
-12713
-10364
-7724
-7528
-9895
-13777
-17336
-17935
-14462
-9199
-5678
-5188
-6408
-7307
-6381
-3252
836
3902
5113
5080
4532
3934
4068
5352
6817
7137
6282
4908
3190
1736
2147
4613
6392
4977
1406
-1690
-3544
-4379
-3364
-643
711
-1596
-5226
-6620
-6261
-6532
-6537
-3900
-7
1743
1719
2776
4396
3894
2709
5118
10629
14058
13776
13464
14756
14828
13003
12889
15415
16325
13684
11522
12287
11976
7288
1849
248
1047
889
569
1211
-736
-7974
-15574
-16691
-12366
-9113
-9338
-10825
-13240
-17688
-21232
-19400
-13857
-10722
-11405
-11708
-9947
-9022
-9692
-8584
-4454
-375
1939
4332
7153
7680
5710
5323
8514
11802
11769
9786
8689
8725
9273
10863
12845
12352
8339
3959
2541
3523
4331
3973
2751
537
-2636
-5702
-7745
-8877
-9158
-8151
-6341
-5522
-6966
-10073
-12981
-13657
-10934
-5896
-1754
-925
-2672
-4636
-5555
-5207
-3295
-310
1857
2078
1518
1401
1026
-145
-504
1276
3601
4155
3061
1710
258
-1394
-2044
-1043
13
-339
-1128
-1114
-1257
-2802
-4789
-5566
-5054
-3804
-1882
-232
-677
-2886
-3795
-1686
1654
4066
5476
6098
5590
5298
7660
11896
14038
12755
11203
11643
12530
12559
12893
13455
11893
8532
7380
9629
11071
8762
5351
3854
3151
1809
1357
2138
852
-3843
-7840
-7723
-6101
-6837
-9097
-10286
-10851
-11969
-12153
-10445
-9486
-11194
-12620
-10366
-6169
-4058
-4588
-5692
-6512
-6715
-4701
-340
2925
2371
218
213
2307
3985
4609
5050
5103
4559
4853
6540
7142
4729
1686
1608
4071
5700
4976
2961
673
-1150
-970
1620
3823
2565
-1073
-3145
-2116
-167
397
-564
-2241
-3911
-4489
-3232
-1364
-1217
-3208
-5150
-5110
-3637
-2587
-2818
-3757
-4466
-4456
-3855
-3332
-3614
-4705
-5683
-5535
-4231
-2889
-2763
-4015
-5506
-5959
-5229
-4161
-3400
-2873
-2440
-2367
-2781
-3208
-3093
-2347
-1036
870
2857
3638
2539
807
483
2026
4023
5178
5458
5213
4501
3753
3831
4701
5182
4769
4567
5462
6491
6293
5238
4713
5024
5458
5764
6089
5935
4864
3870
4382
5980
6733
5850
4475
3780
3767
4159
4918
5486
4914
3308
1965
1596
1479
866
96
-309
-654
-1419
-2388
-3124
-3689
-4226
-4429
-4148
-4028
-4730
-5820
-6255
-5807
-5241
-5110
-5190
-5189
-5164
-4963
-4096
-2674
-1692
-1695
-1881
-1304
-259
460
981
1823
2575
2491
2003
2159
2843
3095
2946
3238
3722
3200
1685
576
412
252
-395
-871
-1064
-1905
-3525
-4685
-4782
-4801
-5504
-6249
-6412
-6486
-6902
-7107
-6693
-6231
-6211
-6182
-5701
-5127
-4822
-4456
-3676
-2734
-2014
-1550
-1274
-1136
-861
-208
556
962
969
765
339
-206
-438
-293
-385
-972
-1416
-1358
-1484
-2269
-2983
-2899
-2475
-2313
-2059
-1458
-1278
-1887
-2092
-869
885
1845
2337
3347
4571
5241
5862
7265
8821
9491
9800
10829
12027
12115
11483
11595
12483
12904
12606
12356
12063
10967
9504
8917
9049
8496
6973
5605
4801
3748
2223
1070
570
-19
-987
-1769
-2290
-3206
-4464
-5089
-4792
-4479
-4777
-5234
-5359
-5325
-5288
-5089
-4907
-5220
-5812
-5785
-4883
-3930
-3702
-4123
-4737
-5186
-5095
-4283
-3326
-3143
-3867
-4709
-5014
-4800
-4281
-3625
-3226
-3446
-3957
-3997
-3385
-2643
-2096
-1589
-1120
-996
-1179
-1199
-883
-534
-237
306
1052
1402
1022
349
-46
-75
134
543
901
664
-309
-1374
-1849
-1831
-1881
-2210
-2644
-3108
-3625
-3991
-3988
-3861
-4062
-4528
-4705
-4364
-3905
-3700
-3595
-3323
-2961
-2660
-2288
-1711
-1123
-701
-197
647
1537
1988
2103
2430
3140
3843
4227
4335
4256
4089
4218
5003
6060
6476
5960
5241
5103
5542
6110
6519
6591
6182
5538
5316
5770
6338
6405
6083
5836
5727
5538
5337
5379
5642
5887
5998
5887
5346
4415
3673
3657
4108
4228
3608
2509
1382
523
109
63
-63
-690
-1658
-2442
-2899
-3379
-4108
-4885
-5451
-5808
-6029
-6118
-6145
-6256
-6397
-6353
-6144
-6067
-6213
-6262
-5944
-5403
-4913
-4520
-4206
-4071
-4071
-3869
-3283
-2647
-2352
-2283
-2091
-1793
-1603
-1406
-949
-440
-350
-651
-824
-648
-388
-214
-75
-186
-867
-1778
-2049
-1467
-812
-738
-1096
-1595
-2286
-2953
-2934
-2158
-1535
-1684
-2083
-2116
-2089
-2352
-2350
-1561
-611
-387
-667
-741
-687
-860
-796
57
1040
1112
568
515
1068
1473
1695
2301
3027
3084
2746
3046
3915
4274
3974
3951
4360
4297
3648
3453
4019
4363
3986
3601
3557
3194
2398
2155
2810
3283
2822
2127
1926
1860
1612
1730
2396
2697
2118
1519
1686
2105
2119
2107
2474
2656
2211
1836
2197
2732
2683
2362
2357
2377
1978
1583
1709
1955
1767
1450
1430
1311
643
-106
-340
-370
-752
-1293
-1639
-2113
-2989
-3671
-3599
-3303
-3583
-4258
-4704
-4952
-5286
-5367
-4833
-4211
-4225
-4653
-4798
-4601
-4356
-3898
-3034
-2302
-2288
-2608
-2491
-1994
-1686
-1570
-1279
-961
-991
-1105
-823
-427
-562
-1083
-1255
-962
-756
-847
-942
-1019
-1371
-1903
-2158
-2103
-2137
-2325
-2351
-2219
-2294
-2568
-2595
-2261
-1952
-1861
-1744
-1470
-1234
-1049
-630
42
568
773
990
1459
1927
2127
2253
2616
3155
3599
3852
3965
3947
3899
4099
4638
5174
5316
5109
4881
4741
4569
4359
4236
4162
3972
3672
3391
3059
2502
1870
1586
1730
1854
1596
1125
781
592
434
348
411
489
463
468
612
683
483
241
322
677
962
1038
981
772
404
178
378
758
811
501
227
145
41
-129
-141
-28
-153
-599
-1013
-1197
-1369
-1659
-1837
-1784
-1789
-2114
-2620
-3084
-3470
-3706
-3585
-3208
-3115
-3616
-4327
-4673
-4564
-4244
-3853
-3500
-3447
-3752
-3984
-3731
-3211
-2942
-2987
-2976
-2750
-2514
-2385
-2255
-2104
-2059
-2089
-2000
-1796
-1692
-1713
-1627
-1351
-1089
-996
-975
-916
-836
-682
-318
175
463
391
207
211
410
684
1022
1392
1619
1605
1523
1608
1878
2205
2508
2753
2900
2987
3110
3255
3334
3392
3556
3756
3773
3611
3514
3566
3601
3556
3555
3563
3387
3096
3019
3173
3184
2886
2560
2414
2313
2179
2144
2137
1869
1427
1305
1580
1725
1469
1196
1166
1072
753
611
852
1009
767
537
642
657
203
-272
-225
80
126
24
56
-58
-612
-1123
-986
-483
-293
-430
-521
-694
-1228
-1713
-1566
-1101
-1103
-1568
-1866
-1922
-2203
-2655
-2742
-2507
-2559
-2947
-3076
-2822
-2741
-3010
-3095
-2741
-2375
-2286
-2203
-1995
-1977
-2192
-2184
-1799
-1512
-1618
-1774
-1690
-1608
-1706
-1716
-1524
-1538
-1972
-2367
-2305
-2086
-2181
-2477
-2578
-2494
-2474
-2488
-2362
-2194
-2180
-2200
-2009
-1650
-1341
-1092
-787
-469
-230
26
419
853
1212
1606
2151
2678
2962
3084
3305
3672
4029
4319
4598
4846
4966
4963
4928
4899
4872
4868
4866
4771
4565
4359
4183
3907
3475
3047
2752
2480
2125
1796
1619
1491
1270
1033
901
776
491
132
-58
-21
64
9
-253
-672
-1053
-1170
-1062
-1052
-1296
-1536
-1505
-1358
-1412
-1650
-1828
-1894
-1944
-1917
-1720
-1566
-1759
-2171
-2351
-2145
-1859
-1758
-1782
-1808
-1835
-1833
-1694
-1454
-1272
-1114
-799
-401
-262
-479
-697
-605
-324
-130
-46
22
-4
-244
-585
-772
-743
-652
-617
-643
-740
-964
-1282
-1526
-1538
-1354
-1164
-1130
-1246
-1419
-1601
-1780
-1875
-1785
-1571
-1434
-1471
-1586
-1684
-1763
-1770
-1570
-1205
-939
-924
-1004
-992
-912
-807
-564
-164
150
174
37
-40
-38
18
239
633
913
878
737
774
920
971
1001
1174
1393
1493
1574
1772
1942
1947
2010
2359
2758
2852
2760
2836
3071
3200
3218
3282
3278
3013
2683
2600
2625
2412
2066
1966
2070
2007
1756
1627
1604
1369
979
837
968
930
554
188
84
87
59
91
156
48
-209
-358
-383
-541
-827
-942
-832
-770
-803
-655
-313
-139
-249
-301
-104
45
-105
-352
-427
-400
-447
-558
-679
-845
-1012
-1039
-993
-1137
-1475
-1671
-1543
-1304
-1165
-1066
-944
-923
-1039
-1078
-904
-685
-603
-605
-590
-602
-676
-729
-721
-732
-786
-836
-951
-1251
-1619
-1784
-1748
-1808
-2062
-2254
-2253
-2267
-2426
-2521
-2401
-2295
-2439
-2663
-2677
-2502
-2336
-2176
-1925
-1689
-1646
-1686
-1517
-1071
-556
-132
216
525
799
1123
1604
2141
2487
2585
2646
2831
3034
3099
3105
3235
3461
3554
3399
3143
2974
2879
2720
2470
2243
2097
1932
1652
1339
1158
1131
1099
931
676
461
321
207
109
60
40
-20
-126
-201
-188
-78
126
392
606
684
721
878
1111
1183
1028
869
882
955
929
884
953
1029
901
590
299
112
-63
-292
-535
-751
-927
-1060
-1195
-1417
-1665
-1740
-1595
-1465
-1525
-1645
-1648
-1586
-1528
-1363
-1078
-965
-1222
-1570
-1624
-1433
-1276
-1179
-1029
-926
-1002
-1077
-950
-801
-884
-1033
-969
-863
-1033
-1345
-1464
-1509
-1806
-2189
-2245
-2116
-2326
-2871
-3210
-3182
-3185
-3389
-3467
-3242
-2926
-2630
-2203
-1708
-1443
-1380
-1144
-625
-95
348
858
1336
1491
1490
1868
2653
3243
3344
3364
3620
3828
3683
3405
3335
3434
3497
3490
3399
3104
2638
2254
2063
1913
1711
1552
1434
1189
822
551
434
299
91
-26
17
109
207
378
583
723
860
1069
1218
1189
1185
1417
1670
1618
1389
1325
1345
1119
722
504
408
62
-510
-886
-985
-1155
-1494
-1700
-1719
-1887
-2297
-2583
-2548
-2463
-2536
-2571
-2393
-2179
-2107
-2042
-1823
-1530
-1274
-1004
-705
-517
-453
-297
65
449
665
762
861
951
999
1058
1146
1166
1071
938
784
497
42
-432
-805
-1129
-1471
-1773
-2006
-2274
-2659
-3047
-3272
-3340
-3357
-3322
-3148
-2868
-2637
-2502
-2314
-1957
-1515
-1130
-779
-369
43
334
587
1011
1554
1919
2024
2154
2459
2678
2632
2612
2904
3221
3112
2705
2506
2608
2650
2475
2295
2183
1969
1652
1452
1369
1186
920
832
917
890
711
659
781
801
685
754
1089
1326
1270
1219
1427
1680
1683
1521
1410
1338
1180
955
724
450
129
-124
-272
-451
-745
-1078
-1404
-1779
-2155
-2340
-2300
-2313
-2597
-2984
-3139
-2995
-2780
-2659
-2574
-2448
-2351
-2334
-2230
-1840
-1276
-852
-626
-297
302
888
1155
1251
1528
1991
2349
2492
2582
2701
2749
2668
2500
2256
1935
1636
1446
1270
981
617
245
-201
-724
-1117
-1269
-1418
-1782
-2167
-2263
-2140
-2105
-2212
-2268
-2222
-2170
-2086
-1849
-1489
-1139
-830
-554
-401
-407
-400
-217
54
261
421
582
651
564
441
388
335
241
224
309
289
66
-120
-68
18
-187
-646
-1037
-1179
-1153
-1099
-1083
-1103
-1068
-884
-628
-477
-401
-152
328
764
962
1110
1424
1771
1923
1968
2142
2399
2527
2546
2659
2836
2820
2576
2359
2273
2110
1737
1327
1045
800
506
282
184
-8
-454
-934
-1158
-1202
-1332
-1551
-1652
-1639
-1749
-2027
-2212
-2069
-1665
-1259
-1049
-1025
-967
-665
-201
131
250
392
680
878
811
699
793
927
808
521
368
356
221
-125
-513
-818
-1049
-1198
-1242
-1269
-1398
-1593
-1740
-1821
-1889
-1940
-1932
-1852
-1669
-1359
-1008
-770
-662
-535
-317
-86
133
440
864
1251
1444
1466
1453
1472
1457
1305
1054
902
953
1008
805
422
137
-47
-386
-878
-1237
-1413
-1689
-2126
-2439
-2512
-2583
-2740
-2769
-2657
-2664
-2763
-2581
-2074
-1664
-1530
-1381
-1084
-871
-734
-345
242
553
554
787
1422
1937
2014
1973
2053
2076
2051
2300
2732
2794
2445
2278
2430
2288
1645
1188
1348
1593
1399
1091
1114
1203
942
584
627
1011
1279
1249
1085
968
999
1210
1478
1621
1659
1725
1789
1767
1809
2049
2241
2115
1921
2029
2188
1866
1218
881
809
201
-1174
-2424
-2683
-2101
-1281
-448
279
370
-558
-1961
-2873
-3069
-3110
-3302
-3298
-2836
-2232
-1852
-1605
-1297
-1046
-996
-962
-764
-581
-592
-578
-297
82
333
624
1070
1287
1032
902
1527
2343
2160
883
-328
-718
-724
-897
-1014
-759
-471
-620
-1052
-1323
-1387
-1534
-1852
-2156
-2265
-2149
-1897
-1659
-1494
-1284
-967
-727
-730
-806
-701
-470
-316
-138
317
981
1493
1689
1741
1830
1933
1924
1710
1305
886
663
632
619
579
604
624
413
-20
-387
-549
-657
-801
-866
-839
-889
-1017
-986
-713
-402
-174
128
634
1208
1620
1789
1793
1803
1984
2320
2611
2764
2915
3123
3198
3014
2752
2600
2459
2200
1922
1719
1458
1065
735
596
445
78
-386
-772
-1172
-1713
-2264
-2616
-2765
-2825
-2827
-2773
-2729
-2716
-2669
-2543
-2331
-1982
-1492
-1007
-657
-381
-92
111
151
187
401
712
936
1043
1047
888
660
634
835
906
631
240
-34
-304
-648
-821
-697
-614
-879
-1295
-1506
-1517
-1526
-1535
-1445
-1302
-1181
-1058
-951
-941
-965
-839
-588
-398
-264
-31
207
181
-44
-120
18
55
-109
-186
-31
76
-119
-469
-716
-853
-1025
-1234
-1354
-1341
-1305
-1348
-1437
-1494
-1580
-1832
-2153
-2231
-2014
-1857
-1937
-1891
-1405
-764
-381
-110
372
855
956
874
1078
1481
1668
1717
2022
2466
2559
2301
2162
2232
2149
1816
1518
1308
922
378
56
128
354
519
658
813
899
883
824
747
625
435
157
-161
-310
-138
149
234
229
516
996
1046
453
-140
-108
331
588
633
872
1333
1576
1423
1215
1189
1067
579
27
-91
164
254
-50
-430
-635
-836
-1151
-1283
-986
-532
-370
-520
-665
-615
-368
80
653
1060
1067
772
401
54
-142
69
695
1259
1272
814
330
38
-175
-355
-354
-122
81
-64
-546
-1006
-1180
-1197
-1275
-1301
-1077
-856
-1070
-1547
-1651
-1281
-1027
-1163
-1298
-1218
-1227
-1370
-1260
-980
-1088
-1409
-1002
194
978
757
434
703
857
301
-158
311
1166
1577
1782
2153
2088
1135
179
203
750
860
616
608
699
550
567
1179
1809
1661
877
78
-547
-882
-449
790
1914
2183
1951
1784
1473
730
65
126
748
1365
1794
2092
2195
2193
2363
2537
2127
1093
186
-87
10
214
671
1226
1245
651
268
535
725
142
-647
-726
-360
-585
-1453
-1841
-1112
-13
481
362
45
-593
-1722
-2642
-2477
-1573
-1049
-1059
-754
-22
274
53
340
1173
1011
-704
-2128
-1657
-338
76
5
796
1809
1289
-466
-1426
-1117
-1096
-1939
-2200
-1055
164
118
-604
-849
-855
-1496
-2536
-2952
-2522
-1923
-1448
-681
440
1043
250
-1661
-3379
-3732
-2583
-717
820
1274
445
-1193
-2660
-2992
-1929
-187
1010
913
-98
-1000
-1273
-1216
-1079
-504
643
1492
1049
-407
-1591
-1749
-1228
-615
-101
321
615
733
543
-45
-650
-633
-30
429
590
1145
2096
2290
1365
770
1576
2616
2354
1356
1146
1682
1903
1876
2333
2753
1995
466
-259
186
749
935
1289
1885
1896
927
-363
-1161
-1201
-607
250
801
730
260
-271
-756
-1113
-1247
-1311
-1434
-1266
-482
449
816
654
268
-594
-1911
-2444
-1200
784
1719
1507
1141
558
-815
-2044
-1602
53
1069
965
677
356
-509
-1236
-668
514
576
-477
-1130
-990
-854
-609
449
1533
1110
-477
-1482
-1546
-1639
-1663
-682
684
718
-497
-1156
-763
-618
-1121
-1105
-303
-93
-1021
-1699
-1148
-419
-758
-1590
-1626
-966
-782
-1397
-1888
-1572
-911
-640
-703
-704
-883
-1685
-2460
-1835
206
1790
1470
36
-937
-1232
-1394
-1053
419
2154
2530
1512
623
589
655
405
619
1680
2509
2043
914
637
1498
2255
1984
1318
1288
1644
1354
563
640
1878
2625
1691
298
215
1030
1039
93
-445
-186
-124
-506
-303
780
1500
989
99
-20
360
145
-880
-1750
-1549
-375
929
1699
1849
1452
348
-1403
-2984
-3279
-1934
347
2368
3111
2305
715
-554
-1276
-1872
-1986
-742
1168
1600
120
-942
-2
1319
1035
-54
-317
-384
-1508
-2489
-1317
1201
2397
1581
284
-552
-1102
-1102
-259
419
-28
-609
40
1110
931
-147
-610
-611
-1363
-2363
-1853
152
1631
1415
286
-807
-1867
-2836
-2997
-2020
-719
-128
-240
-195
268
177
-1179
-2585
-2126
-102
1086
482
-152
451
1006
401
-73
730
1349
308
-1001
-598
839
1613
1939
2605
2692
1381
170
561
1362
929
157
621
1611
1634
1010
626
62
-845
-720
861
1919
1133
-38
-215
-339
-1083
-951
791
2083
1300
-99
-287
101
-165
-599
-391
86
492
1118
1491
723
-430
-486
-67
-742
-1571
-463
1523
1401
-593
-1487
-800
-709
-1343
-786
456
-19
-1684
-1763
-486
-550
-1661
-1009
955
827
-1564
-2763
-1730
-890
-916
107
1830
1359
-1380
-2923
-1806
-304
71
439
1256
1182
104
-287
435
791
161
-477
-542
-298
264
961
733
-662
-1597
-1046
-375
-824
-1273
-552
267
35
-292
204
384
-673
-1579
-960
176
343
-66
-29
255
225
127
284
487
629
740
532
99
247
879
652
-327
87
2097
2597
346
-1244
217
1756
482
-1000
460
2391
1202
-1020
-363
1688
1264
-699
-701
615
349
-605
395
1989
1211
-656
-464
911
762
129
1416
2885
1460
-1196
-1154
1166
2315
1849
1833
2069
849
-996
-1278
-296
286
653
1559
1870
604
-748
-757
-478
-844
-526
1042
1713
313
-961
-436
81
-1094
-2284
-1637
-412
-327
-503
275
879
-77
-1712
-2499
-2426
-1994
-1055
120
578
235
-124
-616
-1847
-2889
-2214
-489
160
-523
-983
-841
-1059
-1502
-1131
-328
-425
-1224
-1389
-804
-315
103
753
825
-219
-1070
-518
393
281
-59
635
1520
1191
248
-13
88
-150
35
1183
1834
815
-408
-24
1081
1025
122
-80
365
352
-17
98
470
385
189
533
945
649
-41
-417
-522
-518
43
1247
2148
2017
1271
461
-427
-1045
-541
910
1866
1671
1290
1348
1017
-167
-1071
-749
29
294
491
1166
1419
348
-1033
-1111
-121
428
236
304
845
920
280
-92
291
593
182
-230
153
825
863
509
666
1205
1047
7
-681
-185
661
708
251
323
782
515
-584
-1328
-1140
-814
-855
-639
-39
-278
-1856
-3098
-2475
-1124
-1065
-1950
-1940
-1076
-1107
-2205
-2636
-1845
-1206
-1248
-811
311
504
-845
-2070
-1952
-1420
-1290
-664
877
1658
373
-1573
-2037
-1074
-179
150
383
466
20
-565
-521
143
734
736
160
-520
-612
20
526
141
-629
-866
-671
-601
-364
413
891
199
-825
-859
-301
-294
-432
349
1409
1330
488
290
549
107
-584
-140
1054
1447
1009
774
441
-766
-1642
-465
1629
1961
539
-250
127
-25
-867
-516
1179
1872
642
-467
49
971
937
638
993
1327
911
527
1076
1985
2257
1946
1558
1103
628
724
1603
2479
2558
1982
1284
723
572
1166
2112
2323
1428
383
92
230
107
-98
122
429
46
-945
-1645
-1607
-1252
-1016
-822
-539
-399
-697
-1399
-2131
-2394
-1915
-1042
-533
-698
-1086
-1315
-1676
-2378
-2805
-2305
-1316
-810
-936
-1109
-1180
-1588
-2380
-2928
-2692
-1770
-746
-306
-722
-1458
-1765
-1759
-2044
-2254
-1327
371
909
-381
-1692
-1459
-558
-311
-150
850
1687
945
-544
-834
141
849
847
1046
1657
1820
1270
774
829
1144
1396
1540
1468
1139
866
958
1347
1827
2168
1912
818
-378
-606
89
714
959
1417
2130
2289
1619
830
397
63
-180
245
1472
2709
3095
2460
1234
129
-227
220
972
1664
2236
2385
1668
348
-706
-1018
-615
528
2017
2550
1416
-134
-649
-663
-1127
-1032
653
2062
878
-1433
-1747
-594
-887
-2163
-1228
1552
2128
-361
-2066
-1039
-51
-962
-1433
268
1732
618
-1361
-1630
-821
-882
-1578
-1482
-614
-44
-160
-706
-1435
-1972
-2075
-2121
-2247
-1604
26
922
-242
-1932
-2014
-1194
-1383
-1948
-922
980
1126
-640
-1875
-1679
-1541
-1880
-1179
788
1918
1049
-272
-463
-196
-694
-1476
-1316
-303
468
621
618
514
-178
-1253
-1623
-841
98
283
265
821
1241
479
-708
-761
-23
-62
-581
203
1963
2242
683
-86
1043
1729
487
-495
772
2420
1848
83
-125
1168
1667
843
404
1084
1572
865
-183
-285
477
1005
840
683
1084
1369
729
-132
112
1077
1101
109
-197
593
887
171
-9
817
910
-321
-926
60
801
147
-238
781
1500
545
-644
-599
-168
-180
271
1331
1296
-217
-1170
-740
-682
-1535
-1221
755
1622
-57
-1823
-1572
-781
-1180
-1641
-861
-68
-557
-1197
-601
408
380
-537
-1395
-1803
-1594
-709
130
124
-308
-389
-499
-1118
-1362
-563
52
-566
-1163
-507
80
-770
-1515
-408
905
8
-1864
-1805
-214
115
-1092
-1438
-257
396
-642
-1948
-1984
-1095
-380
-62
304
714
495
-634
-1604
-980
883
1948
1388
672
841
871
156
87
1273
1853
784
2
876
1626
936
705
2116
2708
851
-676
541
2094
1322
301
1574
2895
1384
-761
-142
1628
1153
-374
255
1981
1513
-468
-661
922
1459
491
57
667
1009
803
774
762
306
-114
-138
-240
-239
680
1730
1107
-609
-987
-109
-464
-1964
-1653
765
1895
430
-873
-479
-503
-1992
-2553
-880
591
-76
-1187
-779
186
87
-689
-1157
-1392
-1522
-1121
-407
-121
9
671
1096
105
-1376
-1362
-26
662
201
-34
461
561
-325
-1290
-1390
-766
-145
-15
-257
-307
-59
-317
-1455
-2257
-1576
-391
-281
-700
-208
510
-233
-1689
-1610
-178
355
-309
-292
688
792
-409
-1156
-655
-79
-96
-4
382
376
89
322
920
1093
969
1061
920
98
-501
39
971
1228
1196
1522
1580
792
71
307
786
625
360
762
1424
1678
1571
1164
356
-115
693
1979
1941
731
320
1141
1434
464
-226
399
1242
1160
630
431
337
-82
-625
-915
-777
-142
590
574
-276
-878
-643
-411
-812
-1007
-271
527
317
-530
-1098
-1328
-1491
-1410
-1021
-712
-611
-516
-581
-922
-953
-427
-334
-1187
-1584
-492
540
-96
-1052
-446
476
-445
-2066
-1748
-24
494
-279
-406
12
-678
-1986
-2006
-1124
-1208
-1888
-1344
-61
-99
-1263
-1548
-829
-731
-1385
-1442
-885
-882
-1264
-822
240
508
-235
-796
-536
-40
2
-366
-517
80
983
1012
97
-198
780
1335
351
-393
660
1693
704
-502
574
2284
1562
-446
-381
1263
1242
-437
-734
847
1756
1110
511
524
230
-140
404
1280
1332
1054
1211
986
-1
-134
1288
2250
1576
1137
2020
2130
349
-805
359
1582
998
447
1392
1763
151
-1088
-150
893
206
-488
331
973
116
-577
31
343
-511
-941
-370
-372
-1041
-525
843
533
-1300
-1735
-399
106
-601
-335
747
330
-1009
-516
1206
1092
-444
-359
881
192
-1791
-1651
278
658
-408
-141
783
-517
-2801
-2392
-81
343
-769
-137
1416
285
-2640
-3129
-1172
-506
-1460
-1049
569
423
-1187
-1268
-42
-238
-1425
-954
527
317
-815
-144
1342
617
-1322
-1043
829
656
-1421
-1672
542
1828
719
-459
-171
194
-437
-1010
-616
62
185
-163
-550
-604
-149
344
182
-319
-257
128
-86
-374
604
2219
2371
989
222
795
1082
355
52
1017
2066
2130
1693
1458
1375
1305
1233
952
657
1064
1915
1863
939
977
2196
2176
123
-1096
291
1661
558
-932
-82
1460
821
-818
-611
658
299
-1167
-1136
266
791
308
446
1026
573
-494
-527
235
285
-267
-191
346
314
-19
233
630
217
-645
-974
-707
-228
423
785
63
-1139
-1162
-123
-15
-1115
-1220
345
1175
-120
-1488
-1122
-449
-1057
-1633
-634
580
131
-1121
-1411
-1149
-1516
-1837
-994
126
106
-557
-663
-533
-911
-1187
-781
-669
-1519
-1987
-1009
-14
-583
-1634
-1409
-573
-724
-1318
-881
-46
-459
-1595
-1546
-360
169
-346
-588
-141
4
-446
-628
-239
135
356
805
1231
1042
525
399
512
293
-2
187
569
602
566
806
792
218
0
731
1303
691
-118
232
1068
976
358
504
1053
740
-84
-75
513
325
-408
-198
886
1234
578
351
940
1010
115
-375
263
861
536
181
637
1102
631
-171
-278
71
95
-84
82
404
407
276
335
229
-380
-940
-848
-514
-570
-660
-170
467
411
-131
-371
-353
-590
-733
-108
757
667
-329
-1061
-1102
-1020
-902
-268
567
608
-210
-974
-1265
-1315
-930
124
962
491
-705
-1206
-1051
-1262
-1551
-819
350
294
-749
-893
60
290
-709
-1254
-567
-41
-532
-863
-117
736
645
109
-25
126
207
350
583
611
534
708
877
547
88
259
892
1186
989
691
318
-207
-467
-186
225
506
955
1355
848
-390
-906
-220
402
262
304
949
1076
285
-91
541
875
241
-91
541
839
143
-152
722
1376
889
467
947
1179
428
-120
257
461
37
307
1558
1845
314
-994
-519
270
-298
-1162
-659
491
594
-235
-746
-729
-732
-685
-334
-115
-354
-512
-233
-188
-842
-1336
-716
388
532
-412
-1043
-504
241
-72
-900
-601
788
1231
-89
-1112
-81
1376
760
-1092
-1361
9
390
-894
-1592
-657
113
-430
-840
10
840
346
-643
-859
-543
-362
-129
287
309
-121
-150
378
415
-433
-983
-290
816
928
7
-670
-187
869
1063
-5
-910
-278
986
865
-500
-843
527
1526
783
-201
100
625
-28
-896
-487
451
361
-280
-4
867
850
-19
-414
-124
-94
-345
91
1102
1316
336
-450
-18
746
601
33
370
1380
1406
65
-895
-242
796
603
-185
13
854
753
-202
-497
-28
-153
-958
-1047
-214
270
207
627
1189
344
-1507
-2054
-903
-227
-818
-772
709
1511
260
-1228
-1090
-365
-699
-1353
-785
503
832
2
-744
-748
-521
-677
-1102
-1099
-276
631
383
-857
-1371
-461
289
-340
-1050
-386
513
-62
-1192
-938
140
103
-797
-802
-104
-390
-1447
-1455
-414
-78
-594
-394
514
375
-837
-970
549
1514
616
-471
-90
736
368
-617
-611
299
689
196
-149
215
602
353
-126
-68
471
701
279
-132
217
1015
1209
480
-236
-41
666
812
220
-175
243
858
755
58
-264
247
996
1226
880
406
155
213
450
538
330
257
744
1255
881
-25
-66
899
1249
260
-455
423
1462
697
-991
-1182
170
816
3
-534
274
1130
719
-268
-525
-45
344
307
68
-42
268
830
787
-245
-1104
-524
635
446
-920
-1250
121
1143
354
-862
-744
48
-111
-1024
-1275
-697
-301
-361
-338
-291
-694
-1119
-776
-211
-708
-1941
-2109
-773
319
-23
-666
-315
243
-338
-1465
-1541
-597
-28
-127
97
733
649
-348
-943
-460
138
134
245
961
1268
328
-847
-843
15
419
218
293
779
888
399
-13
53
263
358
527
822
953
795
557
351
109
-68
59
443
754
827
779
696
570
474
455
356
106
56
500
972
696
-177
-536
100
778
566
64
377
1118
863
-432
-1093
-262
750
552
-237
-239
390
437
-216
-494
-6
428
226
-148
-118
184
319
181
-62
-226
-229
-192
-328
-515
-297
380
830
461
-375
-841
-662
-244
5
87
179
288
139
-501
-1294
-1460
-779
-71
-96
-460
-416
-249
-722
-1513
-1572
-882
-510
-838
-1094
-846
-628
-756
-771
-421
-154
-260
-503
-791
-1243
-1520
-1124
-424
-251
-490
-289
260
120
-782
-1180
-472
334
341
91
301
517
84
-482
-295
345
431
-75
-246
213
531
256
-7
266
582
356
19
253
708
601
215
441
1010
796
-78
-146
912
1533
833
110
595
1353
991
74
76
941
1446
1274
1079
1031
751
309
89
12
-139
-140
150
350
280
308
424
48
-684
-752
20
545
379
402
875
712
-380
-996
-401
124
-397
-913
-376
385
334
67
402
733
329
-191
-123
6
-284
-294
410
858
283
-526
-674
-556
-709
-646
17
584
488
209
147
-135
-760
-985
-540
-187
-336
-433
-198
-119
-282
-201
-61
-548
-1265
-1042
-73
203
-457
-759
-343
-399
-1255
-1581
-784
-121
-440
-781
-364
-129
-963
-1945
-1802
-927
-522
-660
-511
68
361
-40
-739
-1102
-846
-181
380
557
628
892
1000
448
-397
-613
-101
280
124
73
556
910
485
-147
-21
658
853
369
106
564
1164
1365
1439
1680
1729
1301
823
707
712
647
878
1409
1453
769
367
863
1250
630
-38
463
1353
1147
271
232
906
894
148
-52
480
662
296
255
595
513
133
336
885
742
104
125
738
800
276
217
679
676
138
-56
121
-83
-531
-463
-133
-328
-707
-465
-105
-561
-1213
-849
31
72
-464
-347
186
8
-527
-224
489
200
-805
-987
-291
-69
-563
-770
-568
-758
-1209
-1103
-696
-862
-1265
-999
-525
-902
-1612
-1325
-372
-264
-1055
-1398
-991
-853
-1245
-1295
-742
-312
-275
-206
-135
-510
-1080
-1129
-707
-453
-426
-221
24
-152
-589
-752
-612
-469
-316
-87
-16
-129
-30
262
104
-578
-894
-427
38
-50
-70
393
546
-185
-899
-618
105
246
25
230
678
656
314
306
528
433
182
377
916
1137
932
785
875
907
772
670
676
669
646
682
714
662
624
690
765
753
689
600
459
350
346
290
56
-77
192
563
497
89
-103
-39
-166
-445
-306
295
667
491
273
375
424
91
-307
-398
-313
-248
-94
134
103
-259
-532
-465
-314
-291
-261
-210
-340
-521
-357
25
40
-303
-356
-49
-113
-716
-1026
-638
-298
-521
-662
-208
145
-286
-875
-770
-390
-556
-915
-570
243
490
30
-337
-321
-391
-657
-660
-317
-71
-27
158
446
347
-197
-628
-597
-343
-151
-17
93
108
70
69
36
-67
-32
255
490
403
257
401
640
584
358
381
608
630
369
123
35
3
21
150
243
161
73
155
197
-22
-208
37
475
510
138
-39
241
547
468
167
19
65
110
78
46
95
270
549
774
735
430
98
-52
-39
30
153
360
544
537
320
49
-141
-244
-280
-225
-103
-24
-19
44
238
400
349
187
139
178
96
-89
-144
-28
40
-13
-32
12
-52
-211
-232
-127
-180
-371
-279
159
380
57
-314
-238
-103
-569
-1431
-1844
-1497
-887
-464
-198
-6
-17
-243
-454
-516
-514
-473
-283
-1
122
-3
-192
-276
-271
-200
-33
170
240
127
-28
-74
7
155
295
371
377
327
171
-109
-311
-150
309
625
561
420
564
893
1098
1168
1282
1374
1221
868
588
448
323
253
418
721
822
639
457
445
407
195
36
181
473
546
330
96
67
219
426
568
535
301
30
-52
47
78
-109
-379
-531
-551
-536
-482
-313
-44
207
337
307
111
-150
-266
-122
118
185
45
-78
-44
36
-4
-119
-110
103
333
287
-97
-495
-530
-266
-152
-395
-635
-503
-238
-349
-795
-989
-657
-228
-186
-420
-492
-273
-13
68
-35
-239
-448
-547
-501
-446
-519
-659
-691
-580
-449
-377
-330
-263
-188
-120
-74
-113
-283
-505
-610
-540
-426
-428
-554
-670
-675
-614
-589
-590
-489
-245
-36
-69
-287
-417
-340
-214
-197
-197
-94
-1
-108
-315
-319
-43
249
332
295
343
468
481
295
70
66
371
782
984
869
626
465
368
225
91
125
295
384
302
206
247
353
342
167
-44
-115
21
236
310
171
-4
-26
66
115
104
152
246
202
-79
-433
-590
-441
-130
97
133
81
67
50
-70
-232
-265
-152
-43
-17
-35
-135
-364
-541
-413
-72
105
1
-126
-127
-144
-199
-84
172
229
8
-122
13
91
-85
-190
23
230
96
-116
6
331
458
366
310
306
192
26
-15
37
36
16
76
138
86
-40
-191
-390
-529
-375
7
200
37
-122
30
234
114
-200
-291
-58
233
356
310
186
73
-14
-148
-335
-352
-32
348
353
44
-99
58
144
-27
-122
96
368
393
287
266
269
181
126
218
331
359
438
636
728
536
255
172
264
341
388
472
504
356
154
145
333
457
358
169
100
158
176
57
-108
-160
-64
57
67
-39
-141
-121
6
95
35
-94
-114
15
145
154
83
-8
-134
-245
-196
11
132
44
-54
1
6
-256
-572
-567
-285
-108
-149
-172
-82
-78
-269
-465
-463
-284
-61
101
122
-8
-139
-141
-121
-268
-506
-560
-365
-166
-163
-268
-304
-271
-318
-492
-642
-584
-341
-161
-210
-347
-341
-230
-227
-322
-278
-74
-6
-225
-464
-451
-292
-239
-286
-263
-172
-146
-195
-192
-116
-94
-207
-356
-343
-80
264
393
218
-9
-12
151
249
269
379
526
448
110
-145
-57
224
406
414
341
213
28
-115
-93
62
204
255
251
235
206
153
109
132
273
482
597
451
71
-280
-326
-51
251
312
211
250
505
680
554
353
444
745
798
420
-46
-222
-138
-22
39
38
-109
-379
-484
-220
169
274
92
19
265
569
585
329
92
75
212
286
151
-130
-311
-222
26
174
127
14
-33
-19
31
133
231
202
58
-18
60
128
26
-135
-143
16
177
230
177
45
-112
-192
-158
-100
-83
-53
-12
-111
-346
-407
-82
318
329
3
-170
0
172
63
-134
-116
45
42
-217
-498
-527
-269
62
178
-9
-290
-415
-387
-400
-494
-496
-310
-78
26
18
40
135
212
178
73
46
166
290
217
-8
-92
104
339
320
123
70
282
561
694
639
449
208
84
222
522
677
530
260
124
143
140
27
-77
-42
81
116
-17
-194
-220
-60
123
154
30
-113
-164
-135
-88
-19
110
256
283
125
-99
-211
-192
-175
-244
-344
-382
-342
-250
-148
-73
-19
66
162
120
-131
-398
-433
-274
-178
-239
-334
-409
-551
-728
-770
-677
-640
-691
-649
-487
-443
-585
-636
-421
-166
-114
-142
-53
28
-118
-364
-407
-254
-200
-387
-642
-746
-657
-471
-327
-305
-316
-200
-18
-43
-339
-583
-490
-236
-186
-376
-556
-611
-628
-624
-518
-368
-345
-434
-429
-279
-174
-226
-285
-191
-8
95
74
-13
-106
-141
-43
153
270
197
55
46
174
235
98
-125
-230
-162
-60
-56
-120
-106
45
223
276
189
87
89
215
381
471
417
282
211
227
189
16
-119
-29
182
244
124
63
178
304
292
238
270
350
374
349
299
218
152
198
305
286
107
-53
-104
-174
-315
-364
-218
4
210
450
650
544
110
-250
-207
68
234
239
202
84
-154
-316
-206
25
99
34
52
204
346
389
364
290
195
174
281
439
540
549
449
239
59
87
257
284
54
-223
-305
-179
20
163
166
72
48
115
43
-254
-415
-124
284
231
-212
-426
-171
138
155
4
-112
-201
-238
-114
84
135
69
113
249
273
218
273
344
213
33
118
310
207
-61
22
437
556
149
-246
-149
234
446
354
113
-66
29
402
683
560
296
353
601
515
122
29
420
715
475
40
-47
199
352
179
-174
-417
-360
-75
150
158
142
305
443
267
-30
23
423
636
376
25
52
379
561
403
115
-41
-55
-75
-164
-247
-275
-293
-274
-70
324
611
537
275
178
235
145
-121
-239
-69
132
152
106
138
141
-6
-178
-192
-60
75
130
107
50
22
36
15
-78
-135
-69
7
-65
-229
-324
-324
-294
-213
-57
44
-23
-142
-131
-1
133
271
417
443
305
213
324
424
239
-104
-236
-92
38
-37
-191
-228
-123
6
42
-27
-84
-14
117
139
55
38
116
130
32
-26
-11
-74
-210
-178
29
36
-349
-741
-707
-392
-228
-278
-273
-163
-157
-252
-178
111
252
-11
-424
-565
-404
-279
-368
-484
-411
-250
-246
-421
-568
-566
-501
-487
-512
-522
-525
-529
-483
-367
-259
-231
-249
-236
-189
-166
-198
-263
-314
-313
-254
-170
-112
-112
-167
-249
-325
-397
-483
-555
-521
-369
-248
-282
-333
-183
113
256
144
-9
-40
-49
-133
-186
-144
-155
-312
-437
-335
-87
117
252
370
422
369
311
348
409
367
230
79
-44
-124
-171
-267
-445
-510
-255
170
361
234
142
301
476
403
210
158
219
208
115
56
6
-151
-371
-464
-353
-160
-39
-22
-36
-17
25
64
165
403
640
571
144
-231
-127
335
634
519
239
111
148
203
247
324
376
295
115
12
79
190
166
46
37
183
255
95
-107
-77
119
184
57
-30
61
202
269
275
217
42
-168
-236
-192
-254
-464
-575
-417
-126
93
201
231
175
67
31
107
193
226
262
326
327
208
41
-86
-146
-121
0
121
96
-61
-162
-113
-26
-4
47
238
463
525
417
296
201
8
-266
-368
-185
6
-108
-370
-371
-81
136
139
212
476
589
297
-88
-141
46
70
-151
-336
-288
-44
286
545
531
270
120
309
577
593
481
545
678
525
114
-145
-73
92
151
165
181
94
-107
-221
-99
156
342
370
276
154
96
122
156
144
88
-14
-178
-316
-277
-90
18
-58
-143
-75
31
1
-115
-168
-195
-331
-526
-569
-386
-141
-13
-11
-33
-21
0
-12
-38
4
152
322
382
282
99
-56
-110
-62
11
-2
-136
-294
-344
-251
-97
16
41
-1
-64
-125
-182
-215
-181
-86
-6
-4
-55
-130
-246
-380
-420
-324
-232
-296
-457
-523
-413
-215
-65
-53
-185
-358
-435
-403
-345
-257
-84
47
-84
-408
-551
-378
-208
-309
-496
-500
-434
-527
-678
-647
-511
-537
-719
-817
-751
-644
-535
-354
-140
-22
-9
4
52
89
92
27
-154
-349
-313
-27
175
38
-242
-321
-190
-81
-79
-130
-273
-531
-682
-502
-182
-122
-332
-407
-154
118
83
-131
-185
-1
228
356
384
313
126
-64
-68
118
256
178
-6
-80
-29
-19
-126
-237
-223
-94
58
170
234
280
346
426
445
358
231
168
158
122
68
112
297
497
548
414
205
60
37
93
148
173
179
151
73
-4
14
132
271
386
494
575
588
593
692
814
760
535
417
564
751
680
385
173
220
407
511
438
278
200
269
363
319
168
94
162
250
257
202
114
-26
-177
-219
-131
-38
-35
-99
-176
-257
-314
-307
-283
-320
-388
-377
-255
-78
113
287
356
293
238
341
522
591
545
555
666
738
686
547
372
184
55
26
-10
-151
-269
-182
14
48
-111
-206
-88
107
199
172
80
-20
7
261
572
607
318
21
-63
-86
-238
-396
-353
-178
-114
-208
-293
-274
-212
-156
-94
-58
-98
-144
-88
39
109
115
155
222
193
72
23
121
235
239
150
36
-80
-145
-81
36
8
-192
-341
-274
-94
24
74
113
119
106
190
371
429
247
49
103
322
413
315
217
236
302
325
272
125
-59
-115
23
180
151
-2
-63
24
136
202
236
195
48
-93
-76
47
92
0
-121
-223
-349
-473
-496
-416
-362
-407
-490
-516
-447
-308
-178
-167
-300
-452
-473
-364
-243
-203
-244
-314
-325
-214
-61
-55
-261
-487
-519
-392
-318
-382
-477
-499
-476
-501
-596
-684
-656
-505
-386
-464
-655
-665
-374
-46
8
-153
-210
-42
152
169
46
-78
-155
-225
-311
-403
-463
-430
-293
-165
-194
-365
-491
-447
-314
-239
-247
-244
-151
15
164
199
99
-33
-90
-94
-137
-209
-206
-136
-143
-287
-449
-508
-497
-468
-393
-282
-260
-385
-513
-481
-338
-238
-201
-128
-4
73
64
28
29
76
144
181
138
39
-13
24
62
32
-3
36
124
216
323
418
405
298
284
449
600
556
439
456
534
455
275
277
493
624
478
221
95
99
98
46
-9
-21
38
167
255
178
-3
-70
60
223
264
240
273
330
312
232
177
175
183
172
133
80
61
108
145
65
-69
-61
110
217
95
-114
-173
-72
37
88
118
137
143
206
349
450
392
271
256
310
258
86
-31
-23
-26
-130
-249
-284
-276
-279
-235
-88
88
170
153
110
77
55
84
215
405
522
463
262
68
25
143
284
302
178
18
-81
-95
-37
53
109
98
84
143
232
242
193
215
330
379
276
175
248
403
407
231
103
170
298
293
173
114
188
288
312
280
266
285
308
316
299
234
135
80
135
251
317
320
351
428
424
252
20
-82
-27
55
73
62
46
-34
-205
-359
-374
-277
-206
-223
-240
-153
9
125
133
102
128
209
254
213
137
87
68
63
89
136
133
33
-85
-122
-109
-156
-253
-274
-148
23
115
112
62
-8
-61
-40
66
179
200
112
-43
-203
-294
-259
-163
-156
-291
-437
-446
-346
-277
-309
-397
-478
-512
-453
-306
-176
-164
-230
-233
-132
-43
-74
-210
-338
-362
-258
-98
-21
-111
-294
-418
-429
-406
-430
-476
-488
-457
-410
-353
-285
-217
-161
-129
-137
-179
-192
-129
-51
-50
-100
-68
65
138
32
-140
-188
-103
-36
-65
-107
-91
-58
-62
-75
-40
30
86
109
115
109
84
56
50
82
135
167
140
74
50
115
190
143
-49
-239
-279
-173
-41
28
14
-60
-142
-153
-60
57
87
41
31
107
173
130
15
-42
17
128
198
195
143
74
6
-46
-60
-23
46
73
13
-98
-171
-176
-155
-139
-90
6
92
120
137
205
281
251
113
1
21
121
172
107
-33
-151
-179
-139
-122
-179
-240
-191
-48
56
51
0
-22
-26
-33
15
136
203
74
-182
-342
-314
-224
-209
-219
-126
52
144
45
-147
-251
-216
-154
-163
-190
-117
52
173
160
90
69
73
6
-120
-173
-68
139
325
390
283
45
-177
-214
-57
144
253
277
263
181
-10
-248
-408
-421
-305
-112
80
150
36
-153
-214
-90
55
58
-19
27
250
475
498
317
88
-82
-218
-351
-415
-321
-108
73
122
73
4
-57
-113
-143
-129
-92
-53
30
186
340
364
249
144
148
189
140
30
10
129
242
190
-12
-206
-284
-269
-225
-165
-65
58
143
147
100
67
89
158
234
279
273
213
111
3
-55
-40
10
15
-62
-171
-229
-223
-212
-223
-206
-117
-19
-15
-110
-184
-134
12
152
241
305
346
321
213
93
29
-10
-106
-232
-250
-103
48
0
-236
-423
-397
-255
-188
-212
-185
-29
161
259
237
136
3
-91
-74
25
53
-99
-317
-373
-206
-8
11
-110
-150
-13
142
114
-67
-180
-104
30
39
-76
-159
-106
38
192
316
384
363
263
156
83
12
-79
-133
-91
7
53
8
-74
-131
-156
-167
-166
-147
-118
-81
-32
15
27
3
-2
67
182
242
197
114
85
94
39
-112
-253
-288
-257
-272
-322
-290
-133
25
57
0
-14
47
86
37
-25
6
126
219
206
117
33
-7
-27
-57
-97
-116
-92
-33
24
33
-29
-132
-210
-214
-144
-46
36
83
103
115
120
113
91
76
99
146
164
116
52
56
135
192
139
5
-100
-123
-113
-139
-199
-227
-180
-79
15
52
35
18
66
177
267
261
187
154
202
240
165
14
-68
-23
60
75
43
43
62
4
-142
-248
-204
-65
21
12
9
99
228
289
263
218
180
117
20
-38
5
95
118
45
-41
-64
-49
-50
-36
82
290
421
340
112
-52
-53
-7
-70
-217
-267
-132
52
94
-8
-65
61
280
388
311
172
139
233
327
281
76
-171
-300
-237
-53
94
101
-2
-116
-175
-199
-214
-202
-134
-30
51
84
91
100
117
144
200
277
323
285
170
37
-65
-122
-142
-144
-179
-291
-430
-451
-260
36
205
147
15
29
209
369
358
240
163
158
116
-32
-199
-251
-173
-69
-27
-52
-96
-139
-178
-197
-175
-116
-52
-17
-41
-124
-211
-198
-38
165
232
111
-36
-26
110
165
28
-178
-261
-205
-150
-179
-221
-174
-48
59
99
96
86
89
110
142
148
86
-5
-39
10
55
24
-26
7
101
109
-38
-204
-197
-5
187
211
87
-33
-44
29
86
72
17
1
54
115
97
4
-66
-37
38
60
17
-3
38
72
23
-76
-123
-93
-47
-40
-53
-36
27
116
196
214
128
-17
-103
-79
-51
-143
-299
-323
-150
41
54
-60
-89
50
200
201
97
43
78
99
42
-37
-55
-31
-40
-118
-233
-328
-346
-248
-65
82
86
-25
-109
-81
3
53
72
133
234
269
159
-44
-210
-261
-226
-178
-161
-172
-181
-143
-42
80
143
98
-7
-86
-95
-49
25
118
201
205
90
-71
-128
-25
121
143
16
-124
-161
-141
-168
-239
-239
-112
34
57
-40
-121
-83
41
159
223
221
138
-18
-166
-205
-120
7
82
81
24
-49
-91
-53
40
89
28
-71
-77
29
121
91
-4
-35
34
108
100
30
-19
4
91
191
224
129
-44
-146
-76
85
156
67
-54
-65
8
32
-44
-117
-70
82
217
246
178
98
70
