SAMPLES:	10752
BITSPERSAMPLE:	16
CHANNELS:	1
SAMPLERATE:	16000
NORMALIZED:	FALSE
-2
-5
-1
0
2
3
10
6
2
3
-3
-12
-2
-5
-6
-4
-3
0
-6
-5
-8
-6
5
8
-2
-2
3
2
1
3
-6
-6
1
2
-1
-1
7
5
4
-1
8
5
-6
2
-5
1
-2
-2
3
2
8
-1
2
10
1
0
-2
-6
5
0
-2
-1
4
2
-6
1
2
2
-2
2
5
2
2
0
0
-2
-4
-3
1
-8
-3
-2
-4
-5
-1
-7
-2
7
-9
0
-3
-7
2
-4
-2
-9
-5
-4
-4
-4
4
-2
0
2
-2
3
2
1
-2
-1
4
5
-4
8
2
-3
5
-6
-2
1
0
-3
7
8
5
7
1
1
5
7
12
9
2
7
4
8
9
2
8
7
7
1
1
5
6
9
8
6
3
2
2
-4
-2
-10
-9
-3
4
0
-3
-2
0
-3
6
5
-1
1
-8
4
3
-1
-2
-4
-12
-8
-1
-9
-17
-13
-11
-7
-4
-9
-6
-8
0
-2
3
-5
-7
-5
-8
-3
-3
4
-3
-8
-3
-1
-1
5
6
0
-1
-6
-8
-1
-1
3
2
-6
1
-1
1
-4
-6
1
4
0
6
4
4
5
1
2
5
8
1
6
3
-1
-4
-3
-1
-3
-4
2
2
-1
7
4
0
-1
8
8
2
-5
4
4
-1
-3
1
5
0
9
2
4
7
-3
0
-4
1
-2
-5
-5
2
2
-3
8
4
2
5
9
3
7
3
2
3
-2
4
-4
1
3
-7
0
3
4
7
1
-4
4
-4
-1
-1
-1
1
-4
0
-5
4
0
0
-2
0
2
-2
3
7
0
2
10
4
9
6
4
-1
-6
-5
-6
-2
1
-9
-5
0
-2
5
6
1
1
2
-10
0
4
-2
5
-3
0
2
1
0
-6
1
-3
-3
-1
3
-1
-3
0
-4
-2
-4
-13
-5
-2
-5
-1
-9
-3
-3
-1
-2
-5
-9
-7
-5
2
3
-2
1
-3
1
3
3
2
7
9
3
6
-4
3
9
2
11
2
7
2
1
3
-7
2
5
0
4
2
0
5
0
8
10
3
6
14
9
10
12
10
16
5
7
3
3
8
4
1
-4
-11
-10
-4
-5
-8
-10
-3
0
2
1
1
-4
2
4
1
0
2
5
3
7
1
3
3
2
2
-2
3
-5
-11
-12
-6
-4
-7
-4
0
-2
-3
0
-4
1
3
8
3
-1
-2
-4
9
5
5
6
3
6
11
8
2
3
2
2
5
-2
-5
-1
3
0
-9
-10
1
5
7
5
-2
-2
2
6
-2
6
2
4
20
9
4
0
1
6
6
-1
-9
0
-3
-13
-11
-9
0
3
-8
-7
-7
3
-2
0
2
-10
-2
-8
-5
-1
2
6
1
3
-4
-2
-6
0
4
-3
-7
-8
-11
-14
-7
-7
-8
-8
-8
0
-2
2
-6
-5
6
7
10
7
5
3
0
4
7
5
0
2
9
10
2
-2
13
8
-2
8
4
2
9
8
6
9
11
6
-2
5
3
6
9
10
8
3
7
2
11
15
10
10
1
9
8
1
4
0
-5
-10
-8
-7
-2
-3
-2
-5
-6
-3
-4
2
-2
-16
-5
-1
-3
-6
-6
-1
0
2
-2
-1
-5
-5
-3
-3
0
2
2
0
-4
-4
-8
1
1
-10
-6
-10
-3
-4
1
-4
-5
-4
-6
6
-2
-5
-6
-3
-5
-5
2
4
-1
-6
-4
3
-1
2
7
-3
-6
-3
-2
-6
-3
-7
-3
-4
-3
-3
-8
-8
-10
1
-1
-5
-10
-6
4
2
0
-4
-1
0
-4
-3
3
6
1
4
4
-1
-1
-5
-3
-3
-4
-1
-2
-6
-1
2
5
8
1
-4
-1
-2
5
11
8
-1
3
3
-2
5
-1
7
9
4
12
4
5
7
8
13
5
7
8
6
14
16
9
7
6
0
6
10
6
9
7
0
0
-2
-3
1
1
3
9
3
-3
-2
1
4
-6
-2
2
-4
-5
-9
-10
3
-5
-1
-2
-8
0
0
-15
-7
-3
-9
-4
-13
-11
-11
-4
-6
-8
-3
-7
-9
-13
-11
-9
-5
-12
-5
-6
-6
-1
-4
-9
-12
-2
-1
-8
-10
0
-4
0
3
-8
-3
-5
-6
-10
-2
-6
-6
4
3
-1
2
3
-4
3
-1
2
6
3
8
2
9
7
0
-3
7
5
-10
-1
8
-1
-3
5
1
-7
11
14
-2
-5
-3
0
3
11
1
7
3
1
9
9
6
1
-6
-2
-8
-10
-2
-9
-1
-9
-9
-2
-1
-3
-9
2
-2
4
-1
-2
-3
4
13
8
15
3
8
6
-3
-1
1
7
1
-7
7
5
2
-1
4
-1
-11
7
0
-1
3
7
8
3
-12
7
1
5
3
5
-3
-12
15
6
-2
-3
2
6
-4
-7
-3
1
-7
5
2
3
-18
3
-5
-6
-9
15
-3
-31
7
6
-16
-9
22
3
-15
17
24
-3
-2
24
11
-10
17
14
-19
-21
1
11
-24
-11
21
-3
-14
31
16
-31
-6
22
5
-14
9
14
-21
-9
21
3
-34
9
13
-21
-8
20
-8
-25
11
15
-33
-9
11
-16
-15
11
3
-27
-22
15
-16
-18
13
5
-10
-13
17
-17
-33
7
-2
-24
-3
10
-4
-11
25
11
-12
22
28
-25
8
21
-2
0
8
15
-17
10
24
-22
-5
10
0
-9
3
11
-14
19
16
-10
-5
17
-6
-6
17
-9
2
1
1
-20
5
1
-4
8
15
-11
9
6
-12
-10
10
-2
-16
-2
1
-19
-11
12
-4
-21
15
-3
-7
-1
19
-1
-16
15
2
-15
21
-2
-17
13
1
5
12
-8
6
-4
9
2
-1
9
-10
6
21
-12
-5
-13
-1
-1
4
-16
-8
-2
9
-14
8
-8
-5
7
-2
-12
-8
1
9
-20
22
9
-12
17
0
-12
1
6
-2
-28
19
-12
5
9
7
14
-1
13
12
4
7
-1
12
-8
-11
9
-6
-1
6
0
-3
-12
-17
0
-15
-14
6
-6
3
-33
24
-28
-3
-6
2
-19
-1
12
0
-23
15
-11
6
-17
12
-3
-9
15
-4
-2
-20
32
-20
10
-26
13
-5
-10
15
-11
0
-19
29
-10
14
-7
19
-4
-13
3
8
4
4
20
-5
-8
7
-19
31
-32
48
-38
48
-65
87
-47
33
-19
30
-31
19
17
-30
32
-46
71
-59
69
-76
80
-68
47
-22
11
-12
8
26
-30
55
-67
86
-74
86
-64
74
-71
34
-22
5
-8
-11
39
-75
82
-85
85
-100
97
-90
85
-89
83
-71
37
-35
30
-26
-15
44
-50
40
-39
56
-72
55
-48
64
-77
80
-84
73
-94
94
-82
72
-57
59
-58
52
-48
32
-23
21
7
-30
25
-41
70
-118
126
-95
94
-136
183
-147
100
-106
137
-142
88
-27
32
-46
9
32
-52
7
-27
51
-74
0
16
21
-61
-7
65
-54
-13
26
47
-114
41
35
-26
-74
72
26
-96
40
16
32
-152
147
-48
2
-78
114
-45
-81
54
20
17
-144
198
-119
49
-112
208
-155
38
6
102
-107
-13
107
-45
-36
-6
142
-146
36
40
51
-123
81
72
-56
-34
77
61
-122
52
45
25
-139
119
33
-74
-67
132
-22
-116
62
85
-68
-70
131
19
-110
45
87
-19
-132
146
3
-67
-35
127
-43
-91
64
68
-59
-80
150
-30
-58
-24
152
-122
-38
61
58
-163
9
105
-90
-70
55
75
-158
37
63
-12
-107
84
45
-92
-6
78
7
-107
90
23
-31
-34
73
2
-35
-3
24
49
-88
41
64
-20
-112
132
13
-111
20
93
-48
-129
187
-55
-20
-61
203
-164
33
9
82
-120
74
30
-34
-15
18
34
-66
33
-7
-24
-18
-7
27
-61
31
-27
2
-23
14
-20
-42
59
-70
38
-48
59
-113
123
-109
69
-45
30
-64
76
-10
-92
151
-77
6
-12
182
-264
138
14
-3
-187
250
-99
-104
63
136
-184
6
177
-141
-8
73
57
-152
120
-48
41
-51
38
-22
34
-58
35
53
-67
18
10
65
-98
100
-27
24
-71
108
-19
-14
-3
83
-29
-51
86
10
-79
-23
214
-215
33
65
79
-305
287
-28
-142
4
219
-206
-27
200
-124
-27
38
155
-301
271
-103
26
-120
266
-252
75
70
-45
-86
90
29
-156
174
-120
74
-94
89
-94
134
-115
29
16
35
-100
21
92
-118
0
43
54
-131
28
80
-30
-89
6
138
-108
-121
196
44
-280
117
186
-164
-119
219
14
-239
97
102
-14
-151
65
144
-89
-205
240
63
-219
-79
343
-110
-342
283
180
-385
72
295
-146
-254
300
-9
-168
37
110
-97
44
-76
116
-51
-23
-13
85
16
-103
45
103
-61
-83
118
67
-105
-57
231
-67
-130
60
191
-123
-169
256
57
-327
130
270
-282
-69
211
71
-317
178
126
-133
-94
90
121
-166
-73
197
39
-307
166
140
-89
-293
386
-11
-317
118
279
-304
-120
340
-115
-193
137
154
-295
173
-11
20
-41
29
-18
50
0
-63
37
129
-171
-31
272
-189
-67
116
190
-340
71
322
-281
-89
252
40
-282
88
227
-169
-196
351
-44
-265
121
184
-220
-141
404
-318
-32
135
62
-284
218
14
-113
-17
222
-168
-103
280
-156
-64
100
123
-290
209
37
-100
-10
188
-206
113
12
-95
49
92
-155
35
194
-220
-51
247
-105
-289
439
-137
-281
232
209
-492
208
216
-228
-239
560
-307
-253
373
29
-296
-12
467
-415
-125
397
-6
-514
414
105
-326
-61
525
-428
-76
383
-234
-70
92
127
-202
51
158
-154
-83
235
-153
-66
144
-15
-150
111
67
-166
10
220
-220
19
230
-159
-163
364
-108
-268
277
203
-596
368
232
-532
215
216
-206
-241
481
-236
-173
293
-69
-185
237
-123
4
49
1
-130
217
-113
-153
257
-71
-150
104
79
-40
-274
435
-221
-91
98
126
-158
-74
239
-80
-93
21
169
-119
-118
260
-18
-211
272
-93
-35
85
-38
-12
36
104
-255
293
-58
-103
35
166
-92
-131
197
30
-258
183
29
-54
-72
33
143
-240
76
147
-247
122
-10
-34
87
-149
140
-92
-10
65
-96
-16
100
-153
41
33
-6
-215
261
1
-308
354
-140
-88
72
42
-57
-53
123
-44
-8
-52
124
-135
55
4
56
-201
269
-161
-62
247
-183
-13
90
186
-560
609
-213
-294
375
-32
-355
316
-7
-260
217
-21
-92
-22
168
-175
58
-21
149
-304
216
90
-264
149
156
-323
230
-10
-126
49
149
-229
52
277
-423
180
231
-379
275
-133
151
-178
34
267
-461
464
-330
192
-79
-4
57
-130
152
79
-479
651
-276
-366
664
-453
223
-298
461
-278
-85
290
-204
163
-227
194
103
-300
140
269
-423
193
138
-271
247
-206
163
-24
-267
544
-696
573
-263
-70
257
-240
155
-125
110
-20
-43
3
187
-431
600
-567
374
-87
-195
305
-315
343
-384
224
92
-388
269
149
-444
308
36
-90
-136
276
-66
-282
304
53
-448
584
-470
249
36
-284
286
-115
-66
-48
273
-266
-63
233
-70
-250
270
-24
-173
117
-55
125
-266
235
-45
-58
35
-57
79
20
-203
203
109
-415
321
36
-154
-135
297
45
-570
530
212
-918
908
-443
197
-317
322
72
-637
852
-582
236
7
-92
142
-62
-55
150
-265
469
-606
472
20
-457
490
-255
169
-279
303
-5
-288
256
-54
27
-231
352
-143
-178
273
-181
148
-297
416
-369
120
84
-82
-77
253
-270
68
119
61
-430
537
-218
-297
476
-292
134
-213
321
-158
-96
230
-132
77
-133
245
-58
-290
509
-374
3
334
-383
355
-426
501
-317
-131
591
-748
573
-370
313
-352
293
-113
-65
87
128
-382
444
-221
-125
351
-234
12
46
174
-380
381
-217
181
-393
591
-555
395
-319
215
-62
-155
164
51
-316
281
-26
-282
432
-414
261
-104
48
-172
359
-424
297
-168
90
-122
119
-49
-36
100
-148
124
29
-334
488
-209
-373
770
-676
357
-287
394
-217
-423
975
-866
156
356
-391
242
-385
621
-531
40
420
-490
272
-39
-88
204
-275
234
-139
106
-79
-7
93
-38
-74
21
211
-255
-13
166
157
-619
483
327
-1039
870
-57
-437
222
179
-139
-318
708
-675
260
194
-483
476
-209
-58
160
-202
329
-456
473
-252
8
237
-429
610
-510
85
372
-389
85
146
-18
-141
-47
566
-868
624
5
-427
441
-171
-23
34
9
126
-356
436
-254
-189
527
-585
423
-319
235
-57
-286
496
-316
-43
151
106
-364
230
139
-296
48
321
-380
106
158
-134
-46
67
67
-236
291
-246
219
-314
292
-45
-299
382
-148
-105
-44
383
-477
140
241
-213
-132
403
-328
-13
196
-15
-276
254
117
-512
494
-71
-224
24
380
-356
-172
655
-560
104
120
113
-341
127
337
-476
143
226
-205
-90
127
107
-239
19
246
-217
-59
202
-163
210
-409
478
-287
29
113
-147
302
-483
445
-174
28
-148
271
-163
10
-37
176
-131
-28
63
80
-158
-10
199
-256
96
11
53
-141
158
-157
214
-243
239
-187
77
80
-159
165
21
-322
543
-485
259
-29
-169
306
-456
646
-820
811
-505
33
394
-525
438
-303
291
-93
-258
491
-315
-40
131
108
-211
-179
675
-594
-39
483
-187
-396
402
139
-548
279
349
-556
175
282
-270
-101
382
-281
-150
529
-605
358
-60
-51
-157
350
-251
-138
458
-483
215
19
78
-385
591
-415
-24
293
-247
45
-17
110
-189
105
9
-51
42
-133
202
-90
-143
364
-457
378
-261
181
-135
125
-155
245
-294
301
-246
144
-58
72
-96
148
-147
67
-65
238
-353
182
318
-796
851
-534
228
-143
130
42
-351
544
-462
200
114
-326
459
-342
165
-54
41
46
-212
319
-150
-73
142
-17
30
-247
267
10
-303
218
180
-308
-107
516
-367
-167
410
-82
-429
477
-11
-460
527
-229
-126
231
-117
-97
105
24
-138
68
73
-99
50
-29
106
-90
-55
228
-169
-77
162
130
-542
652
-294
-201
303
1
-208
-62
689
-976
539
107
-271
-141
488
-360
4
-79
543
-762
299
335
-311
-396
887
-491
-304
558
-143
-119
-428
1370
-1759
1198
-266
-253
109
280
-348
-41
533
-536
-45
620
-503
-251
878
-818
407
-301
520
-494
147
151
102
-401
336
193
-456
176
269
-248
-245
653
-490
-79
395
-143
-441
793
-651
100
244
-111
-218
178
250
-740
807
-578
262
-39
-268
555
-499
-88
546
-202
-581
862
-293
-271
128
606
-1091
991
-540
47
281
-272
-156
506
-121
-827
1265
-558
-517
647
250
-936
410
602
-751
-195
881
-450
-389
553
97
-613
353
276
-375
-86
434
-226
-274
456
-219
-69
201
-57
-160
232
20
-420
519
-133
-314
263
329
-775
573
-15
-123
-260
649
-417
-348
868
-771
452
-457
553
-508
234
-36
-93
302
-673
875
-672
372
-271
248
-149
-40
5
209
-394
126
265
-204
-320
680
-258
-533
682
142
-928
627
323
-782
235
636
-812
42
734
-689
74
470
-370
-243
715
-564
-36
410
-157
-536
924
-387
-351
438
302
-754
433
409
-729
245
301
-88
-564
752
-227
-354
157
635
-845
154
555
-236
-793
1536
-1379
581
-211
358
-624
499
-96
-311
379
-167
21
-89
166
-324
392
-503
834
-1334
1351
-833
257
-229
778
-905
-26
1177
-1248
167
895
-816
-471
1474
-1185
-40
769
-242
-791
1226
-541
-311
470
-113
-220
383
-251
-264
635
-599
94
325
151
-1099
1359
-484
-441
467
222
-767
566
-20
-156
-6
6
-52
317
-209
-219
701
-682
275
-118
527
-983
673
-20
-205
-218
673
-515
-40
161
297
-168
-529
722
-26
-654
303
483
-440
-636
1086
-20
-1019
884
-45
-291
-112
628
-145
-868
1024
-607
272
-129
-213
573
-470
-103
751
-343
-430
300
556
-881
265
566
-957
384
238
-166
-215
476
-411
-39
606
-472
-144
350
-235
-140
368
-31
-321
-338
1111
-764
-81
546
-98
-902
950
423
-1524
725
658
-1307
623
810
-1127
-38
699
188
-962
905
-300
-445
738
-408
217
-397
437
-382
124
303
-30
-679
594
179
-235
-185
140
23
-214
330
-233
221
-71
-376
528
-173
125
-88
-181
307
-78
-143
270
-279
-51
210
142
-354
-40
668
-1083
506
444
-263
-741
904
-54
-914
992
114
-1097
420
1031
-1141
123
618
-529
-340
758
-295
-169
470
-603
162
337
-36
-606
774
-541
270
-10
147
-692
381
531
-821
172
726
-423
-1078
1173
598
-1583
440
796
-809
-285
1308
-905
-261
557
-35
-137
-225
768
-839
246
262
-128
-66
-214
185
230
94
-408
196
34
-247
92
722
-784
3
340
-134
-43
-315
864
-648
-287
698
162
-831
92
617
-194
-676
978
-362
-398
604
-86
-465
406
147
-460
426
-33
105
-597
482
-83
174
-428
401
77
-393
368
-318
-163
568
-125
-253
17
325
-354
-232
859
-583
-148
477
-160
-414
877
-859
54
630
-274
-373
362
-258
34
523
-789
185
341
-379
-128
660
-269
-697
643
371
-1017
512
429
-321
-843
1343
-160
-1117
415
1094
-1058
-349
1078
-480
-561
727
5
-423
-23
400
-224
-103
-60
835
-1033
10
597
324
-1400
1314
-248
-218
-268
272
334
-655
558
-218
201
-109
-425
318
402
-718
411
230
-146
-982
1459
-498
-845
1042
30
-823
622
240
-710
284
442
-635
242
450
-879
548
415
-1052
528
446
-813
353
526
-540
-345
829
-564
-53
407
40
-329
-2
90
-57
87
-234
484
-163
-275
118
247
-295
-213
597
-451
230
-87
-68
-80
271
-323
590
-411
-310
628
-349
-117
517
-170
-922
1084
32
-918
631
490
-1150
723
222
-341
-265
375
-5
-456
716
-299
-557
711
-158
-52
-170
488
-680
103
694
-322
-365
496
-785
448
289
-181
-209
37
291
-550
424
-69
130
-363
48
394
36
-909
713
-479
590
163
-449
-41
-233
536
-307
360
-250
44
-394
454
147
-223
-426
199
253
-175
317
-32
-578
-9
850
-395
-541
660
80
-961
976
-2
-570
13
297
-209
372
311
-1029
429
-110
292
32
179
-583
165
275
-211
142
68
-99
-86
28
607
-371
-779
666
199
-126
-370
732
-622
-165
471
124
-366
220
-134
-256
344
698
-799
-553
815
-89
-75
-9
22
-382
451
269
-425
31
245
-462
413
212
-370
-138
-57
306
-67
206
-357
-392
888
-278
-94
-96
-120
66
240
131
-423
-50
86
-217
533
-263
-118
-240
381
319
11
-821
124
517
30
-11
-187
-249
81
674
-689
2
401
-263
-266
884
-523
-262
-44
-7
433
-260
401
-576
-143
380
-352
101
229
102
-575
-72
785
-828
196
-28
-462
877
-231
259
-1179
549
130
332
-219
53
51
-578
658
-157
62
-312
337
149
-1
178
-460
-2
-92
357
335
87
-745
299
-9
137
-115
14
729
-1027
345
82
240
-743
428
-34
-157
801
-615
-277
429
-293
-600
949
-57
274
-634
-280
143
445
-58
-429
522
-198
455
356
-490
-397
136
178
598
568
-754
-889
212
723
32
397
-836
-121
84
454
100
-598
-86
-153
698
194
1
-609
-307
173
727
391
-363
-569
33
480
151
-138
-535
-140
-220
670
182
-580
-408
-233
23
26
218
-296
-273
-353
-68
102
-156
-220
-548
57
249
-197
-475
-196
-180
-133
195
129
-687
-262
25
-177
-129
298
-380
-203
12
-57
-115
227
36
-758
724
707
-361
-221
563
125
-549
1236
271
-292
303
476
-83
435
479
356
92
408
874
155
315
-154
965
190
641
399
566
121
248
480
845
623
330
371
267
1003
323
568
-110
866
1049
305
691
672
93
134
1129
1332
210
61
576
286
-30
-826
-1096
3
124
-200
-1905
-2097
-1892
-885
-901
-1693
-2230
-2158
-1933
-1568
-1644
-1980
-1870
-1808
-1046
-750
-847
-1094
-1103
-515
177
545
418
275
388
383
882
1070
978
828
801
790
1234
848
520
134
236
505
232
79
-328
-574
-837
-1111
-825
-506
-979
-1582
-1895
-1113
-706
-768
-1262
-1323
-813
93
838
442
-250
-180
795
1944
1929
1424
883
1139
1978
2180
2161
1489
1711
2012
2009
1986
1529
1125
443
1402
1452
1001
512
-386
-28
938
743
-43
-203
352
425
461
944
397
616
397
873
1248
1914
1284
963
1352
1967
1823
2383
2448
2351
2133
127
-1005
-1440
1456
2194
567
-3118
-4978
-3964
-950
-142
-3207
-6446
-5868
-3556
-2559
-3694
-6017
-5800
-4754
-2644
-2140
-2472
-3284
-3555
-2301
-154
1279
1462
234
-279
589
2463
3396
2503
1704
1133
2273
3150
3321
1827
353
484
1359
1753
1242
-116
-1496
-2077
-1408
-608
-674
-1753
-2659
-3124
-2627
-1798
-1905
-3075
-3460
-2568
-599
239
-986
-2137
-1996
-153
1462
1914
1449
990
1397
2366
3077
2883
2449
2416
2640
3184
2866
2050
1357
1339
2101
2324
1725
1058
-5
-331
21
517
628
-272
-570
-462
-79
-253
-339
-439
-227
581
865
1059
1224
1170
880
1565
2348
3113
3098
3069
2204
3061
3332
3323
3728
3701
4024
4089
5061
1435
-1286
-3247
-342
3915
3632
-1926
-8213
-8167
-2886
1224
-1518
-7312
-9612
-6243
-3252
-3266
-6124
-6997
-6619
-4621
-2354
-1706
-2178
-3579
-3334
-1132
1887
3767
2630
64
-480
1707
4561
4754
3454
1564
1076
2067
3456
3089
1267
-151
153
811
945
-6
-1732
-3106
-3582
-2454
-1523
-1134
-2522
-4367
-4957
-3583
-1907
-1779
-2972
-3993
-3262
-1529
43
145
-930
-1777
-1229
798
3113
3027
1288
459
1643
3667
4399
3466
1805
968
1667
2927
3020
1611
602
486
1038
1399
1239
261
-1234
-1262
211
1237
711
-650
-1408
-666
670
1421
915
3
512
1660
2947
2931
2530
2089
2273
3168
4488
4682
3750
3197
3464
4386
4725
4285
3595
4042
4616
6187
3283
-1445
-4222
-2044
4041
5012
-811
-8958
-10675
-4928
1624
269
-6868
-11237
-9015
-4826
-2949
-5274
-7087
-7278
-6515
-4005
-2329
-1530
-3008
-4183
-2587
955
3815
3586
567
-1321
399
3817
5591
4610
1886
130
299
2307
3592
2311
247
-907
-883
-294
-307
-1443
-2892
-4341
-4115
-2349
-1102
-2188
-4449
-6001
-5140
-2794
-1403
-1664
-3289
-3578
-2918
-1853
-348
809
683
-268
-819
522
2512
3591
3459
2493
2270
3445
4250
3743
2794
1788
1459
2740
3714
3511
1269
-527
-41
1570
2222
811
-786
-1132
-123
611
705
-168
-850
-651
368
1173
1373
909
769
1467
2908
4195
3618
2626
2480
3297
4479
5378
4895
4224
3666
4231
4493
4969
4852
4374
4197
5088
5734
2168
-1841
-4322
-731
4244
3838
-3536
-10068
-9821
-3318
826
-2061
-8475
-10934
-8733
-5942
-5172
-6064
-6459
-7484
-7612
-5935
-3507
-2115
-3122
-4694
-3587
-481
2602
2383
-250
-1625
106
3124
4376
3642
1461
-93
21
1613
3421
3026
937
-658
-1229
-493
-104
-555
-1708
-2696
-2631
-1597
-863
-1465
-3065
-4258
-3413
-1433
-354
-1190
-2179
-2076
-1160
-906
-996
-319
691
991
166
-125
590
1999
2907
2613
1734
1552
2180
2011
1437
1386
1909
2079
1566
1037
787
454
353
456
936
917
468
222
148
232
547
699
770
1006
1176
1267
1533
1640
2196
2715
3030
3376
3500
3374
3173
3440
3877
4322
4242
3961
3445
3140
3299
3863
3738
3547
2921
2955
3047
3905
3683
375
-2159
-2805
561
3566
2321
-3778
-7953
-6920
-1205
1527
-1468
-7246
-8863
-6790
-4189
-3618
-4493
-5283
-6466
-6933
-5962
-4156
-2598
-3112
-4712
-4610
-2688
-370
-208
-2011
-2909
-1847
271
1301
634
-698
-1189
-1022
143
1392
1776
900
-242
-1033
-547
775
1581
1147
-92
-610
-240
511
826
511
-277
-626
-495
-107
231
147
-493
-1322
-1621
-766
-619
-1503
-2169
-1837
-761
-603
-825
-1076
-1023
-736
-446
-185
181
279
234
326
918
1605
1673
1154
1061
2239
3343
3298
2450
2260
2886
3676
3926
3542
2899
2725
2953
3280
3308
2979
2554
2388
2404
2612
2493
2051
1791
1614
1517
1551
1578
1503
1113
692
784
1165
1318
1286
1041
643
909
1542
2102
1647
1563
1598
2421
2086
651
-787
-814
1232
2048
995
-1900
-3100
-2651
-853
-548
-2031
-3864
-4703
-5069
-4610
-4136
-3777
-4503
-5934
-6733
-6364
-5077
-4245
-4498
-5093
-5152
-4530
-3740
-3112
-3089
-3061
-2953
-2549
-1529
-641
-320
-496
-597
255
1025
1792
2006
1686
1449
1691
2151
2752
2757
2198
1837
1697
1581
1532
1347
1202
948
212
-100
-285
49
70
-779
-1636
-1555
-830
-600
-1223
-1881
-1457
-902
-817
-876
-656
-87
228
154
219
799
1564
1884
1678
1843
2445
2798
2622
2719
3072
3624
3521
2927
2622
2910
3436
3173
2237
1797
2028
2403
1967
1319
942
858
779
414
418
498
300
-181
-457
-299
125
164
-88
-634
-372
202
595
384
63
110
256
561
668
525
314
157
98
467
606
385
-272
-520
-454
-233
-92
-404
-886
-1410
-1668
-1646
-1052
-882
-1326
-2426
-2713
-2192
-1191
-1300
-2209
-3112
-2855
-2094
-1894
-2294
-2406
-2210
-2107
-2416
-2430
-1895
-1443
-1536
-1770
-1594
-1079
-833
-956
-934
-792
-516
-322
-174
-248
-178
-142
-326
-299
-82
128
-155
-506
-630
-573
-404
-602
-724
-616
-367
-380
-608
-699
-326
-38
207
211
205
449
720
942
1025
1337
1613
1796
1779
1917
2382
2492
2375
2324
2462
2912
2726
2319
2109
2270
2308
2122
2008
1933
1960
1656
1248
1096
1184
1221
1027
669
685
605
532
475
225
345
364
239
182
296
321
132
74
113
259
202
22
-156
-205
-160
-241
-281
-111
-299
-630
-908
-984
-728
-667
-816
-1085
-1230
-1367
-1456
-1545
-1587
-1499
-1550
-1308
-1408
-1496
-1534
-1497
-1290
-1142
-1042
-820
-943
-879
-620
-299
-155
-328
-411
-381
-134
5
77
-89
-64
175
347
165
-30
-118
79
108
-152
-412
-560
-380
-512
-661
-802
-624
-700
-950
-1279
-1017
-821
-853
-942
-1182
-839
-573
-461
-694
-687
-551
-94
-2
41
128
195
447
770
993
860
711
1031
1480
1545
1427
1548
1857
2049
1869
1560
1695
1906
1803
1701
1697
2014
1964
1323
989
1024
1452
1310
893
553
581
667
203
20
62
136
-100
-411
-712
-566
-406
-668
-886
-740
-726
-862
-1042
-1217
-1148
-1060
-955
-1014
-1057
-988
-979
-1053
-1219
-1052
-678
-515
-741
-1005
-869
-576
-352
-450
-536
-529
-226
-184
-304
-265
-66
-117
-250
-229
117
310
-61
-357
-251
276
265
-5
-247
-103
92
162
122
-17
151
184
67
-46
210
476
338
-82
21
390
728
469
100
-67
334
508
559
446
322
425
406
393
424
375
298
203
234
435
390
227
25
70
85
118
107
77
-74
-88
93
165
204
55
-112
-88
105
334
336
155
250
408
326
394
350
284
220
198
276
318
276
229
170
180
179
-45
-108
-19
15
34
-65
-197
-146
-37
-153
-221
-336
-290
-241
-288
-404
-563
-435
-375
-455
-535
-583
-705
-642
-663
-652
-788
-790
-825
-809
-849
-920
-1058
-1069
-819
-845
-897
-1013
-931
-792
-823
-1030
-1014
-879
-609
-560
-645
-653
-519
-328
-194
-204
-65
128
171
251
271
540
819
984
1062
1043
1088
1238
1323
1289
1347
1584
1615
1500
1318
1248
1312
1281
1273
1044
948
855
787
830
783
558
432
250
175
226
209
60
-193
-212
-84
46
-1
-144
-322
-466
-249
114
241
99
-175
-326
-64
353
536
283
1
-99
271
377
274
151
49
3
-141
-101
-98
-106
-363
-650
-731
-419
-229
-403
-908
-1021
-855
-537
-486
-700
-843
-878
-597
-465
-414
-286
-377
-478
-360
-72
179
142
-40
-156
21
107
183
160
167
93
-33
-64
-5
-63
-79
-251
-386
-397
-328
-424
-654
-815
-745
-750
-947
-1123
-1136
-970
-934
-1049
-1195
-1100
-1064
-940
-943
-924
-706
-632
-451
-470
-279
-119
-54
33
209
532
749
813
736
909
1240
1350
1346
1310
1334
1427
1553
1550
1566
1519
1447
1357
1458
1526
1457
1377
1197
1114
1156
1103
969
800
648
664
725
624
339
200
234
311
245
165
94
164
80
111
37
75
24
-70
-82
-52
70
-21
-179
-244
-299
-285
-317
-433
-481
-505
-647
-899
-975
-799
-831
-1007
-1119
-1125
-1074
-1096
-1274
-1285
-1175
-1104
-1108
-1177
-1128
-1077
-1016
-881
-786
-705
-752
-720
-694
-544
-332
-228
-285
-318
-210
-57
-42
-123
-188
-88
104
105
67
-36
31
-15
-58
-54
21
85
76
-175
-221
-13
195
207
-74
-143
40
222
188
145
207
417
434
376
470
599
628
656
572
706
930
923
784
701
811
958
849
774
733
834
877
695
633
717
828
748
594
479
616
681
548
548
583
595
562
456
491
518
415
442
353
386
408
384
381
370
421
337
262
157
244
198
191
161
96
51
17
-4
-9
-49
-136
-265
-359
-325
-350
-422
-474
-629
-747
-832
-802
-803
-986
-1142
-1202
-1105
-1098
-1203
-1407
-1438
-1443
-1440
-1429
-1416
-1394
-1351
-1417
-1436
-1340
-1248
-1188
-1230
-1141
-1025
-870
-820
-731
-753
-655
-530
-371
-302
-289
-241
-152
1
117
163
174
184
292
424
478
536
507
593
627
708
723
770
785
846
870
902
941
979
976
932
958
992
1030
968
1010
1035
995
1021
1001
967
944
905
893
913
868
833
751
742
717
716
674
647
641
586
523
467
519
465
333
218
242
258
168
121
140
67
-17
-81
-16
47
-1
-111
-175
-179
-150
-65
-104
-149
-201
-215
-177
-96
-52
-90
-205
-225
-178
-126
-76
-190
-268
-293
-213
-157
-202
-292
-350
-366
-368
-429
-551
-644
-713
-725
-761
-810
-843
-872
-999
-1087
-1129
-1107
-1110
-1239
-1351
-1374
-1313
-1281
-1309
-1349
-1304
-1288
-1206
-1140
-1074
-998
-924
-854
-750
-645
-521
-440
-356
-227
-97
0
100
208
370
498
551
661
800
926
984
986
1044
1113
1119
1121
1131
1165
1180
1085
1083
1142
1187
1134
1005
969
1046
991
920
849
791
829
802
729
727
749
727
707
650
755
807
698
557
486
586
642
564
469
443
400
376
315
300
281
235
154
132
-21
10
-254
-589
-481
-552
-142
-156
-193
-504
-486
-352
-429
-476
-654
-721
-725
-672
-652
-920
-743
-619
-475
-326
-283
-311
-466
-466
-457
-461
-355
-399
-476
-479
-443
-382
-370
-369
-438
-445
-459
-479
-464
-478
-599
-798
-837
-846
-906
-872
-946
-1026
-959
-909
-876
-875
-874
-850
-828
-762
-660
-636
-594
-453
-364
-249
-187
-67
1
77
291
431
515
610
685
736
825
866
871
936
982
1041
1123
1127
1146
1117
1044
1041
1004
979
920
846
786
724
830
708
666
866
589
803
784
718
515
639
629
529
707
508
465
283
242
363
223
578
657
565
498
470
467
361
156
-251
-277
-268
-129
-8
-18
-172
-185
-68
-166
-223
-120
-365
-514
-465
-481
-630
-622
-610
-586
-512
-587
-500
-473
-471
-464
-430
-534
-512
-419
-438
-569
-516
-410
-459
-476
-479
-356
-339
-472
-506
-526
-803
-695
-620
-750
-692
-534
-539
-717
-627
-461
-690
-602
-571
-668
-711
-605
-688
-709
-480
-674
-530
-353
-349
-151
-35
-173
-347
-37
76
-39
49
201
142
132
461
449
193
449
765
724
721
1105
889
773
1087
932
722
842
988
840
968
1128
918
792
980
881
579
1026
977
603
1051
1028
527
538
1014
294
355
823
402
69
742
647
120
605
486
-22
274
463
-72
11
73
39
216
237
-77
-203
-186
-288
-202
-218
-117
-349
-189
-193
-485
-374
-415
-576
-684
-322
-542
-473
-487
-444
-597
-643
-890
-721
-645
-814
-644
-658
-714
-624
-449
-871
-851
-728
-732
-564
-816
-601
-550
-793
-842
-270
-971
-617
-188
-755
-502
4
-447
-593
187
-606
-446
320
-388
-477
423
-18
-587
501
98
-587
414
371
-247
-171
731
128
-211
691
346
-295
282
952
-450
294
929
-293
397
1116
167
103
1364
34
-66
1612
439
-32
1486
806
-207
1045
1140
18
654
1316
804
95
1011
947
288
77
1848
-170
-249
1439
220
-173
755
874
-676
497
854
-246
11
1032
-569
-58
498
-111
-470
736
-220
-385
398
95
-235
59
3
-88
-366
129
106
-492
-95
-151
-57
-522
106
-437
-128
-726
148
-235
-961
-298
138
-1052
-573
331
-1002
-1234
395
-871
-1362
481
-720
-1497
298
-912
-1004
-565
-33
-1460
113
-530
-543
-762
-6
-196
-1061
150
-626
-29
-555
169
-204
-535
377
122
-465
275
86
-263
626
-64
227
24
521
-226
585
843
-630
743
621
138
-388
1689
-407
-240
1649
505
-1057
1873
412
-442
1011
1200
-736
947
1147
-678
761
991
-396
375
1269
-85
-150
1413
-254
-642
1401
-329
-234
-147
1393
-2226
1909
-1178
166
-493
623
-1280
54
528
-1560
744
-517
36
-1694
1870
-1571
-315
170
654
-2032
1182
652
-2004
998
489
-899
141
444
215
-982
1494
-658
434
258
325
283
-201
221
290
-63
161
280
-173
151
-28
548
-1248
1541
-1630
658
-410
123
-891
620
-833
-800
871
-1250
-511
393
-513
-1349
1314
-807
-1371
1108
-412
-1286
854
-123
-889
279
357
-1039
502
-216
206
-648
1085
-1419
611
556
-568
-179
1356
-648
-1087
2268
-912
-892
1101
698
-1424
731
1141
-223
-1379
2808
-1241
31
610
396
-40
16
1435
-871
1875
-1439
1848
206
-153
-554
2807
-1808
178
2288
-1018
-577
1736
100
-1663
2132
-607
-531
769
-90
-1139
1167
-449
-982
633
-214
-1593
536
538
-2133
397
806
-1585
120
320
-450
-1543
1120
-870
-378
-607
1066
-1229
-206
845
-876
-52
-105
1160
-2641
2779
-1856
675
-478
1172
-1840
1412
73
-764
675
141
-326
299
400
-684
1171
-1218
963
126
-304
107
454
-17
-1096
1980
-961
-675
1538
-984
263
92
477
-776
754
-156
-334
715
-789
312
605
-476
3
235
869
-2067
1806
-59
-1407
675
1444
-1965
505
1459
-1624
406
859
5
-1341
2371
-1336
14
967
89
-1243
1856
0
-1305
1723
200
-931
453
1958
-2118
936
1238
-592
-509
1184
98
-1119
1022
313
-880
612
-294
228
-145
-309
214
-240
-339
-422
617
-1091
-174
-204
-165
-755
-264
-35
-146
-1467
1246
-1390
-61
-941
1448
-2867
2033
-1523
120
-735
922
-1557
86
988
-2306
2087
-1961
1296
-1402
638
-432
369
-882
345
868
-1812
1092
399
-1089
-433
1982
-1864
254
959
-130
-942
1161
419
-1270
835
629
-370
-577
1800
-1138
625
247
784
-534
435
731
-233
227
426
439
-27
-134
1760
-1408
1038
554
-657
699
85
-248
337
613
-850
1183
-493
-15
-386
1737
-2548
1790
-243
-352
-345
1044
-329
-1188
2212
-1795
672
305
-339
-260
1103
-1424
1309
-471
316
-441
650
206
-782
1312
-1101
1477
-1815
2213
-1388
461
35
254
-175
-525
1072
-1119
561
-619
978
-1230
251
359
-805
-209
95
46
-1000
265
68
-1132
469
-199
-841
203
-154
-464
-489
775
-1832
1187
-1231
750
-1505
779
-303
-739
328
-392
111
-1358
1536
-1541
574
-688
676
-1262
1076
-1217
822
-882
628
-843
1266
-1587
1325
-464
-437
902
-347
-141
236
523
-498
376
706
-298
-183
1365
-816
588
-123
1545
-1272
954
1055
-693
-94
1583
6
-1246
2261
-359
-504
856
993
-805
529
87
1274
-1662
1237
533
-745
-77
1019
-211
-778
938
-124
-439
77
302
-421
154
-544
595
-640
33
-421
604
-1120
553
-290
-128
-423
190
-53
-949
847
-955
515
-674
97
550
-1170
553
512
-1287
706
-70
14
-1224
2162
-1713
206
810
-381
-853
1203
-475
-399
83
455
-342
-408
550
-135
-338
-191
483
-383
-534
337
288
-789
12
486
-978
660
-908
606
-498
-417
196
71
-37
-1269
1959
-1739
16
493
-207
-507
196
356
-388
-376
740
19
-1433
2067
-1539
847
-659
1153
-1199
625
456
-904
801
201
-445
152
1052
-1323
1436
-560
742
-651
1047
-70
-256
1258
-775
767
752
-340
416
711
452
-1174
2405
-860
-32
962
803
-1440
2215
-795
202
675
-666
1240
-1346
1612
-1816
2433
-2857
2333
-1612
680
-403
-274
438
-903
452
-1203
1462
-2404
1166
-543
-417
-333
299
-546
-398
-120
42
-608
71
-252
107
-738
742
-1150
911
-1156
983
-1436
1405
-1487
867
-919
1009
-883
-416
1291
-1316
220
-284
1278
-2660
2149
-806
-25
-641
1084
-854
-232
412
-113
-568
307
28
-689
1234
-1598
1059
138
-788
-14
1222
-991
-414
1409
-398
-981
838
858
-1506
662
539
273
-1532
2226
-800
-438
913
-264
346
-784
1398
-977
617
-79
162
25
260
-482
923
-322
-26
282
796
-1055
944
-41
140
-684
1620
-1104
583
82
673
-756
986
37
-306
585
-142
535
-617
947
-978
1436
-1131
753
-43
235
-595
402
533
-1253
839
-248
243
-1112
1172
-520
-545
336
121
-429
-645
1187
-1275
322
-119
-64
-146
-52
-409
721
-940
388
-418
579
-874
-13
938
-1412
794
-301
9
-222
-223
476
-779
376
-498
517
-775
399
-600
683
-982
353
-482
736
-1533
752
156
-898
-169
725
-755
-236
505
-759
709
-1199
1008
-566
213
-635
971
-384
-732
1140
-213
-694
654
600
-884
582
316
-100
188
-307
1162
-744
210
479
406
-648
434
574
-511
560
-141
502
-277
320
287
-148
386
-383
686
-170
124
-4
628
-808
1196
-936
1161
-971
1150
-913
877
-269
-86
339
-110
436
-636
990
-425
-290
515
-237
-18
-229
379
-93
-530
593
-323
112
-886
1272
-864
-568
852
-11
-1498
1346
-331
-552
-235
1036
-1407
696
-397
183
-341
253
-280
-115
367
-663
524
-540
583
-839
197
525
-964
187
754
-1189
359
336
-710
50
105
-42
-631
728
-658
36
243
-520
126
227
-680
593
-656
522
-335
-502
693
-402
-319
116
822
-1369
455
618
-777
-335
1086
-508
-691
1196
-892
448
-283
427
-136
-172
442
-522
895
-781
819
-574
1201
-1188
921
192
-412
401
91
599
-856
1154
-249
317
-465
1288
-903
556
219
107
35
102
482
-529
1011
-868
683
211
-576
561
-102
203
-789
1256
-985
404
-75
58
-577
757
-720
-40
514
-560
-241
569
-301
-677
950
-890
320
-485
490
-475
-128
447
-821
755
-910
752
-633
163
17
-513
742
-963
424
-63
-80
-417
469
-480
196
-438
477
-652
439
-500
184
-173
259
-788
839
-616
-136
368
-608
755
-1065
958
-694
477
-912
1081
-763
43
290
160
-731
573
257
-794
463
241
-488
12
352
180
-1187
1623
-1087
329
107
-54
-126
137
158
-236
210
3
111
-446
1067
-1008
671
-489
1189
-1408
1079
277
-535
-7
1051
-529
-421
1650
-1341
924
-230
696
-891
1353
-685
277
452
-30
-155
628
-209
105
389
-406
582
-639
916
-745
222
282
-177
-289
275
277
-952
482
220
-796
93
529
-1133
724
-533
140
-561
539
-631
-99
251
-359
-245
277
-514
480
-862
557
-318
-104
-167
204
158
-1039
1304
-1043
475
-704
1187
-1496
947
-219
-169
-153
429
-419
-67
477
-705
792
-890
645
-332
191
-547
853
-519
-477
1089
-928
443
-386
839
-1272
1257
-690
88
133
35
-394
355
42
-506
687
-443
102
50
20
-515
947
-976
429
112
-232
41
-85
445
-703
586
-329
3
438
-747
774
-300
67
-87
354
185
-749
1209
-651
313
-153
771
-860
801
-17
-116
283
337
-276
375
183
-153
536
-546
811
-416
487
-440
916
-690
231
543
-403
-61
667
-598
167
218
-168
-48
77
161
-519
639
-799
671
-727
436
-273
-57
167
-656
779
-961
461
-474
276
-514
-135
857
-1516
1119
-535
-201
70
-28
-223
-311
704
-1108
816
-696
620
-929
756
-258
-425
520
-545
355
-239
67
-308
789
-1265
973
-396
344
-1081
1525
-881
-302
949
-751
395
-675
1340
-1558
1098
-588
650
-830
798
-202
-293
409
-84
-174
144
362
-973
1122
-301
-754
1073
-260
-742
720
237
-949
750
10
-307
109
-12
384
-830
891
-683
664
-837
803
-244
-169
210
256
-443
398
-287
584
-670
524
258
-491
349
181
56
-361
520
448
-1030
1035
60
-528
396
218
120
-773
1246
-694
315
-547
1529
-1887
1505
-816
540
-478
292
23
-334
359
-570
794
-1036
781
-590
468
-780
581
-155
-512
455
-227
-111
-376
524
-379
-472
538
-60
-709
330
568
-1398
1116
-517
108
-478
573
-285
-661
1287
-1350
773
-327
93
-260
462
-911
1181
-1043
339
209
-40
-298
-177
1429
-2239
1773
-734
352
-573
745
-102
-475
677
-287
307
-558
1068
-894
586
-211
474
-407
150
528
-461
175
156
235
-395
237
225
22
-536
792
-292
-205
311
50
-310
230
-81
33
-166
199
-331
371
-628
635
-471
-111
297
127
-981
1181
-721
-128
437
-465
461
-796
1172
-1491
1582
-1534
1165
-774
476
-502
546
-360
-78
577
-1121
1484
-1720
1475
-1073
715
-799
972
-862
155
429
-546
176
-254
690
-1235
1007
-551
531
-1016
1092
-535
-131
30
369
-366
-289
804
-698
256
-116
529
-769
462
343
-761
559
103
-233
-21
482
-178
-449
1023
-682
5
576
-256
-325
753
-420
33
146
181
-460
517
-208
-106
377
-374
163
71
153
-659
964
-824
756
-965
1093
-638
77
-54
618
-782
31
927
-999
273
257
280
-1162
1270
-333
-589
499
322
-875
430
452
-697
-99
1098
-1198
250
718
-632
-436
1165
-582
-707
1200
-527
-579
693
59
-878
975
-608
57
178
-35
-589
951
-564
-451
923
-657
215
-617
1281
-1282
331
353
-260
-222
37
472
-789
450
-257
246
-499
479
-636
773
-900
301
422
-1015
869
-721
753
-1343
1584
-1400
517
302
-883
706
-89
-499
211
745
-1546
1202
-119
-592
256
367
-249
-534
1325
-1337
796
56
-418
629
-376
437
-374
478
-204
197
-114
291
207
-244
31
647
-337
-363
1153
-807
548
-486
942
-597
-61
644
-364
131
-87
326
121
-584
619
-3
-93
-525
1049
-435
-618
850
-42
-566
106
666
-762
251
-174
490
-619
-136
723
-796
434
-717
1026
-895
15
289
-55
-306
-238
792
-795
107
-22
341
-776
471
-139
-237
294
-596
522
-191
-184
-236
779
-679
-432
1240
-991
-82
523
-54
-636
389
258
-562
189
49
326
-862
711
117
-645
192
718
-885
-84
1235
-1313
281
533
-120
-962
1223
-147
-1152
1412
-675
24
-9
318
-402
220
-28
-267
647
-749
235
401
-246
-495
862
-104
-932
1006
-32
-706
289
703
-879
68
835
-742
119
242
212
-555
358
354
-515
97
444
13
-897
1375
-713
3
114
692
-1045
649
373
-720
469
24
92
-478
919
-874
781
-588
595
-491
456
-153
-134
384
-226
146
-266
518
-444
-14
370
-318
11
31
38
-99
60
-226
302
78
-959
1192
-440
-855
966
-143
-524
-294
1446
-1749
626
405
-661
154
-58
219
-614
666
-778
533
-163
-296
-64
763
-1192
563
192
-228
-527
719
126
-1167
1074
9
-716
80
957
-991
-144
1077
-708
-300
715
-11
-791
880
-85
-687
840
-565
402
-499
698
-650
469
-266
166
6
-207
496
-610
650
-454
264
-275
690
-919
512
478
-1053
667
171
-126
-672
1228
-489
-591
895
-106
-321
-368
1563
-1584
470
620
-366
-323
401
626
-1499
1362
-263
-542
591
77
-480
221
396
-570
-85
885
-986
387
205
-245
-59
139
128
-513
616
-507
107
348
-698
626
-377
299
-638
681
-147
-734
825
-186
-265
-353
1181
-1063
-223
1231
-1156
282
33
351
-891
865
-565
118
266
-670
597
-29
-473
33
855
-1006
-175
1260
-981
-409
1135
-549
-435
336
634
-1262
807
74
-488
117
341
-165
-563
1044
-697
-22
409
-219
-115
283
-209
114
124
-209
-65
602
-667
118
363
-56
-738
980
-237
-813
977
-59
-1006
1305
-630
-101
153
456
-957
729
181
-1211
1747
-1327
364
292
7
-592
643
237
-885
681
138
-501
239
260
-368
382
-324
531
-584
710
-550
388
-133
338
-569
461
445
-1049
700
344
-627
-125
821
-279
-914
1422
-638
-524
972
-539
-25
-81
746
-1438
1278
-482
-499
767
-420
-270
440
-234
-56
-227
556
-531
-134
451
-390
202
-880
1567
-1373
-118
1109
-847
-314
535
256
-1131
727
376
-1090
533
422
-930
503
-60
200
-857
1033
-397
-432
561
12
-560
424
232
-691
501
51
-280
24
446
-572
479
-245
129
94
-258
417
-216
76
50
138
-182
69
334
-585
714
-501
294
70
-204
129
209
-304
94
186
-110
-173
392
-292
143
9
-87
152
-77
-133
159
156
-499
410
155
-482
62
709
-956
354
405
-651
513
-503
689
-677
313
74
-257
422
-657
802
-713
542
-363
72
363
-483
145
287
-108
-623
1004
-549
-199
266
402
-808
435
106
-74
-220
-126
792
-729
-523
1430
-902
-629
1154
-214
-1048
1165
-418
-239
171
167
-494
533
-400
-176
721
-890
349
142
-104
-526
863
-588
-43
169
184
-542
397
-111
-69
209
-574
836
-646
-30
438
-269
-108
-56
705
-1051
538
398
-784
447
17
132
-567
532
-50
-219
-51
331
92
-665
593
322
-854
285
623
-558
-295
694
-31
-449
39
749
-508
-353
553
411
-1108
576
626
-771
-153
895
-256
-918
1271
-504
-82
-149
803
-816
326
92
-187
337
-516
474
-51
-100
-43
13
472
-761
283
414
-150
-799
1154
-220
-886
731
438
-976
-46
1520
-1730
376
884
-698
-590
1233
-394
-913
1012
103
-1143
889
-35
-317
-168
525
-198
-483
570
-265
-7
-286
508
-278
-375
543
-89
-511
207
553
-904
120
731
-633
-457
1132
-752
-215
524
-165
-257
51
527
-961
989
-720
450
-279
63
235
-332
190
-37
308
-698
717
-301
117
-396
660
-146
-465
472
261
-566
92
769
-850
187
445
-148
-635
1019
-461
-230
438
15
-247
-29
397
-432
380
-516
565
-102
-505
566
60
-616
232
678
-1080
567
192
-287
-229
629
-413
-227
550
-412
120
10
38
-199
366
-398
177
252
-515
373
-49
34
-326
341
82
-340
-14
553
-309
-528
905
-48
-933
732
375
-872
119
811
-634
-375
811
-72
-859
708
389
-1053
484
490
-630
-196
608
-53
-750
754
-281
-37
-175
290
-228
77
-42
-139
293
-110
-377
387
183
-849
514
381
-801
-33
890
-498
-865
1271
-206
-973
650
678
-1115
151
650
-195
-638
558
188
-452
45
264
8
-187
8
274
-106
21
-311
538
-66
-432
296
461
-606
0
599
-169
-444
322
611
-996
433
308
-49
-706
950
-148
-801
1032
-481
82
-242
859
-1073
614
220
-658
246
391
-351
-598
1278
-859
-149
457
372
-1167
754
259
-620
73
301
-200
-19
66
-416
813
-447
-743
1189
95
-1756
1346
723
-1690
157
1952
-1993
-140
1728
-979
-866
1261
222
-1655
1389
-47
-762
294
610
-686
-44
739
-788
199
446
-532
-204
856
-578
-462
1026
-271
-1033
1242
-172
-778
382
429
-461
-199
377
115
-558
270
257
-168
-390
521
-110
-360
348
-82
-139
16
192
-232
86
-14
158
-226
39
339
-536
326
-34
79
-202
162
-43
-121
469
-692
475
201
-472
23
652
-538
-107
422
43
-384
234
98
-199
226
-294
314
8
-402
357
344
-691
212
558
-541
-329
1067
-550
-644
1023
-56
-863
501
551
-870
127
731
-694
-16
427
-231
-168
436
-363
-114
539
-405
-278
693
-304
-465
548
168
-657
163
471
-280
-402
382
327
-617
-114
823
-342
-832
997
96
-1032
452
900
-1210
-81
1133
-670
-546
714
276
-784
29
817
-474
-399
421
198
-360
-215
530
-217
-132
-62
414
-131
-559
598
71
-516
184
461
-511
-306
938
-414
-542
594
270
-822
318
514
-500
-361
868
-263
-426
239
423
-562
20
622
-474
-275
558
50
-553
254
367
-415
-216
623
-87
-412
-43
784
-496
-445
633
164
-661
138
768
-653
-233
451
127
-414
-62
397
-63
-498
389
354
-665
92
437
-153
-400
485
-150
-246
206
26
-143
39
-76
114
58
-116
-176
420
-297
-199
591
-285
-306
291
285
-733
457
44
-356
165
300
-282
-269
693
-451
-267
695
-187
-633
641
156
-527
64
527
-510
-149
572
-267
-211
276
95
-336
283
49
-358
229
155
-134
-217
488
-341
-94
325
22
-523
438
166
-560
376
369
-854
430
317
-452
-49
455
-257
-261
552
-339
-66
73
172
-293
159
105
-323
232
4
8
-134
196
-197
163
-56
-94
110
1
-127
75
260
-473
215
127
-150
-127
272
-81
-145
159
19
-96
53
28
-12
-97
177
-223
17
224
-249
10
250
-165
-171
264
72
-479
497
-87
-332
228
94
-177
-111
212
-196
67
-86
215
-114
-144
175
-35
-67
-157
268
-170
-41
146
-116
45
-34
6
41
-97
-139
121
-75
130
-17
-96
133
-177
99
22
-89
43
133
-148
-14
107
-24
-343
583
-503
291
-101
-11
74
149
-122
-185
435
-394
108
164
46
-461
596
-280
-131
282
36
-307
200
294
-498
266
54
98
-225
187
26
-93
-65
215
13
-158
130
-34
24
-35
126
-234
326
-206
-20
189
-77
-66
185
-50
-169
204
-180
50
-18
208
-311
160
66
-19
-246
277
46
-360
171
277
-405
47
323
-296
-30
130
-160
24
95
-118
7
147
-126
-101
240
-129
-44
-124
307
-249
7
100
-45
16
-84
5
-148
265
-213
-77
401
-171
-265
227
158
-395
166
14
58
-175
250
-245
157
23
-260
176
-17
-1
-136
218
-32
-2
-85
108
-66
116
-236
191
-24
-132
118
-88
167
-117
-55
118
4
-65
-74
155
55
-280
202
135
-244
118
-13
12
19
-119
63
32
106
-239
140
140
-277
124
-13
113
-89
-89
255
-102
-16
-75
238
-328
181
10
-61
118
-74
154
-246
237
-93
-72
40
157
-121
-43
79
118
-232
21
219
-178
-17
-12
164
-71
-7
-80
187
-75
-191
163
69
-182
-35
189
-61
-77
-10
82
-53
-125
150
-23
-148
120
200
-322
21
228
-279
-144
434
-147
-408
518
-72
-330
240
13
-146
-82
257
-121
-80
100
53
-58
-65
193
-291
66
212
-168
-89
235
-111
-120
101
159
-272
9
260
-144
-9
74
88
-81
-18
67
-29
-132
103
-44
52
42
-89
104
3
57
-121
89
-36
-67
31
77
16
-31
5
48
-33
-135
211
-133
-5
133
-24
-72
-4
116
-163
19
82
-62
-19
5
211
-137
-109
199
-64
-195
133
186
-300
106
124
-57
-110
126
-21
-1
-114
117
71
-85
-49
193
5
-223
47
184
-150
-96
235
-10
-188
90
126
-113
-10
101
-56
-87
123
4
-98
36
73
-87
-47
99
7
-89
100
-8
-14
-38
-61
107
-76
-69
78
10
-74
28
117
-147
-21
38
-20
-32
17
110
-145
71
4
-85
-26
116
-119
-37
154
-108
-64
148
29
-221
143
26
-150
11
90
-60
60
-6
-2
74
-71
-12
5
66
-159
64
21
102
-54
-101
203
-113
-93
165
-54
-71
118
-29
-17
98
-101
-37
184
-72
-53
14
129
-105
-2
58
-32
-114
76
26
17
41
-22
38
24
62
-182
70
-6
-21
-86
136
-24
-74
131
-1
11
-105
44
-19
-30
10
53
-85
89
31
-76
76
-25
-141
50
110
-156
58
37
68
-105
9
116
-223
108
64
-115
79
23
-107
39
39
-7
-105
115
-26
12
2
-22
37
-59
-34
0
96
-152
96
66
-50
-16
5
-43
13
5
-27
35
27
-60
3
70
-33
-46
32
-1
8
-36
27
-10
30
-11
-86
90
-8
-100
1
109
-19
-125
139
139
-200
118
38
-110
-57
47
-22
26
-16
71
-12
5
20
-20
8
-26
77
-60
68
8
-25
12
62
-96
-13
46
-4
34
11
61
-51
16
-48
18
34
-67
90
30
19
-9
-4
-24
-10
-23
-43
29
27
7
27
85
-61
-22
-32
19
-30
-47
73
5
13
-32
69
-34
-30
-44
61
-26
-110
119
-23
23
-62
131
-153
14
98
-120
60
-7
-3
-48
55
-35
34
-57
79
-41
-34
41
2
-6
-13
103
-90
-61
74
-6
-65
39
22
-14
4
7
33
-20
-59
75
-24
-36
85
-25
-2
35
-13
-98
56
-10
-35
35
1
36
-65
44
48
-69
3
23
-16
13
6
0
-6
-3
-30
-38
-2
46
-28
27
-20
74
-59
-29
15
46
-44
-84
150
-50
-57
3
116
-113
-17
41
20
-51
11
70
-77
-11
64
-7
-60
32
24
-45
-11
104
-78
6
53
-47
10
-44
-27
61
-26
0
27
48
-93
56
53
-89
-54
84
-51
-18
53
22
-81
72
20
-69
13
7
-45
1
50
-48
6
32
20
-47
38
-44
-60
35
21
-59
56
0
-23
46
17
-64
-5
49
-77
45
24
-22
-29
24
36
-124
84
-46
17
48
28
-10
-10
-1
15
-34
-37
68
-54
22
35
26
-54
24
5
-39
70
-43
-28
105
-19
-37
54
-35
-22
-7
29
-8
-5
31
-7
38
-20
22
-33
-34
64
-47
-32
75
1
-31
41
39
-46
-46
55
-25
-12
-8
44
-8
-19
50
5
-61
13
-9
14
-34
64
-13
-21
59
-44
45
-103
103
-44
-54
117
-82
-14
48
22
-50
47
-16
-17
22
25
-36
-11
20
-24
-11
12
23
-35
7
68
-37
-17
26
-19
-16
-10
8
-21
9
16
14
11
-51
1
5
-12
-1
-7
11
-26
31
-30
5
5
4
-49
40
23
-72
6
62
-48
-33
32
-30
-11
23
15
-43
38
-13
-19
40
-29
-36
45
-50
-7
59
-39
12
21
15
-63
17
-3
-27
-2
42
-29
-8
28
14
-5
-41
25
16
-74
41
72
-85
24
36
-49
-34
13
4
-1
15
-23
54
-43
10
18
-11
8
-40
25
-18
10
-45
32
16
-48
40
-1
11
-13
17
-6
-35
3
20
-1
-32
33
-3
-20
-19
89
-67
19
62
-60
-3
9
7
-55
56
-4
7
-16
54
-6
-26
3
-23
33
-46
38
14
35
-37
29
-1
-11
-44
50
10
-33
38
-17
38
-39
9
-15
26
-21
-12
57
-14
-26
52
-21
-13
18
-8
-16
12
20
-36
-27
73
-32
-39
55
-8
-10
-5
45
-44
29
-13
-9
24
-4
-10
8
16
5
-27
2
9
-9
-26
37
1
-6
4
29
-3
-19
5
-2
3
4
-18
39
-28
-5
23
1
-20
-15
32
-18
-17
36
-4
-26
34
15
-25
-18
32
-31
-13
4
16
-45
3
46
-7
-26
23
12
-24
1
24
-39
-17
15
-16
-15
-2
7
-14
47
-13
6
20
-46
4
6
-39
-21
22
24
-32
53
-4
-26
-24
43
-25
-74
71
11
-47
38
50
-13
-90
72
21
-111
35
34
-20
-37
93
-46
-36
46
-10
-40
40
11
-56
44
39
-39
-19
30
-23
-11
2
11
-22
2
18
-23
27
-10
-30
29
16
-34
-9
44
-24
-3
34
-32
-11
1
-2
5
2
8
-14
17
5
-10
-2
9
8
-15
14
31
-34
-9
43
-27
-35
14
11
-17
34
8
30
-6
-22
37
-5
-42
0
38
-61
54
7
-7
5
20
-7
-27
42
-24
1
17
37
-34
-6
13
12
-17
-8
10
-19
16
-19
49
-10
-5
19
-4
8
-19
-7
11
18
-30
28
-24
5
13
-3
-2
8
13
-19
29
21
-48
9
12
-15
-1
28
-2
12
12
-4
-26
12
-11
-4
13
9
-4
5
26
-14
3
-3
10
-42
43
-4
-16
16
20
-25
1
4
11
-25
15
6
-23
35
-27
33
1
-33
14
6
-47
17
9
11
-18
46
-13
-26
24
-28
-11
-16
31
-35
5
65
-43
-14
25
-16
-27
21
-8
3
12
-1
1
-9
-14
-7
1
-22
14
32
-41
41
15
-26
-30
15
-7
-33
40
-8
21
-24
36
-10
-29
-14
22
-29
-4
28
1
10
-14
14
-7
-30
-11
10
10
-25
34
0
-12
14
-21
6
-16
-18
19
-4
7
-18
26
-14
-26
21
-21
-6
-3
13
-14
9
-13
23
-13
-5
20
-19
-25
12
16
-40
15
2
8
-33
4
20
-26
4
20
9
-4
-3
5
-5
-28
0
9
-22
26
9
-4
1
-4
-14
4
-13
14
0
19
18
-20
23
-10
-29
9
4
-29
8
42
-34
12
35
-51
2
17
4
-33
38
6
-12
0
13
-7
-21
15
-3
-2
-5
8
-20
31
-10
-15
16
-6
3
2
16
-28
21
8
-22
10
8
-11
-29
49
-15
-14
17
21
-19
8
7
-13
-8
26
-16
7
3
-1
10
2
9
0
-17
2
17
-20
6
24
2
-12
16
-2
-24
0
10
3
3
6
34
-14
-3
24
-23
-27
15
18
-25
11
41
-29
-2
9
1
-20
0
30
-25
12
17
-1
-14
21
-4
-19
14
-3
-12
15
3
-7
10
-12
7
14
3
-11
10
7
-25
16
10
-11
0
5
14
-15
-9
16
10
-15
22
-3
-10
-6
15
4
-25
25
-1
6
-2
19
-25
-1
-9
13
-13
15
21
-23
35
-14
-5
-39
35
-16
-6
9
10
-5
3
17
-17
15
-12
-7
13
14
-29
1
10
-13
-21
18
-4
-10
28
-18
23
-16
-6
4
-2
4
-18
2
0
-1
9
-16
16
-10
-13
2
1
-3
-7
2
7
4
-17
-3
11
4
-23
29
-9
-12
-2
16
-28
-11
12
-12
-7
19
11
-20
17
-7
-5
-6
-1
-5
-13
19
-10
-19
11
9
-28
8
14
-15
-11
11
10
-18
4
5
-20
1
0
-8
-16
19
-8
-13
26
-2
-17
3
14
-29
-6
11
-13
8
3
4
-17
1
-14
1
-2
-6
24
-12
9
7
-6
-9
-11
7
-4
-2
3
-5
17
-25
-6
7
-12
-4
5
21
-13
11
2
-7
-5
9
-2
-15
13
6
-20
4
13
-22
-5
12
6
-15
12
19
-14
16
2
-13
-4
10
-19
8
4
-13
3
20
0
-13
17
-15
-1
-1
11
-18
22
12
-3
7
9
-12
-13
17
-10
-6
3
16
-4
19
-3
-14
7
4
-14
5
15
-9
5
18
5
-11
5
9
-6
-3
7
-6
4
3
7
4
-5
2
2
7
-3
3
7
1
9
-6
4
5
-9
11
2
1
15
-10
5
11
-12
-12
17
0
-15
24
7
-19
16
12
-18
10
12
-10
-4
19
2
-15
19
10
-25
12
8
-17
-8
10
6
-1
-11
19
8
-6
-10
22
6
-34
22
14
-16
-2
0
10
-20
2
1
-5
-3
-3
16
-23
14
8
-9
10
7
-11
-1
7
-9
-6
0
-13
9
-12
-1
10
-17
-11
18
-10
-8
12
12
-8
10
6
-13
5
-8
-1
-12
-3
-12
-4
-7
5
-10
2
10
-7
9
10
-15
12
4
-19
2
-4
-13
-4
2
-10
-6
4
6
-10
6
6
