5
24
24
16
7
-8
-20
-18
-9
-12
-24
-27
-18
-12
-17
-31
-42
-39
-19
5
11
-8
-32
-33
-12
10
18
12
4
4
11
11
-15
-53
-64
-35
0
10
6
15
36
39
14
-18
-31
-24
-10
1
5
-3
-20
-41
-54
-55
-45
-37
-36
-36
-30
-27
-40
-64
-83
-83
-73
-64
-63
-70
-79
-78
-64
-41
-29
-41
-64
-77
-65
-41
-30
-36
-46
-42
-31
-24
-14
11
43
60
43
10
-7
8
36
48
33
10
9
29
47
50
47
50
45
21
-3
5
30
32
0
-25
-13
11
8
-13
-11
23
48
25
-26
-53
-39
-15
-10
-24
-34
-35
-31
-25
-16
-6
8
23
29
15
-12
-22
2
39
58
51
39
42
61
84
92
71
34
4
-2
2
-8
-24
-25
-10
4
3
-10
-20
-18
-2
11
8
-8
-11
9
25
17
-2
-5
2
-4
-23
-28
-12
1
-3
-11
-8
3
11
19
34
50
57
60
61
53
28
7
14
44
65
62
52
58
72
72
55
37
30
37
44
40
18
-3
-1
27
46
30
-3
-14
9
38
48
34
14
-1
4
25
44
48
51
67
86
83
56
29
16
9
9
26
52
56
37
24
29
29
7
-13
-2
23
25
-2
-20
-5
35
69
67
34
3
4
28
37
16
-11
-18
-11
-4
4
21
38
35
12
-15
-27
-16
7
13
-9
-38
-40
-22
-16
-26
-23
3
22
13
-3
-2
-2
-19
-32
-25
-21
-39
-60
-49
-17
2
-2
-4
5
10
10
11
3
-18
-30
-14
7
0
-23
-13
30
58
41
7
-9
-12
-11
0
21
28
9
-10
-6
8
5
-20
-40
-37
-16
8
15
1
-20
-26
-17
-13
-20
-17
7
33
32
8
-14
-22
-18
-7
4
-3
-33
-60
-55
-26
-12
-28
-46
-43
-23
-13
-19
-30
-47
-62
-61
-35
-8
-11
-31
-31
-1
18
0
-27
-28
-14
-22
-54
-74
-61
-33
-23
-35
-47
-45
-31
-25
-39
-59
-59
-33
-8
-12
-26
-15
15
24
0
-22
-12
11
16
0
-19
-30
-43
-56
-56
-41
-31
-38
-46
-43
-30
-22
-22
-17
0
19
26
15
-2
-12
-15
-23
-46
-81
-108
-104
-66
-24
-13
-32
-48
-39
-18
-6
-7
-10
-14
-16
-10
0
10
9
0
-10
-19
-19
1
27
27
-4
-28
-21
-9
-26
-58
-77
-80
-89
-97
-77
-38
-17
-28
-42
-39
-29
-22
-10
2
2
-8
-6
14
31
27
15
9
6
4
12
28
35
24
14
27
52
65
57
36
16
11
22
28
13
-8
-4
22
30
6
-16
-4
23
31
23
23
36
50
54
51
43
35
37
48
50
32
13
12
18
9
-11
-15
2
17
18
16
29
46
46
28
15
26
58
83
78
54
38
41
49
42
25
14
12
6
-9
-20
-14
9
25
15
-7
-16
-2
19
27
24
21
22
18
15
25
40
40
16
-9
-13
0
10
7
-1
-5
-10
-19
-21
-8
10
12
-3
-16
-13
-5
-11
-26
-26
0
27
32
20
10
11
20
29
38
41
34
25
22
25
24
20
16
15
18
27
39
49
59
75
93
91
61
28
30
64
97
101
84
66
58
60
68
66
47
26
25
42
52
39
22
23
42
57
50
26
3
1
17
32
29
14
8
15
22
18
12
13
10
-6
-31
-40
-30
-12
-4
-12
-29
-50
-66
-70
-57
-40
-36
-44
-47
-32
-18
-34
-72
-91
-70
-35
-24
-41
-52
-39
-24
-29
-49
-55
-36
-12
-7
-26
-47
-50
-38
-25
-19
-22
-34
-53
-62
-43
-4
25
22
-2
-10
6
22
16
-7
-14
5
23
11
-25
-47
-34
-13
-24
-53
-58
-21
24
36
18
5
13
31
41
36
22
10
5
1
-12
-32
-40
-38
-41
-54
-64
-60
-53
-57
-62
-55
-37
-25
-20
-11
0
7
1
-6
-10
-13
-20
-32
-38
-30
-12
-2
-15
-39
-42
-23
-7
-18
-38
-38
-18
-6
-13
-28
-32
-26
-14
1
12
13
6
6
20
38
45
41
28
15
13
19
19
0
-26
-32
-9
20
33
27
17
10
2
-4
-8
-9
-13
-23
-30
-22
-2
19
28
25
18
11
-2
-22
-39
-36
-13
6
0
-26
-47
-42
-19
-1
4
3
2
-1
-6
-8
-4
1
-7
-26
-34
-25
-17
-26
-46
-56
-45
-18
5
13
5
-12
-27
-33
-28
-19
-12
-14
-17
-10
10
25
18
-13
-40
-36
-7
10
-1
-29
-44
-40
-30
-28
-40
-54
-58
-50
-39
-36
-45
-55
-51
-31
-10
-6
-26
-59
-78
-69
-37
-5
13
14
10
11
17
22
20
9
-7
-22
-29
-22
-1
18
19
3
-17
-18
5
38
62
61
44
25
20
31
51
69
76
69
48
22
7
15
42
67
63
32
0
-3
27
66
86
82
76
82
91
93
87
85
93
99
86
56
30
29
53
84
95
73
30
-7
-15
3
17
-1
-35
-49
-22
23
45
32
17
33
68
85
61
20
0
13
35
48
46
38
25
6
-11
-11
6
22
21
14
21
46
69
70
58
51
56
66
77
89
98
85
51
19
24
57
69
33
-21
-34
8
55
56
20
-3
9
28
22
3
2
25
40
26
6
14
39
45
17
-12
-13
0
-7
-39
-62
-58
-48
-56
-73
-69
-50
-52
-89
-113
-80
-16
4
-52
-122
-132
-90
-69
-104
-141
-117
-52
-27
-68
-113
-98
-46
-34
-84
-132
-121
-70
-42
-52
-57
-37
-29
-64
-106
-90
-23
18
-11
-59
-47
20
58
27
-14
12
85
110
54
-6
5
59
65
7
-35
0
62
61
-2
-31
21
83
61
-26
-65
-6
71
72
16
-2
53
103
81
24
16
63
85
41
0
30
100
108
31
-39
-24
31
29
-36
-66
-7
64
44
-46
-81
-12
70
53
-40
-88
-46
-2
-39
-112
-112
-26
37
-1
-85
-108
-66
-47
-94
-135
-97
-28
-25
-94
-126
-51
50
55
-31
-83
-30
49
43
-33
-63
-10
35
-12
-95
-99
-19
29
-28
-110
-97
-10
22
-54
-138
-112
-12
27
-33
-89
-48
27
16
-80
-134
-77
1
-22
-120
-152
-62
35
25
-48
-53
33
85
17
-93
-107
-26
14
-55
-136
-109
-12
14
-65
-126
-63
48
52
-62
-137
-64
66
91
1
-61
-13
56
27
-63
-73
33
120
81
-12
-12
83
121
18
-106
-86
62
158
103
1
4
94
128
58
1
64
172
177
75
13
82
181
165
56
10
94
183
146
30
-2
90
167
110
-3
-21
72
130
67
-16
20
144
190
90
-24
-10
93
125
35
-49
-16
75
87
9
-31
34
100
48
-80
-121
-15
107
109
26
-1
66
110
46
-56
-63
18
56
-10
-79
-40
63
85
-7
-87
-42
60
71
-29
-104
-58
35
40
-42
-85
-27
39
4
-92
-115
-27
56
30
-58
-84
-30
6
-39
-88
-43
61
97
23
-57
-45
18
19
-57
-97
-34
50
34
-66
-115
-48
47
47
-29
-61
-5
57
38
-19
-14
58
93
26
-64
-64
17
66
28
-25
-8
50
48
-29
-82
-37
52
79
38
18
68
122
96
17
-12
41
89
54
-22
-43
10
53
24
-25
-15
40
48
-23
-87
-60
26
62
9
-56
-48
9
33
-1
-29
-3
35
25
-22
-39
-4
22
-11
-65
-67
-14
21
-6
-49
-38
19
46
10
-38
-33
12
32
2
-27
-7
32
29
-21
-58
-42
-9
-10
-34
-33
0
15
-19
-66
-72
-36
-11
-23
-40
-23
16
25
-11
-52
-56
-31
-15
-16
-9
15
33
21
-8
-20
-15
-24
-58
-84
-61
-6
28
17
-10
-11
14
29
18
6
15
28
14
-19
-31
-11
8
-2
-14
1
32
41
22
2
-4
-10
-27
-45
-40
-5
42
65
49
22
29
56
53
6
-30
-19
10
12
5
26
54
42
-4
-19
23
70
63
17
-11
6
35
33
8
0
30
67
64
21
-22
-30
-16
-12
-31
-54
-53
-33
-17
-17
-12
15
40
34
4
-8
11
15
-28
-84
-93
-47
-14
-35
-61
-24
49
51
-48
-135
-103
5
60
29
-6
-7
-29
-90
-112
-32
87
127
58
-38
-66
-9
66
76
22
-15
15
52
29
-13
12
79
75
-13
-74
-50
-6
2
16
73
112
68
-2
-4
53
78
40
1
15
56
60
18
-22
-20
16
40
25
-13
-36
-35
-32
-35
-22
16
48
22
-55
-111
-88
-13
35
21
-10
-8
18
30
7
-30
-40
8
92
136
96
23
-3
22
31
13
12
42
55
38
30
52
64
43
12
-2
-3
11
41
64
55
32
12
-28
-95
-112
-33
62
66
8
-12
-4
-49
-120
-91
39
116
47
-68
-90
-31
1
-30
-52
4
94
105
-9
-141
-156
-61
11
6
7
67
98
15
-110
-150
-81
8
53
50
22
-8
-39
-84
-134
-125
-27
78
75
-21
-94
-100
-102
-120
-90
4
79
63
-20
-108
-144
-93
33
134
109
-27
-176
-261
-244
-100
111
219
108
-117
-250
-224
-132
-34
77
164
136
-10
-156
-208
-163
-69
26
62
8
-93
-163
-178
-145
-46
102
192
115
-82
-217
-179
-33
81
105
72
26
-34
-119
-184
-147
8
169
213
132
36
-8
-25
-34
15
135
214
140
-36
-140
-80
62
146
123
35
-59
-122
-125
-52
80
202
231
133
-24
-120
-85
20
91
99
97
99
54
-49
-114
-55
80
157
108
-5
-78
-60
20
104
160
177
123
-25
-184
-183
21
237
255
119
24
16
-27
-119
-110
39
161
117
-6
-61
-22
31
51
36
11
0
-5
-53
-127
-92
108
278
184
-94
-244
-148
18
86
93
120
127
69
-2
-10
43
105
108
12
-116
-130
9
140
115
5
-48
-55
-107
-155
-80
81
172
147
80
21
-37
-78
-68
-29
-4
12
25
12
-21
-25
-9
-40
-109
-130
-77
-25
-9
22
70
79
43
12
-28
-101
-123
-21
79
20
-90
-37
106
64
-157
-236
-61
89
1
-154
-130
24
83
-9
-110
-109
-47
-49
-175
-299
-222
43
209
69
-186
-234
-88
-35
-161
-219
-43
193
227
59
-109
-152
-117
-85
-61
-11
43
33
-55
-120
-59
75
115
7
-102
-61
70
131
104
114
188
188
38
-101
-56
79
65
-98
-147
34
212
150
-43
-110
-25
47
41
27
46
104
226
342
260
-27
-205
-58
163
120
-72
-53
182
281
107
-103
-133
-27
105
197
183
62
-8
64
120
27
-40
92
190
-49
-404
-361
90
385
211
-95
-123
25
20
-116
-93
124
233
71
-121
-66
115
80
-212
-396
-225
63
86
-126
-194
33
253
146
-168
-281
-30
282
263
-62
-270
-103
171
134
-166
-310
-171
-76
-217
-308
-79
244
257
-43
-295
-248
6
201
140
-89
-169
12
126
-102
-349
-164
196
115
-323
-411
-17
203
-34
-182
125
444
289
-142
-405
-355
-60
307
390
44
-252
-85
78
-326
-725
-186
785
766
-250
-720
-42
523
95
-395
26
607
222
-630
-644
130
443
-86
-469
-63
391
57
-572
-428
399
717
101
-411
4
581
260
-454
-305
494
522
-389
-759
48
701
189
-486
-131
514
154
-655
-378
784
1084
75
-670
-144
568
234
-496
-294
572
684
-211
-826
-361
398
479
102
-2
130
-13
-324
-222
316
647
438
43
-185
-321
-399
-149
415
662
175
-450
-369
199
299
-139
-153
485
657
-173
-781
-131
745
423
-449
-369
266
-9
-818
-528
607
734
-254
-607
-27
11
-556
-161
1014
929
-494
-985
-54
258
-491
-291
1017
919
-977
-1715
-191
873
8
-527
552
971
-529
-1474
-220
1025
425
-331
237
558
-443
-932
107
673
-282
-694
448
928
-338
-1023
134
852
-224
-897
241
1108
249
-509
63
259
-731
-859
631
1317
74
-801
-36
361
-614
-810
722
1542
271
-902
-355
315
-127
-257
681
954
-206
-939
-269
234
-208
-160
763
808
-440
-1005
-128
500
118
77
728
585
-532
-851
52
544
91
-47
338
51
-727
-541
368
376
-315
-120
563
-7
-1183
-678
1095
1364
-217
-1088
-352
138
-319
-172
860
933
-382
-1136
-468
160
-23
40
617
465
-498
-728
45
295
-319
-371
373
389
-535
-678
329
659
-342
-912
-140
452
-124
-537
203
847
244
-646
-612
-104
70
168
435
298
-308
-488
-25
180
-124
-139
206
66
-418
-177
571
463
-384
-424
374
390
-494
-532
536
851
-129
-632
96
488
-244
-679
-2
536
139
-169
206
293
-304
-553
-61
264
160
330
571
4
-782
-408
594
520
-340
-263
556
420
-460
-352
515
361
-557
-357
725
672
-442
-595
331
511
-182
-168
445
94
-834
-488
784
879
-204
-533
66
37
-540
-183
747
548
-415
-282
693
558
-643
-949
-37
518
297
319
539
-50
-1018
-917
129
641
301
39
80
-81
-289
-79
179
12
-136
143
307
28
-96
113
-47
-469
-101
749
422
-935
-1048
549
1358
145
-945
-299
436
-224
-732
325
1212
149
-1252
-769
555
495
-439
-384
297
67
-598
-206
680
444
-481
-434
345
304
-378
-214
598
501
-423
-572
184
351
-293
-370
327
410
-352
-468
462
889
60
-700
-361
267
319
258
487
393
-268
-663
-347
37
120
318
574
236
-469
-531
35
222
-52
85
561
442
-159
-285
-44
-213
-372
294
914
203
-872
-493
679
586
-536
-701
224
648
340
286
206
-642
-1184
-174
1063
668
-410
-348
78
-570
-1081
74
1262
439
-881
-389
711
257
-622
-6
790
-15
-797
250
1161
-111
-1400
-290
1147
276
-1085
-388
686
-94
-824
547
1594
-85
-1849
-706
1108
518
-654
299
1414
37
-1703
-864
731
219
-799
260
1672
731
-1069
-1013
-33
-148
-355
748
1511
317
-1064
-678
178
-141
-576
11
464
-2
-65
684
515
-865
-1215
124
858
20
-354
629
930
-407
-1313
-496
367
-73
-569
22
635
170
-591
-577
-110
72
-14
-55
-30
14
82
120
159
189
-114
-770
-927
-45
833
539
-244
-241
142
-137
-549
-170
270
-99
-248
692
1199
-32
-1330
-810
321
231
-224
290
697
-77
-595
218
674
-321
-885
159
864
74
-253
777
891
-737
-1453
-135
643
-259
-480
734
864
-532
-667
661
345
-1529
-1193
1471
2165
50
-931
262
326
-1176
-936
942
836
-852
-212
1986
1180
-1935
-2174
505
1220
-325
52
1945
1028
-1779
-1554
977
813
-1361
-623
2041
1370
-1652
-1412
1442
1296
-1483
-1445
1248
1477
-651
-490
1516
886
-1567
-1222
1074
750
-1295
-580
1815
1284
-1209
-1124
776
371
-1351
-441
1823
1327
-780
-501
1100
288
-1708
-1103
1036
1046
-331
-50
902
-145
-1717
-887
927
679
-595
-152
1163
896
-376
-729
-506
-634
-228
1023
1258
-174
-1071
-291
329
-285
-630
-6
250
-25
506
1212
134
-1689
-1301
733
1063
-402
-593
705
626
-979
-1215
210
562
-504
-529
658
683
-467
-433
676
444
-939
-845
765
1194
-97
-837
-195
314
74
-69
-110
-579
-647
500
1451
632
-789
-821
72
301
68
304
484
-21
-277
268
300
-798
-1280
-72
1088
670
-157
-94
-12
-610
-647
411
887
19
-430
389
611
-670
-1333
-79
1036
311
-643
-175
421
-191
-642
272
942
-42
-1021
-230
976
674
-289
-263
170
-173
-538
70
633
42
-626
-130
550
160
-446
-103
378
-8
-348
274
720
-64
-811
-189
632
138
-725
-397
401
250
-237
108
463
-322
-1109
-333
985
913
-57
-200
206
-180
-790
-202
838
564
-481
-396
491
246
-942
-957
418
1115
406
-177
66
-29
-758
-667
616
1262
222
-941
-641
253
160
-548
-469
316
532
-53
-407
-113
99
-139
-190
257
451
-80
-529
-103
522
265
-523
-648
-77
183
-42
23
386
184
-514
-592
121
480
84
-114
284
404
-111
-401
-129
-76
-421
-285
393
498
-143
-318
243
303
-468
-740
34
675
522
368
420
-224
-1312
-1207
212
1019
474
81
490
248
-1095
-1608
-244
1223
1176
510
364
66
-890
-1203
-70
1034
732
-37
0
204
-371
-909
-340
572
563
7
-24
307
228
-110
-172
-170
-354
-181
574
943
254
-565
-480
-46
-172
-317
363
1087
572
-608
-828
-83
260
32
293
877
424
-847
-966
416
1104
-18
-1019
-230
901
445
-669
-482
523
521
-308
-355
362
424
-230
-331
241
354
-168
-349
48
253
3
-250
-324
-235
238
811
530
-557
-964
-132
522
190
70
705
520
-1010
-1563
195
1780
803
-1024
-961
248
408
-33
407
767
-416
-1622
-675
1153
1171
-170
-491
183
67
-686
-526
294
405
125
473
658
-392
-1361
-544
874
701
-446
-449
463
470
-315
-373
95
-258
-947
-363
1051
1278
96
-734
-480
-162
-315
-248
303
634
375
-66
-385
-605
-581
-209
143
183
180
302
168
-321
-513
-89
258
-30
-384
-112
398
373
-94
-318
-173
-118
-318
-395
-68
390
480
147
-120
8
139
-203
-593
-191
754
993
145
-661
-535
-31
57
-59
27
-1
-315
-217
605
1098
315
-952
-1225
-358
586
860
511
-79
-360
-3
372
-168
-1103
-813
729
1493
551
-432
-157
160
-591
-1045
56
1150
513
-464
188
1123
-2
-1889
-1443
781
1383
-44
-474
919
1317
-543
-2005
-1009
711
908
252
310
653
133
-810
-1050
-624
-181
258
811
1005
456
-454
-1082
-1052
-288
690
876
105
-381
199
699
-73
-1106
-746
490
823
168
-88
309
318
-256
-544
-306
-61
162
612
805
245
-451
-485
-171
-108
-21
330
343
-167
-282
259
303
-498
-681
395
1049
127
-850
-346
564
310
-410
-248
264
43
-345
32
527
200
-346
-229
73
-74
-136
288
445
-40
-313
-23
-38
-478
-213
768
853
-312
-938
-199
414
-12
-260
374
615
-178
-607
79
490
-210
-672
37
678
228
-327
-94
127
-261
-357
274
523
-98
-398
207
544
-15
-325
240
501
-230
-707
6
814
532
-183
-235
92
38
-195
-82
187
256
270
337
160
-306
-583
-358
181
685
754
120
-666
-471
642
998
-206
-1295
-594
862
1058
190
-171
-34
-482
-1023
-295
1042
982
-352
-789
163
586
-350
-973
-166
761
516
-82
79
365
-206
-967
-660
457
1047
605
-205
-671
-576
-41
450
314
-319
-599
-170
269
114
-245
-241
-70
-89
-45
291
408
-85
-509
-99
557
333
-514
-605
332
938
324
-592
-596
44
310
115
98
217
-158
-832
-778
198
923
513
-373
-632
-264
38
159
397
494
-8
-628
-411
463
765
117
-442
-187
231
124
-55
225
410
-116
-717
-471
210
275
-177
-212
193
174
-344
-496
-89
54
-316
-335
381
892
390
-511
-768
-381
-25
147
429
698
472
-268
-915
-952
-430
236
653
665
352
-118
-549
-669
-288
280
375
-86
-319
139
568
195
-436
-372
63
-64
-368
277
1389
1231
-256
-1088
-409
275
-44
-205
603
1021
42
-895
-415
256
-339
-981
12
1400
969
-557
-812
91
166
-552
-279
803
719
-509
-790
200
545
-210
-340
537
619
-575
-1091
0
1001
620
-120
-198
-267
-786
-800
154
896
528
-224
-472
-388
-276
40
388
205
-307
-338
128
358
213
137
80
-240
-428
-71
345
336
352
643
423
-537
-973
-212
489
177
-146
267
283
-672
-986
216
1011
-44
-1160
-476
636
332
-255
520
1324
280
-1285
-1021
390
755
205
247
557
-59
-923
-707
-28
-120
-382
218
835
343
-402
-237
63
-506
-1012
-408
374
282
148
706
741
-565
-1587
-862
358
456
201
727
975
-223
-1476
-994
274
377
-286
-84
696
569
-240
-324
139
-235
-1225
-1061
572
1737
1028
-526
-1090
-419
279
228
-130
-122
172
308
320
494
525
-192
-1314
-1570
-470
865
1173
596
57
-222
-655
-1149
-985
115
1391
1743
852
-519
-1317
-1200
-556
266
1080
1307
329
-1193
-1551
-258
1026
764
-361
-792
-387
-30
106
342
334
-286
-737
-100
973
1075
167
-535
-467
-134
99
323
370
-49
-583
-640
-360
-294
-369
-74
517
781
501
41
-305
-493
-402
66
607
751
439
40
-166
-227
-270
-256
-39
388
741
662
140
-441
-741
-740
-494
-10
470
474
-55
-472
-214
402
606
182
-364
-537
-309
143
671
973
569
-583
-1599
-1417
-156
856
741
95
-145
-104
-359
-652
-412
36
62
86
764
1329
515
-1106
-1662
-786
118
362
597
852
279
-850
-1137
-456
-137
-390
53
1239
1442
63
-1242
-1167
-353
340
1018
1476
893
-451
-1100
-647
-194
-208
69
747
889
292
-278
-713
-1408
-1597
-203
1669
1641
-345
-1820
-1458
-469
55
602
1395
1459
505
-235
-9
262
-286
-968
-732
195
718
317
-534
-1026
-830
-320
-39
67
448
1010
1052
318
-574
-984
-820
-146
935
1769
1422
-130
-1646
-1821
-535
1111
1758
956
-401
-1045
-738
-191
187
491
460
-208
-775
-296
539
285
-651
-524
652
1112
529
346
656
-36
-1443
-1361
310
978
-177
-843
54
463
-663
-1180
221
1394
514
-804
-612
79
-344
-1051
-644
129
-74
-668
-359
532
798
282
-272
-417
-145
329
482
10
-526
-451
-28
201
389
659
395
-516
-928
-248
461
438
527
1156
1052
-372
-1515
-1166
-331
82
808
1807
1278
-958
-2158
-901
556
365
115
1265
2072
933
-542
-677
-666
-1462
-1173
1242
2995
1625
-858
-1374
-492
-371
-712
-156
574
247
-251
194
430
-767
-1938
-1128
827
1673
966
-89
-665
-545
250
849
43
-1645
-2137
-740
927
1401
816
-350
-1735
-2191
-850
832
669
-723
-778
738
1430
369
-756
-858
-655
-342
797
2038
1614
-73
-673
210
425
-796
-1464
-260
1463
2062
1579
502
-1093
-2406
-2039
-103
1600
1992
1668
1216
365
-868
-1725
-1633
-531
1380
3071
2748
50
-2656
-2892
-1106
554
1306
1611
1274
53
-875
-424
314
-149
-879
-82
1494
1606
228
-664
-559
-692
-1141
-621
793
1519
1147
689
207
-1086
-2244
-1125
1877
3439
1710
-1287
-2699
-2169
-974
160
981
973
131
-519
-371
-300
-1153
-1886
-601
2550
4623
2829
-2001
-5675
-4808
-292
3885
4664
2008
-2070
-4933
-4449
-822
2689
2966
905
-106
626
504
-1460
-2709
-1317
1131
2407
2350
1168
-1586
-4471
-4112
-195
2800
1680
-890
-1005
535
628
-600
-848
-76
264
690
2270
3284
1429
-1708
-2484
-705
595
343
438
1651
2188
839
-1312
-2713
-2633
-717
2439
4435
3084
-625
-3393
-3266
-1006
1541
2827
2087
102
-1153
-867
-379
-677
-600
891
2446
2264
791
-419
-941
-785
651
2852
3359
1092
-1365
-1270
341
894
515
943
1804
1406
125
-272
175
131
-115
614
1459
543
-1450
-1937
-589
152
-1042
-2656
-2924
-1919
-689
-170
-1145
-3520
-5513
-5156
-2744
-605
-518
-2292
-4386
-5093
-3826
-2025
-1756
-2906
-3319
-2240
-1424
-1985
-2708
-2697
-2815
-3088
-1979
50
-42
-2698
-3946
-1566
1118
911
-165
557
1296
65
-363
2674
5850
4929
2177
2252
4095
3890
2994
5231
8717
8465
5478
5098
7443
7814
6007
6740
10568
12610
11231
10148
10821
10358
8476
9067
12774
14881
12915
10121
9172
8335
6213
4822
5490
6299
5585
3890
1247
-3193
-7832
-9298
-7499
-6169
-7792
-11414
-15337
-18309
-18705
-16440
-14830
-16581
-19227
-18736
-15942
-14809
-16048
-17241
-17495
-17204
-15318
-11769
-10181
-12838
-15613
-13517
-8665
-6752
-8200
-8930
-7435
-5027
-1665
2306
3156
-1069
-5185
-3183
2830
6283
5608
3668
1235
-2019
-3325
-644
2434
2091
878
2452
4321
2962
1340
3624
7323
8570
9958
14746
18888
17841
15624
17789
21402
21886
23058
29347
32767
32232
26838
27808
32299
31669
27703
27796
29504
25538
19115
17820
16991
7143
-5976
-7998
-339
1560
-6672
-14644
-18093
-22935
-27709
-23377
-13345
-12503
-22140
-26722
-20607
-16683
-21769
-24836
-18436
-11607
-11467
-11124
-6407
-5768
-12023
-12596
-889
9930
8161
2383
4689
10588
10771
8747
11077
12859
8657
5877
11451
16483
10215
-1036
-4920
-3349
-5624
-10313
-10502
-9368
-14240
-21779
-24436
-25005
-29603
-32768
-26675
-16061
-13372
-18406
-21187
-19190
-16907
-12834
-2506
8838
11732
8122
7501
10441
10301
8494
12787
21658
25105
20924
16611
15198
12588
9236
11059
17273
19822
16726
14358
14659
11845
4641
608
4247
10220
12360
11180
8820
4593
-424
-1395
3266
8545
10194
10324
12042
13247
10039
3283
-1870
-1441
4385
11784
15232
10953
597
-9121
-11728
-6282
2147
6753
4474
-1917
-7368
-9917
-11287
-12689
-12831
-10839
-8392
-7647
-9201
-12918
-18036
-21402
-19016
-11317
-4151
-2293
-4485
-6746
-7563
-7287
-5287
-1171
2968
4760
4754
4725
4198
1660
-1741
-2976
-1356
742
1263
55
-2936
-8150
-14208
-17673
-16646
-13239
-11174
-11998
-14669
-17537
-19179
-18211
-14304
-9266
-5515
-3337
-1054
2024
4508
5327
5604
7143
10124
13245
15184
15101
12746
9252
7019
7568
9821
11412
11269
10165
9248
9003
9375
10013
10379
10179
9738
9697
10391
11520
12270
11873
10400
8920
8543
9473
11187
12975
13903
13050
10483
7419
4870
2916
1802
2367
4276
5027
2252
-3526
-9302
-12053
-10382
-5343
-669
-537
-5479
-11507
-14379
-13642
-11698
-10561
-10648
-11307
-11425
-10798
-11222
-14369
-18198
-18069
-12376
-4786
-110
-82
-3406
-7008
-6973
-1658
5386
8840
8266
7650
8383
7541
3900
522
-177
764
2085
3379
1987
-5156
-14861
-19163
-15904
-11795
-12410
-15518
-17376
-18768
-20788
-20963
-18217
-15845
-15112
-11928
-4730
567
-658
-3668
-1405
5320
11045
14436
17123
17845
15028
12143
13453
16772
16992
14601
14008
15258
14368
11020
9224
10304
11199
10286
9559
10246
10954
11054
11782
13029
12834
11158
10781
13103
15802
16072
14136
12288
11817
11806
10242
6164
1350
-686
1580
5320
5722
516
-8054
-14739
-14762
-7877
24
1481
-4905
-13094
-16859
-16060
-14297
-13407
-12972
-12909
-13442
-14125
-15415
-19052
-24015
-24763
-17670
-7513
-3015
-6658
-12834
-15281
-12258
-5207
2850
7501
6228
2394
1989
5790
8680
7355
4372
3346
4210
4889
4128
1091
-4525
-10408
-12801
-11310
-9763
-11114
-14332
-17231
-19169
-19833
-18514
-15855
-13573
-11635
-8605
-5055
-3136
-2370
244
5308
10105
13171
15627
17412
16902
15257
16134
19613
21312
19277
16752
16188
15731
14127
13807
15796
16522
13584
10324
10557
12669
13304
13279
14888
16221
13694
8631
6084
7707
10475
12065
12660
11097
4611
-5309
-11286
-8000
705
6111
4113
-2870
-11083
-17457
-17776
-9529
2015
6659
1023
-7572
-11534
-11477
-10804
-8703
-4376
-2296
-6016
-11337
-12976
-13365
-16879
-19939
-16356
-8989
-6129
-8737
-11106
-11756
-13263
-13277
-6994
2202
5544
2224
-429
380
673
-146
1923
5971
6195
2264
-449
-1344
-4953
-10539
-12002
-8964
-7703
-10396
-13291
-15541
-19517
-22446
-18679
-10641
-6911
-9005
-10386
-8409
-6486
-4636
815
7797
9914
7831
8467
12534
13842
11438
11358
15179
17482
16099
14957
15409
14304
11945
12837
16976
18822
16461
14293
15277
17234
17879
17743
17451
16811
16475
16743
15907
13018
10267
9769
10560
10707
8941
3515
-5272
-11060
-7220
2248
5667
-1128
-10892
-16704
-17715
-13093
-2434
6378
2924
-9413
-15811
-11310
-5974
-6336
-7101
-5245
-6393
-11770
-14168
-12467
-14730
-21265
-20849
-10544
-3132
-7071
-14302
-15620
-13218
-10367
-3886
4902
6433
-1207
-6391
-1981
4117
3930
1342
1403
1028
-1868
-2567
-205
-1902
-9434
-13944
-10490
-6007
-6746
-9597
-11419
-14838
-19099
-17276
-8589
-2257
-3582
-6821
-6486
-4677
-2799
2611
10822
14439
11147
8256
10987
15345
16688
16501
16686
15497
12940
12721
15465
16617
13808
10366
9553
10613
11847
12840
13016
11970
11005
11141
11175
10472
10734
12143
11739
8643
6257
6409
6743
6259
6710
6271
327
-8292
-9501
-869
7147
5697
-2089
-9486
-14293
-13942
-4629
8257
10743
-991
-13317
-13933
-7030
-2541
-1997
-3366
-8389
-15775
-17689
-12266
-9626
-16384
-24205
-22995
-15798
-11251
-10524
-10902
-13253
-16632
-14194
-3810
5263
5018
194
-879
1374
2757
4241
7275
7965
4293
1779
4045
5368
621
-5070
-4925
-1486
-760
-2450
-4180
-8187
-15080
-17865
-11612
-3266
-2575
-8346
-12454
-12393
-10725
-6931
258
6016
4837
463
1187
7052
10754
9986
9704
12337
14559
14666
15045
15903
14131
10434
10333
15245
19067
17052
12388
10301
10741
10968
10808
10957
9884
6871
4857
5868
6630
3281
-2111
-4329
-2303
648
1798
233
-4525
-10557
-12448
-7026
1305
5225
2822
-2416
-6953
-8124
-3216
6512
13519
11666
4167
-1270
-2187
-830
2031
5706
5716
-717
-8136
-9657
-7436
-8290
-12038
-13153
-11283
-10671
-11270
-10033
-9024
-12261
-16132
-13330
-5450
-1409
-3778
-6661
-6780
-6600
-6431
-3573
140
-473
-4403
-5137
-1557
622
-1124
-3155
-3368
-3676
-4205
-2764
-645
-1624
-4955
-6176
-4601
-3385
-3035
-1568
4
-784
-2091
-204
3701
5624
5613
6227
6661
5189
4711
8612
13560
13730
9928
7513
7678
7939
8634
11434
13626
11374
6921
5498
6854
6707
4847
4748
6416
6335
3811
1446
108
-1262
-1854
-156
1986
1221
-2116
-4654
-4943
-4243
-3575
-3132
-3343
-3907
-3370
-1741
-1327
-2986
-4120
-2418
1050
4161
6114
6062
3109
-530
-369
4167
8148
7789
4781
2063
-283
-2384
-2397
-232
511
-2277
-5608
-6206
-5483
-6330
-8190
-9026
-9342
-10385
-10731
-8659
-6170
-6684
-9780
-11728
-10606
-7786
-4917
-2541
-1464
-2512
-4443
-4570
-2247
195
677
-129
-369
375
1131
1201
687
-55
-498
74
1731
3342
3694
3020
2622
3111
3846
4101
3993
4158
5082
6728
8258
8370
6745
4909
4771
6466
8491
9576
9356
7745
5169
3141
2931
3710
3568
2180
753
-397
-2011
-3667
-3888
-2885
-2748
-4146
-5213
-4636
-3527
-3124
-2948
-2588
-2992
-4328
-4709
-2989
-1046
-1141
-2571
-3128
-2564
-2258
-2393
-1897
-729
11
91
271
509
41
-644
126
2561
4509
4117
2160
861
1313
2899
4505
5333
4994
3773
2698
2597
3052
2909
1911
1164
1602
2509
2201
98
-2463
-3636
-2842
-1057
183
-218
-2304
-4814
-5938
-5059
-3583
-3390
-4656
-5930
-6136
-5615
-5183
-5174
-5531
-5945
-5712
-4328
-2439
-1373
-1493
-1850
-1601
-848
53
965
1587
1664
1708
2455
3544
3907
3506
3359
3862
4522
5291
6439
7181
6405
4832
4389
5210
5498
4578
3679
3336
2640
1570
1328
1647
670
-1591
-2644
-1514
-417
-1081
-2308
-2705
-2963
-3721
-3895
-3030
-2714
-3714
-4204
-2849
-1318
-1590
-2807
-2935
-1776
-390
837
1753
1609
392
-301
705
2375
2914
2014
664
-216
-221
502
1083
684
-350
-1011
-1118
-1214
-1369
-1335
-1392
-1739
-1732
-1103
-1005
-2232
-3489
-3215
-2028
-1460
-1465
-1263
-1319
-2219
-2837
-1994
-770
-779
-1338
-840
267
432
-141
-155
266
271
482
1889
3454
3378
2091
1550
2225
3026
3564
4193
4436
3602
2532
2656
3674
4053
3454
2874
2766
2648
2380
2299
2258
1844
1351
1380
1663
1331
266
-702
-920
-554
-185
-263
-909
-1849
-2582
-2791
-2566
-2249
-2172
-2435
-2770
-2815
-2647
-2684
-2932
-2891
-2431
-2084
-2154
-2229
-1959
-1604
-1424
-1259
-1089
-1212
-1491
-1247
-344
436
479
82
-233
-369
-336
-37
389
636
729
856
849
495
132
219
589
865
1118
1409
1326
777
458
658
570
-254
-853
-418
223
-57
-955
-1636
-2212
-2892
-2904
-1851
-1002
-1570
-2695
-2802
-2047
-1664
-1743
-1452
-810
-510
-431
72
734
785
515
1000
2321
3330
3324
2870
2795
3193
3736
4236
4559
4408
3673
2821
2499
2708
2758
2214
1480
1087
845
283
-427
-767
-826
-1074
-1407
-1375
-1199
-1516
-2178
-2427
-2219
-2204
-2437
-2306
-1791
-1557
-1707
-1663
-1325
-1188
-1222
-830
-18
546
679
814
984
798
403
393
764
939
790
662
535
88
-525
-826
-807
-786
-745
-502
-284
-425
-748
-846
-663
-345
107
638
1013
1192
1383
1567
1530
1444
1727
2293
2642
2608
2336
1740
838
296
620
1111
706
-452
-1397
-1863
-2236
-2442
-2204
-2020
-2516
-3204
-3196
-2770
-2833
-3233
-3025
-2149
-1472
-1342
-1351
-1320
-1347
-1105
-210
890
1374
1228
1141
1461
1922
2206
2199
1997
1939
2284
2672
2455
1639
858
456
326
473
806
666
-340
-1351
-1323
-725
-795
-1504
-1830
-1667
-1758
-2029
-1813
-1459
-1859
-2557
-2288
-1256
-895
-1396
-1491
-754
-117
28
316
784
673
143
350
1439
2154
1801
1092
689
417
259
663
1443
1665
1059
434
405
748
1182
1763
2312
2435
2288
2479
3072
3524
3642
3795
4109
4302
4316
4356
4307
3854
3202
2900
2904
2575
1695
771
168
-343
-996
-1642
-2192
-2845
-3567
-3916
-3752
-3627
-4031
-4655
-4854
-4544
-4137
-3852
-3610
-3461
-3541
-3639
-3357
-2756
-2321
-2227
-2102
-1664
-1123
-747
-486
-229
-52
64
374
971
1509
1590
1226
744
452
493
775
945
652
-59
-765
-1094
-1018
-782
-747
-1133
-1682
-1798
-1260
-609
-502
-910
-1275
-1188
-605
277
973
930
221
-288
84
985
1552
1456
1002
558
347
468
716
635
143
-225
-33
454
684
489
109
-114
137
955
1915
2378
2248
2036
2142
2504
2979
3511
3889
3867
3618
3539
3617
3511
3217
3054
3048
2909
2604
2361
2148
1700
1053
523
198
-104
-436
-731
-1076
-1596
-2169
-2591
-2870
-3107
-3290
-3426
-3591
-3727
-3706
-3656
-3826
-4090
-4072
-3772
-3519
-3348
-3036
-2709
-2671
-2719
-2404
-1850
-1540
-1381
-873
-115
297
304
382
617
712
795
1244
1797
1809
1316
951
910
889
850
956
957
519
-61
-263
-202
-312
-554
-676
-827
-1155
-1305
-1064
-923
-1254
-1565
-1349
-965
-886
-855
-583
-447
-655
-575
162
838
807
620
987
1551
1691
1700
2094
2565
2685
2858
3510
4073
3867
3344
3383
3910
4201
4102
3969
3811
3393
2910
2712
2629
2261
1714
1452
1530
1519
1100
394
-244
-534
-461
-275
-264
-522
-985
-1539
-1987
-2145
-2147
-2355
-2778
-3009
-2940
-3022
-3485
-3907
-3927
-3790
-3752
-3601
-3245
-3097
-3329
-3390
-2902
-2347
-2222
-2204
-1836
-1380
-1249
-1196
-854
-507
-544
-672
-454
-140
-160
-288
-78
266
256
17
33
313
507
614
872
1159
1175
1080
1296
1789
2111
2102
2030
2065
2082
2027
2027
2083
1997
1714
1437
1304
1191
942
638
483
493
491
363
190
72
-13
-78
7
294
574
634
596
706
901
935
851
930
1198
1394
1444
1504
1510
1230
785
631
855
1021
851
555
313
-15
-437
-651
-591
-645
-1020
-1407
-1565
-1741
-2159
-2580
-2753
-2863
-3125
-3364
-3408
-3469
-3724
-3904
-3718
-3364
-3187
-3117
-2888
-2516
-2149
-1683
-982
-260
181
424
786
1321
1824
2232
2637
2996
3148
3115
3092
3129
3082
2889
2695
2588
2440
2107
1660
1260
945
668
451
332
198
-97
-466
-657
-620
-569
-629
-694
-676
-661
-665
-556
-327
-170
-129
-11
235
364
267
189
352
647
921
1166
1288
1076
630
421
657
1004
1113
1029
866
558
170
-2
95
130
-36
-125
-12
7
-251
-525
-571
-493
-360
-35
391
517
256
48
188
424
485
473
479
335
12
-211
-254
-448
-964
-1519
-1868
-2158
-2546
-2899
-3120
-3368
-3704
-3922
-3920
-3897
-3948
-3861
-3501
-3056
-2714
-2396
-2001
-1610
-1254
-793
-165
458
930
1319
1727
2093
2333
2490
2650
2830
3011
3198
3345
3359
3211
2986
2802
2702
2647
2567
2403
2141
1825
1519
1277
1110
972
796
569
342
152
-16
-162
-242
-247
-250
-313
-409
-473
-454
-312
-46
247
425
436
333
198
128
242
528
793
861
779
658
479
218
36
74
202
206
98
-17
-187
-457
-620
-490
-253
-211
-327
-381
-389
-485
-576
-517
-467
-629
-804
-676
-385
-339
-588
-851
-1044
-1289
-1513
-1507
-1376
-1440
-1699
-1867
-1889
-1994
-2230
-2374
-2346
-2308
-2315
-2260
-2166
-2190
-2282
-2196
-1908
-1665
-1586
-1507
-1294
-1040
-836
-622
-368
-170
-64
85
378
714
938
1047
1134
1220
1258
1254
1303
1475
1741
2001
2166
2195
2105
1990
1998
2194
2446
2551
2474
2389
2434
2564
2672
2742
2771
2709
2576
2524
2619
2674
2495
2189
2016
1981
1860
1577
1304
1146
1005
811
644
513
260
-131
-410
-421
-381
-560
-878
-1087
-1177
-1287
-1388
-1374
-1357
-1484
-1582
-1374
-1000
-876
-1066
-1237
-1239
-1265
-1381
-1390
-1285
-1346
-1634
-1848
-1854
-1927
-2212
-2443
-2425
-2362
-2459
-2593
-2654
-2778
-2986
-2987
-2660
-2329
-2245
-2214
-2002
-1733
-1549
-1287
-838
-464
-368
-299
37
495
792
963
1167
1327
1330
1353
1589
1894
2020
2006
2012
1985
1800
1560
1424
1320
1119
895
778
679
440
137
-18
26
158
294
407
458
439
437
527
694
899
1121
1314
1433
1530
1694
1878
1960
1980
2082
2242
2270
2099
1875
1698
1522
1343
1238
1172
976
622
287
66
-140
-388
-587
-700
-854
-1120
-1384
-1568
-1751
-1951
-2002
-1821
-1616
-1631
-1810
-1920
-1867
-1716
-1484
-1158
-848
-701
-694
-673
-581
-485
-424
-371
-335
-356
-413
-472
-565
-718
-838
-843
-829
-956
-1198
-1400
-1517
-1616
-1667
-1578
-1394
-1267
-1213
-1109
-920
-746
-622
-484
-331
-231
-159
-14
197
378
536
757
995
1112
1113
1143
1238
1298
1319
1425
1635
1815
1872
1856
1832
1804
1778
1762
1717
1607
1482
1389
1302
1218
1213
1281
1265
1098
939
913
897
756
606
606
677
654
582
570
555
438
310
294
279
109
-141
-294
-363
-444
-486
-433
-449
-698
-1036
-1203
-1207
-1243
-1331
-1337
-1282
-1307
-1402
-1417
-1334
-1279
-1291
-1299
-1279
-1278
-1293
-1289
-1287
-1298
-1243
-1086
-937
-890
-853
-716
-542
-431
-324
-126
79
159
177
290
466
539
473
391
355
328
311
335
342
237
68
-26
-35
-68
-145
-175
-141
-120
-113
-41
69
79
-27
-77
29
169
194
132
104
145
232
356
511
654
779
946
1181
1427
1628
1780
1895
1983
2102
2307
2499
2500
2302
2108
2044
2018
1904
1726
1548
1337
1069
834
700
574
361
119
-47
-165
-336
-564
-787
-997
-1212
-1385
-1483
-1588
-1789
-2018
-2145
-2181
-2249
-2385
-2494
-2523
-2531
-2544
-2504
-2378
-2235
-2134
-2029
-1844
-1614
-1447
-1384
-1364
-1298
-1165
-991
-791
-565
-333
-147
-41
10
57
116
170
210
250
293
318
331
374
486
653
838
1002
1098
1087
989
887
844
853
904
998
1100
1133
1076
1020
1037
1085
1102
1105
1140
1173
1148
1085
1045
1037
1034
1053
1113
1187
1230
1259
1291
1295
1251
1200
1162
1094
995
949
982
986
877
725
611
500
341
198
124
37
-142
-345
-478
-582
-727
-852
-881
-852
-842
-826
-788
-817
-968
-1135
-1204
-1220
-1261
-1280
-1235
-1228
-1354
-1513
-1567
-1547
-1551
-1544
-1456
-1357
-1355
-1401
-1389
-1339
-1324
-1306
-1197
-1031
-884
-731
-521
-318
-227
-217
-191
-148
-140
-129
-32
102
137
39
-93
-195
-287
-357
-310
-119
92
189
180
161
166
166
182
292
490
656
715
710
686
603
460
371
427
543
610
644
702
726
676
667
813
1018
1131
1196
1329
1460
1452
1393
1468
1627
1678
1624
1632
1700
1670
1531
1423
1348
1183
965
857
865
840
757
725
724
629
458
353
321
261
204
246
288
133
-188
-460
-621
-784
-966
-1068
-1117
-1246
-1456
-1621
-1737
-1901
-2099
-2224
-2298
-2416
-2557
-2632
-2673
-2768
-2833
-2709
-2439
-2215
-2077
-1907
-1673
-1456
-1260
-991
-665
-416
-282
-144
74
315
510
678
843
956
970
906
831
789
792
836
900
945
946
910
869
855
880
954
1087
1256
1379
1389
1331
1307
1333
1331
1264
1185
1121
1015
837
648
509
385
221
47
-64
-84
-41
29
99
148
189
264
421
669
941
1108
1075
893
710
590
461
271
87
-36
-145
-294
-450
-585
-722
-844
-854
-736
-600
-515
-430
-330
-319
-431
-528
-507
-440
-430
-448
-436
-438
-518
-631
-709
-767
-849
-932
-969
-953
-905
-839
-761
-648
-461
-222
-32
55
91
104
52
-40
-32
104
184
76
-102
-188
-217
-286
-378
-486
-700
-1001
-1157
-1034
-809
-689
-624
-518
-463
-526
-561
-430
-226
-59
178
563
916
1037
995
970
1011
1122
1367
1699
1902
1877
1797
1825
1906
1936
1920
1834
1578
1193
863
617
285
-140
-418
-442
-398
-440
-490
-472
-449
-421
-261
5
167
163
203
426
706
906
1046
1123
1029
777
560
484
425
293
182
169
153
28
-153
-299
-417
-509
-483
-293
-78
-37
-208
-490
-790
-1070
-1267
-1315
-1268
-1287
-1473
-1758
-2049
-2352
-2658
-2837
-2787
-2615
-2481
-2337
-2058
-1733
-1553
-1464
-1256
-958
-783
-702
-485
-180
-71
-124
32
473
844
970
1057
1136
857
73
-894
-1789
-2649
-3257
-2987
-1582
409
2298
3868
5058
5628
5544
5223
4982
4646
4026
3353
2896
2548
2145
1821
1739
1793
1847
1933
1968
1651
849
-190
-1130
-1772
-1960
-1647
-1143
-916
-1106
-1521
-2036
-2577
-2824
-2484
-1784
-1230
-943
-732
-638
-853
-1183
-1246
-1096
-1063
-1067
-739
-152
266
484
851
1358
1614
1563
1547
1638
1546
1261
1122
1162
999
492
-66
-505
-992
-1554
-1931
-2061
-2213
-2509
-2702
-2594
-2314
-2038
-1787
-1585
-1514
-1525
-1435
-1184
-897
-646
-390
-129
49
98
53
-40
-113
-37
258
673
1052
1334
1515
1548
1405
1161
921
722
583
545
612
714
796
882
1009
1175
1358
1518
1579
1490
1303
1111
939
768
623
540
494
444
439
546
721
846
876
857
797
658
447
198
-178
-872
-1925
-3066
-3880
-4073
-3568
-2497
-1204
-150
381
456
315
88
-176
-334
-254
-51
43
10
1
3
-145
-412
-579
-624
-728
-847
-699
-265
109
302
617
1169
1567
1478
1082
632
64
-586
-852
-416
324
759
821
771
606
204
-206
-339
-387
-712
-1157
-1241
-936
-654
-542
-348
-13
186
175
249
559
885
1034
1091
1117
982
674
457
497
606
572
458
377
207
-197
-681
-960
-950
-729
-298
325
882
1077
961
837
811
745
672
844
1254
1503
1352
1051
885
728
384
38
-49
-83
-443
-1021
-1346
-1298
-1177
-1106
-907
-616
-553
-744
-810
-591
-411
-471
-503
-257
89
282
351
315
-37
-752
-1448
-1765
-1777
-1689
-1457
-1015
-569
-340
-268
-220
-236
-340
-404
-368
-322
-251
-4
379
681
903
1250
1676
1894
1836
1621
1145
343
-231
92
1036
1604
1419
979
567
-80
-900
-1360
-1388
-1462
-1570
-1130
-231
217
-131
-613
-817
-1123
-1607
-1633
-1018
-516
-621
-906
-999
-1161
-1436
-1318
-742
-394
-556
-601
-74
661
1213
1723
2267
2566
2568
2570
2616
2512
2419
2599
2723
2327
1757
1661
1833
1601
1036
655
303
-473
-1282
-1376
-975
-864
-1038
-998
-989
-1575
-2322
-2240
-1359
-645
-519
-538
-328
95
686
1208
1101
243
-636
-889
-704
-442
-19
501
618
222
-202
-537
-1122
-1643
-1284
-270
203
-135
-384
-339
-773
-1543
-1442
-438
-8
-642
-1079
-649
-271
-421
-265
392
410
-521
-1061
-499
108
10
34
777
1308
788
-140
-549
-490
-305
86
588
762
631
644
708
360
-141
-96
357
478
217
97
149
112
234
678
773
94
-471
-37
767
960
943
1493
2040
1595
603
202
415
573
732
1114
1074
193
-483
58
930
636
-539
-1098
-682
-215
-178
-285
-487
-991
-1511
-1589
-1393
-1295
-1106
-592
-223
-510
-1010
-860
-10
755
791
112
-780
-1173
-602
584
1400
1192
215
-793
-1286
-1104
-438
302
758
772
247
-768
-1664
-1539
-319
888
1029
243
-666
-1278
-1533
-1252
-414
444
749
563
250
-103
-510
-722
-547
-218
-18
160
536
981
1148
874
308
-125
89
1005
1877
1869
1080
376
260
502
833
1266
1633
1493
745
-210
-1003
-1454
-1199
19
1509
1936
875
-605
-1322
-1194
-670
208
1348
1932
1272
-5
-664
-505
-276
-225
49
371
58
-630
-558
315
581
-386
-1321
-1107
-435
-374
-669
-708
-846
-1356
-1334
-199
854
528
-537
-1009
-1016
-1284
-1276
-207
1038
1093
418
354
691
283
-606
-758
-278
-250
-588
-345
224
32
-711
-757
-12
405
116
-206
-252
-251
-41
547
834
286
-256
185
958
820
6
-345
-115
81
362
1044
1424
821
136
529
1234
612
-1058
-1835
-917
584
1550
1829
1328
-142
-1846
-2386
-1373
122
1032
1275
1162
755
131
-384
-541
-399
-117
185
344
221
-102
-338
-176
470
1181
1131
-64
-1581
-2074
-1246
-174
120
-216
-499
-571
-652
-650
-339
44
56
-209
-296
-227
-424
-733
-353
862
1755
1191
-422
-1622
-1621
-821
139
944
1167
278
-1450
-2654
-2164
-366
1188
1419
597
-338
-788
-631
174
1420
2207
1549
-187
-1189
-226
1812
3071
2777
1365
-564
-2173
-2137
-111
2028
2122
528
-703
-950
-1216
-1594
-1005
406
1033
354
-427
-607
-669
-531
537
1914
1942
724
189
909
1275
417
-470
-403
61
405
886
1158
311
-1243
-1964
-1489
-778
-81
979
1539
324
-1714
-2221
-928
220
284
92
-41
-611
-1081
-453
471
57
-1179
-1270
-174
322
-228
-628
-639
-1112
-1742
-1371
-340
-1
-244
58
648
417
-246
-84
625
717
490
989
1659
1175
-9
-325
300
663
467
275
-2
-651
-973
-324
520
604
315
227
-198
-1187
-1445
-148
1307
1290
345
-63
186
441
723
1033
641
-423
-621
781
2147
1772
350
-455
-483
-497
-401
226
805
566
-87
-302
-101
113
473
969
811
-332
-1263
-722
704
1383
903
280
162
38
-610
-1331
-1317
-455
542
802
-30
-1462
-2331
-1743
-140
845
100
-1562
-2258
-1250
281
796
89
-852
-1108
-593
104
277
-232
-811
-771
-238
69
-130
-388
-255
233
685
559
-426
-1602
-1630
-143
1520
1998
1486
802
19
-757
-502
1149
2564
2189
906
404
395
-291
-981
-204
1348
1619
485
-394
-557
-967
-1551
-1169
41
681
450
291
365
-65
-843
-987
-367
343
944
1394
1007
-392
-1430
-976
78
426
425
781
705
-529
-1638
-1168
30
338
28
202
457
-78
-584
193
1531
1753
781
-215
-712
-690
246
1849
2484
1098
-1082
-2194
-1914
-878
522
1516
924
-944
-2038
-1447
-681
-880
-981
-134
392
-404
-1155
-492
473
219
-479
-221
294
-322
-1320
-944
520
1256
866
535
603
173
-849
-1258
-514
384
525
396
795
1342
966
-407
-1535
-1395
-404
336
510
608
744
452
-257
-667
-456
-133
-50
47
169
-103
-561
-330
584
968
268
-541
-651
-575
-781
-657
140
709
410
6
200
414
198
312
1101
1319
172
-902
-242
1468
2372
2103
1500
722
-455
-1275
-763
581
1386
1241
664
-109
-1030
-1576
-1333
-623
199
1182
1755
712
-1731
-3291
-2312
146
2024
2577
1910
19
-2198
-2763
-1133
634
811
316
483
536
-578
-1754
-1509
-664
-776
-1310
-804
316
538
-117
-540
-666
-1001
-1013
-117
678
166
-891
-923
-20
650
938
1384
1640
1025
-61
-715
-765
-312
852
2236
2433
1079
-272
-367
110
123
-144
-318
-723
-1167
-649
691
1196
246
-744
-750
-519
-616
-356
376
509
-58
7
926
1197
353
-162
259
400
-191
-277
476
681
-124
-654
-478
-664
-1171
-572
913
1150
-262
-1179
-590
43
-74
194
1088
1131
155
-57
826
873
-424
-960
239
1301
885
160
57
-404
-1545
-1711
-162
1313
1205
353
-119
-567
-1183
-952
358
1233
744
-47
-102
87
-17
98
554
373
-737
-1506
-1035
-111
259
183
-58
-780
-1827
-2067
-1005
165
134
-729
-1099
-602
-79
-242
-776
-853
-165
725
1024
579
-43
-243
117
787
1273
1065
244
-301
92
854
971
516
380
655
527
-153
-465
89
787
783
147
-501
-662
-99
933
1534
1018
-98
-695
-522
-205
-14
357
815
776
155
-426
-552
-419
-304
-266
-358
-536
-484
-47
379
358
10
-299
-445
-363
58
561
623
270
24
-115
-583
-1019
-515
538
569
-624
-1282
-540
105
-517
-1153
-437
558
206
-751
-528
612
1003
491
284
423
-115
-1024
-793
596
1310
444
-760
-1069
-924
-1116
-1243
-574
477
766
-33
-1031
-1210
-488
377
809
1023
1403
1602
1006
-25
-349
307
930
828
511
451
192
-517
-889
-428
-15
-467
-1043
-675
149
249
-202
-102
568
780
356
239
819
1351
1277
915
610
276
41
293
798
729
-92
-839
-902
-610
-414
-203
85
6
-617
-1129
-885
-164
387
693
937
836
90
-717
-662
156
709
526
173
83
-110
-664
-1057
-807
-291
-132
-331
-555
-747
-875
-619
56
503
221
-371
-555
-269
95
349
419
119
-405
-544
-73
418
404
73
-322
-889
-1384
-1055
109
940
679
43
-58
103
-138
-584
-627
-172
597
1538
2075
1421
-133
-1160
-885
16
733
1156
1118
307
-668
-682
75
298
-211
-391
-98
-246
-605
41
1226
1029
-534
-1214
-288
457
236
486
1509
1392
-322
-1278
-249
820
474
86
670
717
-575
-1207
65
1219
486
-596
-254
339
-282
-839
124
1184
553
-640
-493
329
215
-390
-366
-353
-1139
-1502
-341
827
197
-1231
-1498
-919
-892
-1105
-574
50
-192
-435
317
934
132
-856
-260
1051
1114
253
104
526
321
-85
442
1112
396
-979
-1056
-12
315
-300
-478
-33
-49
-451
-139
659
655
-85
-313
62
119
3
560
1250
855
-135
-247
304
111
-641
-530
333
525
10
-36
210
-402
-1249
-567
1220
1749
487
-604
-490
-258
-462
-116
956
1320
377
-593
-630
-375
-491
-582
-286
28
107
129
53
-215
-250
225
612
400
93
163
159
-85
223
1116
1184
-29
-860
-303
229
-396
-899
-179
402
-402
-1234
-671
103
-330
-885
-239
466
-134
-919
-498
120
-278
-552
430
1209
313
-852
-490
410
190
-352
185
933
512
-215
137
833
609
131
477
899
336
-436
-262
335
391
214
308
178
-448
-789
-454
-153
-211
-121
-18
-547
-1044
-182
1375
1509
85
-837
-440
14
0
467
1313
1095
-196
-807
-209
178
-274
-478
29
262
-209
-552
-373
-253
-345
-146
302
488
461
487
247
-372
-552
104
632
364
137
528
534
-470
-1242
-767
-46
-144
-319
180
393
-440
-1126
-531
416
517
290
483
446
-299
-670
86
852
564
-20
28
120
-368
-656
-115
359
-59
-643
-536
-200
-234
-166
403
764
336
-229
-156
252
334
122
20
180
548
885
739
28
-563
-508
-250
-307
-290
189
513
129
-302
-103
108
-318
-606
63
815
480
-304
-245
337
309
-77
212
868
727
-144
-680
-656
-597
-369
452
1231
983
-6
-688
-910
-1121
-1050
-219
746
817
160
-334
-544
-829
-889
-341
193
-18
-417
-112
465
313
-328
-479
-100
165
341
723
794
77
-617
-327
420
603
502
792
855
-79
-1031
-660
290
199
-548
-340
613
644
-347
-876
-683
-866
-1330
-793
523
835
-184
-849
-375
60
-298
-556
-30
579
559
198
-2
107
631
1333
1337
325
-586
-430
118
184
321
1002
1079
-200
-1281
-725
180
-241
-924
-204
750
-21
-1377
-878
820
1103
-27
-297
551
593
-434
-686
353
1137
906
521
373
-70
-636
-546
-26
47
-275
-390
-417
-601
-399
357
618
-142
-761
-422
-115
-515
-390
1013
2007
1054
-522
-678
158
333
-72
94
592
324
-509
-762
-312
-5
-114
-224
-223
-363
-636
-760
-552
-37
453
405
-115
-288
205
492
-16
-437
56
634
235
-483
-334
305
369
58
81
15
-690
-1151
-426
569
485
-211
-294
8
-151
-329
258
924
625
-82
-95
234
24
-234
393
1307
1249
404
-90
-94
-282
-584
-344
309
586
299
-24
-86
-97
-279
-588
-791
-632
-140
268
311
208
151
-66
-413
-330
278
586
150
-245
77
535
431
162
262
322
-67
-339
-19
339
220
54
130
-74
-635
-656
140
705
421
21
-8
-245
-786
-695
134
469
-63
-216
493
741
-181
-999
-702
-168
-300
-398
236
804
482
-161
-382
-484
-730
-511
372
919
437
-349
-555
-340
-158
69
338
238
-216
-394
-132
9
-156
-131
241
468
387
411
613
532
81
-230
-106
251
679
1066
1015
304
-489
-654
-397
-363
-476
-209
250
189
-417
-861
-806
-558
-310
20
277
181
-62
3
320
436
294
244
349
348
192
70
-12
-130
-133
33
-6
-448
-762
-489
-154
-440
-868
-474
444
643
-32
-389
118
623
509
335
508
473
57
161
1066
1461
430
-874
-992
-422
-471
-866
-465
397
301
-770
-1385
-1040
-722
-895
-754
67
649
377
-19
194
519
252
-187
44
748
973
524
193
417
593
141
-452
-335
302
451
-166
-693
-502
-59
26
-68
12
44
-163
-189
217
474
145
-178
153
700
698
304
116
117
26
23
259
290
-131
-467
-354
-272
-527
-552
-83
89
-514
-1042
-696
-50
41
-180
-114
67
36
90
433
559
203
-35
278
650
574
280
80
-121
-305
-219
-16
-71
-218
-110
-110
-640
-1056
-576
190
162
-300
-117
460
422
19
222
696
394
-293
-131
645
753
186
9
204
-157
-874
-869
-218
-18
-428
-631
-428
-281
-167
158
298
-38
-176
359
813
569
365
823
1122
585
98
427
676
70
-404
97
417
-514
-1407
-705
560
411
-742
-977
-183
88
-403
-300
706
1232
613
-6
346
947
719
12
-64
541
758
92
-627
-589
-252
-489
-1052
-1007
-395
-217
-706
-925
-410
66
-121
-440
-177
479
922
934
630
254
194
529
713
383
85
276
319
-332
-840
-376
153
-399
-1175
-746
196
2
-885
-725
283
432
-254
-120
923
1223
440
-6
350
437
-4
-1
542
607
75
-175
-121
-512
-1080
-920
-337
-339
-688
-447
65
-54
-380
-2
490
57
-592
-142
834
911
450
719
1239
640
-538
-605
257
393
-286
-357
284
283
-516
-756
-130
101
-539
-937
-424
221
302
214
400
534
288
-61
-148
18
287
516
495
205
-7
57
71
-235
-551
-525
-353
-330
-266
76
339
45
-596
-898
-580
14
485
730
749
481
-14
-382
-237
322
722
596
259
177
236
52
-223
-144
128
32
-338
-326
60
97
-303
-353
158
353
-199
-651
-285
269
158
-261
-157
300
285
-250
-525
-203
168
64
-276
-322
-63
-8
-371
-629
-235
430
436
-279
-709
-319
92
-221
-628
-208
575
559
-194
-515
-32
348
16
-436
-293
222
447
293
251
574
821
407
-473
-832
-169
675
669
143
145
541
235
-746
-1076
-389
41
-458
-775
-46
742
382
-593
-914
-499
-129
-5
210
520
656
593
392
57
-159
79
501
509
194
149
297
56
-400
-335
106
46
-502
-614
-115
180
0
-58
165
168
-53
26
349
410
341
580
769
372
-89
121
452
23
-604
-368
236
0
-762
-829
-339
-366
-793
-680
-236
-346
-680
-312
336
268
-71
323
887
476
-297
-35
867
993
496
496
683
32
-785
-359
691
611
-404
-679
-121
-94
-634
-508
230
331
-179
-142
383
317
-188
-48
518
421
-32
297
985
671
-345
-580
-82
-148
-713
-544
239
322
-324
-549
-327
-591
-1061
-635
310
418
-139
-23
684
680
-25
-186
266
280
-66
246
938
775
-43
-190
283
110
-658
-712
19
281
-141
-237
77
-89
-584
-393
256
201
-372
-243
414
304
-393
-238
664
676
-358
-756
-15
387
-220
-586
-21
383
-101
-530
-186
151
-159
-410
-3
407
208
-66
142
419
315
154
223
200
10
142
568
526
-99
-381
52
301
-188
-574
-111
475
238
-369
-347
129
144
-288
-337
129
384
165
39
281
389
31
-359
-338
-115
-56
-60
104
258
84
-324
-589
-545
-318
-69
82
65
-17
45
223
241
39
-69
97
279
240
147
213
297
198
19
-68
-135
-256
-272
-111
-28
-197
-377
-319
-169
-146
-139
20
159
57
-137
-121
108
322
409
389
267
96
10
48
75
-5
-125
-178
-141
-44
7
-120
-364
-446
-277
-124
-171
-201
-12
195
195
121
156
173
47
-34
79
193
164
138
170
65
-163
-213
-79
-120
-358
-398
-194
-118
-183
-21
258
154
-213
-218
89
73
-173
80
699
739
139
-122
189
210
-281
-426
12
190
-151
-192
252
251
-436
-780
-333
-1
-279
-380
128
452
104
-203
-3
82
-288
-389
145
519
191
-197
-80
66
-171
-299
34
262
-38
-327
-93
243
161
-71
-13
154
128
102
290
406
190
-51
54
293
245
-14
-71
125
202
-10
-213
-134
24
-67
-281
-237
1
-12
-262
-214
212
351
-93
-446
-176
208
104
-121
93
393
182
-227
-178
130
94
-160
-97
174
181
8
12
60
-93
-151
147
375
164
-38
203
425
135
-186
56
447
332
13
108
351
138
-275
-235
103
101
-204
-250
-4
65
-155
-330
-318
-270
-225
-118
-18
-1
13
65
46
-39
-14
130
179
96
83
183
212
129
97
135
97
-19
-87
-119
-187
-193
-44
86
14
-122
-119
-59
-91
-116
-12
95
86
107
261
349
192
-28
-73
-6
9
-4
31
47
-22
-114
-178
-267
-376
-390
-285
-167
-110
-79
-48
-20
13
38
24
11
76
177
202
191
248
291
162
-35
-77
-14
-55
-150
-107
-17
-87
-205
-147
-45
-130
-235
-91
136
150
97
220
318
136
-41
119
341
239
39
95
180
-31
-254
-129
56
-84
-297
-210
-57
-147
-238
-65
71
-71
-136
132
321
137
-22
144
251
36
-89
130
242
-35
-263
-136
-49
-256
-359
-136
-11
-215
-342
-168
-46
-123
-53
210
234
-9
-24
251
318
101
71
268
212
-106
-160
72
53
-249
-299
-61
-56
-327
-368
-130
-79
-243
-171
122
168
-29
-14
203
193
-6
37
277
280
70
38
142
24
-218
-190
14
-21
-240
-248
-69
-51
-163
-108
53
28
-105
-38
169
221
133
135
200
142
30
62
167
135
-3
-69
-63
-86
-115
-71
-21
-57
-129
-147
-120
-94
-51
16
62
63
49
35
28
48
79
58
-13
-46
-15
-2
-33
-30
10
-17
-110
-146
-96
-55
-44
12
78
53
-13
23
129
148
79
49
65
41
9
52
95
33
-55
-57
-40
-102
-141
-53
49
29
-31
-15
15
-4
20
120
150
63
35
136
198
137
101
148
128
6
-42
28
38
-48
-54
32
18
-105
-131
-46
-53
-140
-94
60
75
-43
-37
110
159
68
38
92
66
-3
73
215
180
12
-24
72
65
-54
-81
-4
1
-62
-42
16
-47
-158
-130
-12
8
-49
-12
100
133
101
129
188
170
114
126
167
148
119
153
174
93
-13
-43
-54
-125
-194
-180
-130
-114
-115
-109
-126
-152
-115
-25
19
12
60
175
238
206
173
192
203
177
159
149
93
11
-19
-16
-73
-178
-218
-172
-137
-164
-190
-158
-98
-47
0
38
46
53
105
183
212
172
134
139
140
87
7
-30
-12
12
-5
-68
-159
-238
-260
-210
-137
-106
-110
-91
-46
-34
-69
-73
-7
63
74
68
99
123
74
-12
-57
-71
-105
-149
-165
-163
-169
-151
-90
-52
-99
-173
-172
-94
-13
39
82
118
133
138
142
111
34
-28
-22
17
19
-21
-55
-64
-69
-78
-82
-79
-76
-65
-44
-10
37
94
137
137
99
60
48
61
78
81
67
58
64
48
-42
-179
-266
-242
-161
-103
-87
-79
-63
-51
-54
-60
-52
-14
52
116
146
137
112
89
68
43
10
-31
-71
-95
-97
-91
-90
-90
-88
-91
-105
-125
-129
-90
-9
66
84
54
32
34
19
-19
-35
-2
32
33
25
22
-5
-67
-109
-103
-94
-108
-97
-41
4
-11
-40
-36
-34
-54
-47
28
122
162
145
113
78
37
1
-27
-52
-54
-5
60
68
8
-56
-77
-68
-48
-18
18
46
68
86
80
40
-6
-27
-19
10
49
67
33
-24
-56
-74
-119
-161
-142
-80
-51
-55
-33
8
4
-39
-50
-23
3
36
106
159
133
82
92
116
61
-30
-42
12
34
15
14
13
-31
-67
-27
37
45
40
94
154
141
104
123
147
96
25
28
70
69
51
69
79
27
-32
-37
-32
-70
-94
-46
19
31
9
-6
-35
-75
-59
13
48
12
-3
54
103
74
10
-31
-52
-54
-6
64
76
37
33
73
79
36
29
82
115
94
79
93
74
3
-38
-4
40
30
-10
-19
-3
0
-16
-32
-34
-23
-9
5
14
23
20
-8
-48
-62
-49
-42
-54
-64
-56
-52
-68
-79
-64
-45
-52
-76
-78
-45
-18
-30
-49
-33
2
10
0
38
125
174
144
119
157
179
99
-7
-8
70
86
15
-31
-6
3
-51
-91
-58
-6
-6
-25
7
66
70
0
-66
-56
2
24
-20
-71
-80
-76
-110
-150
-131
-75
-62
-94
-83
-13
18
-31
-60
14
111
126
100
129
177
145
66
81
193
247
171
88
113
177
150
51
1
32
67
51
19
2
-30
-91
-120
-56
48
72
-10
-84
-55
12
-11
-121
-185
-144
-95
-134
-216
-259
-269
-288
-267
-156
-35
-34
-112
-120
-37
2
-54
-79
17
134
145
90
78
89
41
-27
7
144
234
199
126
113
120
65
-15
-19
57
97
43
-40
-70
-79
-139
-218
-194
-52
64
42
-45
-76
-74
-137
-240
-256
-184
-160
-234
-281
-232
-204
-285
-354
-257
-63
34
16
33
124
156
82
38
112
190
154
78
109
215
230
125
55
115
205
185
96
70
121
134
64
21
79
135
71
-43
-33
103
179
123
80
166
257
189
22
-65
-68
-133
-268
-313
-225
-176
-276
-387
-344
-210
-147
-144
-54
140
285
308
301
338
344
244
129
127
202
197
67
-54
-52
4
-17
-107
-136
-53
37
47
26
47
61
-7
-82
-30
114
163
60
-22
56
179
170
47
-31
-27
-46
-132
-208
-241
-303
-415
-477
-414
-300
-249
-249
-188
-39
119
200
216
228
261
300
316
301
253
163
46
-51
-84
-84
-124
-202
-226
-137
-13
31
-3
-21
17
66
95
123
142
116
60
54
111
137
65
-44
-82
-34
27
31
-19
-86
-131
-143
-145
-170
-208
-212
-168
-108
-57
-2
57
91
101
129
188
226
211
181
174
155
76
-39
-123
-149
-146
-140
-116
-68
-8
36
57
67
90
131
158
139
89
51
34
2
-54
-105
-133
-147
-138
-74
25
82
71
70
143
238
260
207
157
146
133
99
68
43
-16
-112
-181
-165
-98
-56
-56
-47
8
78
107
86
56
47
43
27
20
43
65
37
-23
-41
-7
1
-74
-164
-175
-122
-109
-184
-277
-312
-287
-236
-172
-106
-61
-38
24
165
329
409
382
327
322
346
310
172
-16
-166
-237
-253
-265
-303
-362
-403
-381
-283
-147
-39
17
72
185
323
379
297
148
40
4
-10
-41
-85
-130
-180
-233
-273
-313
-376
-439
-428
-306
-141
-42
-42
-71
-45
40
122
160
183
250
365
475
523
507
443
335
191
50
-52
-128
-213
-293
-330
-327
-332
-350
-324
-226
-97
13
118
255
394
459
417
318
222
142
52
-60
-174
-261
-316
-353
-384
-411
-426
-426
-387
-291
-163
-59
0
53
141
234
264
238
219
239
260
252
243
264
277
234
154
92
54
1
-90
-187
-247
-267
-263
-241
-191
-124
-52
26
127
239
303
291
247
248
299
310
213
45
-100
-189
-265
-358
-446
-482
-446
-350
-218
-97
-35
-30
-17
61
185
279
297
274
255
247
217
152
78
17
-28
-51
-39
7
40
21
-26
-53
-54
-66
-108
-135
-100
-15
67
108
109
93
89
115
165
205
198
142
77
42
28
-12
-100
-193
-231
-208
-174
-160
-137
-77
3
66
112
163
220
262
276
262
214
136
55
0
-37
-81
-131
-156
-146
-126
-123
-138
-145
-112
-40
34
65
56
49
59
49
-8
-86
-139
-148
-122
-68
-14
-7
-59
-119
-134
-113
-92
-84
-72
-50
-28
-5
19
27
14
13
52
121
176
198
187
156
130
127
118
56
-49
-124
-126
-101
-109
-146
-165
-146
-96
-25
39
58
43
54
118
179
167
93
19
-26
-57
-88
-123
-168
-208
-206
-153
-89
-50
-23
18
62
90
110
123
114
91
95
145
191
189
154
129
112
91
70
52
19
-27
-44
-11
24
8
-44
-91
-114
-119
-104
-74
-47
-20
39
110
121
42
-52
-79
-44
-15
-24
-60
-108
-152
-170
-170
-187
-226
-225
-141
-14
83
120
122
116
118
128
123
82
34
34
80
98
52
-6
-17
2
7
-1
3
8
3
11
48
79
70
41
33
41
34
13
2
2
-4
-15
-10
8
22
19
3
-16
-27
-24
-22
-32
-40
-17
32
66
70
68
81
99
108
109
102
81
60
57
55
13
-69
-128
-125
-89
-74
-80
-69
-15
65
127
130
69
-12
-45
-17
24
28
-5
-39
-53
-55
-73
-125
-198
-238
-203
-115
-45
-34
-55
-55
-17
24
25
-13
-45
-19
63
142
156
110
59
51
80
100
73
8
-50
-55
-16
15
-3
-57
-98
-90
-43
9
33
28
26
59
122
170
168
114
33
-40
-74
-70
-67
-98
-138
-126
-54
9
7
-48
-91
-77
-16
45
66
45
26
47
83
69
-5
-72
-68
-12
28
26
7
17
71
133
148
90
-4
-62
-53
-9
16
7
-13
-21
-19
-23
-40
-58
-54
-27
7
39
72
91
64
-10
-83
-111
-109
-110
-110
-73
-5
51
55
17
-30
-50
-32
-1
-17
-88
-143
-103
2
54
-9
-115
-146
-67
43
91
57
13
48
154
229
188
64
-34
-46
-16
-23
-81
-142
-146
-84
-8
18
-12
-39
-1
86
146
142
106
84
84
78
45
-8
-62
-101
-115
-96
-54
-12
0
-23
-51
-51
-22
-3
-17
-50
-66
-48
-9
19
17
-6
-15
5
32
33
13
8
34
65
70
46
2
-52
-97
-113
-107
-109
-113
-81
8
105
153
153
143
144
143
131
117
98
52
-21
-88
-118
-129
-158
-204
-219
-173
-96
-43
-23
-1
43
86
93
66
40
29
24
13
-13
-51
-86
-96
-77
-55
-59
-86
-99
-72
-19
24
31
14
-2
-1
3
-6
-17
-4
32
69
104
151
196
194
135
73
56
62
37
-25
-78
-94
-95
-101
-115
-129
-138
-118
-47
51
115
112
90
109
159
159
63
-68
-142
-140
-130
-168
-225
-230
-163
-82
-39
-39
-42
-23
29
107
180
203
163
103
77
83
69
7
-62
-65
3
73
78
29
-7
7
33
25
-15
-52
-72
-76
-57
-12
29
23
-13
-15
37
97
112
104
115
136
113
33
-64
-136
-182
-220
-250
-258
-246
-213
-150
-50
62
145
173
158
145
167
221
261
239
158
75
37
28
-14
-114
-216
-237
-155
-40
22
17
10
60
139
155
67
-58
-108
-45
45
56
-14
-71
-51
13
41
-3
-72
-95
-54
6
13
-58
-144
-161
-104
-55
-84
-149
-142
-26
111
176
173
175
213
236
192
107
49
36
22
-36
-113
-156
-151
-144
-171
-199
-157
-32
102
167
