SAMPLES:	10176
BITSPERSAMPLE:	16
CHANNELS:	1
SAMPLERATE:	16000
NORMALIZED:	FALSE
-4
0
-4
10
11
0
11
4
2
-3
-3
3
-3
5
2
4
9
2
1
3
2
-3
-4
0
-4
-4
0
-3
0
7
3
5
6
4
3
2
2
7
0
0
0
-3
-5
-5
1
-11
-5
-4
-10
-7
-6
-1
2
1
7
7
11
4
-3
3
-6
-11
-4
-6
-7
2
-4
-2
0
-3
-6
-2
-6
-8
1
-1
0
7
9
2
3
1
1
-5
5
5
0
4
6
-5
-3
-6
1
-6
-3
7
2
9
-3
5
8
-1
5
8
7
-1
0
3
-5
-3
2
4
1
2
2
0
-4
-1
3
3
-2
3
2
-4
-5
-5
-3
-7
-2
-2
2
-3
1
-3
1
1
-4
7
0
0
-2
-6
-4
-10
-6
-5
-8
-4
-5
-3
2
-1
4
5
0
2
0
4
-2
1
-1
4
-3
-4
7
-6
-1
0
-2
0
0
2
1
-1
0
5
-2
-1
9
5
0
6
2
4
2
-3
-4
1
-2
-8
5
0
3
-2
-6
7
-4
-4
7
-2
0
5
-4
0
3
-3
-2
-5
0
2
-5
1
0
-2
-3
-2
2
-2
-1
1
-7
0
-1
-2
-1
4
5
-6
1
5
-3
-1
-1
-3
-1
-1
-5
-1
2
-4
-3
3
5
1
6
3
6
1
-3
-6
-4
-1
-14
-6
3
-5
-2
0
5
2
-7
8
2
0
2
3
1
-3
-2
-6
1
-2
-1
2
0
0
-6
-2
-5
-4
0
-1
9
3
4
6
4
1
0
1
3
3
-5
1
2
-4
0
0
4
-1
0
3
-2
3
-2
4
1
1
9
-1
-2
2
0
-6
-2
3
-2
4
-4
-5
1
-7
-8
-3
-3
0
-6
0
0
-10
1
-3
-1
-1
-1
0
-3
-2
-5
-2
-1
-5
-5
-1
-3
-1
-3
-7
5
0
3
4
5
4
-2
-3
-3
0
9
2
2
10
9
2
0
7
7
1
-5
6
9
7
2
5
9
-4
3
-1
4
3
2
1
1
6
-1
3
1
1
-4
1
0
-2
1
-3
-1
-13
-3
-3
-6
-4
-6
-6
-7
-6
-8
-2
-2
-1
-2
1
-1
-6
-9
-9
-7
-12
-3
2
-5
0
-2
-5
-3
-1
1
1
7
1
-1
3
-4
3
1
6
7
9
3
3
8
-1
2
4
3
2
11
4
4
9
2
0
0
6
3
5
4
4
4
2
3
1
12
0
-3
6
-5
1
3
-3
-6
-5
-4
-8
-5
2
-3
-4
-2
0
-1
0
-1
-4
-5
-5
-4
-3
0
-4
0
-8
-6
-5
-1
-2
-6
0
0
0
-7
-2
-1
-8
-5
2
2
2
6
6
4
2
1
2
3
-2
-3
7
3
-7
0
7
-3
-6
9
1
3
0
2
9
-2
8
8
9
0
5
3
-3
0
1
-2
-1
4
-1
0
-3
2
-7
-3
1
-1
6
2
6
8
6
6
-3
-1
-5
-5
-7
-7
2
0
-7
-2
8
-7
-1
1
-7
2
-1
1
1
1
-4
-8
-5
-2
2
0
-1
1
-6
-7
-3
3
-2
-3
5
-5
-4
4
-5
-7
-1
1
-4
-2
10
5
-1
2
4
3
-2
1
4
1
-3
-2
6
5
4
11
9
5
12
1
3
7
4
3
0
6
1
0
6
8
9
7
5
7
4
0
3
3
-2
-6
1
5
-1
1
4
-3
-4
-2
2
-1
0
-1
-8
-4
-2
-9
-12
-7
-11
-8
-12
-2
8
-2
-8
-3
1
-4
-4
-1
6
-2
-6
-2
-3
-3
-8
-10
0
0
-4
8
5
-3
0
3
2
2
18
5
7
11
3
12
9
10
16
4
4
9
-3
-1
-2
3
4
2
7
10
16
-1
3
12
7
-2
5
9
3
1
-1
7
3
4
3
1
-1
-10
-7
-7
-6
-4
-5
0
-2
-9
-5
3
-1
-1
1
10
3
-1
-4
0
-2
-12
-4
-3
-1
-7
3
-2
-8
7
-2
1
0
-1
4
2
3
5
8
2
2
-3
-1
2
0
5
-1
4
1
2
-3
-4
5
7
1
1
12
5
-4
-3
-1
2
4
1
2
1
1
-12
-2
-2
0
7
1
2
3
2
4
3
3
7
2
2
2
-6
-2
0
-3
2
6
8
5
5
4
-1
3
3
4
4
3
2
7
2
-2
10
7
3
-3
0
2
2
0
-2
13
-1
-9
-4
-4
-7
1
0
-6
7
-1
-5
-8
0
-10
-14
2
-9
-2
3
2
-2
-5
-2
-4
-1
-12
-3
-9
-12
-6
-6
2
2
3
-2
-1
1
1
3
2
4
4
5
11
2
9
4
8
1
1
14
8
8
1
9
2
2
7
-1
8
10
-3
9
6
4
2
13
5
6
13
8
-2
0
2
-7
1
-1
-3
0
-9
0
-11
-4
-3
-3
-6
-5
-3
-13
1
-14
-3
-3
0
-2
-5
5
-7
-7
0
2
-7
-1
-1
-5
-12
-1
-9
-13
3
-1
-4
6
10
-11
6
10
-4
14
13
8
2
9
4
2
-2
14
6
-4
2
-1
-3
-1
3
-1
6
7
3
0
5
3
1
2
8
1
6
5
-3
4
-3
0
-3
1
-3
-7
8
-15
-16
12
-15
-14
7
4
-17
7
12
-11
-7
19
-9
-14
10
-5
-9
4
12
-11
-3
12
-16
-17
7
-9
-11
9
9
-9
11
7
-17
8
13
-12
1
9
-12
-4
0
3
-2
7
9
-5
2
4
-7
2
10
-4
4
8
-9
-10
1
-7
-11
11
6
4
-1
15
-8
2
12
-8
1
11
-4
-14
24
-16
-11
16
-7
-10
17
11
-16
18
-11
-4
0
-9
-9
13
-4
-11
19
9
2
1
10
-1
-11
15
-14
8
0
-4
2
-11
3
-28
22
-23
9
-3
-9
2
-16
7
11
9
8
3
6
-22
-5
-4
-12
13
-26
27
-37
18
-14
-4
2
-16
15
-8
5
9
-3
2
-18
13
-7
-17
23
-18
17
-24
12
19
-41
36
-32
23
-29
2
20
-37
23
-22
10
5
-26
40
-37
7
-9
6
10
-38
66
-57
31
-29
23
-3
-21
21
-22
0
-9
-10
25
-24
12
12
-18
24
-27
73
-58
28
13
-13
-1
-3
39
-18
-6
42
-45
28
-39
50
-16
-6
45
-36
57
-82
112
-69
52
-30
55
-38
20
13
-8
18
-17
23
-33
28
-34
31
-12
2
15
-29
33
-64
45
-33
7
12
-27
62
-103
102
-85
58
-58
41
-37
-19
39
-47
29
-44
43
-86
43
-45
12
-23
-1
2
-41
38
-21
20
-4
-5
25
-74
73
-85
101
-117
93
-53
7
-24
4
45
-102
109
-81
92
-131
115
-75
50
-73
98
-41
10
-6
57
-44
15
22
20
-38
8
38
-28
-2
-14
78
-103
69
-60
131
-162
135
-66
77
-115
94
9
-43
31
12
76
-125
123
-57
78
-152
153
-71
12
-51
103
-66
-1
-5
79
-109
52
-11
43
-79
44
45
-56
30
-25
94
-109
59
-28
64
-140
81
4
-30
-7
22
41
-97
63
-53
68
-117
76
-16
12
-76
77
11
-74
24
65
-35
-46
77
22
-94
41
24
-30
-51
34
31
-51
-22
71
-11
-61
35
76
-103
23
55
-8
-81
87
-20
3
-68
124
-83
50
-64
125
-109
6
61
-51
-29
25
26
-104
86
-7
-23
20
32
-32
18
-22
10
-2
-18
33
-30
-16
25
2
-78
87
-32
-48
15
61
-99
23
61
-33
-59
100
-58
31
-64
116
-78
-15
39
6
-16
-66
135
-100
10
-1
61
-74
0
87
-55
-16
9
87
-110
82
-16
53
-59
21
38
-26
13
-40
119
-105
32
0
-21
93
-209
247
-151
77
-135
217
-153
-23
152
-70
-4
-20
110
-88
0
-13
120
-140
-8
92
-5
-138
54
161
-272
157
-54
95
-174
115
-3
6
-63
-16
241
-314
108
93
-18
-227
251
-18
-184
113
38
-15
-151
184
-16
-116
17
97
-33
-137
123
59
-183
78
68
1
-208
290
-138
-54
54
67
-106
57
18
-9
-56
42
-13
-9
-7
10
19
-64
97
-143
152
-125
113
-110
108
-38
-35
11
65
-33
-136
247
-138
-48
69
91
-208
167
-80
125
-243
212
-26
-71
-8
92
1
-205
265
-167
104
-164
254
-179
25
3
50
-41
-61
156
-180
187
-180
83
78
-132
21
99
-29
-161
179
1
-145
68
95
-98
-51
80
69
-236
159
14
-86
0
56
40
-110
9
192
-248
123
29
-9
-52
17
134
-303
349
-338
303
-331
349
-346
235
-131
127
-203
274
-174
-25
211
-207
97
-18
107
-270
369
-313
185
-91
25
19
-54
-37
115
-116
-33
151
-147
27
67
69
-285
419
-327
183
-187
319
-407
257
-30
-69
-57
145
-101
-66
101
27
-154
158
-23
-50
43
-69
195
-354
391
-308
190
-159
109
5
-123
142
-51
-21
37
6
42
-193
371
-336
76
244
-367
230
-43
-42
-25
73
19
-124
203
-213
233
-151
-38
284
-322
2
376
-456
150
153
-83
-207
215
184
-620
611
-231
20
-171
321
-129
-252
328
-57
-193
62
163
-137
-139
221
29
-265
86
275
-389
76
200
-128
-166
195
101
-397
336
-35
-146
56
72
0
-274
396
-216
-81
214
-12
-302
424
-267
57
-93
334
-453
229
119
-282
191
-134
351
-514
391
63
-212
-47
466
-441
76
127
173
-548
477
-17
-281
141
31
164
-546
682
-388
159
-133
294
-226
26
220
-331
370
-285
193
-170
225
-208
-46
273
-245
9
33
249
-510
397
-107
-25
-118
192
22
-255
222
-31
15
-235
305
-109
-155
112
101
-324
282
-197
58
71
-236
280
-266
264
-333
272
-34
-292
501
-633
725
-687
418
-97
-39
-28
-68
399
-628
417
10
-189
-30
268
-201
-20
95
66
-170
75
168
-316
425
-441
403
-215
48
4
32
70
-307
488
-434
206
-16
-5
-67
190
-215
158
6
-61
-55
299
-384
305
-153
82
-38
-46
122
-149
182
-372
596
-667
472
-268
263
-411
488
-381
260
-197
127
17
-139
74
22
67
-352
456
-163
-293
426
-191
-45
-41
302
-405
183
124
-278
246
-224
229
-219
172
-143
158
-91
-113
365
-419
253
-69
88
-196
148
22
-171
177
-123
113
-106
73
-67
157
-262
210
4
-168
203
-220
395
-622
737
-632
480
-381
253
27
-334
402
-283
292
-484
561
-357
65
-42
210
-199
-59
259
-126
-32
-120
449
-441
-16
430
-421
197
-253
610
-804
460
95
-362
270
-235
535
-876
846
-494
170
-60
-15
312
-705
910
-810
615
-523
498
-401
66
381
-666
616
-354
227
-289
287
-88
-74
-8
266
-275
-17
317
-202
-218
396
-25
-507
522
36
-589
553
-68
-197
-15
381
-297
-103
375
-243
34
-118
398
-523
314
-54
-22
-57
42
121
-270
262
-113
-13
83
-100
104
-159
156
-37
-254
584
-704
455
-120
19
-120
53
244
-479
422
-268
208
-197
32
234
-227
-148
445
-394
210
-259
425
-396
144
16
-29
140
-487
695
-505
215
-251
552
-610
271
132
-185
8
-28
281
-419
241
18
-95
82
-238
458
-471
238
-99
202
-243
-39
392
-442
191
46
-4
-94
87
37
-167
233
-160
-13
95
80
-392
520
-427
448
-755
1006
-759
172
184
-107
-13
-118
517
-705
544
-206
114
-242
391
-379
299
-252
218
-41
-192
293
-273
365
-594
651
-407
177
-200
463
-565
402
-118
62
-222
416
-262
-262
798
-861
364
61
-55
-184
67
398
-706
419
143
-463
365
-58
14
-247
456
-271
-218
534
-367
-14
127
83
-313
201
-6
-68
-94
139
29
-358
432
-152
-179
155
129
-194
-89
400
-275
-93
224
-5
-260
301
-237
181
-230
279
-335
232
-44
-186
166
18
-229
179
-70
78
-211
265
-26
-280
520
-481
437
-535
731
-770
431
67
-299
124
77
-104
-113
275
-252
46
93
59
-398
608
-426
74
150
-37
43
-190
346
-241
-11
229
-355
438
-538
498
-444
475
-615
598
-417
220
-289
606
-853
787
-352
73
-70
242
-211
-84
319
-222
-82
293
-342
300
-300
376
-521
417
-114
-315
527
-390
183
-116
266
-298
329
-248
217
-95
68
-145
299
-310
54
365
-656
661
-538
477
-602
569
-160
-406
686
-429
205
-252
616
-725
516
-144
-100
156
45
-329
289
53
-366
247
39
-158
-125
378
-453
416
-449
401
-273
116
40
-163
328
-593
882
-858
358
220
-376
6
67
363
-797
353
420
-722
263
148
-150
-98
124
192
-485
695
-608
201
302
-479
466
-510
585
-585
390
-167
-84
323
-491
399
-233
308
-410
168
255
-195
-114
224
28
-133
-39
204
3
-106
-217
564
-454
72
40
81
-200
95
128
-117
-224
629
-704
432
-123
389
-762
599
50
-493
546
-589
735
-691
314
-5
45
-127
-253
649
-628
285
-185
353
-483
486
-414
455
-424
406
-437
473
-275
15
-18
155
-214
93
13
-142
204
-310
309
-112
-167
333
-314
54
366
-565
582
-616
802
-916
732
-339
58
-13
-51
176
-221
115
-84
140
-256
348
-352
333
-193
-83
409
-586
686
-629
298
141
-339
307
-302
461
-730
755
-472
208
-60
-96
185
-167
124
-169
232
-293
222
-136
282
-434
293
145
-424
401
-312
539
-1063
1105
-437
-255
305
-185
541
-1287
1374
-425
-528
242
842
-1250
665
-78
424
-1214
1195
12
-1236
1415
-912
614
-856
1134
-769
-45
355
73
-649
895
-622
64
398
-575
621
-671
884
-1015
612
103
-382
63
254
-33
-440
420
234
-745
467
203
-664
656
-333
62
-194
454
-377
-16
320
-327
-19
333
-274
228
-390
555
-742
843
-528
-153
767
-1035
933
-772
668
-599
458
-382
191
276
-657
589
-374
364
-433
238
285
-612
419
-96
278
-578
555
-193
-74
169
-81
150
-351
387
-334
351
-376
340
-301
119
-80
285
-352
68
169
-27
-124
-28
703
-1118
786
5
-248
125
-234
546
-721
583
-201
-176
184
-126
-54
120
205
-666
631
-287
277
-543
689
-332
-119
219
79
-99
-252
493
-354
25
268
-433
320
-278
214
-152
44
-46
27
-8
-112
506
-836
868
-693
612
-492
606
-769
671
-353
-185
667
-838
676
-711
663
-575
503
-538
185
184
-184
-18
102
262
-1002
1249
-668
436
-761
978
-500
-380
1126
-1384
1336
-1513
1460
-983
443
-491
328
121
-596
710
-331
-139
109
67
258
-497
195
473
-590
222
263
-88
-674
1073
-673
120
143
-283
139
69
-468
806
-847
530
-296
266
99
-749
1271
-1226
916
-662
837
-681
26
706
-925
429
322
-643
189
515
-887
605
3
-246
-178
540
-71
-695
985
-390
-429
440
358
-547
-178
943
-788
296
-49
205
-270
-264
562
38
-745
440
271
-669
169
554
-500
-176
674
-420
52
104
-150
369
-600
749
-264
-218
84
152
-40
-376
603
-542
357
-475
489
-234
-202
-6
289
-230
119
-112
297
-361
96
483
-562
362
-161
156
-259
399
-301
-211
442
-477
231
267
-533
-8
682
-909
508
130
-356
17
170
382
-924
749
-297
-9
86
253
-165
-746
1535
-1548
748
143
-310
-313
410
463
-992
479
-135
557
-1225
1389
-512
-99
-278
838
-608
-170
714
-856
591
-209
80
214
-872
984
-595
407
-419
802
-755
-85
677
-294
-310
284
148
-460
480
-110
-93
-221
576
-873
1011
-308
-415
67
379
-149
-326
600
-618
500
-544
610
-45
-356
-321
622
388
-1269
1216
-663
-199
334
57
10
-660
777
-389
88
331
-333
-145
-105
1052
-1043
468
-121
147
-487
766
-314
-108
-159
50
516
-595
370
-468
345
-372
640
-803
940
-864
320
259
-13
28
-307
267
237
-51
-424
763
-690
102
-64
683
-853
250
96
-431
723
-680
517
-631
512
-43
-470
1020
-824
-70
342
236
-29
-463
609
-471
75
168
-13
11
-821
1049
-615
205
-84
-213
-38
118
583
-957
920
-1059
1081
-694
586
-297
-89
-28
31
599
-654
136
-210
327
-237
163
-203
178
-474
344
314
-359
-331
264
373
-688
793
-291
-353
113
532
-407
-84
304
-565
643
-611
1008
-1211
374
214
6
-7
-146
308
-335
-83
632
-337
-431
688
-775
1155
-1103
836
-854
596
-121
-124
620
-953
502
168
-310
210
-79
-247
325
52
-138
340
-671
558
-399
631
-688
591
-294
-282
904
-1051
690
-468
349
-336
772
-1039
891
-574
134
200
-168
151
-287
463
-646
801
-849
457
-118
-26
-79
531
-716
285
194
-331
-31
403
71
-841
852
112
-723
297
562
-958
417
490
-352
-421
674
-414
-175
498
5
-549
286
452
-671
392
-99
-16
-509
919
-149
-916
1061
-790
365
-348
956
-1442
942
-83
-31
-155
218
-213
-219
515
-66
-60
-386
495
-432
281
-288
478
-934
692
285
-954
586
-257
-62
-35
220
119
-578
385
-125
315
-467
162
353
-665
530
152
-797
681
-532
361
-183
-137
411
-534
411
-295
296
-414
160
417
-662
719
-454
-92
477
-407
193
-274
608
-682
159
307
-270
-365
534
108
-721
476
330
-669
135
522
-268
-429
687
-19
-365
144
244
63
-715
948
-388
-180
322
-189
246
-478
532
-184
-93
213
-26
0
-22
171
-258
612
-592
270
158
-146
-268
652
-211
-270
242
-176
365
-626
574
-298
71
-162
97
-20
94
-604
692
-105
-329
249
90
-318
261
-31
-252
560
-484
-204
462
-419
129
-286
-14
-27
375
-1060
708
161
-988
709
-5
-123
-45
160
-270
431
-91
-242
422
-261
7
-122
-11
196
-213
-101
101
-70
-215
348
-539
446
-61
-63
95
312
-467
82
597
-416
247
-39
312
-673
724
-260
-383
605
-219
-91
309
-56
-428
278
272
-439
528
-270
54
129
28
-289
383
-73
-51
387
-228
255
-415
415
-319
680
-540
139
338
-628
400
-126
255
-681
750
-183
-148
-20
116
-75
-245
419
-80
40
-527
577
-552
284
-125
-25
-28
36
143
-477
408
-508
362
-510
724
-435
-165
-11
4
-160
118
-76
-226
115
79
-49
-372
378
-864
556
88
152
-720
382
-297
17
234
379
-844
369
402
-293
98
118
-311
-84
940
-221
55
-180
275
-166
469
104
50
-203
390
76
142
-66
-71
114
446
83
-44
61
156
-37
255
392
-108
16
493
-403
-23
405
-269
109
417
-368
-406
430
-441
181
178
-62
-196
-210
216
-132
-533
46
89
-430
213
-12
-761
-211
-362
-1
113
-307
-482
-448
-118
-774
-175
-473
-447
-547
-157
-639
-814
-599
-429
-547
-192
-374
-542
-474
-641
-57
-203
-92
-263
372
-258
41
79
137
86
578
371
35
526
-212
829
160
846
-51
271
1025
81
466
202
607
63
884
970
-124
564
559
543
552
912
96
1100
1039
514
595
646
994
958
1003
748
982
-34
1441
960
547
595
699
670
1231
1059
431
226
1016
1294
1274
659
289
-106
1148
1875
-140
-1562
-1453
-415
1528
303
-2371
-3608
-2939
-355
-282
-1614
-4092
-4200
-2621
-699
-1821
-3716
-3833
-2746
-852
-714
-1532
-2412
-2602
-909
500
941
172
-511
-708
665
1657
1569
1118
152
547
1497
2097
1509
348
-400
750
1473
1278
407
-541
-893
-321
349
227
-529
-1165
-1059
-631
-505
-285
-1040
-1355
-1206
-611
-41
-371
-844
-970
-515
155
775
440
51
464
870
1157
1226
728
1176
1257
1555
1305
882
848
731
968
1020
1049
519
595
892
484
569
116
606
221
589
885
324
482
2
856
491
940
348
943
841
1274
958
801
1078
812
1622
1220
2070
1086
1456
886
1258
1788
1973
1641
978
1207
1906
2338
529
-1562
-2830
-265
2363
1712
-2278
-6512
-5877
-1492
1405
-1041
-6094
-7539
-5183
-1345
-1302
-4620
-6346
-5393
-1566
302
-1375
-3530
-4501
-1723
1489
2569
1961
-16
-996
150
2824
4191
3091
823
60
1597
3178
3249
1198
-1015
-247
1571
2786
1208
-1591
-2904
-1893
100
754
-416
-2203
-3382
-3034
-1631
-531
-883
-2196
-2815
-1849
41
455
-750
-1936
-1331
659
1936
1524
50
-832
462
2544
2965
1824
676
671
1788
2462
1743
695
266
785
1302
1070
88
-590
-873
-96
215
-48
-539
-852
-673
-153
314
109
5
248
927
1311
828
710
1540
2138
2486
2335
2125
1805
2309
2925
3334
2652
2431
1958
2258
3155
2388
2446
2169
2060
2278
2861
2366
1503
1726
2315
3352
2330
-1627
-3674
-2333
2555
3727
-883
-7596
-9397
-3919
1756
1466
-5404
-10280
-8710
-3131
-340
-3110
-7525
-8049
-4136
-318
-585
-3346
-5116
-3980
-223
2496
2814
655
-1965
-1953
1038
4191
4596
2009
-1203
-1059
1525
3677
2744
-548
-1998
-365
1874
1707
-717
-3246
-3035
-1738
103
208
-1627
-3861
-4776
-3201
-669
220
-1398
-3347
-3553
-1415
1035
928
-712
-1669
-337
2086
3065
1497
-341
190
2667
4844
3940
1448
345
1166
3026
3694
2303
675
-129
656
1556
1265
-297
-1009
-825
266
825
-246
-1415
-1574
-354
1040
1221
-28
-770
-123
1464
2145
1668
1189
1113
2089
2884
2634
1978
2039
2299
2956
3685
2686
1856
1568
2196
2916
3645
2914
1794
1559
2369
3015
3405
2198
1485
2290
3727
3843
-448
-3997
-4352
1356
5570
2380
-6268
-11760
-7845
490
4068
-1606
-10366
-12279
-7043
-951
-1187
-6162
-9129
-7741
-3271
-749
-2434
-4724
-5708
-3075
616
2705
2100
-1611
-3666
-1557
3191
6263
4400
-349
-2846
-576
3715
5086
2443
-945
-1538
853
2601
1634
-1003
-2506
-2165
-411
1114
289
-2279
-4667
-4268
-1307
1038
519
-2559
-4532
-3252
-47
1963
1121
-1027
-1679
36
2453
3041
1435
253
807
3162
4386
3792
1903
549
1255
2749
3619
2689
804
-320
35
1193
1387
535
-655
-1192
-402
279
82
-918
-1288
-543
499
892
120
-389
-399
496
1591
1915
1526
941
944
1826
2526
2460
1934
1875
2338
3008
2833
1906
1407
1659
2571
2891
2343
1941
1806
1932
2289
2586
2626
2212
2406
2527
2991
1913
-1316
-3603
-2324
2611
4229
-447
-8161
-11131
-5327
2478
3385
-4162
-12009
-11771
-5096
-100
-1608
-6628
-9011
-7016
-3415
-1652
-2538
-3792
-4461
-2592
52
2161
1474
-1211
-2617
-208
4288
6248
3659
-931
-2221
754
4574
5446
2693
-454
-1246
321
1796
1531
38
-1635
-2209
-1816
-777
-728
-2150
-4001
-4486
-2764
-846
-640
-2545
-4573
-4140
-1240
1527
1422
-784
-2572
-1267
1798
3583
2795
1067
921
2462
4359
4668
3507
1810
1625
3270
4730
4381
2230
368
577
2169
3441
2523
43
-1400
-783
1269
1927
369
-1497
-1635
-151
1078
700
-829
-1426
-550
849
1355
899
374
70
712
1764
2276
2033
1533
1519
1978
2432
2324
2034
1655
1883
2323
2526
2299
1683
1579
1970
2473
2084
1867
1759
2207
1425
-879
-2662
-2117
1361
2762
-636
-6494
-8779
-4732
1002
2059
-3112
-9320
-9623
-5303
-1070
-1281
-4597
-7020
-6700
-4420
-2527
-1856
-2378
-3435
-3473
-1878
361
1055
-428
-2064
-1344
1630
3887
2754
-72
-1622
-211
2356
3712
2799
542
-893
-700
634
1892
1704
-17
-1977
-2029
-661
478
83
-1712
-2782
-2266
-720
74
-431
-1869
-2463
-1326
646
1594
824
-798
-1092
352
2391
2948
1880
850
924
2126
3248
3406
2281
1288
1596
2672
3274
2493
1105
627
1104
2142
2349
1310
-272
-470
585
1410
1271
-90
-894
-430
416
837
182
-483
-669
-142
559
839
544
-58
-527
31
1191
1542
1012
-35
-62
695
1432
1222
637
415
725
815
757
909
1004
879
521
614
1117
1118
628
197
321
1063
1513
802
-886
-1966
-1444
801
1731
563
-2366
-4098
-2824
-167
1480
-248
-3503
-5178
-4116
-1475
-263
-1384
-3593
-4799
-3847
-2163
-1167
-1609
-2787
-3509
-2934
-1452
-236
-319
-1661
-2333
-1419
276
1182
251
-952
-1056
96
1503
1798
1007
-257
-665
44
1382
1772
937
-569
-1181
-56
1147
1243
68
-909
-896
14
617
395
50
-179
-129
151
489
847
746
261
62
613
1339
1736
1196
476
530
1245
2104
2030
1287
721
1039
1740
2182
2053
1441
974
943
1472
1842
1677
793
360
554
989
893
359
-41
-89
356
276
-271
-688
-652
-596
-237
-297
-652
-1030
-1142
-770
-543
-427
-725
-820
-817
-612
-827
-761
-419
-34
-103
-532
-625
-427
94
268
137
-101
-122
-123
71
332
339
214
135
487
831
918
424
193
528
1135
1494
1221
530
47
323
848
1181
763
117
-216
-109
109
119
-43
-387
-783
-1050
-918
-780
-996
-1417
-1686
-1548
-1345
-1499
-1764
-1933
-1654
-1458
-1367
-1171
-1253
-1342
-1218
-1013
-630
-474
-554
-694
-590
-136
4
-31
-73
-117
13
126
11
105
304
483
210
14
89
460
506
229
156
232
692
623
255
113
363
896
1028
681
305
415
859
1136
923
565
507
643
786
887
555
343
242
359
559
426
134
-109
-24
119
70
-52
-257
-212
-212
-252
-375
-352
-157
-217
-499
-416
-238
-25
-163
-386
-393
-204
66
133
226
214
95
16
9
443
692
625
217
-303
-7
437
895
470
-219
-334
54
580
409
-10
-179
-29
152
291
161
-13
-53
-31
139
225
271
187
121
308
450
612
609
307
195
481
706
753
483
313
303
495
481
412
383
182
89
65
312
322
199
-297
-524
-448
-248
-326
-656
-808
-959
-940
-891
-844
-986
-1217
-1359
-1319
-1211
-1182
-1160
-1028
-1131
-1265
-1172
-1037
-862
-745
-671
-635
-489
-387
-345
-148
108
288
401
224
237
475
822
965
741
643
666
1044
1222
1046
602
421
628
851
677
406
153
25
1
-183
-322
-230
-282
-484
-854
-906
-730
-673
-898
-1046
-879
-544
-442
-755
-1007
-930
-420
2
-30
-161
-244
-119
196
388
616
687
625
610
638
790
931
937
940
953
1033
1046
853
681
656
872
1092
959
727
448
450
452
577
550
369
138
-5
71
319
365
61
-164
-197
94
189
-11
-272
-343
-230
-29
93
46
-203
-327
-224
-74
-82
9
-93
-133
-193
-267
-218
-121
-76
-260
-524
-576
-439
-379
-484
-667
-689
-632
-645
-748
-887
-880
-740
-663
-575
-906
-974
-802
-633
-640
-749
-644
-540
-434
-384
-272
-84
106
173
150
467
764
773
792
804
1070
1226
1314
1271
1151
1092
1198
1285
1280
1092
828
709
674
564
401
256
62
-91
-258
-458
-519
-596
-736
-940
-1009
-902
-855
-1011
-1155
-1226
-1158
-944
-862
-893
-983
-938
-753
-519
-268
-189
-360
-363
-216
104
395
287
147
133
361
601
623
486
301
424
776
875
727
369
476
665
761
677
521
535
495
413
463
604
690
502
321
346
558
688
475
298
288
385
505
468
433
233
123
173
184
302
267
180
64
-121
-152
-5
167
0
-262
-460
-466
-320
-268
-400
-651
-771
-864
-800
-692
-734
-864
-1039
-1086
-1029
-965
-1001
-1114
-1228
-1255
-1083
-1011
-964
-1087
-1131
-1009
-759
-574
-520
-676
-629
-395
-123
48
107
224
177
253
364
480
600
657
687
711
779
689
721
814
927
897
782
748
733
829
740
662
702
774
680
497
344
461
634
628
433
190
229
319
411
361
262
198
218
279
300
295
151
110
122
198
220
144
-16
-141
-83
86
118
-95
-292
-309
-146
-106
-135
-176
-319
-346
-305
-197
-165
-158
-296
-279
-162
-6
57
-61
-91
-46
189
277
297
207
166
236
449
545
533
378
236
283
459
593
462
279
120
151
181
243
39
-133
-280
-370
-393
-368
-439
-698
-909
-1040
-961
-874
-969
-1242
-1415
-1358
-1219
-1202
-1344
-1425
-1341
-1200
-1176
-1188
-1172
-1102
-1000
-847
-688
-553
-498
-502
-418
-210
94
231
311
281
359
535
692
727
737
836
954
1000
970
903
910
998
994
973
957
921
900
800
707
749
819
845
746
519
399
574
723
654
503
432
475
515
416
369
417
514
430
304
299
370
376
216
128
198
237
125
-60
-223
-191
-128
-167
-336
-475
-488
-472
-461
-481
-581
-559
-557
-523
-504
-526
-485
-489
-416
-333
-288
-255
-256
-236
-30
101
131
39
82
218
338
513
495
415
353
429
504
604
570
480
383
330
429
444
323
160
54
22
43
-70
-108
-228
-422
-553
-604
-581
-650
-838
-906
-947
-958
-1032
-1132
-1146
-1052
-1118
-1185
-1189
-1139
-1117
-1107
-1052
-934
-801
-759
-765
-707
-550
-374
-215
-150
-55
-7
65
145
260
419
471
511
426
471
564
702
747
612
537
545
688
696
606
545
529
607
621
616
595
520
550
627
690
708
622
632
694
758
762
747
798
836
821
758
769
880
898
806
702
668
746
671
555
454
408
395
310
150
40
-44
-118
-227
-330
-381
-465
-605
-719
-749
-754
-795
-854
-812
-811
-823
-853
-860
-769
-703
-649
-693
-672
-517
-395
-293
-269
-235
-149
-68
-30
-17
47
135
111
44
13
129
215
104
-2
-59
44
99
-23
-53
-151
-113
-176
-253
-182
-237
-285
-409
-444
-359
-370
-387
-449
-526
-503
-553
-459
-494
-530
-518
-516
-356
-353
-317
-330
-336
-247
-233
-155
-148
-63
26
23
78
108
152
205
174
156
180
212
346
383
374
323
330
418
433
403
348
429
450
465
414
405
446
422
484
526
552
563
469
548
570
580
663
559
729
649
696
749
516
646
61
365
466
685
1206
673
875
171
389
147
-205
205
-362
362
38
66
-44
-623
-235
-513
-120
-231
-527
-443
-826
-635
-779
-847
-629
-794
-548
-686
-616
-503
-689
-542
-714
-468
-363
-424
-368
-479
-310
-305
-253
-272
-244
-166
-79
-26
49
56
37
20
-137
-106
-111
-55
-28
-66
55
111
141
6
-126
-141
-67
-124
-188
-196
-145
-15
-95
-138
-232
-227
-234
-254
-159
-111
-142
-97
-191
39
69
-63
-1
-406
-81
-12
297
331
77
178
-3
342
205
207
201
60
301
173
256
298
239
293
170
170
170
135
229
152
224
307
301
439
314
364
311
345
445
374
494
395
520
497
620
628
598
583
511
637
569
684
383
290
234
211
399
241
245
28
56
-44
-2
-72
-231
-320
-442
-480
-412
-484
-614
-641
-785
-633
-662
-612
-641
-666
-580
-611
-472
-807
-811
-915
-774
-407
-339
-189
-336
-216
-215
-27
59
-38
88
-63
-35
-11
-148
32
27
49
108
161
201
76
134
-129
36
104
39
64
-40
-55
-50
-111
-192
-63
-71
31
115
109
-1
64
-8
-27
92
21
-60
26
-7
5
268
106
284
185
265
126
215
125
126
251
121
274
204
138
127
132
-49
95
56
3
115
24
93
16
149
-26
-58
-33
-138
164
33
224
95
68
112
230
169
165
262
204
365
263
395
218
463
274
348
351
270
489
152
414
249
285
274
123
275
72
276
46
-55
-157
-305
-124
-346
52
-316
-54
-518
-275
-583
-410
-289
-466
-283
-631
-416
-643
-211
-437
-301
-549
-489
-442
-293
-147
-386
-152
-464
-88
-449
-284
-263
-294
-9
-164
35
-325
-4
-171
-159
147
30
272
-49
124
-118
201
29
207
214
200
588
289
535
237
431
228
401
334
331
393
367
338
341
325
371
266
382
132
199
57
294
-154
-10
150
-315
254
-557
31
-494
-124
-182
-382
-141
-559
-133
-529
-432
-78
-734
-215
-401
-485
-276
-355
-179
-292
-249
-12
-263
-17
-151
-91
-50
-416
380
-527
246
276
55
366
78
632
-208
603
67
501
428
649
788
161
625
245
512
259
776
600
120
1131
-262
832
48
529
221
103
600
-421
666
-778
595
-572
335
-59
153
-231
-206
-264
-939
454
-921
175
-562
225
-1299
-91
-562
-952
123
-834
368
-1020
150
-1315
-71
-965
-357
666
-1356
882
-1124
205
-790
384
-365
-394
934
-766
879
-498
210
-102
505
-167
840
359
404
348
621
-29
306
876
-116
1453
-217
816
215
401
66
520
480
-483
1092
-128
317
338
-570
385
-532
312
-243
378
-525
64
-15
-677
-457
51
-1008
154
-67
-554
13
-1096
407
-1179
213
-605
-357
249
-1795
1376
-2065
800
-1140
-39
-97
-612
185
-1058
1041
-1902
1200
-897
440
-428
482
-224
-100
450
-845
1810
-1436
1729
-235
522
-57
805
165
-108
1799
-1033
1929
-642
1121
-553
1174
-319
1217
931
-1053
1966
-1103
1028
-574
1198
-806
627
356
-329
889
-1555
777
-375
-176
-270
595
-587
-703
1097
-1342
331
-530
-70
-371
539
-755
441
-388
-508
725
-779
513
-557
1097
-1482
1289
-489
-611
1387
-1453
1567
-1052
815
-496
469
41
-613
1241
-1529
1720
-1235
1084
-924
949
-1362
924
-222
-755
1181
-1425
1403
-1485
990
-876
241
-186
-611
1356
-1708
1229
-739
-265
-159
312
-405
38
373
-813
455
-776
361
-557
543
-889
985
-794
-411
889
-1512
763
-901
527
-1050
919
-977
54
262
-1334
1108
-1211
963
-954
777
-691
480
-348
-288
471
-201
3
796
-538
511
-42
246
463
-305
1108
-627
1311
-537
922
12
55
1058
-577
734
309
-92
474
-80
827
-792
809
-348
10
605
-908
1105
-759
-49
351
-633
330
-599
561
-734
-212
802
-1805
1410
-1068
256
-452
-378
470
-827
378
-98
-263
217
-664
903
-905
154
591
-712
1160
-934
900
-601
636
-280
480
-85
477
-240
711
-463
438
-46
-133
572
-794
1260
-1061
1064
-960
901
-1253
1012
-815
646
-870
920
-937
162
-461
393
-721
425
-558
211
-126
-948
1357
-1685
1244
-1693
1631
-1728
761
-64
-1057
1459
-2017
1719
-1615
1134
-1286
1596
-1703
1396
-691
-258
387
-167
539
-1415
2251
-2375
1979
-1504
1226
-645
418
-52
563
-355
793
-505
685
9
337
387
-362
1765
-1555
1943
-1329
1752
-1045
1199
-77
733
-655
1139
-487
471
-186
432
239
-125
646
-713
474
-610
296
-181
-228
-6
126
-872
569
-988
136
-1207
1016
-1189
-39
128
-1452
1042
-1874
1154
-1472
889
-1523
1121
-1165
98
175
-868
634
-589
137
-802
1470
-2031
2014
-1412
1233
-1260
1273
-891
918
-635
290
428
-785
830
84
-534
628
4
-368
486
-114
93
-473
1179
-869
496
208
-356
771
-1137
1746
-1280
961
-520
589
-101
-236
861
-965
873
-304
444
-350
445
103
-870
1280
-1062
1069
-1006
899
-100
-859
915
-1342
1437
-1610
1275
-980
331
-230
-388
216
-209
-593
572
-806
786
-906
401
-230
-235
640
-801
820
-535
392
-306
433
-335
560
-762
1346
-903
1412
-1302
1389
-714
795
-249
529
600
-410
368
240
328
-421
891
-321
702
-548
805
-976
1399
-1164
784
-119
34
-14
-363
428
-261
-134
-170
305
-424
-19
227
-760
352
-358
-272
-111
286
-614
-135
-4
221
-821
269
-106
-277
180
-980
1441
-1970
1184
-910
196
-127
-825
1076
-1951
1795
-1546
475
-15
-770
696
-1128
706
-499
-50
-144
-208
475
-1173
961
-335
-312
517
-324
102
356
-334
486
-286
559
-193
703
-198
448
18
122
668
-134
254
456
4
143
453
-14
126
148
570
-414
347
244
-119
88
225
365
-801
1009
-596
332
-295
376
-545
368
-349
268
-579
513
-606
200
-157
55
-237
136
-50
-97
-207
291
-515
203
-108
294
-687
639
-512
196
-116
277
-439
275
87
-273
158
135
-191
308
-230
345
-229
-100
581
-631
713
-611
614
-581
407
102
-461
939
-1309
1415
-1207
571
83
-274
219
-67
164
-434
227
-190
-78
390
-1081
1289
-1023
189
197
-447
-8
-625
1109
-1971
1879
-1733
776
-655
48
-295
64
-762
426
-348
-440
367
-1062
1305
-2294
2415
-2303
1674
-1262
327
702
-1482
1548
-1213
1101
-571
91
1157
-1530
1761
-835
771
-394
754
3
15
741
-194
523
-384
1087
-558
1004
-846
1416
-777
473
621
-565
837
-742
1288
-1248
1294
-899
468
-266
199
-181
413
-1030
1370
-1375
1073
-1322
1403
-1834
1588
-1238
452
157
-1060
1235
-1611
1652
-2245
2206
-2195
1766
-1400
666
-518
237
-231
10
-82
1
224
-751
1057
-975
541
-439
412
44
13
-399
544
-204
-67
-118
673
-770
700
-424
351
334
-990
998
-348
-74
139
122
-290
329
-27
-229
311
-346
336
-570
556
-183
-246
82
-173
623
-1423
1550
-1708
1377
-1190
214
183
-363
-408
506
-816
447
-837
399
-282
37
-199
-503
682
-1205
925
-720
139
238
-704
526
-190
45
-161
-214
860
-1125
1355
-1371
1851
-1856
1790
-992
802
-43
122
366
142
202
-94
691
-328
635
-179
711
-752
1333
-1074
1067
-383
423
-1
155
-41
487
-1002
1371
-1237
1402
-1519
1372
-706
-233
653
-634
204
-30
-128
-153
381
-773
773
-909
998
-1318
1045
-593
-157
620
-1103
1120
-1111
602
-321
-92
177
-536
880
-1171
1002
-834
418
-319
291
-317
350
-654
730
-591
66
243
-567
784
-1251
1778
-1867
1504
-1067
655
-309
31
141
-125
23
-19
258
-485
627
-867
1238
-1560
1706
-1739
1331
-798
6
691
-1265
1328
-1450
1224
-1176
647
-146
-677
1003
-1140
771
-683
26
469
-1259
1434
-1475
1158
-1250
1046
-926
223
178
-539
622
-903
1236
-1532
1532
-1427
1434
-1206
798
133
-538
821
-229
210
-26
499
-500
1021
-773
1017
-723
1049
-703
1023
-506
309
665
-790
1075
-559
714
-561
694
-323
225
-66
-56
316
-597
632
-594
388
-347
-7
300
-819
956
-1123
673
-301
-534
1246
-2294
2600
-2572
1927
-1628
1138
-612
-309
857
-1030
996
-1261
1255
-688
-52
363
-58
-330
354
-225
17
207
-394
518
-589
764
-712
365
236
-802
1188
-1721
2333
-2351
1767
-903
260
277
-857
1355
-1498
1236
-703
190
419
-1076
1616
-1870
1556
-728
-306
862
-1169
1104
-1055
690
-408
135
-239
89
39
-230
-337
770
-1140
984
-923
354
135
-938
1154
-1514
1453
-1602
1003
-389
-533
1096
-1761
1797
-1452
652
154
-885
1589
-1780
1505
-767
237
399
-1030
2033
-2388
2519
-1851
1465
-504
-1
829
-846
1385
-1474
2181
-2251
2522
-1987
1707
-1002
747
-76
-353
1275
-1948
2538
-2496
2178
-1392
798
-324
-143
605
-934
1029
-1081
988
-920
404
25
-331
-33
124
49
-697
1043
-1451
1533
-1845
1877
-1470
769
-228
-283
701
-1383
1850
-1993
1617
-1107
639
-172
-585
1143
-1592
1607
-1338
1105
-785
286
358
-907
1128
-1193
1321
-1583
1878
-1597
968
-477
207
160
-580
1043
-1184
1075
-808
796
-591
146
317
-573
664
-612
727
-999
970
-751
313
87
-721
1203
-1455
1082
-835
490
-386
-204
468
-506
-263
710
-1181
1391
-1805
1607
-1174
73
745
-1456
1715
-1972
2081
-2064
1405
-562
-41
-9
354
-292
175
-172
188
344
-747
1295
-1355
1661
-1450
1282
-694
560
61
-544
997
-367
124
29
86
584
-777
480
365
-280
-87
234
322
-524
268
10
13
119
-535
801
-851
489
-137
-303
334
-336
310
-710
565
-179
-331
55
247
-290
69
-350
507
-463
113
28
-289
487
-739
379
142
-492
636
-870
728
-141
-399
493
-545
1034
-1486
1426
-856
424
-207
-30
471
-497
307
9
-132
345
-321
291
-4
192
-33
-243
714
-630
644
-679
901
-596
311
-136
459
-393
96
301
-385
591
-628
482
-104
-87
202
-452
790
-1113
961
-669
170
147
-623
757
-1233
1595
-1970
1561
-1149
385
138
-1062
1512
-1653
1084
-985
917
-802
-197
819
-765
35
258
-210
-160
132
1
88
-420
511
-263
-67
19
390
-742
573
-244
355
-829
1087
-800
292
-10
37
127
-477
618
-310
-127
330
-295
249
-315
635
-765
648
-246
-149
494
-508
655
-469
350
-47
239
-327
438
-67
97
-233
861
-927
966
-611
618
-335
198
114
-72
171
-50
320
-470
672
-447
253
-115
261
-285
33
344
-429
227
-107
12
34
-330
628
-954
1015
-1051
659
-252
-413
741
-1196
1325
-1447
1068
-773
198
-52
-142
151
-268
89
245
-880
1179
-1277
1030
-758
315
151
-531
666
-736
695
-546
128
190
-114
-96
331
-473
810
-1290
1568
-1262
684
-55
-225
448
-720
1118
-1524
1933
-2145
2193
-1756
1034
-343
50
56
-284
676
-694
523
-340
417
-355
23
156
84
-521
540
-214
42
-312
431
-341
-69
108
-28
-211
76
-28
-256
383
-706
729
-904
979
-1183
824
-268
-489
749
-855
887
-1078
1007
-724
355
-29
-181
459
-566
672
-458
406
-160
70
289
-355
655
-408
245
261
-432
841
-902
1049
-784
902
-682
469
164
-316
217
159
11
-124
244
-193
558
-979
1281
-1406
1431
-1258
687
8
-558
667
-892
1110
-1406
1358
-1253
964
-828
601
-546
184
-27
-306
465
-821
1001
-1109
625
-197
-150
49
-176
231
-289
64
148
-505
624
-823
678
-505
171
-121
126
-397
601
-756
451
-31
-387
612
-827
1146
-1482
1499
-1159
816
-381
-64
651
-1012
1137
-1010
980
-980
1101
-1049
1127
-1149
1099
-863
571
-146
-286
840
-1261
1427
-1236
810
-275
-356
908
-1148
976
-594
220
81
-446
806
-1115
1218
-1323
1514
-1723
1661
-1367
1029
-814
420
193
-675
765
-346
-21
243
-297
435
-275
12
535
-876
1254
-1303
1407
-1124
701
-60
-154
271
-128
288
-125
-197
792
-971
887
-647
548
-150
-433
923
-1132
1105
-1197
1375
-1475
1224
-771
56
493
-853
830
-951
1067
-1198
712
-32
-855
1227
-1328
1054
-1106
1232
-1365
972
-378
-166
441
-911
1385
-1657
1371
-952
648
-508
163
303
-666
626
-353
-42
347
-553
591
-580
583
-687
729
-614
369
-102
-92
244
-461
690
-876
847
-696
622
-507
247
106
-241
90
78
-15
50
-269
587
-545
247
65
-224
387
-508
486
-201
-96
211
-182
110
-82
-121
524
-1026
1310
-1289
957
-597
99
550
-1248
1565
-1333
877
-581
470
-191
-124
328
-194
134
-179
402
-307
-69
671
-895
799
-387
249
-141
36
478
-954
1319
-1359
1370
-1074
581
101
-527
634
-503
629
-829
817
-417
-66
278
-361
467
-572
125
647
-1239
929
-402
173
-539
669
-407
-193
144
306
-713
410
-56
-33
-216
-5
662
-1152
906
-496
499
-896
995
-789
763
-933
921
-471
-88
372
-516
840
-1291
1628
-1580
1274
-994
847
-668
337
18
-112
113
-337
707
-761
303
193
-350
316
-345
488
-524
374
-192
-62
416
-731
780
-550
406
-492
570
-479
337
-385
564
-553
285
-55
-69
237
-559
704
-552
105
267
-481
407
-265
71
-14
-8
91
-303
417
-223
-98
272
-174
-83
224
-176
141
-206
333
-164
-178
509
-480
458
-479
654
-431
261
23
-144
435
-293
0
515
-507
456
-363
588
-379
-18
471
-473
560
-666
951
-991
803
-457
332
-366
276
1
-325
362
-210
-88
102
-247
371
-480
149
97
-277
111
-247
442
-776
546
-339
109
-240
78
65
-377
213
59
-444
234
-106
235
-816
1125
-974
470
-360
363
-121
-573
1005
-953
708
-681
700
-473
43
227
-123
-46
90
7
69
-305
707
-812
764
-529
505
-357
154
262
-380
479
-477
669
-500
340
-194
306
-272
311
-235
273
-108
-74
243
-160
84
-84
130
6
-34
6
-12
94
-161
107
1
-64
-60
184
-298
267
-287
104
2
-88
13
-36
9
20
-252
429
-447
240
-119
87
72
-400
646
-525
137
122
-25
-158
124
162
-236
4
304
-304
149
-154
478
-594
261
198
-203
-90
202
83
-298
213
56
-166
115
-126
207
-142
-167
463
-607
477
-280
230
-453
552
-358
-72
347
-488
483
-601
705
-653
395
-203
164
-162
-113
571
-998
1002
-759
645
-744
543
44
-608
655
-473
558
-995
1129
-731
164
-22
97
65
-501
729
-611
345
-276
359
-329
-12
421
-453
75
310
-439
442
-364
194
173
-412
389
-263
383
-502
392
-119
215
-234
-87
558
-463
12
222
91
-221
5
241
-40
-143
9
239
-59
-233
335
18
-446
595
-299
-28
33
324
-420
88
308
-246
89
-356
840
-769
298
5
71
-113
-59
282
-364
405
-351
99
248
-336
135
-79
238
-202
-226
618
-684
531
-497
536
-469
73
338
-612
587
-561
412
-395
249
-148
-100
186
-282
331
-516
417
-194
-44
-38
134
-115
-139
187
-140
69
-181
184
-82
-9
-112
179
-112
75
-112
205
-240
272
-251
134
69
-188
174
-152
306
-330
194
30
-36
-51
153
-82
73
-105
322
-330
168
50
-153
258
-329
449
-373
160
28
-152
235
-241
82
40
47
-80
-25
130
-117
66
-60
174
-310
323
-236
87
38
-186
268
-419
547
-438
178
-123
91
17
-171
124
57
-105
80
-86
224
-316
167
97
-176
228
-295
394
-360
237
6
-206
348
-255
200
-178
267
-277
220
9
-174
333
-264
205
-141
168
-98
21
-15
102
-97
-46
138
-128
101
-213
338
-341
228
-67
-123
262
-368
254
-124
5
-36
29
-68
57
-186
212
-227
83
-61
34
6
-249
400
-434
304
-221
206
-225
65
105
-160
62
-103
203
-222
105
-60
176
-297
249
-47
-26
68
-157
314
-300
133
50
-135
150
-122
161
-150
129
-17
-93
209
-260
309
-303
265
-108
-20
70
32
-110
92
-12
28
-69
54
12
-73
145
-207
263
-255
101
96
-218
234
-222
181
-35
-105
192
-185
176
-224
283
-237
209
-199
146
88
-202
138
-29
64
-208
358
-367
331
-232
112
-45
141
-166
133
14
-42
143
-274
374
-375
318
-231
201
-116
11
80
-224
404
-353
77
92
-19
-29
-119
189
-76
-147
164
-54
25
-149
136
-56
-39
23
-84
47
-26
-22
54
-202
270
-241
107
-40
-4
61
-277
309
-201
36
-32
64
-118
111
-126
126
-197
234
-212
128
24
-103
131
-230
379
-367
244
-139
85
93
-344
523
-469
250
-57
-35
186
-290
285
-196
160
-155
186
-102
4
172
-229
255
-221
160
-97
25
38
-62
70
-93
18
165
-319
317
-148
23
73
-161
324
-456
395
-299
316
-293
110
130
-200
115
-115
147
-137
29
-1
111
-223
177
-65
15
-3
-1
20
7
-25
22
-133
177
-146
49
-7
76
-141
162
-146
92
-61
-19
81
-102
170
-271
288
-230
193
-159
36
122
-97
-5
-43
225
-281
121
61
-71
130
-270
439
-360
137
26
10
-14
-67
254
-307
246
-86
51
-63
32
144
-176
62
85
-44
-73
150
-54
-25
59
18
-23
-38
109
-160
158
-171
140
-39
-99
153
-131
34
0
-47
54
-89
46
-55
81
-143
61
-14
-17
12
-110
129
-189
129
-117
-56
133
-172
127
-66
-24
92
-250
327
-329
223
-131
-19
168
-230
174
-181
199
-141
43
101
-202
215
-184
224
-243
132
68
-89
66
-2
78
-152
187
-97
14
69
-50
47
-2
19
1
-15
60
-21
16
2
-26
74
-141
87
46
-121
167
-114
13
71
-105
79
-109
35
59
-100
35
2
16
-110
147
-111
64
-69
57
-41
-11
43
-149
211
-186
166
-167
186
-129
-4
57
-59
33
-3
85
-167
208
-88
83
-138
195
-2
-127
161
-50
62
-209
264
-89
-16
9
10
161
-251
209
-89
26
14
15
5
-18
37
-8
-42
103
-104
-16
133
-184
107
-133
78
-17
-118
156
-160
115
-117
87
-97
-28
135
-246
237
-240
169
-171
28
91
-247
227
-205
170
-162
24
56
-125
107
-118
131
-123
120
-89
89
-123
127
-104
61
-40
6
101
-152
200
-236
287
-260
139
17
-38
28
-17
144
-159
141
-83
186
-190
104
58
-141
174
-164
166
-129
68
75
-130
101
-17
0
-7
11
77
-165
138
17
-90
94
-110
146
-108
64
-33
-20
58
-94
65
-39
24
1
-72
149
-95
-14
55
-43
41
-44
37
-17
6
-59
62
18
-92
119
-109
110
-66
8
28
-84
103
-40
39
-67
123
-166
128
-68
62
-81
14
96
-110
94
-158
178
-122
49
29
-17
38
-58
15
-15
0
-54
10
99
-152
177
-148
83
-70
-7
30
-44
65
-87
117
-120
101
-60
-15
24
-54
60
-41
22
-45
8
15
-51
52
-63
30
19
12
-28
29
-21
-11
3
-1
48
-114
128
-86
56
-50
24
-43
6
18
5
-29
34
24
-104
141
-119
126
-136
109
29
-75
18
-11
59
-102
67
-15
62
-133
84
37
-87
72
-8
33
-35
45
-6
-54
71
-7
23
-31
77
-49
-4
-55
39
12
-25
49
15
66
-116
115
-105
64
-67
83
-5
-9
74
-143
133
-149
95
-65
12
39
-56
57
-43
-14
-29
67
-74
50
16
-64
30
-9
3
-71
80
-70
-4
41
-77
69
-143
149
-74
-38
45
-13
-14
-35
79
-49
50
-67
66
-20
-37
7
20
45
-69
68
-12
-7
-22
-34
32
14
2
38
0
12
5
-34
24
-9
0
45
22
1
11
-40
32
-47
38
-33
32
-18
3
37
-52
17
-3
18
8
15
-25
22
-33
12
-52
61
-40
2
27
-53
108
-161
73
-23
-1
14
-38
83
-77
62
-42
59
-76
55
-53
37
25
-85
57
-24
54
-78
61
-47
68
-93
86
-35
5
24
-9
40
-42
58
-78
44
1
-26
-23
46
0
-16
-1
-13
45
-89
51
-31
11
11
-13
9
9
-13
-5
-1
-23
-10
15
-74
67
-47
-4
19
0
13
-47
39
-46
17
-35
11
-5
21
-10
20
7
-38
18
-13
-18
1
0
20
-26
47
-19
24
-18
47
-24
-3
12
22
-27
-34
123
-94
63
-35
70
-58
-11
80
-82
39
-30
91
-44
-6
72
-66
40
-11
-17
-12
-8
41
-58
46
17
-23
10
16
1
-54
16
-2
-14
34
-18
22
10
-29
15
-65
36
-34
5
-6
33
20
-29
19
-12
6
-11
-3
26
-5
0
43
-35
16
-9
13
-42
48
-6
-46
54
-30
37
-17
6
41
-30
39
-59
61
-48
13
-3
-1
53
-67
73
-44
-2
-6
-34
18
-61
38
-18
5
24
-24
42
-78
76
-89
23
-45
2
31
-40
63
-68
47
-35
-14
-61
34
-34
-10
5
26
-2
-11
22
9
-25
22
-5
-19
11
0
-27
21
12
22
-28
39
-2
-25
5
-40
44
-2
44
-29
105
-48
36
-12
-17
22
-26
15
31
-13
17
7
-10
19
-19
-4
16
-27
54
-48
31
31
-15
47
-55
57
-39
-23
-9
26
-33
42
-23
9
25
-78
48
-73
52
-19
-5
42
0
7
-53
41
-9
-40
-14
33
2
-35
2
15
-33
13
-16
37
-36
3
32
-58
46
-50
45
-22
36
-17
19
-22
-25
9
-43
6
-18
36
-9
13
29
-2
-26
10
-15
-8
6
-6
52
-56
49
2
-27
1
-33
34
-42
26
-16
6
15
15
11
10
-14
31
-30
4
0
-37
30
-2
30
-11
20
-10
-17
-2
-26
8
-5
26
19
15
18
-1
-32
21
-14
-20
-5
12
22
-36
32
-10
38
-85
62
-9
-28
16
-5
12
12
3
1
14
-29
26
-23
-32
37
-18
-18
40
-22
25
-39
29
-1
-18
2
2
32
-41
56
-25
36
-22
9
-1
-23
15
-41
44
-37
17
22
2
3
-2
0
14
-30
12
8
-15
28
-1
24
-14
6
-12
-12
-11
-40
6
-9
29
-7
5
34
-4
-31
5
-12
-28
9
-7
21
4
2
1
-6
-20
-10
-34
-3
1
7
-20
8
57
-68
50
-12
-3
5
-17
26
-41
33
-20
30
-21
20
10
-31
25
-38
15
-28
4
39
-4
21
37
-16
24
-28
-9
26
-51
56
-13
32
-11
15
-3
-27
16
-25
22
-28
33
6
-5
12
9
17
-26
22
4
-30
1
3
-14
22
-32
45
-23
-17
28
-56
15
-7
15
-12
25
-4
16
-22
2
-8
-7
-4
3
-6
-10
14
-14
8
-13
22
-29
17
-16
3
-9
-7
38
-6
22
-8
3
-1
-15
-12
-24
31
-6
15
4
10
10
-31
17
-20
10
-6
-8
50
-34
42
-28
30
-4
-18
6
-27
30
-40
10
11
8
4
-17
31
-17
3
-27
37
-13
-15
30
-9
4
-23
31
-43
25
-20
-10
-4
11
-21
10
-6
26
-15
16
-1
-4
-3
-12
9
-22
29
-17
14
-8
2
-25
29
-54
32
-6
8
7
18
6
-8
8
4
7
-41
46
-26
11
6
-13
8
-14
26
-33
18
4
-5
17
0
13
9
-10
18
4
-17
0
-12
10
-21
11
-3
15
-12
-2
11
-23
18
-30
22
-2
15
17
-2
-6
6
-8
-22
-8
-3
-2
-5
5
22
-35
9
-8
11
-10
-9
22
-4
19
-16
18
-16
11
-9
-2
14
-30
7
-18
12
-21
10
2
13
4
-5
34
-43
17
-5
8
-2
8
21
-14
12
-5
-7
-22
-6
-2
-3
13
-10
24
-14
31
-13
6
-16
17
0
-3
1
11
19
-37
35
-19
-2
-29
6
10
-28
19
8
13
-8
11
-3
1
-3
-19
27
-13
15
-12
14
-12
-1
-4
-11
2
-26
22
-26
32
-26
17
16
-4
26
-32
23
-15
-12
6
-5
-5
14
3
-9
18
-36
13
-21
8
-9
11
17
-6
16
11
-7
7
-11
10
-7
-17
11
-9
5
-14
29
-23
20
-17
-4
14
-26
26
-6
18
10
2
10
-18
6
-15
-6
-7
6
-3
-2
5
-7
6
-9
7
11
-17
23
-14
10
-6
-3
12
-11
13
-15
0
-18
-13
11
-27
11
9
6
13
-23
29
-21
-5
9
-5
12
-13
19
-3
-23
19
-35
10
-14
11
-2
-9
19
0
7
-12
26
-4
1
0
-3
12
-17
1
7
-4
10
-17
16
-16
0
3
-12
14
12
-2
17
9
-5
11
-28
16
-9
-4
-11
28
-18
4
2
-7
-7
6
-7
1
9
-2
6
-24
40
-22
-2
13
2
-13
-10
12
-21
-8
-2
9
-10
12
-3
-2
-6
3
-2
-21
30
-16
10
6
0
-4
-3
8
-22
12
-21
16
-21
16
1
2
-2
12
-4
-11
10
-13
17
-10
26
-5
3
2
1
-24
8
-2
-6
4
10
4
-9
1
2
-7
-7
21
-7
3
9
7
-4
-15
22
-15
-12
12
-5
-4
-12
12
-6
-9
2
2
-8
5
-6
13
-11
8
0
-5
-2
4
-5
-6
4
-4
-10
-1
-13
-5
2
-17
24
-7
14
-5
9
1
-16
10
-16
16
-7
11
-2
-2
1
-22
-2
-6
-3
-10
18
12
-5
10
-3
10
-4
-13
23
-16
7
7
-10
6
-5
-3
-11
8
-16
5
-14
4
10
-3
5
18
0
9
-3
-9
-2
-12
-3
-2
9
-4
1
-3
-6
-14
-4
-8
-3
11
5
13
-5
9
8
-20
7
-7
0
-5
-2
3
-5
-10
10
-19
13
-13
3
0
3
0
5
15
-10
16
-10
7
-6
-12
13
-16
4
-2
3
-4
-10
7
-6
5
3
-1
1
-1
11
-11
6
3
13
-8
3
11
-24
6
-25
16
-20
4
6
11
2
-1
10
-9
-1
-12
11
-12
19
-8
16
9
-16
12
-24
4
-25
4
1
0
8
6
10
-8
6
-18
8
-10
12
-10
20
-3
1
1
-3
-3
-14
7
-21
21
-25
13
5
-4
8
-6
10
-6
-1
0
3
2
3
-1
-3
5
-6
-3
-5
0
5
-9
3
2
-5
-6
6
1
9
-3
5
15
-14
3
-11
9
-13
12
-7
3
0
-5
2
-8
13
-17
19
-1
-3
4
2
4
-5
2
14
-12
5
1
-7
2
-2
-5
5
4
-10
12
-12
16
-12
8
10
-4
4
-5
-1
0
-9
0
5
3
0
3
5
-11
-2
-3
2
0
-1
