45
46
48
47
44
45
51
44
22
6
13
22
13
-7
-8
6
8
-16
-45
-56
-47
-32
-18
-13
-25
-48
-64
-60
-48
-43
-53
-73
-86
-84
-83
-94
-111
-109
-79
-46
-33
-35
-31
-19
-14
-20
-24
-15
-7
-10
-24
-36
-40
-39
-37
-34
-27
-15
-5
-5
-12
-13
-4
-3
-14
-21
-3
33
52
40
19
14
20
17
5
1
9
17
16
17
28
45
62
72
73
58
37
26
28
32
30
31
37
34
15
1
5
18
19
8
3
2
-8
-22
-22
-13
-18
-51
-82
-79
-46
-22
-27
-48
-52
-34
-17
-21
-37
-46
-39
-28
-29
-42
-51
-47
-38
-37
-48
-61
-68
-68
-64
-63
-72
-82
-81
-59
-37
-41
-68
-86
-76
-58
-63
-82
-85
-65
-49
-55
-66
-59
-32
-14
-20
-38
-50
-50
-48
-45
-36
-19
-8
-2
1
2
-7
-18
-18
-1
14
17
11
7
1
-11
-21
-25
-24
-14
10
30
17
-24
-46
-31
-14
-27
-50
-53
-48
-57
-66
-51
-25
-17
-27
-29
-22
-22
-30
-37
-54
-84
-100
-78
-37
-16
-25
-44
-56
-60
-49
-24
-9
-21
-31
-14
8
2
-23
-28
-4
15
8
-1
9
34
57
66
59
44
39
47
52
42
31
45
75
93
79
51
43
65
95
98
61
20
16
50
84
89
71
53
50
63
83
89
76
56
48
49
44
39
51
72
78
65
58
64
70
68
67
76
88
89
86
87
91
89
85
82
79
72
63
50
39
31
27
23
19
17
16
14
6
-2
-1
4
2
-9
-23
-33
-32
-23
-12
-5
-6
-12
-20
-23
-22
-21
-22
-20
-16
-11
-12
-19
-21
-13
-6
-4
-4
1
8
7
-6
-24
-36
-41
-38
-39
-41
-31
-12
3
-1
-17
-21
-15
-7
-4
-1
5
8
11
18
21
8
-8
-3
19
30
22
16
23
29
19
7
10
17
7
-9
-6
19
37
26
-6
-32
-35
-20
-2
9
14
15
12
9
7
12
22
33
41
42
37
28
18
6
-8
-18
-16
-8
1
6
7
-1
-13
-11
12
40
40
16
-4
0
14
19
16
10
4
5
10
12
0
-11
0
29
51
55
49
39
24
17
26
37
29
16
25
50
63
51
37
35
37
41
56
66
52
23
16
37
55
48
34
24
15
2
-5
-2
-3
-15
-31
-43
-54
-59
-56
-48
-45
-47
-52
-61
-73
-73
-51
-29
-32
-55
-76
-85
-84
-74
-62
-56
-52
-36
-10
5
1
-7
-5
-7
-20
-31
-26
-21
-29
-44
-56
-64
-69
-67
-61
-60
-56
-41
-26
-32
-53
-62
-54
-53
-63
-58
-41
-39
-55
-54
-24
1
-11
-29
-22
-2
-3
-18
-27
-21
-9
6
18
18
9
11
28
36
22
3
0
14
22
19
14
16
26
35
36
28
20
17
14
8
7
14
20
22
27
40
39
14
-13
-12
11
27
25
18
15
14
15
14
7
-8
-21
-17
5
29
48
56
48
36
34
48
61
62
61
62
55
44
50
73
79
52
21
14
20
13
7
27
58
59
27
1
4
21
31
27
17
9
21
55
84
78
43
11
4
11
17
22
26
27
19
7
0
0
5
12
10
-8
-34
-55
-58
-44
-30
-34
-52
-63
-51
-30
-23
-29
-31
-26
-28
-38
-40
-34
-40
-56
-62
-44
-24
-22
-26
-20
-9
-9
-18
-18
-7
0
-4
-17
-30
-39
-42
-36
-22
-9
-1
5
13
22
23
7
-20
-38
-32
-9
11
18
11
-7
-31
-51
-49
-28
-7
-6
-20
-33
-37
-40
-44
-42
-25
-5
-2
-13
-22
-17
-7
2
9
15
19
19
17
17
17
18
21
22
13
3
4
12
17
15
11
8
1
-2
4
7
-3
-13
-7
11
27
45
70
77
49
9
-2
12
24
29
38
41
19
-6
9
49
62
34
8
10
21
18
11
12
5
-16
-25
-7
16
16
0
-21
-37
-41
-30
-12
-5
-7
-3
5
-7
-29
-31
-9
4
-4
-11
1
21
27
17
1
-17
-26
-16
8
24
29
31
27
7
-21
-32
-25
-22
-33
-42
-43
-47
-55
-51
-37
-39
-65
-89
-84
-69
-66
-71
-60
-32
-17
-25
-42
-48
-42
-29
-13
-4
-11
-27
-33
-26
-19
-34
-65
-89
-84
-57
-30
-15
-15
-17
-20
-26
-32
-25
-9
4
0
-18
-48
-80
-98
-90
-61
-34
-26
-28
-31
-42
-58
-59
-38
-15
-4
-6
-6
-10
-16
-10
7
14
5
4
24
47
56
63
74
73
39
-2
-18
-13
-1
15
40
50
24
-19
-34
-17
2
9
13
12
-4
-31
-47
-45
-38
-31
-14
10
26
22
3
-20
-35
-39
-28
-9
11
24
26
17
8
0
-8
-11
4
40
70
72
46
15
0
12
47
84
98
81
56
40
39
46
52
40
15
4
23
45
30
-14
-39
-29
-6
8
15
19
18
26
50
63
34
-26
-75
-88
-73
-43
-12
-5
-29
-45
-25
1
-9
-36
-39
-33
-53
-74
-46
13
32
1
-30
-36
-41
-53
-48
-28
-19
-27
-28
-21
-29
-47
-44
-16
2
-6
-27
-54
-80
-80
-41
8
20
3
-1
18
24
5
-12
-11
-6
-4
5
22
29
17
1
-7
-9
-7
0
-1
-18
-32
-16
19
39
27
7
3
12
26
45
61
54
26
8
20
41
37
26
40
62
52
16
2
23
42
39
42
67
86
79
63
45
9
-33
-25
39
91
78
43
37
44
23
-20
-49
-51
-30
16
66
59
-18
-89
-78
-9
44
49
32
15
2
-3
-6
-20
-34
-15
30
49
23
-19
-48
-68
-75
-48
5
44
53
40
7
-49
-85
-51
26
62
42
27
33
17
-27
-48
-31
-15
-10
11
35
11
-48
-67
-25
22
47
78
108
81
2
-50
-31
12
38
63
93
84
28
-15
-10
1
-19
-39
-20
10
0
-47
-87
-94
-76
-51
-34
-30
-31
-26
-14
-10
-16
-17
-4
14
20
17
19
27
21
-21
-78
-91
-37
41
77
62
29
0
-31
-52
-48
-21
12
50
91
98
41
-52
-112
-109
-62
-2
50
66
31
-38
-103
-154
-178
-141
-38
66
94
47
-5
-27
-50
-92
-112
-62
44
128
128
47
-52
-107
-105
-74
-34
20
81
118
95
14
-82
-133
-102
-7
84
120
101
59
-2
-86
-162
-167
-79
53
156
188
140
33
-82
-149
-148
-92
-11
69
117
115
60
-26
-115
-171
-156
-58
87
200
214
121
-24
-133
-148
-79
16
87
123
117
61
-39
-140
-192
-171
-90
13
90
114
88
27
-53
-135
-175
-130
-6
133
204
165
35
-113
-204
-198
-107
21
137
197
168
63
-58
-129
-127
-72
0
70
124
141
99
4
-99
-143
-99
2
101
162
176
130
22
-108
-185
-162
-50
83
156
122
14
-82
-107
-87
-68
-37
50
163
200
118
-5
-73
-76
-57
-19
71
190
249
195
73
-36
-90
-83
-15
93
181
181
101
12
-36
-44
-32
0
62
137
186
169
82
-35
-104
-75
21
104
137
138
119
60
-27
-74
-42
29
82
115
138
121
40
-52
-71
-9
65
110
138
145
105
38
3
12
13
-1
32
124
179
128
32
-20
-45
-90
-115
-45
68
101
29
-56
-99
-117
-107
-36
50
58
4
-12
16
-21
-131
-181
-101
9
53
60
58
-9
-124
-149
-38
56
23
-36
4
61
8
-90
-103
-53
-35
-21
54
113
57
-46
-76
-68
-109
-124
-4
154
137
-46
-175
-141
-35
41
71
50
-18
-46
26
98
41
-73
-75
31
98
85
56
18
-71
-143
-101
-9
-1
-46
-11
74
62
-52
-128
-115
-72
-12
74
88
-53
-205
-181
-54
-39
-111
-80
37
43
-67
-101
-40
-60
-163
-155
-25
11
-85
-104
-3
-9
-172
-233
-62
110
94
28
47
34
-82
-124
3
104
38
-17
84
155
22
-140
-116
-6
5
-7
80
140
43
-57
9
88
-6
-111
2
189
172
14
-27
28
-8
-86
-12
142
147
48
64
157
100
-79
-121
11
96
70
78
128
69
-79
-124
-52
-27
-58
3
115
85
-75
-140
-63
-13
-36
-27
2
-46
-84
32
145
-2
-272
-286
-52
61
-40
-73
43
45
-141
-241
-131
-28
-36
4
108
53
-152
-193
-3
93
-48
-153
-51
46
4
-1
106
97
-94
-178
-30
79
-3
-22
152
218
-30
-295
-260
-68
9
23
102
116
-60
-220
-138
60
132
74
14
-31
-52
34
169
126
-104
-212
-61
84
30
-13
139
245
57
-219
-235
-40
83
100
148
156
-31
-258
-206
99
261
76
-183
-163
101
269
157
-62
-119
-6
59
-3
-14
131
239
111
-109
-142
-11
43
4
74
247
258
34
-156
-106
56
126
107
95
77
20
-9
47
126
138
78
2
-28
26
126
163
108
70
90
27
-168
-234
43
395
374
3
-254
-165
13
32
8
110
224
141
-86
-203
-101
75
119
13
-79
-35
54
59
43
117
134
-102
-354
-169
329
447
-23
-400
-176
173
31
-296
-162
246
232
-167
-274
32
153
-132
-310
-79
176
106
-67
-30
105
83
-100
-265
-262
-34
257
300
40
-158
-102
-101
-314
-299
195
560
229
-293
-252
50
-107
-437
-139
512
525
-75
-320
-36
14
-261
-128
380
342
-286
-444
136
421
-30
-351
-100
-15
-360
-265
460
638
-177
-706
-182
268
-220
-553
223
933
299
-653
-385
373
60
-728
-310
849
837
-283
-597
190
339
-556
-722
487
1204
233
-852
-400
590
382
-539
-536
303
551
18
-171
222
231
-366
-564
27
464
140
-191
145
494
58
-612
-480
235
432
-36
-241
155
364
-58
-418
-144
210
18
-250
94
599
369
-332
-475
4
173
-196
-263
273
569
134
-313
-157
74
-167
-332
191
770
480
-285
-430
37
157
-224
-246
317
561
6
-549
-363
85
71
-114
142
452
36
-726
-631
389
947
259
-660
-599
67
233
-87
-45
356
279
-327
-532
-65
221
-92
-259
158
369
-217
-764
-334
470
459
-240
-526
-145
136
-8
-114
29
84
-41
-66
-23
-187
-349
-60
428
401
-139
-443
-235
-19
-68
-57
122
103
-147
-161
126
150
-266
-501
-151
312
345
140
106
141
-43
-313
-324
-50
282
492
450
67
-438
-585
-196
320
462
180
-170
-238
29
330
268
-138
-376
-103
336
427
234
142
150
16
-117
30
218
34
-229
64
702
748
-31
-751
-666
-44
472
636
454
-14
-434
-384
-1
158
13
18
242
228
-80
-170
53
39
-329
-399
99
493
292
-64
-116
-137
-336
-246
332
623
39
-667
-429
460
754
55
-720
-660
116
795
761
85
-585
-631
-112
378
436
173
-145
-344
-250
108
283
-25
-342
-77
376
203
-358
-293
383
523
-190
-635
-140
453
337
21
134
216
-241
-621
-227
419
478
177
145
99
-483
-995
-435
802
1227
358
-672
-779
-175
293
304
111
-44
-144
-186
-67
236
444
164
-506
-825
-249
673
871
161
-552
-562
-150
103
109
42
-55
-78
168
482
293
-430
-859
-387
473
764
318
-240
-422
-265
-19
109
-22
-307
-341
69
480
320
-285
-628
-379
50
187
96
54
67
-3
-89
-75
-67
-174
-216
-11
252
290
164
51
-148
-464
-474
79
577
284
-405
-460
125
336
-137
-447
-138
133
-60
-127
286
448
-153
-711
-353
391
456
-81
-334
-97
97
78
142
246
36
-360
-372
98
457
259
-202
-310
75
435
222
-410
-684
-181
574
767
305
-253
-496
-407
-85
270
303
-48
-275
7
400
313
-143
-409
-314
-86
149
337
304
68
-54
-17
-165
-461
-350
226
558
341
135
206
23
-512
-620
-65
299
98
115
603
532
-450
-1003
-289
476
134
-391
114
869
514
-458
-666
-211
-157
-437
-161
550
791
433
28
-346
-808
-830
-8
894
911
328
-10
-132
-475
-693
-233
438
478
88
49
293
172
-226
-253
19
-84
-489
-343
515
1091
640
-298
-739
-540
-236
-27
327
737
711
189
-251
-342
-493
-742
-331
867
1491
539
-809
-803
135
270
-406
-326
596
677
-400
-797
272
1034
131
-1124
-986
78
614
492
388
198
-424
-871
-410
430
529
-173
-641
-162
782
1016
-2
-1286
-1249
171
1185
643
-357
-390
95
15
-286
-27
202
-312
-607
279
1112
381
-841
-626
403
309
-586
-473
457
504
-203
-113
534
144
-941
-850
347
739
17
-247
273
277
-402
-520
29
92
-308
-52
665
562
-218
-346
135
13
-571
-354
519
696
158
93
450
72
-840
-844
169
785
459
77
113
71
-204
-315
-266
-270
-15
633
859
139
-587
-342
252
158
-302
-298
-27
17
192
689
604
-501
-1360
-835
265
618
395
364
318
-129
-459
-311
-297
-571
-138
1120
1511
152
-1255
-971
172
483
91
45
201
-39
-184
268
467
-304
-990
-428
551
520
-161
-229
215
199
-210
-276
-154
-383
-495
185
975
714
-300
-800
-536
-279
-230
104
613
580
-35
-483
-429
-270
-229
-53
303
424
89
-336
-353
61
391
150
-463
-648
-50
619
531
-58
-326
-233
-309
-419
0
586
398
-342
-421
245
365
-411
-733
117
872
371
-567
-593
118
562
518
271
-241
-840
-678
402
1131
573
-408
-601
-242
-105
-11
380
476
-86
-366
247
626
-169
-919
-207
956
753
-316
-436
291
329
-257
-96
600
327
-651
-540
623
822
-299
-713
331
937
-20
-900
-248
748
543
-159
-37
386
-27
-692
-318
664
735
-167
-604
-2
584
286
-346
-396
44
249
52
-21
254
359
-134
-710
-540
239
661
334
-121
-205
-198
-316
-180
334
584
149
-427
-493
-181
108
337
431
85
-500
-552
58
469
198
-127
19
199
-17
-235
-90
88
42
69
227
83
-310
-285
200
356
-36
-283
-102
43
94
417
560
-218
-1128
-606
892
1179
-150
-1008
-330
376
-6
-333
283
652
-135
-847
-366
320
118
-168
308
553
-322
-1113
-495
626
716
88
-134
-92
-357
-398
238
589
-78
-640
-12
739
212
-770
-594
337
486
-86
-143
282
150
-393
-277
375
415
-191
-345
149
332
-89
-325
-31
247
246
257
193
-276
-694
-266
628
758
-38
-643
-478
-118
56
340
582
121
-710
-612
524
1077
180
-825
-518
417
531
-54
-229
69
73
-145
54
357
-56
-744
-443
654
898
-179
-986
-379
590
484
-321
-557
-125
164
149
249
287
-190
-742
-497
337
659
170
-276
-121
188
135
-134
-276
-226
-13
292
403
144
-178
-236
-223
-357
-293
218
588
237
-314
-238
191
126
-312
-300
175
342
46
-90
117
175
-100
-336
-350
-273
-51
396
691
411
-215
-639
-672
-356
294
878
688
-190
-679
-243
287
131
-244
-156
98
34
-60
139
226
-64
-238
-79
-186
-650
-492
590
1260
492
-768
-1113
-659
-270
47
586
795
151
-617
-549
-13
31
-308
-204
358
626
348
-30
-225
-352
-435
-326
-10
362
554
312
-278
-562
-109
428
157
-515
-388
490
791
106
-384
1
323
-159
-624
-239
349
299
125
498
663
-284
-1414
-1089
437
1293
706
-210
-407
-154
-62
-134
-168
-181
-107
223
583
514
26
-397
-479
-326
-67
193
273
200
230
254
-188
-871
-797
218
915
427
-349
-285
177
68
-304
-105
323
113
-440
-385
200
475
310
165
3
-420
-685
-290
378
615
422
172
-99
-366
-361
-145
-84
8
548
965
328
-763
-773
191
519
-59
-169
450
508
-190
-345
184
144
-396
-50
849
471
-893
-897
650
1259
99
-774
-300
106
-227
-106
606
489
-361
-278
527
145
-1073
-751
958
1261
-302
-1065
-65
586
-80
-428
169
272
-345
-179
669
434
-648
-509
679
601
-750
-872
588
1128
-71
-860
-159
455
29
-282
159
365
-46
-185
139
117
-221
-64
396
288
-177
-185
67
-20
-72
324
449
-157
-502
42
389
-185
-491
290
800
-30
-837
-233
659
335
-381
-105
440
-34
-739
-206
923
908
-182
-772
-368
99
125
152
371
375
11
-364
-496
-441
-199
282
679
402
-528
-1081
-351
940
1033
-366
-1368
-600
662
603
-197
-17
771
367
-1081
-1509
-328
850
1012
768
402
-554
-1514
-1092
414
1110
440
-165
63
208
-288
-615
-219
308
386
139
-203
-407
-35
732
745
-411
-1297
-681
428
475
-91
72
631
303
-670
-919
-300
141
149
357
709
473
-275
-621
-309
-60
-283
-419
115
909
963
3
-974
-915
-159
150
-64
177
872
756
-389
-1010
-359
216
-216
-470
360
939
100
-815
-271
641
161
-922
-674
581
902
22
-501
-23
439
109
-533
-698
-196
528
766
258
-302
-191
119
-219
-731
-314
632
694
-49
-206
303
121
-796
-849
305
991
365
-286
-9
292
-159
-526
-61
470
269
-77
149
423
42
-486
-324
250
373
25
-115
94
134
-148
-250
70
308
26
-367
-246
217
325
20
-104
87
67
-263
-272
237
549
217
-215
-221
-125
-260
-228
275
670
327
-413
-745
-441
132
558
539
32
-507
-488
-11
239
46
-63
220
381
-71
-657
-436
574
1123
339
-848
-842
226
664
10
-227
562
726
-597
-1437
-229
1198
651
-602
-287
695
214
-871
-449
642
306
-580
38
1055
236
-1172
-627
728
268
-860
-11
1428
485
-1400
-818
1059
671
-1023
-446
1443
826
-1506
-1410
898
1393
-262
-693
391
140
-1201
-629
1376
1358
-651
-1264
4
413
-433
-292
830
739
-422
-552
199
82
-445
182
1021
290
-906
-488
665
500
-369
-250
261
-103
-479
183
724
133
-344
104
92
-765
-467
1283
1577
-593
-1948
-388
1371
656
-778
-405
717
492
-487
-641
-158
215
611
754
-145
-1260
-778
781
1068
-60
-464
189
106
-789
-605
679
999
35
-441
-88
-246
-777
-245
923
886
-231
-668
-247
-183
-377
68
579
163
-385
-27
324
-269
-553
421
901
-459
-1557
-266
1570
1169
-491
-774
-35
-248
-873
-66
1424
1365
-71
-905
-762
-648
-422
541
1298
657
-503
-676
-284
-428
-501
397
1122
215
-1193
-962
524
1055
162
-595
-461
-227
-310
-187
252
447
256
-30
-438
-922
-800
189
948
498
-391
-449
30
-22
-434
-316
103
5
-244
242
921
539
-614
-1086
-573
0
342
791
924
128
-863
-907
-321
34
459
1188
920
-848
-1792
-170
1608
618
-1315
-609
1529
1044
-1548
-1804
796
1931
48
-1325
-221
750
-122
-661
448
981
-330
-1173
15
1181
465
-735
-666
0
123
45
168
79
-91
230
460
-233
-905
-297
587
241
-356
314
1052
99
-1233
-812
358
259
-246
417
908
-320
-1335
-151
1056
-174
-1613
-298
1685
869
-1146
-726
1034
582
-1350
-1302
496
1024
181
228
961
414
-936
-1109
-332
61
525
1587
1585
-342
-1718
-667
644
37
-643
633
1772
391
-1420
-726
930
482
-1081
-787
864
1149
86
-157
463
177
-925
-1029
81
800
475
35
64
99
-214
-557
-523
-102
321
293
-96
-174
264
469
-63
-718
-807
-494
-6
777
1294
543
-928
-1255
-231
277
-262
-101
1202
1439
-289
-1566
-647
620
267
-477
89
894
329
-648
-430
327
235
-228
23
503
276
-250
-339
-219
-127
292
679
26
-1173
-1049
551
1492
700
-374
-516
-394
-530
-173
725
879
10
-488
-86
40
-518
-541
345
810
300
-60
136
-191
-1099
-981
479
1266
271
-856
-551
248
134
-368
-201
216
99
-56
393
715
77
-753
-552
333
592
-18
-523
-249
513
997
568
-675
-1580
-979
651
1575
1100
263
-94
-370
-787
-589
406
1050
691
288
556
595
-349
-1216
-752
456
1032
794
385
-15
-359
-258
147
0
-668
-619
423
1035
467
-169
-134
-333
-1133
-1202
27
1030
781
354
473
45
-1242
-1596
-236
902
488
17
689
1041
-92
-1151
-751
-156
-474
-334
1164
2059
748
-1138
-1604
-1274
-1154
-356
1413
2058
451
-1213
-965
-143
-450
-858
-58
838
627
318
720
499
-980
-1772
-655
570
400
235
1233
1614
-131
-2127
-1989
-427
608
1072
1608
1370
-312
-1865
-1519
-2
781
517
218
311
457
441
182
-379
-883
-783
-138
562
1084
1138
220
-1213
-1553
-363
545
-41
-622
328
1465
861
-668
-1190
-901
-890
-467
1167
2288
1029
-1046
-1197
39
129
-897
-837
546
1345
937
371
-187
-1308
-2057
-937
1226
2066
1131
69
-243
-428
-761
-774
-444
-52
656
1619
1667
173
-1491
-1694
-722
200
773
1146
942
209
-142
-33
-589
-1659
-1245
1108
2805
1915
-25
-879
-983
-1199
-644
1050
1839
487
-811
-11
1077
17
-1745
-1344
567
1239
548
369
632
-82
-1124
-788
202
-39
-748
162
1824
1463
-759
-1899
-1010
-2
183
527
1061
617
-361
-206
623
14
-1725
-1819
398
2207
1632
-128
-1253
-1531
-1178
-69
1022
768
-391
-518
645
1097
-156
-1552
-1488
-344
800
1516
1425
162
-1348
-1418
-98
645
-48
-637
199
1442
1379
-30
-1516
-2099
-1427
337
2088
2270
674
-1077
-1479
-752
37
434
535
401
221
312
429
-68
-933
-989
82
1024
830
156
17
184
-34
-368
-202
175
171
88
439
688
58
-903
-998
-272
197
140
242
571
413
-274
-691
-594
-462
-232
606
1501
1095
-545
-1591
-958
313
885
824
646
138
-729
-985
-36
1075
994
-71
-895
-984
-682
-114
782
1439
990
-518
-1907
-1977
-554
1372
2360
1657
-95
-1486
-1688
-935
95
818
820
152
-494
-556
-378
-531
-685
-130
815
1065
347
-549
-1000
-980
-441
552
1200
759
-210
-588
-467
-734
-1155
-606
771
1423
698
-351
-736
-611
-248
478
1159
932
-20
-444
55
423
-19
-494
-112
804
1296
847
-353
-1423
-1144
689
2413
2175
334
-1037
-818
265
1199
1602
1235
163
-635
-252
627
660
62
186
1045
1166
78
-888
-663
304
1156
1532
1157
5
-943
-591
492
727
-10
-275
382
631
-326
-1338
-998
526
1979
2255
839
-1707
-3354
-2152
1154
3279
1962
-1446
-3617
-2740
56
2108
1633
-756
-2639
-2264
-379
860
478
-602
-1175
-1063
-751
-624
-733
-774
-310
472
551
-620
-1937
-1761
-107
1259
1020
-253
-1056
-681
248
528
-400
-1709
-1836
-313
1356
1262
-634
-2414
-2366
-653
1136
1594
594
-785
-1297
-696
122
248
-147
-169
504
1055
448
-1200
-2409
-1738
557
2577
2690
1123
-587
-1260
-765
444
1691
2192
1578
405
-381
-417
52
793
1543
1648
671
-652
-919
341
2167
3278
3116
1907
427
-286
291
1538
2344
2325
1888
1345
778
612
1352
2587
3108
2375
1241
883
1501
2321
2505
1824
806
343
847
1647
1561
252
-1218
-1415
-59
1576
1860
453
-1314
-1876
-1136
-410
-708
-1624
-2086
-1751
-1306
-1627
-2847
-4157
-4521
-3810
-3109
-3498
-4658
-5253
-4706
-3903
-3982
-4982
-5974
-6089
-5276
-4362
-4370
-5375
-6191
-5769
-4735
-4656
-5759
-6379
-5130
-2900
-1995
-3558
-6159
-6974
-4495
-368
1735
-269
-4400
-6350
-3825
1217
4609
3838
111
-2841
-2087
1786
5333
5902
4245
3031
3518
4746
5552
6012
6685
7519
7959
7611
6692
6226
7432
10200
12507
12342
10160
8445
8846
10644
12140
12538
12221
11921
12012
12168
11767
11025
11322
13482
15949
15975
12956
9611
9257
12381
16163
17016
13624
8148
4571
5194
8421
10269
8102
2698
-3009
-6503
-7241
-6661
-7051
-9845
-14579
-19496
-22988
-24343
-23742
-22365
-22145
-24288
-27793
-30173
-29935
-27880
-25953
-25420
-26211
-27324
-27495
-26051
-23407
-20525
-17903
-15484
-13436
-12213
-11567
-10213
-7079
-2672
1194
2988
2719
1873
2197
4213
6662
7623
6396
4160
2739
2904
3975
4729
4449
3202
1550
192
-255
512
2159
3677
4082
3424
2962
4025
6691
9701
11637
12146
12187
13217
15885
19320
21890
22876
23142
23900
25204
26180
26499
26864
27898
29154
29583
28731
27242
26260
26347
26845
26446
24701
22732
21881
21732
20306
16598
12218
9763
9642
9176
5217
-2280
-9473
-11901
-9196
-6350
-9280
-18456
-27451
-28812
-21595
-12699
-10466
-16869
-25799
-28973
-23751
-15469
-12049
-16231
-23223
-25911
-21865
-14995
-10893
-11309
-13199
-12562
-8655
-4311
-2353
-2289
-1100
2870
7677
9881
8417
5768
5386
8247
11965
13101
10430
6011
3012
2584
3129
2426
-185
-3815
-7367
-10302
-12404
-13505
-13592
-13085
-12914
-13996
-16155
-17695
-16745
-13340
-9659
-7852
-7967
-8238
-7001
-4049
-520
2162
3404
3843
4614
6179
8100
9849
11361
12669
13506
13679
13582
13918
14873
15786
15729
14469
12770
11598
10975
9888
7561
4579
2408
1806
1899
967
-1773
-5059
-6472
-4860
-1839
-338
-1480
-3276
-2652
1442
6930
10426
10377
8792
9614
14737
21758
26235
26006
22920
20793
22250
26730
30480
29227
22455
14758
11529
13308
15507
13315
5687
-4561
-12589
-14332
-10234
-6309
-8815
-17324
-25161
-27021
-23932
-20522
-20105
-23082
-27467
-29859
-28174
-24351
-22225
-22199
-20775
-16237
-11655
-10412
-11302
-10134
-4557
4037
11696
14249
10961
6888
8807
17213
24946
25433
19772
13976
11925
13086
14702
13914
9688
4536
2205
2245
-198
-7145
-13657
-14101
-9959
-7816
-11176
-17436
-21711
-20946
-15620
-10059
-9637
-14807
-19113
-16033
-6910
676
1700
-1788
-4413
-3056
1419
5830
7619
7197
7286
9294
11330
10824
8116
6082
6828
9736
12144
11415
7333
2888
1502
3128
4515
3460
822
-1963
-4875
-7845
-9562
-9195
-7752
-6820
-7280
-9438
-12414
-13244
-9281
-2214
2734
2617
-208
-1272
1877
8648
15855
19195
17327
14554
16343
22233
26663
26680
24697
23585
23531
24127
24837
22955
16367
9064
7971
12672
14323
7229
-4073
-11730
-13006
-9421
-3825
-1608
-8233
-20885
-28184
-23425
-13412
-9407
-13943
-21365
-26467
-27017
-22165
-14474
-10227
-12131
-14797
-12408
-7145
-4506
-4042
-1106
4921
10362
13131
13563
11846
9772
11991
19643
25644
22756
14006
8648
9845
12916
13842
12438
8490
2017
-3177
-3132
-667
-2130
-7549
-10954
-10502
-10808
-14126
-16502
-15027
-12590
-12564
-14020
-14874
-15103
-14372
-10970
-5818
-3448
-5948
-9265
-8407
-3637
1049
3247
3506
3196
3232
3861
4403
4102
3670
4548
6358
6864
4887
1742
-481
-756
581
1816
600
-3471
-7490
-8292
-6409
-5091
-5992
-7885
-9103
-9147
-8171
-6732
-5732
-5200
-3820
-959
1975
3570
4383
5580
7323
9789
13536
17392
18727
17659
17816
20793
23452
23348
22797
24193
25448
24091
21732
19994
16532
10551
7543
11542
16408
12671
780
-9886
-13171
-10195
-3963
1700
-56
-12555
-26939
-29445
-18613
-7192
-5905
-13249
-22112
-27625
-26624
-18215
-8165
-5236
-10042
-14164
-12352
-8113
-5056
-1158
4699
8477
7711
5882
6256
7874
10656
16783
23297
21835
11033
1460
2213
9483
14106
13327
8875
992
-7951
-10620
-4176
2682
414
-8262
-13984
-14555
-14247
-13618
-10129
-6483
-8375
-14614
-18070
-16163
-12710
-9839
-6088
-2644
-3492
-7921
-9736
-5750
445
4497
5934
5705
4131
2759
3880
6881
8580
7928
6909
6544
5681
4066
3091
3084
2993
2703
2542
1003
-3396
-8215
-8946
-5187
-1598
-2127
-6078
-10132
-11551
-9257
-4537
-1072
-1829
-5316
-6662
-2809
4454
10465
11892
9615
7992
10322
15048
18266
19521
21942
26397
29498
28444
23963
17592
10591
6493
8955
15136
17360
14061
12332
15890
17703
10210
-3268
-13381
-15818
-11983
-4691
386
-4704
-19873
-32060
-29269
-16065
-7278
-9799
-18347
-25462
-26938
-20575
-8862
-1046
-3935
-12084
-14670
-9717
-3626
347
3922
6474
5622
3977
6155
10331
11510
11251
14395
18084
15070
7123
3766
7370
10602
9343
6835
4014
-2315
-9508
-9500
-2788
-468
-7790
-16448
-18159
-15476
-13600
-11677
-8863
-9617
-15431
-19150
-15072
-8008
-5305
-6170
-5838
-4437
-4453
-4302
-1439
2040
3087
3310
5415
7755
7654
6622
7292
8598
8574
8372
9105
8414
4680
1034
690
1787
1086
-829
-2347
-4897
-9428
-12415
-10568
-6755
-6216
-9147
-11630
-11785
-10529
-8101
-4330
-1135
-737
-2028
-1827
901
4568
7780
10457
12897
15208
17078
17741
17418
18358
22055
25973
26222
23154
20724
20681
21392
21762
21479
18190
10490
3469
4238
10876
12996
5329
-5894
-12220
-11923
-7640
-2519
-1651
-9505
-21661
-26102
-17779
-6015
-2861
-9622
-18967
-24260
-22307
-13228
-2989
-593
-7424
-14144
-12536
-5092
1235
4430
5666
4661
2534
3444
7839
9977
7403
6091
10082
13354
9489
2641
575
2768
3936
3621
3366
103
-7795
-12979
-8399
-213
-518
-9857
-17675
-18158
-14979
-11752
-8590
-7714
-11941
-16898
-14536
-5689
-142
-2790
-8038
-9458
-6988
-2910
1711
4574
3065
-455
-409
3627
6351
5324
3844
4352
5331
5776
6572
6554
3472
-374
-34
3643
4162
-656
-5655
-6872
-6369
-6544
-6349
-5725
-7393
-11151
-12201
-8536
-4751
-5032
-7102
-6684
-3844
-1302
166
1307
2119
2890
5188
9407
13212
14314
13323
12747
14501
18646
22977
24228
21729
19102
19951
22970
24012
21614
17458
13168
10232
10944
14851
16130
9809
-415
-5796
-3343
1829
3951
1297
-5426
-13416
-16947
-12306
-4154
-1671
-7696
-16197
-20429
-18875
-13633
-8257
-7075
-11351
-16000
-14873
-8919
-4283
-3451
-3789
-3581
-3286
-1742
2293
5611
4353
1450
2917
7476
8098
3754
889
2388
3924
2772
1454
629
-2723
-7372
-7089
-1477
1116
-4038
-10722
-11678
-8455
-6259
-5842
-5983
-7793
-10900
-10884
-6135
-2301
-4481
-9433
-10689
-7346
-3069
-283
173
-2358
-5833
-5444
-145
4601
4304
1504
741
2023
3265
4568
5800
4496
662
-941
2008
4563
1901
-2995
-4534
-3171
-2934
-4051
-4216
-4152
-5710
-6979
-5317
-3090
-4382
-7669
-7712
-3719
-121
216
-1251
-2278
-1812
1036
5953
9803
9686
7221
6805
10212
15423
19572
20696
18289
14763
14462
18501
22528
22113
18119
14246
12092
11573
13049
15358
14625
9120
2960
1121
2967
4434
4050
2748
239
-3787
-6773
-6158
-3835
-3757
-6402
-9221
-10922
-11682
-10914
-8616
-7318
-8998
-11595
-11880
-9946
-7733
-5520
-3344
-3104
-5316
-6481
-3871
-215
652
-201
180
768
-807
-2651
-1635
345
-648
-3368
-3613
-1981
-2594
-5206
-5637
-3642
-3352
-5602
-6619
-5111
-4212
-5197
-5369
-3771
-3237
-4896
-5879
-4512
-3101
-3515
-4224
-3687
-2857
-2593
-2058
-1145
-1162
-1971
-1658
19
1025
539
-89
-252
-634
-729
610
2044
1000
-1760
-2760
-1271
-95
-592
-1113
-933
-1402
-2425
-2052
-544
-661
-2786
-3819
-2213
-297
-198
-1016
-1378
-1427
-1065
578
2797
3476
2533
2279
3709
5340
6153
6723
7201
7218
7774
9943
12011
11482
9527
9555
11701
12927
12313
11791
11815
11005
10006
10763
11891
10024
6132
4990
7590
9491
7852
4829
2801
1503
1169
3047
5226
3447
-2000
-5406
-3697
-408
290
-1498
-4247
-7473
-9339
-7175
-2784
-1970
-6314
-10489
-10168
-7315
-5225
-3920
-3351
-5314
-8797
-8997
-4741
-1512
-3218
-6324
-6341
-4699
-4486
-4585
-3299
-3013
-5639
-7691
-5666
-2535
-3018
-5793
-6382
-4810
-4275
-4690
-3694
-2228
-3074
-5140
-4886
-2521
-1442
-2243
-2353
-1198
-835
-1625
-1758
-1047
-1113
-1828
-1401
-19
195
-1105
-2104
-2050
-1815
-1507
-559
107
-954
-2806
-3091
-1672
-562
-604
-962
-1435
-2465
-3146
-2128
-313
71
-1050
-1655
-979
-210
106
716
1669
2051
1929
2322
3157
3329
2893
3140
4311
5155
4983
4504
4460
4911
5842
7047
7579
6778
5661
5891
7534
9090
9450
8655
7268
6210
6575
8218
9172
7896
5480
4259
4908
6242
7102
6966
5586
3651
3021
4583
6555
6554
4692
3020
2667
3198
4007
4518
3705
1337
-836
-976
228
555
-701
-2460
-3956
-5153
-5560
-4788
-3967
-4636
-6360
-7343
-7158
-6900
-6914
-6499
-5872
-6171
-7302
-7826
-7343
-7027
-7376
-7449
-6913
-6832
-7592
-7954
-7158
-6267
-6250
-6308
-5469
-4421
-4254
-4497
-4042
-3108
-2646
-2461
-1691
-718
-762
-1660
-1847
-780
273
309
-105
-231
-359
-762
-789
-85
385
-247
-1252
-1443
-1020
-1000
-1446
-1650
-1576
-1772
-2164
-2227
-2111
-2334
-2614
-2276
-1582
-1423
-1814
-1937
-1516
-936
-228
777
1512
1309
805
1278
2684
3808
4216
4512
4768
4485
4136
4894
6542
7444
7000
6404
6511
6770
6840
7359
8309
8379
7073
5835
5926
6587
6502
5759
5102
4444
3519
2960
3294
3676
3033
1850
1457
2024
2544
2488
2232
2068
1932
2022
2612
3244
3079
2167
1526
1759
2306
2332
1707
838
45
-491
-634
-566
-881
-1897
-3064
-3558
-3397
-3420
-4106
-4986
-5471
-5635
-5797
-5937
-6063
-6551
-7439
-7917
-7403
-6649
-6772
-7559
-7879
-7459
-6989
-6652
-5973
-5141
-4943
-5204
-4789
-3505
-2482
-2234
-1900
-1009
-395
-554
-602
156
997
1124
955
1038
927
284
-72
510
1175
803
-278
-1016
-1227
-1314
-1214
-838
-852
-1759
-2806
-2949
-2358
-1935
-1890
-1865
-1896
-2148
-2171
-1493
-569
-151
-77
336
1090
1640
1936
2388
3003
3469
3878
4553
5273
5460
5132
4984
5460
6268
6856
6943
6556
5935
5496
5614
6242
6800
6588
5480
4213
3731
4158
4681
4550
3788
2797
1860
1345
1626
2317
2332
1305
253
124
524
663
655
891
990
559
223
619
1143
1002
710
1093
1583
1117
110
-197
175
223
-170
-409
-751
-1813
-2893
-2762
-1909
-2011
-3274
-4264
-4348
-4296
-4458
-4352
-4207
-4884
-5978
-6015
-4903
-4251
-4810
-5482
-5363
-4932
-4625
-4032
-3209
-3075
-3710
-3861
-2907
-1856
-1608
-1667
-1397
-1148
-1267
-1232
-662
-132
-148
-313
-240
-318
-810
-1123
-773
-283
-403
-1078
-1769
-2203
-2280
-1887
-1312
-1272
-2019
-2878
-3039
-2439
-1621
-1140
-1264
-1826
-2210
-1865
-938
-92
260
232
143
320
997
1987
2686
2817
2854
3296
3937
4353
4599
4887
5077
5101
5329
5874
6115
5650
5105
5205
5646
5710
5411
5123
4712
4016
3570
3807
4082
3565
2602
2105
2083
1910
1580
1505
1469
1016
513
618
994
786
126
-90
275
515
388
275
168
-276
-718
-427
362
562
-148
-937
-1160
-1043
-861
-559
-402
-952
-2019
-2593
-2204
-1561
-1464
-1886
-2431
-2945
-3264
-3054
-2414
-2052
-2415
-3074
-3347
-3122
-2712
-2337
-2098
-2137
-2408
-2535
-2238
-1720
-1390
-1347
-1392
-1379
-1298
-1147
-952
-855
-967
-1173
-1239
-1134
-1069
-1217
-1519
-1819
-2046
-2184
-2205
-2168
-2302
-2756
-3307
-3558
-3430
-3230
-3200
-3303
-3472
-3719
-3856
-3542
-2831
-2288
-2254
-2370
-2136
-1571
-962
-335
334
791
897
1086
1802
2746
3274
3367
3545
3996
4441
4771
5138
5437
5400
5214
5389
5910
6172
5886
5449
5261
5246
5229
5226
5145
4711
3981
3452
3399
3478
3269
2811
2349
1916
1503
1277
1310
1336
1096
715
451
302
132
10
77
205
103
-245
-572
-699
-706
-688
-644
-645
-860
-1280
-1597
-1566
-1341
-1261
-1410
-1604
-1739
-1865
-1936
-1801
-1536
-1450
-1636
-1808
-1742
-1590
-1537
-1472
-1284
-1162
-1265
-1358
-1174
-894
-831
-896
-801
-609
-578
-641
-564
-457
-590
-817
-773
-569
-664
-1078
-1385
-1458
-1582
-1812
-1909
-1951
-2312
-2902
-3172
-3022
-3000
-3370
-3722
-3769
-3798
-3998
-4061
-3854
-3773
-3988
-4022
-3564
-3090
-3073
-3171
-2847
-2258
-1850
-1552
-1078
-617
-457
-289
356
1220
1660
1688
1897
2453
2942
3197
3507
3929
4161
4190
4399
4835
5041
4860
4763
5078
5446
5425
5137
4935
4854
4788
4838
5019
4968
4429
3782
3602
3852
3976
3685
3201
2774
2424
2192
2162
2176
1893
1306
837
733
716
437
-2
-285
-393
-557
-846
-1141
-1419
-1737
-1969
-1954
-1872
-2124
-2713
-3135
-3055
-2750
-2668
-2854
-3080
-3236
-3268
-3014
-2491
-2122
-2236
-2498
-2312
-1668
-1102
-887
-807
-674
-546
-350
98
611
703
360
162
434
790
804
603
451
255
-69
-243
-111
-65
-476
-1052
-1315
-1355
-1562
-1893
-2051
-2140
-2483
-2957
-3149
-3092
-3195
-3493
-3617
-3519
-3563
-3812
-3886
-3654
-3459
-3466
-3382
-3067
-2835
-2856
-2786
-2355
-1838
-1565
-1397
-1084
-751
-573
-327
232
854
1138
1186
1408
1859
2257
2537
2885
3274
3470
3507
3685
4045
4288
4311
4376
4620
4798
4703
4519
4494
4585
4630
4631
4599
4393
3975
3634
3652
3854
3801
3353
2790
2403
2233
2193
2161
1947
1430
802
450
490
580
356
-146
-606
-833
-875
-859
-908
-1139
-1530
-1832
-1818
-1611
-1582
-1861
-2189
-2288
-2184
-2068
-2028
-2067
-2202
-2355
-2321
-2033
-1753
-1755
-1922
-1918
-1671
-1409
-1264
-1152
-1037
-994
-958
-751
-424
-270
-362
-414
-228
13
95
99
154
168
63
24
194
363
267
21
-106
-125
-213
-332
-346
-376
-647
-1048
-1264
-1270
-1323
-1510
-1686
-1838
-2096
-2387
-2464
-2348
-2327
-2497
-2634
-2624
-2617
-2670
-2611
-2389
-2205
-2159
-2081
-1880
-1702
-1598
-1372
-941
-536
-347
-227
22
366
702
1078
1506
1813
1916
2016
2311
2687
2938
3077
3212
3316
3329
3335
3422
3505
3475
3402
3372
3308
3127
2935
2864
2846
2736
2541
2346
2156
1968
1866
1869
1805
1558
1278
1174
1207
1199
1097
972
837
707
676
770
811
643
395
303
371
400
289
97
-111
-294
-384
-374
-429
-687
-1041
-1256
-1283
-1282
-1379
-1569
-1795
-1980
-2029
-1932
-1847
-1908
-2040
-2068
-1959
-1813
-1689
-1587
-1511
-1445
-1311
-1079
-862
-758
-695
-561
-380
-248
-169
-89
-27
-17
-27
-27
-75
-208
-337
-403
-499
-723
-1007
-1232
-1399
-1569
-1736
-1906
-2154
-2467
-2671
-2677
-2644
-2733
-2865
-2891
-2842
-2798
-2702
-2495
-2290
-2174
-2012
-1682
-1328
-1129
-971
-639
-192
162
415
693
972
1165
1369
1719
2081
2221
2198
2257
2430
2541
2558
2599
2640
2556
2392
2318
2314
2219
2059
1997
2003
1894
1682
1566
1588
1587
1520
1498
1515
1450
1357
1413
1581
1623
1502
1442
1542
1638
1623
1592
1590
1526
1407
1382
1449
1399
1155
910
818
768
616
389
167
-62
-297
-468
-581
-762
-1059
-1337
-1479
-1534
-1605
-1716
-1838
-1946
-1992
-1936
-1829
-1766
-1744
-1673
-1524
-1358
-1200
-1030
-859
-708
-538
-319
-124
-24
43
177
340
426
429
423
408
353
297
270
188
-20
-257
-400
-511
-721
-991
-1199
-1364
-1577
-1802
-1951
-2085
-2293
-2476
-2489
-2426
-2494
-2652
-2671
-2515
-2366
-2288
-2168
-1989
-1861
-1747
-1474
-1073
-805
-740
-629
-304
74
317
487
689
868
967
1110
1374
1592
1609
1554
1644
1832
1907
1847
1810
1844
1863
1855
1899
1959
1911
1793
1788
1938
2062
2043
1989
2015
2077
2112
2173
2288
2359
2315
2261
2306
2376
2350
2269
2236
2208
2075
1875
1743
1669
1527
1285
1040
823
567
282
61
-110
-373
-759
-1111
-1304
-1422
-1601
-1850
-2099
-2318
-2499
-2589
-2576
-2561
-2638
-2755
-2777
-2666
-2505
-2380
-2287
-2170
-2000
-1788
-1564
-1348
-1140
-941
-732
-491
-227
-4
126
212
354
569
759
860
904
932
926
888
881
925
934
839
692
559
425
273
162
117
37
-163
-421
-608
-704
-765
-813
-872
-1010
-1214
-1350
-1323
-1230
-1223
-1305
-1378
-1401
-1385
-1314
-1201
-1148
-1210
-1267
-1180
-995
-869
-844
-838
-801
-749
-657
-500
-344
-283
-287
-238
-102
46
156
249
351
447
538
653
800
955
1092
1213
1329
1457
1600
1750
1894
2029
2153
2259
2358
2475
2606
2688
2691
2668
2689
2749
2784
2757
2665
2511
2343
2241
2208
2128
1917
1630
1374
1178
1011
853
658
356
-12
-290
-422
-546
-791
-1099
-1355
-1564
-1755
-1872
-1909
-2005
-2219
-2390
-2377
-2291
-2296
-2349
-2317
-2233
-2193
-2134
-1962
-1771
-1694
-1661
-1511
-1283
-1131
-1046
-903
-717
-602
-536
-401
-216
-105
-66
11
128
192
212
276
353
340
257
218
238
229
169
106
33
-87
-201
-222
-197
-239
-357
-457
-499
-520
-535
-538
-559
-627
-693
-697
-667
-673
-716
-754
-772
-769
-734
-697
-718
-780
-794
-736
-683
-674
-660
-621
-613
-626
-578
-477
-448
-505
-513
-415
-331
-327
-298
-176
-63
-26
41
215
391
481
585
801
1030
1159
1271
1487
1740
1903
2011
2175
2367
2495
2591
2740
2895
2952
2946
2993
3078
3087
3009
2935
2888
2805
2674
2548
2415
2207
1946
1730
1565
1345
1030
699
425
179
-76
-322
-555
-825
-1126
-1367
-1491
-1577
-1719
-1898
-2025
-2082
-2113
-2130
-2113
-2077
-2068
-2069
-2017
-1909
-1813
-1760
-1695
-1574
-1437
-1337
-1256
-1150
-1028
-917
-814
-701
-606
-550
-502
-420
-324
-268
-267
-281
-287
-286
-280
-270
-280
-318
-349
-338
-304
-288
-280
-257
-222
-192
-153
-93
-46
-40
-46
-24
3
-12
-53
-60
-40
-52
-108
-165
-209
-262
-323
-353
-363
-419
-532
-632
-676
-704
-764
-841
-901
-953
-1007
-1038
-1020
-986
-968
-943
-866
-750
-632
-504
-320
-89
142
357
588
843
1099
1360
1645
1929
2152
2316
2498
2732
2952
3100
3200
3292
3354
3374
3392
3418
3382
3238
3064
2944
2831
2632
2369
2125
1898
1620
1306
1019
743
417
77
-182
-385
-644
-967
-1230
-1384
-1507
-1654
-1782
-1868
-1954
-2024
-2002
-1905
-1854
-1891
-1910
-1838
-1731
-1655
-1589
-1514
-1465
-1438
-1363
-1239
-1163
-1166
-1147
-1047
-941
-907
-905
-882
-862
-857
-817
-742
-724
-799
-859
-813
-732
-724
-766
-777
-748
-707
-629
-499
-384
-336
-295
-170
1
121
183
260
368
462
518
554
564
536
505
513
532
487
376
273
226
203
151
56
-70
-209
-330
-410
-470
-563
-696
-820
-886
-906
-933
-979
-1013
-1004
-952
-875
-782
-681
-573
-440
-252
-20
197
365
535
758
1015
1238
1403
1549
1702
1854
2000
2137
2228
2243
2230
2268
2348
2378
2311
2208
2134
2080
2011
1916
1783
1594
1385
1225
1121
986
772
544
379
265
141
-9
-164
-317
-445
-505
-509
-542
-656
-776
-806
-759
-724
-734
-767
-803
-833
-826
-787
-778
-850
-942
-965
-929
-927
-988
-1057
-1095
-1115
-1127
-1124
-1130
-1174
-1219
-1192
-1109
-1070
-1114
-1160
-1131
-1053
-992
-960
-940
-933
-924
-859
-722
-598
-558
-545
-456
-293
-148
-61
10
91
159
216
280
320
281
193
153
169
146
37
-78
-129
-147
-178
-210
-241
-315
-421
-468
-427
-404
-481
-584
-601
-561
-559
-587
-568
-502
-445
-382
-254
-98
-6
48
191
436
649
757
843
1001
1188
1332
1454
1594
1713
1772
1831
1946
2055
2069
2023
2020
2059
2061
2020
1989
1955
1864
1760
1733
1740
1646
1454
1325
1315
1284
1145
992
914
842
711
598
562
511
364
223
195
186
64
-105
-169
-159
-219
-347
-433
-482
-596
-750
-833
-868
-988
-1181
-1302
-1334
-1422
-1612
-1777
-1842
-1890
-1977
-2040
-2063
-2119
-2204
-2199
-2087
-2019
-2069
-2101
-1998
-1853
-1794
-1764
-1653
-1505
-1421
-1359
-1199
-961
-783
-700
-606
-433
-238
-86
40
172
299
416
528
608
607
555
546
603
621
529
405
350
333
266
166
118
106
38
-68
-101
-46
-29
-105
-179
-183
-177
-223
-265
-260
-254
-269
-236
-144
-82
-75
0
203
402
485
542
684
849
943
1030
1188
1323
1333
1315
1405
1533
1551
1490
1487
1535
1523
1465
1451
1455
1385
1293
1308
1387
1375
1262
1210
1277
1333
1277
1176
1122
1108
1075
1003
911
813
730
671
615
539
449
366
300
253
223
181
94
-14
-89
-127
-177
-254
-334
-414
-515
-623
-719
-844
-1040
-1265
-1451
-1623
-1842
-2081
-2263
-2393
-2490
-2487
-2328
-2129
-2042
-2017
-1890
-1661
-1488
-1417
-1365
-1314
-1346
-1435
-1472
-1462
-1513
-1594
-1547
-1352
-1160
-1026
-826
-495
-155
91
293
492
627
675
717
786
776
632
458
366
312
202
52
-73
-164
-235
-254
-195
-111
-49
36
200
402
549
623
677
727
732
682
617
540
403
207
62
47
106
126
125
228
477
768
1006
1205
1395
1548
1633
1683
1705
1642
1485
1331
1239
1132
935
732
649
668
670
613
551
522
528
582
668
714
688
670
734
818
834
798
772
734
640
539
487
426
275
86
-15
-13
4
-2
13
62
114
165
236
297
296
232
152
63
-70
-260
-480
-690
-871
-1029
-1192
-1373
-1534
-1619
-1628
-1621
-1642
-1685
-1721
-1718
-1664
-1593
-1565
-1574
-1544
-1440
-1334
-1299
-1308
-1299
-1251
-1172
-1076
-1019
-1048
-1074
-955
-730
-584
-557
-487
-313
-169
-109
10
220
326
246
176
249
304
214
133
189
214
58
-106
-94
-29
-86
-150
-60
64
52
-4
59
170
212
271
409
469
375
375
618
835
765
621
724
943
959
841
880
1050
1102
1056
1124
1261
1243
1137
1212
1427
1464
1276
1165
1267
1366
1318
1257
1279
1240
1049
874
857
868
732
539
492
578
607
526
472
518
569
541
494
494
504
496
526
587
546
359
201
199
200
50
-92
-22
98
-36
-330
-433
-348
-421
-706
-853
-742
-706
-956
-1232
-1271
-1199
-1222
-1305
-1377
-1511
-1684
-1732
-1682
-1784
-2032
-2107
-1943
-1888
-2072
-2146
-1917
-1716
-1798
-1872
-1644
-1344
-1286
-1311
-1140
-911
-889
-964
-894
-776
-809
-852
-671
-394
-298
-342
-319
-268
-323
-361
-195
55
146
125
187
285
255
176
242
394
422
340
331
417
488
546
644
685
567
455
589
904
1109
1120
1128
1259
1412
1451
1396
1358
1414
1547
1646
1615
1522
1531
1667
1766
1746
1728
1799
1840
1724
1544
1463
1469
1435
1332
1246
1203
1139
1001
848
799
881
937
812
618
644
893
976
669
290
197
237
85
-118
-11
265
230
-137
-366
-278
-192
-279
-311
-191
-169
-360
-541
-584
-639
-766
-829
-843
-973
-1167
-1224
-1240
-1476
-1814
-1891
-1743
-1741
-1911
-1934
-1817
-1887
-2122
-2146
-1930
-1862
-2023
-2048
-1811
-1629
-1696
-1818
-1823
-1783
-1765
-1720
-1618
-1429
-1109
-808
-794
-975
-925
-603
-463
-588
-480
-21
195
-59
-172
172
391
137
14
435
806
629
390
558
716
510
426
772
968
686
568
962
1163
794
662
1241
1643
1208
770
1145
1651
1429
1007
1163
1425
1127
828
1241
1745
1466
915
1049
1526
1427
966
996
1395
1386
1009
923
1114
1039
750
730
901
842
682
812
993
732
268
223
523
580
378
404
630
528
105
0
382
610
294
-58
105
505
539
214
-16
-39
-95
-193
-113
61
0
-281
-439
-420
-509
-705
-687
-504
-598
-989
-1137
-884
-757
-1042
-1294
-1185
-1064
-1230
-1364
-1201
-1089
-1346
-1674
-1722
-1645
-1641
-1563
-1374
-1380
-1624
-1694
-1447
-1286
-1409
-1484
-1311
-1137
-1086
-987
-893
-1053
-1293
-1202
-902
-836
-896
-669
-366
-496
-811
-650
-149
-6
-208
-150
199
348
284
340
399
248
301
879
1353
1116
709
821
1020
758
659
1332
1933
1518
816
966
1482
1302
843
1103
1632
1383
783
937
1529
1459
902
796
984
731
427
875
1551
1382
657
420
606
480
250
556
1025
919
572
654
770
312
-103
350
1073
1007
474
464
797
618
105
89
482
535
244
161
228
42
-173
2
244
34
-332
-313
-142
-280
-426
-139
135
-248
-893
-929
-435
-223
-463
-601
-494
-569
-894
-1001
-752
-548
-581
-601
-557
-748
-1161
-1305
-968
-594
-608
-847
-1015
-1182
-1442
-1516
-1204
-874
-969
-1339
-1545
-1564
-1635
-1701
-1574
-1433
-1524
-1612
-1396
-1189
-1427
-1789
-1641
-1126
-917
-1035
-918
-540
-442
-674
-680
-328
-94
-170
-209
-29
212
480
799
899
646
510
850
1184
1027
877
1336
1884
1700
1147
1138
1535
1507
1106
1092
1489
1632
1444
1435
1612
1497
1120
1010
1305
1649
1789
1680
1338
1022
1115
1496
1617
1414
1331
1363
1120
879
1278
1912
1718
859
573
1030
1147
749
837
1425
1272
243
-248
262
537
1
-319
77
268
-144
-304
3
-181
-965
-1176
-555
-276
-711
-847
-463
-620
-1423
-1584
-840
-532
-1116
-1387
-839
-540
-957
-1090
-535
-297
-823
-1183
-903
-734
-1008
-1056
-749
-837
-1318
-1306
-810
-813
-1363
-1446
-981
-1003
-1596
-1667
-1054
-880
-1412
-1583
-1101
-1048
-1793
-2212
-1698
-1141
-1197
-1229
-823
-718
-1314
-1698
-1172
-489
-502
-775
-563
-210
-370
-670
-362
274
379
-45
-240
9
250
380
728
1157
1113
651
438
629
721
648
948
1560
1653
1065
699
961
1084
720
779
1716
2390
1834
943
955
1472
1500
1344
1759
2191
1723
955
1065
1702
1696
1235
1353
1816
1573
892
968
1664
1718
1066
874
1271
1123
283
25
803
1405
938
92
-254
-272
-340
-180
362
645
156
-591
-796
-517
-390
-558
-594
-391
-396
-784
-1011
-655
-228
-440
-996
-1045
-649
-642
-999
-763
86
239
-781
-1632
-1256
-488
-433
-725
-635
-559
-984
-1248
-791
-413
-878
-1450
-1207
-641
-578
-752
-755
-1066
-1822
-1980
-1055
-237
-488
-1050
-1104
-1202
-1732
-1777
-919
-327
-690
-946
-470
-383
-1208
-1511
-518
207
-464
-1156
-591
92
-300
-678
88
799
175
-648
-247
457
120
-371
321
1325
1183
489
502
690
104
-335
562
1757
1588
661
642
1320
1316
789
930
1509
1333
634
709
1548
1921
1569
1371
1512
1308
788
760
1294
1608
1466
1374
1412
1177
840
981
1390
1253
574
226
493
755
724
787
931
570
-219
-523
-99
161
-180
-353
74
244
-438
-1059
-742
-235
-537
-1079
-856
-395
-733
-1314
-922
-60
-198
-1143
-1409
-886
-771
-1093
-758
14
-138
-1042
-1125
-350
-309
-1139
-1183
-182
144
-672
-995
-267
-40
-863
-1137
-260
78
-894
-1453
-556
213
-408
-1122
-650
-68
-592
-1276
-922
-319
-577
-1003
-565
76
-167
-833
-892
-531
-459
-482
-147
145
-108
-465
-311
83
154
15
72
273
332
248
160
127
215
450
662
725
746
745
522
207
291
762
967
720
639
934
967
545
429
936
1276
987
720
877
877
500
533
1267
1773
1480
1072
1048
887
393
354
1036
1517
1292
1060
1221
1143
587
327
646
770
397
246
541
538
78
-4
451
483
-241
-831
-805
-736
-878
-717
-274
-297
-818
-1040
-878
-1051
-1526
-1500
-1060
-1126
-1602
-1416
-572
-327
-1028
-1557
-1346
-1152
-1369
-1299
-677
-342
-741
-1123
-899
-544
-542
-597
-463
-521
-937
-1149
-780
-263
-103
-194
-275
-405
-624
-697
-543
-436
-515
-550
-388
-217
-197
-216
-196
-256
-405
-441
-299
-175
-154
-73
102
143
14
53
384
574
301
-18
127
466
421
211
507
1132
1181
562
244
637
947
650
404
756
1102
855
573
880
1256
1043
709
901
1134
725
211
492
1223
1468
1282
1296
1335
862
293
446
1093
1351
1168
1139
1280
1159
893
891
981
819
684
913
1090
789
471
668
939
660
185
157
359
263
75
208
336
-27
-572
-727
-563
-399
-194
-7
-279
-981
-1320
-987
-749
-1110
-1400
-1001
-483
-586
-1019
-1155
-1134
-1371
-1641
-1518
-1156
-931
-833
-757
-878
-1259
-1552
-1467
-1152
-894
-844
-1030
-1264
-1214
-904
-766
-854
-709
-433
-830
-1785
-1843
-516
485
-193
-1269
-999
-116
-303
-1047
-697
317
179
-929
-1092
-56
493
30
-154
371
462
-220
-531
-31
338
206
336
865
922
403
222
511
433
2
202
1018
1293
792
554
885
899
391
311
929
1279
933
681
948
1117
871
778
1043
1083
750
682
1060
1248
1001
840
968
961
745
763
988
912
633
769
1197
1115
500
229
552
705
394
346
885
1188
622
-154
-221
265
536
393
205
132
50
-11
91
244
181
-112
-414
-575
-569
-350
21
238
9
-531
-944
-1005
-858
-663
-443
-333
-555
-1000
-1175
-898
-639
-825
-1177
-1209
-1039
-1079
-1206
-982
-576
-655
-1290
-1725
-1444
-858
-622
-811
-1049
-1109
-1040
-930
-815
-722
-698
-781
-910
-905
-677
-417
-362
-419
-387
-403
-644
-764
-344
216
151
-368
-420
89
284
-80
-191
258
460
34
-188
332
847
692
400
549
675
336
140
653
1217
1032
553
693
1254
1316
762
375
581
971
1066
964
1041
1318
1350
867
312
321
756
925
779
929
1310
1075
228
-71
536
883
387
147
822
1213
430
-315
195
959
564
-272
-76
756
858
331
205
389
145
-212
42
486
345
35
299
658
283
-385
-439
-101
-126
-349
-167
227
237
-99
-421
-711
-975
-954
-666
-480
-408
-205
-179
-787
-1504
-1422
-801
-628
-887
-834
-625
-956
-1429
-1114
-411
-466
-1104
-1238
-899
-924
-1132
-782
-312
-601
-1122
-849
-300
-582
-1168
-842
-89
-242
-982
-963
-291
-117
-399
-267
32
-292
-750
-411
183
-6
-441
-15
717
502
-214
-90
624
609
-30
-8
774
1156
784
459
542
642
705
1006
1250
949
482
595
1092
1152
726
574
986
1364
1160
610
360
644
997
849
380
334
832
1050
572
188
535
883
406
-245
-35
615
641
273
402
694
257
-381
-46
739
493
-430
-287
819
895
-355
-807
360
1123
158
-821
-184
694
17
-1054
-482
876
699
-696
-971
83
333
-737
-1207
-314
252
-438
-970
-417
-33
-706
-1216
-646
-175
-767
-1291
-760
-275
-832
-1278
-572
0
-832
-1760
-1163
-117
-445
-1389
-1120
-184
-400
-1387
-1277
-213
-38
-904
-1143
-436
-264
-1008
-1213
-285
420
-44
-740
-603
-97
-118
-462
-383
86
298
114
43
324
515
256
-68
89
506
598
497
753
1085
719
36
263
1230
1357
432
163
1114
1546
609
37
951
1661
794
-63
655
1539
942
147
742
1401
521
-390
510
1646
860
-376
312
1543
717
-851
-210
1565
1173
-752
-710
1198
1462
-356
-923
641
1267
-260
-1133
203
1318
364
-773
-190
724
223
-639
-272
501
248
-394
-195
274
-67
-615
-274
372
123
-601
-560
46
14
-647
-782
-147
212
-263
-848
-810
-402
-264
-523
-823
-824
-540
-360
-592
-944
-857
-471
-534
-1121
-1351
-835
-371
-586
-923
-794
-634
-909
-1133
-886
-696
-886
-796
-218
-151
-918
-1222
-450
-43
-874
-1356
-253
813
134
-941
-490
429
-83
-1041
-445
843
716
-218
1
825
463
-392
62
1017
605
-243
458
1639
1038
-302
146
1520
1152
-259
65
1630
1572
107
25
1348
1465
218
24
1121
1315
370
241
1044
1000
182
314
1141
890
-63
157
1153
953
-113
-44
937
882
-68
-67
793
775
-60
-103
606
623
9
21
494
332
-136
118
603
274
-275
47
603
260
-369
-150
356
85
-399
-79
471
232
-312
-248
0
-296
-616
-272
164
-20
-353
-256
-202
-614
-875
-505
-115
-279
-579
-556
-493
-636
-708
-624
-669
-797
-692
-545
-734
-956
-758
-521
-792
-1154
-963
-587
-696
-979
-834
-577
-752
-1028
-920
-756
-879
-856
-465
-341
-739
-882
-450
-281
-725
-855
-260
74
-353
-560
-8
319
-160
-451
81
478
75
-198
356
831
470
92
478
906
599
202
487
936
820
540
739
1092
1005
677
603
734
798
819
883
910
899
908
802
543
487
798
987
716
481
714
913
570
212
454
809
578
179
339
705
542
142
215
501
323
-50
76
460
396
55
88
320
124
-280
-195
224
241
-97
-115
178
136
-266
-366
-25
150
-107
-338
-244
-101
-143
-217
-212
-240
-293
-250
-225
-385
-512
-338
-141
-349
-704
-607
-209
-233
-714
-903
-563
-343
-594
-813
-653
-530
-756
-939
-787
-643
-746
-773
-606
-671
-1036
-1108
-724
-551
-861
-983
-586
-349
-668
-889
-594
-408
-721
-859
-414
-94
-343
-459
-47
104
-404
-607
33
491
46
-307
267
822
416
-84
329
880
546
52
469
1143
964
443
621
1071
866
471
766
1245
998
524
742
1179
939
503
771
1236
936
342
490
1005
846
289
372
905
860
283
148
534
594
152
-58
238
475
303
43
17
101
77
-72
-198
-121
127
199
-104
-383
-204
94
-85
-491
-396
75
119
-304
-410
-40
70
-309
-495
-184
28
-195
-354
-140
2
-223
-401
-241
-111
-287
-420
-235
-57
-194
-398
-382
-297
-355
-430
-385
-361
-447
-471
-387
-420
-604
-620
-401
-348
-651
-854
-607
-322
-505
-833
-689
-291
-370
-862
-941
-450
-200
-550
-792
-444
-115
-365
-694
-488
-130
-212
-420
-212
114
30
-188
-53
153
0
-137
193
538
355
89
351
711
519
178
378
782
696
390
523
868
829
594
656
809
680
565
767
888
646
534
811
892
506
357
758
919
446
162
545
789
373
71
413
646
260
-8
318
496
87
-156
173
316
-73
-200
225
314
-227
-432
50
249
-228
-450
-25
143
-304
-476
-43
136
-237
-349
-8
-21
-444
-386
124
78
-476
-421
217
220
-460
-549
108
246
-391
-592
-23
218
-253
-478
-113
25
-304
-362
-36
-65
-457
-435
-32
-66
-505
-506
-81
-70
-519
-615
-245
-130
-447
-620
-452
-322
-372
-404
-405
-448
-413
-332
-461
-655
-459
-77
-189
-621
-498
69
29
-619
-688
-5
202
-390
-555
146
499
-79
-454
57
467
88
-204
239
594
245
-31
374
730
432
138
426
722
504
294
558
817
634
415
533
664
566
548
729
736
488
405
580
603
395
355
561
623
426
298
364
395
289
184
137
128
196
278
186
-8
-13
105
-19
-300
-254
54
37
-312
-357
-30
-14
-430
-562
-204
-66
-412
-553
-184
20
-314
-569
-328
-108
-311
-488
-275
-81
-250
-417
-279
-169
-343
-458
-261
-80
-169
-252
-119
-40
-215
-377
-284
-133
-149
-204
-130
-54
-135
-267
-273
-192
-189
-288
-336
-223
-70
-92
-262
-327
-226
-230
-448
-542
-287
-20
-101
-300
-246
-115
-243
-439
-352
-160
-203
-285
-95
100
-66
-294
-154
65
-84
-285
-29
363
289
-8
92
403
320
16
125
512
537
269
328
678
708
404
353
632
718
503
449
689
812
667
574
665
699
587
549
636
652
559
529
585
575
481
430
441
420
353
287
233
207
235
252
165
59
61
69
-91
-283
-239
-59
-72
-247
-255
-108
-151
-405
-502
-362
-324
-493
-542
-345
-225
-363
-488
-413
-367
-524
-646
-507
-297
-275
-347
-309
-234
-305
-458
-487
-382
-307
-306
-269
-157
-81
-119
-205
-238
-229
-251
-286
-232
-72
52
22
-93
-150
-146
-182
-263
-265
-138
2
34
-26
-82
-93
-105
-170
-259
-263
-136
12
39
-25
-33
19
-23
-185
-265
-145
20
51
21
82
170
128
-1
-33
61
132
126
148
249
343
351
318
310
318
316
320
350
400
454
514
551
526
462
435
463
481
450
437
507
595
597
525
494
522
500
375
264
286
381
396
319
274
302
293
170
27
-10
36
45
-14
-54
-22
6
-52
-171
-269
-325
-360
-373
-345
-308
-300
-310
-327
-396
-529
-623
-584
-494
-488
-525
-465
-344
-344
-477
-547
-488
-465
-549
-567
-416
-271
-296
-379
-360
-320
-396
-491
-430
-264
-175
-171
-142
-97
-118
-171
-168
-148
-178
-178
-64
52
26
-46
7
106
45
-115
-124
42
149
110
86
169
220
150
66
69
99
98
111
159
177
158
185
258
259
166
125
194
247
201
165
245
335
297
192
174
229
230
173
174
260
321
306
294
334
350
287
217
221
253
238
222
280
358
345
261
223
243
222
151
142
229
293
264
231
251
240
139
51
68
113
92
70
132
199
148
37
-9
-3
-44
-105
-86
-12
4
-40
-61
-57
-109
-207
-254
-231
-209
-208
-187
-154
-159
-209
-259
-302
-348
-356
-310
-273
-287
-293
-241
-210
-273
-354
-353
-315
-330
-358
-316
-241
-226
-253
-254
-251
-289
-313
-257
-189
-189
-196
-129
-58
-85
-145
-130
-85
-117
-171
-121
-15
11
-26
-4
65
60
-15
-36
19
57
56
83
139
157
140
138
129
81
53
110
177
162
128
180
252
212
110
86
137
145
113
140
219
246
217
204
201
154
108
138
186
163
139
214
301
250
125
105
178
180
104
102
194
238
191
159
183
176
117
90
119
133
128
163
212
191
122
102
119
82
15
23
91
111
68
45
52
21
-34
-37
-7
-23
-56
-25
33
17
-54
-87
-90
-138
-194
-172
-116
-124
-167
-146
-105
-150
-237
-241
-186
-201
-273
-278
-218
-204
-244
-252
-237
-273
-322
-294
-229
-239
-281
-240
-159
-173
-262
-280
-231
-240
-297
-273
-175
-144
-194
-196
-136
-132
-190
-187
-112
-81
-112
-96
-28
-17
-75
-78
-10
14
-28
-16
77
125
90
83
145
161
85
35
89
159
162
141
154
177
182
196
222
210
172
185
244
262
215
195
242
279
250
203
193
205
209
206
199
185
183
197
190
142
108
135
170
143
93
99
132
122
89
101
123
86
23
22
65
60
5
-19
-9
-24
-63
-63
-35
-43
-81
-87
-63
-75
-117
-118
-85
-91
-143
-164
-132
-107
-127
-149
-141
-130
-140
-152
-157
-164
-174
-172
-168
-180
-189
-171
-144
-141
-156
-153
-135
-132
-148
-155
-147
-146
-150
-137
-111
-98
-106
-113
-106
-93
-86
-86
-84
-79
-69
-60
-52
-50
-55
-64
-62
-45
-29
-24
-20
1
24
30
22
24
35
33
23
35
65
78
73
82
105
107
90
94
129
147
133
130
151
157
133
124
147
163
153
158
194
217
196
172
182
196
176
148
158
188
193
173
161
165
164
155
148
146
137
126
121
120
109
87
73
71
72
63
50
47
52
48
32
15
6
3
-2
-8
-12
-22
-42
-60
-64
-62
-67
-74
-78
-86
-98
-98
-85
-84
-103
-117
-116
-121
-144
-156
-142
-131
-142
-150
-133
-124
-150
-178
-172
-149
-146
-158
-160
-158
-167
-177
-171
-166
-174
-177
-160
-147
-156
-167
-158
-141
-135
-135
-122
-108
-103
-97
-85
-80
-86
-83
-68
-59
-59
-52
-31
-16
-12
-3
15
23
18
20
40
63
77
86
96
107
118
125
122
119
127
142
140
130
140
171
182
159
139
150
167
168
170
187
198
189
179
178
177
166
163
166
155
134
131
142
137
115
110
125
125
102
88
93
94
82
77
79
62
35
24
31
27
12
13
26
20
-2
-10
-2
-13
-45
-65
-58
-49
-53
-60
-61
-65
-75
-81
-86
-94
-99
-96
-87
-82
-81
-83
-97
-115
-120
-111
-108
-115
-117
-113
-120
-140
-149
-139
-134
-143
-150
-146
-141
-143
-145
-143
-142
-137
-122
-110
-117
-127
-121
-109
-111
-119
-113
-100
-101
-110
-101
-82
-73
-71
-60
-46
-44
-47
-33
-6
11
10
10
21
39
57
69
71
70
79
90
92
85
87
103
118
124
125
123
118
123
146
164
151
119
102
107
114
118
130
144
140
125
119
122
119
112
116
121
103
71
55
65
72
60
41
33
34
34
36
37
33
24
17
14
8
-1
-9
-14
-15
-14
-8
-9
-23
-39
-36
-15
2
-2
-16
-15
-5
-9
-29
-38
-23
-5
-14
-35
-39
-25
-17
-26
-33
-29
-18
-6
3
-1
-22
-38
-31
-15
-17
-34
-41
-32
-27
-29
-30
-34
-47
-63
-65
-57
-59
-66
-65
-60
-64
-71
-68
-62
-76
-99
-102
-89
-80
-82
-77
-66
-63
-66
-63
-53
-56
-70
-69
-49
-31
-33
-37
-25
-6
-1
-11
-19
-6
20
38
40
40
47
58
65
68
73
80
87
95
109
123
128
126
122
113
105
103
102
95
82
70
67
66
64
69
75
69
52
39
38
38
34
29
23
10
-8
-24
-35
-43
-49
-42
-31
-31
-46
-64
-76
-79
-71
-58
-56
-69
-80
-79
-75
-83
-85
-67
-39
-18
-10
-7
-14
-29
-34
-23
-10
-11
-15
-12
-12
-19
-22
-13
1
8
9
6
-7
-21
-20
-4
2
-11
-25
-22
-11
-8
-19
-37
-50
-52
-49
-51
-61
-63
-50
-47
-64
-81
-76
-66
-79
-103
-109
-96
-88
-91
-89
-81
-80
-84
-79
-66
-57
-47
-29
-9
-2
-3
0
9
13
15
19
20
23
31
40
38
27
33
61
83
80
69
79
105
126
131
123
112
108
116
123
108
82
73
88
105
108
107
108
101
88
82
86
83
69
59
60
56
43
32
29
27
16
8
5
-4
-18
-22
-12
-10
-27
-45
-42
-32
-39
-59
-69
-59
-48
-54
-67
-71
-59
-43
-33
-29
-24
-12
-1
7
15
25
34
30
8
-15
-16
10
39
53
51
53
66
80
84
74
62
56
60
71
75
63
40
22
19
19
15
7
6
13
18
10
-10
-25
-24
-13
-17
-46
-77
-83
-70
-67
-83
-100
-94
-75
-62
-64
-72
-78
-80
-74
-66
-66
-76
-84
-81
-72
-67
-63
-47
-19
5
7
-5
-14
-3
22
47
61
65
69
81
91
87
73
69
87
108
108
89
72
77
88
80
56
40
53
83
98
81
42
14
13
33
48
46
38
41
51
46
17
-9
-10
7
9
-7
-20
-18
-16
-26
-39
-44
-46
-48
-43
-34
-35
-49
-55
-42
-29
-39
-62
-69
-57
-47
-47
-54
-58
-49
-21
11
22
7
-10
-3
16
19
7
1
12
23
22
10
-3
-8
-1
13
20
11
-1
-2
6
5
-6
-17
-12
4
14
6
-13
-23
-14
0
-4
-23
-34
-27
-17
-24
-41
-51
-52
-51
-55
-62
-65
-59
-47
-39
-43
-54
-61
-59
-50
-36
-22
-14
-16
-17
-9
0
-5
-21
-32
-27
-16
-5
3
2
-3
-4
2
6
3
3
19
38
40
27
18
21
25
26
27
23
12
0
5
19
25
19
15
17
13
7
14
31
33
13
-6
-5
3
-3
-25
-42
-42
-25
-4
5
-6
-27
-36
-26
-15
-22
-42
-51
-42
-25
-21
-34
-50
-53
-45
-38
-36
-30
-22
-19
-23
-24
-13
1
8
9
9
7
2
-4
-5
-2
5
14
17
4
-12
-14
2
14
8
-2
2
12
15
12
17
25
25
17
16
25
37
43
43
42
42
39
32
18
4
-4
-6
-9
-13
-14
-16
-20
-25
-19
-4
6
5
1
0
1
2
12
27
35
34
32
35
40
41
47
64
77
76
63
51
46
42
39
40
38
31
26
34
48
50
36
19
16
22
25
18
8
-4
-14
-24
-26
-23
-19
-18
-18
-16
-14
-13
-9
-8
-15
-22
-17
-1
2
-20
-48
-52
-34
-22
-25
-23
-7
7
1
-9
-2
16
23
13
7
16
26
23
14
17
31
39
29
10
6
22
43
43
18
-7
-3
21
31
10
-17
-21
-3
4
-11
-26
-20
-1
8
1
-5
-2
1
-3
-12
-16
-9
4
14
10
-6
-18
-19
-13
-17
-28
-29
-11
14
26
15
-6
-16
-3
16
21
2
-22
-31
-24
-10
1
8
9
6
3
7
8
11
18
29
32
28
26
30
31
24
22
30
35
22
6
10
29
36
23
11
18
35
47
46
37
31
34
39
38
32
30
32
27
6
-15
-21
-7
10
18
19
15
6
-10
-26
-30
-17
-3
-9
-33
-46
-34
-21
-29
-43
-36
-13
-9
-27
-37
-25
-13
-17
-22
-14
-7
-9
-15
-15
-11
-10
-10
-10
-21
-34
-26
3
25
22
4
-12
-27
-43
-43
-25
-13
-25
-41
-36
-15
-10
-29
-52
-64
-69
-73
-71
-64
-57
-53
-53
-51
-52
-56
-65
-76
-81
-75
-64
-51
-41
-33
-35
-45
-47
-28
-4
-2
-23
-39
-32
-19
-15
-21
-29
-36
-35
-23
-5
3
1
-2
3
4
-1
-3
0
-6
-22
-30
-20
-7
-7
-12
-11
-8
-5
-3
1
1
-2
7
30
50
53
44
43
53
58
58
62
76
87
85
77
71
68
59
43
36
44
52
47
29
18
25
41
51
48
39
30
25
25
32
40
42
36
24
14
9
11
14
17
18
18
14
1
-13
-17
-9
-1
1
-4
-5
-5
-3
0
6
13
11
2
-5
-3
1
2
0
6
13
9
-7
-20
-18
-14
-22
-36
-41
-31
-19
-9
-5
-8
-21
-33
-33
-27
-27
-30
-27
-21
-24
-34
-28
-9
1
-14
-35
-44
-38
-31
-23
-15
-11
-14
-18
-17
-16
-15
-8
0
-2
-15
-22
-12
2
7
6
8
11
7
0
3
21
39
46
43
36
35
37
39
39
37
35
28
19
15
20
27
32
35
40
40
30
22
25
34
34
30
33
45
51
46
43
53
59
47
18
-7
-9
10
30
33
20
10
17
28
27
20
21
32
34
20
6
6
10
0
-20
-28
-12
9
17
10
0
-11
-29
-50
-62
-59
-54
-53
-52
-44
-35
-31
-28
-26
-26
-29
-36
-45
-56
-61
-52
-37
-31
-37
-37
-29
-22
-28
-37
-36
-28
-22
-19
-19
-25
-41
-52
-45
-27
-18
-19
-20
-12
-2
2
3
10
25
36
25
-4
-23
-7
24
35
18
1
5
19
26
31
39
47
45
40
36
31
17
1
-8
-8
-4
0
0
-1
7
23
27
10
-4
10
37
43
25
12
14
9
-11
-27
-23
-7
8
24
36
34
18
9
11
7
-8
-15
-2
9
3
-14
-26
-27
-18
-5
-1
-12
-17
6
43
50
24
1
9
25
26
25
36
44
34
25
35
47
33
8
3
15
16
-2
-7
13
37
33
12
0
5
8
-4
-21
-24
-7
9
5
-19
-46
-60
-64
-62
-60
-57
-52
-43
-36
-41
-56
-64
-56
-43
-45
-58
-65
-56
-44
-40
-40
-36
-28
-18
-13
-17
-25
-20
7
31
28
3
-10
2
12
3
-12
-10
5
11
5
0
-1
2
10
24
34
27
14
12
21
21
6
-6
-4
3
-4
-19
-28
-19
1
19
23
11
0
4
16
21
18
18
23
21
10
0
-1
0
-1
4
15
11
-8
-12
13
34
22
-4
-3
21
26
4
-13
-4
10
7
-5
-4
7
14
11
6
1
-7
-12
-9
-2
-1
-10
-24
-27
-12
14
29
22
2
-8
-9
-11
-18
-18
-11
-4
-11
-21
-19
-5
7
6
5
12
25
32
25
14
10
12
10
5
4
2
-8
-20
-22
-11
-3
-8
-17
-19
-16
-12
-3
7
7
-4
-9
-1
12
11
6
5
3
-10
-24
-24
-15
-17
-33
-51
