77
60
64
67
44
-1
-33
-29
-5
6
-3
-16
-24
-30
-34
-36
-37
-39
-36
-23
-17
-26
-39
-39
-41
-65
-100
-115
-103
-88
-86
-84
-73
-69
-78
-89
-82
-67
-59
-64
-73
-78
-77
-75
-84
-109
-138
-150
-139
-122
-107
-92
-73
-67
-78
-94
-91
-74
-63
-66
-61
-42
-25
-20
-18
-3
11
9
-6
-13
-9
-5
-6
0
15
28
26
17
12
15
16
12
13
26
47
64
71
76
89
101
90
58
39
52
73
73
64
77
104
109
88
78
98
126
132
121
104
86
68
67
88
102
79
35
7
11
26
25
2
-30
-42
-18
18
30
8
-16
-15
-2
-2
-12
-16
-19
-41
-78
-104
-103
-85
-63
-46
-44
-59
-69
-53
-27
-29
-58
-72
-45
-2
12
-4
-30
-46
-55
-55
-49
-43
-43
-46
-45
-49
-65
-78
-72
-52
-34
-30
-36
-43
-41
-24
-2
7
-2
-11
-4
7
4
-5
-7
-1
-7
-23
-29
-16
-2
-1
-6
-5
5
15
20
30
49
63
62
48
40
42
47
52
62
78
89
84
73
70
76
80
72
55
39
30
33
38
36
26
25
35
36
17
-2
4
24
26
6
-15
-23
-20
-16
-5
7
10
-1
-15
-24
-29
-31
-30
-26
-18
-9
-3
-8
-15
-17
-18
-31
-56
-75
-85
-98
-112
-105
-71
-42
-41
-58
-64
-54
-41
-33
-30
-35
-49
-56
-42
-19
-6
-9
-21
-35
-55
-75
-80
-70
-54
-48
-55
-69
-74
-70
-64
-64
-65
-55
-40
-35
-42
-49
-47
-43
-37
-32
-25
-25
-32
-40
-44
-40
-34
-29
-24
-15
2
24
39
38
24
18
33
57
72
64
46
44
62
83
87
79
78
91
108
118
123
130
136
135
123
104
87
73
63
55
57
71
88
91
78
63
61
69
76
77
77
82
88
84
66
45
43
64
88
91
77
56
36
23
21
32
34
13
-17
-31
-21
-9
-4
-5
-6
-10
-19
-20
-15
-16
-32
-52
-55
-40
-25
-30
-56
-86
-100
-101
-106
-129
-160
-181
-176
-151
-125
-111
-104
-90
-74
-66
-72
-79
-75
-70
-72
-76
-73
-66
-57
-49
-42
-50
-72
-86
-76
-54
-45
-47
-38
-16
5
10
3
-6
-12
-13
-4
20
49
73
86
88
80
70
58
47
42
49
71
97
114
118
118
122
134
137
120
91
73
73
71
61
59
74
89
82
68
69
84
92
86
76
62
42
24
24
35
40
34
29
26
20
21
39
58
51
15
-19
-26
-17
-17
-29
-48
-62
-61
-43
-21
-15
-30
-47
-56
-62
-75
-84
-82
-76
-82
-95
-96
-83
-76
-92
-115
-119
-103
-93
-102
-120
-124
-116
-109
-106
-101
-93
-88
-92
-99
-96
-86
-73
-63
-57
-50
-43
-38
-40
-51
-59
-55
-39
-24
-19
-24
-26
-23
-25
-38
-46
-42
-35
-38
-48
-47
-36
-32
-43
-56
-54
-38
-17
4
16
11
-1
-1
11
23
31
41
55
56
37
21
29
52
64
58
54
64
82
94
92
85
84
93
98
88
71
72
91
101
92
86
98
114
112
95
83
82
88
97
100
92
70
53
55
67
71
66
66
73
74
64
50
43
40
42
44
40
23
4
-2
5
9
-2
-16
-22
-28
-44
-64
-77
-79
-78
-82
-88
-89
-84
-80
-82
-90
-94
-91
-85
-85
-85
-82
-86
-110
-135
-134
-110
-96
-104
-111
-97
-80
-81
-89
-82
-60
-46
-53
-68
-79
-78
-71
-71
-78
-78
-63
-51
-60
-81
-79
-55
-42
-47
-46
-21
9
20
14
3
-9
-17
-2
23
35
29
36
67
92
86
71
80
105
117
115
110
105
92
85
102
125
127
109
100
115
138
151
145
133
124
129
145
155
147
131
123
132
144
142
121
101
90
86
76
59
42
27
14
7
11
20
25
29
43
57
56
38
18
2
-24
-52
-63
-54
-48
-61
-78
-86
-94
-101
-90
-68
-66
-103
-141
-137
-108
-95
-103
-99
-77
-67
-74
-74
-53
-36
-45
-60
-57
-42
-37
-49
-66
-83
-92
-82
-54
-28
-30
-44
-42
-26
-23
-41
-50
-31
-1
14
11
11
24
42
47
37
27
24
25
13
-9
-17
0
18
11
-10
-12
18
57
77
72
48
24
29
76
125
130
94
62
58
68
71
76
88
100
103
102
99
88
77
80
91
85
60
45
59
83
84
55
21
17
53
91
85
40
20
63
124
133
87
47
52
67
56
24
0
-2
7
14
5
-22
-51
-63
-62
-71
-91
-95
-77
-66
-89
-135
-158
-139
-97
-65
-60
-74
-89
-93
-89
-88
-105
-131
-142
-125
-100
-94
-108
-119
-116
-109
-108
-103
-86
-63
-42
-36
-46
-68
-71
-38
6
25
15
11
28
48
61
75
84
69
37
28
51
69
59
44
49
59
49
34
36
51
56
48
40
44
60
86
99
84
52
34
30
23
18
37
76
87
56
23
30
63
75
53
21
5
9
18
19
8
-6
-22
-41
-57
-51
-24
-11
-36
-77
-94
-92
-95
-106
-109
-114
-134
-156
-155
-134
-117
-110
-101
-92
-99
-113
-113
-99
-91
-93
-94
-94
-100
-107
-104
-100
-97
-86
-64
-49
-54
-62
-50
-32
-36
-59
-82
-101
-119
-128
-114
-90
-78
-69
-56
-49
-63
-78
-68
-36
-21
-40
-71
-89
-81
-49
-9
17
17
1
-15
-26
-27
-14
1
0
-23
-40
-36
-21
-15
-10
6
31
46
51
51
46
37
37
51
70
71
52
32
33
55
85
99
91
73
59
57
58
65
85
110
125
118
97
83
90
106
112
98
82
85
103
109
92
72
63
61
51
38
34
34
30
22
15
14
12
6
-5
-14
-14
-10
-23
-57
-78
-57
-21
-11
-33
-46
-30
-11
-15
-32
-40
-34
-21
-5
4
-7
-39
-67
-64
-29
12
28
12
-13
-12
19
42
24
-7
4
55
92
78
45
38
63
86
86
64
35
22
36
65
72
43
9
5
26
39
31
20
23
33
36
39
48
58
52
33
15
18
41
62
62
46
40
44
35
1
-32
-23
13
21
-15
-48
-39
-7
0
-15
-21
3
36
53
48
33
27
38
52
45
21
11
23
31
15
-3
2
4
-22
-48
-35
6
21
-4
-33
-33
-11
7
5
-16
-39
-44
-28
-16
-26
-38
-29
-9
-2
-5
3
25
38
30
11
-4
-6
6
21
20
2
-7
8
26
16
-11
-17
16
60
69
39
1
-11
0
3
-11
-17
-3
8
-6
-29
-33
-19
-10
-10
-11
-14
-24
-26
-8
2
-21
-55
-59
-34
-28
-51
-68
-53
-28
-21
-28
-30
-28
-36
-52
-59
-48
-34
-35
-46
-46
-27
-8
-16
-42
-60
-64
-62
-50
-29
-20
-42
-70
-65
-31
-3
6
10
6
-13
-24
-2
31
22
-31
-74
-75
-59
-48
-34
-20
-27
-46
-37
4
32
20
-13
-38
-57
-72
-67
-45
-36
-50
-66
-63
-46
-32
-19
-7
-3
-8
-7
1
3
-9
-26
-32
-20
1
14
9
1
9
29
35
23
10
6
3
2
17
44
64
71
72
64
37
13
29
74
96
81
67
75
80
62
44
46
49
39
37
50
54
29
3
0
16
31
47
63
59
31
7
12
23
9
-25
-34
-6
28
28
2
-8
13
33
14
-21
-23
21
63
60
33
16
19
30
42
53
59
61
73
90
84
51
23
23
36
32
22
33
60
66
38
1
-10
9
33
36
24
25
50
74
61
27
13
35
58
55
36
30
41
45
21
-12
-23
5
38
40
12
-6
0
3
-18
-39
-36
-15
-4
-4
-11
-20
-30
-29
-13
-4
-15
-26
-19
-7
-18
-47
-70
-70
-54
-28
-9
-9
-33
-62
-76
-69
-54
-44
-46
-54
-53
-45
-43
-54
-60
-51
-41
-43
-42
-23
-8
-20
-40
-30
2
17
3
-10
-4
5
8
10
10
-9
-38
-43
-7
37
38
-3
-41
-38
-5
20
17
-2
-16
-23
-31
-36
-26
-3
16
11
-13
-36
-37
-15
3
-6
-38
-55
-45
-22
-9
1
16
26
17
9
19
37
43
37
31
23
4
-7
9
33
35
14
0
5
12
12
9
10
12
22
52
86
92
67
41
35
41
37
24
15
11
6
-4
-16
-25
-34
-45
-53
-51
-42
-39
-51
-72
-91
-103
-103
-87
-57
-33
-30
-43
-60
-71
-80
-80
-72
-67
-66
-60
-48
-56
-96
-133
-127
-93
-74
-82
-84
-67
-53
-62
-74
-67
-43
-20
2
21
27
5
-29
-40
-21
9
25
27
29
38
48
54
54
47
43
48
56
55
44
46
71
95
83
44
21
41
71
70
41
18
20
28
26
25
33
33
8
-28
-40
-24
-3
2
1
7
19
28
38
58
82
87
66
30
7
16
44
65
68
71
86
93
71
36
23
36
51
57
61
64
59
53
61
77
83
77
75
81
76
55
29
14
16
38
67
70
34
-5
-5
26
42
29
12
6
0
-12
-10
9
23
10
-15
-24
-14
-5
-16
-31
-24
-1
4
-31
-76
-83
-50
-24
-36
-65
-70
-45
-14
-2
-17
-46
-56
-43
-27
-30
-38
-27
-8
-8
-23
-18
9
19
-5
-28
-16
18
33
24
9
3
4
9
17
25
29
31
27
16
0
-15
-23
-28
-27
-17
-4
9
19
31
41
43
36
25
9
-11
-28
-35
-34
-35
-36
-31
-23
-20
-23
-22
-12
4
9
0
-9
-3
13
18
2
-16
-22
-14
0
16
30
27
1
-24
-33
-34
-45
-58
-54
-41
-38
-38
-18
16
23
-12
-50
-53
-26
-5
-6
-21
-41
-59
-71
-71
-64
-60
-60
-54
-42
-34
-40
-58
-71
-64
-41
-24
-33
-52
-59
-49
-48
-53
-33
25
72
63
7
-33
-30
-7
6
9
15
16
6
-5
-10
-18
-39
-57
-51
-24
1
9
9
12
15
8
-10
-33
-46
-43
-26
-5
5
-4
-27
-48
-46
-24
-6
-18
-45
-47
-18
4
-15
-56
-70
-52
-33
-32
-35
-30
-28
-35
-36
-21
-4
0
-9
-18
-23
-27
-33
-39
-43
-41
-34
-38
-49
-44
-12
15
9
-11
-10
-3
-24
-48
-19
54
99
84
55
44
30
4
-7
9
17
7
14
45
40
-16
-57
-28
29
49
35
23
15
13
31
61
53
5
-17
25
74
69
43
48
71
63
36
29
39
39
38
61
87
77
32
-3
-1
35
79
104
103
96
95
79
30
-13
8
73
105
82
55
58
63
46
40
62
79
73
72
105
149
156
115
56
23
38
78
98
87
83
102
114
91
62
69
98
113
113
112
95
44
-11
-28
-1
32
47
46
35
16
-9
-40
-62
-50
4
49
42
2
-23
-28
-44
-71
-67
-26
12
19
2
-28
-56
-60
-37
-28
-56
-83
-66
-36
-45
-79
-93
-87
-91
-93
-60
-5
27
28
15
-18
-73
-112
-92
-33
7
-1
-35
-67
-69
-35
5
-2
-48
-74
-44
7
34
30
10
-24
-56
-63
-46
-32
-24
-10
5
1
-13
-18
-22
-43
-61
-45
-6
23
33
34
27
3
-16
-15
-1
15
39
54
35
-3
-4
41
70
48
17
20
39
51
68
82
60
5
-24
1
34
37
27
20
-5
-46
-64
-38
0
24
30
21
0
-7
10
23
15
17
45
50
2
-42
-27
14
32
48
81
76
0
-71
-56
2
18
-4
-12
-4
0
4
11
-12
-58
-58
-10
14
-15
-33
-12
-4
-36
-56
-41
-37
-52
-35
15
35
13
8
19
-18
-91
-100
-21
55
75
76
83
54
-13
-52
-20
35
53
32
2
-19
-20
1
25
19
-14
-40
-31
0
15
4
-19
-44
-75
-100
-82
-24
2
-36
-66
-30
5
-45
-115
-94
-16
2
-33
-28
2
-34
-105
-110
-59
-35
-32
-6
-23
-139
-242
-210
-123
-109
-112
-37
21
-57
-170
-173
-127
-146
-158
-69
15
-28
-108
-107
-100
-170
-211
-133
-46
-49
-58
-16
-28
-127
-167
-90
-35
-54
-3
135
167
39
-51
-13
7
-48
-26
98
133
27
-34
22
39
-42
-73
5
58
38
44
82
46
-43
-54
-4
-4
-11
78
172
111
-20
-37
19
-3
-40
43
152
119
25
43
98
33
-67
-26
85
102
77
125
146
18
-121
-79
65
125
124
173
215
157
76
53
15
-69
-57
111
241
190
87
69
49
-48
-95
6
126
147
152
212
212
68
-84
-84
23
114
155
166
132
78
60
52
-17
-98
-66
70
152
109
24
-40
-102
-139
-92
8
53
18
-16
-4
11
-9
-56
-102
-122
-91
-13
58
77
50
1
-41
-51
-28
-16
-15
40
147
172
47
-87
-89
-29
-23
-6
110
199
118
-5
35
156
122
-38
-77
50
143
122
103
115
51
-83
-128
-18
135
222
230
173
82
23
11
-11
-30
57
206
216
56
-37
41
96
27
34
201
251
41
-109
57
250
116
-150
-155
27
79
21
85
194
124
-21
7
123
75
-72
-68
59
100
51
34
5
-79
-63
112
196
68
-11
112
169
6
-71
111
199
-5
-108
127
244
-69
-318
-69
228
51
-242
-107
178
95
-125
-25
152
-31
-294
-161
116
48
-176
-135
-16
-159
-304
-108
114
-12
-189
-70
28
-216
-415
-195
81
16
-116
-27
-23
-279
-366
-99
27
-178
-191
137
169
-281
-485
-152
23
-238
-245
228
374
-127
-436
-117
99
-193
-301
113
324
-33
-257
5
96
-253
-353
30
195
-75
-124
161
86
-371
-410
-5
22
-318
-179
327
209
-445
-536
-38
4
-420
-273
372
325
-432
-627
-37
189
-262
-427
-33
100
-212
-241
69
28
-313
-278
11
-66
-249
47
368
26
-404
-111
289
-89
-552
-71
637
330
-442
-371
210
117
-364
-147
455
335
-258
-243
249
248
-200
-280
21
132
110
283
347
-7
-291
-91
147
54
57
378
441
29
-184
76
144
-217
-276
241
559
245
-117
-125
-121
-221
-64
250
235
56
210
399
57
-383
-206
157
-17
-197
347
826
206
-695
-478
320
243
-393
-204
563
532
-184
-289
204
140
-422
-327
432
677
163
-180
-32
7
-215
-227
18
132
128
235
261
6
-193
-69
44
-70
-37
274
351
11
-173
60
184
-82
-258
-39
196
175
121
148
78
-55
-73
-90
-184
-38
378
440
-50
-294
103
299
-218
-531
14
488
108
-256
196
539
-110
-749
-256
515
320
-231
4
512
228
-364
-226
273
188
-160
57
503
357
-129
-174
139
207
22
-41
36
107
188
215
61
-96
-38
16
-107
-26
385
459
-65
-301
209
495
-52
-389
206
586
-111
-638
80
796
223
-517
-63
573
53
-605
-20
814
419
-360
-98
489
133
-459
-128
436
220
-84
280
446
-181
-465
200
500
-200
-462
377
759
-35
-426
267
412
-533
-659
638
1158
-27
-740
192
785
-151
-757
139
758
-33
-543
286
779
-105
-752
-72
542
94
-312
30
193
-126
-33
338
-34
-637
-196
556
123
-610
-19
782
-33
-1092
-275
892
-29
-1386
-379
1301
460
-1352
-677
1094
356
-1548
-801
1338
780
-1429
-1009
1252
939
-1455
-1447
823
973
-1132
-1272
837
1068
-1057
-1543
340
878
-769
-1169
511
1024
-513
-1086
199
597
-674
-999
345
825
-340
-829
145
534
-354
-690
90
362
-268
-363
243
199
-438
-335
287
103
-519
-266
337
-22
-626
-72
735
152
-910
-586
382
127
-703
-302
637
244
-811
-588
319
3
-899
-389
847
539
-838
-847
373
434
-755
-878
328
586
-559
-858
369
894
-330
-1248
-393
649
254
-506
-146
541
179
-631
-556
79
135
-196
12
495
292
-406
-563
-81
200
44
16
223
165
-171
-202
155
292
5
-173
52
258
111
-75
33
210
125
-84
-113
1
24
-28
45
231
275
59
-198
-206
16
164
98
55
212
283
-28
-373
-176
345
370
-152
-298
271
603
37
-556
-179
531
371
-311
-232
483
483
-317
-478
363
703
-194
-871
-146
806
451
-498
-428
385
412
-366
-538
180
543
45
-317
47
334
-117
-615
-297
477
692
122
-451
-323
247
403
-94
-419
70
642
247
-595
-489
414
563
-240
-439
364
563
-411
-790
334
1146
246
-833
-398
476
175
-468
-21
703
315
-426
-180
349
-55
-566
61
901
491
-423
-336
275
139
-299
5
473
145
-284
138
638
227
-346
-124
210
-82
-163
556
880
32
-644
-88
467
-119
-654
111
1025
592
-392
-432
83
-5
-395
-149
448
521
111
-165
-138
57
261
131
-360
-416
380
965
384
-410
-202
221
-327
-878
-13
1156
721
-500
-403
526
242
-868
-667
703
1066
143
-248
300
360
-332
-478
169
459
120
9
291
353
177
97
-131
-564
-409
499
920
282
-198
202
322
-487
-845
84
833
284
-274
319
847
72
-879
-596
202
313
163
447
531
-78
-494
-164
30
-359
-351
419
766
177
-210
96
5
-753
-746
417
991
113
-576
120
797
63
-930
-594
372
459
-2
169
600
133
-838
-888
13
503
105
-210
128
428
99
-374
-388
-153
-65
21
273
352
53
-176
-25
57
-252
-398
43
441
200
-99
156
294
-348
-851
-188
723
449
-389
-249
475
270
-548
-443
312
164
-600
-297
789
738
-432
-751
46
206
-501
-380
675
746
-441
-846
92
450
-446
-717
412
996
-82
-1009
-297
680
325
-444
-199
349
-70
-738
-241
852
815
-355
-962
-333
322
95
-247
172
688
229
-703
-711
178
530
-42
-288
312
522
-311
-832
-29
836
367
-532
-357
354
246
-302
-85
528
368
-281
-321
106
137
-53
164
413
117
-219
-29
117
-238
-344
249
595
113
-216
206
331
-420
-758
123
849
249
-535
-170
503
188
-493
-322
278
221
-215
-110
342
310
-143
-331
-130
24
-42
-123
-7
287
439
102
-490
-625
-169
189
90
8
156
72
-264
-225
130
6
-486
-349
336
409
-134
-108
411
105
-829
-732
373
629
-187
-257
643
541
-887
-1366
-48
943
307
-397
59
453
-232
-833
-302
431
318
-125
-155
-12
-3
57
81
-175
-296
69
223
-312
-528
313
932
124
-880
-471
431
136
-621
-136
960
772
-445
-846
-190
160
-116
-87
412
587
205
-246
-478
-437
-28
423
345
-29
41
311
-66
-685
-347
620
677
-216
-514
130
419
-47
-215
213
292
-181
-350
-37
127
159
442
477
-222
-759
-258
375
79
-294
291
808
17
-976
-582
378
289
-278
71
692
197
-713
-486
399
420
-213
-232
248
241
-103
-26
224
46
-204
-21
154
-68
-140
265
480
141
-116
15
-49
-387
-238
423
616
114
-181
21
10
-339
-310
134
256
43
139
370
30
-554
-453
125
238
-28
103
422
144
-436
-409
58
111
-156
-36
307
184
-258
-331
-47
98
80
105
8
-272
-318
-4
167
4
-28
162
45
-370
-378
72
220
-37
14
336
87
-599
-534
350
639
-151
-684
-142
416
42
-448
-80
473
150
-592
-596
39
300
49
48
367
203
-569
-944
-349
407
468
235
385
439
-350
-1245
-833
548
1038
156
-478
44
410
-439
-1230
-466
909
972
-77
-466
99
189
-600
-828
237
1137
444
-868
-817
468
878
-320
-1210
-279
1024
616
-712
-667
510
490
-838
-1000
549
1230
-105
-1052
-2
984
38
-1084
-296
1032
715
-406
-389
294
189
-217
119
448
-103
-504
119
586
31
-275
370
383
-857
-1184
445
1555
403
-839
-149
653
-358
-1313
-98
1474
920
-480
-405
218
-409
-1030
132
1464
686
-821
-526
599
133
-1071
-539
1021
922
-606
-948
160
477
-438
-629
407
804
-166
-789
-39
679
117
-668
-255
686
607
-316
-575
129
493
-104
-586
-74
607
374
-306
-331
150
196
-201
-292
-2
184
266
409
234
-362
-566
-67
129
-385
-350
706
1038
-244
-1098
-75
732
-533
-1605
44
2183
1329
-1051
-1093
593
326
-1628
-1483
1064
2208
674
-593
-126
-59
-1385
-1853
-148
1701
1722
639
-136
-561
-977
-1118
-746
60
1169
1887
1160
-587
-1373
-627
-121
-664
-525
1103
2074
885
-667
-724
-294
-627
-695
352
1153
768
350
416
-258
-1465
-1096
655
921
-561
-614
1296
1574
-819
-2006
-147
1164
-352
-1441
394
2094
734
-1212
-756
292
-581
-1540
-88
1958
1641
-162
-919
-712
-814
-714
313
1110
707
110
73
-289
-1098
-887
449
945
49
-378
354
560
-384
-802
-14
419
-198
-503
122
514
218
140
303
-250
-1125
-866
347
927
608
394
279
-409
-1037
-548
367
374
-113
85
629
471
-196
-636
-849
-739
179
1139
591
-784
-566
1008
942
-1112
-1799
11
1157
77
-439
1046
1526
-659
-2218
-707
1091
442
-541
531
1605
340
-1281
-804
211
-271
-633
785
1793
289
-1487
-832
666
370
-661
-266
564
58
-587
250
1089
128
-1098
-533
529
58
-755
92
1385
874
-589
-769
-57
-170
-582
161
1117
521
-666
-356
701
227
-1235
-1123
496
1000
-125
-527
568
951
-458
-1551
-742
403
217
-169
670
1421
294
-1511
-1553
-101
600
136
58
709
776
-21
-501
-369
-540
-938
-396
947
1453
639
-158
-244
-493
-1215
-1211
102
1408
1377
457
-144
-233
-455
-969
-1081
-198
1154
1626
699
-420
-449
11
-380
-1150
-704
701
1214
608
431
745
-84
-1833
-2085
-294
1196
1155
966
1137
174
-1779
-2146
-338
954
440
194
1237
1389
-407
-1769
-1104
-175
-261
190
1729
1882
-382
-2066
-914
849
518
-665
-239
1171
1371
274
-645
-860
-686
-131
589
765
354
49
-103
-500
-626
107
634
-190
-1020
67
1796
1304
-971
-1759
-310
675
-91
-588
482
1313
325
-1072
-970
-32
-9
-708
-471
914
1683
677
-914
-1271
-524
-234
-585
-89
1436
1888
251
-1399
-1166
-353
-704
-943
688
2492
1681
-838
-1927
-1187
-600
-369
780
2021
1307
-705
-1449
-652
-96
6
714
1310
374
-928
-444
882
502
-1009
-833
1011
1618
169
-970
-417
409
218
-298
-249
79
213
258
305
120
-418
-1076
-1241
-249
1459
2038
537
-1234
-1120
35
33
-709
-111
1412
1486
71
-642
-350
-735
-1589
-895
1125
1972
995
-81
-564
-1139
-1291
-83
1167
683
-322
210
1052
-53
-1686
-1038
719
459
-1056
-706
936
752
-817
-595
1088
811
-1541
-2379
-518
1412
1773
1484
809
-940
-2538
-1893
223
1247
1053
1303
1550
107
-2034
-2267
-736
276
544
1507
2410
1036
-1906
-3080
-1386
798
1460
1075
635
153
-395
-645
-621
-640
-516
57
720
888
449
-405
-1208
-1051
279
1180
148
-1438
-906
1408
2363
805
-1019
-1393
-1151
-893
311
2114
2235
242
-1230
-762
-359
-1366
-1641
554
2898
2398
-6
-1426
-1509
-1611
-1295
609
2623
2088
-358
-1406
-211
571
-546
-1539
-515
1249
1654
879
212
-333
-1200
-1565
-550
832
1026
393
370
840
453
-835
-1580
-1123
-186
700
1561
1802
619
-1233
-1904
-1017
-69
74
272
1151
1767
1082
-479
-1755
-2104
-1395
240
1998
2599
1538
-337
-1785
-2193
-1558
-196
1252
2049
1891
1009
-225
-1458
-2196
-1896
-432
1544
2769
2243
251
-1738
-2496
-2030
-930
507
1869
2277
1372
-59
-1227
-2148
-2523
-1266
1479
3364
2558
176
-1591
-2246
-2181
-1004
1169
2481
1747
403
-102
-689
-2018
-2131
208
2419
1875
198
18
216
-1205
-2285
-290
2566
2195
-362
-872
593
352
-1595
-1503
922
1700
-312
-1594
-467
357
-642
-1059
479
1483
195
-1219
-643
519
418
38
733
1279
122
-1562
-1687
-505
271
356
658
1047
502
-816
-1464
-817
140
507
761
1568
2151
1107
-1242
-2725
-2022
-253
915
1407
1763
1381
-412
-2398
-2701
-1458
-230
711
2156
3298
2091
-1283
-3804
-3327
-926
1226
2388
2704
1944
139
-1675
-2438
-2081
-967
767
2653
3500
2378
-251
-2757
-3556
-2195
336
2358
2851
2026
594
-959
-2174
-2431
-1492
181
1921
3093
2834
670
-2233
-3561
-2296
168
1866
2255
1803
797
-519
-1487
-1654
-1285
-642
517
1984
2490
1086
-1309
-2679
-2096
-469
779
1119
921
621
270
-211
-718
-1072
-1181
-863
142
1454
1794
373
-1651
-2275
-1245
-247
-270
-322
530
1435
1177
71
-826
-1278
-1342
-374
1753
3269
2277
-398
-1998
-1398
-125
353
466
1002
1411
846
-238
-815
-807
-635
20
1495
2589
1584
-960
-2253
-880
1260
1705
625
-239
-476
-825
-1037
-277
765
567
-499
-630
115
-235
-1768
-1904
382
2430
1779
-372
-1590
-1705
-1564
-624
1450
2696
1373
-885
-1391
-552
-583
-1297
-589
1491
2564
1657
113
-1115
-2160
-2352
-642
1902
2765
1461
-105
-828
-1416
-2084
-1825
-384
1161
2036
2136
987
-1521
-3654
-3320
-888
1391
2358
2332
1318
-768
-2641
-2780
-1587
-335
1094
3082
4014
2053
-1473
-3291
-2318
-111
2077
3912
4296
2165
-1094
-2663
-1820
-211
1100
2413
3318
2427
-252
-2636
-2899
-1258
835
2160
2183
1013
-611
-1667
-1463
-158
1120
1174
241
-150
546
964
268
-161
769
1543
599
-647
-245
702
282
-308
872
2118
703
-1695
-1393
779
987
-606
-452
1285
844
-1848
-2707
-923
-132
-1213
-837
1361
1178
-2413
-4666
-2904
-575
-580
-781
567
863
-1578
-3646
-2727
-1139
-1505
-2117
-789
683
-139
-1957
-2325
-1727
-1757
-1804
-661
703
682
-412
-1371
-1978
-2286
-1685
-62
1489
1933
1115
-747
-2835
-3411
-1579
1088
2421
2264
1508
113
-1689
-2028
36
2278
2376
1338
1142
1221
419
37
1470
3039
2728
1825
2314
3062
2257
1188
1857
3211
3449
3535
4772
5513
4050
2166
2204
3300
3909
4923
6814
7088
4338
1520
1616
3359
4564
5713
6859
5408
955
-2022
-382
2939
4173
4022
3862
1852
-2575
-5301
-3528
-639
-514
-1705
-1874
-2926
-6538
-9376
-8221
-5661
-5567
-6987
-7426
-8004
-10337
-12201
-11210
-9354
-9401
-10263
-9971
-9736
-11151
-12693
-12462
-11211
-9994
-8275
-6539
-6855
-8892
-9488
-7668
-5779
-4805
-3483
-2546
-4082
-6251
-4905
-915
826
-202
-85
1246
114
-2228
-195
5730
8594
6443
4730
5682
5418
3775
6229
12758
15387
11044
6837
8053
10738
11104
12465
16948
19407
16221
12326
13007
15649
15974
15944
18854
22014
21028
17363
15762
17074
18646
19529
20926
22801
23336
21435
18126
15613
15150
15694
15432
14321
12869
9014
765
-7926
-10189
-6526
-5023
-9318
-14578
-17975
-23019
-29312
-29408
-22187
-17941
-22478
-27760
-26872
-25699
-29377
-30223
-22103
-14489
-17553
-24344
-23218
-17474
-16197
-15788
-8685
-1384
-4353
-11300
-8390
1717
5082
919
449
4748
4443
-279
324
5740
5024
-2732
-6526
-3716
-3918
-10079
-13221
-9924
-8661
-13915
-18786
-18406
-17294
-18391
-17320
-12675
-10522
-13314
-14504
-9396
-2463
994
2545
5528
9102
11568
14002
17176
19512
20651
22867
26907
29917
29251
25941
23391
24062
27293
29509
27621
22713
18654
17319
17802
19311
20925
19850
14930
10472
10909
13731
14290
14510
18334
21801
18238
10906
8994
12963
15784
16237
17524
15532
4393
-7967
-7304
3942
8918
2101
-5856
-9702
-15327
-21566
-18220
-7286
-4606
-14031
-21121
-19209
-19412
-26425
-27604
-17444
-10738
-17977
-27930
-28479
-25255
-25219
-21206
-9057
-1927
-9655
-19629
-16136
-4697
610
931
5288
10836
9296
4385
5243
9511
9149
6606
9454
14176
10598
-710
-8964
-9055
-5665
-3609
-3984
-8172
-16755
-25314
-28097
-25020
-20509
-17519
-16362
-16755
-17685
-17569
-16112
-13416
-7803
959
7468
6024
-439
-3229
1021
8513
15541
20032
18318
9536
1706
3947
13558
19794
18934
16191
14543
12162
9992
11511
15059
15557
13157
11594
9787
4242
-2054
-2575
2288
6090
5801
2895
-1726
-6202
-5284
2598
10365
11977
11400
14362
18313
19188
20263
24900
28658
28078
28179
31379
29601
18869
10393
13924
20998
18760
9575
2297
-4452
-14088
-18697
-11914
-4933
-11021
-23355
-27082
-24080
-25650
-29385
-25106
-17086
-18271
-26982
-30340
-26821
-24892
-23276
-13980
-2363
-2541
-13071
-17326
-8773
2490
8923
13205
15757
12329
6404
7994
17171
22864
20213
15904
14499
12435
7916
4985
5186
5004
3159
1694
-492
-6489
-13880
-16715
-14736
-13233
-14617
-16927
-19053
-20852
-20219
-16244
-12673
-12500
-12440
-8478
-3062
-900
-1383
-757
1943
5932
11284
16063
15743
10053
5553
7233
12320
15708
16140
14192
10156
6689
7481
11048
12007
9611
7992
7545
4528
-301
-1851
-89
105
-1481
-1100
-694
-5272
-11115
-9413
-1795
1326
-1654
-1957
2751
5310
4413
7087
13392
14920
11655
13503
21148
22728
14823
9397
13443
18424
17068
14222
13250
8016
-2686
-8237
-3465
1280
-3081
-10895
-14509
-17139
-22835
-25993
-21799
-16721
-18366
-23889
-27284
-29077
-30527
-27373
-18016
-10001
-10257
-15489
-18429
-16747
-10899
-999
9138
12492
8244
3940
5053
9649
15225
21892
26557
23694
14960
9030
9523
11967
13781
16662
17770
10629
-2236
-9149
-5439
833
2194
-187
-4542
-12436
-20509
-20137
-10786
-3389
-5236
-11078
-13770
-13809
-13160
-9350
-1913
3352
2516
-578
-1091
413
2110
5058
9257
11153
8673
4460
1943
2083
4658
8459
10222
7776
3608
1362
866
751
2331
5601
5837
529
-4969
-5317
-3384
-3536
-3339
-340
97
-6120
-11772
-8563
-951
1877
1166
3171
5453
2734
318
6437
16157
18354
14283
13487
15617
13168
8796
11997
20310
21378
13208
5728
2850
-265
-2721
1582
8214
4679
-9105
-19137
-18506
-14560
-13043
-11347
-10285
-16166
-26802
-30481
-23491
-15211
-12257
-11240
-10408
-13798
-19338
-17036
-4711
6832
9448
6975
4970
3238
3014
9322
20499
26216
21582
13799
10410
10444
11272
14233
18360
17607
9845
1404
-1747
-904
405
1528
1657
-1837
-8653
-14220
-15468
-13802
-11536
-9792
-9977
-12751
-15682
-15815
-13506
-10477
-6753
-3143
-2808
-5965
-7506
-4490
-826
179
1414
4624
5011
55
-3834
-1187
3446
4276
4058
6318
6441
778
-3556
609
7338
6935
1584
-452
250
-1983
-4938
-2732
1347
-497
-6317
-7567
-3963
-2820
-5262
-5018
-478
2986
3039
3300
5637
7726
8996
11953
16510
18654
16156
12044
11399
16121
22527
24117
18417
10282
5958
6087
8012
10813
12497
7470
-4900
-14337
-12171
-4794
-3734
-8321
-11098
-13655
-20972
-26040
-18846
-6609
-5282
-13845
-17507
-13639
-12268
-12852
-5091
6990
7340
-3416
-6829
2379
9596
8684
10529
17458
16264
4975
340
8863
15485
11200
6993
9506
7846
-2900
-9004
-2489
4054
337
-5367
-5701
-8382
-17272
-20344
-11134
-2840
-6630
-14057
-14588
-12620
-13715
-11709
-3285
1385
-4018
-9641
-6809
-2087
-2320
-1629
4591
8137
2882
-2994
-1285
3089
3810
4577
8555
9526
3869
-744
1846
6168
6137
4856
5663
4579
-700
-4467
-2571
737
812
-1104
-3248
-6273
-8394
-6286
-2068
-954
-2187
-1015
2102
3525
4642
8364
11610
11203
11530
15852
17630
12430
9277
16225
24303
21393
12283
8402
8050
4646
3377
9723
12585
737
-14326
-14897
-6387
-6175
-13101
-13992
-11532
-17808
-27042
-23469
-11441
-9278
-16892
-18042
-11729
-12000
-17885
-13511
697
6090
-1854
-6825
-1305
3736
3463
7307
16158
16545
5693
-570
6279
14552
13983
10570
10719
9039
2076
-1975
2403
7575
5764
551
-2559
-5590
-10205
-10927
-4614
1638
-215
-8052
-13735
-13141
-7639
-595
3535
1028
-6310
-11050
-7753
1032
7706
7129
812
-4930
-4706
1304
8253
11443
9474
4322
519
2351
8779
13192
11339
6688
4459
4468
4390
4966
6263
4345
-1690
-5487
-3411
-1680
-5504
-9342
-7490
-5287
-8576
-11456
-7254
-2127
-3732
-6127
-1199
4937
3562
896
5959
11537
7327
1612
7743
18541
17764
8595
6198
9717
7428
2534
6554
13041
6268
-8296
-11092
-2655
-1396
-9762
-12813
-9380
-13477
-23856
-23397
-11709
-7790
-16187
-20400
-14654
-12325
-16906
-14517
-2796
1757
-5942
-9716
-1725
5015
3180
3650
11080
12966
4704
930
9556
17492
14439
9063
9586
9649
5362
5574
12908
14613
4765
-3542
-424
4803
2065
-2934
-2889
-2547
-6053
-6853
-2024
-843
-7596
-11534
-5583
429
-2777
-8199
-6617
-2267
-2062
-2429
720
1578
-3556
-5992
1024
9012
8013
3055
3995
8646
9387
8026
10536
13952
11888
7559
8438
12339
11271
5893
3904
5947
4997
-459
-3794
-2173
-1049
-4005
-6901
-6095
-4827
-6378
-7315
-3758
647
245
-2670
-1538
2889
3745
620
1022
7203
11510
8926
4740
4344
4909
3753
5121
10240
10485
931
-8345
-6461
925
1336
-5061
-9737
-12338
-17385
-20643
-15573
-8859
-12250
-22270
-25245
-19702
-16116
-16700
-14104
-9056
-10132
-15485
-13659
-4089
1417
-432
-273
4805
6383
2490
2373
8958
13374
11616
10494
12488
10960
5425
5402
13074
17422
12056
4731
2928
3576
3150
4633
8007
6520
-986
-5649
-2586
1704
1435
-50
474
-568
-4839
-6723
-2949
1180
741
-1689
-2661
-3555
-5086
-3865
839
3863
2047
-736
-116
2875
5498
7487
8824
8261
6379
5966
7838
9811
10227
9078
6336
2749
926
1926
2756
808
-2077
-3539
-4725
-6458
-6266
-3712
-3120
-6006
-7069
-3299
95
-905
-1768
1200
2784
-960
-3247
2353
9626
9663
5229
3618
3349
667
880
8661
14670
7904
-4723
-7682
-649
3728
1286
-1903
-5384
-13299
-19852
-14988
-4160
-3629
-15187
-23764
-21678
-16953
-15204
-11991
-7276
-9112
-16982
-18358
-8721
439
520
-2190
-675
1226
-155
770
7487
12602
9939
5267
5935
9116
9243
8491
10696
12388
9092
4486
4546
7504
7648
5018
3800
4317
3576
1557
879
1652
1708
850
655
915
-82
-2120
-2918
-1523
232
73
-2108
-4325
-4660
-3014
-797
609
640
-550
-1794
-1031
2558
6710
8164
6535
4440
4094
5628
8165
10254
9853
6392
2494
1315
2621
3527
2282
-577
-3614
-5245
-4632
-3369
-4132
-6462
-6936
-4779
-3304
-4139
-4652
-3103
-1392
-588
815
2234
922
-1404
809
7113
9916
6337
2658
3432
5252
5373
6698
9407
7829
1244
-2338
820
3652
808
-2957
-3455
-4978
-10103
-12649
-9029
-6190
-9796
-14546
-14539
-13168
-14332
-14048
-9599
-7048
-10583
-13819
-10601
-5292
-3759
-3443
-919
108
-2760
-3448
2266
7989
7100
3547
3720
5830
5903
6204
9069
10143
6276
2797
4661
7581
6054
3094
3670
5232
3264
255
773
2859
2238
345
592
1152
-1132
-3604
-1936
1729
1785
-1960
-4706
-4210
-2365
-620
1022
1418
-625
-2984
-1916
2667
6700
7077
4878
3133
3394
5229
7558
9253
9137
6816
3784
2483
3471
4478
3356
866
-1034
-2343
-4122
-5562
-5049
-3609
-3974
-6251
-7827
-7605
-6870
-5960
-3932
-1862
-2228
-4272
-4190
-1026
1903
2637
3127
4576
5021
3808
3859
6628
9036
8508
7026
6904
6605
4585
3340
5117
6961
4921
512
-1917
-1922
-2065
-2519
-1974
-2157
-5604
-9957
-10366
-7122
-5260
-6753
-8738
-9451
-10027
-10022
-7338
-3543
-3240
-6621
-8387
-5759
-2027
-415
16
451
-89
-1080
215
3574
5079
3468
2069
2673
3065
2339
2770
4458
4105
1272
-126
1351
2420
1520
1156
1900
813
-2004
-2233
856
2390
165
-1996
-1624
-1257
-2132
-1526
807
845
-2112
-3204
-398
2010
1310
651
2210
3194
2072
1999
4532
6286
5232
4253
5289
5872
4457
3449
4129
4044
2034
533
587
-160
-2483
-3790
-3207
-3320
-5101
-6146
-5533
-5513
-6778
-6923
-5164
-3956
-4416
-4516
-3211
-2137
-1942
-970
1084
2089
1352
1045
2447
4023
4481
4725
5455
5562
4414
3500
4220
5674
6046
5015
3606
2514
1748
1459
1905
2495
1870
-375
-2677
-3148
-1923
-867
-1158
-2355
-3650
-4516
-4239
-2577
-960
-1184
-2795
-3669
-3091
-2181
-1453
-471
220
-485
-1850
-1964
-781
60
167
367
337
-735
-1710
-848
962
1415
451
-305
-640
-1127
-818
985
2213
829
-1382
-1416
242
1054
760
652
413
-696
-1348
-308
851
315
-826
-896
-614
-975
-922
207
738
-242
-921
-125
642
508
921
2181
2207
643
78
1425
2265
1331
357
155
-619
-1754
-1274
131
-583
-3270
-4412
-3157
-2361
-3074
-3230
-2399
-2532
-3473
-2896
-1040
-525
-1355
-1041
486
964
403
832
2058
2268
1946
2724
3605
2797
1696
2574
4093
3613
1985
1637
2030
1377
598
1227
1773
356
-1452
-1385
-526
-827
-1345
-650
-116
-1168
-2044
-837
967
1205
635
832
1216
915
988
2238
3245
2765
1809
1630
1879
2016
2302
2511
1924
1046
1080
1679
1545
888
849
1120
685
26
97
247
-416
-985
-521
-138
-953
-1846
-1601
-1141
-1416
-1468
-747
-699
-1885
-2363
-1056
188
-92
-677
-491
-469
-917
-415
1034
1288
-90
-849
-82
485
197
434
1090
341
-1335
-1321
261
414
-1367
-2299
-1536
-1346
-2386
-2646
-1874
-2248
-3804
-3966
-2407
-1781
-2795
-3144
-2078
-1554
-2045
-1623
-54
438
-586
-790
693
1853
1577
1276
1758
1836
1119
1094
2278
2960
1960
416
-210
-21
230
315
27
-1057
-2592
-3357
-2807
-1928
-1973
-2939
-3785
-3775
-3101
-2314
-1638
-1081
-802
-797
-489
597
1884
2401
2298
2583
3353
3693
3461
3574
4227
4458
3943
3553
3677
3650
3328
3433
3896
3690
2807
2488
2984
3082
2400
2057
2472
2528
1700
1015
1089
1133
669
401
604
428
-393
-817
-304
208
-60
-561
-620
-489
-484
-294
140
183
-362
-704
-323
90
-235
-849
-825
-272
-160
-794
-1437
-1536
-1439
-1558
-1666
-1608
-1880
-2694
-3202
-2760
-2216
-2652
-3517
-3565
-3028
-3020
-3348
-3006
-2355
-2530
-3060
-2587
-1585
-1630
-2268
-1665
-199
-74
-1298
-1574
-410
218
-299
-377
256
-8
-1145
-1158
30
143
-1242
-1912
-1223
-1162
-2302
-2695
-1806
-1644
-2815
-3331
-2500
-2149
-2830
-2632
-1069
-336
-1278
-1725
-363
1181
1545
1697
2372
2615
2217
2634
4129
4829
3925
3110
3584
4248
4051
3727
3928
3906
3251
2920
3405
3707
3162
2631
2887
3313
3123
2614
2382
2353
2275
2282
2372
2137
1479
951
997
1341
1439
1155
731
378
151
102
312
663
740
265
-390
-558
-176
139
41
-180
-340
-678
-1112
-1091
-614
-485
-1045
-1608
-1672
-1655
-1876
-1920
-1672
-1808
-2540
-3012
-2714
-2345
-2490
-2640
-2361
-2217
-2594
-2764
-2147
-1424
-1381
-1607
-1369
-872
-671
-622
-371
-157
-280
-387
-117
144
-111
-636
-857
-761
-719
-848
-1069
-1465
-2045
-2439
-2304
-1889
-1800
-2253
-2837
-3023
-2701
-2156
-1713
-1504
-1521
-1642
-1546
-916
90
851
994
864
985
1435
2020
2656
3143
3078
2518
2226
2666
3246
3207
2738
2438
2287
1986
1781
1973
2087
1568
884
865
1306
1338
881
612
702
713
607
751
989
797
348
384
965
1341
1168
926
971
1081
1137
1395
1813
1886
1484
1195
1441
1867
1947
1708
1473
1313
1169
1134
1213
1109
650
154
2
52
-105
-521
-920
-1191
-1429
-1607
-1672
-1824
-2233
-2591
-2479
-2101
-2041
-2357
-2526
-2299
-1963
-1700
-1389
-1108
-1118
-1212
-857
-132
236
11
-206
2
288
328
337
413
209
-305
-535
-250
-94
-546
-1116
-1226
-1128
-1297
-1529
-1456
-1341
-1552
-1758
-1497
-1071
-1044
-1208
-964
-410
-145
-196
-66
302
513
576
873
1278
1238
797
649
1018
1328
1174
826
555
243
-93
-122
123
75
-522
-1173
-1370
-1235
-1133
-1143
-1217
-1420
-1680
-1696
-1348
-939
-769
-761
-664
-395
-38
318
631
908
1214
1570
1914
2171
2348
2489
2649
2909
3239
3404
3230
2908
2780
2870
2922
2812
2562
2134
1557
1125
1030
983
617
51
-387
-721
-1109
-1401
-1434
-1458
-1714
-1961
-1956
-1936
-2088
-2038
-1525
-1015
-972
-1088
-901
-552
-269
199
887
1159
745
435
889
1563
1685
1439
1290
1052
563
372
723
801
10
-899
-1052
-871
-1161
-1719
-1975
-2136
-2542
-2748
-2397
-2163
-2663
-3234
-2951
-2151
-1771
-1870
-1897
-1786
-1701
-1331
-483
186
29
-480
-433
211
792
997
952
712
368
293
642
949
742
213
-152
-224
-183
-178
-333
-710
-1086
-1125
-904
-836
-1047
-1260
-1287
-1165
-877
-453
-211
-352
-475
-65
703
1253
1468
1653
1875
2046
2388
3081
3711
3774
3518
3559
3903
4106
4103
4131
4070
3659
3152
2990
3000
2690
2096
1632
1289
769
187
-103
-231
-599
-1132
-1436
-1540
-1745
-1956
-1860
-1622
-1649
-1820
-1694
-1303
-1023
-843
-490
-99
-7
-25
307
854
1082
979
979
1101
1003
773
815
975
699
43
-368
-414
-606
-1079
-1422
-1589
-2022
-2686
-2974
-2805
-2835
-3321
-3698
-3628
-3528
-3649
-3605
-3233
-3014
-3146
-3077
-2485
-1904
-1793
-1756
-1328
-777
-502
-305
91
422
432
482
925
1384
1343
1000
896
1055
1130
1039
916
679
230
-161
-192
-59
-199
-648
-1044
-1168
-1107
-1005
-941
-968
-1049
-1008
-721
-298
49
253
426
726
1220
1801
2244
2474
2662
2991
3416
3765
3963
4024
3956
3844
3834
3907
3818
3451
3004
2693
2448
2106
1677
1248
814
387
74
-130
-405
-810
-1142
-1243
-1225
-1250
-1305
-1320
-1296
-1191
-926
-576
-344
-252
-97
211
527
742
913
1064
1127
1145
1236
1337
1249
988
793
731
600
278
-109
-456
-823
-1213
-1511
-1744
-2114
-2642
-3071
-3230
-3286
-3453
-3678
-3809
-3836
-3811
-3686
-3425
-3166
-3032
-2902
-2564
-2051
-1600
-1303
-1010
-604
-161
226
571
889
1103
1211
1354
1598
1764
1654
1368
1181
1164
1122
905
553
157
-245
-565
-698
-732
-932
-1382
-1801
-1884
-1695
-1544
-1557
-1605
-1567
-1433
-1150
-671
-161
110
182
423
994
1598
1936
2117
2365
2621
2763
2921
3193
3334
3137
2871
2871
2939
2697
2263
2007
1862
1504
1026
750
576
186
-264
-394
-367
-631
-1059
-1144
-916
-842
-928
-805
-532
-476
-488
-133
418
629
586
832
1327
1575
1594
1806
2109
2075
1869
1989
2246
2062
1556
1318
1310
1034
564
330
158
-424
-1149
-1391
-1311
-1558
-2102
-2429
-2572
-2895
-3162
-2927
-2524
-2594
-2951
-2925
-2508
-2165
-1886
-1409
-981
-955
-967
-485
238
610
670
807
973
967
1011
1303
1490
1249
897
798
747
477
183
29
-241
-721
-1062
-1145
-1338
-1752
-1996
-1954
-2015
-2264
-2308
-2096
-2023
-2083
-1827
-1301
-1031
-1028
-761
-211
121
240
632
1218
1433
1340
1548
2038
2216
2066
2117
2328
2170
1743
1659
1849
1669
1107
769
701
399
-118
-335
-300
-548
-1031
-1185
-1016
-1059
-1338
-1346
-1038
-880
-920
-754
-370
-158
-96
225
785
1135
1206
1392
1796
2105
2215
2364
2586
2631
2474
2389
2447
2390
2112
1824
1658
1459
1107
731
469
241
-73
-416
-680
-904
-1182
-1434
-1506
-1454
-1495
-1663
-1741
-1620
-1466
-1402
-1308
-1111
-955
-894
-715
-332
-20
34
55
267
480
485
449
547
573
341
83
23
-54
-373
-712
-829
-933
-1263
-1607
-1704
-1734
-1942
-2164
-2174
-2122
-2202
-2242
-2070
-1882
-1863
-1808
-1507
-1135
-910
-726
-426
-103
174
541
1015
1343
1411
1463
1698
1989
2157
2205
2157
1972
1729
1600
1567
1416
1069
653
271
-57
-288
-442
-662
-993
-1257
-1338
-1368
-1464
-1527
-1495
-1481
-1499
-1365
-1071
-876
-846
-717
-351
37
307
607
993
1279
1436
1701
2118
2411
2463
2484
2595
2664
2643
2657
2668
2494
2175
1955
1858
1682
1403
1166
951
642
346
235
192
-18
-316
-456
-453
-492
-565
-553
-507
-525
-518
-379
-216
-158
-136
-57
26
78
152
196
69
-145
-201
-113
-147
-356
-532
-654
-889
-1174
-1265
-1236
-1411
-1791
-2061
-2147
-2248
-2384
-2390
-2340
-2453
-2630
-2586
-2355
-2181
-2036
-1749
-1431
-1279
-1124
-715
-226
31
173
475
812
919
945
1169
1433
1432
1305
1359
1467
1315
1036
961
991
788
401
148
11
-268
-632
-800
-806
-943
-1238
-1427
-1430
-1422
-1469
-1446
-1308
-1168
-1062
-903
-656
-370
-68
251
527
718
889
1142
1461
1758
2007
2233
2407
2465
2444
2477
2611
2698
2577
2317
2125
2042
1891
1600
1339
1219
1061
703
316
148
115
-35
-271
-365
-314
-338
-473
-507
-355
-184
-125
-112
-59
25
118
214
286
333
421
543
568
461
385
439
466
322
130
36
-75
-352
-649
-753
-771
-966
-1314
-1563
-1650
-1743
-1902
-2006
-2022
-2049
-2101
-2069
-1938
-1823
-1739
-1570
-1295
-1049
-892
-716
-450
-173
47
266
505
660
689
732
896
1058
1038
875
736
665
584
477
362
180
-104
-375
-529
-662
-903
-1157
-1272
-1331
-1496
-1681
-1693
-1602
-1610
-1642
-1460
-1135
-980
-1016
-897
-476
-24
209
320
516
804
1090
1375
1709
2063
2333
2435
2410
2431
2603
2766
2688
2434
2276
2225
2001
1563
1249
1205
1125
763
322
64
-104
-346
-560
-604
-596
-708
-894
-1015
-1045
-991
-882
-844
-975
-1111
-1027
-807
-674
-549
-208
216
391
357
450
682
743
594
535
650
687
543
420
441
495
494
467
396
233
42
-100
-229
-369
-454
-524
-730
-1017
-1131
-1037
-989
-1062
-1041
-878
-798
-818
-693
-426
-321
-410
-376
-157
-53
-136
-116
83
195
141
150
258
242
89
22
57
5
-136
-227
-323
-512
-636
-579
-570
-764
-898
-784
-722
-943
-1130
-1013
-901
-1078
-1232
-1052
-824
-852
-862
-551
-173
-35
45
294
538
644
809
1085
1193
1111
1186
1445
1519
1400
1480
1726
1666
1330
1248
1417
1267
754
471
549
468
93
-102
-1
-32
-284
-354
-180
-148
-332
-422
-387
-467
-594
-562
-531
-708
-821
-615
-408
-494
-521
-170
181
201
298
798
1197
1062
901
1231
1612
1470
1144
1176
1299
1053
718
725
800
506
59
-124
-172
-392
-675
-800
-852
-885
-701
-279
92
325
630
960
966
581
61
-525
-1299
-2070
-2435
-2321
-1941
-1353
-546
306
1031
1625
1943
1725
1148
716
432
-136
-844
-1040
-791
-853
-1231
-1124
-521
-389
-895
-1050
-566
-393
-887
-1135
-749
-588
-1032
-1220
-737
-414
-679
-767
-286
-7
-331
-519
-168
50
-218
-302
144
466
308
268
698
1061
990
873
959
917
629
451
482
414
227
200
291
241
162
277
351
94
-232
-298
-342
-644
-910
-824
-657
-679
-616
-282
-40
-65
42
413
561
354
348
678
701
266
126
517
597
12
-337
100
495
167
-180
207
733
597
230
391
740
541
49
-22
220
176
-142
-301
-301
-376
-384
-160
15
-62
-61
228
405
213
114
455
763
582
314
464
716
563
247
272
467
352
-12
-244
-340
-504
-672
-736
-852
-1084
-1180
-1076
-1073
-1216
-1119
-754
-649
-963
-1125
-830
-563
-691
-830
-622
-348
-315
-309
-125
57
141
323
594
717
773
1024
1249
1069
781
912
1161
892
440
639
1256
1299
731
442
554
292
-454
-897
-789
-728
-923
-892
-504
-215
-256
-447
-711
-986
-961
-581
-302
-265
-2
523
644
277
200
503
308
-393
-432
364
737
394
576
1463
1521
389
-264
181
218
-604
-559
789
1259
-98
-1086
-282
430
-531
-1509
-822
81
-572
-1541
-914
453
656
30
82
642
532
-103
-211
303
781
1050
1224
1153
895
872
1036
852
399
329
591
462
-64
-209
178
406
153
-212
-473
-779
-1114
-1328
-1445
-1427
-1121
-765
-798
-987
-742
-362
-649
-1263
-1113
-362
-229
-717
-585
311
782
557
604
1023
880
260
294
989
1232
964
1182
1790
1688
924
605
763
460
-192
-177
404
458
-152
-548
-484
-480
-640
-658
-597
-608
-475
-199
-218
-528
-619
-554
-797
-965
-356
401
163
-549
-363
349
163
-599
-480
248
221
-159
463
1413
1053
35
121
653
-222
-1723
-1607
-273
124
-233
404
1377
588
-1226
-1376
67
511
-472
-694
421
951
122
-493
27
578
259
-273
-249
81
238
319
671
1303
1694
1195
-38
-902
-740
-240
-141
-49
374
373
-433
-1025
-794
-665
-1053
-856
93
120
-1142
-1642
-605
-23
-728
-727
596
790
-965
-1850
-483
572
-187
-477
905
1501
152
-511
813
1565
481
16
1178
1381
-197
-670
910
1610
390
-36
1049
818
-1123
-1447
480
1186
-298
-790
583
748
-995
-1488
33
492
-908
-1269
117
495
-722
-844
648
1081
-208
-844
-73
286
-249
-266
266
114
-428
-230
240
96
13
458
268
-789
-919
226
545
-346
-176
1201
978
-1060
-1542
283
1097
-124
-413
953
919
-988
-1303
737
1679
431
-66
1020
1059
-324
-487
701
760
-36
635
1780
769
-907
-153
1353
190
-1749
-642
1556
617
-1637
-752
1514
448
-2337
-1775
1007
881
-1605
-1637
602
732
-1234
-1294
634
829
-1033
-1613
-209
653
236
150
664
595
-45
-392
-440
-296
418
1140
769
22
369
901
-36
-995
247
1866
812
-1232
-636
1287
762
-1100
-555
1217
374
-1779
-1092
1279
1035
-950
-581
1214
450
-1756
-1229
1050
933
-769
-260
1383
403
-1827
-1209
1053
752
-1255
-990
835
543
-1100
-570
1309
989
-936
-1113
165
115
-815
-160
1345
1136
-302
-647
-87
-246
-620
87
994
704
-2
88
294
-181
-413
257
740
339
45
383
397
-214
-375
187
398
-34
-187
157
247
-37
-179
-195
-268
-40
368
33
-919
-1015
-79
241
-380
-228
905
927
-535
-1114
-71
357
-566
-601
829
1151
-380
-982
406
1030
-373
-1104
264
1099
-203
-1159
14
1062
116
-878
-110
703
-147
-1069
-395
462
-91
-776
-69
822
260
-826
-760
-1
80
-251
101
866
885
101
-472
-346
0
110
184
538
885
615
-217
-707
-351
160
102
-57
343
675
10
-996
-955
-70
221
-299
-445
89
200
-586
-1232
-866
2
421
196
-252
-548
-565
-334
44
447
634
354
-193
-383
-110
-13
-223
98
1071
1327
193
-822
-365
496
283
-261
191
887
487
-281
-75
392
-156
-905
-490
302
147
-130
623
1131
-119
-1640
-1193
292
442
-349
-28
1045
824
-479
-776
92
302
-454
-600
200
479
-171
-316
641
1266
458
-741
-834
-102
103
-352
-265
690
1130
155
-944
-608
406
325
-520
-379
570
510
-493
-501
549
610
-472
-498
770
870
-689
-1216
255
1129
32
-789
153
951
198
-471
106
412
-375
-607
338
604
-345
-451
775
957
-578
-1232
63
860
-129
-756
191
692
-350
-871
249
914
-141
-933
-105
518
-425
-1169
-159
1053
640
-431
-443
167
44
-639
-739
-42
633
621
64
-238
226
734
197
-847
-716
538
967
107
-183
700
852
-387
-838
450
1128
-181
-1149
22
1249
449
-672
-49
792
-212
-1560
-919
595
603
-305
-143
562
44
-1128
-1103
-114
214
-160
-97
318
176
-267
-125
351
281
-265
-562
-397
49
656
1043
756
131
-82
14
-138
-209
350
784
169
-544
66
1109
718
-504
-479
470
183
-1112
-985
687
1318
201
-438
218
212
-1075
-1378
229
1344
362
-802
-281
627
192
-649
-364
348
156
-410
-213
358
365
6
-196
-442
-747
-461
319
502
-73
-269
148
31
-782
-927
-74
357
-127
-235
445
550
-283
-511
316
500
-559
-976
226
1233
688
10
499
877
-94
-1062
-488
595
588
84
306
636
51
-623
-252
330
-127
-832
-389
508
253
-729
-722
203
315
-701
-1191
-346
540
325
-252
-119
256
-108
-772
-530
475
893
408
160
578
578
-301
-719
206
1130
638
-288
-1
909
769
-138
-234
376
216
-667
-768
76
481
61
-154
127
59
-485
-670
-347
-163
-214
-114
-10
-149
-92
347
422
-94
-233
245
164
-616
-443
937
1328
-19
-688
555
1287
-75
-1111
69
1063
-316
-1634
-221
1658
782
-1190
-924
484
-77
-1676
-1187
709
800
-798
-1181
-74
155
-739
-677
549
929
-44
-752
-479
-64
156
583
906
592
185
328
468
93
-17
632
966
255
-335
233
955
588
-199
-201
218
29
-601
-777
-348
147
282
-63
-641
-865
-572
-428
-723
-655
90
348
-482
-995
-212
406
-396
-1054
56
1317
582
-791
-283
1169
886
-579
-492
1020
1283
-29
-526
455
959
210
-300
136
396
-25
-256
-28
-59
-364
-283
-6
-192
-492
-257
22
-329
-708
-423
-135
-441
-466
370
852
94
-629
-149
433
-51
-504
281
1174
799
81
322
706
145
-382
209
821
289
-276
300
840
121
-631
-109
449
-309
-1056
-272
732
194
-842
-612
75
-333
-994
-417
516
262
-404
-56
496
-111
-945
-460
594
693
331
657
996
312
-485
-191
393
160
-95
568
1126
527
-210
-14
168
-534
-903
-19
640
-174
-1009
-369
458
-144
-1062
-651
124
-356
-1161
-576
555
342
-652
-523
426
363
-588
-566
577
1004
149
-399
219
750
209
-360
228
1194
1002
-179
-779
-219
409
210
-237
-74
348
139
-547
-733
-242
46
-297
-594
-317
-7
-270
-658
-394
278
424
-130
-545
-259
223
211
-66
146
815
999
281
-415
-115
656
673
20
-61
682
1001
253
-496
-271
276
184
-214
-170
52
-147
-466
-348
-71
-142
-349
-363
-427
-640
-511
20
246
14
39
308
-83
-890
-627
686
1102
140
-191
870
1187
-297
-1198
178
1591
753
-589
48
1303
607
-993
-831
488
436
-684
-569
603
633
-520
-877
-221
-156
-805
-753
64
344
-57
-169
14
-166
-393
-112
102
-237
-247
583
1036
352
-187
311
603
-154
-557
312
925
209
-345
355
811
-71
-750
-97
376
-411
-898
-40
526
-279
-835
-115
250
-668
-1120
-166
425
-279
-581
245
395
-647
-764
591
1055
-130
-616
429
764
-284
-377
1003
1231
-295
-745
692
1178
-234
-757
589
1017
-484
-1087
316
926
-432
-1019
344
884
-679
-1544
-198
770
-252
-935
242
1006
-214
-1230
-300
690
3
-750
98
1147
723
-145
31
493
58
-522
-83
760
768
134
-60
387
685
263
-511
-775
-264
235
24
-287
189
773
164
-1077
-1163
-143
181
-485
-533
365
590
-298
-685
52
465
-145
-507
70
478
69
-181
337
778
484
-11
-161
-88
105
404
429
36
-151
158
233
-246
-398
141
329
-348
-803
-360
63
-153
-271
19
-78
-601
-550
-5
-75
-516
-137
554
140
-635
-81
874
213
-957
-180
1380
806
-847
-288
1560
1024
-1186
-1016
1258
1422
-696
-962
1078
1356
-815
-1442
451
1109
-607
-1214
412
940
-756
-1423
159
902
-513
-1250
37
810
-223
-858
-28
323
-506
-554
631
943
-96
-441
343
359
-586
-491
773
1057
43
-277
444
450
-414
-433
412
375
-493
-431
441
306
-663
-536
519
397
-908
-1149
35
514
-360
-727
132
512
-391
-955
-153
623
148
-557
-221
491
370
-216
-160
423
543
59
-220
63
370
252
-25
-36
158
229
121
46
77
50
-131
-328
-359
-212
-13
110
93
-37
-188
-325
-469
-527
-312
103
309
121
-77
73
240
-65
-519
-342
379
659
174
-141
361
846
353
-473
-335
511
649
-59
-258
424
662
-112
-560
127
631
-138
-964
-475
365
85
-548
-77
734
229
-973
-999
-41
171
-386
-220
659
742
-114
-498
-44
188
-90
-30
515
751
480
246
208
158
184
277
94
-134
273
898
562
-379
-351
469
302
-729
-592
636
609
-761
-882
524
675
-880
-1197
372
759
-856
-1268
587
1395
-283
-1276
134
1108
-102
-934
246
1097
177
-374
538
808
-247
-354
862
846
-591
-571
1032
1049
-695
-841
828
816
-1094
-1207
783
1017
-975
-1301
618
878
-1150
-1483
657
1221
-855
-1658
188
1153
-228
-902
411
977
-252
-767
266
635
-123
9
985
703
-423
-136
896
301
-950
-240
1259
596
-1041
-443
1220
480
-1566
-1130
970
761
-1322
-1272
829
995
-1120
-1667
188
967
-519
-1283
52
963
-33
-879
-37
870
282
-630
-303
623
690
13
-195
352
708
236
-377
-131
623
585
-317
-622
184
641
-103
-679
-55
436
-381
-1139
-445
432
-53
-776
-220
484
-220
-1167
-614
429
170
-595
-213
594
281
-478
-240
416
244
-199
89
482
216
33
460
515
-162
-299
429
496
-417
-524
545
729
-512
-920
284
737
-595
-1315
-93
784
-259
-1152
-196
727
-176
-1219
-490
623
190
-725
-292
671
428
-465
-379
436
583
27
-172
202
483
397
208
111
167
334
304
-66
-268
106
477
169
-345
-236
173
51
-379
-333
6
-104
-481
-402
-30
-50
-322
-219
82
-45
-414
-349
59
173
-5
29
257
239
23
35
239
235
60
111
394
487
256
60
146
275
130
-155
-159
170
352
74
-268
-179
78
-88
-505
-473
-28
61
-325
-420
2
167
-274
-564
-205
155
-61
-327
-29
407
321
-49
-91
155
265
200
179
238
324
429
402
142
-28
204
439
153
-250
-25
486
342
-282
-343
151
161
-403
-483
102
265
-298
-539
-57
153
-337
-544
29
399
-36
-380
18
358
2
-302
97
509
284
13
259
440
81
-157
204
472
155
-46
342
541
12
-438
-137
231
-4
-263
16
238
-126
-474
-288
-99
-317
-383
-22
78
-307
-365
124
225
-314
-442
151
330
-284
-446
341
750
91
-339
290
731
44
-550
74
823
414
-311
-41
592
304
-463
-445
184
291
-183
-345
-14
158
-87
-340
-315
-148
-71
-166
-310
-251
-6
48
-184
-226
108
236
-139
-346
69
430
164
-105
216
489
96
-298
-4
347
74
-195
180
509
120
-265
29
257
-230
-581
-78
375
-53
-498
-74
379
-76
-654
-346
206
26
-374
-129
311
171
-180
-93
124
11
-115
48
150
58
171
421
263
-109
-1
312
18
-467
-108
623
417
-357
-238
502
293
-670
-676
267
424
-375
-473
357
484
-392
-668
67
334
-297
-444
290
558
-59
-291
260
392
-233
-403
238
510
17
-154
348
478
-82
-307
133
265
-211
-343
166
379
-50
-275
35
122
-284
-433
-56
144
-109
-197
81
119
-235
-349
-32
116
-95
-99
247
322
-59
-236
89
291
-17
-250
89
466
216
-270
-187
300
324
-201
-391
91
416
-9
-488
-202
344
191
-378
-347
173
151
-414
-439
211
395
-197
-433
152
447
-148
-541
27
549
128
-374
-13
477
150
-329
-35
413
105
-343
-13
456
91
-478
-184
396
120
-516
-314
328
185
-460
-386
235
208
-388
-409
154
219
-283
-348
151
292
-102
-228
85
163
-83
-41
279
268
-20
19
272
134
-205
-69
330
254
-109
1
375
191
-331
-252
288
276
-275
-329
238
397
-133
-409
-21
245
-66
-303
-20
241
55
-127
60
208
-20
-220
-39
173
63
-70
100
282
121
-132
-81
104
45
-128
-27
239
219
-82
-189
14
88
-157
-285
-13
223
12
-272
-112
201
71
-288
-212
189
200
-175
-209
191
298
-78
-251
45
208
-34
-136
133
253
33
-22
193
135
-209
-169
243
225
-245
-245
302
348
-292
-479
125
360
-246
-521
125
514
-94
-568
-30
469
-55
-625
-151
495
128
-513
-197
457
187
-483
-267
411
240
-452
-318
402
321
-421
-397
358
368
-453
-557
301
524
-328
-641
228
655
-231
-836
-3
789
119
-738
-178
740
268
-748
-417
674
543
-511
-484
601
745
-325
-674
279
764
-49
-613
59
676
158
-444
-44
500
137
-411
-115
416
173
-335
-120
403
250
-269
-205
231
168
-225
-113
361
329
-152
-216
199
289
-99
-215
183
407
101
-176
5
258
147
-82
-35
156
149
-16
-53
76
154
63
-77
-115
-40
21
-13
-67
-27
55
18
-131
-196
-89
31
3
-87
-68
53
94
-44
-211
-181
13
74
-104
-208
5
218
41
-256
-131
231
148
-314
-354
145
316
-164
-453
-43
298
-83
-531
-264
226
115
-269
-167
171
41
-334
-252
114
75
-246
-195
134
111
-203
-194
105
117
-164
-194
61
89
-158
-173
125
224
-62
-265
-72
174
79
-176
-148
140
209
-118
-367
-115
265
130
-300
-229
290
310
-310
-482
191
553
-91
-606
-22
630
147
-591
-196
637
378
-501
-401
460
508
-258
-370
326
486
-140
-350
171
380
-39
-180
212
326
-39
-131
193
235
-87
-98
225
218
-105
-84
242
217
-104
-79
239
222
-82
-89
164
156
-54
-23
144
67
-80
36
166
11
-111
87
198
-63
-201
113
304
-28
-269
64
350
13
-363
-96
320
142
-271
-177
217
205
-145
-215
59
186
-1
-169
-77
128
159
-44
-215
-78
181
101
-250
-264
145
260
-182
-406
24
332
-70
-445
-76
366
63
-404
-169
277
58
-396
-210
228
48
-398
-238
214
87
-354
-250
170
82
-308
-197
212
116
-309
-253
157
129
-254
-227
164
179
-201
-258
95
209
-71
-195
22
144
-10
-99
34
128
47
-27
-4
18
19
62
79
14
-7
89
120
-3
-54
103
209
61
-88
39
227
142
-70
-42
175
205
-1
-97
55
171
47
-100
-16
165
143
-38
-71
97
168
11
-102
36
188
70
-130
-68
145
123
-98
-126
77
114
-107
-173
82
238
37
-148
13
206
58
-164
-49
182
81
-171
-95
172
117
-171
-150
143
143
-170
-199
133
204
-133
-243
101
259
-71
-273
30
250
-40
-284
-10
257
-10
-323
-107
210
32
-269
-93
226
75
-264
-167
146
82
-199
-141
124
82
-157
-126
83
44
-159
-146
24
25
-88
-62
26
-12
-71
-25
-9
-92
-71
75
77
-79
-63
141
147
-73
-99
110
120
-103
-97
166
184
-104
-162
109
180
-83
-171
74
173
-43
-143
43
126
-43
-117
29
92
-30
-72
27
41
-38
-13
64
14
-52
35
107
-10
-94
45
133
-38
-158
22
172
14
-136
24
183
38
-117
26
191
73
-85
0
118
34
-58
25
93
5
-53
21
36
-57
-49
61
40
-85
-56
86
70
-54
-17
119
82
-64
-58
42
22
-44
17
84
10
-54
10
29
-50
0
167
116
-116
-88
175
149
-159
-148
208
224
-183
-258
163
313
-65
-222
153
334
-41
-292
-2
238
13
-191
-12
134
-41
-153
8
79
-62
-72
70
-4
-206
-96
180
79
-234
-144
195
102
-290
-229
205
204
-237
-293
139
257
-142
-313
26
234
-41
-267
-63
168
37
-190
-139
67
110
-25
-116
-50
71
74
-52
-99
41
148
11
-158
-65
120
54
-130
-76
109
75
-85
-39
106
41
-102
-25
91
-38
-167
5
171
-15
-201
12
238
23
-242
-33
268
85
-242
-97
230
102
-243
-167
162
135
-143
-121
138
143
-73
-88
79
89
-40
-50
28
16
-23
26
52
-11
-16
68
53
-59
-37
99
83
-61
-52
80
53
-81
-46
90
55
-56
12
115
10
-102
32
150
-26
-181
2
165
-52
-250
-12
245
24
-269
-81
224
64
-239
-88
227
99
-230
-155
137
64
-226
-181
84
60
-166
-126
100
79
-125
-105
86
75
-109
-115
57
89
-57
-117
-21
27
-57
-121
-56
45
43
-49
-83
10
86
1
-117
-41
131
99
-81
-53
171
178
-72
-128
126
227
-13
-145
63
195
-8
-158
16
159
0
-146
-7
131
26
-80
11
75
-23
-47
82
91
-63
-77
73
62
-111
-83
131
118
-118
-125
123
167
-59
-111
92
131
-70
-100
111
160
-38
-99
65
110
-39
-58
96
107
-52
-71
75
91
-44
-50
76
66
-69
-59
78
84
-35
-42
52
37
-58
-31
79
75
-11
-3
68
57
4
30
81
42
-25
-15
28
25
22
55
61
19
11
50
49
9
18
56
34
-15
-3
24
-9
-27
34
51
-49
-96
12
73
-49
-134
-1
118
3
-127
-31
86
-25
-161
-48
111
21
-144
-74
86
28
-126
-69
90
53
-97
-70
70
54
-61
-28
92
50
-102
-100
36
55
-60
-87
17
60
-23
-72
-16
24
-29
-85
-57
-3
-10
-52
-41
24
47
-12
-55
4
76
34
-71
-65
37
47
-60
-93
7
61
-7
-31
73
126
27
-57
2
66
10
-47
4
54
12
-22
29
67
25
11
65
76
19
20
90
78
-17
-21
78
86
-17
-29
85
114
8
-23
81
110
0
-46
45
72
-44
-102
-3
61
-26
-96
-32
21
-56
-129
-76
-4
-30
-80
-53
-8
-25
-60
-44
-12
-13
-27
-21
-6
0
-3
-18
-41
-40
-13
-1
-21
-21
11
19
-14
-24
-2
-9
-46
-37
18
23
-27
-29
34
44
-21
-45
4
14
-45
-69
-28
-21
-71
-76
-22
-15
-67
-62
12
27
-44
-64
6
39
-17
-51
-12
2
-52
-84
-42
-10
-35
-46
-8
15
-21
-59
-55
-42
-45
-33
-4
1
-25
-37
-23
-20
-47
-76
-80
-70
-60
-59
-62
-61
-44
-25
-30
-46
-44
-28
-25
-30
-20
-11
-28
-46
-30
-6
-19
-43
-27
9
17
11
38
74
66
28
24
53
63
40
28
43
51
34
16
22
42
54
60
69
86
96
88
76
81
93
79
53
53
68
53
23
30
62
49
6
18
77
77
10
-9
46
62
5
-11
50
75
19
-9
40
59
3
-18
46
76
13
-34
3
32
-7
-27
14
31
-14
-30
14
27
-12
-17
30
32
-16
-16
30
17
-48
-42
24
21
-44
-35
54
76
9
-3
68
86
11
-22
42
77
14
-34
8
47
6
-36
2
56
36
-14
-10
26
22
-9
-4
34
39
6
-9
13
25
3
-12
12
46
50
35
32
32
16
-4
-7
-9
-34
-59
-46
-11
1
-13
-18
-8
-12
-30
-28
0
16
4
-9
0
17
26
22
16
10
3
-12
-30
-34
-19
-6
-18
-43
-46
-34
-35
-47
-35
-7
-8
-37
-50
-29
-9
-4
8
31
42
32
31
43
47
32
16
6
-1
6
27
36
18
9
37
62
46
23
37
57
35
6
23
60
57
28
34
65
58
11
-17
-3
9
-1
-11
-15
-31
-47
-41
-18
-12
-18
-11
6
4
-10
-3
17
20
-2
-24
-34
-37
-29
-11
-5
-24
-40
-24
4
0
-29
-42
-35
-40
-57
-61
-51
-55
-67
-61
-47
-58
-71
-43
10
24
-4
-8
15
8
-34
-37
11
24
-22
-43
0
25
-19
-47
2
50
21
-28
-21
1
-20
-39
-15
2
-36
-60
-18
19
-14
-49
-13
29
0
-44
-28
2
-18
-42
-13
15
-18
-58
-47
-28
-54
-72
-39
-16
-43
-57
-11
17
-21
-55
-22
10
-9
-16
22
41
2
-20
11
19
-29
-47
6
38
-7
-45
-11
22
-10
-42
-20
5
-11
-23
2
16
-8
-17
12
28
3
-13
1
3
-18
-19
1
-9
-45
-45
-7
10
-3
5
40
52
32
21
24
13
-7
-6
8
-1
-17
-5
21
28
22
20
6
-29
-44
-6
34
26
-4
-5
9
3
-8
3
15
-6
-29
-11
27
36
18
11
22
27
23
25
39
43
29
14
14
19
15
10
21
45
50
22
-6
2
28
30
11
9
28
38
29
22
27
29
20
14
18
18
14
15
22
22
20
24
26
16
4
2
7
20
32
24
-9
-31
-12
18
11
-13
1
42
49
25
22
47
48
23
17
32
25
7
19
42
19
-24
-17
23
22
-10
-2
36
28
-17
-9
54
81
54
45
78
88
52
35
56
65
39
20
24
20
8
17
39
32
6
6
30
43
38
39
34
15
2
15
18
-9
-27
-8
3
-30
-59
-39
-17
-47
-94
-96
-70
-71
-88
-77
-46
-39
-53
-62
-68
-87
-96
-80
-63
-70
-77
-58
-32
-29
-29
-9
14
7
-17
-28
-24
-18
-8
14
28
18
3
5
9
-11
-36
-31
-4
11
2
-5
3
9
2
-9
-11
-15
-30
-47
-48
-42
-50
-63
-60
-40
-18
-8
-12
-27
-47
-60
-55
-40
-29
-20
-9
-11
-31
-47
-48
-47
-59
-69
-61
-45
-41
-43
-50
-73
-101
-99
-59
-35
-58
-88
-84
-64
-61
-57
-32
-10
-16
-28
-18
-3
-2
6
33
36
-10
-54
-40
0
9
-3
4
