0
0
0
2
0
-1
1
-1
0
-1
-1
-1
0
0
0
-1
-1
1
0
-1
0
0
1
0
-1
0
-1
0
-1
0
0
0
-1
-1
0
0
-1
1
0
0
-1
0
0
0
-1
0
-1
0
-1
0
0
0
0
1
0
0
0
0
1
0
0
0
1
0
0
1
-1
0
0
-1
-1
-1
0
0
0
1
0
0
-1
0
0
1
-1
0
1
0
0
-1
0
1
1
1
1
1
0
0
0
0
1
0
-1
0
0
1
1
1
-1
0
0
0
0
0
0
0
1
1
1
1
0
1
0
1
1
1
-1
1
1
-1
0
0
2
2
1
-1
0
0
0
1
0
0
0
0
1
0
-1
1
0
-1
0
-1
0
0
0
0
-1
0
1
0
0
0
-1
0
-1
0
-1
0
0
0
0
0
0
0
-1
1
1
0
0
0
1
-1
-1
0
0
0
1
1
0
0
0
0
-1
1
1
0
-1
0
0
0
1
0
-1
0
-1
0
-1
0
0
0
0
1
0
0
0
-1
0
1
-1
-1
0
0
0
0
0
1
0
1
-1
0
0
1
0
0
0
0
1
0
0
0
0
0
0
-1
-1
0
-1
0
-1
0
1
0
-1
0
0
1
0
1
0
0
0
2
-1
-1
-1
0
-1
-1
0
0
0
-1
-1
0
-1
0
0
0
0
0
1
1
1
0
1
-1
1
0
-2
-1
0
1
1
-1
0
0
1
0
-1
0
1
-1
-1
0
0
1
0
0
0
0
0
0
0
0
0
1
-2
0
-1
0
0
0
0
0
0
0
0
-1
0
0
0
0
0
1
0
0
0
0
-1
0
0
0
-1
0
0
0
0
0
-1
-1
-1
0
0
-1
0
0
0
-1
0
0
0
0
0
0
1
-1
0
0
1
0
0
0
0
0
0
1
-1
0
-1
0
0
0
0
1
1
1
0
0
-1
-1
-1
0
0
0
0
0
0
1
0
0
-2
0
0
1
0
0
1
0
0
-1
1
1
0
-1
-1
0
-1
-1
0
0
0
1
-2
-1
1
0
1
0
-1
-1
1
1
1
1
1
0
1
0
1
1
1
0
1
2
0
0
-1
0
1
1
0
-1
0
1
0
0
0
0
0
1
0
-1
0
0
0
-1
0
0
1
0
-1
-1
0
-1
0
1
0
0
0
0
1
0
0
0
1
1
0
0
-1
0
0
0
1
1
1
0
0
1
2
0
0
0
-1
0
0
0
-1
0
0
-1
0
0
0
0
0
0
-1
0
0
1
1
0
-1
0
0
0
-1
0
1
0
0
-1
-1
-1
0
0
-1
0
1
0
0
0
0
0
0
-1
-1
0
0
1
1
1
0
0
-1
-1
0
0
2
0
1
0
0
-1
0
0
0
0
0
1
-1
0
0
0
0
0
0
1
-1
0
0
1
0
-1
0
0
0
0
0
0
0
0
-1
-1
0
0
0
0
-1
0
0
2
0
0
0
1
1
0
-1
-2
1
0
1
0
0
1
0
0
0
0
0
-1
-1
0
0
0
0
-1
0
0
0
0
-1
0
0
0
0
0
0
-1
-2
0
-1
0
0
0
-1
-1
0
1
-1
-1
0
1
1
0
-1
-1
0
0
0
0
1
0
0
1
0
-1
-1
-1
-1
0
-1
0
1
0
0
0
1
0
1
0
1
0
1
1
0
0
0
0
0
-1
1
0
0
1
0
1
1
0
0
1
0
0
1
1
1
0
0
-1
-1
1
0
-1
-1
-1
1
0
0
0
0
0
1
1
1
1
0
0
0
-1
1
1
0
-1
1
0
-1
1
1
-1
0
1
-1
0
0
1
1
1
-1
-2
-1
1
1
1
0
0
0
0
1
0
1
2
1
1
-1
-1
0
1
1
0
0
0
1
1
1
0
-1
-1
1
0
0
1
0
0
-1
0
-1
1
2
0
-1
1
0
-1
0
-1
-1
0
0
1
0
1
1
0
-1
0
0
0
0
0
1
0
0
1
0
0
0
0
0
0
0
0
-1
0
0
0
0
1
0
0
0
0
1
0
0
0
0
1
0
0
0
0
0
-1
1
1
0
0
0
1
0
0
1
0
0
0
-1
0
0
0
0
0
1
0
0
-1
-1
0
0
-1
2
1
0
0
0
0
1
1
0
0
1
0
0
-1
-1
0
-1
-1
0
0
0
0
0
-1
1
1
1
0
0
0
0
0
-1
-1
0
-1
0
0
0
0
1
0
0
-1
-1
0
-1
0
0
0
0
0
0
0
0
1
0
-1
-1
-1
1
1
0
0
0
0
0
0
-1
0
0
-1
0
0
-1
0
0
0
0
0
0
-1
-1
0
1
1
0
0
1
0
0
-1
0
0
0
0
0
-1
0
0
0
-1
-1
0
0
0
0
0
0
0
0
0
-1
1
1
-1
-1
0
1
-1
-1
0
-2
0
0
0
1
0
0
0
0
0
1
0
0
0
0
0
0
0
0
0
0
1
0
1
1
1
0
-1
0
1
-1
-1
0
0
0
0
-1
-1
-2
-1
-1
0
0
0
0
0
0
-1
0
0
1
1
0
1
1
1
0
0
0
1
1
-1
1
1
0
0
1
0
1
-1
-2
1
1
0
1
-1
-1
0
1
0
0
0
0
0
2
1
1
1
0
1
0
0
-1
0
0
1
1
-1
-1
1
1
0
1
1
1
-1
0
1
1
0
-1
0
0
0
0
0
0
-1
0
0
1
0
1
0
-1
0
-1
1
0
-1
0
-1
-1
0
1
0
-1
0
0
0
0
0
-1
0
1
0
0
0
0
-1
-1
-1
0
0
1
0
0
-1
0
1
1
1
0
1
0
0
0
1
1
-1
-1
0
0
0
0
0
1
0
1
1
0
0
-1
-1
0
1
1
-1
-1
-1
1
1
0
-1
-1
0
0
1
0
0
1
0
0
0
0
1
0
0
1
0
-1
0
-1
0
0
1
0
1
0
0
0
-1
0
0
-1
1
1
0
0
0
1
-1
-1
0
0
0
0
-1
0
0
0
0
0
0
-1
-1
0
0
0
1
0
-1
0
0
-1
-1
-2
-1
1
1
1
0
0
1
1
0
-1
0
0
0
-1
-1
0
0
1
1
-1
0
0
0
-1
0
-1
0
1
0
-1
0
0
0
-1
0
1
1
0
-1
0
0
-1
-1
0
1
0
-1
0
0
1
0
0
1
0
0
-1
-2
1
0
-1
-1
0
0
-1
-1
0
0
0
0
0
0
0
0
0
0
0
-1
0
0
0
-1
0
0
0
-1
0
1
-1
0
0
0
1
0
0
0
1
0
1
0
-1
-1
0
0
-1
-1
0
0
1
-1
0
0
0
0
1
1
-1
1
1
0
-1
0
1
1
0
-1
1
1
0
0
-1
-1
-1
0
0
2
0
0
1
-1
1
2
0
0
-1
0
-1
0
1
0
0
0
0
0
1
1
0
0
0
1
0
0
-1
1
1
1
0
0
0
1
1
0
0
1
0
1
0
0
0
-1
0
-1
0
-1
-1
1
0
0
0
0
1
-1
0
-1
-1
0
-1
1
0
0
0
0
0
-1
0
0
0
0
-1
0
0
0
0
0
0
-1
0
0
-1
0
0
-1
0
0
0
1
0
1
0
0
0
-1
-1
0
1
0
0
0
0
0
-1
-1
0
0
0
-1
-1
0
0
-1
0
0
-1
0
0
0
1
-1
-1
0
0
0
1
1
0
0
-1
0
-1
1
0
0
1
-1
0
-1
0
0
-1
0
-1
0
-1
0
0
0
0
0
-1
0
0
0
1
1
0
0
0
0
-1
0
0
0
0
1
0
-1
-1
0
0
0
0
0
0
0
0
0
1
0
0
-2
-2
0
1
0
0
0
0
0
0
0
0
0
-1
-1
-1
-1
0
-1
0
1
0
0
0
0
-1
0
1
0
0
0
0
-1
-1
0
0
1
-1
1
0
-1
0
0
0
0
-1
1
0
0
0
0
0
0
-1
-1
0
2
1
0
0
-1
-1
0
0
0
-1
-1
-1
0
0
0
1
0
0
0
0
0
0
0
0
0
0
0
-1
0
0
0
0
1
1
1
1
-1
0
1
1
0
1
1
2
-1
-2
-1
-1
0
-1
0
1
-1
0
0
1
0
0
0
0
0
-1
0
1
1
0
0
0
0
1
0
1
0
-2
1
1
0
0
0
0
2
0
0
0
0
-1
-1
0
0
0
0
1
0
1
0
0
0
1
1
0
1
0
0
1
1
1
0
0
1
1
0
0
0
0
0
1
0
0
-1
0
0
0
0
-1
0
-1
1
0
-1
-1
0
0
-1
1
0
0
0
0
-1
0
0
-1
0
0
-1
0
0
0
0
0
0
0
1
1
0
0
0
0
-1
0
0
0
0
0
0
0
0
0
0
0
-1
0
0
0
0
0
0
0
0
-1
0
0
0
-1
1
0
0
0
-1
0
0
0
0
-1
1
0
0
0
0
-1
-1
1
0
0
1
-1
1
1
1
1
-1
0
1
0
0
0
1
1
0
1
0
-1
0
1
-1
0
-1
0
0
0
-1
-1
0
0
0
0
0
0
0
1
0
0
-1
0
-1
-1
1
1
0
0
-1
0
0
0
-1
1
1
0
0
0
0
1
1
-1
0
-1
0
-1
1
1
1
1
0
0
0
0
-1
-1
-1
-1
-1
-1
0
0
0
0
1
0
-1
-1
0
0
0
0
-1
0
0
0
0
-1
-1
-1
0
0
1
-1
0
0
0
0
0
0
0
0
0
0
0
0
0
0
0
0
-1
0
-1
0
-1
-1
0
0
-1
0
0
0
-1
-1
0
0
-1
0
1
0
0
-1
-1
0
0
0
-1
-1
0
-1
-2
-1
0
0
0
0
-1
-1
-1
0
1
-2
-1
-2
-2
-2
-1
0
-1
0
0
0
-1
0
1
0
0
1
2
0
1
1
1
-1
1
2
2
0
0
2
1
1
3
2
2
1
-1
1
2
2
3
2
2
2
3
3
3
2
3
3
4
2
3
4
3
3
3
4
4
2
2
3
5
4
3
3
4
3
3
3
4
2
2
1
2
3
1
2
2
3
1
1
1
1
1
0
1
1
1
-1
0
0
0
0
0
0
0
-2
-1
-1
-1
-1
-3
-1
-2
-2
-2
-3
-1
-4
-3
-2
-2
-4
-4
-3
-4
-5
-4
-4
-3
-4
-5
-4
-4
-5
-5
-4
-4
-4
-5
-5
-5
-5
-5
-5
-5
-5
-5
-4
-4
-4
-4
-5
-3
-3
-4
-4
-3
-3
-4
-4
-3
-3
-3
-4
-3
-3
-3
-3
-2
0
-1
-1
-2
0
1
0
0
0
0
0
1
2
3
2
2
3
1
1
1
4
2
3
3
4
3
4
5
4
5
4
4
5
5
5
5
5
5
5
6
6
5
4
6
6
5
4
5
4
5
6
5
2
4
8
6
1
4
6
5
1
2
4
2
2
2
3
2
2
-1
4
1
-6
-3
8
4
-12
-5
7
2
-13
-3
11
2
-17
-11
9
6
-7
-6
1
-6
-5
-2
5
0
-3
-7
-1
5
-6
-8
8
11
-12
-9
1
3
-5
6
5
-5
-9
-1
9
8
-5
-19
-1
23
20
-17
-30
-4
21
11
-3
6
-3
-19
-21
9
27
17
-21
-25
9
12
-23
-13
40
19
-37
-36
22
21
-8
-17
0
2
-8
-8
-2
5
-11
-5
5
-8
-40
-5
46
22
-47
-61
5
41
9
-43
-5
22
-16
-31
26
15
-56
-21
58
55
-51
-78
0
93
17
-73
-19
54
26
-13
-18
-48
13
74
38
-24
-17
-52
-29
79
78
-21
-40
-5
-13
19
36
11
5
20
-20
-18
39
20
-37
-12
70
70
-34
-105
-18
98
60
-21
-9
8
-45
-25
47
62
5
-33
-35
8
32
2
-20
-1
9
-8
22
16
-48
-84
41
114
-3
-145
-38
129
47
-140
-99
131
135
-94
-198
18
167
38
-103
-61
0
-4
53
52
-28
-99
-24
55
65
-26
-65
-3
50
10
-28
-23
-19
9
40
35
-4
-56
-74
33
122
19
-98
-20
43
-3
0
38
-12
-19
26
-20
-21
65
40
-92
-7
93
-14
-85
74
102
-96
-113
80
134
-60
-89
31
61
-64
-17
93
17
-108
-8
102
-21
-92
2
97
33
-57
-79
2
67
-2
-31
-5
7
-31
41
55
-44
-90
-28
49
90
68
-71
-112
-24
55
69
53
-32
-90
17
92
-39
-84
64
110
-48
-105
30
109
-30
-121
13
125
16
-78
2
44
-39
-73
18
75
68
8
-106
-83
87
89
-10
-89
-18
48
70
-24
-101
18
105
-16
-84
20
6
0
34
1
-62
-9
37
-20
-28
34
10
-30
-12
18
-18
-56
-36
128
119
-178
-167
131
188
-105
-100
89
18
-130
45
156
60
-95
-247
47
253
64
-237
32
215
-126
-197
225
209
-290
-166
333
173
-355
-135
308
172
-204
-234
4
112
176
92
-151
-194
-107
71
201
213
-175
-363
-2
360
110
-264
-174
123
135
8
70
-146
-158
88
248
-122
-233
160
150
-48
-72
12
-157
-113
150
96
-24
69
4
-266
-274
90
366
107
-345
-229
410
171
-276
-304
50
266
2
-75
50
100
-167
-178
97
352
-199
-327
111
424
58
-529
-57
466
-3
-374
105
158
-112
91
35
-43
-101
138
58
-198
92
75
-24
3
249
-39
-316
33
256
93
-192
207
33
-132
-44
127
106
41
54
-264
-15
281
266
-219
-81
-27
-9
17
109
27
40
154
-300
-228
134
322
-5
-261
-156
47
292
-1
-209
-267
164
74
-51
-35
169
63
-439
-146
190
323
-52
-2
-166
-237
83
195
70
-38
157
-115
-257
-14
267
43
-257
-14
132
50
-19
-85
-321
52
234
-3
-88
28
-11
-35
145
-81
-445
41
601
122
-572
-147
399
159
-325
-99
151
-20
-35
168
239
-302
-310
56
261
76
-56
-110
-54
54
0
-52
89
106
-246
-150
258
253
-222
-259
54
110
68
10
57
-47
-186
-46
243
82
-197
36
248
-107
-180
10
124
106
100
-71
-273
137
175
-100
-3
41
-33
-163
337
238
-336
-342
16
452
255
-352
-367
521
65
-379
-94
342
-222
-41
456
-68
-296
-72
-136
25
621
-98
-458
27
319
-263
8
468
33
-387
-254
237
226
129
-97
-40
-10
-226
110
336
-229
-211
374
-98
-303
282
130
-405
63
333
-344
-73
468
-203
-505
358
311
-413
-16
345
-220
-377
331
334
-98
-199
58
28
-66
-34
296
-37
-417
248
84
-159
8
151
-387
-240
689
-47
-539
236
311
-723
-104
896
-217
-598
14
512
-133
-201
159
-146
-15
208
-109
-8
97
-193
312
59
-245
-252
71
317
233
-155
-576
287
334
-263
-219
526
-58
-674
339
459
-145
-517
216
97
-103
57
70
-114
-131
84
219
-170
-464
225
425
56
-443
-110
5
248
455
-435
-365
107
366
-119
92
200
-458
-181
344
408
-147
-283
-180
211
238
-22
-18
72
-299
-9
474
-149
-253
119
136
91
-99
-101
3
181
-74
-180
-21
486
55
-512
-352
586
556
-443
-438
238
171
-60
192
57
-282
68
145
-26
-15
120
-53
-227
427
78
-316
-217
338
-136
136
188
-41
-408
-127
456
92
-136
-223
-170
212
371
-229
-362
130
89
0
176
-76
-107
-244
194
92
-125
-110
207
-34
-303
101
75
-53
-222
344
-61
-218
-97
218
-83
-226
342
-77
-273
176
250
-437
-70
399
60
-337
76
212
-407
98
372
-142
-194
67
-4
44
219
-159
-230
-83
430
10
-222
-45
85
97
26
-73
-92
103
30
63
-48
-125
-256
230
337
-408
-60
157
-154
-259
381
264
-527
-148
-51
294
368
-79
-620
-110
807
-280
-623
557
524
-415
-362
262
217
-342
97
255
3
28
-93
148
-74
-3
-145
307
85
-195
74
-128
244
-126
12
-83
142
-40
-149
155
44
-90
17
126
-163
-257
212
421
-98
-332
-53
201
69
-186
-2
176
94
108
-95
-345
-152
443
268
-149
-315
202
186
-78
-117
-194
294
316
-230
-367
111
272
-260
85
318
-279
-313
453
346
-671
-180
373
105
53
8
-374
186
277
-200
-474
499
599
-638
-503
192
540
-81
-366
-112
250
39
-315
-94
316
105
-513
-72
218
258
-97
-421
196
135
-270
-71
426
71
-530
-261
713
134
-318
-378
134
476
-232
-99
-40
271
-19
-91
184
-138
-280
43
346
-83
14
47
120
-169
-486
157
364
237
-452
-340
546
344
-632
-492
729
284
-591
-450
737
359
-653
-398
163
418
-64
-142
-120
77
-18
-2
-72
45
196
140
-145
-535
472
383
-363
-150
175
138
33
-47
-537
145
745
54
-824
54
685
-68
-705
-69
820
189
-584
-221
398
102
109
-133
-274
259
283
98
-621
21
448
21
36
-24
-381
-89
493
121
-373
13
426
-317
-43
268
180
-159
-13
120
134
-73
-131
248
255
-73
-213
-15
-10
167
192
-218
-322
174
283
-164
58
-85
-246
75
-85
-101
211
273
-205
-322
108
213
-279
-439
294
641
-134
-651
16
451
-352
-353
339
235
-192
-189
-19
-133
71
49
-51
18
-80
2
-71
-35
-165
326
269
-292
-329
258
370
-239
-533
239
778
-169
-903
-10
1030
-395
-594
243
194
-42
-11
-166
-70
335
-425
-172
603
174
-816
-58
695
-137
-434
127
106
-123
243
-142
-239
269
-10
-218
39
258
-4
98
130
-256
-8
-53
171
285
205
-433
-48
587
-92
-855
459
726
-290
-585
-25
710
-39
-305
-280
433
355
-473
-535
597
528
-756
-126
572
201
-503
-453
664
197
-591
-196
614
229
-790
-171
837
127
-752
108
398
-327
-99
588
-250
-256
446
123
-286
-80
2
-359
474
524
-42
-673
-126
531
-155
84
-278
250
279
-475
185
122
-54
-412
318
213
-41
164
-200
-255
-40
357
-269
248
283
-544
-487
670
764
-1091
-454
692
396
-969
163
732
-43
-580
-277
639
224
-478
-238
610
180
-143
-369
167
-202
179
268
-35
-372
-83
86
-175
70
101
-31
-56
-385
-325
484
251
-223
-506
450
186
-268
-322
453
68
-202
-11
96
116
230
42
-366
-71
-67
430
-33
74
-238
12
147
-55
-287
338
-60
-617
256
711
-495
-483
383
429
-1002
-243
895
-119
-120
-466
153
409
18
-436
123
308
-274
88
638
-509
-245
486
181
-445
468
110
-632
241
540
-328
-267
796
-752
-187
461
57
-431
345
13
-619
581
144
-247
-481
347
230
88
98
-705
677
567
-911
-607
796
675
-729
-245
348
315
-254
-86
151
158
-56
-212
106
489
86
-346
74
-248
479
123
-435
-30
530
-32
-425
1
56
99
-171
200
-456
-196
859
-110
-904
-24
616
-270
-58
211
-229
-475
429
198
-351
-122
171
-36
-448
896
-134
-631
6
213
223
-322
276
-146
169
-151
-385
361
230
245
-455
-38
68
391
-341
-77
342
-29
-88
-399
670
-59
-173
-448
478
-58
-64
47
-463
468
272
31
-899
550
540
-649
-44
287
140
-139
-20
-91
-117
569
-407
-569
732
138
-903
191
715
-60
-731
-403
999
143
-746
-449
965
302
-534
35
272
-412
-463
755
248
1
-312
-108
164
288
-469
-737
927
586
-804
-513
581
325
-356
-175
249
128
-488
231
586
-247
-215
14
166
-456
30
393
-220
264
55
-561
-92
606
-626
-358
941
232
-592
-348
805
-97
-478
-300
405
756
4
-925
300
636
-351
-445
173
672
-238
-289
186
445
-136
-662
44
768
-224
-408
163
550
-321
-627
492
345
-110
-360
-55
244
-72
-2
-124
593
17
-703
-410
957
94
-586
111
566
-138
-908
494
496
-172
-354
-4
710
-307
-497
188
468
-441
-220
308
48
-236
160
-95
20
-215
-189
-253
209
885
-817
-321
422
66
-445
-178
609
-21
-429
423
232
124
-1071
-22
878
-118
-455
106
538
-263
-393
419
-127
-544
438
295
-46
-694
227
646
36
-325
-1028
593
1261
-341
-1411
573
870
-301
-824
170
755
-727
-29
32
295
-240
-293
678
-312
-421
-307
1110
-3
-618
54
180
-14
-76
-295
13
682
79
-293
-375
527
-326
-288
551
-114
32
-198
666
-401
-275
373
-452
444
63
-127
175
207
-330
12
279
-180
-377
708
-324
-295
831
-94
-771
404
574
-680
-286
805
244
-330
-59
-292
359
290
-171
13
-104
-234
315
304
16
-179
-60
249
-507
590
-307
-728
921
824
-830
-828
570
36
-370
250
229
-456
431
118
-417
-492
777
-246
-341
429
-75
248
-255
243
-618
-189
-77
483
504
-250
-819
769
-34
-495
-324
312
685
-679
362
-214
322
-471
40
-106
64
190
66
92
-455
-272
545
197
-585
-79
434
-317
-238
360
-103
-330
534
74
-671
228
383
-520
-78
412
1
55
-237
-520
216
1078
-481
-758
28
522
-25
57
-338
-258
515
347
-591
128
157
-374
348
560
-552
-310
606
27
-422
603
151
-934
185
334
517
-360
-119
-318
194
492
-373
-36
75
220
-388
29
340
-209
-85
444
-113
-482
-528
925
501
-631
-128
386
153
-530
-182
737
-223
-294
466
198
-346
-301
363
-108
-242
246
588
-516
-25
-183
275
113
-285
-117
127
868
-462
-792
168
646
-501
146
-82
188
-234
22
168
-410
-369
449
579
-364
-707
225
717
-551
74
-416
260
347
43
-481
179
416
-162
-599
159
800
46
-211
-350
-521
530
515
-58
-205
-289
391
-479
179
-277
360
-98
137
152
-602
-73
156
742
-1058
-168
441
603
-506
-168
72
-64
515
-131
-719
473
178
-62
423
-67
-429
-322
705
102
-107
-381
285
217
99
-414
155
76
-108
260
-130
271
-452
423
-366
-365
555
139
-254
-227
189
-245
-208
317
-261
-194
139
137
-101
125
-340
-437
388
728
-758
-484
549
111
382
-186
-146
-473
413
374
-275
13
363
-274
1
248
2
-311
-112
296
-276
333
12
-241
-53
290
-282
-197
88
-4
33
-21
184
192
-515
-229
250
496
14
-83
-210
222
-229
555
70
-432
166
192
549
-668
192
543
-330
-504
658
-1
-168
8
526
-372
-489
512
38
-329
7
163
-86
-222
182
-297
23
235
-343
11
-51
192
-393
241
-242
279
-191
37
44
-19
-14
-458
694
-521
3
17
911
-473
-1029
610
636
-118
-1054
218
1006
101
-859
-21
24
195
-96
-22
306
-253
-18
31
90
-112
-241
209
-26
68
-332
409
-227
-279
-6
157
640
-502
-335
-177
547
-161
338
-355
-244
283
492
-208
-945
588
630
-250
-909
601
430
-268
-308
76
368
-402
-83
142
308
44
-635
523
163
-266
-268
170
470
-34
-393
61
494
-9
-697
-41
766
208
-806
-13
865
-225
-648
-63
875
-256
-596
234
528
235
-1017
-2
619
159
-309
-189
387
-170
-75
292
64
14
-311
-19
535
127
-345
-328
387
247
-423
261
259
-51
-659
519
294
-310
115
-250
26
312
176
-227
-349
589
-15
-621
350
249
-267
-97
-35
-10
304
-79
-253
-480
379
194
-337
77
-17
-274
372
118
-522
-20
102
389
-212
-13
-519
559
345
-457
-206
244
194
-344
94
-108
-78
194
355
-444
-401
127
89
270
-259
-45
-9
263
-968
592
488
-563
-273
-130
1045
-567
-355
-334
697
315
-726
-127
140
644
-434
-190
125
-36
63
-399
1064
-292
-453
44
654
12
-763
53
882
4
-519
563
-384
385
-411
239
-10
-24
-257
307
221
-189
-104
-215
-122
-121
78
69
217
-55
43
-740
281
2
8
-156
582
-420
-376
407
218
-13
-678
321
81
439
-250
-265
254
219
-177
142
-148
78
59
-100
-108
287
291
-495
66
158
-158
-221
-25
531
-144
-121
51
152
-99
-227
16
557
148
-598
13
468
187
-468
90
585
275
-774
-294
608
258
-2
-99
80
144
9
-339
252
-163
-30
169
-64
-38
51
152
108
-423
-522
41
527
63
-57
-94
-150
1
-106
45
-187
-140
108
420
-153
-366
85
135
-414
278
228
-322
-418
407
351
-26
-538
-63
439
-186
-90
-243
567
-396
-172
112
361
-369
-92
191
-199
105
109
72
-114
-41
170
-148
-300
352
279
-601
131
404
-514
-235
170
717
-575
-230
-59
516
-22
-208
50
111
69
-444
165
301
696
-714
-364
110
437
-22
-186
248
-190
31
94
124
-14
-177
-192
211
119
149
155
-216
-491
143
982
-416
-773
286
560
-303
-239
231
47
17
219
-441
-518
446
588
-58
-176
-335
-435
835
-435
-597
677
838
-893
-819
464
284
-173
185
120
-164
5
-114
-40
336
4
-514
360
555
-35
-579
82
106
424
-422
-93
461
335
-952
249
792
-481
-173
260
91
-509
329
485
-263
-264
244
-345
151
43
33
-122
248
280
-407
-692
509
145
-439
262
543
99
-1265
114
869
126
-735
183
86
8
435
-105
-75
-340
171
-266
691
159
-131
-250
47
11
-455
204
45
116
-444
-158
307
384
-981
-733
717
509
-888
-519
841
473
-650
-448
-12
531
153
-279
-90
485
62
201
59
-197
49
-122
473
115
126
144
-187
-19
362
-362
-109
435
335
-611
-162
29
81
-173
-75
-215
130
211
-394
-297
-612
-127
260
642
-671
-371
416
16
-397
32
-7
430
84
-138
-162
401
304
-193
-184
184
119
27
434
-218
134
-520
-107
178
451
-279
-328
159
-135
-213
-369
554
246
-727
-217
549
204
-344
-68
697
412
-720
-177
893
336
-722
354
1206
-166
-443
462
482
-329
-115
140
475
463
-94
-526
354
302
-849
-443
617
643
-426
106
-336
-643
-286
485
181
-103
-258
238
243
-731
-444
428
313
-484
166
666
-75
-935
-139
110
-195
-28
336
-79
-228
-175
-44
131
-492
-273
465
371
-857
42
717
-221
-923
483
940
-423
-465
101
392
7
-13
-68
252
106
-2
-123
474
4
-550
186
382
60
-114
-111
-21
-243
-116
388
223
-288
-552
197
-61
-793
-240
766
91
-643
-139
-6
-481
-266
358
88
-167
-541
92
545
156
-312
-173
282
-27
-78
155
293
-24
84
108
-436
-180
382
360
-151
-24
96
-136
-45
17
-51
-98
168
-74
333
423
-230
-188
-32
220
201
192
-16
19
180
392
-32
-313
328
595
-29
-287
117
127
30
-176
316
461
106
-134
33
537
217
-153
77
366
350
125
254
533
470
-178
4
444
54
-190
233
592
8
-144
64
377
113
-294
-52
287
-153
-638
152
552
171
-48
62
71
-84
-326
-225
366
518
150
62
-74
-244
-219
135
111
-21
-29
54
-23
-198
-333
-265
67
92
-147
-358
-99
-15
-118
-374
-90
46
-369
-354
-134
-254
-314
-254
-166
-348
-382
-332
-467
-232
-290
-473
-555
-363
-414
-431
-72
51
-130
-299
-231
-111
-287
-223
-117
-149
-184
-188
-386
-308
-97
-161
53
142
98
-113
108
198
36
-117
28
-86
-50
267
93
114
29
-38
-237
-386
-551
-629
-325
-120
-124
-304
-284
-126
-77
26
-286
-144
270
434
55
-156
215
477
437
-92
190
582
442
-102
93
365
136
62
156
75
179
254
-106
361
548
78
84
481
412
127
237
631
547
315
608
798
664
490
680
857
703
554
772
818
757
661
486
574
765
751
489
588
700
464
191
361
426
205
66
150
228
172
-19
3
41
-144
-95
46
-63
-248
-197
-30
-223
-456
-402
-421
-359
-592
-614
-497
-688
-1051
-843
-417
-654
-979
-742
-521
-695
-710
-566
-521
-749
-638
-497
-795
-825
-594
-645
-793
-721
-636
-910
-956
-816
-763
-635
-478
-602
-644
-457
-555
-740
-803
-571
-437
-524
-549
-210
-241
-559
-507
-149
-34
-257
-252
-11
81
-9
-34
172
399
232
294
494
574
595
727
794
853
917
946
1228
1360
1329
1313
1481
1678
1794
1888
1886
1856
1883
1884
1652
1552
1657
1659
1562
1311
1164
1207
1171
947
786
668
536
486
434
503
556
431
172
-45
29
132
51
-51
-89
-230
-438
-495
-649
-923
-1228
-1584
-1787
-1770
-1856
-2238
-2642
-3009
-3377
-3778
-4252
-4673
-4901
-5138
-5625
-5938
-6020
-6250
-6715
-7077
-7365
-7619
-7140
-5095
-2039
552
1749
2083
2256
2338
2925
4685
6929
8231
8784
9640
10188
9688
8982
8333
6916
5155
4621
4847
4445
3607
2534
351
-2469
-4093
-4500
-4938
-5316
-5242
-5214
-5567
-5342
-4270
-3377
-2988
-2438
-1351
-341
760
2410
3853
4292
4255
4507
4726
4703
4839
5032
4782
4064
3347
2651
1875
974
-61
-1106
-2063
-2765
-3254
-3519
-3613
-3766
-4287
-4812
-4732
-3908
-2657
-1388
-194
811
1617
2311
3161
4235
5215
5789
6066
6351
6493
6336
5910
5280
4557
3782
3005
2250
1558
774
-273
-1471
-2324
-2653
-2887
-3101
-3066
-2992
-3298
-3554
-3208
-2767
-2638
-2358
-1597
-1007
-902
-800
-571
-655
-1169
-1611
-1890
-2559
-3630
-4787
-6114
-7914
-9846
-11263
-12361
-13488
-14472
-14901
-15029
-14229
-10645
-4904
-775
306
649
1204
1519
3398
7797
12149
14168
15001
15976
16051
14881
13582
12080
9322
6663
6152
6451
5431
3328
444
-3925
-8433
-10494
-10456
-10053
-9550
-8844
-8662
-8680
-7434
-5166
-3379
-2004
-1
2358
4411
6802
9454
10728
10318
9666
9466
9110
8713
8729
8363
6723
4343
2218
485
-1219
-2959
-4443
-5671
-6868
-7706
-7830
-7521
-7412
-7589
-7647
-7192
-6087
-4497
-2688
-972
367
1199
2126
3549
5039
6024
6405
6379
6252
6449
7213
8169
8327
7233
5538
3924
2548
1528
978
405
-595
-1480
-1915
-2210
-2558
-2741
-2814
-2778
-2225
-899
720
1898
2531
2766
2695
2613
3045
3819
4097
3787
3220
2357
1285
437
-349
-1561
-2879
-3943
-5049
-6485
-7891
-9203
-10880
-12701
-14197
-15627
-17153
-18389
-19090
-19514
-19432
-18709
-17232
-12912
-4525
4310
8356
8354
8344
8606
9070
12123
17782
21345
21055
20367
19497
16272
11910
8768
5088
191
-1683
-224
4
-2447
-5425
-9411
-15197
-18662
-17161
-13881
-11600
-9162
-6520
-5483
-4429
-1085
2619
4609
6693
10217
13278
15141
16886
17718
16014
12795
10287
8615
6930
5421
3957
1337
-2542
-6131
-8361
-9623
-10471
-10991
-11139
-11016
-10639
-9623
-7964
-6157
-4546
-3074
-1413
771
3557
6231
7903
8617
8869
9041
9461
10040
10163
9311
7526
5179
2821
982
-519
-2079
-3692
-4904
-5546
-5792
-5147
-3534
-1888
-1183
-1144
-576
674
2464
4721
6756
7645
7364
7050
6953
6897
7042
7122
6490
5248
4437
3731
2318
580
-1017
-2679
-4282
-4859
-4761
-5191
-6276
-7501
-8589
-9260
-8779
-7522
-6617
-6309
-6288
-6596
-7359
-8086
-9060
-10906
-12893
-14120
-14865
-15607
-15883
-15888
-14983
-10046
-719
7398
9357
7979
6987
5992
6271
10598
16726
18937
17947
17281
15276
10724
6678
4300
549
-3165
-2679
-246
-264
-2608
-5731
-10941
-16708
-17891
-14338
-10229
-6970
-3585
-1557
-1660
-714
2574
5478
7028
9373
12631
14741
15495
15602
14216
10783
6806
3948
2407
1442
406
-1297
-3928
-7207
-10145
-11330
-11019
-10358
-9504
-7962
-6328
-5188
-3555
-1347
555
1849
3148
4934
6791
8518
9723
9946
8995
7535
6726
6448
6087
5229
3486
642
-2391
-4389
-5564
-6342
-6706
-6637
-6386
-5965
-5142
-3947
-2177
459
3890
7254
9684
10907
10980
10212
9145
8601
8701
8953
8772
7765
6052
3811
1316
-1089
-2761
-3452
-3585
-3356
-3158
-3441
-4198
-5109
-5960
-6423
-5900
-4596
-3316
-2449
-1982
-1948
-2239
-2459
-2409
-2290
-2506
-3347
-4802
-6633
-9037
-12125
-15216
-17704
-19658
-21345
-22613
-23976
-23834
-17159
-3189
9851
13716
11458
9245
7371
7011
12187
20808
24408
22547
20903
18622
12811
6400
2235
-2969
-8305
-8006
-3769
-2288
-4833
-8621
-14631
-21663
-23020
-17164
-9780
-4553
-395
2129
2234
3088
6635
10383
12617
15130
18256
19986
19846
18292
14625
8810
2964
-811
-2422
-3135
-4059
-5924
-9022
-13064
-16362
-16653
-14245
-11194
-8432
-5468
-2713
-1005
714
3394
6213
8042
9427
11266
12959
13691
13222
11553
8608
5164
2675
1468
754
-471
-2760
-6044
-9337
-11298
-11634
-10953
-9939
-8648
-6941
-4920
-2386
624
3717
6490
9050
11888
14766
16945
17410
15815
12997
10228
8468
7387
6363
5021
2929
-41
-3428
-5960
-7268
-7931
-7986
-7134
-5577
-4226
-3234
-2391
-2038
-2169
-2064
-758
1499
3532
4603
4475
3511
2232
1084
197
-762
-2006
-3800
-6154
-8815
-11666
-14493
-17446
-20445
-23041
-24717
-25173
-24684
-23742
-22708
-18887
-8083
7497
18443
19636
16467
13861
11716
12319
18315
24781
24998
21297
17674
12028
3802
-2863
-7209
-11919
-14288
-11117
-6817
-6659
-9589
-13344
-18411
-21785
-18351
-9380
-765
5070
9132
10839
10343
10728
13378
15932
16984
18095
19271
18320
14620
9355
3177
-3372
-8325
-10061
-9575
-9229
-9989
-11372
-13137
-14950
-14961
-11737
-6899
-2743
823
4511
7175
8218
9240
10877
11865
11779
11704
11624
10300
7764
4712
1137
-2889
-6018
-7052
-6929
-7211
-8276
-9602
-10853
-11405
-10221
-7461
-4311
-1485
1187
3708
6163
9134
12183
14222
15118
15503
15283
14064
12333
10238
7354
3937
1136
-550
-1959
-3534
-4961
-6257
-7517
-8039
-7342
-6025
-4475
-2575
-551
1135
2688
4394
5584
5771
5548
5582
5662
5564
5331
4446
2632
522
-1250
-3007
-4894
-6569
-8452
-10816
-12721
-13276
-13506
-14623
-16163
-17753
-19309
-20184
-19498
-17749
-16407
-16054
-16911
-16288
-8468
7378
22147
26401
22392
16894
12137
9965
13597
20212
21548
17145
12522
7866
1160
-5256
-9484
-14296
-18357
-16167
-9268
-4834
-5485
-8615
-13213
-17424
-15698
-6525
4282
11061
13842
14200
12763
11608
12562
14419
14923
14308
13907
13105
10357
5401
-600
-6493
-11309
-13416
-12123
-9643
-8985
-10277
-11564
-12274
-12081
-9229
-3766
1357
4488
7097
9620
10629
10521
10913
11390
10371
8650
7932
7357
5233
1692
-2160
-5951
-9069
-9987
-8676
-7007
-6367
-6586
-7110
-7400
-6305
-3455
-246
2225
4805
8352
11694
13374
13578
12716
10515
7691
6258
6841
7559
6704
4308
1119
-2256
-4947
-5827
-4819
-3097
-1792
-996
-437
-203
-235
-263
60
939
2323
4053
5580
6085
4940
2586
490
-294
268
1219
1592
867
-1130
-3774
-6096
-7229
-7292
-7042
-6736
-6512
-6570
-7216
-8257
-9574
-11092
-12110
-12599
-12785
-12759
-12631
-12906
-14165
-16156
-18881
-19805
-12885
3356
19685
25288
21240
14820
8924
5351
7956
15449
19701
18120
15061
11096
4122
-3515
-8658
-13107
-16691
-14570
-7326
-2072
-2284
-5481
-10199
-15248
-15503
-7992
2712
10452
14082
14782
13057
10822
10600
12124
13028
12708
12383
11802
9254
4361
-1279
-6331
-10554
-12973
-12405
-10120
-8921
-9443
-10126
-10369
-10132
-7911
-2979
2481
6280
8714
10340
10532
9637
9307
9734
9421
8120
6969
5840
3365
-535
-4360
-7331
-9543
-10280
-8872
-6642
-5718
-6336
-7249
-7574
-6602
-3486
1480
6582
10616
13385
14295
12871
9955
7215
5732
5774
7101
8318
7758
4986
875
-3302
-6367
-7190
-5785
-3232
-691
995
1434
422
-1455
-2973
-3042
-1193
1747
4374
5737
5639
4153
1672
-427
-827
267
1529
2286
2306
934
-1933
-5044
-7046
-8089
-8606
-8425
-8087
-8669
-10302
-12216
-13998
-15663
-16844
-17143
-17210
-18007
-19186
-20405
-20794
-15823
-1573
16439
26150
23885
17039
11524
8340
9665
16253
21790
20740
16189
11800
5896
-1907
-8213
-12406
-15738
-15208
-8970
-2586
-1831
-5489
-10120
-14460
-15449
-9189
2049
11204
14823
14884
13635
12011
11421
12684
14377
14611
13571
12287
10124
5646
-807
-7037
-11428
-13581
-13226
-10946
-8915
-8886
-10104
-10856
-10468
-8152
-3362
2216
6079
8027
9446
10255
9927
9413
9366
8813
7016
5025
3732
2219
-577
-4195
-7459
-9858
-10945
-9992
-7592
-5917
-6161
-7046
-6794
-4833
-1414
2707
6213
8103
8777
9204
9490
9099
8076
7257
7038
6802
6101
5285
4193
2037
-913
-3073
-3498
-2807
-1664
-318
585
366
-709
-1624
-1746
-1006
355
1775
2871
3691
4277
4193
3239
2083
1470
1574
2173
2833
2785
1350
-1151
-3591
-5174
-5689
-5203
-4423
-4582
-5901
-7230
-7868
-8419
-9364
-10148
-10637
-11260
-11767
-11988
-12540
-13715
-15228
-16951
-18718
-20232
-20821
-17132
-4867
12867
24638
24197
17641
12019
8283
8099
13952
21173
22298
18280
13790
8051
-168
-7356
-11311
-13802
-13849
-8879
-2350
-314
-3096
-7200
-11003
-12655
-8682
637
9923
14779
15647
14637
12681
10832
10539
11799
12773
12303
11050
9106
5193
-701
-6078
-9174
-10684
-11040
-9893
-8295
-8147
-9124
-9534
-9137
-7760
-4257
1066
5748
8405
9835
10182
8897
7061
6594
7352
7453
6307
4533
2078
-1520
-5581
-8511
-9915
-10393
-9811
-7701
-5077
-3737
-3665
-3563
-2803
-1242
1741
6171
10206
12117
12104
10975
8953
6602
5175
4939
5015
5018
4912
3925
1430
-1517
-3487
-4466
-4760
-3860
-1809
-252
-320
-1158
-1778
-2343
-2654
-1510
1081
3294
4138
4470
4720
4073
2659
1894
2073
2170
1838
1312
48
-2368
-5037
-7105
-8562
-9358
-9447
-9688
-10740
-11877
-12606
-13308
-13929
-14048
-13978
-14600
-16336
-19008
-22295
-25821
-27711
-22458
-5628
16608
29933
28263
19129
10506
4904
5512
14129
23866
26545
23417
18425
10613
295
-8048
-13092
-16625
-16093
-8814
-328
1939
-1935
-8197
-14813
-18158
-13346
-1344
10478
16461
16958
14668
11578
9439
9879
12670
15361
16127
15388
13509
9223
2263
-4690
-9243
-11423
-11446
-9298
-6896
-6885
-8992
-11113
-12157
-11178
-7029
-758
4553
7423
8677
8774
7772
6874
7374
8635
8977
8018
6466
4441
1290
-2772
-6267
-8289
-9014
-8438
-6451
-4420
-4246
-5674
-6656
-5920
-3652
-207
3825
6900
8112
8455
8999
9130
8113
6931
6603
6573
6159
5736
5223
3428
324
-2265
-3204
-3315
-3190
-2298
-992
-603
-1240
-1777
-1888
-1930
-1381
287
2214
3484
4438
5271
4946
3297
1986
2039
2577
2634
2221
1059
-1256
-3991
-5826
-6474
-6610
-6651
-6899
-7649
-8690
-9475
-9739
-9790
-9790
-9469
-8761
-8105
-7925
-8008
-8447
-9931
-12130
-13832
-14975
-16569
-18607
-20258
-19677
-12687
2473
18623
25234
21282
14104
8375
5858
9476
18069
23758
22118
17054
11551
4504
-2851
-7671
-10894
-13516
-12145
-5719
273
1168
-2109
-7125
-11827
-12475
-6309
3943
12323
15543
14610
12144
10086
9240
9782
11257
12152
11403
9743
7928
4804
-525
-6158
-9925
-11800
-12166
-10853
-8885
-8238
-9207
-10223
-9705
-6817
-1873
3403
7090
8795
9176
8757
8440
9125
10205
10079
8350
6062
3869
1415
-1672
-5008
-7728
-9046
-8546
-6322
-3295
-1308
-1621
-3189
-3537
-1376
2402
6272
9159
10360
9909
8707
7782
7329
6952
6444
5822
5066
4203
3430
2484
721
-1719
-3905
-5160
-5314
-4261
-2440
-1099
-884
-1261
-1494
-1426
-1098
-303
1026
2605
4029
4864
4763
3667
1888
-103
-1801
-2742
-2782
-2503
-3059
-4926
-7444
-9716
-11428
-12509
-12800
-12596
-12337
-11887
-11092
-10526
-11033
-12530
-14308
-16175
-18007
-19470
-21135
-22843
-19695
-6034
13938
27218
27171
19506
11251
5153
4834
12469
21926
24912
21591
16124
8898
602
-5617
-9696
-13655
-15037
-10358
-2967
1104
558
-3368
-9627
-14552
-12995
-4446
5923
12702
14302
12580
10375
9189
9298
10961
13134
13485
11826
9996
7963
3922
-1481
-5755
-8695
-10903
-11299
-9826
-8744
-9200
-10084
-10490
-9822
-7025
-2250
2485
5530
7021
7427
7053
7061
8271
9710
9876
8532
6528
4483
2392
307
-1703
-3839
-5754
-6138
-4352
-1945
-1136
-2204
-3691
-4104
-2658
442
3990
6597
7789
8018
7769
7380
7175
7206
7149
6554
5397
4442
4164
3666
2017
-199
-1904
-2937
-3210
-2117
-308
304
-693
-1922
-2568
-2859
-2520
-943
968
1778
1841
2160
2452
2043
1195
518
-21
-514
-685
-862
-1663
-3147
-5049
-7088
-8943
-10110
-10611
-11033
-11327
-11294
-11354
-11921
-12941
-14045
-15092
-16291
-17899
-19915
-22542
-25989
-26645
-16986
3897
23600
29291
22895
14118
7163
4040
9073
20342
27628
26118
20621
14278
6391
-1096
-6022
-10313
-14259
-13282
-6574
-418
684
-2450
-8310
-15029
-17892
-12596
-1305
8820
13226
13028
11572
10360
9600
10747
14038
16231
15170
12825
10858
7465
1867
-3045
-6055
-8977
-11581
-11858
-10380
-9628
-10105
-10653
-10804
-10082
-7611
-3597
804
4519
6833
7498
7258
7833
9764
11428
11122
8970
6497
4444
2476
986
160
-1346
-4093
-6211
-6075
-4846
-4136
-3751
-3459
-3449
-2830
-553
2658
5138
6521
7349
7566
7396
7731
8616
8818
7403
5401
4541
4688
4536
3722
2669
1202
-862
-2238
-1898
-1139
-1475
-2457
-3088
-3485
-3790
-3088
-1352
-244
-312
-184
770
1724
2253
2699
2720
1712
391
-347
-819
-1632
-2921
-4642
-6616
-8315
-9348
-10101
-10811
-11288
-11673
-12161
-12963
-14359
-16123
-17704
-19073
-20419
-21340
-22159
-23048
-19530
-6084
12858
24496
23659
17308
11522
7184
7458
15010
23806
25664
21342
15692
9222
2256
-2351
-4975
-8592
-11570
-9847
-5208
-2779
-3561
-6032
-9915
-13694
-13209
-6487
2729
9046
10866
10341
9683
9230
9505
12015
15671
16739
14245
10827
7631
3567
-511
-2620
-3945
-6457
-8943
-9833
-10028
-10432
-10517
-10361
-10449
-9672
-6808
-2881
472
2730
3749
3665
3887
5990
9359
11526
10992
8372
5338
2954
1384
722
618
64
-1451
-2789
-2716
-1892
-1821
-2572
-3121
-2891
-1800
265
2756
4463
4950
4597
3966
3760
4568
6146
7076
6422
5293
4959
5069
4836
4325
3703
2505
953
268
566
601
-321
-1743
-3135
-4233
-4402
-3352
-1970
-1278
-1237
-1286
-1134
-754
-59
752
1116
806
211
-246
-833
-2051
-3705
-4973
-5661
-6392
-7438
-8468
-9668
-11700
-14281
-16451
-18079
-19620
-20894
-21410
-21779
-23447
-25279
-21758
-8647
9254
21016
21936
16980
11655
7960
8697
15778
24424
27563
24558
18872
11885
4787
56
-2771
-6341
-9679
-9485
-6495
-4524
-5016
-7311
-11181
-15385
-16300
-11209
-2183
5520
8984
9673
9895
9901
10116
12482
16604
18712
17080
13977
11043
7480
3519
695
-1608
-5191
-9280
-11558
-11767
-11593
-12013
-12622
-12859
-12219
-10077
-6323
-2010
1132
2311
2502
3337
5711
9241
12472
13619
11933
8675
5950
4571
3936
3198
1908
-18
-2153
-3401
-3142
-2359
-2615
-4118
-5540
-5571
-3881
-846
2430
4507
4724
3796
3156
3867
6037
8489
9414
8384
6815
6005
5898
5768
5239
4090
2206
232
-740
-553
-453
-1690
-3861
-5603
-6275
-5795
-4003
-1511
-47
-457
-1527
-1798
-1130
72
1530
2619
2683
1867
749
-627
-2348
-3997
-5104
-5858
-6605
-7267
-7852
-9005
-11266
-14078
-16534
-18523
-20380
-21810
-22537
-23819
-26457
-26530
-17751
-673
15035
21171
19238
14557
9604
7072
10885
19747
26754
27879
24519
18349
10713
4421
380
-3559
-7550
-8808
-7045
-5199
-4789
-5676
-8636
-13687
-17728
-16862
-10495
-2005
4506
7710
8919
9218
8961
9789
13185
17291
18849
17443
14747
11384
7404
3813
1107
-1691
-5149
-8451
-10613
-11433
-11415
-11411
-11925
-12477
-12101
-10318
-7283
-3596
-339
1529
2126
2762
4785
8177
11492
13156
12718
10704
7931
5362
3780
3116
2796
2288
1163
-649
-2573
-4106
-5454
-6639
-7006
-6342
-5095
-3246
-756
1252
1674
1227
1386
2572
4492
6763
8587
9120
8439
7451
6875
6638
6140
4987
3542
2234
886
-534
-1531
-2328
-3798
-5563
-6218
-5594
-4741
-3854
-2688
-1979
-2285
-2511
-1501
124
1217
1644
1621
1090
209
-682
-1483
-2173
-2698
-3332
-4551
-6119
-7328
-8350
-10058
-12496
-14814
-16749
-18743
-20644
-21748
-22429
-24013
-25557
-22245
-10595
5164
16175
18622
15823
11648
8092
8063
13565
21490
26401
26178
21871
15335
9148
5123
2145
-1311
-3965
-4167
-3135
-3035
-4259
-6491
-10072
-14546
-17283
-15282
-8821
-1875
2318
4381
5912
6497
6323
7988
12409
16547
17724
16565
14336
11183
7738
5217
3515
1437
-1453
-4571
-7140
-8701
-9373
-9808
-10583
-11625
-12227
-11501
-9199
-6133
-3410
-1449
22
1629
3959
6837
9254
10495
10791
10502
9718
8812
8210
7738
6849
5162
2712
127
-1724
-2771
-3765
-4985
-6065
-6840
-7157
-6403
-4493
-2546
-1507
-1018
-249
1032
2673
4510
6215
7387
8039
8539
8837
8427
7199
5732
4399
3054
1787
1000
343
-1088
-3254
-5048
-5889
-6318
-6638
-6338
-5341
-4529
-4342
-3941
-2731
-1555
-1331
-1619
-1452
-886
-612
-722
-723
-651
-1170
-2556
-4242
-5713
-7286
-9387
-11783
-14056
-16274
-18402
-20079
-21627
-23565
-24113
-19499
-8837
3148
10510
11815
9636
6773
5360
7363
12994
19628
23863
23854
19918
14380
10081
7689
5643
3224
1559
1110
703
-499
-2282
-4705
-8262
-12426
-14980
-13665
-8915
-3844
-709
1010
2186
2591
2994
5355
9759
13866
15884
15843
14333
12082
9976
8199
6248
4092
2049
-11
-2199
-4081
-5447
-6837
-8697
-10557
-11373
-10624
-8973
-7354
-5794
-4018
-2501
-1523
-177
2239
4912
6827
8021
8797
9091
8977
8654
8106
7377
6572
5317
3267
988
-715
-1971
-3401
-5008
-6291
-6911
-6838
-6174
-5143
-4019
-3092
-2353
-1419
90
1975
3678
4963
5984
6875
7469
7594
7207
6481
5536
4411
3231
2210
1317
252
-1137
-2761
-4347
-5505
-5952
-5888
-5773
-5782
-5750
-5546
-5100
-4377
-3512
-2810
-2381
-2161
-2084
-2111
-2094
-1942
-1870
-2364
-3734
-5634
-7285
-8360
-9329
-10677
-12359
-14125
-15690
-16885
-18089
-19586
-19778
-15944
-7905
883
6850
9154
8652
6648
5194
6297
10093
14978
18916
20143
18100
14343
11060
8735
6612
4651
3434
2814
2174
1405
409
-1447
-4500
-8088
-10755
-11047
-8718
-5183
-2084
82
1361
1768
1984
3284
6066
9341
11758
12571
11999
10860
9710
8451
7008
5568
4045
2194
322
-997
-1762
-2546
-3931
-5960
-7904
-8804
-8479
-7375
-5701
-3640
-1907
-952
-140
1296
3150
4768
5885
6531
6717
6625
6616
6864
7037
6508
5027
3103
1456
228
-814
-1775
-2710
-3816
-4997
-5660
-5488
-4863
-4287
-3755
-3100
-2335
-1495
-374
1112
2673
3944
4828
5442
5784
5777
5412
4815
4100
3333
2538
1642
564
-735
-2237
-3819
-5074
-5570
-5453
-5381
-5610
-5727
-5458
-5077
-4788
-4403
-3806
-3169
-2639
-2260
-2084
-2075
-2115
-2324
-2903
-3714
-4444
-5236
-6525
-8207
-9594
-10224
-10301
-10277
-10465
-11182
-12886
-15371
-16880
-14972
-9066
-1470
4644
7651
7779
6285
4922
5251
7685
11425
14991
16736
15963
13768
11787
10102
7883
5440
3882
3299
2886
2354
1782
666
-1685
-4946
-7607
-8184
-6536
-3804
-1257
461
1146
1022
885
1674
3660
6314
8662
9740
9420
8602
8088
7673
6875
5766
4473
2820
1009
-250
-741
-1150
-2185
-3807
-5402
-6317
-6176
-5037
-3365
-1853
-1025
-835
-686
103
1750
3816
5421
5973
5702
5254
4914
4615
4343
4049
3518
2764
2099
1570
829
-363
-1884
-3435
-4588
-4915
-4413
-3529
-2725
-2199
-1964
-1876
-1681
-1115
13
1688
3449
4591
4806
4394
3725
2868
1993
1512
1490
1353
643
-427
-1531
-2763
-4127
-5151
-5490
-5425
-5283
-4972
-4471
-4154
-4250
-4502
-4604
-4549
-4366
-3937
-3261
-2586
-2233
-2409
-3085
-3901
-4373
-4404
-4447
-4961
-5905
-6876
-7526
-7656
-7309
-6969
-7334
-8648
-10477
-11976
-12073
-9772
-5215
-137
3462
4860
4584
3632
3199
4210
6546
9220
11267
12149
11743
10455
8896
7301
5660
4238
3370
3079
3147
3127
2412
711
-1514
-3416
-4274
-3683
-1947
-95
989
1300
1235
1131
1471
2719
4634
6311
7129
7209
7003
6718
6344
5907
5415
4713
3742
2807
2156
1518
440
-1003
-2457
-3705
-4373
-4059
-2982
-1951
-1522
-1613
-1829
-1782
-1130
258
2078
3724
4636
4662
4126
3434
2745
2169
1981
2305
2784
2861
2238
979
-686
-2428
-3779
-4279
-3806
-2712
-1612
-1021
-1095
-1625
-2217
-2402
-1807
-380
1412
2818
3354
3065
2238
1155
191
-236
-30
460
781
636
-129
-1477
-3050
-4349
-5020
-4944
-4239
-3278
-2626
-2653
-3311
-4217
-4881
-4965
-4457
-3623
-2744
-2056
-1764
-1930
-2387
-2907
-3348
-3650
-3832
-3954
-4013
-3968
-3937
-4180
-4916
-6166
-7743
-9301
-10343
-10197
-8323
-5042
-1718
313
860
645
475
1010
2580
4843
7068
8749
9610
9504
8773
8036
7364
6455
5517
5014
4889
4723
4271
3388
1957
230
-1229
-1925
-1661
-686
312
807
898
938
1125
1688
2854
4431
5819
6509
6454
6064
5827
5847
5902
5842
5576
4843
3584
2215
1158
332
-462
-1217
-1906
-2535
-2969
-3094
-3044
-2980
-2835
-2449
-1791
-874
218
1242
1891
2044
1882
1746
1817
1989
2082
2055
1894
1524
972
371
-218
-854
-1600
-2380
-2956
-3104
-2866
-2508
-2238
-2061
-1942
-1854
-1668
-1284
-775
-281
135
452
652
726
654
466
321
330
391
346
120
-330
-1036
-1860
-2524
-2909
-3074
-3063
-2947
-2949
-3287
-3875
-4351
-4398
-3936
-3139
-2381
-2040
-2225
-2716
-3147
-3249
-2957
-2494
-2261
-2546
-3339
-4306
-5077
-5571
-6077
-6954
-8180
-9105
-8706
-6501
-3283
-603
572
469
-73
-196
730
2697
4969
6642
7221
6734
5750
5036
4844
4837
4739
4596
4423
4196
4019
3889
3517
2677
1515
442
-50
295
1145
1830
2021
1876
1689
1752
2347
3468
4693
5450
5516
5205
5008
5084
5219
5140
4690
3851
2864
2133
1757
1442
908
121
-798
-1556
-1838
-1698
-1527
-1623
-1990
-2457
-2700
-2377
-1517
-578
59
305
182
-163
-415
-296
134
608
831
655
161
-468
-1075
-1541
-1752
-1706
-1557
-1498
-1606
-1883
-2321
-2817
-3146
-3057
-2467
-1580
-779
-315
-229
-426
-644
-641
-373
70
569
956
1024
713
136
-579
-1269
-1692
-1780
-1772
-1918
-2307
-2939
-3665
-4173
-4218
-3894
-3421
-2980
-2770
-2891
-3162
-3281
-3145
-2830
-2508
-2382
-2479
-2563
-2513
-2584
-3095
-4024
-4930
-5155
-4199
-2244
-158
1202
1544
1095
441
315
1103
2541
4010
4959
5092
4534
3817
3317
2944
2550
2279
2290
2562
3018
3422
3405
2838
2005
1353
1288
2027
3325
4478
4902
4508
3569
2579
2111
2463
3379
4314
4837
4812
4412
3962
3644
3422
3269
3200
3172
3125
3013
2716
2072
1128
174
-434
-470
-18
498
632
268
-389
-1007
-1263
-1044
-586
-257
-229
-433
-714
-912
-982
-1014
-1093
-1187
-1225
-1184
-1063
-948
-999
-1274
-1677
-2048
-2251
-2236
-2082
-1952
-1943
-2006
-2079
-2133
-2179
-2236
-2295
-2302
-2232
-2081
-1841
-1514
-1214
-1046
-1009
-1004
-969
-914
-889
-958
-1124
-1367
-1646
-1890
-2033
-2122
-2331
-2769
-3315
-3729
-3833
-3616
-3203
-2802
-2631
-2814
-3316
-3910
-4253
-4150
-3691
-3160
-2902
-3224
-4201
-5458
-6159
-5407
-2950
373
3094
4229
3893
2928
2267
2530
3768
5447
6765
7152
6538
5321
4031
2896
1857
1008
664
899
1383
1712
1662
1092
31
-1139
-1738
-1239
284
2114
3378
3651
3140
2404
2019
2396
3545
4977
5984
6211
5798
5075
4266
3503
2900
2484
2224
2071
1936
1678
1198
480
-359
-1009
-1093
-535
313
1014
1299
1103
604
200
257
790
1497
1990
1989
1479
674
-142
-778
-1130
-1211
-1175
-1209
-1385
-1675
-2077
-2609
-3192
-3597
-3621
-3249
-2649
-2057
-1713
-1797
-2258
-2768
-2946
-2630
-1985
-1353
-1017
-1037
-1240
-1414
-1477
-1507
-1619
-1846
-2116
-2304
-2319
-2198
-2134
-2313
-2735
-3235
-3652
-3904
-3942
-3768
-3457
-3160
-3022
-3132
-3387
-3605
-3665
-3528
-3198
-2785
-2583
-2814
-3470
-4410
-5533
-6621
-6999
-5721
-2470
1694
4891
5918
5079
3642
2857
3394
5205
7578
9468
9985
8938
7069
5325
4026
3037
2311
1959
1930
2006
1970
1590
715
-534
-1747
-2354
-1918
-607
838
1748
1977
1723
1351
1393
2153
3396
4605
5357
5457
5024
4456
4031
3723
3489
3299
2976
2420
1859
1475
1110
594
-6
-523
-763
-549
-2
467
560
303
-67
-148
453
1698
2977
3646
3503
2784
1930
1342
1210
1433
1727
1773
1384
588
-430
-1451
-2279
-2763
-2888
-2760
-2560
-2509
-2796
-3388
-3994
-4316
-4194
-3603
-2696
-1830
-1361
-1382
-1727
-2127
-2324
-2171
-1715
-1198
-896
-1006
-1536
-2320
-3141
-3803
-4147
-4173
-4099
-4193
-4497
-4921
-5443
-6020
-6485
-6668
-6538
-6119
-5439
-4642
-3998
-3716
-3808
-4062
-4286
-4587
-5241
-5998
-5796
-3764
-358
2956
5026
5709
5413
4731
4456
5171
6731
8350
9156
8756
7451
5882
4401
3034
1978
1569
1656
1702
1596
1547
1395
737
-278
-900
-595
423
1550
2285
2454
2159
1639
1339
1752
2929
4216
4775
4367
3454
2661
2266
2166
2233
2269
1949
1210
452
50
-149
-459
-825
-1023
-879
-315
487
1146
1402
1342
1184
1203
1772
2902
3979
4309
3801
2898
2076
1627
1569
1796
2076
2064
1708
1254
783
201
-447
-936
-1158
-1195
-1060
-793
-643
-859
-1448
-2146
-2589
-2472
-1842
-1120
-680
-652
-1058
-1739
-2319
-2501
-2296
-1865
-1393
-1162
-1452
-2240
-3230
-4161
-4732
-4721
-4356
-4171
-4439
-4964
-5562
-6337
-7272
-7996
-8174
-7917
-7639
-7518
-7373
-6990
-6463
-6181
-6520
-7484
-8738
-9976
-10688
-9482
-5117
1371
6932
9366
9004
7281
5464
5001
6824
10205
13194
14069
12313
8757
5091
2431
619
-520
-493
507
1165
818
17
-1025
-2574
-4062
-4184
-2438
324
2835
4150
4026
3009
2022
1921
3132
5274
7199
7775
6762
4861
3119
2175
1824
1659
1508
1095
185
-963
-1795
-2382
-3157
-3747
-3391
-2044
-474
640
1137
1122
975
1306
2445
4126
5561
6072
5697
4900
4060
3322
2803
2549
2471
2344
1937
1395
932
419
-278
-1075
-1575
-1440
-879
-258
256
502
292
-240
-487
-26
864
1672
2146
2284
2094
1676
1290
1048
906
778
512
33
-524
-1021
-1594
-2435
-3384
-4119
-4595
-4904
-4999
-4921
-4927
-5141
-5377
-5413
-5362
-5606
-6259
-6946
-7261
-7259
-7292
-7538
-7905
-8253
-8539
-8906
-9558
-10380
-11176
-12018
-12275
-9938
-3977
3174
7679
8370
6934
5144
4331
5887
9747
13703
15429
14115
10384
6006
3021
1833
1168
470
333
524
3
-1176
-2203
-3132
-4367
-5254
-4584
-2122
942
2948
3160
2233
1269
1001
1978
4360
7199
8853
8447
6437
4014
2404
2033
2267
2383
2102
1044
-1009
-3169
-4191
-4213
-4188
-4094
-3231
-1642
-40
1156
1826
1850
1489
1563
2753
4893
6976
7900
7156
5108
2833
1427
1238
1821
2611
3072
2602
1093
-641
-1694
-2038
-2098
-1816
-1016
-176
134
-60
-436
-872
-1212
-1002
17
1449
2546
2845
2376
1505
800
702
1158
1765
2106
1827
812
-549
-1595
-2136
-2479
-2762
-2869
-2921
-3208
-3680
-4079
-4418
-4859
-5236
-5075
-4275
-3461
-3434
-4397
-5932
-7437
-8359
-8406
-7933
-7792
-8503
-9884
-11407
-12499
-12878
-13058
-13512
-12895
-8748
-1125
6311
9980
9653
7338
5147
5043
8128
13079
16798
17061
13765
8401
3448
991
793
946
473
-231
-1073
-2390
-3774
-4594
-5112
-5676
-5557
-3810
-818
1897
3176
3025
2230
1741
2468
4875
8267
10901
11280
9236
5856
2802
1353
1508
2147
2098
840
-1530
-4273
-6245
-6798
-6320
-5522
-4590
-3340
-1829
-381
783
1568
1907
2182
3445
6145
8983
10137
9204
7057
4613
2808
2522
3487
4266
3888
2497
581
-1313
-2436
-2522
-2129
-1731
-1270
-830
-750
-903
-822
-523
-359
-161
631
1958
2985
3185
2844
2423
2076
1971
2383
3033
3145
2314
884
-546
-1568
-1921
-1702
-1503
-1829
-2524
-3143
-3674
-4168
-4230
-3645
-3032
-2963
-3066
-2881
-2786
-3162
-3541
-3639
-3976
-4780
-5573
-6127
-6836
-8062
-9750
-11573
-13157
-14234
-15031
-16287
-18083
-18754
-15563
-7353
3198
11021
12988
10245
6406
4735
6948
12524
18541
21490
19801
14523
8259
3567
1246
174
-708
-1201
-1231
-1676
-3037
-4754
-6539
-8504
-9650
-8217
-4108
512
3398
4011
3232
2377
2827
5435
9636
13435
14811
13227
9738
5966
3316
2437
2713
2651
1153
-1682
-4983
-7821
-9435
-9539
-8623
-7308
-5655
-3643
-1823
-723
-148
381
1204
2890
5837
9221
11373
11452
9891
7442
4912
3294
3124
3762
3971
3067
1250
-930
-2983
-4513
-5308
-5301
-4579
-3524
-2632
-2059
-1611
-1246
-1094
-865
117
1947
3826
4957
5231
4878
4053
3118
2687
2892
3045
2489
1338
91
-1038
-1991
-2689
-3225
-3856
-4563
-5074
-5287
-5336
-5227
-4879
-4407
-4051
-3857
-3589
-3034
-2287
-1591
-1267
-1720
-2931
-4325
-5368
-6066
-6907
-8345
-10459
-12954
-15168
-16515
-17347
-18715
-20247
-18872
-11597
-78
9793
13544
11686
7583
4685
5826
11675
19020
23137
21923
16409
8964
2588
-506
-1018
-1166
-1609
-1856
-2380
-3881
-5805
-7540
-9360
-10624
-9418
-5122
272
4037
5071
4207
3082
3159
5330
9441
13771
15817
14514
11059
7202
4109
2625
2678
2769
1421
-1284
-4388
-7219
-9149
-9606
-8894
-7751
-6105
-3691
-1236
318
984
1308
1718
2871
5426
8762
11066
11182
9654
7746
6079
4816
4223
4186
3915
2925
1623
392
-1064
-2809
-4220
-4883
-4804
-4003
-2687
-1524
-955
-651
-247
246
1039
2499
4263
5399
5527
5194
4865
4395
3722
3122
2595
1646
271
-823
-1341
-1790
-2426
-3045
-3682
-4498
-5093
-5027
-4695
-4653
-4741
-4553
-4162
-3701
-3027
-2211
-1782
-1948
-2303
-2507
-2513
-2461
-2772
-4011
-6239
-8900
-11346
-13351
-14893
-15993
-17035
-18744
-21111
-21853
-17289
-6484
6029
13722
14163
10118
5901
5112
9435
16959
22884
23632
19387
12348
5072
279
-1310
-1794
-2906
-4000
-4157
-4273
-5319
-7050
-9140
-11156
-11487
-8590
-2976
2671
5641
5311
3399
2552
4241
8113
12782
16060
16066
12989
8739
5115
3023
2458
2467
1646
-764
-4129
-7349
-9625
-10520
-10085
-8869
-7141
-4850
-2299
-146
1253
2168
3051
4310
6183
8496
10566
11452
10533
8290
6157
5072
4771
4436
3639
2358
939
-70
-612
-1337
-2617
-3918
-4586
-4419
-3390
-1613
141
1063
1257
1448
1938
2637
3659
4931
5839
5892
5495
5144
4624
3562
2182
925
-126
-1001
-1542
-1817
-2367
-3323
-4424
-5379
-5879
-5489
-4316
-3202
-2805
-3008
-3309
-3346
-2907
-2111
-1277
-810
-823
-1113
-1590
-2412
-3676
-5026
-6157
-7150
-8311
-9831
-11821
-14160
-16463
-18262
-19319
-20030
-20998
-20986
-16176
-4768
8666
16686
16819
12608
8412
7301
11202
18547
24027
23689
18280
10645
3148
-1822
-3411
-3796
-4921
-5870
-5622
-5564
-7009
-9149
-10994
-12242
-11586
-7568
-1098
4519
6618
5583
3882
3636
5509
9233
13724
16689
16065
12492
8103
4025
765
-766
-671
-991
-3170
-6345
-9110
-11158
-12124
-11413
-9250
-6537
-3629
-627
1877
3392
4156
4877
6042
7831
10060
11917
12162
10270
7213
4887
4104
4056
3709
2640
948
-958
-2218
-2388
-2267
-2741
-3501
-3651
-2895
-1449
410
2060
2815
2841
2828
3352
4469
5834
6952
7175
6485
5533
4811
4169
3213
1861
335
-1075
-2046
-2277
-2067
-2222
-3122
-4283
-5025
-5055
-4305
-2943
-1693
-1292
-1587
-1864
-1797
-1655
-1454
-1064
-885
-1307
-1936
-2146
-2307
-3243
-4898
-6587
-8030
-9307
-10487
-11624
-13025
-14795
-16573
-17948
-19201
-21289
-22742
-18593
-6140
9388
18938
19277
14212
8206
4746
6969
14309
21152
22334
17986
10529
2037
-4518
-7057
-7003
-6549
-5318
-2836
-1332
-2649
-5473
-7925
-9294
-8376
-3748
3346
9049
10415
7989
4599
2607
3017
5786
9779
12642
12194
8546
3675
-821
-3923
-4876
-4059
-3086
-3342
-4744
-6581
-8303
-9061
-8247
-5970
-2611
1312
4973
7216
7585
6814
5816
5333
6054
7843
9427
9041
6187
2326
-578
-1591
-1398
-1057
-1095
-1376
-1649
-1599
-974
-292
-321
-830
-504
1249
3401
4872
5276
4675
3801
3327
3445
4084
4672
4720
4080
2930
1975
1351
696
-218
-1294
-2215
-2628
-2341
-1600
-1077
-1256
-1713
-1833
-1511
-860
-41
725
1014
613
74
-187
-388
-886
-1699
-2417
-2926
-3251
-3415
-3647
-4317
-5629
-7157
-8302
-8867
-9085
-9450
-10450
-12109
-13912
-15208
-15791
-15885
-16230
-17209
-15894
-7815
6233
18168
20783
15667
8707
3712
3413
8818
15925
17989
13098
5159
-2689
-8666
-10524
-8595
-6301
-5179
-3299
-470
479
-1017
-2502
-2680
-1666
1384
6859
12048
13192
9694
4637
1316
710
2273
4921
6957
6380
2755
-1796
-5230
-7240
-7695
-6362
-4070
-2606
-2787
-3791
-4877
-5401
-4382
-1480
2582
6441
9084
9965
8922
6806
4956
4098
4335
5308
6054
5310
2496
-1260
-4127
-5243
-4765
-3144
-1048
548
1073
900
792
888
1213
2138
3704
5387
6378
6376
5468
3893
2759
2854
3431
3426
2811
2151
1396
256
-677
-812
-801
-1471
-2484
-2743
-2251
-1877
-1685
-1069
-139
452
887
1566
2001
1608
871
612
608
273
-240
-793
-1855
-3581
-5073
-5493
-5205
-4904
-4768
-4795
-5363
-6569
-7698
-8195
-8158
-7945
-7997
-8678
-9958
-11303
-12221
-12836
-13424
-14508
-15186
-11437
-475
13499
21202
18677
11067
4444
1712
4242
10611
15405
13817
7460
573
-5221
-8486
-7992
-5636
-4175
-2904
35
2661
2388
523
-714
-914
387
4349
9757
12808
11227
6319
1521
-638
-13
2145
4415
5449
3942
343
-3152
-5459
-6639
-6334
-4329
-1986
-1236
-1876
-2708
-3393
-3437
-2045
945
4432
7068
8512
8554
7155
5127
3607
3258
3622
3940
3831
2743
370
-2501
-4438
-4707
-3758
-2138
-245
1225
1846
1937
2025
2183
2500
3297
4465
5482
5935
5585
4367
2811
1945
1964
2057
1820
1496
1144
469
-414
-957
-1251
-1797
-2529
-2859
-2462
-1830
-1359
-771
-17
575
873
1136
1469
1443
1081
911
748
74
-802
-1277
-1830
-3252
-4839
-5305
-5118
-5263
-5276
-4705
-4614
-5944
-7604
-8100
-7809
-7745
-8196
-9232
-10820
-12746
-14352
-14939
-15059
-15795
-16102
-12071
-1208
12194
19968
18743
12130
5532
2612
5009
11093
15609
14404
8410
897
-5620
-9073
-8745
-6623
-4923
-3021
71
2490
2417
854
-517
-960
512
4809
10160
12866
11181
6526
1790
-713
-357
1846
4164
5108
3763
527
-2923
-5286
-6248
-5733
-3887
-1697
-590
-1004
-2283
-3600
-3912
-2401
741
4484
7538
8925
8292
6322
4426
3355
2918
3013
3519
3621
2324
-405
-3529
-5962
-6945
-6069
-3670
-710
1994
4004
4903
4415
3183
2465
3068
4932
7044
7950
6854
4221
1413
-430
-969
-515
138
328
37
-413
-764
-1147
-1692
-2038
-1798
-1110
-383
232
807
1043
742
560
1129
2039
2431
2169
1651
905
-152
-1040
-1305
-1407
-2226
-3714
-4970
-5454
-5458
-5211
-4756
-4507
-4805
-5471
-5941
-5871
-5747
-6167
-7005
-7733
-8166
-8859
-10134
-11707
-13231
-14277
-15183
-16352
-14947
-6493
7638
18432
19217
13094
6263
1627
1403
6787
13557
15136
10786
4507
-1830
-7234
-9096
-7172
-4507
-2278
868
3854
3819
1368
-658
-1364
-644
2511
7824
12120
12149
7911
2461
-911
-1241
413
3174
6003
6501
3545
-531
-3173
-4600
-5250
-3926
-911
1012
571
-869
-2275
-3361
-3057
-508
3235
6394
8060
7974
6383
4170
2257
1283
1588
2774
3640
3102
1173
-1477
-3976
-5139
-4030
-1009
2344
4338
4342
3008
1599
1195
2094
3663
4871
5165
4550
3210
1569
330
-82
46
133
38
7
157
130
-422
-1175
-1526
-1470
-1257
-739
72
488
244
136
737
1524
1978
2258
2232
1500
461
-112
-385
-972
-1716
-2121
-2621
-3770
-5014
-5485
-5244
-4735
-4027
-3327
-3243
-3905
-4616
-4708
-4363
-4460
-5472
-6901
-8091
-9098
-10194
-11211
-12055
-12944
-13796
-14805
-15891
-13984
-5015
8598
17678
16977
10639
4379
358
750
6734
13318
13791
8689
2801
-2440
-6776
-7712
-5141
-2576
-1216
914
3296
3286
1283
-496
-1286
-641
2622
7683
11014
9973
5359
323
-1987
-961
1797
4901
6991
6284
2744
-1036
-3047
-3905
-4139
-2795
-497
540
-116
-1218
-2187
-2755
-1917
607
3682
6227
7649
7284
5276
2959
1540
1219
1814
2915
3442
2516
472
-1652
-3036
-3245
-2119
171
2755
4385
4468
3668
2943
2476
2204
2423
3183
3792
3569
2556
1104
-556
-1814
-1961
-1131
-61
786
1229
915
-251
-1492
-1829
-1174
-65
1112
2037
2130
1277
390
274
701
1135
1383
1316
779
-78
-940
-1846
-2826
-3411
-3336
-3109
-3196
-3396
-3535
-3860
-4283
-4207
-3571
-3064
-3069
-3241
-3348
-3831
-5016
-6457
-7582
-8454
-9465
-10447
-10937
-11326
-12330
-13706
-15099
-16337
-14696
-5892
8352
18554
18259
11249
4242
10
382
6478
13611
14728
9647
3401
-2001
-6438
-7716
-5503
-3232
-2196
-21
3145
3948
1863
-473
-1565
-926
2341
7532
11275
10654
6164
1022
-1408
-227
2673
5272
6616
5719
2471
-1031
-2899
-3713
-4128
-3191
-1076
126
-206
-865
-1594
-2526
-2348
-142
2949
5565
7202
7250
5415
2904
1297
881
1259
2279
3258
2961
1171
-958
-2310
-2649
-2180
-919
1094
3269
4749
5088
4295
2681
1078
511
1350
2912
3941
3644
2135
188
-1129
-1104
-86
917
1307
1140
631
75
-177
-193
-361
-473
186
1474
2304
2108
1398
710
139
31
692
1418
1206
163
-885
-1684
-2366
-2575
-2100
-1643
-1911
-2533
-2928
-3259
-3587
-3448
-2840
-2574
-3121
-3860
-4112
-4189
-4743
-5724
-6761
-7835
-9014
-10005
-10482
-10551
-10629
-10920
-11468
-12729
-14709
-14556
-7992
4234
14577
16651
11849
5370
690
191
4763
10629
12234
9085
4642
322
-3748
-5809
-5286
-4350
-3620
-1110
2797
4670
3195
367
-1755
-1960
669
5596
10086
11141
8128
3431
446
403
1979
3877
5507
5595
3359
342
-1767
-3416
-4990
-5085
-3134
-896
153
163
-598
-1873
-2478
-1232
1643
4753
6833
7217
5846
3493
1588
962
1206
1780
2647
3293
2504
246
-1888
-2920
-3216
-2661
-716
1797
3346
3508
2802
1698
575
82
938
2887
4428
4296
2814
1242
208
-371
-462
77
934
1487
1440
950
296
-308
-532
25
1235
2243
2364
1833
1219
709
460
776
1426
1670
1231
459
-338
-1035
-1418
-1382
-1033
-539
-291
-774
-2002
-3361
-4241
-4425
-3982
-3349
-3081
-3295
-3780
-4525
-5454
-6043
-5954
-5663
-5816
-6360
-6913
-7447
-8153
-8903
-9454
-9909
-10617
-11732
-13007
-13123
-9304
-278
9804
14191
11284
5526
1054
-439
2302
8060
11681
9952
5411
1105
-2849
-5565
-5238
-3187
-1912
-640
1925
3727
2819
723
-520
-577
995
4712
8890
10454
8262
4159
1004
238
1265
2913
4478
5003
3483
596
-1757
-3029
-3846
-3752
-1998
233
1068
467
-582
-1705
-2438
-1754
550
3334
5293
5752
4719
2881
1226
461
884
2276
3767
4362
3605
1686
-682
-2534
-3269
-2899
-1590
338
2117
3037
2972
2166
1007
214
434
1652
3200
4133
3749
2147
302
-784
-891
-412
358
1286
1861
1486
456
-226
-225
45
608
1723
2709
2598
1638
827
447
240
303
763
1097
751
12
-431
-451
-343
-227
-215
-562
-1222
-1806
-2213
-2601
-2900
-2956
-2897
-2958
-3160
-3409
-3600
-3671
-3724
-3868
-4026
-4180
-4628
-5529
-6592
-7454
-8022
-8258
-8222
-8295
-8767
-9547
-10767
-12346
-11999
-6446
3224
10691
11558
7873
3533
307
-32
3925
9122
10475
7802
4536
1475
-2072
-4338
-4035
-2943
-1885
694
4090
4940
2549
-350
-1706
-1134
1716
6328
10064
10173
6712
2498
237
181
1087
2451
4124
4792
3388
1028
-923
-2854
-4753
-4770
-2226
606
1543
770
-765
-2525
-3469
-2383
424
3285
4891
5034
4162
2902
1805
1295
1631
2522
3108
2830
1890
563
-1062
-2581
-3434
-3501
-2833
-1306
776
2300
2331
1024
-586
-1312
-451
1606
3410
3714
2657
1382
632
348
320
461
684
839
905
992
1151
1100
618
195
557
1510
2126
2075
1706
1081
235
-205
101
613
851
784
350
-330
-837
-1017
-1018
-884
-600
-352
-415
-922
-1821
-2827
-3514
-3599
-3180
-2621
-2289
-2465
-3228
-4298
-5130
-5409
-5329
-5194
-5091
-5176
-5791
-6851
-7758
-8291
-8853
-9460
-9698
-9922
-10637
-10177
-5821
1580
7291
8421
6715
4571
2631
2198
4715
8037
8486
6444
4774
3334
704
-1528
-1638
-1236
-1415
-202
2763
4340
3163
1513
893
744
1470
4126
7258
8005
6029
3615
2398
2129
2265
2907
3755
3687
2355
935
109
-1032
-2676
-3226
-2120
-1032
-976
-1051
-939
-1445
-2159
-1612
174
1779
2660
3216
3345
2652
1541
904
1025
1458
1725
1692
1280
256
-1309
-2729
-3462
-3657
-3427
-2346
-287
1904
3064
2663
1055
-713
-1367
-243
1977
3709
3870
2706
1186
-30
-704
-681
-15
856
1628
2413
2994
2637
1302
104
-112
459
1486
2704
3261
2327
496
-846
-1313
-1318
-857
125
893
897
545
266
-215
-1049
-1599
-1245
-281
416
302
-648
-2212
-3882
-4851
-4566
-3370
-2247
-1950
-2467
-3372
-4342
-5163
-5543
-5465
-5415
-5652
-5836
-5909
-6530
-7809
-8858
-9144
-9086
-9020
-8896
-8620
-7287
-3269
2894
7555
8167
6239
4311
3118
3238
5518
8483
9311
7842
5973
4076
1752
74
-321
-555
-775
440
2672
3644
2866
1739
848
323
1259
3927
6410
6948
5919
4554
3347
2370
1950
2319
3012
3130
2421
1485
526
-938
-2613
-3273
-2733
-2144
-1994
-1785
-1681
-2340
-3282
-3312
-2276
-890
637
2342
3602
3645
2583
1263
450
421
1016
1781
2073
1372
-218
-1932
-3109
-3726
-3881
-3293
-1833
5
1500
2102
1480
-14
-1161
-920
645
2729
4471
5079
4219
2475
854
-37
51
1138
2569
3340
3159
2367
1076
-497
-1424
-1018
138
1140
1803
2047
1396
-99
-1453
-1837
-1274
-149
1111
1842
1520
402
-694
-1203
-1196
-955
-643
-349
-292
-835
-2038
-3334
-4090
-4340
-4289
-3783
-2986
-2741
-3390
-4275
-4913
-5417
-5543
-4869
-4049
-4088
-4807
-5548
-6304
-7016
-7199
-6944
-6940
-7467
-8186
-8445
-7199
-3626
1245
4912
6109
5774
5085
4451
4506
5763
7209
7444
6859
6463
5620
3468
1066
-275
-854
-826
731
3378
4821
4137
2725
1669
1017
1389
3310
5489
6157
5413
4509
3826
3009
2171
1779
1802
1828
1766
1686
1151
-403
-2508
-3893
-4067
-3686
-3264
-2783
-2478
-2679
-2973
-2612
-1544
-276
894
1832
2408
2704
2836
2669
2157
1596
1165
819
634
586
222
-856
-2326
-3513
-4039
-3816
-2854
-1400
15
1015
1606
1927
1943
1653
1517
2085
3178
4053
4302
3906
2733
964
-404
-574
116
947
1658
2005
1582
606
-154
-391
-348
-24
668
1310
1455
1239
897
273
-585
-1034
-624
338
1256
1749
1556
587
-711
-1565
-1678
-1408
-1127
-919
-982
-1643
-2809
-3902
-4475
-4474
-4037
-3396
-2978
-3021
-3284
-3473
-3639
-3890
-4012
-3867
-3696
-3808
-4162
-4582
-5091
-5692
-6078
-5954
-5559
-5445
-5783
-6092
-5655
-4022
-1311
1683
3842
4591
4246
3551
3184
3608
4734
5838
6341
6318
5945
5119
3967
2914
2087
1497
1553
2461
3510
3840
3422
2608
1569
688
622
1428
2344
2703
2547
2223
1892
1602
1430
1364
1206
878
674
772
724
7
-1137
-2090
-2725
-3130
-3018
-2294
-1631
-1669
-2103
-2245
-1964
-1457
-747
87
730
1003
1139
1416
1717
1674
1247
813
667
648
508
273
-28
-521
-1100
-1333
-1022
-393
234
656
807
810
817
829
854
1065
1434
1700
1828
1965
1952
1591
1180
1058
1066
999
1079
1399
1588
1450
1237
1043
675
239
123
350
535
568
649
701
396
-186
-585
-655
-579
-370
-4
186
-104
-616
-991
-1317
-1704
-1890
-1735
-1621
-1871
-2311
-2651
-2933
-3244
-3420
-3341
-3156
-2987
-2778
-2607
-2698
-3031
-3266
-3201
-3024
-2962
-3008
-3048
-3078
-3192
-3365
-3449
-3414
-3507
-3787
-3872
-3507
-2922
-2351
-1634
-602
588
1659
2385
2627
2531
2532
2895
3509
4162
4587
4554
4229
3945
3704
3295
2811
2475
2280
2181
2298
2543
2527
2124
1623
1279
1113
1097
1162
1142
993
856
852
887
776
456
47
-261
-373
-359
-356
-467
-750
-1182
-1625
-1918
-1989
-1830
-1491
-1077
-695
-410
-216
-33
200
415
483
400
300
265
283
307
318
312
274
210
147
112
74
44
144
436
732
868
1013
1303
1533
1518
1406
1330
1195
1057
1153
1459
1634
1538
1327
1098
831
643
676
857
1014
1136
1283
1410
1442
1345
1117
818
657
773
1011
1121
1045
815
367
-231
-627
-606
-433
-426
-502
-539
-746
-1225
-1618
-1635
-1520
-1544
-1567
-1477
-1516
-1760
-1877
-1709
-1522
-1470
-1377
-1183
-1080
-1124
-1160
-1200
-1362
-1544
-1539
-1391
-1307
-1383
-1609
-1906
-2124
-2161
-2073
-2009
-1988
-2014
-2178
-2449
-2632
-2586
-2426
-2298
-2219
-2121
-1993
-1808
-1542
-1251
-989
-645
-96
554
1054
1302
1454
1659
1896
2164
2523
2860
2917
2691
2572
2785
2990
2833
2456
2110
1759
1388
1153
1039
816
449
196
222
448
701
804
684
455
240
32
-146
-211
-167
-41
215
547
677
427
-50
-514
-788
-745
-420
-99
-55
-278
-574
-796
-858
-724
-441
-144
90
321
633
958
1121
1086
979
926
976
1173
1483
1696
1622
1315
961
650
403
297
388
592
805
995
1144
1183
1104
1005
970
1023
1134
1247
1345
1406
1339
1076
710
373
41
-307
-525
-518
-441
-461
-515
-525
-559
-625
-557
-315
-83
-2
-13
-65
-213
-423
-482
-311
-95
-5
-38
-202
-532
-867
-949
-771
-572
-502
-545
-725
-1042
-1303
-1341
-1243
-1149
-1058
-994
-1108
-1449
-1868
-2225
-2528
-2746
-2806
-2785
-2853
-3033
-3236
-3429
-3675
-3917
-4025
-3926
-3598
-3071
-2487
-2065
-1850
-1742
-1610
-1324
-770
-40
613
1073
1447
1777
1947
1941
1877
1821
1831
2039
2485
2939
3059
2755
2265
1787
1430
1346
1549
1796
1854
1781
1714
1614
1453
1363
1378
1375
1335
1385
1467
1348
1006
657
428
234
28
-100
-131
-163
-242
-254
-169
-139
-225
-266
-138
52
203
383
579
592
375
160
111
122
97
121
215
230
99
-36
-118
-226
-354
-355
-202
-17
162
391
589
643
607
615
675
727
809
908
904
782
686
661
627
576
575
580
501
430
497
608
631
648
794
963
1009
1011
1067
1088
992
907
906
823
541
242
98
13
-126
-224
-231
-303
-504
-618
-504
-326
-264
-274
-305
-435
-635
-711
-595
-457
-466
-623
-883
-1215
-1524
-1718
-1849
-2009
-2222
-2479
-2764
-2991
-3068
-3071
-3147
-3309
-3473
-3616
-3736
-3727
-3578
-3433
-3416
-3459
-3447
-3365
-3155
-2768
-2293
-1900
-1585
-1209
-762
-334
43
406
731
1043
1455
1985
2455
2697
2753
2742
2763
2919
3251
3631
3812
3703
3434
3112
2782
2516
2427
2521
2653
2694
2603
2353
1941
1516
1294
1321
1431
1441
1302
1022
622
208
-63
-174
-253
-376
-448
-383
-250
-137
-47
25
34
-9
4
103
165
100
-34
-164
-296
-384
-351
-246
-244
-387
-531
-584
-567
-479
-312
-185
-222
-356
-438
-435
-417
-366
-257
-152
-95
16
234
457
582
624
630
594
565
654
858
1062
1193
1270
1296
1257
1200
1193
1207
1206
1229
1307
1376
1354
1271
1162
1018
846
715
660
627
575
522
457
321
98
-159
-401
-605
-742
-797
-813
-867
-982
-1150
-1344
-1504
-1560
-1506
-1398
-1280
-1211
-1258
-1443
-1667
-1830
-1932
-2010
-2053
-2053
-2101
-2267
-2498
-2725
-2969
-3253
-3490
-3586
-3588
-3594
-3613
-3608
-3604
-3645
-3692
-3615
-3383
-3032
-2609
-2116
-1602
-1202
-939
-678
-253
312
915
1508
2064
2450
2595
2638
2780
3013
3216
3413
3646
3814
3783
3605
3417
3264
3086
2911
2853
2837
2709
2476
2269
2135
1979
1789
1683
1689
1699
1644
1563
1440
1171
768
428
279
223
113
-82
-324
-610
-898
-1045
-984
-837
-757
-745
-718
-668
-647
-659
-652
-606
-529
-428
-299
-201
-225
-407
-636
-763
-745
-643
-526
-421
-365
-414
-546
-654
-682
-654
-580
-405
-138
75
123
59
19
68
222
514
899
1211
1338
1340
1343
1372
1390
1413
1462
1516
1541
1548
1529
1406
1148
842
610
504
500
551
580
505
318
80
-144
-337
-484
-560
-567
-571
-613
-699
-826
-987
-1128
-1187
-1175
-1166
-1189
-1227
-1264
-1309
-1348
-1358
-1365
-1397
-1438
-1444
-1420
-1399
-1388
-1376
-1369
-1382
-1416
-1466
-1556
-1676
-1782
-1836
-1870
-1931
-2058
-2256
-2500
-2742
-2908
-2970
-2964
-2927
-2877
-2795
-2686
-2549
-2346
-2041
-1624
-1139
-613
-91
384
781
1143
1541
1992
2456
2864
3180
3375
3444
3436
3424
3439
3447
3430
3378
3275
3116
2904
2669
2432
2199
1995
1845
1756
1692
1611
1477
1288
1082
895
758
654
538
372
155
-85
-311
-505
-685
-871
-1070
-1256
-1387
-1428
-1387
-1316
-1253
-1201
-1143
-1049
-915
-761
-635
-547
-468
-341
-150
54
190
193
55
-149
-277
-241
-74
106
200
180
78
-29
-55
29
149
226
245
249
255
238
205
173
138
96
91
148
224
253
242
251
316
423
562
720
856
925
934
936
945
937
914
912
944
985
994
965
891
779
668
629
676
745
747
652
490
320
209
180
211
211
125
-24
-148
-205
-201
-177
-173
-226
-316
-410
-487
-561
-669
-811
-940
-1012
-1021
-1011
-1063
-1207
-1430
-1639
-1749
-1727
-1617
-1519
-1511
-1624
-1825
-2033
-2200
-2292
-2331
-2343
-2355
-2396
-2458
-2526
-2549
-2518
-2399
-2191
-1899
-1570
-1227
-897
-586
-297
1
363
793
1244
1674
2042
2292
2447
2559
2669
2784
2857
2849
2768
2640
2497
2350
2212
2063
1893
1714
1558
1440
1340
1229
1098
973
871
803
762
706
596
418
219
63
-41
-133
-261
-441
-662
-862
-984
-1017
-1014
-1035
-1085
-1134
-1141
-1075
-953
-816
-708
-640
-583
-515
-433
-341
-260
-201
-157
-107
-53
-22
-34
-74
-103
-110
-82
-23
37
61
35
-13
-55
-81
-70
3
124
241
308
312
251
159
106
163
325
523
679
754
760
743
774
890
1079
1276
1425
1504
1522
1499
1462
1446
1463
1503
1542
1578
1585
1539
1428
1277
1124
987
881
810
749
665
528
339
132
-58
-190
-242
-240
-238
-290
-403
-544
-664
-730
-743
-730
-734
-773
-834
-902
-951
-995
-1046
-1109
-1183
-1255
-1324
-1413
-1530
-1680
-1815
-1922
-1992
-2054
-2135
-2244
-2370
-2478
-2537
-2538
-2503
-2452
-2401
-2341
-2277
-2188
-2064
-1885
-1645
-1344
-1000
-652
-339
-77
157
379
626
907
1212
1504
1727
1859
1914
1932
1939
1954
1982
2011
2020
1983
1904
1775
1609
1418
1225
1050
906
793
714
650
584
497
379
248
116
-6
-109
-191
-263
-337
-423
-522
-628
-726
-811
-869
-898
-896
-863
-805
-734
-665
-607
-561
-516
-457
-370
-263
-144
-37
44
81
75
45
9
-4
11
51
90
106
78
4
-88
-160
-188
-161
-91
-20
19
16
-18
-48
-44
7
107
218
317
381
406
414
447
540
694
887
1083
1245
1361
1429
1481
1546
1639
1752
1860
1935
1963
1940
1879
1793
1705
1622
1539
1456
1368
1271
1164
1036
888
725
552
384
232
95
-39
-178
-333
-494
-644
-775
-891
-1004
-1119
-1218
-1281
-1307
-1298
-1283
-1287
-1318
-1370
-1423
-1476
-1530
-1586
-1653
-1715
-1783
-1864
-1972
-2111
-2267
-2404
-2502
-2546
-2545
-2513
-2465
-2427
-2382
-2322
-2242
-2112
-1919
-1683
-1405
-1114
-845
-598
-375
-159
79
336
613
878
1117
1307
1454
1574
1675
1777
1873
1959
2022
2042
2019
1954
1865
1779
1707
1641
1570
1477
1352
1202
1038
875
732
608
497
387
265
119
-41
-204
-345
-451
-516
-553
-577
-604
-648
-708
-773
-824
-845
-832
-800
-767
-746
-744
-752
-751
-727
-674
-589
-493
-395
-307
-239
-181
-125
-62
14
98
169
213
221
208
185
179
198
236
280
315
344
377
414
460
505
545
580
610
648
695
755
822
897
974
1046
1112
1172
1238
1304
1380
1454
1516
1549
1540
1497
1437
1368
1294
1216
1134
1042
938
824
717
620
538
470
407
344
271
193
115
45
-6
-42
-73
-107
-154
-220
-308
-402
-500
-583
-645
-687
-722
-772
-843
-937
-1041
-1138
-1224
-1282
-1330
-1373
-1431
-1503
-1591
-1700
-1817
-1933
-2034
-2113
-2163
-2190
-2203
-2200
-2187
-2157
-2106
-2020
-1884
-1703
-1474
-1218
-943
-655
-377
-108
146
390
629
857
1067
1252
1404
1526
1605
1647
1654
1639
1613
1577
1535
1483
1426
1359
1287
1216
1148
1083
1021
959
894
813
718
620
522
421
315
214
119
28
-64
-164
-268
-371
-469
-553
-615
-658
-692
-728
-768
-800
-819
-817
-792
-743
-689
-629
-578
-537
-501
-474
-446
-407
-357
-303
-246
-199
-168
-147
-133
-121
-111
-96
-76
-55
-29
-1
26
46
64
85
120
167
225
284
347
414
491
577
670
755
823
879
933
997
1075
1154
1229
1284
1315
1322
1307
1284
1266
1258
1257
1257
1239
1194
1119
1020
913
809
717
638
563
484
390
272
131
-11
-134
-221
-274
-297
-304
-313
-330
-359
-407
-455
-498
-525
-534
-531
-526
-534
-573
-641
-719
-800
-858
-898
-916
-929
-946
-977
-1017
-1067
-1130
-1189
-1244
-1298
-1328
-1338
-1346
-1348
-1359
-1379
-1386
-1382
-1357
-1306
-1232
-1134
-1022
-894
-753
-611
-465
-330
-191
-45
106
261
411
547
665
760
836
900
950
993
1027
1057
1076
1080
1073
1050
1019
986
951
916
877
837
787
728
662
587
509
431
350
280
211
144
70
-11
-94
-174
-247
-315
-377
-437
-492
-539
-580
-607
-628
-634
-621
-600
-556
-501
-440
-379
-317
-254
-190
-124
-56
17
90
154
201
233
256
282
319
371
430
490
537
573
603
624
644
661
680
704
725
745
750
737
714
682
660
648
648
651
654
649
629
594
547
495
442
392
348
305
263
213
151
83
12
-55
-112
-160
-199
-243
-291
-347
-419
-509
-612
-723
-852
-988
-1133
-1270
-1408
-1551
-1695
-1839
-1966
-2077
-2158
-2209
-2219
-2193
-2134
-2035
-1901
-1734
-1555
-1360
-1146
-911
-658
-401
-141
114
356
583
791
975
1131
1263
1378
1477
1557
1608
1633
1634
1617
1584
1543
1502
1460
1419
1378
1334
1282
1226
1167
1101
1028
959
885
806
716
621
518
413
309
200
92
-12
-106
-191
-262
-327
-383
-428
-456
-471
-471
-459
-438
-409
-383
-364
-346
-329
-312
-294
-276
-262
-259
-269
-299
-338
-378
-417
-451
-490
-528
-568
-607
-640
-673
-705
-728
-741
-740
-726
-698
-662
-630
-598
-565
-527
-479
-423
-361
-293
-228
-170
-118
-75
-29
23
83
153
231
308
375
434
477
516
550
583
613
635
650
651
633
599
554
506
454
395
339
283
226
165
103
40
-22
-83
-138
-189
-232
-271
-303
-332
-354
-372
-388
-404
-423
-437
-445
-444
-437
-421
-394
-365
-327
-289
-247
-204
-166
-120
-74
-25
25
76
122
163
194
211
224
237
261
294
331
369
404
420
418
404
384
362
360
376
385
398
389
364
334
302
288
299
330
375
413
442
457
458
459
469
496
533
572
598
604
587
555
527
511
503
503
500
487
453
393
315
235
167
110
65
23
-33
-107
-194
-286
-367
-430
-472
-492
-504
-517
-542
-575
-609
-634
-639
-622
-591
-556
-526
-507
-503
-506
-503
-483
-442
-396
-347
-307
-287
-279
-281
-285
-277
-262
-243
-227
-220
-220
-232
-247
-254
-252
-246
-234
-222
-209
-206
-205
-205
-205
-205
-205
-205
-204
-204
-211
-218
-217
-210
-205
-198
-189
-183
-179
-177
-167
-150
-133
-116
-101
-88
-74
-61
-50
-40
-29
-15
4
20
35
45
52
55
60
77
95
124
154
185
212
232
253
264
268
273
276
293
302
303
296
278
262
243
229
220
220
219
219
211
207
208
211
216
225
240
252
266
275
283
292
301
310
323
337
352
362
363
364
361
361
367
368
368
361
356
348
336
327
315
300
286
275
258
239
214
186
153
121
91
59
33
4
-27
-65
-103
-139
-174
-208
-238
-264
-283
-298
-315
-326
-336
-339
-337
-326
-307
-290
-270
-250
-229
-209
-187
-167
-147
-133
-120
-110
-105
-102
-107
-109
-113
-120
-120
-121
-122
-125
-122
-120
-115
-105
-99
-98
-102
-104
-107
-115
-123
-140
-159
-180
-199
-223
-243
-263
-284
-301
-314
-318
-318
-309
-298
-286
-272
-251
-227
-198
-167
-134
-102
-72
-40
-10
21
46
67
90
113
135
150
159
168
168
164
159
152
143
126
107
86
65
40
14
-9
-27
-44
-64
-74
-78
-74
-69
-62
-43
-23
3
28
58
86
108
134
154
175
188
201
209
211
205
198
194
189
177
162
156
147
140
141
135
129
133
137
140
150
151
154
163
168
183
188
186
187
189
195
196
198
196
193
189
185
181
177
173
166
154
144
134
123
113
100
86
72
57
37
17
-2
-24
-44
-68
-87
-106
-125
-147
-167
-182
-194
-208
-217
-223
-226
-230
-232
-231
-228
-224
-220
-214
-210
-203
-196
-187
-181
-172
-164
-154
-142
-133
-117
-102
-86
-73
-56
-36
-20
-2
14
28
39
50
59
68
68
66
62
56
45
32
15
-3
-23
-43
-64
-86
-109
-131
-149
-165
-181
-197
-207
-217
-220
-225
-232
-234
-235
-232
-227
-227
-223
-219
-215
-212
-205
-196
-185
-168
-151
-132
-110
-83
-56
-25
4
36
70
102
134
164
191
215
232
244
247
251
258
255
251
235
222
204
183
162
143
131
113
97
79
73
67
66
64
66
72
76
81
85
91
99
103
108
110
113
117
116
118
117
116
117
115
111
104
102
100
97
94
92
89
89
87
82
77
67
60
50
39
31
19
11
4
-3
-10
-19
-30
-38
-46
-52
-62
-69
-74
-74
-76
-77
-75
-72
-71
-73
-73
-72
-70
-70
-71
-71
-68
-64
-61
-59
-56
-53
-47
-39
-36
-28
-21
-16
-10
-6
-3
0
5
6
10
10
13
9
12
10
7
7
4
-4
-10
-11
-13
-20
-25
-29
-32
-36
-39
-41
-45
-51
-59
-65
-71
-77
-86
-91
-95
-95
-96
-98
-96
-94
-88
-82
-72
-63
-50
-36
-23
-13
-4
6
8
11
8
7
3
-4
-17
-31
-43
-55
-69
-84
-99
-110
-120
-124
-124
-122
-116
-108
-92
-71
-57
-39
-22
1
21
41
58
74
94
107
116
127
137
147
149
149
154
153
148
148
150
141
138
138
130
134
130
121
119
112
111
111
105
102
100
102
106
111
113
112
113
113
117
119
123
124
123
124
126
127
126
122
116
107
97
82
70
54
35
17
-4
-22
-42
-59
-76
-95
-112
-127
-138
-146
-153
-159
-165
-167
-167
-161
-157
-153
-143
-137
-127
-118
-109
-99
-87
-73
-69
-61
-51
-43
-36
-24
-19
-11
-5
3
11
18
22
23
29
32
34
37
33
34
34
34
32
26
19
14
8
1
-7
-15
-25
-32
-40
-48
-55
-63
-71
-78
-84
-86
-88
-90
-94
-95
-96
-95
-93
-90
-88
-85
-83
-78
-75
-71
-66
-59
-52
-44
-36
-31
-21
-13
-1
8
19
29
37
46
52
59
63
69
69
71
68
67
65
56
50
38
34
28
22
17
12
11
7
0
0
3
5
8
10
13
16
20
24
30
31
34
33
38
43
44
45
49
49
51
48
48
49
52
54
55
57
58
60
59
59
60
59
58
53
45
39
35
30
26
18
11
1
-5
-11
-16
-23
-28
-26
-30
-30
-29
-27
-22
-19
-14
-8
-2
1
6
8
15
20
21
24
24
26
23
23
20
18
15
11
9
7
2
1
-3
-7
-11
-14
-17
-23
-24
-27
-34
-36
-41
-45
-51
-58
-60
-64
-68
-73
-80
-84
-85
-87
-87
-89
-86
-82
-81
-77
-71
-64
-58
-52
-43
-33
-23
-13
-4
5
15
22
32
40
44
47
48
48
49
45
41
33
23
15
6
-4
-17
-28
-37
-48
-58
-68
-74
-77
-79
-82
-80
-78
-68
-61
-57
-48
-43
-30
-21
-12
-5
2
9
16
23
25
30
35
34
31
35
34
30
29
27
23
23
23
17
19
26
21
20
20
20
28
29
28
28
31
37
41
42
45
47
48
52
52
54
57
59
59
60
60
63
62
64
60
60
61
60
59
57
54
53
51
49
44
39
38
34
31
26
21
19
17
14
13
9
6
1
-2
-6
-7
-10
-9
-12
-15
-18
-17
-17
-23
-24
-29
-32
-32
-36
-40
-43
-46
-45
-47
-46
-47
-47
-48
-48
-46
-45
-43
-42
-38
-33
-30
-25
-23
-18
-16
-13
-9
-8
-9
-9
-8
-11
-12
-14
-15
-17
-21
-23
-24
-27
-30
-33
-33
-36
-35
-36
-36
-34
-29
-26
-23
-18
-15
-9
-6
1
5
10
13
16
21
26
28
29
30
30
28
26
28
24
22
16
12
11
5
3
-5
-6
-10
-10
-14
-17
-16
-19
-19
-18
-17
-16
-15
-16
-11
-10
-10
-8
-6
-3
-1
1
2
7
10
12
15
15
17
18
21
22
23
24
25
30
36
38
39
37
37
38
39
38
35
32
29
30
31
30
29
27
26
20
15
13
11
12
10
7
6
5
5
6
6
7
7
5
3
3
2
3
4
5
4
4
1
3
4
2
1
-1
-2
-2
-6
-8
-8
-9
-12
-17
-20
-21
-24
-25
-31
-33
-38
-38
-40
-45
-44
-47
-46
-48
-45
-42
-41
-36
-34
-29
-24
-18
-13
-4
3
12
18
25
33
40
46
49
56
58
61
61
62
64
61
57
52
50
46
37
28
19
12
2
-5
-15
-23
-27
-35
-41
-46
-52
-55
-58
-58
-56
-57
-55
-53
-45
-39
-35
-31
-28
-20
-14
-11
-7
-2
2
4
6
7
9
8
7
5
5
2
-5
-4
-6
-8
-12
-15
-19
-16
-13
-18
-17
-20
-19
-9
-9
-6
-6
1
6
13
16
20
26
28
33
34
38
42
44
46
46
49
49
48
44
41
38
36
34
26
20
14
11
6
2
-3
-5
-12
-18
-21
-27
-28
-31
-33
-32
-32
-32
-31
-32
-28
-26
-24
-22
-21
-18
-16
-14
-9
-9
-7
-7
-8
-4
-3
-3
-6
-5
-6
-6
-7
-5
-5
-7
-6
-7
-5
-7
-6
-6
-4
-2
-2
2
1
3
5
6
9
9
9
8
9
10
10
10
12
11
12
10
10
10
9
8
7
7
7
4
4
3
5
4
4
4
6
6
4
4
2
4
4
4
5
6
7
7
6
8
6
7
7
4
3
2
2
3
1
0
-5
-6
-8
-8
-11
-12
-14
-15
-16
-18
-19
-19
-19
-19
-19
-18
-19
-18
-16
-15
-11
-11
-9
-6
-5
-2
-1
1
3
5
4
4
6
8
9
8
10
10
11
12
11
12
11
12
10
9
7
8
9
10
9
8
8
7
7
6
6
5
4
2
2
2
2
2
1
2
2
0
1
2
0
-1
-2
-1
0
-2
-2
-2
-2
-2
-3
-2
-5
-3
-4
-4
-5
-5
-6
-7
-7
-8
-8
-7
-8
-8
-9
-9
-8
-8
-7
-9
-9
-9
-8
-7
-7
-7
-6
-6
-5
-4
-3
-1
0
0
2
4
5
7
8
9
10
11
13
14
15
14
14
14
15
16
15
14
13
10
8
7
5
3
2
-2
-4
-5
-8
-8
-10
-12
-13
-14
-14
-13
-13
-12
-11
-11
-9
-7
-4
-5
-3
-3
-2
1
2
2
1
3
3
4
1
3
1
-1
0
0
-2
-4
-1
-4
-3
-3
-5
-3
-5
-5
0
-2
-1
-1
0
1
3
5
6
7
7
8
9
10
11
12
11
12
12
13
13
12
12
12
11
10
8
8
6
4
3
2
1
0
-1
-3
-4
-7
-7
-8
-10
-10
-11
-11
-11
-11
-12
-13
-11
-11
-11
-12
-10
-9
-8
-9
-8
-7
-6
-5
-4
-3
-3
-2
-1
0
2
2
3
3
4
4
6
7
6
7
7
8
8
8
9
9
8
7
7
5
5
4
5
4
3
0
-1
-1
-2
-4
-4
-5
-7
-5
-7
-6
-6
-6
-5
-5
-4
-2
-2
1
0
1
2
4
5
6
7
7
7
8
8
8
7
7
5
4
5
1
1
-1
-1
-3
-5
-7
-8
-7
-9
-10
-12
-11
-10
-10
-9
-11
-9
-8
-8
-7
-6
-5
-4
-2
-1
0
0
1
3
3
5
5
7
6
8
9
7
8
8
9
8
8
8
9
9
7
7
7
7
7
5
5
4
4
4
3
3
3
2
1
0
-1
-3
-3
-2
-4
-5
-6
-7
-6
-6
-7
-7
-7
-7
-8
-7
-6
-5
-6
-5
-5
-4
-4
-2
-1
-1
0
1
2
3
3
4
3
3
3
3
2
2
3
1
1
-1
-1
-1
-1
-2
-4
-4
-4
-4
-5
-6
-6
-6
-6
-5
-5
-5
-4
-3
-1
-1
0
1
3
3
3
4
6
8
9
9
9
10
11
11
9
10
9
10
9
6
5
4
4
1
0
0
-2
-2
-5
-7
-9
-8
-9
-9
-10
-10
-8
-9
-8
-8
-7
-6
-7
-6
-6
-3
-2
-2
-1
-1
1
2
1
1
3
3
2
4
6
4
3
4
2
5
4
3
5
3
3
4
3
3
2
2
2
3
4
4
4
4
4
3
4
3
4
4
4
4
4
4
2
1
2
2
1
1
0
-1
-1
-2
-2
-4
-3
-3
-4
-4
-4
-6
-6
-6
-6
-4
-4
-5
-4
-5
-4
-3
-1
0
-2
-1
0
1
0
1
1
2
2
1
1
1
2
2
2
2
2
1
0
1
-1
0
0
-1
0
0
-1
-1
1
0
-1
0
2
0
0
1
1
1
1
0
2
1
2
1
2
0
1
1
2
1
1
1
0
1
-1
-1
0
-1
-1
-1
-1
-1
0
0
-2
-2
-1
-1
0
0
0
-1
0
-1
0
1
0
-1
-1
0
0
0
0
-1
0
0
-1
0
0
0
0
-1
0
1
0
0
1
0
-1
-1
1
2
0
0
0
0
0
-1
0
1
0
0
0
1
0
0
1
0
1
1
1
1
1
2
1
1
0
0
-1
0
1
1
1
0
0
0
1
0
1
0
0
0
-1
-1
0
0
0
0
-1
0
-1
0
0
-1
0
1
0
-1
-1
-1
-1
1
-1
-1
-1
-1
0
0
-1
0
-1
-2
-1
0
0
0
0
0
-1
-1
0
-1
-1
0
0
-1
-1
0
0
-2
-2
-1
-1
0
-1
-1
0
0
-1
1
1
1
0
0
1
1
0
0
1
1
2
1
1
1
1
1
1
0
1
0
0
0
1
0
0
0
1
0
-1
-2
-2
0
-1
-1
0
-1
1
1
0
0
0
0
0
1
0
0
1
0
0
-1
0
1
-1
1
1
1
-1
0
0
0
1
1
-1
1
1
0
0
-2
0
2
-1
1
0
0
0
1
0
1
0
1
0
1
1
1
0
0
0
0
0
0
0
0
1
0
0
-1
0
1
0
0
-1
1
1
0
-1
0
0
0
1
1
0
0
-1
-1
-1
0
-1
0
0
0
0
-1
-1
0
0
0
0
0
0
0
0
1
1
0
0
0
0
0
-1
1
0
1
-1
-1
-1
0
0
0
0
1
0
0
1
1
0
1
0
0
-1
1
0
0
0
-1
0
1
1
0
0
0
0
0
-1
-1
0
-1
0
0
0
0
0
0
0
-1
0
0
0
0
-1
0
1
1
0
0
0
0
-1
0
0
1
1
0
0
-1
0
1
0
-1
-1
0
0
0
-1
-1
0
1
0
1
0
1
0
0
0
0
-1
0
1
0
-1
0
1
0
-1
0
0
0
-1
0
0
0
0
1
1
1
1
0
0
-1
0
0
-1
0
1
0
0
0
-1
0
0
0
-2
0
-1
0
-1
0
1
0
1
-1
0
0
-1
0
0
0
0
0
0
0
0
0
0
0
-1
0
0
0
0
1
0
-1
0
1
0
0
-1
0
-1
0
1
0
-1
0
0
1
-1
-1
0
0
0
-1
-1
0
0
0
0
-1
0
0
0
1
1
0
-1
-1
1
1
1
0
0
0
1
0
1
1
0
1
1
1
0
0
0
0
0
0
0
1
-2
-1
-3
-1
0
0
0
-1
0
0
0
0
0
1
1
1
0
0
0
1
0
0
0
0
0
0
1
0
0
0
0
-1
-1
0
-2
1
1
0
1
-1
0
1
1
-1
0
1
0
0
1
0
0
0
0
0
0
1
1
1
-1
1
-1
1
-1
0
0
0
0
0
0
0
-1
1
0
0
0
1
1
0
-1
0
0
0
-1
-1
0
1
0
0
1
0
-1
-1
0
0
0
0
-1
1
-1
-1
-1
0
0
-1
-1
1
0
0
1
0
0
0
-1
0
0
-1
0
0
0
0
0
0
0
1
1
0
0
0
0
1
0
-1
-1
0
1
0
-1
0
0
0
0
-1
0
1
0
0
1
-1
-1
-2
-1
0
1
0
0
0
-1
-1
0
1
0
0
1
1
