40
54
26
0
1
14
17
20
25
19
6
15
45
55
28
3
17
43
35
8
2
16
24
16
8
2
-11
-19
-6
14
10
-10
-13
7
21
14
8
24
42
38
12
-17
-33
-31
-19
-11
-20
-43
-56
-43
-13
12
15
-1
-13
-10
-1
-9
-31
-37
-9
27
32
6
-18
-13
5
9
-9
-35
-51
-48
-34
-15
-2
0
-9
-23
-36
-42
-36
-32
-37
-52
-71
-83
-84
-69
-43
-23
-16
-16
-14
-7
-4
-7
-13
-18
-23
-22
-23
-39
-69
-87
-72
-39
-15
-10
-12
-13
-14
-13
-13
-27
-50
-61
-44
-30
-43
-61
-48
-15
-7
-22
-20
11
28
5
-29
-35
-21
-17
-22
-23
-7
15
28
25
14
18
48
81
89
75
58
47
35
25
20
10
-8
-14
0
7
-13
-27
-6
25
16
-23
-39
-16
16
28
28
24
11
-3
-2
8
9
-2
-11
-20
-35
-52
-52
-38
-30
-25
-13
2
2
-9
-14
-9
-7
-16
-20
-16
-10
0
8
5
-17
-37
-36
-22
-18
-19
-9
13
20
2
-23
-28
-13
-1
-13
-37
-48
-34
-15
-12
-25
-31
-21
-5
9
13
7
-2
1
18
37
42
42
42
35
20
13
27
47
56
60
70
72
53
36
46
66
61
27
3
5
15
20
28
46
64
69
62
55
55
66
84
94
94
90
88
76
54
33
31
38
39
29
10
-6
-7
14
44
53
32
8
5
18
27
19
5
-8
-18
-21
-15
-6
-1
-3
-5
-4
-8
-29
-53
-57
-35
-12
-8
-15
-11
2
4
-11
-27
-32
-26
-18
-9
-9
-15
-15
-1
12
11
7
13
21
13
-6
-10
7
26
31
20
4
-6
11
51
85
80
48
26
28
40
43
35
25
20
22
26
17
-2
-9
5
19
12
-1
3
18
23
13
2
-7
-16
-18
-11
-13
-39
-65
-70
-59
-51
-46
-31
-21
-33
-60
-69
-52
-35
-31
-36
-38
-41
-40
-23
5
19
5
-17
-23
-14
-13
-28
-41
-34
-10
6
3
-10
-14
-5
4
7
13
27
34
18
-1
8
42
60
41
15
14
35
44
32
18
15
17
13
13
21
32
40
41
38
33
38
53
66
64
51
44
52
61
58
41
28
25
25
16
-1
-4
10
24
15
-10
-21
-6
15
22
17
5
-12
-37
-51
-46
-31
-22
-23
-28
-35
-39
-34
-21
-20
-32
-47
-51
-51
-49
-41
-32
-45
-82
-107
-88
-45
-25
-43
-75
-87
-68
-35
-14
-21
-47
-62
-49
-19
1
1
-10
-21
-27
-29
-33
-39
-31
-4
18
2
-49
-88
-79
-45
-29
-40
-44
-22
6
13
1
-5
1
8
6
6
14
20
18
11
5
-4
-16
-10
21
50
44
9
-19
-11
10
17
6
-5
-4
0
0
-3
-1
12
32
47
50
49
61
81
83
54
18
18
58
94
89
53
23
18
25
27
24
24
31
41
40
18
-18
-35
-17
12
25
25
35
49
44
19
6
14
17
11
13
28
22
-11
-29
-8
18
11
-13
-13
7
11
-9
-31
-33
-17
8
26
19
-8
-23
-12
4
-1
-17
-19
-9
-8
-16
-21
-22
-19
-3
23
27
-7
-40
-28
2
-6
-52
-69
-33
4
-14
-65
-87
-67
-35
-21
-28
-43
-53
-48
-32
-30
-51
-66
-51
-23
-17
-34
-45
-38
-25
-18
-12
-10
-17
-28
-21
-4
2
-13
-22
-9
11
14
-1
-13
-12
-4
0
-5
-13
-10
12
39
46
36
31
39
49
46
36
31
36
41
46
51
47
24
-7
-17
13
62
87
71
45
33
29
18
7
10
15
13
16
35
43
10
-30
-26
17
41
28
12
17
22
19
30
49
45
14
2
25
48
36
6
-7
-4
5
23
42
47
41
51
74
65
15
-27
-21
11
30
30
30
33
25
4
-19
-36
-36
-18
2
7
3
11
24
16
-15
-37
-40
-41
-51
-57
-49
-39
-39
-49
-64
-79
-83
-72
-60
-64
-78
-74
-52
-37
-45
-64
-72
-62
-40
-22
-17
-20
-16
-6
-3
-11
-11
2
13
7
-6
-13
-19
-30
-36
-31
-21
-19
-19
-12
-3
-4
-11
-16
-16
-19
-28
-34
-31
-21
-6
4
4
-9
-25
-37
-43
-45
-45
-45
-42
-37
-37
-47
-59
-56
-36
-19
-20
-36
-49
-45
-26
-6
-1
-14
-28
-28
-23
-18
-6
13
26
18
2
1
10
9
1
6
26
33
18
3
5
9
-3
-23
-24
-3
17
19
10
10
32
53
49
31
32
59
78
66
41
34
42
36
18
17
35
44
28
7
9
25
24
4
-3
18
42
39
15
10
36
58
47
24
19
31
34
25
20
20
9
-13
-22
-14
-3
-4
-12
-20
-24
-24
-20
-21
-27
-23
6
35
34
11
8
33
44
14
-24
-25
7
23
11
7
32
63
58
24
4
24
55
61
42
25
21
18
14
12
9
-7
-32
-44
-34
-18
-10
-2
11
19
14
6
8
11
10
14
29
39
24
3
-1
13
21
10
-6
-15
-10
4
20
27
22
18
26
31
14
-11
-19
-5
3
0
8
30
39
23
10
29
53
47
19
5
9
3
-17
-22
3
25
16
-8
-11
10
26
15
-10
-24
-19
-6
-2
-12
-30
-37
-20
6
13
-12
-50
-70
-64
-47
-37
-34
-29
-15
3
13
12
8
5
1
-9
-20
-21
-13
-13
-26
-35
-24
-7
-9
-25
-31
-27
-27
-32
-26
-10
-8
-29
-46
-38
-26
-26
-29
-23
-17
-25
-35
-31
-21
-28
-48
-51
-33
-15
-12
-23
-38
-47
-44
-31
-19
-16
-19
-22
-30
-41
-37
-11
16
19
-8
-41
-54
-38
-14
-5
-19
-32
-16
13
16
-1
1
29
41
8
-33
-34
-2
19
9
-4
-3
8
13
10
0
-11
-15
-12
-7
-6
-12
-21
-27
-22
-3
13
9
-10
-30
-43
-47
-46
-42
-40
-37
-26
-9
0
-6
-17
-19
-11
-1
8
13
3
-18
-31
-22
-6
3
3
1
-2
-3
3
16
19
7
-9
-14
-8
5
14
17
20
32
43
33
3
-20
-13
3
10
16
35
42
22
3
17
47
52
31
16
8
-6
-17
6
43
45
8
-15
3
25
22
10
20
40
43
21
-4
-13
-8
2
6
1
-4
1
18
35
48
51
42
27
23
39
57
56
38
16
-4
-26
-40
-32
-12
-3
-6
0
20
26
9
-4
10
32
29
6
-9
-12
-14
-18
-1
33
52
35
7
3
22
40
41
32
28
41
60
64
41
8
-13
-19
-16
-4
19
31
18
-2
-9
-7
-20
-34
-15
30
57
43
15
2
1
5
17
31
37
43
61
81
79
60
43
39
45
68
97
97
58
21
22
42
42
31
33
36
22
4
14
38
54
68
88
77
28
-1
42
98
86
20
-5
34
66
41
-2
-17
-15
-19
-27
-18
2
10
-7
-35
-45
-25
-8
-24
-48
-30
15
17
-38
-78
-46
9
16
-19
-37
-23
-13
-33
-72
-104
-107
-77
-33
-12
-31
-61
-67
-50
-42
-51
-54
-37
-20
-31
-64
-77
-47
0
17
1
-10
-10
-19
-33
-20
19
24
-29
-69
-26
68
113
75
22
15
35
31
11
18
56
69
36
4
24
72
84
50
24
37
51
29
-13
-32
-18
3
14
8
-5
-15
-14
-11
-22
-45
-55
-55
-62
-79
-91
-93
-96
-100
-91
-73
-67
-75
-79
-72
-57
-35
-8
0
-27
-64
-75
-65
-60
-60
-42
-5
15
4
-16
-24
-20
-14
-13
-12
-7
-3
-10
-22
-17
-3
-21
-84
-128
-99
-34
-15
-52
-79
-56
-10
35
76
94
71
42
52
86
86
51
15
-16
-59
-87
-69
-34
-36
-59
-48
-13
-8
-38
-51
-33
-10
10
33
36
7
-20
-18
-18
-38
-29
36
86
59
5
2
22
-2
-42
-28
24
38
16
11
18
-5
-42
-37
-3
11
14
52
108
120
92
73
71
49
15
19
56
71
38
2
-4
-1
-12
-22
-7
19
18
-17
-50
-58
-58
-64
-53
-2
55
58
13
-12
-9
-33
-80
-65
24
69
11
-43
1
61
17
-70
-59
24
45
-5
-14
25
3
-78
-93
-14
21
-42
-84
-35
7
-35
-79
-53
-26
-52
-50
35
83
9
-65
-7
74
19
-92
-86
-5
-9
-70
-32
64
44
-65
-64
42
49
-65
-88
30
79
-18
-72
16
72
8
-10
108
182
100
37
114
158
37
-65
6
83
-2
-96
-17
86
18
-84
-17
96
39
-76
-22
107
66
-80
-72
71
99
-11
-50
26
50
-9
-2
79
83
-5
-27
50
86
30
-8
27
47
24
40
110
128
52
-16
6
61
73
48
33
38
41
34
30
48
71
49
-23
-60
-4
61
30
-40
-27
22
-19
-82
-14
112
83
-41
-19
112
78
-95
-71
170
237
16
-107
47
119
-75
-168
65
226
10
-197
-17
205
31
-239
-114
164
75
-203
-131
164
125
-184
-199
92
132
-155
-227
57
184
-56
-202
-3
151
-15
-163
-20
120
-12
-150
-35
83
-42
-158
1
179
69
-109
-24
149
88
-53
36
192
96
-92
-23
155
73
-130
-63
140
57
-200
-158
88
39
-238
-199
113
95
-264
-299
93
221
-118
-245
116
298
-47
-263
68
323
11
-269
51
409
159
-209
17
406
187
-295
-194
278
251
-199
-217
227
295
-146
-280
149
364
-23
-314
2
331
57
-348
-181
234
122
-369
-417
35
188
-211
-440
-84
237
-27
-383
-180
226
121
-283
-231
199
241
-171
-288
93
291
-1
-190
86
312
88
-153
17
254
130
-97
-28
154
106
-32
1
76
-5
-89
-23
28
-37
-15
147
152
-78
-188
-37
42
-101
-122
113
209
-16
-152
44
175
-18
-132
138
368
152
-131
-4
253
148
-111
-19
275
241
-61
-98
170
234
-40
-180
37
201
8
-226
-136
64
-13
-247
-240
-13
58
-92
-140
3
39
-147
-249
-113
-30
-175
-231
10
183
-23
-237
-36
227
20
-323
-116
405
380
-153
-257
249
431
-95
-411
87
566
190
-413
-271
228
110
-398
-323
238
291
-235
-393
24
148
-289
-459
-26
200
-207
-466
-69
241
-140
-509
-142
339
99
-361
-136
405
288
-274
-285
242
369
-48
-184
198
392
101
-105
75
203
62
48
281
308
24
-53
202
218
-176
-316
102
368
-19
-400
-85
370
92
-535
-467
196
353
-214
-468
64
459
13
-510
-203
413
325
-206
-156
399
444
-109
-257
252
469
22
-189
297
582
68
-355
86
567
141
-466
-137
541
280
-543
-499
296
354
-498
-767
33
503
-126
-662
-158
392
-65
-708
-371
324
174
-388
-187
411
192
-535
-431
342
358
-387
-407
457
625
-283
-622
275
790
-10
-614
137
845
144
-715
-159
762
340
-608
-303
639
390
-631
-561
397
404
-534
-639
241
391
-482
-718
135
510
-219
-639
-2
447
-116
-618
-142
449
189
-320
-162
307
272
-106
-157
139
305
199
64
70
174
230
112
-82
-101
48
60
-102
-104
76
35
-252
-298
-54
-88
-435
-395
124
260
-274
-558
-101
223
-222
-625
-182
429
247
-314
-286
160
171
-224
-256
184
445
245
16
65
160
56
-89
-16
207
284
136
20
114
190
8
-195
-69
162
42
-224
-62
352
282
-225
-351
17
71
-358
-419
162
469
4
-448
-252
36
-123
-268
64
421
322
75
26
-32
-175
-36
344
395
115
156
534
479
-75
-224
278
533
136
-126
219
484
163
-184
-76
51
-150
-237
57
215
-33
-163
86
120
-337
-585
-164
258
45
-290
-67
318
120
-383
-372
106
296
74
34
306
344
9
-137
124
276
90
77
420
464
-68
-361
102
474
-11
-537
-94
585
226
-610
-404
548
537
-519
-876
-40
416
-253
-681
21
621
22
-793
-576
87
61
-304
-62
467
322
-322
-490
-64
185
1
-77
233
460
166
-339
-372
159
540
233
-238
-33
528
351
-494
-619
324
805
-58
-854
-262
590
117
-831
-479
618
501
-693
-990
-60
378
-241
-482
238
559
-231
-859
-390
217
40
-194
284
693
174
-510
-265
434
445
-53
-29
482
490
-139
-441
1
443
279
-91
-126
22
16
-22
73
69
-164
-277
-95
-35
-295
-310
207
452
-201
-870
-449
425
352
-379
-265
621
602
-571
-1053
-12
927
485
-223
76
546
29
-658
-240
634
608
30
62
392
-21
-709
-405
563
751
97
-160
165
32
-657
-751
35
562
219
-210
-119
-18
-333
-587
-353
30
182
185
50
-339
-596
-220
317
116
-465
-221
656
624
-438
-707
434
1041
-66
-1018
-63
1198
536
-853
-409
1084
788
-974
-1117
668
1296
-174
-934
310
990
-402
-1375
-86
1144
114
-1166
-291
1003
148
-1332
-613
1128
810
-935
-990
618
1013
-251
-712
322
791
-125
-725
-94
545
365
116
242
176
-170
-176
93
72
10
391
613
11
-581
-185
367
-93
-738
-178
800
495
-612
-695
142
208
-583
-637
292
686
20
-474
-168
64
-246
-341
119
365
63
-76
206
130
-500
-614
280
962
379
-530
-315
538
432
-521
-576
600
1143
81
-900
-244
812
407
-669
-443
635
516
-632
-679
499
699
-530
-942
294
958
-213
-1165
-200
958
276
-964
-544
741
632
-554
-644
458
746
-209
-562
410
979
26
-911
-188
1107
874
-514
-788
460
1053
-134
-1176
-228
1319
1034
-589
-1014
157
767
-120
-821
-109
822
541
-400
-692
-235
178
163
-88
-227
-14
308
113
-509
-528
290
614
-222
-765
76
849
72
-871
-143
985
283
-1195
-780
967
1124
-455
-984
269
900
-193
-1037
-258
742
510
-195
-222
44
-157
-495
-335
97
192
-80
-236
-16
205
-144
-828
-744
386
1080
174
-1005
-594
561
288
-936
-665
998
1285
-411
-1399
-316
778
311
-286
301
825
63
-815
-431
467
613
275
234
290
11
-345
-444
-292
185
847
846
-167
-970
-483
324
88
-472
31
857
366
-862
-902
197
650
59
-307
-54
-16
-300
-166
297
322
15
28
138
-238
-630
-233
518
597
69
-242
-181
-151
-142
36
167
112
193
416
225
-387
-564
-6
415
142
-166
69
301
-20
-400
-248
40
-90
-262
96
540
242
-517
-614
119
514
-118
-782
-318
662
675
-202
-470
224
516
-198
-676
-93
522
307
76
484
571
-284
-846
-172
594
334
-61
329
529
-279
-863
-213
437
-39
-462
238
738
-137
-951
-271
596
119
-566
-8
650
-30
-829
-187
696
89
-940
-495
672
652
-193
-241
334
234
-349
-288
254
314
-1
57
335
207
-185
-276
-5
339
515
257
-352
-522
167
755
275
-519
-409
144
-7
-473
-180
403
162
-407
-170
336
-55
-709
-316
498
246
-634
-616
106
197
-222
-73
365
66
-548
-330
349
327
-145
-50
321
42
-463
-179
470
348
-283
-304
174
163
-238
-69
561
522
-343
-829
-262
490
390
-248
-343
251
516
-107
-697
-217
711
650
-287
-565
177
486
-314
-828
21
1025
637
-505
-694
173
676
184
-441
-321
295
588
278
-89
30
300
22
-532
-322
599
836
-19
-477
290
823
-82
-1055
-453
716
573
-376
-374
380
361
-322
-281
405
403
-286
-367
311
567
75
-226
33
151
-154
-224
278
677
304
-491
-718
-18
777
637
-181
-441
138
400
-189
-519
151
716
168
-550
-272
325
186
-138
180
435
-137
-652
-228
279
28
-141
401
551
-305
-782
-104
241
-528
-693
575
1102
-436
-1647
-431
1196
604
-924
-762
430
384
-532
-407
476
432
-364
-476
31
88
-189
-103
3
-313
-339
326
582
-214
-781
-124
570
61
-692
-335
459
369
-219
-160
290
163
-331
-315
123
252
32
-96
-144
-268
-181
225
345
-148
-554
-253
200
88
-161
117
339
-328
-1062
-350
1234
1378
-375
-1625
-763
621
573
-116
164
699
12
-972
-462
683
344
-840
-513
947
986
-427
-779
274
465
-486
-343
966
805
-1039
-1407
574
1648
96
-1320
-405
827
219
-738
-119
839
326
-697
-520
302
395
-9
-100
-131
-394
-329
159
258
-79
29
464
169
-566
-342
608
572
-441
-538
588
948
-213
-1039
-240
868
756
-47
-304
-32
60
-106
-144
68
348
432
143
-276
-332
-62
-44
-329
-264
249
461
105
-173
-114
-186
-365
-84
377
162
-368
-53
749
526
-533
-617
413
638
-388
-728
336
904
-3
-599
249
772
-343
-1188
77
1650
931
-978
-1080
497
954
-281
-820
262
895
-104
-890
-19
872
54
-1046
-310
1189
957
-564
-817
377
711
-281
-559
362
415
-916
-1217
523
1730
504
-1170
-937
118
-7
-536
212
1358
1028
-237
-645
-339
-534
-736
255
1517
1126
-522
-1226
-467
188
11
-11
569
740
-44
-766
-481
225
281
-195
-231
341
533
-221
-986
-613
422
640
-119
-509
2
319
-131
-294
426
806
-58
-906
-343
745
698
-186
-399
191
435
-18
-408
-290
62
325
303
-77
-375
-37
514
298
-457
-518
175
336
-280
-425
193
311
-378
-529
206
372
-396
-463
626
893
-484
-1264
84
1486
670
-999
-953
334
645
-47
-135
256
-250
-1122
-477
1326
1752
111
-1335
-982
-11
148
83
665
1042
177
-1036
-1054
-142
278
-4
-26
388
447
-25
-383
-437
-508
-381
306
862
346
-607
-545
318
372
-573
-930
-116
541
269
18
350
303
-578
-1113
-536
205
304
434
966
814
-559
-1661
-1101
250
764
407
136
99
-104
-310
-253
-275
-533
-412
340
830
380
-314
-338
25
6
-338
-450
-234
100
510
785
437
-436
-910
-479
165
262
116
356
699
420
-330
-639
-213
228
103
-179
43
604
746
251
-327
-563
-616
-576
-129
700
1135
644
-252
-754
-816
-711
-282
495
903
425
-271
-339
-84
-217
-461
-198
203
102
-33
456
830
64
-999
-709
536
732
-373
-770
430
1432
606
-966
-1237
-137
709
469
-103
-133
200
211
-191
-406
-101
211
-49
-481
-278
307
233
-423
-362
597
797
-556
-1673
-785
1019
1525
706
105
-43
-628
-1245
-575
984
1550
656
-296
-506
-487
-370
233
702
77
-792
-263
1044
1002
-260
-528
410
381
-905
-1026
650
1529
367
-582
113
490
-730
-1354
171
1517
572
-681
89
1197
244
-1224
-635
706
196
-956
-26
1759
1153
-1186
-1807
-489
23
-478
292
1887
1367
-1033
-1751
-14
985
-35
-536
640
1133
-132
-772
360
846
-613
-1513
-169
1055
101
-1023
-101
1153
350
-1189
-1031
-55
-382
-1091
-14
1789
1460
-724
-1739
-705
253
31
-12
886
1377
528
-511
-461
206
379
1
-288
-250
-42
238
457
333
-183
-674
-697
-310
6
-89
-341
-205
333
575
74
-627
-757
-405
-154
-26
329
731
702
341
78
-109
-366
-326
250
749
629
335
273
-120
-1018
-1217
-98
825
272
-461
130
749
-363
-1751
-1014
688
547
-650
48
1820
1025
-1903
-2426
317
1756
-205
-1623
302
2252
806
-1631
-1388
292
365
-365
409
1517
572
-1225
-1197
-77
-268
-1119
-397
1166
1148
-113
-537
-368
-1116
-1821
-607
1279
1200
-217
-355
592
413
-599
-337
718
349
-855
-396
1242
1243
-329
-694
441
602
-515
-603
519
496
-804
-880
499
759
-415
-412
1013
847
-1457
-2466
-695
826
51
-781
217
1101
90
-1018
-392
467
-151
-918
-223
767
582
166
562
602
-561
-1274
-251
912
564
-153
296
995
603
-94
-2
98
-541
-795
74
614
-191
-828
-79
506
-574
-1799
-1153
416
794
151
-19
188
-273
-1054
-1023
-218
552
1095
1385
944
-135
-866
-908
-869
-613
680
2318
2470
1218
445
323
-694
-1958
-879
1979
2708
447
-961
164
230
-2777
-4767
-2157
1778
2158
50
-567
94
-706
-2169
-1428
760
1333
541
990
2227
1515
-740
-1354
149
1121
699
691
1536
1534
363
-373
-272
-477
-933
-528
277
117
-455
6
691
-145
-1567
-1326
-86
-276
-1430
-925
993
1422
-27
-794
-271
-483
-1421
-573
1958
2753
943
-79
1289
1887
-477
-2778
-1640
1202
2053
962
461
749
42
-1550
-2035
-879
502
1265
1764
1926
1085
-539
-1769
-1891
-1127
49
1132
1532
1070
183
-763
-1662
-1999
-1097
559
1490
1210
710
508
-117
-1248
-1487
-76
1649
2163
1679
1059
241
-933
-1641
-1221
-336
206
651
1193
1033
-185
-1233
-1018
-261
-103
-261
29
407
280
176
647
926
237
-661
-775
-597
-855
-824
287
1430
1222
291
1
-76
-1091
-2259
-1791
56
1348
1465
1354
1128
-6
-1560
-1962
-1059
-214
114
654
1188
582
-832
-1243
-166
935
1184
1237
1321
625
-729
-1259
-442
529
896
1266
1751
1270
-424
-1936
-2269
-1895
-1190
259
2004
2435
1095
-534
-1363
-1902
-2355
-1736
53
1338
1149
595
555
143
-1038
-1355
237
1990
1887
701
334
595
79
-886
-765
351
858
318
-162
-105
-214
-664
-655
18
463
129
-471
-776
-869
-871
-595
-102
158
-49
-508
-1001
-1429
-1529
-1012
-38
898
1500
1721
1498
889
316
223
562
945
1160
1221
1087
712
237
-123
-297
-315
-241
-256
-558
-1029
-1257
-1024
-527
-105
7
-368
-1208
-2088
-2444
-2108
-1295
-202
924
1498
1032
-136
-1130
-1495
-1321
-581
811
2254
2680
1772
263
-1063
-1940
-2100
-1172
499
1761
1800
834
-555
-2005
-2992
-2762
-1220
661
1799
1912
1238
9
-1311
-1896
-1269
135
1505
2379
2557
1863
486
-783
-1186
-709
131
931
1493
1602
1195
633
415
676
1223
1885
2527
2863
2631
1931
1162
640
460
600
964
1342
1565
1642
1629
1494
1243
1049
1110
1486
2121
2883
3519
3793
3727
3493
3042
2166
980
69
12
918
2375
3591
3733
2558
729
-750
-1364
-1131
-153
1382
2903
3629
3036
1048
-1852
-4477
-5496
-4658
-3127
-2256
-2427
-3322
-4626
-6037
-7188
-7998
-8553
-8477
-7266
-5525
-4861
-6063
-8231
-9986
-10660
-10108
-8559
-7032
-6768
-7749
-8759
-9068
-8963
-8511
-7254
-5434
-4149
-3886
-4039
-4104
-4118
-3813
-2693
-1189
-440
-741
-1328
-1703
-1973
-1930
-1121
123
879
886
658
521
518
980
2248
4001
5663
7087
8241
8829
8909
9243
10369
11899
13172
13928
14084
13743
13574
14175
15017
15113
14634
14588
15111
15467
15507
15624
15598
15001
14303
14034
13538
12294
11569
12751
14908
16019
15734
14884
13406
11060
9150
9170
10664
12471
14664
16978
16909
12196
4093
-4218
-11141
-16376
-18957
-18479
-16962
-16807
-18018
-19644
-22268
-26439
-30142
-30640
-27792
-23389
-18589
-14229
-12029
-12807
-14568
-14703
-13127
-11295
-9308
-6218
-2276
1144
3218
3742
2417
-349
-2704
-3047
-1956
-1164
-1132
-915
-169
-128
-2345
-7022
-12608
-16767
-17965
-16625
-14949
-15246
-17890
-20805
-21452
-19527
-17150
-16077
-15619
-13910
-10269
-5467
-675
2836
4037
3539
3636
5688
8519
10488
11635
12373
11849
9522
6884
5650
5594
5871
6813
8532
9393
8013
5349
3048
1374
433
1416
4581
7754
8865
8487
8204
8208
8185
8840
10805
13387
15756
17963
19815
20425
19807
19334
19777
20396
20599
21002
22343
24494
26698
27807
26739
23870
21318
20732
21732
23432
25955
29096
30996
29433
23209
12070
-2377
-15281
-21344
-20220
-16514
-13958
-12763
-12843
-15258
-19483
-23148
-25324
-26309
-24296
-17161
-7752
-2111
-1898
-3544
-4885
-6909
-8887
-8000
-4432
-1070
1974
6510
10286
8642
2356
-2731
-4054
-3916
-3200
-541
2350
1681
-1938
-4657
-6684
-11482
-18020
-20994
-18894
-15263
-12208
-9163
-7481
-9408
-12680
-12605
-9205
-6280
-4188
130
6457
10775
11336
10020
8288
6667
7137
10935
14821
14263
9584
4854
1875
-750
-3758
-6272
-7827
-8369
-7363
-5342
-4770
-7048
-10272
-11796
-11260
-9620
-7205
-4235
-1481
606
1822
1235
-1610
-4752
-5520
-3862
-1674
322
2409
3730
3269
2005
1487
1566
1962
3997
7915
10760
10048
7454
5877
5335
4800
5315
7833
10423
11004
10544
10602
10363
9099
8722
10761
13430
14736
15754
17765
18955
17305
14493
13669
15143
17020
18340
19158
19120
18222
17261
15425
9355
-2632
-16347
-24389
-23159
-15905
-9161
-7450
-11052
-17050
-21667
-22660
-20581
-17534
-14177
-8762
-389
7778
10894
8062
3169
-37
-1055
-496
1607
4288
5765
6257
7295
7377
2733
-6095
-13121
-14363
-11893
-8838
-5604
-3165
-4275
-8583
-11934
-13089
-15391
-19294
-19690
-13892
-6117
-917
1794
2505
-182
-4439
-4693
267
5099
6689
8269
11822
13614
10852
6177
2338
-1236
-3981
-3135
182
493
-3869
-8471
-10661
-13045
-17014
-19399
-17967
-14532
-10918
-7248
-5072
-6481
-9409
-9304
-5897
-3121
-2445
-1495
943
3448
4997
5233
2927
-1798
-5458
-5284
-3145
-2025
-1552
-493
-179
-1794
-3612
-4026
-3688
-2341
1864
7644
10380
8945
7447
8365
9812
11137
14552
19387
21525
20358
19624
20148
18950
16447
16835
20228
22191
21764
21987
22158
18335
12210
10475
14289
17812
18033
17771
18404
17972
16635
15569
10821
-2439
-19168
-27231
-22246
-11847
-4828
-3784
-8246
-16394
-22793
-22257
-17027
-13482
-11870
-6601
3226
11120
12056
7617
1548
-3862
-6291
-4081
382
2651
2230
2306
3258
1179
-6066
-15150
-20955
-21137
-16401
-9209
-3336
-2244
-6159
-11824
-16047
-18500
-20278
-20853
-18117
-11455
-3440
2111
2996
-607
-6606
-11248
-10799
-5071
1728
5460
6202
6152
5373
2469
-1984
-5801
-7932
-8174
-5708
-1071
2054
512
-4179
-8472
-11686
-14771
-16238
-13633
-7944
-2842
-515
-1082
-4314
-8710
-10746
-8454
-4286
-1645
-420
1389
3636
4437
2966
-275
-4323
-7298
-7109
-3942
-288
2124
3293
3033
953
-1534
-1990
349
4791
10818
16913
19820
18304
15593
14987
15754
16497
18802
23445
26958
26400
23750
21519
18595
14676
13473
16619
19773
19523
18395
18397
16348
10962
7608
10105
14423
16181
17510
20873
23170
21415
17120
10261
-2648
-19031
-27812
-23104
-12672
-7077
-8194
-13207
-20873
-28103
-29120
-23904
-19441
-17964
-13000
-1876
7507
8032
2649
-2788
-7140
-9616
-6898
37
4482
3976
3616
5491
3743
-5192
-15673
-20900
-20562
-16769
-10056
-3359
-2542
-8640
-15605
-18908
-20394
-22119
-21728
-17071
-10084
-3526
1506
3318
-90
-6598
-10252
-7781
-1635
4129
7652
8707
7714
5889
4076
1534
-2208
-5191
-4888
-1513
2186
3550
1475
-3223
-7949
-10352
-10720
-10693
-10015
-7134
-2879
-486
-1750
-5608
-10074
-12986
-11899
-6540
-601
2104
2281
2889
3852
2733
-571
-3643
-5035
-4628
-1910
2600
5613
4354
487
-2221
-2696
-2081
-340
3261
7664
11101
13445
14999
14635
11956
9696
11083
15845
21009
24392
25285
23434
19835
17306
17759
19707
20560
20448
21368
23105
22786
18986
14091
11556
12412
15443
19103
21741
21633
18989
16388
14401
8529
-5086
-21572
-30330
-27102
-18289
-12315
-11997
-16466
-23931
-29888
-29149
-23122
-18878
-17830
-12706
-184
11351
12756
6061
-786
-4501
-5373
-2333
3495
6151
3003
32
2046
3526
-3068
-15090
-23542
-24623
-20501
-13391
-6051
-3747
-8527
-14950
-17349
-17346
-18855
-20332
-17817
-11581
-4554
1781
5533
3323
-4175
-10201
-9818
-5617
-2046
760
3773
5053
3199
354
-1770
-4393
-7295
-6967
-2399
1869
1756
-1277
-3806
-5139
-6028
-6269
-5790
-5258
-4267
-1763
1149
1813
-183
-2534
-3363
-2332
492
4220
6771
7380
7755
8455
6833
1545
-3865
-5354
-3634
-1742
-346
1004
1037
-962
-2674
-2124
-883
-574
949
6156
12922
16668
15843
12626
9913
9901
13686
19965
25322
27308
26274
23962
22034
21794
23174
24245
23806
23425
24453
24785
21966
17747
15638
15634
15579
15835
17706
19010
16672
12236
8918
4501
-6019
-20789
-30978
-31442
-25748
-19675
-15777
-15638
-20813
-28523
-31957
-28395
-22569
-18699
-14032
-4668
6163
11152
8102
1230
-5102
-9122
-9350
-4998
973
3911
3405
2880
2586
-1955
-12396
-23008
-26792
-22848
-15090
-7254
-2249
-2851
-8751
-15176
-18030
-18354
-18694
-17884
-13381
-6436
-834
1778
1820
-828
-5516
-8886
-8130
-4677
-1416
1678
5692
8899
8667
5545
2093
-517
-1743
-102
4141
7038
5296
618
-3281
-5557
-7235
-7985
-7207
-5959
-4920
-2937
-105
698
-1814
-4413
-3607
-1
3954
7322
9390
8522
5082
2288
1687
1025
-1177
-2637
-1358
968
2174
2777
3482
3114
1586
1507
4212
7329
8664
9395
11186
13164
14056
14462
15034
15108
14940
16505
20255
23649
24498
23450
22083
21030
20850
21966
22939
21632
18826
17687
18996
20104
19308
17902
16993
15703
13420
10368
5045
-4787
-17034
-25273
-26094
-23000
-20910
-20475
-20369
-21252
-23797
-25826
-25293
-23671
-22604
-19728
-12338
-3319
1503
964
-1167
-2742
-4972
-7718
-8361
-6374
-4301
-3029
-794
1629
-220
-7828
-16140
-19543
-17924
-14231
-9923
-5959
-4669
-6844
-9679
-10943
-12443
-16011
-18873
-16959
-10827
-4676
-1255
-858
-3261
-7057
-8835
-6610
-2799
-754
57
2286
5793
7958
7747
6330
4651
3267
3482
5647
7260
5594
1455
-2177
-4374
-6510
-9082
-10891
-10955
-9195
-5799
-1802
482
-354
-2691
-3584
-2004
917
3849
5985
6815
6699
6795
7244
6596
4192
1713
1021
1851
3009
4317
5893
7041
7449
8101
9456
10165
9213
7938
8222
9904
11629
13051
14604
16096
17036
17516
17668
17195
16331
16201
17450
19484
21426
22570
21981
19463
16814
15976
16147
15247
13859
14421
16708
17864
16912
14862
10262
179
-13119
-22220
-23534
-20939
-18314
-14741
-10353
-10058
-16127
-22799
-24193
-22520
-22174
-20882
-14455
-6175
-2709
-3391
-2427
-23
-1978
-8506
-12808
-11788
-9396
-7559
-2848
4515
6928
-112
-10438
-15481
-14592
-11804
-7823
-1920
2288
328
-5627
-9334
-9553
-10491
-13542
-14810
-11951
-8018
-6367
-6194
-5728
-6122
-8851
-11920
-12202
-9998
-7877
-6014
-2312
2915
5992
4803
1811
590
1587
3154
4649
6040
5977
3252
-513
-2464
-2640
-3729
-6567
-8664
-7903
-5165
-2338
-125
1077
464
-1459
-2328
-705
2046
3918
4734
5264
5527
5405
5478
5875
5684
4687
4165
4842
5680
5905
6349
7496
8218
7972
8099
9248
9768
8662
7909
9427
11854
12954
13183
13983
14516
13392
12046
12816
14814
15375
14734
15517
17959
19369
18438
16674
15220
13538
11783
11366
12269
12484
11151
9871
9883
9898
7706
2541
-4605
-11469
-15221
-14448
-10845
-7691
-6734
-7720
-10086
-13116
-15234
-15509
-15270
-15893
-15858
-12957
-8649
-6734
-7972
-9670
-10579
-12139
-14347
-14713
-12667
-10911
-10691
-9657
-6627
-4541
-5782
-7925
-7474
-5070
-3558
-3197
-2440
-1629
-2133
-3023
-2274
-621
-811
-3273
-5524
-5895
-5172
-4550
-4423
-5313
-7644
-10291
-11273
-10179
-8371
-6932
-6019
-5867
-6518
-6816
-5564
-3461
-2054
-1209
236
1752
1563
-203
-1341
-806
344
1499
3273
5120
5013
2757
1099
1980
3823
4204
3258
2605
2605
2726
3234
4402
5034
3843
1701
685
1269
2133
2387
2445
2835
3489
4126
4330
3549
1992
1142
2313
4985
7474
8727
8619
7328
5705
5483
7562
10557
12478
13302
14265
15251
15004
13673
12945
13419
13910
13739
13618
13683
12777
10652
8938
8684
8617
7208
5002
3487
2988
3115
4058
5795
6942
6041
3387
334
-2409
-4554
-5379
-4681
-3805
-4174
-5489
-6774
-8199
-10204
-11849
-12115
-12008
-13209
-15288
-16545
-16965
-17691
-18072
-16288
-13043
-11491
-12833
-14819
-15470
-15389
-15259
-14011
-11222
-8723
-7702
-6399
-2986
1017
2640
1542
-100
-796
-606
451
2561
4825
5687
4845
3418
2234
1028
-662
-2691
-4431
-5220
-4943
-4423
-4705
-5771
-6727
-7337
-8136
-8830
-8193
-6071
-3886
-2434
-979
599
844
-698
-1933
-1012
1018
2210
2687
3510
4104
3347
2104
2096
2985
3083
2444
2715
4217
5564
6117
6478
6519
5288
3173
2008
2490
3368
3600
3404
2797
1097
-1366
-2862
-2466
-1104
298
2054
4176
5307
4553
3139
2856
3839
5193
6861
9312
11910
13258
13127
12659
12525
12176
11306
10923
12048
14034
15192
14849
13876
13101
12260
10994
9940
9829
10039
9317
7823
7105
7772
8572
8354
7558
6718
4842
898
-3876
-7013
-7960
-8399
-9363
-9910
-9263
-8531
-9107
-10654
-12060
-13452
-15533
-17440
-17221
-14789
-12590
-12479
-13352
-13159
-12091
-12026
-13405
-14682
-14853
-14480
-13657
-11162
-6896
-3326
-2590
-3451
-3196
-1624
-726
-914
-336
1817
3905
4623
4848
5444
5321
3351
643
-1031
-1892
-3319
-5115
-5716
-4857
-4155
-4835
-6367
-7699
-8516
-8797
-8160
-6360
-3920
-1783
-568
-346
-831
-1631
-2419
-2881
-2564
-1180
767
2208
2721
3010
3710
4383
4403
4222
4746
5803
6374
6193
5959
5900
5387
4261
3404
3332
3238
2275
1011
576
969
1261
1222
1547
2427
3032
2732
1955
1365
1017
893
1550
3415
5861
7746
8683
9113
9393
9484
9480
9736
10382
11237
12202
13254
14061
14130
13431
12418
11457
10695
10379
10657
10982
10440
8893
7179
5923
4813
3482
2421
2321
3011
3755
4219
4203
2764
-1051
-6322
-10361
-11416
-10363
-9052
-8045
-7098
-6832
-8161
-10497
-12301
-13379
-14788
-16346
-16280
-14036
-11542
-10579
-10543
-10192
-10055
-11342
-13499
-14746
-14517
-13622
-12323
-10044
-7093
-5052
-4820
-5397
-5257
-4179
-2947
-1781
-4
2666
5294
6721
6955
6824
6479
5273
3281
1722
1250
932
-161
-1380
-1752
-1833
-2787
-4283
-5014
-4948
-5265
-6075
-5987
-4284
-1979
-201
1149
2477
3357
3163
2131
1039
246
-312
-395
596
2749
5046
6148
5823
5125
4891
4691
3866
2945
2990
4007
5136
5996
6502
5784
3033
-647
-3058
-3731
-4158
-5059
-5356
-4362
-3024
-2232
-1658
-1053
-917
-987
149
2820
5247
5976
5896
6560
7815
8530
8542
8417
8202
7822
8005
9252
10461
10070
8394
7403
8145
9671
10681
11003
10960
10380
9074
7582
6550
5804
4908
4273
4652
5630
5807
4753
3713
3857
4688
4778
3360
561
-3127
-6799
-9151
-9476
-8504
-7659
-7678
-8305
-8995
-9495
-10023
-11058
-12747
-14498
-15597
-15960
-15731
-14609
-12563
-10723
-10263
-10748
-10963
-10981
-11606
-12087
-10559
-6898
-3008
-35
2499
4488
4731
3503
3163
4883
6875
7270
6825
7154
8012
8127
7375
6312
4575
1684
-1256
-2492
-2098
-1940
-3134
-4857
-5963
-6597
-7582
-8982
-10074
-10389
-9960
-8668
-6254
-3219
-856
199
735
1601
2363
2257
1811
2264
3720
5124
5824
5957
5530
4458
3370
3138
3514
3395
2397
1153
166
-579
-968
-767
-212
154
28
-889
-3058
-6237
-9068
-10352
-10093
-8667
-6026
-2570
342
1858
2583
3212
3517
3734
5353
9010
12942
15092
15588
15619
15198
13835
12324
11834
11954
11494
10601
10225
10009
8656
6344
4886
5157
5869
5477
4077
2717
1799
1148
987
1633
2431
2340
1881
3102
6731
10569
11837
10103
6537
1655
-4109
-8575
-9373
-7171
-4907
-4004
-3886
-4973
-8829
-14829
-19864
-22274
-23195
-23147
-20580
-15236
-9937
-7225
-6697
-7241
-9176
-12201
-13778
-11953
-7960
-4036
-452
3245
5881
5989
4374
3146
2970
3105
3390
4266
5232
5150
4095
3360
3419
3172
1632
-707
-2798
-4447
-5910
-6709
-6052
-4344
-3058
-2900
-3241
-3671
-4643
-5898
-5876
-3843
-1222
564
2084
4219
6038
6290
5668
5495
5405
4567
3942
4823
6170
5949
4263
2565
713
-2461
-6323
-8978
-10201
-11154
-11584
-10024
-6612
-3242
-998
345
518
-1139
-3703
-5023
-4361
-3058
-2453
-2599
-3014
-3311
-3086
-2239
-1376
-1072
-1016
-524
594
2213
4246
6331
8020
9628
11865
14282
15424
15071
14826
15663
16386
15559
13623
11862
10509
9254
8552
8704
8402
6231
3375
2704
4745
6736
6629
5913
6743
8342
8858
9257
11942
16303
19318
20099
19624
16175
6658
-6314
-14525
-14067
-10000
-8264
-8591
-9147
-12026
-18578
-24530
-26028
-26023
-28177
-28843
-22670
-12659
-6513
-5403
-4460
-2561
-3138
-5954
-6402
-3401
-503
1578
6155
12849
15630
11111
3280
-2541
-5718
-7707
-7749
-4557
351
3923
4851
3589
300
-5130
-11082
-14055
-11852
-6576
-2803
-2371
-2861
-2165
-1821
-3650
-5961
-6370
-5692
-5073
-2090
5174
12577
14403
11601
9478
8923
6857
4058
4694
8218
9516
7653
6910
8195
7150
2328
-2239
-4638
-7925
-12966
-15482
-13415
-10885
-11502
-13334
-13763
-13958
-15047
-14731
-11417
-7640
-5958
-5054
-3092
-1564
-2487
-4529
-5068
-3940
-2412
-427
2423
4734
4775
3257
2390
2840
3683
4967
8029
12803
16721
17451
15471
12667
9617
6236
4065
4972
7652
8728
7719
7258
7569
5370
292
-2605
7
4879
8239
11460
15805
17268
13343
9860
13108
19361
20978
19037
20024
23074
21686
16258
12821
9950
26
-15201
-23730
-21112
-16251
-15381
-13709
-8836
-8740
-17640
-26043
-24978
-19438
-16917
-13091
-1797
9718
10192
2718
-1012
-21
-2359
-7442
-6283
1275
5386
3537
3795
7875
6158
-5086
-15381
-16002
-12105
-11127
-10366
-5424
-1171
-3685
-8751
-9121
-7278
-10017
-14845
-13154
-4630
2260
3435
2972
3437
2042
-1689
-3016
21
2815
2123
1718
5669
10980
12036
8922
6094
5062
3708
1712
1245
2087
1023
-2639
-5458
-5619
-6014
-8772
-10741
-8292
-3484
-1057
-1782
-3411
-5961
-10609
-14883
-14920
-11881
-10330
-10655
-9246
-6120
-5633
-8714
-10960
-9890
-7712
-5386
-691
5657
8685
6792
4531
4935
5299
3619
2861
5071
7111
6298
4928
5254
5137
2801
1039
2456
4861
5548
6085
8715
11572
11651
9684
8407
8402
8750
9585
11140
12010
10747
8078
6100
6167
8104
10554
12145
13043
14402
15753
15235
13418
13557
16397
18759
19319
20846
23929
24332
20273
15824
12561
5239
-8030
-18887
-19793
-15064
-12681
-12293
-10868
-12678
-21864
-31070
-30249
-22196
-16611
-13155
-4570
6661
10209
5539
2554
4327
4006
340
1065
7494
10281
5436
928
1507
58
-8576
-17050
-17374
-13151
-11128
-9694
-5284
-2240
-5934
-12139
-13396
-11159
-11729
-13968
-11343
-3971
1142
977
-1171
-3722
-8493
-13797
-14119
-8605
-2975
-918
91
2272
3049
290
-3127
-3603
-1747
231
2488
5527
7221
5503
1997
-224
-915
-1798
-2733
-1811
1199
3994
4447
2534
-486
-3440
-5590
-6637
-6962
-7547
-9155
-11376
-12794
-12685
-12299
-13380
-15456
-16047
-13894
-10268
-6551
-2588
1573
4540
5717
6545
8045
9112
8958
9039
10498
11773
11097
9472
8706
8240
6521
4091
2761
2920
3937
5901
8645
10239
8997
6159
4465
4747
5838
7060
8756
10737
11967
11818
10453
8134
5207
2748
2289
4374
7662
9988
10544
10473
10815
10959
10450
11081
14640
19377
21774
21392
20534
19622
17245
14300
12704
9937
1319
-11131
-18985
-18580
-15096
-13348
-12179
-10985
-13307
-19211
-21982
-17844
-11643
-7551
-2116
7015
13475
11196
4365
461
-540
-2143
-2715
400
3435
1634
-2277
-3391
-4012
-9042
-15787
-17305
-13214
-8970
-6820
-5290
-5304
-8793
-12859
-12849
-10085
-9601
-11371
-10659
-6438
-2844
-2338
-3298
-4548
-6718
-8673
-7661
-3997
-1361
-1447
-1967
-995
97
-446
-1537
-828
2001
5073
6641
6322
4414
1285
-2134
-4237
-4236
-3366
-3366
-3963
-3518
-2244
-2546
-5319
-8166
-8636
-7162
-5247
-2851
408
3244
4167
3610
2581
568
-2995
-6340
-6905
-4714
-2168
-839
-325
-32
-215
-996
-1692
-1568
-429
1646
4325
6547
6865
4937
2295
906
1083
1496
1171
570
495
1078
2219
3818
5061
4982
4352
5134
7229
8035
6478
4833
4978
5688
5608
5751
6671
6529
4731
3878
5081
5317
2970
1740
4861
9658
12269
13404
14743
14385
11171
8831
10305
12624
12909
14047
18335
21272
18582
13827
11984
11217
8293
5834
6181
4584
-2627
-9607
-10015
-7947
-9998
-13203
-11749
-9178
-12001
-16875
-16409
-12560
-11762
-11740
-6469
104
-793
-7045
-8852
-5307
-4129
-6554
-6187
-2314
-1120
-3367
-3333
-714
-1593
-6387
-8117
-4494
-1395
-2305
-3851
-3823
-4820
-7787
-9754
-9924
-10985
-12956
-12405
-9024
-6772
-7390
-8352
-7943
-7176
-6306
-4423
-2573
-2630
-3213
-1241
2794
5397
5456
5035
5396
6011
6904
8377
9135
7876
5951
5561
6310
6174
4712
2902
1115
-579
-1503
-1678
-2416
-3994
-4667
-3521
-2163
-2037
-2275
-1695
-677
356
1977
3904
4470
3312
2318
2624
2872
1646
-415
-2002
-2711
-2423
-1051
414
379
-1312
-3318
-4772
-5617
-5390
-3725
-1743
-949
-1157
-1433
-2174
-3946
-5189
-3854
-745
1466
2026
2169
1986
354
-2124
-3223
-2574
-2265
-3356
-4408
-4324
-4240
-5323
-6634
-6741
-5956
-5324
-4451
-2121
1302
3873
4642
4727
5338
6125
6379
6624
7664
8922
9302
9070
9258
9688
9399
8769
9274
11142
13039
14111
14619
14717
14345
14190
14887
15541
14898
13560
13071
13399
13474
13360
13510
12845
10314
7340
5844
4988
3020
1088
1485
3192
3060
630
-2024
-4292
-6772
-8043
-6184
-3047
-2591
-5274
-8182
-10152
-12488
-15063
-16155
-15952
-16154
-16451
-15375
-14027
-14791
-16930
-17552
-16366
-15403
-14765
-12850
-10090
-8301
-7061
-4910
-3230
-4542
-7556
-8390
-6337
-4247
-3577
-3193
-2812
-3518
-4778
-4669
-3303
-2717
-3256
-3076
-1359
666
2053
3194
4490
5775
6934
7752
7722
7079
7034
8010
8904
8922
8581
8140
7020
5588
5312
6163
6263
5102
4552
5518
6205
5147
3421
2304
1105
-980
-2979
-3772
-3939
-4488
-5266
-5882
-6816
-8424
-9872
-10055
-8885
-7239
-6212
-6410
-7340
-7776
-7236
-6449
-5887
-4980
-3565
-2636
-2732
-3071
-3211
-3817
-4776
-4607
-2980
-1767
-2194
-3029
-2972
-2673
-2944
-3133
-2671
-2094
-1294
921
4309
6660
6977
6798
7317
7813
7948
8832
10634
11920
12350
13173
14180
13329
10510
8466
8732
9674
9709
9411
9218
8109
5907
4134
3385
2471
1101
729
1834
2884
2825
2310
1987
1826
2329
4068
6059
6897
7168
8294
9643
9567
8556
8373
8766
8177
6955
6545
6250
4326
1683
797
1313
485
-2141
-4226
-4904
-5873
-7764
-8894
-8426
-7807
-8111
-8562
-8605
-9101
-10426
-11291
-10556
-8892
-7746
-7557
-7646
-7304
-6522
-5820
-5462
-5008
-3985
-2751
-1979
-1605
-1234
-1191
-1884
-2572
-2351
-1944
-2699
-4104
-4371
-3344
-2678
-3155
-3998
-4817
-6018
-7119
-6973
-5896
-5385
-5509
-4850
-3263
-2389
-2976
-3863
-4097
-3992
-3676
-2644
-1321
-1071
-2002
-2568
-2024
-1569
-2214
-3114
-2991
-1951
-888
-14
999
2045
2739
3261
4210
5564
6480
6528
6546
7529
8938
9197
7967
6628
6075
5504
4266
3305
3396
3455
2300
738
26
-489
-1984
-3587
-3627
-2617
-2426
-3100
-3067
-2146
-1763
-2260
-2420
-1778
-1250
-1240
-1097
-668
-627
-1032
-1105
-627
-280
-469
-916
-1341
-1675
-1756
-1607
-1645
-1977
-2045
-1569
-1096
-1028
-954
-486
147
867
2013
3383
4119
4035
3944
4281
4555
4481
4435
4492
4252
3776
3519
3267
2502
1717
1975
3248
4619
5867
7375
8778
9395
9710
10731
12226
13245
13982
15298
16798
17260
16693
16203
16062
15616
14813
14184
13534
12171
10180
8150
6017
3446
870
-1020
-2400
-3894
-5620
-7463
-9534
-11581
-12856
-13288
-13784
-14722
-15341
-15251
-15243
-15858
-16452
-16404
-15999
-15492
-14625
-13602
-13218
-13442
-13198
-12003
-10642
-9842
-9460
-9208
-9040
-8744
-8224
-8057
-8697
-9536
-9827
-9881
-10165
-10088
-9088
-7950
-7549
-7373
-6771
-6362
-6528
-5968
-3673
-914
719
1769
3354
4786
5053
5166
6575
8568
9628
10050
10878
11591
11244
10664
11095
11868
11707
11201
11640
12551
12631
12080
11848
11635
10668
9487
8963
8567
7455
6233
5795
5483
4198
2345
978
-77
-1567
-3204
-4269
-5003
-5979
-6879
-7256
-7679
-8863
-10341
-11190
-11369
-11341
-11037
-10186
-9113
-8354
-7971
-7799
-7821
-7782
-7088
-5608
-4028
-3026
-2639
-2666
-3030
-3480
-3530
-3005
-2168
-1198
-66
993
1495
1350
1028
974
1258
1842
2776
3988
5186
6071
6519
6557
6338
6118
6129
6477
7152
8036
8890
9453
9569
9213
8505
7794
7536
7919
8688
9452
9960
10079
9757
9143
8505
7951
7494
7317
7601
8103
8299
7970
7262
6299
5204
4364
4081
4021
3564
2673
1811
1145
443
-327
-971
-1556
-2253
-2845
-3056
-3218
-3848
-4697
-4988
-4575
-4145
-4310
-5112
-6331
-7615
-8392
-8361
-8024
-8128
-8668
-9039
-9057
-9155
-9581
-10003
-9991
-9452
-8582
-7752
-7369
-7482
-7588
-7153
-6239
-5383
-4928
-4707
-4335
-3614
-2695
-1886
-1290
-732
-122
303
346
264
531
1303
2349
3292
3737
3492
2910
2681
2978
3283
3295
3435
4027
4598
4522
3900
3295
3046
3262
3918
4556
4485
3761
3320
3648
4036
3686
2880
2384
2322
2286
2048
1584
883
197
-36
8
-504
-1873
-3223
-3630
-3331
-3259
-3845
-4794
-5655
-6147
-6246
-6270
-6569
-6927
-6670
-5632
-4544
-4188
-4483
-4709
-4336
-3461
-2604
-2212
-2235
-2169
-1678
-1022
-694
-765
-827
-508
193
962
1420
1479
1491
1863
2476
2834
2816
2813
3072
3340
3335
3138
2958
2885
2976
3193
3224
2839
2386
2425
2858
3000
2597
2165
2195
2583
2959
3112
2985
2708
2679
3158
3778
3937
3671
3622
4110
4712
4897
4621
4211
3999
4148
4544
4777
4496
3829
3218
2901
2759
2640
2578
2641
2761
2787
2664
2511
2507
2705
3013
3377
3857
4458
4981
5191
5042
4672
4309
4168
4220
4056
3329
2339
1783
1804
1689
717
-1067
-3027
-4518
-5216
-5350
-5672
-6756
-8246
-9309
-9832
-10522
-11749
-12938
-13334
-12795
-11720
-10737
-10473
-11004
-11489
-11000
-9722
-8687
-8343
-8147
-7548
-6610
-5610
-4757
-4351
-4525
-4819
-4664
-4201
-3932
-3750
-3118
-2107
-1401
-1315
-1543
-1804
-1979
-1731
-785
501
1512
2203
2870
3388
3455
3402
3918
5042
6173
6939
7418
7638
7591
7550
7750
7876
7520
6941
6741
6932
6966
6589
6028
5463
4856
4262
3794
3350
2818
2418
2383
2423
1936
802
-457
-1285
-1567
-1521
-1467
-1701
-2347
-3230
-4020
-4567
-4956
-5234
-5267
-4971
-4602
-4611
-5182
-6014
-6614
-6689
-6236
-5451
-4690
-4310
-4336
-4412
-4247
-3933
-3619
-3141
-2290
-1235
-326
308
684
735
532
502
965
1670
2194
2517
2824
3014
2897
2651
2586
2690
2838
3170
3788
4348
4479
4331
4284
4368
4438
4592
4942
5241
5205
4971
4818
4733
4631
4672
4956
5205
5135
4886
4711
4580
4424
4422
4694
5008
5088
4938
4641
4194
3753
3665
3975
4268
4208
3902
3576
3252
2888
2522
2130
1663
1278
1170
1138
722
-156
-1055
-1590
-1808
-1976
-2300
-2833
-3367
-3485
-3059
-2580
-2675
-3327
-3930
-4007
-3604
-3064
-2737
-2788
-3043
-3156
-3098
-3254
-3820
-4389
-4424
-3933
-3412
-3327
-3814
-4631
-5239
-5198
-4654
-4164
-3971
-3792
-3425
-3104
-3062
-3168
-3173
-2991
-2608
-2087
-1731
-1807
-2053
-1938
-1456
-1148
-1267
-1454
-1393
-1185
-984
-733
-448
-252
-42
393
835
829
481
452
988
1586
1811
1837
1941
2058
2083
2097
2051
1769
1456
1601
2164
2447
2094
1577
1398
1387
1187
870
690
644
670
795
789
181
-973
-1874
-1961
-1643
-1619
-1970
-2391
-2856
-3488
-4128
-4559
-4853
-5044
-4881
-4357
-4051
-4401
-5007
-5205
-4968
-4667
-4340
-3816
-3245
-2900
-2705
-2476
-2356
-2458
-2447
-2039
-1578
-1507
-1608
-1422
-1071
-1018
-1272
-1487
-1580
-1627
-1448
-940
-497
-479
-590
-411
-176
-311
-553
-328
327
910
1267
1531
1610
1439
1424
1905
2488
2663
2704
3154
3815
4082
3986
4063
4434
4841
5306
5951
6446
6466
6412
6842
7483
7656
7429
7432
7755
7930
7835
7752
7650
7286
6867
6783
6832
6513
5974
5804
6003
6010
5711
5558
5696
5782
5698
5690
5753
5615
5364
5372
5550
5419
4948
4616
4559
4350
3759
3077
2538
2021
1459
980
524
-162
-1003
-1634
-2031
-2613
-3558
-4514
-5165
-5598
-5986
-6320
-6612
-6985
-7406
-7689
-7856
-8134
-8520
-8702
-8532
-8256
-8137
-8188
-8325
-8514
-8664
-8647
-8514
-8445
-8440
-8311
-8017
-7724
-7536
-7372
-7185
-7015
-6838
-6564
-6220
-5923
-5665
-5323
-4918
-4594
-4392
-4213
-4015
-3823
-3564
-3130
-2603
-2203
-2004
-1874
-1713
-1535
-1338
-1089
-845
-715
-676
-608
-503
-466
-502
-472
-290
-37
182
343
465
553
644
785
950
1055
1068
1053
1076
1117
1115
1064
1033
1086
1213
1369
1552
1800
2105
2403
2675
2970
3325
3730
4180
4669
5114
5395
5548
5754
6088
6423
6657
6866
7112
7283
7259
7103
6938
6812
6782
6930
7140
7091
6636
6022
5550
5225
4919
4669
4565
4544
4493
4410
4276
3975
3541
3263
3312
3460
3399
3145
2906
2717
2470
2120
1663
1046
333
-230
-528
-769
-1159
-1592
-1864
-2008
-2184
-2410
-2591
-2688
-2662
-2439
-2102
-1926
-2032
-2201
-2183
-2023
-1896
-1839
-1810
-1813
-1825
-1746
-1598
-1559
-1669
-1740
-1673
-1638
-1775
-1984
-2129
-2240
-2345
-2373
-2350
-2452
-2697
-2853
-2794
-2688
-2678
-2666
-2568
-2509
-2576
-2639
-2604
-2595
-2695
-2774
-2765
-2849
-3129
-3397
-3451
-3423
-3511
-3663
-3740
-3810
-3980
-4158
-4231
-4334
-4615
-4945
-5126
-5240
-5507
-5879
-6129
-6206
-6247
-6278
-6232
-6152
-6121
-6023
-5681
-5175
-4767
-4499
-4163
-3668
-3156
-2736
-2350
-1943
-1549
-1159
-695
-194
214
531
921
1438
1923
2246
2483
2788
3198
3659
4088
4403
4566
4672
4865
5145
5372
5477
5575
5796
6117
6412
6585
6647
6703
6869
7157
7411
7476
7382
7307
7355
7465
7520
7468
7353
7271
7299
7398
7434
7348
7257
7299
7433
7466
7278
6942
6611
6360
6132
5789
5246
4562
3893
3321
2771
2128
1394
710
207
-125
-425
-825
-1305
-1725
-1994
-2181
-2428
-2795
-3223
-3596
-3827
-3939
-4074
-4345
-4670
-4862
-4895
-4930
-5071
-5219
-5251
-5176
-5060
-4935
-4857
-4882
-4939
-4890
-4769
-4776
-4959
-5127
-5141
-5082
-5045
-4984
-4866
-4753
-4632
-4405
-4110
-3925
-3841
-3611
-3123
-2582
-2186
-1895
-1638
-1469
-1390
-1274
-1074
-918
-826
-637
-322
-95
-81
-116
-40
99
244
472
783
1006
1065
1104
1216
1269
1191
1131
1207
1306
1299
1244
1232
1222
1170
1148
1188
1182
1076
979
977
965
835
636
467
326
170
18
-104
-227
-350
-403
-370
-344
-405
-495
-508
-416
-288
-206
-223
-319
-406
-402
-325
-258
-222
-164
-51
68
116
67
-31
-79
12
230
440
516
464
400
407
465
515
549
612
751
949
1125
1200
1167
1115
1147
1272
1381
1369
1253
1150
1135
1158
1141
1088
1070
1130
1254
1401
1516
1566
1582
1637
1740
1796
1742
1665
1700
1852
1991
2012
1909
1729
1534
1388
1312
1266
1222
1216
1261
1259
1082
735
378
170
137
197
228
159
-6
-203
-391
-579
-777
-950
-1052
-1102
-1197
-1421
-1750
-2056
-2214
-2220
-2183
-2207
-2296
-2394
-2455
-2469
-2455
-2430
-2375
-2240
-2024
-1828
-1743
-1725
-1638
-1419
-1135
-871
-666
-512
-356
-119
190
424
461
376
329
346
350
338
377
454
487
446
349
179
-44
-169
-78
115
168
-4
-305
-663
-1063
-1410
-1576
-1567
-1494
-1413
-1326
-1296
-1377
-1448
-1320
-983
-619
-349
-153
12
130
189
207
178
92
-15
-102
-193
-326
-456
-490
-408
-280
-188
-182
-246
-297
-248
-111
16
56
25
-25
-50
-15
93
234
350
421
443
387
266
204
335
643
982
1228
1339
1306
1146
940
790
759
837
970
1068
1039
866
615
373
190
77
-3
-135
-360
-618
-827
-994
-1168
-1346
-1499
-1665
-1882
-2100
-2257
-2366
-2440
-2411
-2262
-2104
-2013
-1884
-1612
-1275
-1000
-754
-474
-246
-166
-133
23
302
591
868
1137
1291
1251
1141
1161
1336
1574
1847
2151
2395
2495
2520
2566
2617
2623
2647
2744
2826
2778
2641
2552
2571
2671
2809
2931
2964
2886
2751
2612
2478
2363
2290
2224
2091
1880
1630
1347
1019
688
408
157
-117
-386
-570
-643
-650
-636
-649
-735
-883
-1018
-1105
-1183
-1259
-1271
-1208
-1185
-1302
-1534
-1781
-1985
-2101
-2101
-2032
-2007
-2070
-2156
-2194
-2167
-2082
-1942
-1779
-1625
-1465
-1294
-1177
-1156
-1144
-1018
-781
-541
-349
-178
-2
187
401
619
779
859
912
971
1003
1007
1035
1099
1133
1109
1072
1022
905
760
703
749
782
745
713
745
794
817
823
798
717
627
592
561
447
311
297
400
465
413
294
141
-61
-279
-439
-563
-724
-908
-1021
-1048
-1069
-1154
-1300
-1487
-1680
-1846
-1999
-2184
-2387
-2522
-2562
-2586
-2671
-2798
-2935
-3072
-3185
-3236
-3220
-3149
-2980
-2686
-2350
-2069
-1824
-1545
-1274
-1083
-918
-678
-382
-100
212
616
1009
1233
1322
1436
1598
1690
1673
1616
1548
1451
1361
1329
1312
1238
1156
1153
1199
1204
1180
1219
1343
1505
1689
1906
2114
2245
2293
2306
2311
2298
2238
2117
1962
1833
1759
1708
1647
1590
1522
1353
1048
710
446
240
26
-176
-329
-462
-612
-746
-853
-1006
-1232
-1438
-1550
-1626
-1716
-1749
-1667
-1540
-1438
-1324
-1171
-1065
-1056
-1037
-884
-614
-323
-44
221
432
556
620
659
672
670
686
725
773
854
987
1118
1175
1178
1196
1244
1295
1344
1384
1375
1315
1278
1296
1297
1235
1158
1107
1045
965
929
938
881
735
628
625
617
505
338
188
22
-191
-390
-529
-658
-797
-888
-917
-962
-1074
-1207
-1337
-1504
-1700
-1842
-1910
-1981
-2112
-2280
-2462
-2662
-2839
-2926
-2927
-2922
-2955
-3004
-3036
-3027
-2964
-2881
-2829
-2788
-2669
-2452
-2239
-2109
-2019
-1900
-1738
-1525
-1250
-965
-754
-608
-432
-209
-35
41
77
114
150
212
343
482
520
470
436
439
411
367
407
548
689
775
832
881
900
915
981
1090
1197
1313
1462
1596
1648
1631
1622
1654
1713
1785
1832
1803
1704
1623
1615
1641
1639
1597
1530
1449
1380
1336
1266
1129
986
921
916
883
811
757
725
672
615
600
599
569
560
645
791
914
1008
1111
1194
1204
1173
1179
1224
1283
1366
1465
1498
1416
1284
1194
1131
1046
939
842
749
657
584
520
421
299
218
179
115
-7
-154
-305
-463
-582
-619
-632
-716
-857
-967
-1034
-1112
-1201
-1251
-1276
-1322
-1355
-1319
-1251
-1225
-1233
-1219
-1198
-1221
-1258
-1242
-1194
-1175
-1176
-1144
-1097
-1087
-1115
-1151
-1200
-1273
-1337
-1356
-1348
-1351
-1359
-1356
-1347
-1333
-1301
-1261
-1234
-1202
-1131
-1041
-976
-937
-886
-813
-727
-612
-472
-368
-346
-358
-325
-243
-147
-26
121
240
273
257
246
226
177
136
146
170
158
126
112
104
75
46
28
-14
-97
-176
-197
-160
-95
-20
37
52
37
46
100
183
282
406
537
648
742
831
903
954
1024
1135
1233
1267
1257
1251
1261
1280
1325
1388
1406
1355
1289
1250
1207
1130
1057
1027
1016
994
980
987
982
951
944
982
1021
1026
1032
1074
1132
1170
1188
1182
1128
1029
930
856
797
748
727
719
688
615
518
414
309
217
149
87
12
-65
-132
-205
-304
-412
-512
-612
-722
-819
-898
-975
-1055
-1113
-1147
-1186
-1238
-1263
-1251
-1234
-1236
-1230
-1208
-1183
-1144
-1051
-916
-800
-728
-665
-593
-546
-544
-558
-560
-556
-551
-534
-523
-557
-625
-676
-684
-675
-669
-656
-624
-573
-496
-393
-298
-246
-226
-195
-123
-26
73
158
220
258
286
314
336
347
352
356
355
352
344
315
253
182
140
129
116
82
30
-40
-120
-181
-196
-185
-188
-208
-228
-245
-272
-305
-335
-372
-428
-471
-472
-453
-453
-465
-454
-430
-430
-457
-481
-483
-474
-451
-405
-349
-321
-327
-340
-325
-267
-174
-68
22
82
126
170
219
275
348
434
510
553
569
581
598
616
626
635
652
676
691
688
675
674
684
686
665
626
583
543
514
507
504
481
439
404
383
352
297
242
218
218
211
177
118
52
9
11
49
84
91
79
82
117
170
222
261
293
327
362
384
370
322
280
275
309
352
372
372
375
399
440
483
517
538
554
576
612
656
697
731
748
736
689
626
576
546
524
501
480
460
416
333
223
107
-10
-123
-221
-297
-371
-472
-596
-708
-778
-823
-874
-949
-1027
-1083
-1119
-1151
-1188
-1215
-1216
-1180
-1123
-1072
-1051
-1044
-1019
-970
-923
-888
-844
-770
-688
-621
-565
-509
-473
-473
-484
-461
-403
-348
-317
-297
-277
-260
-244
-234
-245
-286
-328
-334
-308
-284
-272
-258
-246
-253
-269
-263
-231
-197
-179
-157
-116
-73
-51
-44
-23
18
51
51
19
-23
-62
-91
-102
-93
-88
-116
-170
-221
-263
-313
-367
-405
-426
-459
-499
-511
-488
-464
-456
-431
-365
-280
-205
-132
-48
35
105
189
307
432
528
597
661
725
780
831
883
931
978
1037
1100
1140
1151
1165
1206
1262
1301
1315
1305
1284
1277
1305
1349
1361
1321
1263
1228
1226
1236
1239
1236
1239
1243
1230
1189
1147
1141
1157
1144
1077
993
924
863
788
713
654
594
509
406
310
224
136
41
-49
-128
-195
-262
-340
-422
-490
-541
-595
-668
-732
-762
-778
-824
-911
-1004
-1070
-1095
-1087
-1079
-1115
-1203
-1297
-1350
-1368
-1381
-1407
-1448
-1507
-1563
-1586
-1576
-1578
-1609
-1632
-1611
-1579
-1574
-1581
-1561
-1499
-1415
-1330
-1256
-1208
-1173
-1121
-1035
-932
-839
-770
-728
-708
-690
-658
-615
-581
-554
-515
-472
-449
-454
-457
-439
-407
-369
-324
-274
-226
-186
-151
-112
-57
27
130
227
312
403
502
589
663
750
860
965
1031
1062
1084
1105
1122
1137
1158
1180
1190
1178
1144
1109
1099
1122
1153
1163
1142
1103
1058
1024
1016
1029
1034
1022
1002
976
930
872
839
851
873
866
835
793
744
687
645
625
603
560
503
443
376
301
244
209
174
125
86
71
57
24
-6
1
41
82
103
113
122
136
164
220
295
366
412
430
436
451
471
482
478
472
470
464
428
361
277
197
136
91
37
-43
-142
-241
-327
-401
-465
-516
-564
-625
-697
-762
-810
-845
-869
-878
-882
-888
-900
-919
-952
-989
-1002
-985
-974
-1006
-1077
-1150
-1200
-1234
-1255
-1258
-1253
-1269
-1318
-1380
-1419
-1414
-1380
-1352
-1344
-1336
-1296
-1237
-1194
-1158
-1082
-953
-811
-693
-586
-470
-351
-238
-107
62
245
400
519
624
719
794
859
940
1050
1159
1228
1249
1246
1252
1277
1316
1360
1394
1401
1369
1312
1266
1250
1252
1244
1213
1155
1077
993
927
890
877
863
819
732
617
512
443
395
335
253
160
55
-60
-172
-257
-317
-371
-429
-484
-548
-633
-726
-790
-805
-787
-762
-746
-751
-776
-804
-803
-769
-717
-664
-610
-563
-531
-512
-489
-442
-366
-275
-199
-156
-137
-123
-111
-98
-66
6
93
141
141
138
169
216
254
294
355
418
440
422
417
463
539
598
621
621
609
589
562
548
549
548
520
465
400
333
267
206
155
101
26
-71
-177
-272
-344
-393
-431
-483
-554
-623
-666
-699
-738
-772
-779
-762
-747
-735
-716
-691
-676
-667
-638
-585
-518
-453
-395
-361
-348
-333
-292
-234
-186
-151
-117
-90
-79
-79
-66
-37
-9
6
20
37
54
68
85
109
129
139
141
150
177
211
227
223
227
270
331
366
367
372
406
453
489
514
540
559
560
545
536
547
575
603
614
609
600
590
572
543
523
515
499
461
420
398
387
360
318
289
276
257
212
158
124
119
127
124
103
75
51
29
10
2
6
2
-20
-44
-54
-64
-95
-136
-155
-154
-169
-217
-270
-304
-332
-375
-434
-490
-534
-562
-580
-610
-663
-725
-758
-760
-761
-778
-801
-813
-818
-824
-820
-793
-745
-689
-627
-566
-524
-512
-502
-456
-370
-276
-207
-165
-128
-86
-35
24
88
148
191
222
244
267
294
331
376
415
433
433
441
474
520
557
581
607
645
683
708
719
733
760
786
788
768
752
752
755
743
719
695
669
632
582
526
463
391
318
253
190
113
18
-79
-167
-240
-304
-364
-425
-486
-538
-577
-610
-647
-679
-691
-681
-663
-661
-684
-717
-726
-695
-642
-594
-552
-504
-457
-429
-416
-395
-354
-307
-272
-245
-227
-214
-199
-166
-118
-73
-39
-11
15
38
54
75
107
153
208
262
303
325
340
363
396
432
467
506
546
579
608
635
664
693
721
745
751
737
706
668
630
603
591
572
517
437
364
312
253
172
83
12
-50
-117
-196
-277
-354
-419
-459
-493
-552
-644
-723
-752
-749
-755
-771
-771
-747
-727
-724
-732
-733
-729
-719
-703
-672
-624
-565
-507
-464
-433
-401
-356
-306
-261
-227
-208
-203
-201
-181
-132
-73
-29
-5
15
43
74
106
139
179
228
281
333
376
409
441
474
503
520
526
526
529
545
578
617
638
629
599
568
541
513
481
442
398
353
307
263
217
179
143
96
26
-57
-128
-181
-227
-259
-262
-246
-248
-283
-315
-309
-282
-275
-290
-293
-265
-220
-175
-134
-86
-30
28
75
98
95
86
92
110
133
162
203
248
273
270
254
248
256
266
269
267
271
287
302
309
314
326
342
350
337
302
256
220
221
259
303
321
314
305
287
247
189
140
105
68
15
-36
-80
-129
-192
-254
-307
-372
-464
-565
-642
-688
-728
-773
-820
-862
-898
-926
-950
-976
-1007
-1034
-1049
-1056
-1053
-1036
-1003
-964
-928
-892
-856
-832
-828
-833
-824
-793
-743
-676
-593
-509
-444
-399
-366
-333
-297
-260
-222
-176
-116
-46
16
61
100
161
243
317
361
383
408
446
499
578
683
797
886
938
963
981
1003
1023
1035
1043
1060
1092
1124
1147
1162
1174
1169
1127
1065
1014
976
929
877
854
862
861
816
748
687
631
562
485
419
368
318
266
217
178
150
131
104
46
-33
-97
-122
-133
-156
-191
-216
-228
-239
-257
-275
-299
-335
-385
-428
-450
-452
-458
-476
-488
-477
-456
-451
-465
-471
-466
-466
-480
-478
-437
-377
-320
-270
-227
-212
-231
-247
-228
-198
-192
-194
-163
-98
-42
-22
-18
-7
14
31
22
-17
-63
-73
-38
3
7
-13
-24
-27
-54
-112
-172
-212
-232
-243
-252
-259
-267
-284
-311
-341
-358
-358
-367
-405
-453
-472
-457
-441
-441
-448
-453
-475
-518
-563
-584
-584
-581
-583
-588
-592
-584
-559
-531
-521
-526
-530
-522
-518
-518
-506
-468
-416
-369
-336
-315
-300
-277
-241
-203
-172
-135
-77
-3
64
121
188
270
345
390
418
452
503
564
629
694
757
814
861
904
942
983
1029
1074
1105
1115
1126
1161
1215
1256
1272
1283
1303
1314
1299
1273
1263
1270
1260
1223
1179
1152
1138
1120
1083
1025
947
861
781
721
684
657
619
555
467
376
297
225
150
69
-15
-96
-169
-241
-317
-396
-468
-530
-597
-680
-762
-825
-876
-930
-980
-1006
-1015
-1036
-1084
-1141
-1186
-1214
-1232
-1250
-1276
-1300
-1301
-1275
-1245
-1231
-1223
-1205
-1186
-1181
-1174
-1138
-1078
-1020
-969
-912
-839
-765
-701
-650
-609
-567
-518
-463
-407
-347
-273
-193
-126
-69
-1
70
115
132
159
214
266
300
336
387
433
460
479
502
512
504
491
486
488
495
507
512
490
459
456
474
466
418
369
345
332
309
285
264
236
203
178
160
133
96
63
35
0
-34
-53
-65
-86
-103
-99
-87
-94
-109
-108
-99
-105
-117
-101
-63
-25
7
47
84
103
116
141
161
159
162
211
297
367
398
413
440
477
505
521
532
548
571
601
626
643
663
685
690
661
611
572
562
575
595
610
611
598
575
545
512
481
451
410
361
319
293
268
229
183
142
104
54
-1
-49
-90
-133
-182
-234
-288
-347
-409
-464
-507
-539
-566
-599
-645
-699
-745
-778
-810
-848
-880
-891
-884
-874
-875
-893
-919
-940
-947
-943
-934
-918
-891
-854
-806
-747
-698
-679
-683
-682
-656
-622
-587
-541
-472
-398
-344
-306
-271
-238
-212
-186
-145
-87
-21
44
107
164
210
250
286
313
333
356
397
453
507
540
549
559
593
647
693
710
709
709
716
724
733
738
730
704
680
676
690
700
691
662
626
588
552
517
494
486
477
446
395
353
325
285
209
125
68
43
18
-13
-39
-59
-88
-127
-171
-231
-311
-381
-410
-413
-431
-468
-488
-485
-492
-527
-569
-594
-605
-607
-596
-573
-556
-549
-536
-506
-473
-459
-457
-446
-410
-359
-311
-275
-238
-188
-131
-78
-36
9
61
121
184
243
281
300
320
371
439
491
516
540
581
619
637
645
661
677
672
646
627
630
645
651
637
602
551
492
434
385
345
306
264
215
156
88
20
-48
-121
-207
-295
-367
-416
-459
-506
-550
-589
-642
-724
-824
-912
-971
-1003
-1016
-1019
-1019
-1026
-1034
-1036
-1026
-1007
-987
-987
-1010
-1021
-975
-879
-791
-743
-703
-634
-552
-487
-432
-359
-262
-164
-70
24
120
210
302
402
492
557
615
699
809
915
993
1056
1110
1152
1174
1198
1244
1309
1356
1371
1375
1394
1412
1390
1322
1250
1206
1178
1143
1108
1085
1054
977
862
749
661
574
466
345
243
176
134
85
-3
-135
-287
-427
-539
-630
-705
-766
-818
-870
-925
-976
-1022
-1076
-1146
-1221
-1273
-1287
-1272
-1247
-1226
-1209
-1200
-1205
-1215
-1207
-1167
-1104
-1029
-942
-853
-784
-742
-704
-650
-591
-549
-506
-418
-282
-133
-7
86
144
165
171
199
263
343
416
490
574
662
719
723
691
661
665
696
729
754
779
811
832
816
754
667
583
534
534
563
581
574
560
543
503
413
290
178
108
84
90
104
99
67
26
-13
-57
-119
-187
-232
-242
-225
-183
-133
-112
-154
-241
-323
-364
-369
-354
-321
-271
-219
-180
-158
-165
-205
-253
-273
-248
-197
-143
-92
-49
-33
-53
-99
-148
-178
-171
-115
-27
52
99
119
120
88
19
-59
-104
-95
-41
35
95
118
107
86
59
21
-21
-35
-14
26
73
137
198
207
147
68
21
2
-5
11
72
151
205
225
224
204
163
123
112
122
128
133
162
215
260
267
229
156
89
74
120
172
183
171
176
184
148
57
-40
-96
-104
-76
-38
-29
-70
-131
-165
-175
-210
-289
-360
-370
-324
-278
-274
-313
-370
-423
-474
-526
-566
-565
-522
-465
-421
-393
-385
-414
-476
-524
-518
-475
-439
-417
-377
-305
-225
-172
-157
-172
-185
-167
-112
-45
12
68
135
200
235
231
209
197
214
262
326
383
429
477
530
567
577
572
565
555
549
565
599
619
602
570
544
517
482
452
447
459
466
464
447
416
376
340
294
216
131
90
97
90
31
-32
-51
-48
-76
-135
-186
-210
-234
-270
-307
-338
-370
-401
-425
-450
-483
-518
-533
-520
-499
-492
-507
-524
-516
-483
-456
-453
-452
-431
-407
-400
-391
-349
-292
-262
-252
-224
-175
-149
-149
-128
-55
36
97
122
133
142
163
197
233
250
264
300
350
382
387
391
409
424
420
409
401
392
382
374
370
354
315
267
236
234
244
234
188
127
87
73
61
38
13
-15
-55
-96
-116
-130
-175
-241
-267
-240
-222
-258
-315
-334
-321
-313
-310
-294
-272
-265
-267
-263
-259
-266
-272
-261
-235
-196
-141
-84
-54
-50
-39
-13
-7
-27
-23
26
80
98
105
136
169
176
170
183
207
219
230
259
289
296
297
307
303
261
208
187
191
183
164
163
176
180
171
164
152
117
81
74
86
73
27
-14
-30
-42
-74
-111
-127
-122
-123
-142
-163
-171
-166
-157
-154
-158
-174
-202
-230
-237
-228
-231
-255
-268
-250
-222
-213
-210
-184
-144
-122
-116
-102
-81
-81
-105
-123
-113
-86
-60
-41
-31
-24
-6
27
54
58
54
70
105
130
136
130
121
111
108
112
108
98
110
156
198
194
164
152
165
171
155
130
106
87
78
84
88
71
46
38
52
71
71
54
31
23
43
71
74
38
-8
-40
-63
-93
-116
-110
-76
-41
-26
-30
-38
-36
-26
-30
-48
-57
-41
-31
-55
-96
-107
-93
-90
-99
-87
-44
-6
3
-1
-11
-36
-66
-73
-60
-65
-92
-95
-63
-46
-78
-119
-113
-69
-35
-34
-48
-50
-32
-4
4
-25
-66
-85
-85
-92
-102
-91
-59
-40
-39
-25
13
44
45
32
26
33
49
67
72
47
12
0
16
33
40
55
79
99
117
147
177
175
149
129
127
110
75
53
62
88
108
117
113
90
67
71
91
93
63
33
28
35
36
29
17
-7
-41
-66
-73
-65
-48
-26
-16
-30
-54
-62
-59
-67
-92
-105
-92
-74
-79
-95
-101
-94
-84
-78
-72
-62
-46
-20
4
5
-19
-47
-52
-38
-30
-39
-46
-32
-3
25
48
71
91
100
93
79
64
52
55
72
91
94
80
62
47
38
39
50
64
73
76
72
54
33
27
35
26
-17
-62
-75
-64
-62
-71
-71
-63
-61
-61
-54
-51
-65
-78
-74
-66
-75
-85
-73
-59
-73
-94
-94
-83
-83
-74
-35
2
-8
-37
-32
-5
-3
-15
1
33
30
4
3
21
13
-9
6
50
67
58
67
88
73
32
21
37
27
-7
-12
16
25
10
13
30
20
0
13
43
28
-14
-8
44
62
24
-12
-18
-23
-35
-30
-19
-31
-48
-26
13
11
-19
-25
-19
-40
-62
-34
14
14
-18
-15
8
-7
-42
-34
-1
1
0
47
96
73
23
35
75
53
2
19
79
79
35
44
92
83
33
39
89
88
47
53
82
46
-18
0
71
63
-16
-33
14
11
-51
-47
32
61
10
-16
10
-6
-66
-58
19
33
-33
-51
14
30
-48
-90
-33
12
-25
-56
-22
1
-31
-40
3
7
-58
-90
-33
18
-7
-37
-12
6
-29
-47
-2
29
-6
-41
-17
10
-11
-37
-25
-15
-44
-70
-59
-47
-59
-58
-30
-18
-37
-41
-23
-35
-78
-86
-49
-26
-35
-29
-2
-12
-47
-39
3
4
-37
-39
9
27
-1
0
37
30
-24
-33
15
31
-8
-16
32
49
16
14
60
63
3
-14
42
67
20
0
51
75
18
-16
39
86
54
19
55
81
35
0
50
102
65
6
24
71
60
25
37
54
11
-30
13
80
58
-19
-37
4
12
-30
-49
-32
-34
-52
-35
6
-4
-60
-83
-50
-19
-26
-32
-17
-13
-40
-59
-40
-7
0
-10
-12
-2
1
-4
0
21
37
30
10
7
25
26
-3
-30
-28
-13
-7
4
25
19
-26
-54
-19
24
7
-33
-27
4
-5
-34
-16
28
21
-26
-29
7
3
-38
-29
28
42
4
10
67
72
1
-39
1
31
-5
-18
36
71
24
-21
8
41
9
-23
23
79
59
11
16
43
19
-19
3
36
3
-56
-47
9
18
-19
-22
12
16
-16
-24
2
2
-39
-68
-62
-57
-75
-85
-69
-53
-58
-70
-73
-73
-79
-74
-49
-15
6
7
1
3
5
-17
-53
-64
-37
-11
-20
-32
-13
7
-9
-29
-8
25
16
-11
2
30
20
-1
26
65
35
-18
14
104
123
59
35
82
97
51
40
90
104
47
20
66
85
31
9
67
98
36
-6
57
117
78
31
78
130
73
-12
-1
58
37
-25
-19
27
12
-30
4
70
54
-16
-11
55
55
-17
-43
3
22
-13
-21
16
13
-43
-60
-14
10
-26
-46
-16
-2
-36
-59
-36
-21
-49
-67
-43
-26
-45
-55
-19
20
11
-20
-32
-27
-27
-32
-31
-37
-47
-47
-42
-54
-79
-87
-73
-59
-48
-35
-23
-18
-11
3
-3
-39
-64
-54
-40
-56
-66
-38
-5
-11
-29
-19
-1
-11
-12
26
54
24
-15
1
28
0
-45
-25
33
46
23
35
66
48
4
12
58
56
11
4
42
48
14
13
50
56
24
21
50
41
-4
-4
50
72
32
6
23
24
-7
-10
31
39
-11
-45
-14
22
14
5
33
56
40
19
26
27
-6
-29
-9
15
4
-9
16
48
37
-2
-21
-19
-17
-12
8
18
-5
-33
-29
2
15
2
-2
20
40
37
24
24
31
19
-17
-50
-56
-43
-39
-48
-46
-27
-2
11
17
16
6
-8
-15
-16
-15
-5
23
40
17
-30
-52
-43
-48
-79
-96
-78
-52
-42
-31
-19
-31
