0
-1
1
0
-1
0
0
1
0
-1
0
1
0
0
0
1
0
0
0
0
0
-1
1
0
0
-1
-1
0
0
0
0
0
-1
-1
0
-1
0
-1
0
0
0
0
0
0
0
0
0
0
0
1
0
1
0
0
0
0
0
0
0
-1
0
1
-1
0
0
0
-1
0
0
0
0
1
1
0
-1
0
-1
0
0
0
0
0
-1
0
0
0
0
0
0
0
0
-1
0
0
1
0
0
0
-2
0
1
1
0
-1
0
1
1
1
0
0
0
-2
-2
-1
0
1
-1
0
0
0
-1
1
0
0
0
0
0
-1
0
-1
-1
0
-1
0
0
0
0
-1
0
-1
0
1
0
-1
0
1
0
0
1
0
0
-1
-1
-1
-1
0
0
1
1
1
0
0
0
0
0
0
0
-1
1
0
0
0
1
1
0
0
0
0
-1
1
1
0
0
-1
-1
0
0
1
0
-1
-1
0
0
0
-1
0
-1
0
1
-1
-1
-1
0
0
0
0
-1
-1
-1
0
0
0
0
0
0
0
0
0
0
0
0
1
-1
0
1
0
0
0
-1
0
0
1
-1
-1
0
0
1
1
0
0
1
1
1
1
1
0
0
0
0
-1
0
0
0
0
0
-1
-1
-1
-1
-1
1
1
-1
0
0
1
0
-1
0
0
1
1
0
0
1
0
0
-2
1
1
-1
-1
1
0
0
2
1
-1
1
1
0
0
-1
1
2
0
-1
-1
0
0
1
0
0
0
1
1
1
2
1
1
1
0
1
1
0
2
0
-1
0
1
1
0
-1
0
0
0
0
1
0
-1
-1
0
0
0
0
0
0
0
-1
0
0
0
-1
0
1
-1
-2
-1
0
0
0
-1
0
1
-1
0
-1
0
-1
1
1
1
1
-1
0
0
0
0
0
0
-1
1
0
-1
1
0
0
-1
1
0
1
1
0
0
0
-1
-1
-1
0
-1
1
1
1
0
0
1
0
0
1
0
0
0
0
-1
-1
1
0
0
1
-1
0
0
0
0
0
0
0
0
1
0
1
0
0
-1
0
1
1
0
-1
0
1
-1
-1
-1
1
0
-1
0
0
0
0
0
1
0
-1
-1
0
0
0
0
0
0
0
-1
1
0
0
0
-1
0
0
-1
-1
-2
0
0
1
1
0
1
0
0
-1
0
0
-1
1
1
0
1
1
0
1
0
0
0
0
-1
-1
-1
0
1
1
1
0
0
0
-1
0
0
0
-1
-1
0
0
1
0
0
0
-1
1
0
0
1
0
0
0
0
-1
-1
0
0
1
0
0
-1
0
-1
-1
1
1
1
0
-1
-1
-1
0
-1
0
-1
-1
0
0
0
0
-1
0
0
0
0
0
0
0
0
0
0
0
0
0
0
1
2
0
0
0
0
0
0
0
0
-1
1
0
0
-1
0
-1
-2
-1
-1
1
0
-1
-1
-1
-1
0
0
0
0
0
2
0
0
0
0
0
0
0
0
-1
0
0
1
0
1
-1
0
2
0
0
-1
0
1
1
0
-1
0
1
0
1
0
1
0
1
1
1
0
0
0
1
1
1
1
1
1
-1
0
1
1
1
-1
-1
0
1
0
0
0
0
-1
0
0
0
0
0
-1
0
0
0
0
0
1
0
0
1
1
0
0
-1
0
1
0
0
0
0
0
0
-1
0
0
1
1
0
1
0
-1
0
0
0
0
0
0
-1
-1
-1
0
0
0
0
1
0
0
-1
-1
0
-2
0
1
0
0
0
0
1
-1
-1
-1
0
0
-1
-1
-1
0
0
0
0
1
-1
0
0
0
1
0
1
0
0
1
1
0
0
0
0
0
-1
0
1
0
0
0
0
0
-1
-1
0
-1
0
0
0
0
1
0
-1
-1
0
0
-1
2
-1
-1
0
0
-1
0
-1
0
0
1
0
0
0
-1
-1
-1
0
0
1
1
1
0
0
0
0
1
0
-1
-2
-1
-1
1
0
0
0
0
0
0
-1
-1
0
0
-1
-1
0
0
1
0
0
0
0
0
0
1
0
-1
-1
0
0
-1
0
0
0
0
0
0
-1
1
0
0
0
-1
0
0
0
0
-1
0
0
-1
-1
0
0
0
0
1
0
-1
0
0
0
0
-2
-1
0
0
0
0
-1
0
0
1
1
0
-1
0
0
0
0
0
1
0
0
0
0
1
0
1
1
0
0
0
0
0
0
0
0
1
0
-1
-1
-1
0
-1
1
0
1
0
0
0
0
1
-1
0
0
1
0
0
1
0
0
-1
0
-1
0
0
0
0
0
1
0
0
2
0
0
-1
-1
1
1
0
0
-1
1
1
1
1
0
1
0
1
1
1
1
1
1
0
0
1
0
0
-1
1
1
1
0
0
-1
0
0
0
0
0
0
0
0
0
0
1
1
1
0
0
-1
0
0
0
-1
-1
-1
0
0
-1
0
0
-1
-1
0
0
0
-1
1
0
0
0
1
0
0
0
0
0
0
0
-1
0
-1
0
0
0
0
0
1
0
1
-1
0
0
0
0
0
0
1
0
0
-1
-1
0
0
0
0
-1
0
0
0
0
0
0
0
0
0
-1
0
0
0
0
-1
-1
0
0
1
0
0
1
1
1
0
-1
0
1
1
0
0
-1
-1
0
-2
0
-1
0
-1
0
-1
0
0
1
0
-1
0
-1
0
-1
0
0
-1
0
1
0
1
0
-1
0
0
0
0
0
-1
-2
0
-1
0
-1
0
0
0
0
0
0
0
-1
0
0
0
0
1
0
0
0
0
0
-1
-1
-1
0
0
0
-1
0
1
0
0
1
0
0
0
0
0
0
0
-1
0
-1
0
-1
0
-1
-1
-1
-1
0
0
0
-1
-1
-1
-1
0
-1
0
-1
-2
0
0
0
0
-1
-1
1
0
-1
-1
0
0
0
0
0
0
0
1
-1
0
1
0
0
0
0
1
0
-1
1
2
1
1
0
-1
-1
1
1
0
0
1
0
0
0
0
0
1
0
0
-1
-1
-1
-1
1
0
-1
0
-1
1
2
0
1
-1
1
1
1
0
0
1
0
-1
0
1
-1
-1
0
0
0
1
1
0
-2
0
1
1
2
0
-1
1
0
0
0
0
0
0
0
1
0
0
-1
0
1
1
1
1
0
1
1
0
2
1
0
0
1
0
0
0
0
0
0
0
-1
-1
1
1
-1
-1
0
1
0
-1
0
0
1
-1
-1
0
1
0
0
0
0
-1
-1
0
0
0
0
0
0
0
-1
0
0
0
0
0
0
0
0
0
0
0
-1
0
0
-1
1
0
0
0
0
0
1
0
0
-1
0
-1
0
0
0
1
0
0
-1
1
0
0
1
0
-1
-1
0
0
0
-1
0
0
0
0
1
-1
0
0
-1
0
0
0
1
0
1
1
0
1
0
-1
0
0
1
1
0
0
0
1
-1
-1
-1
0
0
0
1
0
1
1
1
0
0
-1
-1
-1
0
1
0
-1
0
-1
1
0
-1
-1
0
0
1
0
-1
0
1
1
0
0
0
1
0
-1
1
0
0
-1
-1
0
0
1
0
0
0
0
0
0
-1
-1
0
0
-1
0
0
0
0
-1
0
0
0
0
-1
1
0
0
0
-1
0
0
0
0
0
1
0
0
0
0
-1
-1
0
1
0
1
-1
-2
-1
0
0
1
0
-1
0
-1
0
0
1
1
0
0
1
0
-1
0
0
-1
0
0
0
0
0
0
0
-1
0
0
1
-1
-1
-1
0
1
1
0
1
1
0
-1
1
1
1
0
0
1
1
1
0
0
-1
0
0
-2
0
-1
-1
0
0
1
0
0
0
0
1
0
1
1
1
1
0
-1
0
0
0
-1
-1
1
-1
0
1
0
-1
1
0
1
2
-1
1
0
1
0
0
0
1
1
0
0
-1
0
1
1
0
1
1
2
0
1
0
0
1
0
1
-1
1
2
1
1
0
-1
1
0
1
0
-1
0
0
0
0
0
0
0
1
0
-1
0
0
0
0
0
0
-1
0
0
-1
-1
-1
-1
1
0
-1
0
0
-1
0
1
1
1
0
0
0
0
1
0
1
-1
0
0
0
0
-1
-1
0
0
0
1
0
0
0
0
0
1
0
0
0
0
0
0
1
0
0
-1
0
0
0
-1
-2
0
1
0
0
-1
0
-1
-1
0
0
0
0
0
0
0
0
1
1
0
0
-1
0
-1
1
0
0
0
0
0
-1
-1
-1
1
0
0
1
1
1
0
1
0
0
0
1
0
2
1
1
0
1
1
2
2
1
1
1
1
3
2
2
1
1
2
2
1
2
1
1
1
0
1
0
0
-1
0
0
0
0
0
-1
0
-2
-2
-2
-2
-2
-2
-2
-2
-3
-2
-3
-3
-3
-2
-3
-3
-3
-3
-2
-2
-4
-4
-3
-3
-2
-3
-3
-2
-2
-2
-2
-1
-2
-1
-1
-1
-2
-2
-1
-1
0
0
1
0
2
2
1
2
2
1
1
3
3
2
1
3
3
2
3
2
3
3
3
4
4
2
2
3
2
2
2
2
2
2
2
2
1
1
1
1
1
-1
-1
-1
-1
-2
-3
-3
-2
-2
-4
-3
-4
-5
-5
-5
-4
-3
-5
-4
-4
-4
-4
-5
-4
-5
-4
-5
-5
-4
-4
-4
-3
-3
-3
-2
-4
-3
-2
-1
-1
-1
1
-1
-1
1
1
2
2
2
3
3
3
3
3
5
5
6
6
6
7
7
7
7
7
8
9
9
7
8
7
9
9
7
6
7
7
7
7
6
4
4
5
4
3
2
2
1
1
0
0
-1
-2
-2
-2
-2
-2
-4
-3
-4
-4
-5
-4
-5
-5
-6
-7
-6
-6
-5
-6
-7
-7
-6
-6
-6
-6
-4
-5
-4
-4
-4
-5
-4
-3
-3
-3
-2
-2
-2
-1
-2
-1
-1
1
-1
0
0
0
0
2
2
1
2
1
2
2
2
3
2
2
2
2
1
1
2
1
0
1
-1
-1
-1
-1
-1
-2
-2
-2
-3
-4
-3
-4
-3
-5
-6
-5
-5
-4
-5
-6
-6
-4
-5
-5
-6
-5
-5
-5
-5
-6
-5
-4
-3
-3
-1
0
0
0
1
3
2
3
4
5
5
6
7
7
8
9
10
10
10
11
11
11
12
13
12
12
12
12
13
13
12
13
12
13
11
11
10
11
9
9
8
8
8
7
7
7
6
5
4
2
2
1
1
0
-2
-1
-1
-2
-3
-3
-6
-7
-8
-9
-9
-10
-10
-13
-14
-13
-15
-15
-16
-16
-18
-17
-19
-18
-18
-18
-19
-19
-18
-18
-17
-18
-16
-14
-14
-13
-11
-10
-8
-7
-5
-4
-1
0
3
5
6
8
9
12
13
14
17
18
20
20
21
22
23
23
22
22
22
21
20
20
19
17
15
14
12
10
8
6
3
0
-3
-4
-5
-8
-11
-14
-15
-17
-17
-22
-23
-25
-26
-26
-27
-28
-28
-28
-27
-28
-28
-29
-28
-26
-25
-25
-24
-22
-21
-21
-21
-18
-16
-16
-14
-11
-8
-8
-6
-3
-2
1
3
5
7
8
9
12
13
17
20
21
21
22
26
28
29
30
32
33
34
36
38
38
38
39
38
38
39
39
38
38
37
35
35
32
31
29
28
26
23
21
19
16
13
11
8
5
3
0
-2
-5
-8
-11
-13
-15
-18
-21
-22
-24
-25
-27
-29
-30
-32
-33
-33
-32
-32
-33
-32
-33
-31
-31
-30
-28
-28
-27
-25
-24
-22
-21
-19
-18
-16
-14
-13
-12
-10
-8
-7
-5
-4
-4
-2
-1
-1
0
1
1
2
3
2
4
3
3
3
3
4
3
4
4
4
3
3
3
3
4
3
2
2
3
3
3
2
2
3
3
3
3
2
3
4
4
4
3
3
4
3
3
2
3
2
1
0
0
0
0
0
-2
0
1
0
0
-1
-1
-1
-1
-1
0
0
2
1
1
3
3
4
6
7
8
8
8
10
11
11
12
13
14
14
14
15
17
17
15
14
15
16
15
14
15
14
14
14
14
12
11
11
9
9
8
7
7
5
4
3
3
2
1
-1
-2
-3
-5
-5
-6
-6
-8
-9
-10
-12
-12
-14
-15
-16
-17
-19
-20
-21
-21
-22
-23
-23
-23
-25
-25
-24
-26
-25
-23
-23
-23
-22
-22
-20
-18
-16
-14
-12
-11
-8
-6
-5
-3
0
3
5
8
10
12
15
16
18
19
21
22
22
24
23
23
22
23
22
21
20
18
14
13
12
10
7
4
1
-2
-6
-9
-13
-16
-19
-21
-24
-28
-30
-33
-34
-34
-35
-36
-37
-37
-34
-33
-32
-33
-32
-30
-26
-23
-22
-22
-22
-21
-18
-16
-15
-16
-15
-14
-11
-9
-9
-10
-13
-11
-8
-5
-4
-6
-7
-7
-2
4
10
7
8
13
22
30
36
39
42
48
59
69
75
78
79
83
91
99
101
97
93
95
99
101
96
86
78
75
75
71
62
50
40
34
31
25
14
2
-8
-16
-18
-24
-35
-46
-55
-57
-58
-62
-69
-75
-79
-78
-75
-73
-73
-72
-70
-65
-55
-46
-41
-39
-35
-28
-15
-5
-2
0
-1
3
8
13
14
9
0
-6
-6
-3
-7
-18
-32
-39
-40
-38
-40
-49
-60
-67
-67
-61
-58
-64
-76
-84
-82
-75
-72
-83
-97
-107
-104
-97
-96
-105
-116
-119
-109
-93
-82
-79
-79
-71
-49
-20
1
10
16
31
54
80
96
101
100
102
112
123
128
121
108
97
96
101
101
91
74
63
63
71
76
73
61
52
55
66
75
71
57
46
46
55
59
50
34
22
22
28
31
24
12
5
10
19
26
26
20
21
29
40
50
52
50
50
55
64
71
70
64
59
59
62
66
61
49
38
36
38
38
29
15
4
2
5
6
-3
-16
-24
-23
-15
-12
-17
-28
-33
-25
-15
-13
-18
-24
-30
-33
-30
-23
-25
-42
-57
-63
-60
-65
-85
-108
-116
-125
-142
-154
-159
-175
-196
-202
-207
-211
-210
-217
-237
-243
-215
-187
-196
-213
-211
-186
-158
-141
-136
-127
-94
-63
-45
-10
28
31
19
51
101
118
113
119
130
117
110
134
151
139
118
125
143
136
106
99
123
116
57
7
17
28
-10
-31
-4
-15
-108
-189
-181
-163
-210
-258
-230
-171
-167
-179
-150
-143
-204
-233
-154
-58
-62
-111
-60
47
20
-126
-119
17
-15
-137
-74
40
-10
-64
38
114
41
-6
20
55
95
72
15
-27
-47
24
104
79
-13
-52
45
192
262
238
220
297
390
400
400
468
525
462
355
368
472
494
365
215
196
230
183
139
179
169
48
-6
64
65
-74
-172
-103
-31
-125
-263
-241
-139
-196
-330
-295
-158
-208
-394
-389
-227
-239
-404
-410
-299
-336
-438
-389
-247
-212
-296
-280
-126
-52
-143
-174
-48
23
-35
-60
4
55
22
-44
-66
-13
11
-100
-181
-93
-14
-75
-117
-61
-34
-58
-8
113
83
-135
-239
-107
-46
-219
-321
-195
-102
-181
-233
-111
28
7
-68
30
167
-2
-139
829
2830
3604
1555
-1006
-242
3593
6357
5661
3210
1805
2517
4620
6438
6439
4626
2685
2248
3274
4211
3637
1844
164
-672
-930
-1253
-1799
-2435
-3116
-3973
-5271
-6492
-6450
-5256
-4775
-5979
-7392
-7466
-6675
-6200
-6204
-6063
-5531
-5220
-5682
-6296
-5947
-4623
-3399
-3154
-4139
-5313
-3852
1208
5177
2800
-2728
-2859
3786
9673
9402
5470
2698
3145
6419
10109
10771
7568
3612
2410
4291
6492
5938
2491
-712
-1306
-633
-933
-2130
-3129
-3667
-4022
-4569
-5440
-5912
-4979
-3304
-2608
-2924
-2990
-2373
-1183
698
2515
2942
2361
2369
3223
4202
5147
5722
5192
4080
3622
3718
3629
3408
3086
2183
947
88
-501
-926
-989
-1245
-2326
-3658
-4142
-3821
-3450
-3223
-3306
-3872
-4146
-2973
-611
939
425
-831
-497
2124
5007
5675
4329
3303
4027
5833
7169
6989
5391
3933
4185
5272
5059
3367
1818
1274
1085
635
-191
-1452
-2574
-2774
-2380
-2574
-3696
-4737
-4730
-3826
-2948
-2859
-3483
-3944
-3469
-2240
-1366
-1641
-2422
-2571
-2022
-1708
-2256
-3293
-4202
-4894
-5593
-6481
-7296
-7511
-7369
-7639
-8768
-10391
-10466
-6623
-542
876
-5614
-11281
-6047
5660
10940
6679
1058
374
4523
11117
15607
13577
7619
4848
7358
11251
12640
10374
5646
2136
2522
3824
2386
-516
-2329
-3019
-4044
-5618
-6863
-7351
-6541
-5133
-5039
-6126
-6728
-5965
-3838
-1034
805
377
-668
351
2794
4565
5614
6230
5680
4581
4959
6531
7007
6244
5645
5033
3838
2884
2633
2334
1707
865
-700
-2675
-3412
-2815
-2692
-3500
-4394
-5393
-6196
-5084
-2151
-658
-1994
-3480
-2692
3
3014
4746
4206
2784
3266
5764
7842
8143
7234
6204
6112
7147
7594
6225
4603
4182
3974
3007
1796
520
-957
-1642
-1348
-2024
-4266
-5835
-5591
-5022
-5114
-5446
-5914
-6455
-6258
-5288
-4656
-4673
-4781
-4830
-4845
-4550
-4346
-5040
-6218
-6991
-7533
-8081
-7578
-6034
-6237
-9547
-12928
-12394
-6771
951
3894
-3072
-13456
-12102
3645
16574
12803
567
-3881
2299
11407
17500
17486
10935
3911
4171
10726
15297
13224
7167
2215
1217
2783
2793
-34
-2706
-3401
-3967
-6241
-8862
-9322
-7317
-4892
-4523
-6408
-8062
-7455
-4683
-943
1933
2083
88
-527
2011
5378
7098
7232
6573
5312
4470
5416
7172
7521
6205
4589
3274
2030
1403
1869
2179
1036
-1308
-3743
-4987
-4250
-2583
-2463
-4442
-6398
-6815
-5744
-3262
-350
396
-1598
-3028
-1212
2773
6197
7246
5806
4108
5309
8791
10731
9768
7995
7240
7408
7777
7396
6010
4854
4556
3884
2016
112
-824
-1188
-1306
-1731
-3642
-6373
-7301
-5627
-4066
-4828
-6741
-7905
-7477
-5699
-4132
-4388
-5834
-6030
-4516
-3426
-3876
-4920
-5776
-6281
-6236
-6531
-8251
-10250
-10254
-8446
-7576
-9254
-13237
-15949
-10775
1426
7088
-3925
-18168
-13502
7162
19112
11522
-604
-2671
3797
12485
19668
20286
11902
3320
4947
13641
17995
13833
6628
2195
1808
3240
2989
-114
-3402
-4325
-4567
-7073
-10537
-10923
-7708
-4988
-5621
-7947
-9106
-8041
-4705
-224
2274
1071
-1136
-492
2913
6195
7868
7934
6699
5088
4937
6985
9094
8913
6982
5156
4011
2919
2346
2954
3231
1469
-1832
-4319
-4705
-3513
-2324
-2995
-5616
-8072
-8013
-5179
-1484
358
-1284
-3980
-3187
1648
6226
7114
5743
4549
5070
8185
11547
11632
8787
7136
8483
10192
9743
7463
5539
5303
5767
4853
2289
20
-801
-674
-595
-1693
-4331
-6795
-6769
-4977
-4421
-5785
-7335
-7843
-7046
-5298
-4039
-4681
-6123
-6034
-4547
-3589
-3706
-4344
-5489
-6711
-7207
-7448
-8220
-9044
-9395
-10064
-11378
-12544
-14220
-14596
-8162
3033
4531
-10911
-23438
-10729
15238
22718
6523
-7729
-4291
8192
18557
23688
20120
7928
157
7161
19716
22153
13508
4330
601
1516
4293
4795
518
-5161
-7286
-7188
-9301
-12200
-11114
-7142
-6269
-9583
-12100
-10883
-7618
-3888
-517
337
-1777
-3054
-245
4553
7510
7839
7083
6032
5262
6262
8956
10598
9037
5939
4323
4301
3974
3361
3261
2605
4
-3377
-5014
-4303
-2625
-2260
-4542
-7776
-8846
-6873
-3556
-725
-323
-3012
-5040
-1948
4265
7095
5580
4063
4484
6225
9095
11790
11354
8223
6754
8529
10361
9424
6916
5328
5356
5483
4073
1698
-53
-553
-689
-1390
-3100
-5625
-7172
-6390
-4765
-5114
-7165
-8577
-8253
-6565
-5008
-4713
-5759
-6581
-5622
-4054
-3828
-4641
-5041
-5371
-6458
-7612
-8113
-8270
-8487
-9037
-10276
-12047
-13481
-14807
-13385
-4477
6425
3224
-16337
-24972
-3375
24668
24187
866
-11068
-1009
14429
23415
25393
18425
5234
731
11794
24415
23307
11674
2494
995
3668
6087
5116
-22
-5407
-7135
-7212
-9834
-12613
-10267
-5541
-6107
-11360
-13432
-10065
-5608
-2383
-27
91
-2344
-2995
1066
6285
8329
7636
6609
5634
5266
7006
9982
11064
8597
5355
4017
3931
3791
3888
4568
3649
-832
-6616
-7852
-2806
2101
-145
-7941
-12416
-9107
-2358
1554
308
-3796
-6685
-4162
3037
8122
6797
2966
2568
5691
8964
10758
10923
9321
7284
7623
9937
10482
8081
5762
5692
5866
4240
1909
583
24
-797
-2003
-3473
-5307
-6814
-7163
-6811
-6661
-7266
-8187
-8578
-8340
-7515
-6567
-6176
-6710
-7632
-7661
-6531
-5237
-5315
-7136
-9497
-10651
-10315
-9628
-9684
-10849
-12796
-14441
-16292
-16665
-9292
4967
9197
-9527
-29043
-16736
18034
32555
11962
-11270
-8738
9829
23640
27602
23519
11404
992
5623
21050
28460
19584
5548
-217
2927
6890
6299
1943
-2754
-5698
-7381
-9861
-12661
-11955
-7185
-4659
-8891
-14360
-13789
-8228
-2831
246
688
-1928
-4239
-1140
5641
9363
8463
6966
6689
6346
6648
8919
11259
10644
7378
4560
3655
3544
3533
3649
3242
516
-4245
-6788
-4867
-1514
-1831
-5959
-9177
-8613
-5339
-1969
-258
-1372
-3870
-3466
1164
6199
7047
5091
4502
6293
8578
9648
10138
9956
8559
7434
8329
9631
8345
5439
4203
4580
3975
1787
-397
-1688
-2601
-3192
-3715
-5014
-7078
-8375
-7994
-7183
-7297
-8166
-8858
-9029
-8466
-7007
-5935
-6916
-9000
-9044
-6434
-4748
-6698
-10100
-11333
-10020
-8390
-8926
-11645
-14619
-15646
-15959
-14604
-5233
7690
6210
-15535
-29119
-9238
23655
29862
5647
-14226
-7931
13173
27935
27578
16586
4732
2173
10650
21989
25168
16650
4281
-509
4408
9716
7825
1227
-3426
-4923
-6019
-8270
-10491
-9511
-5908
-5148
-9608
-12976
-10320
-5665
-2798
-1042
-492
-1788
-2121
1132
5272
7141
7601
7544
6560
5975
7924
10461
10418
8461
6788
5855
5199
4881
4192
3033
2245
934
-1907
-4351
-3743
-2315
-3595
-6675
-8171
-7658
-6087
-3506
-1224
-1420
-3601
-3165
1184
5988
7298
5715
5036
6871
9883
11819
12068
10859
8780
8248
10413
12121
9496
5060
4039
5815
5627
2734
372
-833
-1875
-2731
-3390
-4917
-6816
-7646
-7532
-7539
-7983
-8408
-8712
-8692
-8336
-7729
-7358
-7597
-8297
-8421
-7517
-7203
-9123
-11978
-13005
-12388
-13034
-15226
-17121
-18927
-22797
-22063
-7394
8033
1681
-23274
-31280
-5195
25068
23783
-1045
-14162
-3439
15656
26666
25881
16598
5984
4559
14654
26043
26203
15332
5366
4241
8269
9481
6548
2435
-1083
-4544
-7720
-10715
-12227
-9648
-5717
-7430
-14811
-17924
-12872
-6080
-2995
-3426
-5405
-7214
-4645
1950
6742
6395
4414
4784
6406
8166
9931
10984
10371
8995
8055
7588
7243
7117
6721
5726
4226
1623
-1693
-3226
-1398
30
-2917
-7632
-10054
-9329
-6859
-4600
-3505
-4615
-6427
-6825
-4226
1648
6308
6366
2551
903
5004
11563
15113
12574
7572
6257
10150
14136
12840
8687
6439
6618
6547
5344
4026
2285
720
259
-492
-3312
-6307
-6850
-5342
-4638
-6286
-9081
-10744
-9400
-6370
-4969
-6579
-8614
-8381
-6596
-5276
-5477
-6730
-7572
-7739
-7893
-9100
-10620
-11736
-13010
-13782
-14069
-15714
-19254
-15234
-667
8142
-6790
-28749
-22477
10109
29363
14082
-10061
-12380
5706
23403
27855
20487
9060
3450
8982
20594
27358
21405
8437
1200
5071
11330
10546
4086
-1653
-4569
-6375
-7544
-8835
-9381
-8263
-7681
-11080
-14815
-12878
-7452
-4432
-4719
-5253
-5309
-3965
-19
4377
5175
3617
4018
6248
7703
8280
9240
9697
9230
8478
7854
7509
7565
7037
5198
3666
3182
1725
-1249
-2869
-2139
-2367
-4977
-7336
-8261
-8009
-6557
-3652
-2506
-4847
-7295
-5835
-52
5106
6335
3526
1024
3483
9756
14224
12777
8014
5849
8686
13276
14069
9903
5729
5343
7055
7223
5398
2721
499
-394
-598
-1626
-3950
-5653
-5671
-5644
-6714
-7860
-8069
-7876
-7438
-6726
-6711
-7689
-8229
-7065
-5434
-5458
-7242
-8989
-8911
-8358
-9089
-11101
-12622
-13166
-14603
-17900
-20783
-14288
655
7683
-8383
-30169
-23536
9477
30257
15395
-10727
-14826
4399
24672
29605
20767
8380
3241
9791
21173
26973
21779
10493
2742
4090
9865
10626
5432
-483
-3698
-6294
-9065
-10582
-9571
-7274
-8055
-13221
-17157
-14113
-7906
-5178
-6265
-6977
-6198
-4428
-978
2661
4088
3727
4592
6264
7096
7827
9333
10057
9461
9039
8650
7612
6844
7031
6711
5294
3309
816
-1629
-1931
-728
-1976
-6024
-8408
-7925
-7352
-7481
-6013
-3862
-4728
-7420
-7455
-2274
3559
5077
2532
370
2551
7911
12295
12183
8223
5620
8004
12685
13648
9698
5877
5640
7337
7520
6037
3594
992
-477
-589
-891
-3096
-5514
-6206
-5556
-6102
-8089
-9258
-8494
-7156
-7040
-7836
-8645
-8776
-7864
-5892
-4911
-6306
-9297
-10777
-10009
-8431
-8024
-11425
-15865
-18118
-17904
-16630
-10492
444
4205
-10600
-28523
-19679
11787
29514
13655
-11126
-13331
6798
26803
30550
20382
7826
3708
11438
23221
28273
21979
10250
3073
4898
10906
12285
7063
-139
-4559
-6717
-7997
-8441
-7517
-6271
-8304
-13910
-17180
-13134
-6313
-3843
-6108
-8116
-7324
-4231
700
4477
4484
2389
3011
6473
8764
9095
9415
10204
9961
8840
8063
8105
8744
8607
6534
3979
2753
1820
133
-487
-5
-2134
-7090
-9689
-7530
-4912
-4911
-6164
-7233
-7902
-7199
-3891
154
2454
1394
-651
109
4787
10091
11484
8934
5726
5671
9410
13214
13048
8832
5430
5740
7459
7437
5726
4066
2049
-140
-1575
-2109
-2598
-3637
-4815
-6551
-8505
-9474
-8445
-6616
-6493
-8262
-9893
-9667
-8173
-6684
-6068
-6836
-8750
-10045
-9816
-9193
-9787
-11664
-13484
-15105
-17566
-20965
-18692
-4766
8380
517
-24012
-30939
-4509
25349
24025
-1505
-16144
-5417
15831
28301
26106
14725
3818
3537
14674
26280
26659
15855
4694
1891
6884
11449
9862
3907
-2004
-5835
-7768
-8370
-7913
-6089
-5402
-9459
-15851
-16756
-10318
-3979
-3227
-6174
-8276
-7320
-2871
2881
5672
4141
1985
2914
5834
8521
10400
10968
9705
8106
8000
8830
9330
8874
7475
5508
3896
2714
1405
603
653
-153
-3334
-6756
-7632
-6393
-4870
-3855
-4093
-6517
-8812
-7126
-1542
2866
2400
-970
-2490
621
6299
10496
10108
6152
3062
5007
10802
13873
10588
5225
3721
6080
7921
6725
4142
2139
1062
332
-584
-1922
-3322
-3928
-4410
-5840
-7569
-8292
-7599
-6605
-6817
-8294
-9157
-8479
-7534
-7099
-6841
-6837
-7974
-10016
-11265
-10706
-9962
-10825
-13480
-16541
-19701
-19910
-9986
5115
6309
-15181
-32549
-16588
17391
28972
7942
-14033
-11029
9247
25596
27595
18637
7091
2675
10446
23007
27325
19247
7593
2493
5303
9600
9688
5472
337
-3437
-6900
-9767
-10554
-7530
-3944
-6424
-14532
-19033
-13499
-4967
-2291
-5471
-8674
-8760
-5461
606
5480
5217
2018
1842
5360
8618
9864
10123
9901
9370
9039
8901
9012
8739
8242
7597
6157
3899
1366
245
1186
1902
-723
-5602
-8119
-6656
-3766
-2282
-2962
-5729
-8151
-6993
-2020
2904
3172
-362
-2604
222
6056
9769
9315
6524
4524
5710
9547
12439
11133
7310
5222
6192
7598
6956
4996
3283
2078
1023
101
-1057
-2805
-4060
-4376
-4803
-6233
-8006
-8639
-7862
-6933
-7134
-8181
-8963
-8990
-8183
-7179
-6982
-8294
-10550
-12039
-11544
-10512
-10910
-13589
-16547
-19176
-18318
-7908
5135
3471
-17871
-30097
-10649
20102
25448
2916
-14440
-6729
13614
25793
24235
15926
7669
4989
11759
22608
26103
17755
6497
2468
6245
10343
9105
3965
-1321
-4637
-7158
-9150
-9800
-8191
-6188
-8389
-14275
-17471
-13552
-7107
-4273
-5816
-8392
-8833
-5709
-32
4094
4253
2229
2003
4475
7531
9598
10354
10021
9082
8511
8532
8952
9102
8577
7153
5389
3770
1772
606
1069
1204
-1679
-6117
-8047
-6559
-3962
-2880
-4221
-6957
-7992
-5746
-1729
1000
608
-1331
-1780
1092
5254
7231
6855
5608
5206
6553
8890
10546
9511
6995
5892
6990
8052
6542
3877
2425
2317
2109
819
-1253
-3380
-4596
-4625
-4397
-5091
-7083
-9124
-9388
-7755
-6374
-7019
-8629
-9223
-8508
-7605
-7695
-9201
-11564
-12942
-12317
-11795
-13616
-17312
-20458
-15957
-1821
8054
-3751
-26834
-26323
3932
28390
18433
-8361
-15826
2324
23394
28824
20445
10017
5174
9516
20389
27616
23368
11779
4499
6405
11853
12334
7060
893
-2765
-4593
-6643
-8498
-9222
-8247
-8380
-12111
-15755
-14449
-9607
-7193
-8251
-9059
-7634
-5554
-3313
-685
1211
1819
2626
4903
6439
6666
7729
9946
10966
9984
8978
9171
9714
9372
8539
7781
6803
4664
1975
984
1816
1714
-1581
-5523
-6980
-5805
-4246
-3599
-4685
-7607
-9050
-6570
-1366
1227
-908
-4013
-3421
1267
5815
6845
4840
2454
2999
7096
11147
11031
6770
4107
5734
8778
9322
6844
3984
2146
2147
2900
2646
115
-2958
-4585
-5008
-5238
-5355
-5869
-7380
-8808
-9183
-8443
-7813
-7763
-7928
-8078
-8263
-9290
-10358
-10364
-10330
-10617
-11551
-13695
-16508
-20077
-18530
-5379
8874
3160
-22170
-31829
-6198
25933
26052
-1490
-18221
-6116
17322
28802
24016
12929
4524
4753
14785
26139
26702
15523
4758
3553
9434
13257
10386
4001
-1237
-3738
-5777
-7601
-8006
-6483
-5849
-9974
-15785
-16243
-10016
-5053
-6369
-9918
-10103
-6910
-3323
-464
832
674
813
3135
5957
6663
6912
8342
9864
9425
8114
8194
9252
9601
8613
7610
6902
5268
2686
1481
2532
2594
-1010
-5476
-6513
-4637
-3262
-3637
-5133
-7482
-9089
-7514
-2884
678
-314
-4081
-5446
-1587
4060
6660
5150
2200
1162
3576
8480
11314
8719
3842
2722
6202
9125
7743
4283
2358
2440
2545
1623
223
-1193
-2226
-3233
-4604
-5849
-6222
-6145
-6346
-6916
-7929
-9235
-9651
-7996
-5715
-5676
-8508
-11544
-11919
-9686
-8168
-9546
-12963
-15701
-17655
-18960
-12252
2743
8814
-9054
-31106
-22675
11317
30291
13210
-13624
-15884
5523
25276
27410
17335
7158
3710
9229
20012
26808
22254
10168
2282
4986
12275
13553
7723
1030
-2123
-3681
-6030
-7693
-6883
-4644
-6204
-12417
-16757
-13691
-7022
-4599
-7165
-10025
-9490
-6308
-2210
842
1525
811
1203
3518
5669
7326
9087
10181
9368
8059
8267
9394
10106
9635
8751
7996
6658
4340
2544
3279
4552
2434
-2954
-6400
-5202
-2788
-2401
-3879
-5754
-7948
-8975
-6984
-2713
554
-442
-4161
-5884
-2123
4217
7744
6151
1759
45
3814
9755
11562
7911
3762
3677
6694
8714
7653
5245
3506
2797
2776
2368
1021
-652
-1501
-2066
-3552
-5556
-6454
-5845
-5166
-5713
-7606
-9262
-9198
-7283
-5238
-5370
-7700
-10478
-11124
-9436
-7661
-8320
-11238
-14031
-15829
-16473
-16061
-9922
528
3276
-10740
-26485
-17725
10017
24589
9945
-11705
-12902
5441
22520
24804
16388
7364
4051
8807
18938
25441
21274
10269
3204
4972
10987
13323
9275
2277
-3075
-5565
-6410
-5737
-4446
-4465
-8288
-14371
-16554
-12122
-6207
-5650
-9118
-11590
-10291
-6382
-2196
510
957
-4
-635
1574
5795
8838
9138
8172
7352
7650
9255
10393
10639
9961
8544
6845
5816
5649
5361
4859
3395
574
-2526
-3612
-2454
-1668
-2952
-5396
-6822
-6750
-5763
-4466
-3446
-3019
-3390
-3800
-2947
-346
2696
4136
3245
1690
2235
5414
8221
8050
5886
4695
5622
7009
7361
6725
5821
4623
3217
2563
2723
2626
1115
-1089
-2636
-3149
-3363
-3818
-4369
-5325
-6330
-7227
-7579
-7070
-6281
-6191
-7532
-9005
-9241
-8451
-8150
-9063
-10703
-12386
-13503
-14329
-15095
-17004
-15117
-5457
3111
-4220
-22854
-24421
-624
21780
16387
-6277
-15799
-1765
18936
26602
19533
8841
3795
7200
17311
26218
25214
14384
3939
3550
11750
17316
12873
2924
-3388
-3571
-2557
-3305
-5069
-5974
-7500
-11802
-15594
-13936
-8171
-5791
-8880
-12643
-12215
-8043
-3206
-148
-385
-2337
-2862
587
5858
8983
8548
6278
5305
6929
10605
12815
11646
8483
6622
7489
9107
9054
6208
3333
2377
2294
1073
-611
-1324
-2254
-4094
-5318
-4942
-4403
-5320
-6660
-6069
-4098
-2999
-3679
-3815
-2112
263
2075
2395
1529
1292
3400
6687
8061
6143
3662
4427
7774
9375
7591
5269
4579
4809
5371
5594
4316
1531
-520
-288
412
-231
-2042
-3675
-4497
-4488
-3928
-4218
-5953
-7669
-7585
-6275
-5994
-7490
-9041
-9223
-8923
-9751
-11255
-12428
-12912
-13916
-15393
-17509
-18274
-11210
607
1794
-15807
-29167
-13964
15460
23106
1964
-17280
-10023
13375
26793
21998
10544
4549
6594
15045
24309
26462
18273
7223
3686
10040
17747
16127
6355
-1971
-2927
-896
-1347
-3855
-5860
-7244
-10651
-14433
-13872
-9064
-6772
-9957
-13343
-12301
-8008
-4634
-3270
-3151
-3288
-2466
182
3815
5642
5366
5075
6147
7709
8898
9627
9785
9282
8289
7790
8113
8516
7395
5070
3538
3074
2287
633
-690
-1662
-2769
-3241
-2903
-3202
-5530
-7481
-6323
-3028
-1374
-3186
-5349
-4793
-1186
1780
2014
265
-1282
-276
3225
6551
6037
3124
1932
3985
6673
7349
6174
4686
3587
3348
4526
5356
4178
2022
709
-51
-571
-194
-54
-1304
-3126
-4661
-5483
-5331
-5041
-5193
-6103
-7632
-9104
-9684
-9359
-9124
-9848
-11815
-14566
-16076
-15708
-14709
-16283
-16738
-9538
-479
-4779
-21226
-23669
-2319
18904
13711
-7515
-14898
620
19646
24055
16585
8946
6739
10142
18737
26923
25850
14959
5416
6747
15868
20600
14281
3304
-2108
-208
1869
262
-3378
-6132
-8181
-11243
-13026
-11055
-7418
-7918
-11927
-14016
-11657
-7468
-5043
-4319
-4472
-4840
-4285
-1129
3371
5431
4415
2937
3543
6156
9066
10446
9627
7428
6158
7456
9841
10379
7854
4838
3835
4062
3493
2361
1687
540
-1831
-3579
-2869
-2035
-3386
-5876
-5725
-2943
-2025
-4145
-5817
-3689
-242
637
-1393
-3205
-1829
2030
4869
4345
1732
586
2686
6059
7803
7066
5258
3784
3763
5659
7784
7381
4137
1368
1268
2929
3577
2398
89
-2195
-3060
-2985
-2630
-3249
-4411
-5794
-7188
-8251
-8754
-8556
-8622
-9686
-12158
-14346
-14805
-13810
-13474
-15333
-18219
-20987
-17611
-5940
2326
-7879
-26437
-23689
2959
21592
10143
-11769
-14192
5065
22340
22983
14183
7951
7559
12459
21554
27866
23423
12035
6175
10903
18747
19036
11043
2955
903
2392
1691
-1338
-3847
-4882
-6866
-10733
-12310
-9235
-6122
-8452
-12994
-13668
-9879
-6221
-5400
-5944
-6357
-5872
-4036
-369
2831
2985
1240
749
3110
6668
8908
8339
6397
5567
6845
9040
10141
9060
5993
3605
4142
5845
5851
3736
1050
-882
-1188
137
1048
-557
-3702
-5370
-4127
-2145
-1813
-2927
-3925
-3934
-3372
-2294
-1050
-569
-1165
-1029
425
1506
1209
1223
2605
4283
4710
3867
3272
3693
5101
6344
6328
4662
2699
2350
3408
4542
4047
1743
-938
-1718
-488
141
-1484
-4138
-5609
-5757
-5954
-6966
-8090
-9051
-10479
-12242
-13373
-13445
-14094
-15904
-18311
-19091
-19339
-18281
-11742
-4013
-7071
-21922
-25706
-6802
14883
12810
-6965
-15856
-2106
17491
23124
15893
8781
7997
11835
18802
26159
26580
18035
8884
8792
16673
22091
17372
7352
1992
2887
4233
2854
212
-2448
-5113
-8460
-10642
-8993
-5927
-6967
-11238
-13365
-11375
-8077
-6768
-7007
-7218
-7088
-6340
-3970
-351
1188
33
-797
1116
4515
6511
6541
5970
6171
7050
8228
9086
9110
7899
6332
6160
7017
7025
5461
3800
2567
2044
2604
2931
1166
-1763
-2702
-1290
-242
-1376
-3169
-3463
-2666
-2631
-2987
-2262
-1190
-1599
-2794
-2078
128
1347
795
420
1438
2989
3737
3246
3200
4345
5352
5043
4091
3807
4434
4931
4265
3146
2413
2039
1171
418
61
-603
-2231
-4210
-4945
-4959
-5966
-8063
-9456
-9860
-10644
-12623
-14448
-14640
-14689
-16026
-18163
-18904
-19143
-18783
-13090
-4926
-5647
-18517
-23994
-8574
11750
12334
-4014
-12885
-2244
14700
20940
16150
10301
8725
10924
16890
23954
25087
18153
10177
9126
14827
19497
16934
9420
3569
2528
3306
2837
1305
-781
-3736
-8149
-10658
-8552
-4803
-5325
-10371
-13613
-11848
-8003
-6409
-6961
-7920
-8327
-7614
-5099
-1501
9
-1308
-2464
-762
2866
5388
5228
4083
4201
5816
7182
7666
7844
7354
6552
6191
6576
6941
6413
4977
3366
3128
4178
4317
1893
-815
-981
720
1424
-312
-2673
-3129
-1746
-842
-1317
-1895
-2374
-3112
-2641
-326
1515
627
-1334
-1116
1595
4224
4062
2056
1448
2978
4710
5185
4972
4482
3754
3370
3971
4887
4352
2218
433
708
1405
385
-2159
-4095
-4476
-4422
-5325
-7391
-9602
-10969
-11297
-11589
-12760
-14797
-16635
-17072
-16766
-16957
-19149
-19792
-13259
-4404
-6541
-19929
-23402
-6864
11161
9231
-5940
-11989
-1001
13758
18648
14733
9941
8180
9933
16474
23997
24361
16372
8722
9400
16318
20634
16650
8470
3679
4283
5637
4245
1473
-633
-2373
-5595
-8307
-7375
-4614
-5126
-9161
-11886
-11220
-8901
-7169
-6375
-6873
-8540
-9437
-7229
-2795
-737
-2423
-4210
-2858
412
2820
3459
3280
3188
3423
4330
6296
8464
8345
6174
4743
5752
7669
7840
6260
4269
3713
4499
5130
4070
1993
564
320
1008
1494
575
-1662
-2737
-1688
-146
72
-1343
-3051
-2831
-382
1342
390
-1262
-1144
874
3188
3466
1968
1170
2330
4353
5342
4900
3731
3319
4027
4955
5289
4522
2858
1479
1478
2049
1405
-709
-2662
-3305
-3563
-4666
-6346
-7756
-8963
-10400
-11647
-12272
-12915
-14679
-16295
-16442
-15863
-17596
-18780
-13158
-4834
-6804
-19372
-22582
-6935
9927
7774
-6978
-12633
-1571
12825
17124
12638
7887
6802
9394
15934
22776
22860
15240
8118
9430
16912
21162
16780
8277
3768
5223
7549
6583
3368
529
-1730
-4723
-6458
-4824
-2609
-4896
-10065
-12131
-9958
-7455
-7074
-7805
-8807
-9934
-10064
-7602
-4040
-3213
-5494
-6725
-4521
-1284
329
715
1176
1436
1321
2389
5444
7887
6709
3629
3371
6635
9060
7807
4950
3618
4177
5392
5839
4867
2960
1199
864
2124
3174
1995
-642
-2029
-1166
485
931
-626
-2640
-2816
-1121
267
-40
-1117
-1234
-150
1085
1397
1284
1465
1875
2278
2774
3133
3161
3349
3765
4166
3895
3083
2353
2580
2966
2165
260
-1420
-1754
-1212
-1421
-3489
-6147
-7474
-7428
-7415
-8495
-10493
-12207
-12894
-13115
-13446
-14285
-15516
-17241
-17080
-11592
-4762
-6365
-17185
-21273
-8763
7416
8038
-5172
-13202
-4841
10402
17043
12464
6058
5033
8901
15178
20766
20996
15012
9086
9762
15820
19984
17283
10590
6490
6917
8070
7133
5377
3982
1675
-2539
-5544
-3936
-488
-1190
-6518
-10966
-10761
-7225
-4549
-5376
-8687
-11199
-10656
-7511
-4480
-4484
-6682
-7724
-6281
-3910
-1686
-178
-388
-1759
-1588
1336
4685
5393
3521
2331
4033
6523
6798
5450
5139
5708
5506
4844
5172
5979
5256
3167
2242
3571
4653
3448
1275
476
976
1431
1203
310
-842
-1500
-981
197
524
-384
-1309
-1061
-36
879
1151
913
520
674
1867
3144
3147
2059
1718
2695
3401
2831
2013
1961
1761
809
-202
-530
-532
-838
-1809
-3164
-4339
-5147
-5618
-6212
-7356
-9021
-10052
-10298
-10960
-12533
-13778
-13942
-14876
-15954
-12399
-5804
-6586
-17142
-22103
-10503
5474
6153
-7627
-15936
-6848
8817
14339
8656
2473
2369
7105
13626
18929
18944
13313
8175
9674
16239
20652
18331
11792
7214
7678
10361
11185
9482
6440
2764
-798
-1820
837
3538
1110
-5754
-10339
-8432
-3408
-1651
-5142
-9980
-11703
-9639
-6308
-4490
-5469
-8207
-9932
-8603
-5013
-2136
-2171
-4131
-4936
-3095
-68
1959
2202
1543
1243
1920
3460
5126
5978
5421
4189
3980
5307
6641
6335
5109
4702
4970
4866
4288
4026
4332
4193
2818
1316
1410
2349
2008
522
-252
64
199
-541
-1027
-349
459
-49
-1371
-1568
-72
1532
1615
462
-277
239
1353
2009
1896
1314
773
564
715
1085
1191
434
-775
-1352
-1113
-1050
-1939
-3196
-4016
-4352
-4990
-6087
-6879
-7160
-8003
-9847
-11218
-10945
-10236
-10918
-12833
-14694
-14281
-9748
-4792
-6907
-15303
-17485
-7328
3946
3050
-6780
-11211
-3775
7229
10872
7005
3281
3973
7559
12158
15841
15613
11653
8808
10742
15247
17272
14474
9836
7967
9170
9805
8223
6243
5046
3564
1073
-632
-140
789
-706
-4082
-6190
-5881
-4639
-4202
-5139
-7042
-8783
-8956
-7129
-5063
-5220
-7503
-9065
-7809
-4921
-2971
-3136
-4474
-5003
-3594
-944
1035
1267
473
167
1275
3466
5295
5736
4924
3881
4035
5866
7774
7686
6198
5472
5907
6445
6400
6088
5855
5291
3963
2814
3099
3946
3525
1863
450
216
868
1153
450
-521
-867
-678
-513
-418
-135
92
-512
-1470
-1180
295
946
-16
-1084
-1000
10
759
497
-303
-751
-885
-900
-429
87
-688
-2721
-3925
-3105
-1591
-1982
-4857
-7538
-7466
-5667
-5357
-7480
-10000
-10852
-10239
-9978
-11282
-12090
-9394
-5975
-8368
-15136
-15406
-5738
2578
-542
-9401
-11063
-2621
6566
8103
4147
1550
2760
6278
11173
15171
14222
9066
6305
9801
15390
16700
12619
7724
6461
8349
9743
8939
7078
5072
2719
542
633
2951
3531
-232
-4992
-5888
-3230
-1292
-2533
-5420
-7554
-8272
-7733
-5995
-4735
-6128
-8916
-9751
-7781
-5192
-4185
-5110
-6308
-5952
-4314
-2714
-1429
-508
-210
-213
134
1370
3244
4736
5139
4684
4391
5330
7268
8332
7380
6018
6330
7751
8037
6627
5545
5957
6374
5471
4154
3675
3779
3517
2655
1760
1324
1231
994
619
284
-124
-537
-745
-662
-454
-447
-955
-1605
-1613
-898
-277
-500
-1141
-1299
-846
-397
-247
-293
-544
-894
-922
-356
95
-501
-1804
-2457
-1995
-1342
-1772
-3522
-5052
-5119
-4697
-5361
-6756
-7677
-8188
-8909
-9633
-10211
-10781
-10130
-7674
-6677
-10147
-13775
-10711
-2926
399
-3995
-8913
-6750
844
6013
5076
1901
1449
3984
7399
10436
11640
9860
6951
6733
10011
13252
12897
9356
6268
6280
8097
8687
7321
5379
3670
2065
1256
2072
3127
1881
-1552
-4075
-3656
-1829
-1404
-3081
-5389
-6823
-6998
-6033
-4689
-4703
-6797
-8966
-8591
-6028
-4128
-4573
-6086
-6448
-5146
-3269
-1653
-664
-679
-1286
-1088
948
3661
4624
3581
2928
4016
5534
6240
6506
6429
5582
4705
5057
6519
7387
6343
3985
2518
3439
5442
5812
3668
1049
588
2288
3542
2706
803
-332
-131
667
1132
765
-209
-986
-809
59
404
-286
-970
-593
132
1
-610
-456
461
1003
583
-220
-306
501
1079
582
-324
-668
-466
-217
-256
-862
-1999
-2845
-2849
-2642
-3166
-4421
-5746
-6629
-6823
-6564
-6638
-7600
-8979
-9961
-9983
-8411
-5677
-4810
-8017
-11610
-9565
-2638
1497
-1448
-6593
-6525
-688
4795
5374
2780
1201
2211
5036
8366
10157
8761
5835
5126
7599
10275
10270
8010
5984
5566
5974
6113
5893
5343
3987
1970
712
1258
2451
2008
-333
-2490
-3014
-2551
-2189
-2318
-3280
-5142
-6680
-6285
-4378
-3375
-4662
-6677
-6950
-5310
-3639
-3101
-3274
-3573
-3726
-3148
-1459
306
647
-192
-473
651
2227
2933
2667
2443
2755
3113
3410
4105
4726
4281
3208
2972
3750
4379
4315
3879
3268
2510
2147
2837
4037
3920
1882
99
700
2493
2940
1880
766
187
220
1010
1878
1730
533
-616
-556
695
1741
1337
-183
-1211
-614
759
1238
646
-81
-567
-736
-138
1049
1514
421
-1226
-1552
-126
1211
573
-1378
-2456
-2015
-1306
-1468
-2460
-3499
-4046
-4348
-4815
-5296
-5574
-5874
-6452
-7245
-8041
-8263
-7059
-5156
-5312
-8276
-10135
-7328
-2481
-1077
-3907
-6414
-4816
-393
2623
2325
864
838
2342
4403
6331
6996
5929
4844
5494
7202
8127
7551
6273
5555
5681
5776
5334
4840
4477
3659
2401
1706
1904
1972
1133
-120
-1064
-1512
-1390
-914
-994
-2215
-3731
-4090
-3046
-1999
-2387
-3853
-4721
-4257
-3341
-2815
-2680
-2970
-3724
-4056
-2925
-1008
-263
-1299
-2450
-1933
-89
1264
1269
813
774
1000
1375
2236
3213
3265
2342
1698
2260
3426
3902
3303
2427
2137
2510
3032
3214
2947
2445
1990
1770
1891
2225
2315
1834
1154
957
1225
1299
1104
1155
1235
623
-256
-77
1150
1673
638
-467
-234
637
980
815
469
-12
-185
372
1116
1161
484
-128
51
874
1269
649
-82
83
631
460
-305
-657
-400
-368
-1050
-1890
-2278
-2433
-2818
-3358
-3851
-4442
-5130
-5455
-5295
-5432
-6451
-7566
-7646
-6891
-6214
-5806
-5778
-6683
-7821
-7074
-4049
-1582
-2247
-4700
-5077
-1847
2129
3200
1404
-52
1049
3899
6180
6435
5178
4248
4907
6535
7526
7186
6248
5643
5597
5855
6042
5829
5277
4685
4049
3329
2908
3034
3166
2483
894
-555
-647
328
599
-811
-2829
-3816
-3349
-2344
-2164
-3396
-5140
-5807
-4862
-3464
-3171
-4181
-5204
-5070
-3919
-2701
-2090
-2150
-2491
-2437
-1518
-119
779
765
507
747
1373
1900
2282
2672
2838
2514
2130
2356
2963
3085
2600
2204
2165
2077
1810
1761
2055
2134
1450
454
318
1303
2144
1645
314
-324
340
1440
1825
1248
359
40
705
1791
2098
1210
213
355
1341
1803
1312
709
609
761
829
702
424
271
327
211
-126
-221
-80
-74
-161
-283
-617
-912
-770
-483
-597
-1144
-1707
-1757
-1313
-1120
-1621
-2334
-2642
-2461
-2044
-1799
-2055
-2637
-2981
-2754
-2202
-1917
-2254
-2901
-3192
-2858
-2304
-2160
-2681
-3388
-3451
-2717
-2076
-2316
-3028
-3311
-2995
-2474
-1918
-1407
-1325
-1873
-2340
-1646
89
1321
1005
-15
-131
1140
2858
3776
3501
2733
2480
3227
4626
5595
5160
3790
3158
3992
5117
5108
4027
3049
2959
3318
3190
2525
2109
2114
1806
959
393
585
810
270
-732
-1353
-1361
-1187
-1247
-1681
-2374
-2985
-3168
-2886
-2534
-2665
-3379
-3960
-3704
-2987
-2727
-2979
-3083
-2884
-2678
-2389
-1776
-1151
-1010
-1155
-878
-16
765
965
948
1204
1575
1757
1973
2450
2774
2483
1984
2055
2620
2856
2455
1981
1906
2078
2160
2059
1820
1524
1359
1480
1677
1546
1155
972
1076
1091
879
648
548
533
532
417
108
-251
-412
-326
-262
-491
-918
-1148
-980
-767
-991
-1503
-1648
-1358
-1324
-1718
-1901
-1653
-1492
-1676
-1888
-1904
-1748
-1516
-1401
-1487
-1567
-1414
-1056
-721
-657
-869
-980
-656
-141
38
-171
-321
-159
116
250
241
216
244
319
374
376
359
345
346
452
633
618
316
97
288
644
665
293
-8
154
556
652
337
72
145
301
227
55
61
163
64
-239
-418
-284
-41
-47
-340
-622
-671
-527
-261
42
56
-402
-825
-551
231
654
296
-309
-354
288
927
983
669
539
758
1087
1309
1351
1300
1294
1390
1494
1499
1445
1465
1542
1468
1199
1040
1190
1387
1302
1008
790
729
726
718
675
504
210
-17
-49
-22
-69
-152
-290
-566
-809
-696
-338
-268
-674
-1058
-938
-553
-464
-733
-990
-1040
-958
-827
-776
-971
-1319
-1493
-1379
-1266
-1471
-1892
-2130
-2057
-2015
-2278
-2704
-3019
-3164
-3176
-3104
-3153
-3556
-4133
-4150
-3252
-2369
-2771
-4012
-4228
-2793
-1141
-636
-1093
-1549
-1253
11
1671
2649
2456
1832
1999
3258
4649
5163
4858
4430
4369
4810
5492
5802
5464
4943
4727
4734
4737
4698
4521
4072
3537
3261
3201
2919
2270
1696
1530
1423
863
14
-549
-702
-849
-1235
-1713
-2179
-2682
-3090
-3116
-2839
-2780
-3269
-3926
-4051
-3486
-2837
-2725
-3063
-3287
-3058
-2505
-1921
-1522
-1429
-1557
-1530
-1030
-292
112
59
-8
194
484
722
1000
1277
1311
1131
1117
1410
1674
1632
1474
1448
1462
1369
1280
1265
1171
963
824
788
679
507
420
318
99
-12
123
135
-232
-545
-390
-125
-261
-576
-602
-467
-584
-810
-731
-425
-335
-587
-883
-962
-795
-516
-368
-575
-1037
-1297
-1047
-616
-590
-1024
-1396
-1376
-1172
-1076
-1080
-1079
-1119
-1248
-1337
-1216
-904
-611
-564
-772
-958
-809
-343
62
98
-168
-380
-222
270
686
650
344
267
509
759
907
1047
1050
835
774
1111
1416
1284
1023
1050
1192
1156
1027
995
1019
1000
927
793
644
579
640
724
670
436
184
143
299
377
209
-70
-229
-224
-189
-246
-368
-450
-509
-617
-704
-643
-533
-591
-759
-775
-607
-495
-563
-642
-552
-377
-313
-376
-413
-357
-244
-65
142
177
-16
-102
206
665
827
625
385
438
809
1167
1148
861
762
969
1136
1091
1056
1126
1092
892
805
958
1090
925
590
432
508
531
371
231
207
70
-230
-368
-191
-41
-260
-686
-923
-827
-626
-604
-839
-1174
-1378
-1304
-1036
-917
-1189
-1589
-1611
-1251
-1027
-1188
-1410
-1395
-1238
-1111
-1024
-982
-1008
-1011
-881
-682
-560
-524
-463
-320
-174
-110
-63
84
272
319
270
340
521
575
482
473
578
603
511
490
583
619
512
400
429
553
644
633
555
462
462
639
826
748
445
331
544
782
759
524
255
152
330
564
477
117
-102
-43
93
190
187
-69
-460
-528
-160
105
-159
-667
-829
-553
-308
-422
-679
-751
-686
-686
-675
-531
-420
-527
-668
-542
-222
-67
-177
-254
-72
172
207
163
315
562
593
466
522
797
977
912
813
880
1026
1064
1006
996
1048
1009
847
766
861
917
738
477
396
452
434
293
132
4
-94
-150
-184
-274
-421
-514
-522
-578
-735
-834
-777
-746
-872
-977
-934
-910
-999
-992
-831
-806
-1005
-1086
-873
-647
-667
-799
-798
-651
-489
-422
-436
-434
-346
-236
-179
-143
-96
-70
-79
-49
39
91
48
-11
15
110
163
140
110
150
220
256
263
286
317
334
375
439
448
394
405
548
673
617
458
421
585
766
756
559
398
446
639
744
599
305
130
212
388
371
84
-232
-300
-158
-105
-270
-493
-620
-662
-620
-539
-597
-818
-909
-736
-584
-638
-720
-714
-705
-618
-391
-301
-493
-579
-275
28
-30
-152
18
276
287
212
367
659
725
540
479
723
969
908
696
658
781
837
784
722
658
559
510
547
534
387
235
235
290
222
70
14
56
27
-118
-213
-167
-101
-160
-279
-313
-245
-183
-205
-257
-272
-236
-189
-146
-119
-137
-146
-91
1
20
-24
-41
-3
61
106
104
31
-50
-50
15
45
-22
-168
-292
-287
-190
-178
-308
-464
-545
-521
-414
-353
-495
-715
-695
-446
-325
-459
-575
-492
-341
-260
-198
-126
-117
-129
-2
255
392
286
195
375
666
721
570
538
704
822
765
688
733
802
759
632
562
587
591
491
324
181
95
44
-24
-162
-329
-454
-545
-672
-766
-739
-748
-952
-1175
-1116
-897
-853
-994
-1080
-997
-857
-762
-716
-665
-567
-511
-511
-434
-199
-37
-106
-171
-43
119
159
224
355
362
263
303
501
610
558
513
534
536
507
559
690
678
441
257
383
616
582
327
204
270
305
260
272
297
194
45
57
223
306
194
34
16
132
230
229
178
141
140
176
238
284
284
239
193
198
272
340
309
205
145
195
251
207
109
81
122
94
-23
-91
-50
-5
-75
-194
-279
-281
-226
-205
-271
-381
-427
-420
-401
-338
-280
-376
-575
-568
-298
-132
-286
-487
-442
-264
-168
-151
-139
-164
-224
-176
27
193
148
-12
-42
132
334
375
258
148
178
314
395
338
250
248
284
233
154
193
287
216
-17
-144
-45
74
-11
-222
-337
-323
-314
-358
-391
-403
-500
-638
-646
-506
-435
-554
-683
-652
-542
-502
-501
-467
-461
-517
-517
-375
-235
-258
-370
-353
-218
-133
-128
-111
-75
-87
-74
34
140
156
158
202
220
245
374
505
448
310
339
492
560
542
541
485
378
416
618
687
483
306
389
557
573
482
425
395
359
365
423
449
387
277
199
203
271
291
197
66
22
31
9
-12
17
-10
-176
-302
-216
-58
-95
-293
-381
-288
-205
-254
-305
-234
-161
-239
-354
-269
-58
-24
-205
-287
-125
35
-10
-91
-22
88
69
3
51
172
227
194
152
140
165
232
290
274
206
176
183
189
221
276
243
91
-10
62
167
131
0
-83
-106
-120
-119
-100
-132
-248
-348
-346
-276
-264
-340
-412
-408
-383
-412
-451
-417
-357
-374
-441
-456
-400
-325
-278
-283
-341
-363
-266
-131
-111
-189
-214
-144
-61
-23
-9
-23
-63
-53
35
105
69
-12
-25
35
89
90
77
83
104
106
109
172
244
217
111
107
245
334
271
189
204
231
214
237
302
269
144
112
220
304
263
179
122
98
134
210
220
117
1
-1
92
145
102
16
-42
-43
-3
38
46
17
-29
-66
-62
-5
64
66
-15
-92
-81
-4
56
59
12
-57
-81
-15
79
89
10
-45
-25
31
80
119
125
90
75
135
213
246
249
264
283
292
296
314
355
398
382
307
272
319
359
307
243
227
187
91
42
90
92
-39
-198
-250
-231
-232
-283
-359
-444
-531
-586
-569
-516
-519
-615
-718
-723
-654
-599
-593
-609
-629
-646
-631
-543
-425
-375
-438
-513
-455
-283
-163
-183
-246
-238
-167
-81
4
63
44
-16
-3
106
224
260
206
138
147
250
342
335
282
282
310
294
300
393
460
372
247
290
429
451
356
316
356
336
266
265
336
336
222
129
143
222
239
153
49
29
73
62
3
-3
35
7
-68
-59
14
-22
-136
-145
-53
-47
-147
-182
-118
-108
-178
-194
-133
-118
-187
-215
-162
-111
-121
-136
-125
-112
-111
-97
-56
-15
-3
-17
-27
2
68
125
135
120
115
139
192
257
292
264
213
214
276
326
309
250
217
220
218
194
186
208
189
86
-4
31
126
109
-37
-155
-142
-84
-78
-110
-155
-229
-308
-298
-209
-165
-233
-333
-382
-374
-330
-275
-259
-330
-423
-431
-342
-249
-227
-279
-338
-329
-245
-148
-109
-124
-155
-172
-134
-23
82
66
-29
-62
19
116
153
143
113
77
68
121
204
224
155
61
48
133
217
196
106
71
113
146
124
108
129
140
101
50
39
62
86
73
16
-50
-71
-32
9
-7
-87
-161
-163
-104
-57
-62
-96
-128
-132
-77
12
15
-88
-143
-45
73
48
-39
-35
26
35
37
87
100
15
-16
92
193
153
74
84
130
136
151
193
187
136
113
159
213
207
189
187
178
171
203
259
276
232
191
209
258
280
266
245
226
196
174
185
207
177
100
47
47
57
28
-18
-63
-116
-161
-166
-147
-175
-249
-296
-285
-272
-287
-304
-308
-319
-337
-332
-315
-315
-325
-309
-281
-278
-278
-255
-215
-196
-182
-155
-125
-111
-92
-50
-13
-9
-8
21
56
70
76
88
97
98
105
118
119
115
113
116
106
97
106
115
98
78
81
84
68
56
68
63
23
-7
9
20
-14
-61
-73
-73
-92
-111
-116
-139
-184
-198
-173
-165
-209
-241
-226
-198
-191
-190
-175
-168
-166
-127
-57
-21
-34
-32
20
87
124
139
150
162
174
207
249
265
230
196
215
251
259
227
203
196
188
178
185
194
164
119
116
144
144
109
91
94
73
38
40
51
20
-34
-48
-36
-54
-89
-95
-91
-117
-149
-134
-110
-130
-158
-149
-126
-129
-132
-112
-95
-103
-102
-69
-41
-45
-45
-18
1
0
6
36
61
64
68
84
97
99
108
125
119
97
97
124
137
115
89
88
90
85
86
91
66
20
10
40
53
21
-16
-24
-24
-25
-22
-17
-48
-85
-81
-50
-47
-83
-106
-106
-108
-114
-109
-112
-142
-163
-146
-121
-133
-160
-163
-153
-148
-141
-128
-129
-142
-137
-107
-86
-88
-88
-71
-50
-34
-17
2
11
16
36
61
73
76
81
92
100
109
117
119
116
116
124
124
117
110
113
106
89
79
81
71
52
42
41
29
5
0
6
-5
-37
-49
-41
-43
-59
-62
-49
-58
-77
-68
-45
-47
-73
-70
-50
-51
-67
-59
-41
-55
-78
-73
-52
-61
-83
-79
-65
-75
-92
-81
-69
-80
-89
-79
-65
-64
-69
-54
-34
-33
-35
-18
8
19
27
42
60
74
89
112
131
139
146
161
181
192
196
201
205
207
209
213
208
197
187
181
173
155
140
128
111
88
67
57
40
16
-3
-14
-27
-46
-61
-67
-76
-90
-101
-100
-102
-107
-109
-105
-103
-108
-101
-89
-81
-79
-73
-58
-48
-46
-36
-22
-14
-8
3
17
23
23
29
40
45
44
48
53
54
48
49
50
46
41
39
36
28
16
12
6
-9
-23
-32
-40
-57
-75
-86
-99
-113
-130
-141
-152
-170
-184
-190
-196
-206
-216
-217
-213
-213
-214
-204
-191
-182
-170
-153
-129
-111
-93
-71
-45
-20
2
26
51
72
90
112
135
146
157
172
187
197
195
201
206
204
195
192
193
184
170
163
161
145
127
114
108
90
70
59
50
31
6
0
-7
-25
-44
-51
-55
-68
-86
-86
-84
-92
-101
-96
-90
-95
-93
-77
-64
-64
-59
-38
-20
-15
-5
15
31
35
45
68
81
87
95
112
118
114
117
127
127
119
117
122
117
105
102
102
96
83
77
74
64
52
45
43
35
24
18
14
5
-5
-11
-11
-20
-29
-37
-43
-51
-60
-66
-71
-79
-89
-96
-100
-107
-118
-122
-124
-127
-135
-137
-139
-144
-144
-139
-137
-138
-139
-135
-130
-127
-121
-114
-105
-95
-84
-70
-61
-51
-37
-23
-10
1
13
25
36
47
57
70
77
82
90
97
100
98
97
97
92
86
84
78
65
54
49
44
33
22
14
9
-5
-15
-18
-22
-28
-36
-34
-38
-46
-48
-50
-51
-59
-55
-51
-56
-65
-65
-58
-67
-75
-72
-68
-80
-86
-76
-70
-79
-82
-67
-67
-73
-65
-51
-44
-39
-33
-17
-7
-2
23
42
48
55
77
101
110
121
141
159
167
178
195
207
210
219
230
232
230
236
241
234
226
225
221
207
194
186
174
156
140
127
112
90
72
58
39
17
-2
-18
-38
-54
-70
-86
-105
-122
-132
-144
-159
-170
-179
-189
-197
-204
-206
-212
-218
-218
-216
-219
-217
-212
-207
-204
-196
-187
-178
-168
-159
-148
-135
-123
-111
-97
-82
-68
-50
-34
-19
-2
15
31
45
59
74
86
96
107
115
122
124
129
133
134
134
131
126
117
108
98
87
74
61
49
36
21
9
-4
-16
-28
-37
-47
-54
-61
-67
-74
-80
-82
-82
-83
-86
-86
-83
-80
-81
-78
-78
-74
-72
-66
-62
-62
-60
-54
-48
-47
-40
-32
-22
-19
-9
3
13
19
29
45
52
58
69
81
88
92
104
112
115
118
126
130
128
124
125
129
125
121
117
114
108
103
101
97
90
86
80
75
71
65
62
54
46
40
37
35
31
26
22
15
7
1
-5
-11
-16
-21
-29
-35
-38
-43
-48
-53
-57
-63
-65
-70
-72
-76
-78
-79
-82
-83
-86
-88
-89
-87
-84
-84
-81
-81
-79
-77
-75
-71
-67
-64
-61
-58
-52
-49
-45
-37
-31
-26
-25
-19
-14
-10
-3
3
8
11
14
19
25
28
29
31
34
38
39
41
42
45
45
44
41
42
39
35
32
28
25
21
17
10
6
-1
-6
-12
-18
-23
-28
-31
-36
-42
-45
-49
-48
-46
-47
-45
-46
-40
-38
-35
-31
-22
-15
-8
-3
0
8
10
15
15
18
21
21
24
20
20
14
12
6
3
0
-5
-12
-14
-17
-19
-18
-17
-24
-24
-17
-17
-7
-3
0
9
16
27
39
44
48
57
71
82
89
92
97
103
111
115
117
117
115
112
108
104
97
90
79
68
62
56
48
36
26
15
6
-1
-10
-17
-25
-35
-40
-44
-43
-44
-47
-47
-45
-40
-39
-39
-39
-35
-28
-25
-23
-21
-18
-11
-7
-2
-1
-2
-5
-6
-6
-4
-2
-4
-9
-16
-22
-29
-34
-39
-41
-49
-53
-60
-70
-74
-81
-83
-87
-90
-95
-95
-95
-95
-93
-88
-83
-82
-84
-83
-79
-71
-63
-53
-44
-36
-32
-25
-18
-11
-6
-2
4
11
20
22
27
31
36
46
53
56
54
53
54
58
66
65
61
55
52
50
48
48
46
38
34
25
18
10
3
3
0
3
-5
-15
-32
-44
-44
-40
-30
-27
-24
-22
-22
-21
-19
-15
-16
-15
-11
-4
1
3
8
11
20
28
31
30
30
30
33
36
36
33
30
31
36
42
47
51
54
58
56
56
59
63
65
61
57
56
62
70
76
81
82
77
70
65
63
62
60
58
49
42
36
31
29
27
24
16
6
-8
-19
-24
-25
-25
-31
-43
-57
-66
-70
-71
-70
-72
-76
-84
-92
-97
-101
-104
-106
-105
-107
-107
-107
-109
-104
-95
-84
-81
-86
-90
-88
-77
-60
-47
-38
-34
-34
-28
-19
-13
-10
-6
5
13
20
26
40
54
69
80
88
91
82
77
83
91
95
92
91
84
69
49
42
48
57
55
44
29
5
-20
-28
-24
-26
-41
-55
-68
-100
-141
-163
-159
-146
-138
-123
-105
-104
-106
-90
-80
-99
-113
-86
-54
-51
-54
-27
-3
-27
-61
-64
-54
-66
-65
-29
-1
-17
-27
3
24
5
6
50
91
106
83
50
31
55
123
163
115
42
31
73
114
131
146
152
151
168
203
212
184
167
182
194
185
174
170
142
101
86
110
121
82
38
35
55
48
19
9
3
-37
-80
-70
-29
-29
-67
-69
-34
-51
-123
-151
-103
-55
-47
-32
2
-5
-63
-88
-63
-50
-70
-68
-22
-3
-34
-46
-26
-25
-47
-31
35
71
36
-28
-56
-32
-3
-11
-58
-104
-120
-95
-64
-54
-58
-74
-93
-84
-28
42
64
38
-2
-41
-74
-78
-49
-29
-48
-74
-73
-57
-63
-80
-74
-55
-37
-11
5
-35
-115
-154
-125
-91
-99
-107
-67
-20
-30
-59
-46
1
27
28
50
100
155
199
235
238
180
94
65
110
144
96
47
88
142
81
-61
-109
-45
1
-28
-27
50
96
66
46
57
14
-73
-89
-25
6
-38
-81
-105
-137
-159
-127
-83
-100
-146
-143
-75
11
82
106
59
-11
-23
1
-9
-33
-11
42
63
59
66
77
60
-2
-85
-136
-98
-2
51
41
48
108
139
92
-10
-145
-215
5
586
1116
1088
568
103
0
89
143
147
109
11
-76
-102
-193
-435
-586
-312
282
693
613
207
-165
-342
-315
-98
168
213
-112
-606
-959
-1101
-1113
-971
-654
-355
-254
-233
-174
-216
-405
-399
72
708
1006
859
494
118
-81
35
332
514
576
736
883
664
154
-122
114
588
915
923
564
-39
-540
-666
-534
-383
-267
-206
-383
-846
-1238
-1194
-820
-491
-322
-212
-165
-266
-448
-538
-468
-252
99
461
586
358
18
-118
11
261
526
755
849
744
479
126
-158
-161
185
549
530
167
-144
-203
-169
-121
39
292
375
199
-31
-142
-199
-238
-169
-29
-61
-354
-663
-764
-688
-652
-706
-744
-731
-673
-596
-558
-555
-456
-160
194
342
270
254
463
761
973
1102
1182
1152
1023
962
1062
1181
1126
891
640
500
446
372
209
21
-91
-126
-199
-392
-647
-832
-876
-827
-798
-841
-885
-840
-751
-720
-721
-601
-332
-73
50
96
174
276
394
576
780
834
683
510
471
479
392
264
217
208
126
-25
-171
-278
-324
-277
-170
-114
-173
-303
-423
-463
-394
-253
-116
-35
-38
-132
-234
-228
-86
76
151
134
66
-17
-70
-66
-37
-51
-125
-199
-200
-107
18
78
23
-77
-127
-87
4
87
93
-28
-214
-332
-294
-154
-30
10
-26
-104
-184
-228
-191
-88
16
63
66
73
109
180
277
326
276
218
272
385
383
262
206
216
105
-142
-283
-202
-71
-25
-10
2
-48
-91
22
208
229
50
-89
-25
178
365
426
329
150
38
18
5
-13
15
67
41
-83
-236
-374
-460
-432
-287
-164
-184
-291
-343
-275
-148
-38
11
-4
-56
-118
-155
-126
4
178
312
383
404
360
259
210
301
428
423
285
138
33
-50
-73
16
137
156
42
-120
-244
-290
-244
-156
-100
-86
-67
-37
-28
-34
-15
40
98
175
285
391
434
395
294
140
-8
-67
-10
48
-3
-125
-204
-213
-203
-203
-204
-176
-125
-69
-43
-66
-109
-135
-133
-136
-172
-230
-258
-216
-130
-65
-44
-16
47
110
138
152
160
136
84
34
-24
-104
-152
-91
21
42
-60
-167
-218
-250
-256
-139
81
204
74
-208
-406
-391
-186
100
318
312
82
-194
-305
-180
84
324
393
242
-18
-222
-276
-161
69
303
336
116
-174
-289
-200
-47
84
167
135
-80
-348
-414
-194
115
284
244
94
-50
-115
-69
92
307
398
269
50
-54
45
179
196
139
115
109
48
-27
-18
72
130
116
82
54
6
-49
-48
30
105
116
70
28
23
46
73
97
153
237
287
236
120
67
130
242
294
240
107
-37
-118
-91
-2
44
-20
-163
-316
-435
-501
-507
-448
-369
-335
-395
-510
-588
-542
-379
-182
-45
-30
-100
-140
-59
136
332
443
465
446
418
396
405
455
522
550
501
382
227
91
23
10
4
-19
-50
-103
-194
-296
-332
-289
-227
-216
-263
-337
-413
-434
-354
-191
-44
-9
-71
-149
-178
-134
-31
88
145
110
26
-33
-43
-28
-5
17
17
-32
-100
-125
-89
-32
7
24
11
-51
-131
-153
-75
38
95
85
64
41
10
3
72
210
297
264
143
21
-45
-23
77
179
199
115
22
-5
15
27
22
15
-5
-47
-89
-99
-89
-80
-63
-56
-102
-191
-237
-164
-29
52
44
-12
-70
-95
-52
55
152
164
109
75
82
98
129
215
307
301
178
60
65
181
325
441
471
356
132
-43
-56
37
92
50
-45
-155
-259
-316
-276
-172
-99
-100
-144
-197
-237
-234
-149
-10
74
43
-56
-118
-100
-11
116
238
307
283
190
101
55
56
75
85
58
-20
-134
-240
-290
-269
-211
-179
-214
-290
-329
-289
-192
-100
-62
-86
-156
-217
-217
-144
-44
27
58
66
54
47
83
170
257
281
257
246
252
230
176
144
169
211
209
161
100
39
-2
-2
52
105
99
43
-18
-74
-147
-217
-214
-122
-24
-16
-92
-186
-259
-282
-231
-103
10
18
-72
-149
-142
-90
-17
59
107
68
-38
-113
-97
-37
-13
-12
-12
-39
-132
-220
-227
-159
-73
13
86
94
10
-76
-69
26
132
168
142
84
-3
-59
-23
83
158
146
94
55
34
39
95
192
265
268
214
149
109
116
181
267
294
224
103
33
54
130
193
192
122
25
-31
0
65
94
66
4
-63
-99
-91
-51
-15
-18
-60
-104
-135
-156
-158
-122
-70
-62
-106
-179
-227
-204
-114
-24
-19
-104
-171
-149
-91
-62
-56
-30
21
57
45
6
-34
-51
-24
52
103
46
-68
-115
-74
-8
20
2
-39
-68
-54
14
72
61
3
-24
6
31
16
-7
-4
9
3
-9
-14
-27
-36
1
69
78
-11
-100
-92
-21
15
-11
-43
-80
-149
-212
-187
-86
-8
-9
-39
-56
-86
-127
-91
40
143
136
82
53
22
-8
37
142
173
64
-56
-34
67
88
17
-18
-13
-49
-111
-85
32
102
66
20
8
-30
-87
-55
68
146
101
6
-33
-34
-51
-51
28
115
94
3
-38
6
50
41
37
77
100
65
34
51
81
66
40
65
123
136
94
61
64
65
47
46
61
60
35
22
28
1
-74
-120
-78
-5
11
-23
-59
-73
-73
-50
-19
-19
-68
-99
-56
8
22
0
-16
-33
-65
-64
16
119
132
74
57
83
75
33
33
85
109
68
29
35
19
-56
-108
-70
-13
-3
-21
-26
-49
-106
-154
-156
-103
-38
-8
-39
-130
-219
-229
-169
-102
-65
-48
-38
-54
-102
-123
-74
0
36
49
61
37
-15
-33
13
80
110
89
48
26
37
72
103
101
71
49
48
49
36
29
30
8
-48
-81
-61
-40
-62
-80
-65
-75
-134
-171
-101
2
1
-78
-123
-94
-93
-135
-127
-27
59
33
-35
-54
-50
-84
-83
37
175
185
91
13
-3
14
62
139
201
172
53
-10
39
96
68
6
2
28
17
-12
1
46
64
51
44
59
77
95
129
174
193
166
139
145
159
156
169
216
242
200
120
75
87
120
132
125
98
47
-8
-42
-56
-73
-97
-93
-62
-56
-115
-205
-255
-237
-169
-99
-94
-159
-238
-260
-200
-128
-98
-110
-133
-135
-109
-60
-17
-23
-66
-70
0
69
70
30
16
33
56
85
114
108
47
-10
20
106
134
78
12
-3
1
-4
13
46
32
-41
-93
-65
-17
-31
-81
-98
-75
-75
-92
-89
-69
-83
-126
-126
-86
-63
-85
-97
-66
-43
-67
-94
-70
-22
-7
-7
19
50
32
-7
3
66
109
99
83
88
87
53
29
55
83
63
10
-15
-4
-2
-11
-16
-11
-23
-49
-59
-33
4
21
19
8
-3
-14
-3
28
63
82
73
48
15
7
48
103
128
103
59
39
43
62
89
106
85
38
15
46
90
83
36
0
8
31
50
53
33
-14
-59
-54
4
53
45
-4
-42
-41
-25
-10
-4
-7
-17
-27
-32
-31
-34
-37
-27
-1
21
18
-16
-58
-74
-42
21
62
50
-4
-56
-75
-54
-8
35
47
14
-39
-68
-60
-43
-32
-26
-23
-29
-49
-67
-67
-58
-50
-40
-27
-20
-27
-41
-36
-19
-13
-17
-6
12
19
16
12
20
25
25
34
51
59
47
38
53
69
69
53
44
49
50
46
45
46
37
20
14
21
25
12
-9
-22
-30
-32
-31
-34
-55
-83
-101
-105
-107
-107
-105
-107
-119
-133
-132
-115
-101
-101
-97
-66
-48
-47
-56
-46
-27
-20
-9
11
38
36
14
0
11
25
24
25
32
32
6
-15
-8
10
21
27
24
23
20
5
8
26
40
45
46
50
56
56
55
63
86
105
110
107
101
96
94
99
115
127
124
106
86
74
70
71
80
84
78
57
27
6
-5
-4
4
11
7
-14
-40
-61
-67
-56
-43
-31
-30
-45
-65
-81
-82
-68
-46
-31
-29
-39
-56
-68
-66
-51
-31
-18
-14
-23
-36
-44
-37
-21
-3
11
15
9
2
-3
-1
10
25
31
30
23
15
11
12
16
22
22
20
14
6
1
-6
-10
-13
-17
-21
-30
-37
-43
-48
-49
-53
-56
-62
-65
-66
-68
-70
-71
-73
-72
-70
-68
-61
-52
-47
-41
-36
-31
-20
-10
2
14
21
28
34
37
45
51
58
65
65
61
58
52
51
47
46
47
42
35
22
15
10
8
8
9
9
4
-4
-6
-8
-5
-5
-2
-2
-5
-8
-8
-7
-2
5
5
7
4
0
1
5
10
14
14
11
9
9
14
21
27
30
30
28
25
25
27
31
33
35
33
28
26
25
27
29
31
29
27
21
14
13
14
16
20
19
18
14
11
9
10
10
11
11
9
6
2
0
-2
-1
-1
-1
0
-4
-9
-11
-14
-15
-19
-20
-23
-28
-30
-33
-36
-36
-38
-38
-38
-38
-38
-40
-42
-44
-43
-39
-37
-34
-34
-35
-34
-31
-28
-25
-23
-20
-19
-17
-17
-15
-12
-9
-7
-8
-8
-7
-4
-3
0
1
1
1
2
5
5
8
8
8
7
6
7
6
6
4
4
4
3
3
1
1
0
-2
-3
-1
-1
1
2
-1
3
1
2
1
-1
3
0
2
1
3
3
-2
-3
-4
-3
-4
-8
-7
-7
-8
-11
-10
-11
-13
-7
-11
-10
-7
-10
-4
-4
-5
-3
0
5
8
11
12
17
22
26
29
33
36
39
42
45
47
48
50
53
56
55
56
55
56
54
52
49
48
47
45
41
36
33
32
31
28
25
20
17
13
11
7
4
3
-1
-3
-6
-8
-11
-13
-17
-16
-19
-21
-22
-26
-27
-29
-28
-32
-32
-34
-35
-35
-35
-36
-37
-38
-38
-38
-38
-38
-40
-38
-40
-40
-38
-37
-37
-36
-37
-38
-37
-37
-38
-39
-41
-42
-45
-46
-47
-49
-50
-52
-52
-55
-54
-55
-55
-55
-55
-53
-50
-47
-43
-38
-32
-26
-20
-13
-3
5
13
22
31
41
48
55
65
70
77
84
89
92
95
91
91
93
92
90
86
81
74
68
62
53
48
41
34
26
19
11
6
0
-5
-10
-14
-20
-23
-26
-29
-31
-31
-34
-34
-33
-36
-31
-32
-32
-29
-27
-24
-23
-22
-19
-17
-13
-10
-7
-4
-1
1
2
4
7
9
11
11
12
13
16
19
20
19
20
21
20
20
19
18
20
19
20
21
23
22
23
23
23
23
23
22
23
23
23
22
19
16
16
15
14
10
7
4
-2
-5
-10
-15
-19
-23
-27
-34
-37
-41
-45
-47
-50
-50
-53
-54
-55
-53
-52
-50
-48
-46
-42
-39
-36
-30
-28
-23
-18
-14
-10
-5
1
4
6
10
11
15
17
19
19
19
21
21
21
21
18
19
15
12
9
6
4
0
-4
-6
-10
-12
-16
-17
-19
-20
-22
-24
-23
-24
-22
-19
-16
-13
-10
-5
-2
5
8
11
16
19
25
27
31
32
36
37
35
32
32
31
28
23
18
15
9
6
3
-4
-9
-12
-18
-22
-21
-27
-26
-27
-30
-29
-27
-22
-19
-13
-11
-5
-2
7
12
20
25
31
38
43
47
50
56
58
61
63
64
66
67
65
64
62
60
57
55
49
44
40
36
32
28
22
17
13
7
2
-4
-8
-12
-16
-20
-24
-26
-28
-31
-33
-37
-38
-40
-39
-41
-43
-43
-43
-44
-44
-44
-44
-42
-43
-42
-41
-43
-42
-43
-41
-40
-40
-40
-40
-39
-37
-37
-36
-37
-37
-36
-34
-33
-33
-32
-31
-32
-31
-31
-30
-29
-30
-27
-26
-24
-24
-23
-22
-19
-16
-14
-13
-9
-6
-3
1
4
9
13
18
20
25
30
33
37
42
45
50
52
53
55
58
58
58
57
54
56
52
52
48
45
43
38
35
28
24
19
16
11
9
3
1
-4
-5
-8
-11
-15
-16
-19
-20
-21
-21
-23
-23
-22
-21
-19
-19
-20
-17
-16
-15
-13
-12
-10
-7
-6
-4
-2
0
4
5
7
7
10
11
12
13
16
18
21
21
22
23
25
27
28
28
28
27
28
29
28
29
29
30
29
28
27
27
24
22
22
21
21
19
15
14
12
8
8
6
4
2
-2
-4
-5
-10
-13
-16
-18
-23
-26
-29
-33
-35
-40
-41
-45
-48
-50
-53
-55
-57
-60
-62
-63
-63
-63
-62
-62
-61
-60
-58
-54
-50
-45
-42
-37
-32
-28
-25
-20
-14
-10
-4
2
5
9
11
14
17
18
18
20
19
17
17
14
13
10
7
6
4
2
0
0
-3
-5
-6
-7
-7
-5
-3
0
4
7
12
13
16
18
19
27
28
33
34
37
37
37
36
36
36
32
32
31
28
25
20
19
14
10
11
5
6
4
-1
2
-1
1
2
2
3
6
9
15
18
19
23
26
28
34
37
39
43
43
44
44
47
46
46
43
42
40
38
33
30
25
20
16
9
6
-1
-6
-11
-15
-20
-25
-28
-33
-36
-39
-41
-43
-46
-47
-46
-46
-44
-41
-39
-37
-35
-31
-28
-25
-20
-15
-12
-9
-6
-1
2
7
9
12
15
16
17
16
18
17
17
17
15
14
13
10
6
5
2
1
-1
-4
-7
-10
-15
-18
-21
-22
-25
-28
-29
-31
-32
-33
-36
-38
-38
-39
-37
-38
-36
-35
-34
-34
-32
-30
-28
-24
-22
-19
-16
-15
-12
-9
-7
-4
-2
-1
1
3
5
5
5
2
2
3
2
3
1
0
0
-2
-4
-5
-7
-6
-7
-8
-4
-3
-2
-3
-1
0
1
2
5
8
11
15
16
15
17
20
22
25
27
30
33
35
36
37
37
38
41
43
45
46
49
50
49
50
49
51
51
51
49
48
48
48
46
43
41
37
34
33
30
26
22
18
13
9
6
3
1
-4
-6
-10
-15
-20
-23
-26
-28
-31
-33
-35
-38
-39
-42
-44
-46
-48
-48
-50
-49
-48
-48
-49
-50
-52
-52
-51
-49
-47
-44
-40
-38
-37
-37
-36
-35
-32
-27
-22
-19
-15
-11
-9
-7
-6
-4
-1
2
9
15
18
21
22
24
24
26
28
31
34
38
39
40
39
37
35
34
32
31
31
29
26
23
16
10
5
-2
-4
-8
-9
-11
-15
-19
-24
-28
-33
-34
-34
-32
-30
-28
-28
-26
-28
-28
-29
-27
-25
-21
-18
-16
-13
-15
-18
-20
-19
-22
-22
-21
-19
-19
-19
-19
-21
-24
-25
-23
-23
-18
-16
-13
-9
-9
-5
1
0
4
10
17
24
30
35
39
43
47
52
56
60
63
66
68
70
72
71
72
70
70
69
65
61
58
55
51
47
42
36
31
25
19
14
10
6
0
-3
-8
-13
-16
-21
-25
-27
-30
-30
-32
-32
-31
-32
-32
-32
-33
-33
-32
-29
-29
-26
-24
-23
-23
-21
-20
-21
-19
-18
-17
-15
-14
-13
-12
-13
-15
-14
-13
-13
-11
-11
-11
-10
-9
-9
-11
-14
-14
-15
-15
-14
-15
-15
-16
-18
-19
-22
-24
-24
-24
-22
-23
-22
-21
-22
-21
-20
-19
-17
-15
-10
-5
-2
2
4
7
7
9
14
17
21
25
28
29
28
27
23
22
21
21
23
20
20
17
13
8
3
0
-1
-3
-4
-4
-4
-6
-9
-8
-10
-11
-10
-8
-5
-3
0
2
4
5
8
9
11
13
17
19
21
24
24
25
25
27
26
27
28
29
29
27
27
26
24
21
19
17
16
15
15
14
12
9
8
6
3
2
0
1
0
-1
-2
-1
-1
0
-1
-1
-1
-2
-1
0
1
1
1
2
0
0
-1
-2
-1
-3
-2
-3
-4
-6
-8
-11
-13
-16
-18
-20
-21
-24
-25
-27
-29
-31
-33
-35
-37
-37
-36
-34
-34
-33
-33
-32
-29
-28
-24
-21
-17
-13
-9
-5
-1
3
7
10
14
17
20
22
25
27
30
29
29
28
26
26
24
22
20
17
13
8
3
-1
-6
-11
-15
-17
-21
-23
-27
-31
-34
-37
-39
-39
-37
-37
-36
-36
-32
-31
-28
-27
-24
-20
-15
-12
-11
-6
-2
0
2
5
9
10
11
15
15
17
19
22
21
20
23
22
24
25
23
