-32
-19
0
9
4
-3
-5
3
21
44
54
46
31
29
39
39
24
10
12
28
46
61
66
57
47
47
56
52
23
-11
-23
-13
10
35
48
42
28
26
42
53
46
34
27
18
9
9
22
25
9
-13
-20
-20
-21
-21
-12
-3
2
-1
-5
-10
-13
-11
-13
-21
-20
4
35
36
10
-4
5
13
-3
-23
-21
-4
12
23
38
48
43
29
25
36
58
81
89
73
48
34
37
44
46
45
41
25
-2
-14
2
29
35
20
-1
-16
-24
-19
6
39
53
36
10
-5
-13
-24
-26
-8
10
-5
-52
-89
-88
-66
-47
-37
-30
-28
-24
-13
4
12
11
16
27
28
16
7
3
-14
-38
-44
-22
-6
-12
-13
16
48
42
13
-3
3
13
16
19
22
18
16
24
29
21
12
13
16
10
1
6
15
5
-25
-49
-54
-45
-36
-33
-35
-35
-28
-19
-21
-32
-35
-20
-10
-27
-64
-87
-86
-74
-68
-60
-37
-6
11
10
6
9
13
6
-9
-14
-11
-14
-27
-39
-39
-42
-59
-78
-73
-46
-26
-34
-55
-52
-19
17
23
3
-11
0
27
40
29
8
-8
-13
-14
-17
-27
-35
-35
-26
-24
-36
-48
-40
-14
8
8
-4
-9
1
19
28
20
9
17
44
58
38
2
-16
-8
5
6
-4
-13
-16
-8
11
28
31
24
22
27
25
13
-2
-15
-21
-17
-2
5
-5
-20
-17
-12
-31
-58
-53
-21
-9
-33
-53
-36
-11
-15
-36
-33
-9
11
17
20
16
0
-15
-14
-3
-5
-15
-18
-12
-12
-10
3
16
13
7
14
26
24
14
16
26
31
37
48
54
44
34
46
67
72
59
48
43
38
41
62
83
77
57
52
64
70
59
50
58
72
75
62
45
32
27
25
16
3
-1
4
0
-20
-43
-44
-25
-2
18
28
28
24
26
34
39
31
16
5
-6
-22
-44
-66
-79
-75
-61
-45
-39
-40
-34
-23
-13
-4
8
17
18
11
-3
-20
-29
-20
-4
-7
-32
-50
-45
-29
-22
-20
-14
-13
-18
-12
8
19
13
8
17
19
0
-20
-12
10
23
21
21
27
26
15
2
-1
10
31
42
35
18
11
14
11
-1
-7
-2
0
-11
-27
-36
-38
-36
-36
-37
-44
-54
-57
-50
-40
-32
-26
-24
-25
-29
-31
-35
-37
-35
-36
-42
-45
-31
-14
-14
-20
-6
16
10
-24
-38
-14
10
-1
-26
-20
10
27
19
8
7
7
-4
-23
-39
-37
-19
-4
-9
-22
-21
-2
14
18
24
42
57
55
45
38
37
32
24
13
5
4
7
7
5
12
29
37
22
-5
-18
-14
-7
-8
-9
-7
-2
9
24
31
20
6
9
24
33
30
24
15
-2
-20
-23
-11
-1
-2
-7
-9
-6
-1
8
15
7
-11
-12
9
27
21
7
15
36
41
30
25
35
35
15
-6
-6
-1
-8
-19
-19
-15
-24
-43
-56
-55
-37
-1
34
36
5
-21
-21
-19
-36
-47
-25
7
6
-22
-34
-15
7
8
-6
-15
-15
-8
0
-2
-10
-15
-15
-28
-52
-60
-36
-4
5
-4
-12
-16
-27
-37
-39
-39
-40
-34
-19
-14
-29
-44
-42
-30
-24
-22
-19
-17
-20
-19
-15
-17
-32
-40
-29
-10
6
17
24
15
-3
-8
2
7
-3
-8
9
31
32
19
16
29
41
39
30
31
45
52
36
7
-9
2
19
21
10
3
12
31
48
47
29
11
17
41
50
33
17
19
27
27
27
29
21
4
-2
13
26
18
0
-10
-10
-6
5
26
42
45
44
46
47
50
61
73
66
41
21
22
40
54
56
48
35
21
15
15
15
17
20
21
20
23
30
31
22
20
27
24
3
-16
-17
-13
-23
-33
-26
-16
-21
-27
-13
6
1
-20
-24
-6
5
-2
-8
-1
12
17
12
-6
-28
-33
-12
11
13
3
10
28
31
15
-3
-8
-8
-4
5
11
10
4
4
11
6
-11
-29
-31
-15
7
27
38
39
29
7
-18
-31
-31
-31
-38
-46
-48
-51
-59
-61
-52
-42
-45
-52
-48
-42
-57
-85
-96
-79
-60
-59
-71
-79
-75
-65
-55
-48
-48
-45
-33
-16
-13
-28
-48
-58
-56
-48
-36
-24
-13
-9
-14
-25
-29
-10
21
37
23
-1
-12
-10
-6
-1
6
3
-16
-29
-14
10
11
-8
-20
-14
-8
-11
-9
7
16
6
-4
8
36
53
46
25
10
12
21
14
-15
-44
-37
4
32
18
-8
-9
10
19
11
7
11
16
26
46
62
42
-5
-37
-33
-15
-7
-3
2
0
-20
-38
-31
-3
22
27
18
9
7
9
7
-11
-35
-51
-48
-33
-24
-33
-52
-59
-44
-21
-11
-17
-20
-12
-3
1
4
11
12
7
11
24
34
32
31
42
51
46
30
14
2
-5
-4
0
-2
-11
-12
5
31
50
58
52
37
24
25
24
9
-8
-4
17
22
10
10
35
55
50
31
24
27
23
9
-10
-32
-46
-40
-16
6
14
11
12
22
34
36
32
29
31
24
2
-17
-8
16
18
-3
-15
-1
16
10
-5
-8
5
28
47
46
17
-7
2
31
40
22
8
3
-7
-18
-2
31
40
23
21
42
48
24
14
36
54
39
18
23
41
46
41
42
49
53
63
69
57
32
22
38
61
73
79
84
79
62
46
35
31
36
50
59
52
38
30
26
14
4
5
11
7
4
10
14
0
-21
-38
-49
-61
-66
-68
-75
-87
-87
-70
-53
-45
-39
-33
-35
-37
-26
-8
-11
-39
-65
-68
-60
-52
-43
-39
-50
-66
-63
-40
-18
-11
-7
-3
-5
-10
-12
-15
-27
-34
-23
-9
-9
-10
3
19
14
-1
-3
4
-4
-24
-36
-28
-14
-4
-8
-32
-60
-60
-29
-10
-32
-66
-66
-40
-26
-32
-39
-33
-22
-13
-7
-6
-13
-21
-25
-32
-44
-47
-36
-20
-14
-15
-22
-32
-33
-13
17
28
11
-12
-17
-5
5
3
-6
-4
13
30
24
3
-2
25
53
53
33
19
15
10
4
3
4
-4
-11
-5
12
15
1
-20
-33
-32
-20
-3
1
-9
-13
3
27
32
22
24
43
61
60
46
38
43
49
49
46
44
45
40
31
22
17
16
19
24
23
10
-4
6
39
65
63
47
50
69
76
58
28
11
9
15
23
29
22
3
-14
-15
-3
3
-4
-14
-16
-15
-27
-44
-45
-23
9
32
44
47
44
35
27
23
19
7
-7
-12
-10
-13
-29
-44
-51
-45
-32
-18
-12
-23
-38
-38
-10
23
29
4
-16
-12
3
5
-2
-1
4
-8
-32
-41
-25
-8
-6
-16
-18
-14
-14
-20
-23
-20
-13
-3
4
2
-10
-19
-20
-19
-28
-44
-55
-58
-56
-58
-60
-56
-46
-32
-20
-15
-23
-42
-57
-52
-32
-21
-28
-31
-15
0
-16
-52
-65
-45
-23
-23
-35
-42
-49
-57
-57
-41
-19
0
9
6
-7
-20
-14
7
19
16
14
20
17
-5
-22
-4
29
39
20
6
17
38
41
31
26
29
32
37
49
60
52
34
33
53
57
32
11
22
48
48
24
11
20
29
30
34
40
33
17
18
37
38
1
-40
-44
-15
2
-11
-26
-15
9
17
0
-18
-13
10
21
9
-12
-20
-10
4
5
-7
-24
-31
-24
-14
-12
-18
-25
-30
-26
-13
-2
-7
-25
-30
-11
14
18
4
-9
-15
-17
-22
-30
-44
-53
-53
-42
-36
-38
-33
-17
-5
-10
-22
-23
-18
-13
-9
-1
1
-9
-25
-37
-39
-36
-30
-28
-33
-42
-43
-37
-29
-23
-15
-9
-12
-22
-34
-40
-39
-27
-15
-16
-28
-30
-12
5
4
-4
4
21
26
13
0
-4
-2
0
0
-8
-21
-26
-10
17
30
22
7
4
18
31
31
24
26
40
45
29
13
13
22
24
23
30
34
20
-4
-21
-23
-19
-9
1
-2
-19
-30
-23
-18
-27
-31
-11
14
16
3
-2
5
7
4
13
31
39
33
24
21
21
23
22
11
-6
-10
3
14
12
13
34
62
68
51
36
39
58
72
71
64
68
83
87
67
38
24
27
34
36
28
11
-4
-9
-13
-30
-52
-43
-7
8
-14
-36
-17
16
16
-6
-9
18
39
32
16
14
25
32
20
-2
-15
-10
-7
-24
-50
-58
-48
-32
-16
11
42
46
24
9
18
38
47
48
47
34
15
3
2
-3
-16
-25
-20
-15
-20
-26
-19
-2
13
16
12
11
13
16
12
11
21
39
49
45
35
27
22
22
24
23
11
7
24
50
58
47
45
51
46
23
8
16
37
50
54
43
22
10
19
28
12
-13
-10
14
17
-10
-29
-22
-13
-23
-29
-11
8
5
-8
-8
2
0
-10
-12
1
14
19
15
0
-22
-40
-48
-45
-34
-8
22
35
18
-5
-2
24
48
54
54
58
54
35
11
-3
-8
-6
7
30
43
24
-9
-18
3
17
-4
-35
-40
-25
-25
-48
-65
-58
-48
-50
-59
-63
-66
-68
-62
-51
-52
-66
-73
-60
-54
-71
-97
-103
-91
-82
-81
-77
-72
-77
-80
-68
-57
-67
-81
-67
-37
-37
-65
-76
-51
-31
-50
-81
-90
-85
-80
-64
-33
-17
-37
-55
-28
19
32
11
-2
-2
-18
-48
-53
-27
-10
-19
-26
-12
5
8
7
17
23
22
24
37
38
18
0
13
44
58
51
36
29
24
25
33
41
37
26
23
24
12
-7
-6
25
52
41
9
0
24
40
22
-2
4
29
42
32
18
10
7
8
19
29
24
13
12
23
21
0
-14
1
20
16
1
6
31
44
30
12
10
18
26
32
34
27
14
9
16
21
19
25
44
59
56
49
52
56
49
40
44
50
49
49
54
52
41
32
32
26
7
2
19
30
13
-2
10
28
15
-15
-25
-19
-27
-44
-46
-35
-32
-37
-34
-24
-25
-37
-43
-45
-48
-46
-27
-5
2
-2
2
8
4
-5
-3
4
-3
-18
-25
-22
-18
-16
-11
-5
0
3
9
8
-3
-18
-23
-16
-2
12
15
0
-16
-15
-2
1
-10
-21
-23
-28
-40
-45
-35
-23
-19
-20
-23
-32
-41
-40
-33
-32
-31
-13
17
33
25
7
-4
-3
10
28
37
27
9
0
-1
-5
-8
5
20
17
-8
-30
-33
-21
-2
20
35
28
7
-7
-5
-2
-7
-12
-12
-6
1
9
11
7
7
19
32
26
-4
-30
-31
-18
-11
-13
-7
7
11
7
11
29
43
33
16
14
29
39
37
38
45
49
40
27
17
10
2
-5
-9
-12
-7
8
29
40
40
36
36
34
31
39
58
69
62
40
16
-2
-13
-19
-23
-26
-18
-1
8
-8
-30
-25
4
17
2
-11
1
17
10
-17
-33
-28
-18
-15
-14
-9
-11
-23
-39
-50
-53
-56
-62
-62
-50
-36
-33
-38
-37
-28
-17
-13
-11
-5
-2
-9
-26
-40
-41
-28
-17
-21
-36
-44
-34
-19
-20
-34
-49
-56
-49
-29
-5
6
-4
-19
-12
13
37
47
45
34
18
3
-2
-4
-7
-5
8
13
2
-11
-12
-4
5
24
58
80
65
37
37
54
50
30
28
53
68
52
31
32
46
49
40
26
11
1
2
6
4
6
28
55
64
58
62
74
62
23
-11
-11
7
14
9
6
7
7
4
5
14
31
50
51
19
-33
-70
-71
-50
-28
-22
-25
-24
-15
-7
-12
-25
-28
-12
4
6
-2
-10
-19
-33
-45
-47
-42
-34
-22
-6
6
12
16
19
13
4
4
10
13
12
23
42
46
30
21
30
38
28
10
0
-5
-13
-17
-11
-6
-15
-26
-23
-14
-14
-18
-11
0
6
3
0
-7
-15
-15
-1
4
-15
-38
-44
-38
-42
-52
-52
-40
-29
-23
-15
-3
2
1
3
5
-5
-28
-42
-39
-25
-16
-17
-20
-14
5
30
39
25
6
1
1
-14
-32
-27
-2
7
-11
-21
-3
14
2
-14
-1
32
46
34
24
24
20
9
11
29
40
32
23
22
15
1
-3
15
30
25
11
7
11
6
0
7
23
29
18
-1
-17
-18
-4
15
18
3
-11
-8
0
-5
-13
-10
-1
-3
-15
-20
-21
-32
-53
-58
-36
-3
11
8
6
14
26
29
16
-14
-49
-68
-58
-34
-17
-19
-36
-54
-64
-59
-41
-27
-29
-39
-39
-23
-6
-6
-22
-39
-44
-35
-15
5
16
16
13
13
12
-2
-23
-37
-39
-35
-37
-45
-47
-39
-33
-39
-47
-36
-1
33
38
25
19
29
37
38
40
46
45
30
14
2
-5
-10
-7
4
9
9
12
17
11
-2
-2
18
31
14
-16
-25
-8
18
36
36
22
5
-2
-2
-6
-15
-20
-18
-20
-30
-36
-29
-14
-2
-1
-9
-16
-11
7
18
10
0
6
19
14
-11
-29
-22
0
17
21
11
-1
-2
8
14
12
21
40
36
-3
-40
-30
5
21
22
41
72
76
54
54
83
99
71
33
23
39
49
38
3
-36
-62
-57
-36
-18
-9
1
7
1
-4
9
30
32
13
-2
2
16
27
27
16
-4
-15
0
27
40
25
-3
-19
-18
-9
-12
-30
-48
-52
-46
-41
-22
19
59
62
33
14
23
37
35
25
23
18
7
10
27
36
25
17
26
34
34
38
50
47
22
4
5
6
2
12
33
32
1
-15
10
39
30
-1
-13
-9
-18
-35
-34
-12
7
13
11
8
9
20
43
52
37
6
-16
-23
-22
-16
-11
-13
-20
-22
-19
-23
-32
-22
9
29
13
-21
-36
-27
-10
-2
1
3
0
-15
-36
-43
-31
-11
-5
-9
-17
-29
-53
-76
-75
-55
-45
-60
-75
-63
-38
-26
-36
-48
-52
-41
-17
8
17
7
0
6
16
17
17
20
15
-9
-38
-55
-58
-49
-27
-5
-2
-13
-15
1
12
3
-11
-11
-9
-20
-40
-55
-61
-61
-56
-48
-46
-48
-48
-39
-26
-11
4
13
2
-19
-31
-29
-26
-28
-30
-33
-47
-60
-50
-15
14
20
15
14
11
-3
-16
-21
-18
-11
-4
-1
-11
-21
-14
7
18
17
24
41
43
15
-16
-29
-28
-37
-47
-43
-33
-29
-30
-21
-6
-6
-17
-11
19
43
37
16
6
11
15
15
21
29
22
7
2
14
29
37
37
31
19
14
29
53
60
47
32
26
20
16
30
53
55
28
6
14
36
44
41
44
48
42
37
42
51
53
48
45
36
21
16
31
48
43
27
21
28
28
14
1
-2
-2
-8
-17
-23
-23
-21
-17
-8
0
2
0
1
13
27
33
26
15
4
-10
-25
-35
-29
-14
-2
-2
-14
-27
-31
-19
-1
6
3
-2
4
8
9
9
13
18
15
7
2
-6
-14
-17
-16
-12
-9
-2
11
20
24
22
18
13
10
13
19
19
10
3
7
15
23
27
20
5
-7
-6
1
-5
-17
-18
-4
7
6
5
12
18
14
3
-13
-27
-26
-5
13
-3
-47
-78
-71
-49
-40
-36
-26
-18
-23
-30
-23
-3
9
8
7
11
13
5
-4
-10
-12
-10
-7
-8
-14
-19
-17
-10
-4
-6
-10
-3
17
34
35
28
23
24
21
12
14
29
44
46
35
17
-3
-9
14
57
83
75
53
39
32
29
40
59
60
31
8
17
42
47
31
19
15
11
6
10
17
8
-8
-17
-14
-6
5
17
14
-12
-40
-42
-17
7
12
-2
-25
-50
-63
-60
-52
-45
-39
-32
-26
-23
-19
-20
-29
-39
-35
-24
-24
-32
-34
-30
-39
-58
-63
-44
-14
7
17
11
-10
-30
-31
-20
-19
-29
-35
-32
-36
-46
-51
-41
-28
-19
-12
-13
-21
-31
-32
-27
-25
-28
-31
-39
-54
-57
-33
4
28
31
21
2
-22
-41
-43
-31
-19
-11
-14
-35
-65
-81
-72
-48
-30
-18
-11
-9
-15
-18
-16
-13
-10
0
5
-2
-9
4
27
27
-1
-15
5
27
20
-2
0
22
32
20
10
14
15
5
0
10
23
21
3
-13
-18
-18
-19
-23
-28
-33
-34
-26
-14
-7
-12
-18
-17
-10
-6
-5
-7
-16
-29
-33
-15
12
35
53
73
89
82
56
36
32
32
24
19
31
46
52
48
44
43
36
28
35
61
81
71
42
24
30
46
54
49
42
41
51
71
84
77
62
59
68
68
52
37
37
34
12
-15
-27
-29
-32
-30
-12
4
2
-11
-4
21
38
38
34
35
31
21
24
45
63
60
46
40
37
24
13
19
35
38
22
10
12
15
11
16
39
64
68
55
46
45
37
19
4
1
-2
-14
-25
-25
-11
1
-4
-28
-54
-67
-66
-66
-67
-58
-41
-33
-36
-32
-16
-7
-12
-18
-10
-4
-7
-10
-10
-18
-32
-29
-5
8
-5
-21
-20
-19
-31
-41
-32
-28
-40
-47
-29
-8
-9
-17
-16
-13
-16
-15
-4
-4
-23
-33
-14
5
-5
-32
-48
-45
-32
-15
0
1
-14
-29
-34
-33
-24
-5
15
13
-4
-6
6
17
24
41
56
46
15
1
14
33
31
16
2
-5
2
13
14
4
10
39
58
40
11
8
19
17
15
34
51
32
-4
-14
3
5
-15
-31
-25
-18
-17
-12
-6
-10
-18
-15
-2
8
18
27
21
-6
-28
-23
-8
-15
-40
-55
-56
-58
-64
-60
-54
-59
-62
-41
-11
-9
-40
-68
-61
-30
-4
1
-12
-23
-18
-6
-5
-17
-18
4
21
8
-23
-38
-24
-7
-9
-33
-56
-61
-45
-20
-7
-5
-2
11
21
16
7
2
0
-14
-33
-49
-59
-66
-62
-43
-23
-18
-24
-23
-20
-26
-35
-27
-11
-14
-30
-30
-13
-7
-16
-8
30
53
32
1
2
25
32
18
13
27
39
37
19
-5
-20
-15
-2
0
-7
2
27
33
9
-10
2
20
16
7
14
20
11
2
13
30
30
18
9
-3
-25
-30
-4
29
30
6
-13
-18
-11
11
43
53
30
12
27
49
37
3
-7
13
32
35
36
43
41
29
23
29
35
28
13
5
5
13
28
44
50
48
45
47
49
52
51
37
8
-19
-21
-6
1
-8
-10
6
26
24
16
25
47
55
40
21
20
39
61
67
53
32
25
38
51
46
33
24
17
2
-20
-27
-17
-5
12
32
47
36
14
7
17
19
16
25
47
57
45
27
12
-6
-20
-15
-2
-2
-15
-18
-12
-23
-44
-46
-19
3
5
-2
-2
-4
-15
-24
-27
-31
-39
-38
-26
-24
-39
-59
-64
-49
-25
-1
3
-20
-48
-52
-35
-26
-33
-38
-36
-40
-50
-54
-44
-34
-37
-41
-38
-37
-49
-61
-57
-39
-31
-38
-45
-43
-41
-41
-38
-28
-23
-27
-29
-21
-17
-29
-43
-39
-21
-15
-24
-33
-31
-27
-24
-20
-16
-22
-25
-2
33
39
6
-26
-19
15
35
31
21
20
21
18
11
5
11
36
58
53
21
4
24
55
61
40
24
29
40
44
42
39
30
16
8
10
16
17
8
-9
-30
-51
-63
-60
-50
-44
-41
-41
-41
-35
-20
-1
9
-6
-35
-48
-34
-12
-7
-23
-43
-49
-41
-28
-17
-9
-10
-16
-23
-21
-9
1
-4
-23
-38
-28
-4
10
-1
-19
-23
-13
-7
-8
-2
16
35
39
28
11
-9
-24
-21
0
11
-10
-44
-44
3
50
51
9
-26
-23
-4
7
4
2
1
-5
-15
-12
5
22
30
29
20
0
-23
-24
7
53
78
74
47
6
-30
-31
9
45
10
-81
-135
-88
8
50
4
-64
-83
-50
-7
25
56
84
88
52
-2
-22
20
92
131
111
71
62
93
132
155
164
163
135
75
18
10
58
107
91
-2
-102
-122
-57
-3
-44
-128
-127
-18
51
-40
-206
-247
-114
30
16
-121
-215
-175
-66
2
-4
-37
-32
26
91
105
73
61
103
143
112
34
6
60
121
108
46
13
33
57
41
14
24
67
80
23
-67
-122
-116
-90
-73
-66
-68
-102
-169
-209
-160
-51
22
-9
-108
-182
-162
-54
63
98
23
-99
-160
-110
9
118
152
103
8
-60
-34
79
181
149
-41
-252
-292
-127
46
-7
-266
-461
-389
-146
18
-6
-115
-155
-77
57
132
66
-82
-150
-50
108
142
19
-139
-205
-141
3
105
46
-144
-273
-198
-10
97
51
-78
-205
-263
-201
-58
31
-12
-98
-119
-111
-141
-140
-4
193
246
97
-96
-132
24
227
297
181
11
-44
7
18
-56
-88
-16
23
-98
-276
-321
-213
-107
-104
-158
-165
-89
4
18
-51
-74
45
206
216
68
-38
20
127
134
78
89
174
220
176
111
108
161
211
221
201
170
123
63
17
10
-5
-67
-127
-90
4
-9
-146
-192
15
306
376
206
96
247
517
645
597
556
612
660
596
494
479
526
473
262
13
-137
-156
-83
26
51
-128
-424
-537
-294
75
178
-62
-333
-339
-118
53
-1
-196
-307
-223
-66
-39
-191
-360
-396
-313
-222
-197
-242
-330
-412
-452
-445
-370
-209
-64
-143
-433
-552
-197
358
536
252
29
243
617
670
396
219
403
722
741
343
-59
78
752
1319
1214
624
222
346
650
523
-215
-967
-858
-106
-635
-4055
-8604
-9717
-5350
92
-447
-8366
-16629
-16654
-7477
2817
4793
-3189
-13116
-14703
-5432
6644
10805
4468
-4619
-6868
-414
8086
10933
6708
723
-807
3183
8163
9337
6672
4061
4302
6417
7838
7520
6279
5306
5180
5578
5376
3758
1544
465
795
874
-461
-2227
-2948
-2734
-2598
-2683
-2490
-2166
-2146
-1879
-361
2032
3454
2749
1029
704
3154
7253
9974
8889
4725
1210
1671
5665
9431
9626
6230
2019
-88
874
3606
5642
5073
1976
-1494
-2738
-1033
1590
2111
-486
-4099
-5567
-3761
-525
1140
-291
-3482
-5067
-2527
2950
6934
6162
2411
797
4019
9359
11928
9940
6092
4299
5777
8154
8003
4425
121
-1662
-1127
-1623
-4908
-8367
-8533
-6270
-6052
-9917
-14406
-14681
-10243
-5246
-4050
-7556
-12903
-15420
-11966
-4500
184
-3100
-11414
-16108
-12691
-5758
-2637
-4857
-8582
-11061
-12442
-12075
-8072
-1972
314
-4634
-12259
-14532
-9053
-1185
2221
-1109
-8427
-14750
-15724
-10541
-3652
-1901
-7931
-16819
-20726
-16859
-9777
-5948
-7294
-10606
-11953
-10116
-6069
-1105
3454
6024
6086
5631
7639
12582
17631
19943
19657
18897
18948
19700
20948
22426
22806
20770
17509
16226
17959
19622
18043
14679
13739
16017
17691
16129
13864
14566
17342
18263
16375
14640
14945
15824
15837
15550
14628
10975
5662
4691
10711
15637
8841
-6789
-14665
-4727
11614
13584
-3760
-23122
-24934
-8682
8084
8709
-7322
-25582
-30106
-17120
1299
7454
-5261
-25095
-32768
-22333
-4250
3624
-4721
-19546
-26442
-19815
-6451
2014
-239
-8628
-13342
-9199
-329
5018
3442
-926
-2145
925
4343
4110
289
-3512
-3967
-1450
122
-2768
-9165
-14175
-14137
-10588
-8253
-9749
-13461
-16307
-16843
-15221
-11817
-7470
-4386
-4873
-8408
-10868
-7988
-50
7347
8158
2076
-4527
-4654
2195
9585
10849
5474
-1308
-4063
-1492
3553
6754
5405
586
-3319
-2590
1778
5064
4349
1737
1088
2929
4422
3771
2472
2747
4432
5478
4659
2788
1596
2056
3619
4792
4738
4278
4720
5857
6374
6435
8066
11778
14623
13836
11348
11764
15894
19315
18413
15131
13763
15145
16429
15279
11820
7481
4532
5599
9967
11030
2560
-10832
-15109
-3514
11684
11132
-7885
-26176
-24171
-4255
12581
9950
-8361
-24773
-25333
-10528
6690
11487
-855
-19910
-28175
-17522
1934
11414
2515
-14677
-22837
-14973
213
8850
5457
-3800
-8991
-5810
2052
7845
7961
4058
485
150
2324
3835
2435
-892
-3177
-3129
-2867
-5260
-9953
-13228
-12254
-8658
-7064
-10189
-15732
-18227
-14279
-6466
-1715
-4495
-11238
-13137
-5841
4783
8690
3150
-4138
-4102
3651
11305
11842
5702
-750
-1514
4026
10583
11444
5114
-2311
-3124
3251
9380
8565
2384
-2136
-1113
2974
5694
5267
2576
-573
-2038
-446
2642
3324
52
-3610
-3159
700
2807
565
-2515
-1603
3154
7132
7160
4977
4668
8015
12896
15693
14957
12830
12749
15587
18585
18534
15424
12153
11076
11830
12230
10191
5090
-1196
-4686
-2888
1114
398
-7877
-17640
-19821
-12930
-5179
-5273
-13175
-21137
-22138
-15771
-7318
-3206
-6489
-14181
-18776
-14726
-4657
2399
324
-7418
-11752
-7873
414
5884
5489
2102
226
1626
4928
7966
9605
9772
8796
7250
6027
5871
6570
6963
6027
3777
983
-1662
-3797
-5227
-6033
-6651
-7426
-8333
-9562
-11784
-14692
-15757
-12452
-6402
-3345
-6912
-13312
-14556
-7346
2936
7803
4147
-3257
-6514
-1474
8562
15002
11500
1098
-5445
-803
10018
14675
7617
-3670
-7856
-2500
4851
6457
1940
-3647
-5962
-4400
-1207
604
-494
-3021
-3888
-2157
-394
-1121
-3055
-2781
339
3136
2888
700
-318
1193
4130
6910
8632
8882
8037
7836
10166
14606
18133
18118
15258
12907
13584
16442
18138
16110
11224
7229
7103
9670
10322
5785
-1962
-7212
-6399
-2222
-1285
-7106
-15657
-18875
-13488
-5621
-4794
-12904
-21159
-19730
-9309
-531
-1832
-10345
-16059
-12920
-3905
3566
4619
-290
-6657
-8903
-4234
4395
9984
7980
1172
-3013
-200
6789
11417
10060
4916
1217
2160
6125
8434
6090
893
-2579
-2161
-470
-1552
-5990
-10421
-11674
-10143
-8757
-9583
-12234
-14996
-16393
-15578
-12370
-7995
-5427
-7302
-12311
-14594
-9047
1905
8824
4945
-5180
-9445
-1606
11254
16551
10152
102
-3106
2643
10618
13151
8370
516
-4221
-2623
2895
6218
3424
-2943
-6531
-4278
406
2015
-852
-4782
-5955
-3757
-387
1533
702
-2095
-4227
-3074
1352
5864
6950
4299
1227
1610
6404
12816
16641
15835
12409
10768
13658
19504
23873
23631
19658
15738
15079
17624
20279
19763
15622
10488
7071
5258
2903
-736
-3758
-4520
-4628
-7401
-13398
-18874
-19440
-14834
-9590
-9061
-14517
-21519
-23253
-16769
-6676
-1683
-6134
-15079
-18856
-12812
-1849
4729
2161
-5904
-11237
-8234
1507
10500
11752
5214
-1841
-1815
5543
13054
13862
8330
2730
2068
5471
8334
7431
3222
-1750
-5294
-6491
-5664
-4446
-5287
-9426
-14893
-17555
-15431
-11665
-11706
-16835
-21688
-19784
-11384
-4200
-5259
-12739
-17228
-11501
1463
10848
8736
-1501
-8003
-2291
11650
21041
17517
5822
-1629
1839
10801
14804
9809
1297
-2761
2
5242
7053
3323
-2994
-6864
-5747
-1985
-524
-3763
-8892
-10933
-8178
-3803
-2059
-3827
-6438
-7066
-5341
-2783
-761
441
1176
1926
3316
5908
9465
12696
14476
15426
17562
21744
25996
27371
25587
23712
24604
27455
28909
27187
23853
21330
19878
17801
13860
8611
3724
715
-51
-104
-2428
-8859
-17255
-22306
-20457
-14028
-9676
-12367
-20780
-28264
-28211
-19531
-8247
-3348
-9118
-20276
-25822
-19457
-6302
1988
-884
-9813
-14409
-9791
-291
6439
6949
3632
1055
2114
6681
12054
14571
12374
7503
4439
5586
8551
8769
4600
-1152
-4792
-5595
-5589
-6647
-8991
-11986
-14802
-16233
-15484
-13948
-14778
-19065
-23097
-21499
-13789
-6317
-6181
-13282
-19503
-16348
-3617
9500
12391
3247
-8069
-8469
5342
22255
26850
15211
-381
-3996
7170
20277
21225
9529
-2513
-3971
3917
11022
9785
1830
-5470
-6759
-2919
817
-13
-5268
-10619
-11762
-8514
-4779
-4440
-7545
-10711
-10925
-8409
-5700
-4537
-4240
-3038
-249
3279
6455
9030
11499
14487
18314
22643
26465
28888
30085
30917
31495
30894
28674
25928
24098
23359
23033
22972
23054
21452
15537
5894
-1983
-2709
1768
2432
-6951
-21150
-27692
-20893
-9316
-6903
-17558
-31011
-32768
-24608
-12041
-8128
-15510
-25928
-28272
-19271
-6816
-2024
-7817
-16352
-17855
-10389
-238
5493
5026
1946
1221
5005
11005
14762
14101
11027
8971
9129
10189
10416
8785
5168
876
-1839
-2402
-3208
-6638
-11549
-14793
-15543
-15708
-16435
-17069
-17804
-20111
-23206
-23165
-18020
-11758
-10350
-14374
-17986
-15268
-6217
3376
7005
3148
-2737
-2701
5451
14960
17040
10796
4255
5285
13281
20387
19552
10941
1558
-1078
4021
10240
10172
3344
-4022
-6363
-3890
-524
634
-1201
-5209
-9402
-11534
-11006
-9320
-8090
-7694
-8183
-9761
-11317
-10254
-5473
416
3526
3033
2057
4297
10361
17145
20774
20604
20123
23009
28736
32767
32767
32591
30092
28150
27416
27674
26989
23617
19218
17285
17577
15481
8663
1274
-1178
834
1247
-4690
-15398
-23854
-23229
-14006
-5993
-9662
-23601
-32768
-30398
-16929
-7883
-11044
-21110
-27065
-22620
-10590
-284
296
-7518
-13662
-10195
145
8519
10290
7201
2375
-1418
-494
6307
13047
11842
3738
-1304
2746
10323
12096
6032
-2445
-7680
-7943
-5258
-4170
-8336
-15738
-19723
-17272
-13380
-14151
-18359
-19953
-17142
-14297
-15102
-17682
-17503
-12840
-6645
-3857
-6271
-9409
-6506
2778
10299
9077
2546
36
4714
10985
13399
12563
11074
8865
5544
3522
4924
7322
6107
729
-4011
-3445
1454
4751
1714
-5792
-10785
-8656
-2295
1377
-970
-6510
-10247
-9426
-4864
-422
-568
-5681
-10125
-8031
-794
4566
4659
3511
6093
11848
16633
18274
18041
18530
21597
26610
29885
28122
23175
20714
23082
26330
25751
21593
17572
16275
17510
18797
16368
8746
585
-992
3951
6253
-1215
-13801
-20389
-16285
-7270
-2686
-7551
-19218
-28414
-25935
-12589
-903
-2594
-15084
-24427
-21063
-8929
615
161
-8368
-15981
-13924
-1950
10083
11416
1690
-8843
-10111
-1277
9944
14352
8536
-1775
-6155
-225
8743
10062
2375
-5793
-7393
-3866
-616
-653
-4201
-9995
-14644
-14471
-10371
-7814
-9905
-13523
-14443
-13215
-13209
-15171
-16529
-14738
-9653
-4057
-2432
-6531
-11327
-9132
373
8131
6566
-1004
-5171
-1628
6032
11848
11854
5514
-2661
-4807
2133
10908
11204
2038
-7192
-7911
-894
6317
6947
-7
-8888
-11483
-5223
2855
3582
-3227
-8843
-6714
581
6191
6794
3986
1020
139
1388
2828
2985
3022
4976
8504
11475
13018
13701
13850
14415
17882
24612
29570
27258
19277
12375
9361
7155
4160
3925
9497
18347
24792
24559
16806
5639
-533
3507
11854
12257
579
-13956
-19311
-12251
771
8966
3567
-13942
-28669
-25431
-7572
5409
2095
-8167
-11453
-7769
-5358
-5665
-4899
-4360
-7548
-10618
-7126
-580
-1361
-11026
-19246
-17379
-7301
3692
9373
6215
-3449
-9667
-4338
7057
11143
4407
-3365
-4073
-136
3387
5355
3986
-3869
-14028
-15407
-5757
1868
-3824
-16382
-21335
-15702
-8462
-6225
-8111
-11975
-16214
-16539
-9776
-1004
616
-5926
-11774
-9806
-2574
2580
1852
-2719
-5845
-3312
3513
7841
4897
-1863
-5024
-2285
2223
4150
2523
-1436
-4931
-4106
1871
8026
8694
4426
224
-1439
-1591
-488
2574
5856
6264
3717
970
-40
1281
5022
8725
7745
2110
-883
3554
9605
9487
5773
6413
11252
13801
13648
15706
18848
17850
15901
20670
26527
17079
-8579
-27269
-19020
8281
30924
32767
27536
14253
5370
7818
17904
20712
8278
-7190
-8343
4506
15836
14948
3344
-12133
-22294
-17665
-577
9832
-1130
-21364
-26342
-12905
-1191
-3357
-9658
-9363
-6612
-7628
-8695
-7124
-10147
-21015
-27734
-18778
-1843
5799
67
-8263
-10171
-5857
1250
7739
9184
4330
-854
26
5115
8377
8731
8391
6171
629
-3643
-1943
876
-3603
-13060
-16378
-10430
-5010
-8419
-16612
-20479
-17352
-11328
-7161
-7627
-12995
-19476
-20656
-13610
-2816
3389
291
-8502
-13304
-7576
3750
8516
2200
-5924
-5373
1728
5374
1894
-3909
-7602
-8036
-3790
4622
10348
6971
-860
-2440
3605
8351
7269
5605
7283
8766
7255
5607
5362
3737
1096
2353
7060
7709
2435
-684
2627
5478
3080
2367
9317
16802
15851
10508
10131
14676
19263
25227
32767
30521
9321
-16582
-21442
-1146
21717
27881
20971
13934
11671
13299
17981
20828
14309
1267
-3764
5914
17588
15444
649
-12808
-15395
-7950
2631
6336
-4070
-22137
-29820
-18989
-3844
-2486
-13175
-20250
-17679
-13244
-12590
-13302
-14614
-19467
-24571
-20697
-7372
2828
299
-9035
-12830
-7804
-364
3545
3414
1570
427
1538
4527
7297
8101
6488
2836
-816
-733
3974
7643
3789
-5410
-10627
-7530
-2201
-2417
-8167
-13556
-14373
-10945
-6423
-4758
-7987
-13510
-16032
-13429
-8702
-5779
-6037
-8824
-11810
-11006
-4912
1241
661
-5052
-7320
-3274
94
-2575
-6766
-6189
-2555
-1100
-1629
-752
1096
1742
2944
6984
10439
8566
3901
3271
7538
11300
11792
11045
9930
7340
5203
6948
10464
9900
5298
3076
5632
8200
8007
8631
12159
14795
14370
14971
19171
22408
20651
17525
17627
18484
15966
12597
12880
14528
12613
9257
10370
14569
14475
8880
4878
6595
9638
8967
5351
1322
-2958
-6567
-6259
-2116
-250
-5437
-13988
-17897
-14222
-7570
-4876
-9580
-18851
-25005
-22366
-14444
-11340
-17849
-27219
-29314
-22124
-12199
-6461
-6991
-11462
-14660
-11276
-1529
6667
5244
-4191
-11382
-8669
1494
10305
11193
4510
-3542
-5973
-1199
5102
5838
251
-5808
-6816
-2643
2743
4732
572
-8089
-14528
-12491
-4032
1327
-2514
-10708
-13437
-7587
333
2025
-4210
-12591
-15634
-11039
-3951
-1883
-6692
-12519
-12521
-6322
318
1886
-2128
-7408
-8360
-2998
4151
5817
608
-4171
-1137
7522
12741
10052
4241
2244
5286
9366
10460
7619
3252
1731
5565
11799
14374
11258
6951
6612
10141
13790
15080
13899
11095
8888
10738
17390
24062
24909
20138
15752
16203
19956
22586
21628
17730
13360
11487
13603
17512
18215
12555
3052
-3491
-1897
6003
11906
8605
-1958
-9879
-8201
-940
2044
-3406
-12384
-17918
-17521
-13168
-8912
-9157
-15227
-22186
-22732
-16183
-10347
-12178
-19485
-24458
-22849
-16858
-11119
-8900
-10613
-13136
-11844
-5940
-405
-128
-3611
-5444
-3556
-653
494
-418
-2740
-5364
-5943
-3147
292
274
-2764
-4240
-2121
493
444
-1472
-3040
-3907
-4605
-5092
-5788
-7464
-8862
-7509
-4237
-3291
-5927
-7726
-5141
-1138
-671
-3522
-5711
-5651
-4747
-3787
-3031
-4161
-7599
-9402
-5842
-120
983
-2986
-5338
-2112
2909
4866
4239
3900
4335
5112
7266
10645
11981
9384
6254
6846
9838
10415
7573
5142
5711
7432
7767
7284
8043
10084
11460
11229
10986
12862
16416
18548
17222
14521
14440
17791
21155
21250
18495
15609
14546
15648
17750
17990
13768
6732
2773
5511
10986
11537
4624
-4367
-8144
-4725
1279
3269
-1421
-9097
-13271
-11283
-6865
-5661
-9349
-15011
-18771
-18612
-15112
-11458
-11625
-16199
-20611
-19767
-14142
-9139
-8703
-11630
-13971
-12842
-8019
-2217
99
-3153
-8246
-8877
-3638
2175
3074
-788
-5262
-7012
-5225
-1246
1474
-416
-5656
-8416
-5485
-1081
-1170
-5091
-7124
-5231
-3292
-4377
-6520
-6765
-5519
-4698
-4482
-4276
-4551
-5453
-5514
-4055
-3176
-4825
-7156
-6639
-3324
-1235
-3099
-6773
-7891
-4871
-369
1766
363
-2157
-2454
355
4100
6040
5416
3739
3307
5363
8828
10822
9476
6362
5009
6815
9687
11035
10521
9196
7703
6666
7354
10032
12457
12027
9285
7574
9040
12342
14669
14809
13759
13235
14185
16093
17187
15934
12968
11020
12033
14452
14451
10356
5089
3238
5815
8969
8272
3456
-1720
-3643
-2070
304
400
-2871
-7596
-10117
-8542
-5303
-5049
-9322
-14425
-15610
-12519
-9223
-9331
-12406
-15198
-15068
-11925
-7974
-6153
-7763
-10733
-11020
-6935
-1723
-408
-3918
-7670
-6772
-1665
2543
1899
-2426
-5938
-5480
-1829
1428
1144
-2492
-5808
-5185
-1339
891
-1844
-6886
-8428
-4816
-894
-2103
-7758
-11934
-10458
-5392
-2328
-4412
-9470
-12364
-9895
-4009
-323
-2641
-8547
-11441
-7789
-1460
529
-3770
-9040
-9137
-4066
739
1071
-1867
-3761
-2043
2141
5666
6284
4360
2540
3312
6357
8721
8203
5982
4941
5924
7055
6810
6060
6241
6858
6398
5078
4895
6737
8934
9458
8530
8116
9403
11720
13678
14455
14092
13372
13429
14613
15678
15032
13068
12087
13150
14122
12291
8409
6250
7737
10133
9274
4706
211
-599
1908
4112
2828
-1838
-6591
-7752
-4878
-1865
-3440
-9786
-15580
-15563
-10659
-7087
-9268
-14989
-18298
-16091
-10779
-7111
-7555
-10649
-12667
-10769
-5540
-876
-468
-3804
-6361
-4513
360
3575
2536
-764
-2560
-1374
1259
2944
2402
14
-2487
-3133
-1628
-108
-995
-3930
-5937
-5132
-3180
-3114
-5385
-7451
-7154
-5234
-4090
-4982
-7072
-8556
-8178
-6162
-4335
-4770
-7432
-9527
-8364
-4861
-2938
-4872
-8360
-9204
-6243
-2364
-835
-1897
-3230
-2726
-167
3034
4979
4682
3143
2739
4739
7572
8438
6648
4403
3976
5134
5978
5501
4259
3029
2080
1782
2638
4177
4872
4022
3082
4090
7015
9700
10473
9927
9827
11012
12846
14119
14034
12762
11619
12110
14039
15013
13026
9469
8165
10712
13950
13369
8596
4056
3927
7488
10080
8111
2511
-2397
-3038
54
2516
237
-6217
-11615
-11394
-6890
-4128
-7071
-13159
-16411
-14190
-9650
-7665
-9654
-12826
-13577
-10847
-6702
-4310
-5148
-7535
-8109
-5311
-1290
350
-1387
-3866
-4058
-1879
270
518
-846
-2419
-3196
-2956
-2123
-1732
-2730
-4710
-5861
-4998
-3275
-3004
-4773
-6650
-6531
-4580
-2841
-2913
-4550
-6195
-6332
-4630
-2448
-1995
-4145
-6985
-7459
-4889
-2113
-2322
-5249
-7505
-6589
-3567
-1443
-1711
-3150
-3551
-1932
791
2763
2850
1791
1632
3486
5975
6618
4882
3003
3216
4899
5454
3747
1506
1018
2348
3554
3176
1769
1048
2068
4297
6070
6081
4818
4441
6571
10076
11845
10279
7441
6918
9729
13194
13987
11606
8511
7427
9013
11674
13027
11735
8685
6454
6975
9426
10877
9333
5809
3094
2781
3948
4458
2961
-230
-3508
-5053
-4284
-2718
-2895
-5764
-9322
-10539
-8659
-6044
-5546
-7542
-9822
-10019
-7753
-4739
-3254
-4291
-6614
-7624
-5783
-2416
-641
-2125
-5217
-6684
-5128
-2250
-863
-2122
-4710
-6241
-5338
-2809
-1103
-2149
-5233
-7308
-6065
-2691
-885
-2798
-6485
-7907
-5314
-1150
473
-2056
-6259
-7941
-5272
-762
945
-2282
-7524
-9484
-6088
-987
191
-4011
-9203
-9864
-5214
128
1115
-2617
-6634
-6303
-1378
3808
4652
901
-3012
-2492
2386
6902
6688
2313
-1508
-1000
2957
6186
5657
2218
-681
-424
2581
5596
6204
4452
2607
2825
5085
7489
8417
8015
7526
7674
8177
8611
9074
9762
10322
10107
9064
8022
7983
9121
10482
10685
9154
6878
5798
6978
9250
10029
7897
4265
2125
2980
5240
5762
3000
-1448
-4326
-3782
-1160
157
-2056
-6575
-9681
-8741
-4965
-2354
-3715
-7787
-10496
-9066
-4760
-1561
-2248
-5776
-8387
-7292
-3358
-227
-729
-4095
-6782
-6099
-2866
-400
-990
-3666
-5488
-4720
-2447
-1145
-2003
-3857
-4661
-3715
-2305
-2163
-3508
-4816
-4571
-3039
-2034
-2879
-4857
-5955
-5095
-3363
-2849
-4358
-6517
-7234
-5931
-4165
-3979
-5715
-7593
-7540
-5376
-3048
-2622
-4116
-5443
-4595
-1754
842
1187
-442
-1786
-932
1717
3862
3672
1628
-16
438
2435
3842
3205
1222
-63
594
2401
3469
2853
1522
1260
2709
4667
5420
4637
3764
4438
6625
8532
8466
6680
5237
5932
8401
10379
9952
7529
5543
6082
8790
11146
10901
8275
5760
5696
8008
10290
10127
7384
4272
3196
4476
6131
5829
3106
-247
-1940
-1323
108
240
-1645
-4272
-5667
-5044
-3455
-2686
-3525
-5090
-5788
-4896
-3220
-2250
-2679
-3777
-4172
-3243
-1744
-1051
-1775
-3129
-3686
-2798
-1276
-616
-1497
-3052
-3675
-2626
-837
-54
-1109
-3025
-3924
-2903
-1011
-275
-1652
-3977
-5053
-3884
-1771
-1102
-2928
-5810
-7172
-5897
-3514
-2728
-4678
-7727
-9064
-7541
-4859
-3852
-5592
-8268
-9011
-6814
-3563
-2105
-3358
-5406
-5504
-2908
376
1663
337
-1576
-1544
845
3498
4005
2124
-17
-158
1764
3613
3331
1102
-856
-616
1460
3127
2654
636
-628
428
2981
4689
4159
2435
1873
3602
6245
7322
5899
3682
3299
5527
8346
8961
6736
3994
3722
6457
9606
9995
7141
3846
3426
6309
9504
9562
6069
2115
1217
3766
6616
6246
2317
-1970
-3068
-616
2256
2105
-1406
-5229
-6029
-3470
-425
-14
-2530
-5296
-5476
-2894
-73
406
-1535
-3550
-3365
-1070
1077
1033
-972
-2731
-2356
-177
1630
1261
-899
-2656
-2199
101
2020
1628
-830
-3130
-3173
-1000
1200
1121
-1477
-4491
-5403
-3636
-1138
-604
-2956
-6447
-8247
-7074
-4397
-3065
-4644
-7952
-10170
-9490
-6769
-4669
-5115
-7517
-9396
-8758
-5932
-3169
-2476
-3781
-5127
-4600
-2110
628
1780
1066
-100
-54
1568
3572
4419
3663
2277
1650
2273
3373
3761
3013
1825
1264
1704
2528
2842
2425
1913
2062
2884
3643
3693
3248
3182
4017
5207
5614
4771
3559
3440
4894
6717
7082
5449
3339
2989
5085
7855
8642
6532
3428
2342
4441
7762
8978
6609
2543
300
1653
4863
6313
3972
-613
-3767
-3178
-92
1900
308
-3875
-7114
-6694
-3284
-296
-639
-3973
-7039
-6762
-3193
521
1095
-1777
-5113
-5472
-2254
1699
2783
90
-3686
-4817
-2120
1881
3393
1027
-2852
-4442
-2215
1600
3234
1080
-2764
-4626
-2892
464
1918
-92
-3704
-5609
-4367
-1745
-804
-2804
-6043
-7698
-6683
-4606
-3990
-5696
-8161
-9115
-7875
-5916
-5233
-6312
-7741
-7757
-6024
-3882
-2906
-3344
-3996
-3523
-1784
120
1032
857
527
953
2102
3132
3334
2850
2441
2621
3126
3275
2788
2131
2005
2530
3075
2957
2253
1806
2322
3537
4411
4229
3440
3244
4274
5799
6408
5573
4367
4423
6102
7894
7884
5902
3994
4457
7308
9932
9578
6317
3314
3820
7750
11433
11064
6593
2024
1613
5601
9780
9517
4330
-1542
-3227
31
4143
4215
-657
-6541
-8557
-5608
-1315
-360
-3916
-8660
-10167
-7237
-2898
-1289
-3623
-7186
-8192
-5520
-1673
-173
-2092
-5148
-6108
-3992
-935
57
-1890
-4725
-5595
-3703
-1052
-375
-2382
-5059
-5708
-3654
-925
-217
-2205
-4872
-5516
-3437
-615
247
-1637
-4419
-5492
-4009
-1610
-710
-2160
-4586
-5877
-5238
-3740
-3045
-3753
-5029
-5678
-5364
-4720
-4446
-4523
-4391
-3747
-2942
-2531
-2545
-2395
-1547
-179
933
1220
922
827
1441
2473
3162
3060
2443
1963
1970
2243
2317
1996
1502
1173
1113
1178
1207
1209
1290
1479
1705
1929
2236
2732
3370
3940
4273
4436
4691
5234
5973
6598
6865
6823
6785
7058
7699
8469
9007
9084
8796
8531
8725
9484
10412
10848
10405
9377
8561
8566
9207
9600
8949
7308
5560
4602
4498
4453
3622
1935
124
-1037
-1482
-1815
-2617
-3850
-4959
-5508
-5622
-5787
-6290
-6923
-7256
-7133
-6825
-6703
-6843
-6998
-6912
-6599
-6290
-6154
-6143
-6109
-5994
-5880
-5859
-5909
-5942
-5945
-5994
-6134
-6271
-6271
-6141
-6061
-6178
-6392
-6434
-6163
-5746
-5491
-5512
-5597
-5435
-4962
-4436
-4156
-4137
-4113
-3853
-3424
-3081
-2930
-2797
-2470
-2006
-1685
-1641
-1646
-1319
-588
155
426
191
-29
333
1262
2102
2198
1589
999
1104
1825
2420
2249
1420
657
565
1047
1450
1233
492
-163
-208
326
922
1084
765
364
358
931
1837
2603
2869
2677
2468
2756
3696
4902
5723
5807
5439
5323
5952
7139
8175
8485
8165
7862
8133
8928
9691
9941
9706
9412
9404
9621
9746
9577
9203
8850
8612
8382
8006
7459
6839
6257
5736
5236
4704
4112
3444
2713
1995
1409
998
624
46
-825
-1754
-2369
-2578
-2735
-3312
-4358
-5389
-5878
-5862
-5943
-6648
-7811
-8697
-8774
-8315
-8158
-8805
-9840
-10323
-9782
-8766
-8302
-8817
-9664
-9775
-8797
-7485
-6936
-7451
-8236
-8244
-7275
-6150
-5825
-6397
-7053
-6951
-6074
-5187
-5011
-5492
-5889
-5549
-4545
-3581
-3275
-3564
-3795
-3375
-2330
-1259
-770
-945
-1285
-1175
-444
489
993
803
249
-48
270
976
1466
1298
637
128
297
1009
1570
1449
850
485
812
1578
2142
2165
1897
1857
2291
2980
3500
3651
3652
3887
4461
5063
5349
5372
5516
5993
6563
6840
6789
6764
7067
7577
7894
7805
7517
7436
7721
8095
8132
7727
7227
7054
7222
7321
6989
6313
5711
5457
5407
5185
4593
3830
3277
3099
3047
2712
1986
1213
813
816
843
530
-103
-736
-1098
-1184
-1204
-1397
-1863
-2476
-2963
-3133
-3082
-3121
-3460
-3988
-4365
-4381
-4159
-4029
-4200
-4540
-4705
-4483
-4036
-3768
-3917
-4282
-4398
-4022
-3442
-3234
-3659
-4313
-4491
-3955
-3243
-3137
-3796
-4564
-4677
-4053
-3347
-3234
-3753
-4329
-4367
-3821
-3203
-3063
-3437
-3836
-3799
-3396
-3111
-3248
-3594
-3727
-3546
-3352
-3445
-3764
-3980
-3875
-3587
-3449
-3623
-3900
-3915
-3560
-3119
-2939
-3022
-3041
-2750
-2261
-1859
-1659
-1511
-1209
-715
-177
218
437
680
1196
1964
2643
2940
3009
3319
4094
5031
5646
5815
5857
6152
6779
7497
7983
8070
7881
7754
7942
8336
8545
8293
7724
7230
7049
7048
6906
6435
5731
5074
4686
4543
4398
4006
3385
2797
2481
2403
2295
1939
1396
934
740
700
514
28
-568
-946
-1016
-1048
-1375
-1993
-2551
-2728
-2574
-2453
-2666
-3147
-3540
-3545
-3215
-2902
-2918
-3228
-3492
-3411
-3034
-2700
-2685
-2925
-3111
-3024
-2734
-2494
-2456
-2555
-2613
-2513
-2262
-1964
-1752
-1702
-1755
-1725
-1479
-1089
-794
-762
-909
-996
-867
-589
-383
-423
-679
-941
-997
-841
-697
-803
-1141
-1450
-1504
-1372
-1344
-1602
-2002
-2231
-2163
-1999
-2057
-2420
-2833
-2963
-2746
-2444
-2387
-2635
-2927
-2928
-2546
-2021
-1685
-1635
-1646
-1418
-900
-315
116
398
699
1120
1591
1994
2312
2641
3059
3515
3855
3980
3987
4106
4449
4847
5007
4837
4548
4424
4534
4698
4675
4371
3898
3501
3354
3393
3348
3016
2489
2037
1819
1766
1713
1561
1275
895
558
439
542
636
494
152
-137
-197
-88
12
-17
-176
-371
-462
-390
-266
-269
-416
-532
-489
-395
-440
-623
-762
-732
-616
-592
-750
-1024
-1240
-1238
-1044
-904
-1062
-1455
-1734
-1653
-1355
-1195
-1336
-1627
-1809
-1767
-1570
-1388
-1383
-1579
-1815
-1888
-1769
-1632
-1652
-1826
-2026
-2162
-2232
-2267
-2303
-2395
-2580
-2813
-2988
-3050
-3053
-3104
-3256
-3456
-3583
-3565
-3457
-3409
-3491
-3593
-3535
-3283
-2997
-2843
-2806
-2712
-2423
-1972
-1518
-1211
-1043
-835
-409
214
804
1173
1386
1678
2166
2739
3205
3511
3760
4059
4402
4704
4911
5062
5220
5376
5434
5341
5185
5119
5163
5148
4908
4474
4060
3839
3768
3637
3272
2699
2152
1857
1801
1710
1340
760
279
88
61
-61
-366
-730
-997
-1124
-1169
-1204
-1281
-1405
-1512
-1536
-1482
-1422
-1390
-1341
-1238
-1120
-1038
-971
-863
-710
-566
-464
-385
-310
-231
-135
-20
78
132
174
248
330
357
341
380
496
579
539
441
399
426
436
393
321
204
7
-209
-323
-336
-409
-664
-1020
-1307
-1468
-1575
-1700
-1890
-2194
-2598
-2948
-3078
-3036
-3095
-3442
-3945
-4280
-4288
-4133
-4121
-4383
-4752
-4925
-4762
-4425
-4215
-4257
-4380
-4303
-3921
-3393
-2974
-2773
-2654
-2382
-1861
-1239
-745
-444
-193
176
677
1205
1675
2054
2342
2580
2868
3279
3754
4129
4292
4305
4344
4543
4877
5152
5169
4926
4652
4584
4714
4814
4681
4309
3867
3543
3428
3431
3335
2987
2482
2066
1869
1792
1683
1489
1215
864
503
275
237
244
120
-146
-427
-639
-754
-746
-646
-617
-778
-1002
-1050
-897
-751
-710
-650
-492
-365
-381
-425
-312
-33
284
528
586
383
114
227
879
1535
1489
773
199
410
1161
1692
1551
905
268
109
531
1097
1137
453
-387
-670
-360
-66
-246
-770
-1268
-1577
-1741
-1816
-1877
-2073
-2465
-2901
-3171
-3251
-3290
-3412
-3630
-3892
-4111
-4202
-4158
-4101
-4158
-4296
-4369
-4283
-4091
-3922
-3857
-3865
-3813
-3589
-3245
-2960
-2834
-2760
-2580
-2270
-1926
-1607
-1324
-1097
-911
-667
-287
142
455
655
895
1237
1572
1822
2058
2353
2650
2862
3008
3153
3307
3468
3653
3824
3874
3792
3739
3839
3982
3977
3825
3702
3674
3635
3510
3352
3223
3106
2973
2819
2612
2334
2080
1966
1919
1729
1351
1005
873
861
761
539
311
144
30
-16
13
18
-92
-233
-249
-138
-43
-34
-47
-35
-20
11
111
229
227
104
54
184
335
293
92
-45
-3
102
92
-90
-340
-495
-475
-392
-466
-774
-1121
-1258
-1179
-1115
-1265
-1593
-1904
-2020
-1937
-1836
-1924
-2203
-2448
-2481
-2382
-2339
-2381
-2412
-2433
-2519
-2601
-2517
-2294
-2169
-2248
-2344
-2280
-2129
-2028
-1932
-1768
-1646
-1687
-1756
-1612
-1304
-1115
-1137
-1164
-1051
-904
-829
-745
-571
-421
-408
-417
-283
-75
24
32
139
372
535
514
474
617
898
1099
1113
1041
1039
1172
1376
1529
1538
1431
1357
1446
1649
1773
1698
1532
1495
1649
1817
1804
1644
1548
1624
1748
1765
1681
1608
1582
1567
1562
1598
1621
1552
1438
1413
1500
1568
1536
1490
1524
1593
1619
1639
1712
1793
1809
1815
1903
2016
2014
1920
1901
2015
2096
1993
1786
1663
1665
1664
1537
1292
1029
835
724
605
368
16
-318
-521
-644
-834
-1156
-1531
-1836
-2019
-2127
-2268
-2526
-2856
-3112
-3206
-3211
-3260
-3386
-3527
-3641
-3711
-3683
-3531
-3366
-3344
-3444
-3457
-3250
-2934
-2709
-2623
-2568
-2448
-2241
-1978
-1714
-1528
-1438
-1349
-1163
-910
-718
-634
-577
-456
-284
-138
-54
-12
34
118
242
372
459
483
477
506
619
787
908
901
817
798
915
1080
1148
1093
1000
964
1004
1081
1133
1101
989
890
894
976
1018
953
833
751
748
793
827
796
682
542
481
537
632
638
506
333
265
368
542
619
534
416
445
644
860
964
992
1052
1188
1364
1549
1714
1829
1903
2011
2182
2329
2366
2361
2433
2559
2596
2502
2397
2366
2358
2294
2177
2029
1838
1619
1434
1298
1132
877
584
322
90
-158
-427
-701
-959
-1189
-1389
-1604
-1878
-2171
-2388
-2484
-2529
-2622
-2798
-3019
-3186
-3209
-3102
-3003
-3038
-3172
-3253
-3196
-3044
-2890
-2797
-2781
-2794
-2744
-2589
-2401
-2286
-2242
-2187
-2076
-1950
-1850
-1761
-1649
-1517
-1393
-1302
-1237
-1153
-1004
-806
-630
-524
-464
-386
-241
-20
222
381
415
425
554
794
994
1072
1101
1172
1264
1332
1398
1499
1587
1609
1595
1611
1657
1681
1680
1696
1729
1715
1633
1549
1534
1560
1543
1451
1337
1261
1210
1145
1076
1034
1005
938
837
772
783
825
831
808
802
820
835
855
927
1046
1114
1069
993
1030
1183
1299
1279
1201
1171
1173
1154
1161
1231
1252
1106
910
868
956
950
793
654
602
504
318
206
221
163
-95
-359
-429
-413
-525
-737
-890
-982
-1106
-1223
-1243
-1248
-1380
-1571
-1637
-1567
-1536
-1613
-1701
-1725
-1725
-1733
-1718
-1690
-1705
-1767
-1805
-1785
-1747
-1739
-1766
-1812
-1851
-1857
-1843
-1852
-1888
-1903
-1878
-1864
-1898
-1938
-1936
-1891
-1818
-1725
-1659
-1681
-1736
-1674
-1451
-1218
-1128
-1137
-1101
-957
-755
-538
-336
-198
-129
-42
153
428
672
828
929
1026
1159
1367
1637
1864
1945
1922
1951
2123
2356
2513
2528
2455
2394
2423
2536
2630
2601
2452
2311
2287
2344
2356
2258
2104
1988
1941
1926
1903
1852
1760
1632
1507
1437
1428
1425
1359
1223
1073
959
883
829
788
738
629
441
254
176
202
207
82
-131
-309
-382
-389
-403
-479
-638
-846
-997
-1018
-970
-1007
-1187
-1398
-1503
-1502
-1495
-1542
-1620
-1695
-1749
-1770
-1755
-1743
-1758
-1770
-1737
-1684
-1657
-1640
-1607
-1582
-1584
-1548
-1427
-1320
-1346
-1436
-1422
-1311
-1248
-1264
-1247
-1194
-1223
-1312
-1286
-1149
-1118
-1243
-1301
-1192
-1112
-1198
-1270
-1171
-1064
-1124
-1206
-1119
-978
-967
-998
-900
-767
-765
-789
-634
-386
-281
-296
-218
-22
132
236
414
646
782
841
979
1215
1411
1533
1674
1856
2001
2104
2225
2354
2448
2544
2688
2797
2782
2728
2785
2928
3009
2970
2879
2793
2739
2764
2857
2875
2695
2411
2251
2298
2399
2353
2110
1807
1605
1551
1550
1484
1316
1069
801
611
577
605
485
180
-88
-154
-144
-241
-407
-520
-617
-778
-904
-890
-861
-1000
-1222
-1302
-1249
-1257
-1370
-1453
-1478
-1541
-1632
-1628
-1552
-1573
-1724
-1835
-1796
-1701
-1679
-1732
-1806
-1883
-1935
-1897
-1781
-1722
-1834
-2031
-2114
-2017
-1884
-1866
-1945
-2038
-2129
-2204
-2165
-1985
-1860
-1969
-2179
-2224
-2103
-2019
-1993
-1889
-1783
-1879
-2069
-2016
-1713
-1521
-1580
-1635
-1538
-1441
-1393
-1237
-1018
-982
-1073
-947
-584
-354
-370
-359
-206
-60
134
528
840
701
468
821
1546
1770
1430
1373
1861
2231
2253
2463
2853
2686
2084
2262
3460
4199
3527
2552
2609
3309
3619
3646
3892
3891
3131
2458
2921
3900
3964
3110
2571
2760
2920
2676
2488
2521
2355
1951
1798
1939
1827
1331
980
1043
1132
942
658
464
261
53
29
119
-15
-393
-617
-512
-398
-555
-817
-935
-958
-1020
-1051
-965
-925
-1129
-1451
-1563
-1391
-1207
-1254
-1454
-1606
-1674
-1745
-1799
-1745
-1663
-1744
-1982
-2137
-2100
-2046
-2121
-2224
-2236
-2241
-2343
-2440
-2416
-2363
-2408
-2484
-2475
-2438
-2469
-2489
-2391
-2283
-2323
-2430
-2389
-2197
-2061
-2065
-2088
-2025
-1924
-1836
-1735
-1616
-1552
-1556
-1509
-1312
-1059
-955
-1037
-1101
-941
-608
-341
-282
-331
-316
-171
72
346
558
636
632
713
968
1291
1516
1595
1621
1727
1981
2307
2528
2560
2539
2647
2879
3093
3238
3346
3377
3285
3213
3358
3628
3710
3510
3277
3232
3297
3308
3231
3088
2872
2644
2539
2550
2486
2227
1896
1675
1593
1553
1450
1222
902
661
631
684
557
231
-21
-24
65
7
-200
-393
-486
-500
-461
-418
-482
-694
-889
-878
-716
-660
-840
-1090
-1171
-1078
-1012
-1120
-1329
-1467
-1467
-1442
-1545
-1771
-1937
-1899
-1767
-1816
-2149
-2532
-2652
-2436
-2105
-1971
-2252
-2869
-3362
-3199
-2413
-1766
-1974
-2841
-3472
-3287
-2552
-1927
-1805
-2157
-2662
-2870
-2520
-1860
-1477
-1644
-2020
-2097
-1772
-1362
-1187
-1288
-1439
-1371
-1050
-728
-655
-763
-796
-654
-446
-250
-56
79
87
79
246
545
733
758
840
1106
1398
1540
1587
1680
1850
2053
2282
2515
2679
2746
2780
2855
2982
3145
3310
3410
3409
3377
3393
3418
3370
3295
3297
3347
3300
3112
2892
2738
2637
2551
2470
2355
2150
1879
1656
1542
1467
1325
1103
889
758
696
610
434
212
55
17
30
-11
-134
-287
-397
-433
-424
-443
-538
-658
-711
-690
-688
-789
-958
-1084
-1097
-1043
-1046
-1184
-1406
-1576
-1614
-1574
-1585
-1721
-1931
-2092
-2135
-2109
-2133
-2256
-2405
-2485
-2492
-2483
-2489
-2500
-2519
-2550
-2561
-2531
-2490
-2457
-2379
-2235
-2122
-2142
-2229
-2200
-1996
-1740
-1579
-1550
-1595
-1626
-1548
-1343
-1115
-1000
-1005
-1020
-973
-883
-779
-665
-565
-511
-479
-407
-297
-215
-173
-97
43
180
263
341
480
635
720
770
909
1163
1400
1503
1531
1623
1812
2022
2194
2344
2465
2526
2570
2694
2896
3037
3028
2957
2974
3091
3194
3202
3134
3046
2971
2917
2875
2831
2774
2694
2562
2373
2178
2055
2013
1975
1864
1671
1444
1246
1135
1110
1084
962
752
551
440
402
359
241
60
-85
-111
-82
-164
-397
-615
-674
-632
-643
-758
-930
-1127
-1300
-1368
-1330
-1347
-1542
-1803
-1931
-1922
-1941
-2064
-2218
-2337
-2419
-2459
-2458
-2489
-2617
-2760
-2775
-2670
-2592
-2614
-2662
-2664
-2630
-2577
-2481
-2351
-2249
-2196
-2136
-2025
-1892
-1776
-1667
-1540
-1394
-1252
-1141
-1063
-986
-862
-689
-527
-422
-357
-292
-221
-149
-55
69
177
211
199
233
344
468
524
520
526
588
690
786
847
864
859
876
965
1112
1249
1301
1273
1249
1313
1466
1622
1696
1688
1675
1718
1801
1865
1905
1947
1978
1971
1948
1966
2006
1984
1897
1848
1886
1912
1835
1714
1651
1621
1544
1440
1392
1385
1313
1164
1040
994
962
886
795
736
677
573
454
386
373
349
271
167
86
41
-6
-82
-178
-264
-330
-391
-456
-523
-600
-701
-824
-931
-1000
-1053
-1138
-1264
-1392
-1484
-1552
-1641
-1757
-1855
-1895
-1912
-1973
-2090
-2196
-2234
-2219
-2200
-2201
-2220
-2253
-2289
-2280
-2196
-2075
-2000
-1994
-1990
-1912
-1775
-1660
-1603
-1550
-1434
-1277
-1158
-1100
-1050
-949
-807
-668
-555
-471
-416
-369
-278
-126
27
101
104
117
207
356
489
563
589
618
696
812
918
986
1036
1105
1191
1266
1330
1410
1509
1600
1656
1693
1744
1807
1865
1918
1970
2004
2001
1982
2000
2066
2114
2079
1987
1926
1931
1950
1914
1816
1704
1616
1561
1525
1479
1398
1280
1160
1073
1022
968
882
764
645
554
500
457
391
290
185
107
55
0
-67
-131
-187
-252
-338
-421
-481
-535
-612
-701
-771
-819
-882
-977
-1072
-1134
-1169
-1210
-1275
-1355
-1437
-1508
-1554
-1571
-1579
-1612
-1675
-1727
-1736
-1708
-1679
-1672
-1679
-1676
-1643
-1580
-1517
-1484
-1483
-1472
-1409
-1310
-1224
-1178
-1151
-1109
-1053
-995
-933
-867
-812
-781
-764
-729
-678
-636
-613
-585
-536
-484
-455
-439
-406
-348
-288
-236
-180
-109
-39
14
59
127
237
373
504
601
665
733
845
1006
1176
1302
1373
1431
1524
1664
1818
1943
2013
2051
2100
2184
2282
2341
2349
2343
2371
2426
2453
2416
2342
2288
2284
2300
2279
2184
2043
1921
1864
1854
1819
1712
1553
1399
1289
1212
1136
1032
893
740
605
500
399
265
96
-61
-177
-278
-411
-586
-767
-920
-1047
-1163
-1280
-1408
-1561
-1736
-1896
-2003
-2070
-2149
-2272
-2413
-2527
-2592
-2627
-2652
-2679
-2712
-2744
-2758
-2737
-2693
-2653
-2628
-2594
-2526
-2420
-2302
-2194
-2100
-2005
-1890
-1744
-1584
-1441
-1342
-1267
-1168
-1011
-822
-662
-572
-528
-467
-338
-167
-34
5
-5
25
133
260
329
341
355
403
465
509
533
553
576
612
669
735
781
789
788
816
895
1002
1099
1149
1145
1127
1150
1239
1358
1452
1501
1525
1544
1567
1604
1659
1723
1775
1809
1837
1854
1846
1815
1797
1829
1892
1928
1895
1811
1733
1705
1716
1723
1700
1658
1613
1564
1505
1444
1382
1315
1235
1167
1132
1106
1029
885
729
631
595
570
507
402
262
103
-55
-182
-266
-332
-425
-568
-742
-908
-1045
-1169
-1299
-1424
-1525
-1611
-1722
-1873
-2039
-2183
-2291
-2353
-2368
-2385
-2483
-2674
-2844
-2873
-2776
-2684
-2687
-2751
-2809
-2834
-2813
-2723
-2571
-2444
-2424
-2482
-2510
-2424
-2235
-2030
-1902
-1881
-1897
-1838
-1671
-1479
-1358
-1293
-1204
-1087
-1011
-994
-959
-824
-621
-456
-397
-418
-432
-356
-172
60
245
329
337
329
366
481
674
892
1048
1101
1101
1139
1266
1457
1643
1761
1789
1766
1783
1921
2151
2343
2376
2269
2173
2216
2388
2571
2669
2676
2639
2601
2599
2646
2706
2724
2689
2646
2627
2608
2572
2552
2566
2556
2445
2248
2049
1906
1842
1877
1960
1918
1614
1167
890
924
1085
1119
985
786
544
226
-66
-146
-21
72
-65
-370
-650
-816
-920
-1042
-1196
-1343
-1429
-1453
-1510
-1701
-2000
-2248
-2335
-2299
-2232
-2174
-2165
-2276
-2501
-2684
-2675
-2540
-2486
-2590
-2713
-2691
-2538
-2405
-2397
-2449
-2409
-2211
-1973
-1861
-1879
-1845
-1644
-1382
-1216
-1128
-1018
-920
-937
-984
-849
-541
-358
-480
-708
-753
-628
-558
-598
-587
-446
-316
-329
-408
-383
-220
-46
18
-4
25
179
354
365
189
40
129
404
635
712
738
849
1027
1137
1072
902
892
1294
1980
2416
2196
1570
1204
1412
1914
2344
2637
2767
2516
1863
1363
1635
2507
3103
2855
2112
1626
1709
2089
2384
2436
2278
1996
1703
1526
1552
1757
1974
1988
1736
1360
1017
740
570
652
984
1193
915
292
-243
-597
-924
-1016
-527
102
-66
-843
-791
219
-362
-4408
-8815
-7535
632
8541
7717
-1743
-10806
-11348
-4218
3312
5904
3959
513
-2672
-5202
-6376
-5258
-2135
1217
2924
2278
-171
-3183
-5387
-5884
-4697
-2627
-576
827
1104
-74
-2386
-4653
-5589
-4789
-2737
-99
2432
3673
2342
-1340
-4967
-5848
-3661
-470
1857
3173
3679
2452
-1112
-5006
-5731
-2341
2040
3775
2767
1583
1282
205
-2629
-4874
-3422
1163
4646
3958
548
-1897
-1948
-1258
-1402
-1677
-659
1332
2561
2166
922
-171
-900
-1123
-184
2077
4382
5098
4074
2629
1792
1479
1480
2155
3581
4784
4698
3559
2545
2209
2097
1899
2050
2802
3470
3261
2432
1902
1901
1717
894
25
1
866
1833
2211
1868
934
-374
-1496
-1580
-286
1582
2627
2129
551
-1099
-2075
-2035
-966
617
1705
1568
517
-522
-1127
-1551
-1767
-1164
336
1479
883
-1139
-2761
-2788
-1842
-1168
-1039
-992
-1026
-1598
-2528
-2863
-2174
-1315
-1342
-2110
-2569
-2222
-1638
-1472
-1612
-1592
-1406
-1413
-1638
-1668
-1286
-790
-549
-536
-534
-550
-727
-977
-995
-684
-287
-76
-105
-343
-768
-1211
-1337
-1018
-554
-337
-394
-538
-792
-1285
-1749
-1628
-880
-276
-486
-1171
-1418
-971
-493
-538
-815
-735
-281
104
246
359
500
433
147
79
526
1159
1460
1435
1480
1652
1568
1137
905
1340
2082
2340
1920
1396
1217
1129
755
360
590
1517
2381
2391
1504
330
-464
-501
223
1270
1881
1579
657
-171
-584
-797
-892
-554
248
760
234
-970
-1676
-1364
-742
-635
-901
-942
-825
-1143
-1858
-2097
-1353
-300
26
-538
-1317
-1777
-1904
-1753
-1246
-614
-459
-1067
-1929
-2303
-2024
-1506
-1124
-970
-1110
-1615
-2266
-2596
-2395
-1944
-1607
-1450
-1425
-1614
-2010
-2249
-1959
-1346
-1031
-1261
-1594
-1535
-1155
-862
-814
-876
-1003
-1288
-1612
-1598
-1055
-276
255
320
20
-444
-855
-959
-608
32
575
740
497
-31
-633
-957
-648
261
1200
1533
1157
517
93
32
283
835
1597
2177
2106
1373
591
449
1028
1767
2140
2174
2231
2404
2394
2011
1549
1466
1814
2211
2364
2347
2313
2179
1828
1452
1403
1717
2051
2146
2098
2054
1885
1419
849
605
817
1167
1325
1291
1170
880
329
-227
-335
93
591
656
264
-212
-511
-677
-807
-828
-633
-320
-158
-336
-785
-1275
-1575
-1573
-1295
-898
-610
-583
-804
-1141
-1468
-1700
-1733
-1483
-1043
-728
-823
-1255
-1643
-1711
-1556
-1434
-1400
-1298
-1080
-949
-1094
-1428
-1670
-1633
-1362
-1046
-857
-870
-1033
-1208
-1292
-1271
-1146
-869
-503
-322
-575
-1097
-1381
-1163
-733
-528
-549
-466
-207
-116
-399
-733
-658
-201
189
244
150
179
306
340
266
264
444
714
919
1000
1001
978
956
944
973
1121
1438
1813
1999
1855
1555
1428
1583
1816
1913
1924
2026
2222
2301
2112
1760
1518
1588
1945
2342
2464
2198
1748
1449
1433
1559
1648
1670
1649
1523
1261
999
915
989
1032
960
867
806
657
332
-14
-151
-49
112
175
97
-138
-501
-809
-827
-583
-425
-619
-998
-1178
-1063
-928
-1014
-1241
-1382
-1375
-1319
-1284
-1266
-1307
-1462
-1659
-1705
-1516
-1263
-1205
-1409
-1689
-1816
-1734
-1572
-1473
-1461
-1461
-1421
-1391
-1443
-1567
-1659
-1632
-1495
-1318
-1159
-1065
-1091
-1243
-1419
-1457
-1290
-1017
-818
-794
-904
-1013
-1007
-895
-771
-701
-630
-486
-320
-273
-357
-402
-277
-92
-41
-95
-34
211
432
454
383
427
556
585
537
649
978
1231
1135
858
791
1022
1242
1203
1056
1106
1389
1652
1678
1495
1271
1152
1206
1412
1636
1707
1594
1438
1377
1385
1358
1303
1317
1413
1472
1416
1302
1209
1110
957
836
907
1164
1355
1243
884
571
520
672
812
815
723
638
589
531
428
303
214
196
220
212
122
-15
-106
-111
-95
-163
-325
-463
-456
-324
-215
-251
-428
-661
-879
-1026
-1044
-920
-756
-723
-881
-1099
-1220
-1261
-1352
-1502
-1548
-1388
-1184
-1205
-1479
-1743
-1751
-1542
-1356
-1337
-1436
-1546
-1622
-1658
-1630
-1543
-1457
-1418
-1404
-1378
-1357
-1370
-1365
-1270
-1115
-1024
-1044
-1060
-962
-789
-655
-577
-488
-389
-368
-417
-383
-164
123
261
205
121
153
284
418
510
560
566
568
669
906
1139
1181
1037
923
982
1105
1123
1073
1137
1340
1472
1366
1145
1066
1190
1339
1364
1317
1311
1311
1208
1026
942
1051
1228
1278
1184
1083
1046
993
869
768
813
951
987
833
618
532
604
699
698
595
467
393
402
447
431
315
174
123
152
138
27
-72
-45
42
33
-96
-226
-296
-378
-495
-529
-390
-230
-292
-584
-839
-853
-730
-688
-760
-812
-794
-808
-928
-1072
-1151
-1194
-1265
-1301
-1183
-956
-850
-1022
-1350
-1552
-1480
-1239
-1040
-1001
-1092
-1219
-1310
-1331
-1277
-1165
-1031
-929
-902
-945
-1003
-997
-900
-782
-737
-770
-768
-629
-407
-267
-289
-365
-346
-231
-126
-65
42
233
383
355
220
181
316
488
573
624
740
857
830
672
587
701
904
1028
1070
1133
1200
1145
963
845
950
1193
1349
1315
1182
1058
971
919
939
1038
1132
1134
1058
983
929
844
726
660
697
769
778
729
702
704
651
504
347
291
333
386
397
365
274
90
-119
-188
-46
160
197
11
-235
-388
-440
-450
-400
-273
-172
-244
-462
-629
-623
-553
-578
-680
-712
-643
-611
-717
-883
-970
-949
-887
-830
-782
-772
-841
-953
-1012
-992
-974
-1009
-1030
-967
-882
-892
-980
-1004
-898
-785
-798
-898
-932
-856
-773
-768
-796
-780
-729
-690
-643
-531
-380
-308
-372
-469
-455
-319
-184
-143
-161
-137
-40
65
119
123
133
194
307
432
501
478
406
389
475
609
698
727
754
804
816
756
703
763
906
985
934
860
879
941
913
797
759
896
1073
1084
913
743
714
777
806
766
729
732
733
693
627
580
550
516
479
454
442
424
387
336
273
196
126
97
116
138
111
36
-41
-82
-92
-95
-108
-138
-190
-260
-311
-324
-325
-367
-452
-511
-488
-424
-420
-513
-631
-681
-658
-638
-662
-690
-674
-646
-661
-719
-759
-757
-760
-804
-844
-820
-741
-684
-697
-742
-777
-810
-857
-877
-809
-672
-564
-562
-636
-697
-697
-645
-568
-485
-415
-383
-388
-385
-341
-271
-208
-168
-135
-93
-40
13
49
49
21
20
116
295
442
454
372
330
396
495
524
514
576
726
832
788
668
643
759
886
886
794
747
804
884
893
835
777
756
760
781
824
875
880
810
702
630
633
689
737
726
637
516
443
461
516
512
422
331
317
344
307
178
51
19
54
69
35
7
15
11
-63
-181
-262
-270
-234
-201
-196
-237
-332
-436
-474
-423
-362
-385
-482
-563
-578
-570
-594
-632
-638
-621
-626
-652
-649
-615
-620
-708
-810
-816
-724
-631
-621
-672
-725
-768
-816
-846
-808
-711
-631
-633
-695
-756
-783
-783
-759
-703
-640
-605
-602
-592
-553
-518
-519
-533
-504
-429
-357
-319
-294
-262
-242
-249
-235
-139
13
118
109
45
30
92
177
237
288
354
428
482
516
551
590
619
639
670
720
777
831
883
916
902
858
857
955
1093
1140
1047
917
876
929
971
949
913
922
943
910
827
773
799
866
891
836
739
661
632
632
618
571
505
456
432
405
347
270
214
190
157
92
23
3
12
-19
-108
-173
-138
-52
-35
-130
-253
-309
-297
-287
-319
-374
-416
-429
-423
-425
-457
-520
-574
-584
-551
-524
-543
-598
-650
-680
-709
-740
-742
-689
-622
-605
-654
-723
-770
-793
-794
-748
-663
-610
-656
-773
-859
-850
-790
-754
-765
-785
-779
-752
-722
-697
-681
-670
-650
-591
-497
-415
-388
-399
-396
-359
-312
-273
-222
-153
-101
-96
-111
-94
-34
29
81
151
251
335
350
322
341
445
569
627
624
634
692
753
776
776
782
794
804
832
883
913
882
830
832
893
940
916
850
806
806
821
825
826
829
820
783
732
699
692
683
654
624
605
569
488
397
350
344
329
287
257
243
204
121
48
31
41
21
-14
-12
23
13
-88
-221
-291
-272
-226
-219
-246
-284
-340
-435
-540
-579
-528
-452
-428
-462
-520
-584
-658
-713
-711
-663
-628
-629
-640
-643
-664
-722
-784
-792
-743
-693
-681
-697
-728
-783
-861
-911
-874
-765
-668
-641
-665
-698
-736
-778
-782
-705
-577
-487
-481
-517
-533
-521
-504
-479
-418
-319
-225
-177
-164
-163
-174
-207
-220
-140
33
197
251
213
173
187
242
323
428
532
584
572
546
552
586
630
687
766
834
856
831
804
803
822
839
851
885
943
981
955
884
831
822
828
837
871
925
930
842
712
637
643
684
707
700
656
574
486
432
422
421
402
373
357
339
289
203
119
82
94
116
115
92
57
-2
-89
-172
-205
-191
-172
-171
-185
-216
-284
-377
-438
-425
-374
-353
-390
-455
-510
-545
-570
-580
-577
-578
-601
-633
-646
-649
-685
-765
-830
-821
-753
-696
-698
-745
-808
-865
-892
-871
-811
-755
-737
-754
-781
-805
-816
-803
-754
-679
-615
-593
-604
-604
-569
-529
-514
-500
-448
-371
-319
-293
-252
-188
-149
-146
-118
-21
98
168
181
186
215
255
297
346
402
449
473
478
486
514
557
589
607
629
661
682
682
691
724
746
725
699
718
759
756
699
650
648
657
642
621
620
621
596
550
526
533
542
523
478
433
406
391
378
375
381
374
336
294
292
316
311
261
213
204
201
157
92
64
86
106
83
37
14
16
14
-14
-49
-75
-96
-114
-117
-105
-110
-161
-229
-261
-253
-255
-289
-327
-343
-358
-403
-454
-468
-446
-434
-466
-523
-556
-550
-536
-549
-580
-587
-562
-539
-541
-551
-548
-548
-564
-578
-571
-553
-542
-526
-503
-497
-517
-520
-466
-383
-342
-356
-370
-341
-283
-232
-199
-167
-124
-80
-53
-44
-28
15
63
78
74
100
162
218
234
240
264
293
313
337
376
410
415
409
422
450
475
497
521
538
525
491
468
480
518
545
529
481
448
455
476
467
426
386
368
362
357
351
342
320
287
259
246
241
234
222
200
163
116
84
80
90
72
9
-67
-107
-97
-71
-65
-79
-100
-126
-153
-168
-169
-170
-186
-209
-216
-208
-206
-221
-247
-268
-279
-285
-297
-310
-311
-296
-291
-315
-342
-330
-290
-270
-287
-313
-329
-341
-358
-363
-343
-321
-316
-323
-337
-353
-356
-338
-312
-304
-315
-323
-325
-332
-350
-360
-356
-344
-328
-300
-270
-253
-246
-246
-248
-244
-213
-153
-103
-97
-123
-136
-116
-83
-52
-25
0
21
43
75
106
133
165
206
249
280
306
331
351
362
374
393
410
433
477
533
561
537
496
494
544
600
615
586
547
528
531
535
527
516
512
510
500
481
462
447
424
387
349
327
324
321
292
230
162
120
113
119
114
89
53
16
-17
-46
-73
-90
-96
-110
-147
-185
-190
-166
-160
-189
-213
-205
-191
-205
-235
-240
-225
-228
-253
-272
-260
-233
-215
-215
-230
-238
-227
-204
-188
-184
-182
-176
-182
-198
-206
-198
-190
-192
-191
-183
-178
-182
-181
-170
-168
-188
-209
-211
-196
-178
-161
-144
-143
-163
-185
-190
-176
-164
-169
-184
-190
-170
-131
-106
-107
-119
-117
-100
-79
-53
-22
-5
-11
-23
-9
30
61
74
87
108
130
145
157
182
209
223
215
205
219
254
282
282
272
281
311
332
323
301
286
278
271
270
282
299
297
275
250
235
216
187
162
162
174
164
129
100
98
94
58
12
-8
-8
-26
-64
-90
-87
-83
-103
-132
-145
-148
-160
-185
-213
-235
-244
-242
-228
-210
-203
-215
-245
-267
-256
-228
-220
-247
-272
-270
-259
-267
-275
-261
-238
-241
-258
-253
-224
-215
-241
-269
-264
-238
-220
-211
-198
-186
-194
-219
-232
-208
-168
-153
-174
-201
-203
-184
-166
-158
-149
-140
-142
-151
-145
-117
-86
-77
-81
-83
-72
-57
-42
-27
-13
-3
6
20
44
76
104
122
133
149
165
176
183
200
223
233
227
231
265
310
326
311
305
324
345
340
324
333
372
401
390
361
351
363
367
353
338
336
336
322
302
292
286
268
242
228
241
258
245
199
148
127
127
118
94
75
71
60
23
-21
-37
-30
-31
-46
-59
-68
-91
-122
-137
-125
-111
-117
-131
-138
-147
-168
-191
-195
-187
-182
-184
-184
-186
-202
-224
-231
-215
-194
-193
-208
-216
-203
-192
-204
-227
-235
-218
-199
-196
-196
-181
-164
-174
-207
-224
-203
-166
-156
-176
-194
-191
-181
-183
-186
-172
-148
-142
-164
-181
-168
-136
-112
-105
-100
-90
-80
-71
-55
-31
-16
-14
-16
-9
10
36
59
77
87
96
109
131
153
178
202
220
223
211
204
215
244
273
293
303
310
315
323
334
346
353
354
356
360
359
351
343
337
329
319
319
331
339
325
299
281
274
256
223
197
194
199
183
147
115
104
107
107
93
69
42
18
-2
-20
-39
-55
-66
-77
-97
-127
-157
-171
-165
-150
-144
-161
-192
-219
-228
-225
-224
-231
-243
-257
-272
-279
-275
-265
-258
-250
-235
-222
-229
-256
-269
-253
-228
-226
-242
-244
-222
-201
-197
-198
-191
-182
-182
-182
-173
-159
-155
-158
-150
-132
-125
-135
-144
-130
-104
-87
-80
-75
-62
-44
-30
-21
-17
-16
-10
7
26
33
27
25
37
57
70
72
79
99
122
130
122
114
121
141
160
170
179
191
198
199
206
226
248
252
246
247
260
263
248
238
251
270
269
250
241
253
261
251
234
234
244
243
226
209
199
189
166
142
129
128
124
101
67
42
35
36
22
-9
-32
-35
-32
-45
-74
-95
-101
-111
-139
-172
-192
-198
-208
-224
-241
-258
-274
-288
-295
-296
-299
-303
-299
-287
-283
-293
-307
-312
-310
-315
-321
-319
-306
-296
-293
-291
-286
-285
-286
-282
-264
-242
-238
-248
-251
-234
-210
-202
-211
-209
-185
-162
-161
-176
-176
-154
-131
-130
-133
-115
-82
-63
-65
-64
-51
-43
-52
-58
-36
0
16
7
3
17
32
34
40
66
102
122
124
126
140
155
166
181
198
204
197
194
217
254
281
288
288
292
298
297
293
300
317
334
345
349
355
362
362
352
339
330
328
329
333
340
348
347
335
321
315
309
296
280
275
281
275
246
208
187
181
177
162
138
114
95
76
55
31
8
-9
-21
-35
-55
-73
-83
-90
-103
-125
-145
-153
-160
-172
-191
-208
-221
-235
-250
-259
-259
-254
-252
-258
-271
-279
-277
-263
-251
-252
-263
-272
-275
-274
-273
-259
-239
-228
-236
-245
-239
-222
-216
-222
-218
-197
-170
-159
-159
-151
-133
-120
-123
-134
-134
-113
-87
-72
-71
-73
-66
-43
-16
-1
-6
-27
-42
-33
-2
33
53
54
55
70
93
110
116
123
135
145
145
140
140
150
170
195
217
227
224
223
235
253
267
273
288
312
329
323
294
263
247
249
259
270
281
293
302
305
298
283
267
250
228
203
184
172
161
141
116
92
73
56
41
33
31
24
5
-21
-46
-65
-73
-70
-71
-93
-139
-178
-188
-174
-169
-187
-210
-219
-222
-236
-263
-279
-272
-251
-242
-249
-262
-269
-269
-269
-278
-292
-301
-296
-277
-257
-255
-266
-277
-268
-244
-228
-235
-259
-273
-260
-233
-213
-208
-203
-183
-150
-121
-114
-127
-144
-144
-128
-110
-103
-101
-86
-54
-27
-27
-45
-54
-37
-8
7
11
17
33
48
54
53
64
91
121
140
142
139
145
158
172
179
183
182
176
167
164
172
187
200
206
205
197
182
166
164
178
194
196
189
190
201
209
204
193
185
178
166
153
146
148
152
149
139
124
104
89
91
104
112
96
67
45
41
42
35
24
18
17
11
-5
-20
-30
-41
-62
-85
-97
-91
-83
-89
-107
-128
-138
-134
-121
-116
-124
-138
-144
-138
-133
-142
-159
-165
-156
-147
-150
-159
-157
-143
-131
-133
-144
-157
-164
-157
-137
-121
-123
-140
-148
-139
-129
-134
-144
-135
-109
-95
-103
-112
-95
-63
-48
-52
-58
-51
-45
-49
-49
-36
-19
-14
-15
3
39
58
47
29
34
57
65
55
50
67
87
87
76
84
110
130
128
112
103
105
111
115
119
124
124
121
121
122
120
118
123
130
127
112
100
106
124
134
130
124
118
106
85
74
83
103
111
95
70
54
52
55
58
61
63
63
60
54
45
31
15
2
0
8
17
14
-5
-29
-41
-35
-26
-32
-50
-60
-48
-36
-44
-68
-82
-80
-82
-101
-127
-136
-131
-131
-142
-154
-155
-150
-149
-147
-135
-129
-143
-169
-178
-159
-133
-126
-131
-129
-113
-100
-102
-109
-110
-106
-101
-95
-82
-64
-52
-47
-44
-40
-38
-47
-53
-47
-26
-5
-1
-15
-33
-35
-14
20
50
69
80
90
96
92
83
78
80
79
73
68
73
83
88
92
102
118
127
128
133
147
159
154
139
134
146
160
165
166
167
161
139
115
109
122
137
145
157
167
165
144
132
146
170
170
145
123
120
116
93
71
76
100
103
75
53
63
81
72
39
13
5
-12
-48
-74
-65
-40
-40
-73
-103
-99
-73
-54
-55
-66
-79
-92
-102
-105
-104
-111
-127
-139
-141
-145
-157
-169
-162
-137
-113
-115
-138
-158
-155
-134
-122
-131
-149
-149
-125
-96
-88
-97
-99
-89
-81
-90
-102
-99
-85
-77
-73
-58
-37
-35
-62
-85
-73
-40
-32
-52
-55
-21
17
16
-10
-10
25
53
45
28
41
67
64
40
44
90
131
117
71
53
77
105
110
114
136
154
139
108
106
135
149
124
95
107
140
141
101
74
99
142
151
128
119
135
140
117
104
141
195
199
146
100
109
134
115
66
56
101
138
112
58
45
75
86
52
26
53
91
75
14
-19
5
28
6
-29
-21
9
-5
-66
-98
-55
5
3
-52
-80
-55
-33
-59
-103
-114
-99
-99
-112
-99
-61
-56
-107
-164
-164
-128
-120
-147
-155
-122
-99
-131
-177
-166
-106
-73
-106
-150
-144
-106
-97
-124
-140
-121
-103
-118
-138
-119
-75
-56
-78
-102
-98
-86
-94
-97
-64
-12
-6
-65
-126
-121
-58
-12
-15
-32
-20
6
3
-26
-37
-12
16
11
-9
0
37
61
51
43
69
111
124
108
103
128
141
106
55
47
87
112
86
48
56
100
122
99
68
73
93
94
80
80
97
96
70
62
106
155
149
88
39
46
72
69
52
66
103
100
30
-46
-54
-6
28
14
-7
5
28
14
-27
-39
-4
33
23
-16
-35
-25
-27
-59
-89
-84
-65
-73
-110
-133
-117
-94
-100
-124
-126
-104
-96
-117
-138
-123
-91
-91
-134
-174
-179
-163
-163
-178
-173
-131
-81
-55
-57
-68
-78
-92
-103
-103
-90
-75
-67
-63
-56
-53
-58
-61
-47
-28
-26
-43
-53
-40
-21
-23
-37
-34
-8
16
17
12
29
64
82
74
66
82
107
111
84
53
44
59
83
108
123
118
90
64
67
100
134
145
142
139
132
112
95
103
136
157
142
103
76
65
50
28
25
51
80
78
54
50
81
118
127
115
112
125
131
118
103
98
91
67
50
67
107
123
91
46
33
50
64
56
42
37
27
8
2
25
56
55
13
-29
-34
-9
8
2
-16
-29
-41
-53
-54
-36
-20
-29
-51
-58
-44
-39
-55
-65
-46
-21
-30
-69
-91
-71
-43
-39
-49
-40
-18
-16
-43
-61
-44
-18
-23
-52
-64
-39
-8
-7
-25
-30
-25
-36
-60
-57
-12
26
13
-26
-28
12
37
10
-32
-32
3
24
14
15
47
73
55
19
20
60
79
51
19
29
63
66
36
18
28
27
-11
-47
-23
45
86
66
27
29
58
65
40
22
37
53
35
6
10
36
36
2
-20
3
33
25
-5
-3
30
46
19
-8
13
59
72
39
8
9
18
0
-25
-15
22
23
-32
-84
-72
-17
5
-33
-76
-77
-53
-49
-67
-71
-53
-46
-71
-103
-109
-94
-92
-115
-133
-122
-102
-105
-131
-143
-126
-104
-102
-111
-113
-105
-103
-102
-90
-71
-71
-90
-98
-77
-48
-43
-63
-85
-86
-72
-59
-53
-52
-51
-46
-38
-30
-26
-25
-23
-13
7
32
49
55
56
59
62
55
44
40
51
66
72
73
76
80
82
88
103
117
113
99
98
115
127
109
79
64
59
47
30
36
66
88
77
47
33
40
50
56
61
70
78
76
66
61
68
70
46
8
-6
21
52
44
9
-11
-3
5
-4
-7
14
33
24
-10
-35
-33
-16
0
3
-8
-25
-37
-38
-36
-43
-57
-69
-66
-50
-35
-43
-67
-81
-72
-59
-73
-102
-116
-110
-104
-114
-125
-120
-103
-86
-79
-88
-110
-125
-116
-85
-64
-69
-91
-106
-99
-77
-64
-71
-83
-74
-47
-30
-33
-35
-17
-2
-17
-41
-31
13
40
23
-7
-17
-6
7
17
29
42
45
37
27
27
36
48
47
38
30
35
49
57
62
72
78
65
39
30
54
86
97
94
99
116
124
110
94
90
93
92
82
78
79
78
74
66
58
50
48
57
73
88
94
94
85
68
56
55
59
57
52
57
62
51
28
9
6
7
4
8
20
24
6
-17
-24
-11
8
12
3
-10
-12
-4
0
-15
-32
-36
-27
-30
-52
-70
-72
-67
-71
-76
-70
-57
-57
-74
-92
-97
-90
-86
-87
-82
-61
-36
-32
-52
-71
-73
-66
-70
-80
-81
-70
-62
-65
-65
-56
-40
-28
-25
-29
-33
-25
-11
0
-3
-8
-4
8
23
37
48
43
20
4
10
28
37
37
42
53
57
51
45
45
45
46
53
69
79
73
56
45
44
40
27
10
1
9
26
37
36
30
28
28
25
16
11
18
30
35
30
25
22
11
-8
-20
-9
5
-2
-24
-35
-24
-10
-6
-8
-7
-10
-22
-31
-36
-47
-58
-52
-29
-13
-13
-20
-22
-29
-49
-62
-59
-46
-35
-22
-12
-21
-47
-63
-54
-40
-39
-48
-53
-55
-58
-49
-30
-22
-37
-57
-63
-62
-67
-74
-65
-53
-55
-70
-79
-79
-78
-78
-74
-74
-81
-90
-87
-75
-64
-59
-59
-67
-80
-87
-82
-71
-63
-57
-55
-62
-72
-67
-44
-28
-30
-35
-24
-8
-5
-12
-10
5
