-10
-10
-28
-54
-64
-53
-36
-24
-16
-18
-34
-48
-44
-32
-39
-64
-73
-56
-40
-46
-57
-46
-24
-15
-19
-19
-9
-2
-2
-2
5
21
42
53
44
23
17
34
52
45
20
-5
-20
-23
-12
9
21
10
-15
-37
-41
-28
-5
14
17
10
11
23
34
33
24
15
7
1
-4
-8
-8
0
11
4
-21
-31
-1
37
32
-8
-27
2
38
34
-2
-27
-19
8
29
26
4
-8
7
29
32
24
27
33
10
-33
-47
-13
31
39
18
-2
-3
10
21
15
-4
-20
-17
-9
-22
-50
-66
-60
-48
-37
-19
4
8
-14
-39
-51
-51
-49
-47
-46
-50
-48
-36
-24
-27
-43
-48
-37
-28
-24
-14
5
15
7
-4
-7
0
7
13
15
19
26
35
36
23
7
9
26
36
28
19
17
21
26
32
45
57
58
48
31
17
11
17
30
44
48
34
14
9
27
40
32
13
7
17
20
11
4
4
-4
-24
-39
-34
-24
-26
-38
-48
-51
-52
-57
-61
-61
-50
-31
-14
-10
-14
-7
6
5
-12
-18
6
32
31
9
-1
9
16
10
6
17
27
23
12
9
9
-4
-23
-31
-22
-3
14
19
11
-1
2
22
42
44
35
33
35
26
11
12
32
43
31
11
9
21
32
30
16
2
-2
9
26
25
3
-22
-26
-8
6
-5
-31
-38
-16
10
11
-3
-2
11
7
-23
-45
-39
-17
-5
0
5
4
-7
-11
-2
6
0
-4
6
14
12
14
24
23
2
-10
-2
2
-10
-7
26
54
38
6
4
25
33
30
36
37
10
-23
-21
7
15
1
-3
15
30
33
34
34
18
-8
-20
-9
4
15
24
20
-4
-24
-16
6
14
15
27
38
24
2
7
26
13
-33
-54
-20
21
21
-6
-16
-3
8
1
-11
-16
-11
-10
-16
-25
-31
-36
-43
-50
-45
-32
-26
-38
-50
-40
-13
-9
-37
-62
-52
-15
14
19
13
5
-1
-3
2
3
-11
-35
-48
-46
-46
-56
-62
-49
-35
-42
-59
-59
-37
-19
-24
-48
-63
-51
-11
29
38
17
-6
-10
-7
-15
-20
-7
17
18
-5
-22
-11
9
18
14
11
6
-8
-28
-35
-24
-12
-16
-24
-17
8
25
17
0
0
15
18
0
-20
-26
-21
-17
-16
-19
-22
-18
-11
-6
-13
-19
-14
-6
-11
-23
-19
-4
4
-2
-9
-9
-9
-6
4
12
1
-20
-30
-22
-21
-31
-40
-41
-36
-25
-9
0
-5
-10
-1
7
-1
-9
5
28
27
5
-1
15
22
12
7
12
10
-6
-1
33
66
63
37
16
9
13
18
23
22
17
23
39
50
41
25
13
8
5
4
6
9
12
11
6
-1
-6
-17
-36
-49
-38
-9
7
2
-8
-13
-22
-36
-38
-12
26
43
29
0
-19
-18
-7
1
4
14
25
23
4
-14
-13
0
16
33
53
57
35
10
4
13
20
26
42
53
39
4
-19
-19
-12
-9
-3
-1
-14
-39
-50
-31
0
17
12
-3
-8
-2
-1
-12
-24
-17
6
17
4
-12
-11
7
26
36
36
29
26
28
30
17
-5
-19
-16
-5
15
47
68
53
16
-1
7
12
-1
-4
18
33
13
-14
-4
31
46
29
17
30
46
42
25
13
10
8
15
38
60
60
33
3
-10
-4
14
36
48
41
26
20
28
40
47
48
39
18
-2
0
19
31
24
17
22
31
34
32
30
29
30
41
54
48
26
8
12
23
24
17
7
-5
-9
7
25
24
4
-6
-2
-1
-8
-2
17
32
30
19
3
-15
-26
-24
-24
-42
-55
-41
-17
-19
-37
-29
3
19
8
2
8
-2
-27
-32
-13
-10
-35
-51
-37
-25
-38
-59
-68
-70
-64
-31
15
23
-25
-80
-90
-72
-64
-71
-74
-74
-87
-99
-86
-50
-23
-21
-30
-37
-48
-62
-67
-60
-51
-49
-52
-46
-21
3
5
-16
-36
-41
-31
-13
6
23
35
44
55
57
40
12
-2
10
34
48
47
33
15
3
4
17
28
32
29
20
8
-2
-3
2
0
-10
-25
-34
-34
-32
-36
-44
-43
-27
-10
-11
-26
-34
-21
-6
0
7
24
29
6
-32
-41
-13
18
20
5
5
28
46
32
2
-8
14
39
45
33
17
4
1
16
38
34
7
-9
9
32
30
18
24
38
30
5
-3
13
32
41
45
41
27
13
17
33
35
17
0
-2
6
15
21
19
8
0
6
19
22
16
10
3
-6
-6
7
18
11
-2
0
14
20
15
10
6
0
-8
-10
-11
-16
-19
-12
-2
-2
-6
-7
-10
-31
-58
-71
-59
-40
-29
-22
-16
-12
-18
-28
-34
-38
-43
-41
-30
-24
-36
-54
-62
-51
-37
-30
-30
-30
-34
-39
-40
-33
-27
-24
-9
17
27
12
0
16
41
43
24
16
25
28
10
-5
4
23
34
32
26
22
20
14
8
5
12
28
38
33
30
42
59
56
37
28
34
33
18
7
15
23
17
1
-14
-22
-25
-22
-21
-29
-42
-40
-19
3
7
-3
-17
-24
-15
6
24
21
8
13
34
40
19
-3
5
27
28
13
4
12
15
5
0
5
0
-21
-43
-44
-32
-25
-21
-12
-8
-14
-20
-14
-4
-10
-21
-13
9
16
1
-10
0
13
7
-7
-13
-10
-11
-12
-6
6
7
-8
-27
-30
-17
2
14
17
9
-6
-25
-31
-17
9
25
15
-9
-26
-28
-23
-22
-25
-32
-33
-20
3
8
-13
-41
-37
-1
30
28
1
-23
-25
-13
-7
-12
-18
-13
4
16
12
3
3
10
6
-10
-22
-18
-7
-4
-7
-6
-5
-5
2
18
28
21
7
3
3
-4
-17
-23
-19
-15
-14
-10
-3
3
15
38
55
48
28
17
14
-1
-20
-14
12
19
-6
-26
-12
17
25
8
-8
-8
3
12
10
-7
-27
-38
-38
-35
-29
-20
-19
-29
-30
-7
12
0
-30
-36
-14
-3
-20
-35
-21
1
0
-18
-24
-15
-5
0
9
13
4
-13
-11
15
43
49
42
44
67
84
74
41
23
33
47
38
11
-1
18
48
59
37
2
-17
-10
6
11
4
7
23
31
21
7
1
4
8
13
20
25
29
29
23
10
-5
-9
-2
6
8
3
-2
-2
9
24
32
29
25
21
9
-11
-23
-21
-20
-29
-30
-12
6
8
9
26
42
29
-2
-19
-11
1
0
-9
-18
-25
-28
-23
-17
-21
-28
-27
-21
-23
-36
-39
-21
5
14
4
-14
-28
-39
-48
-48
-35
-16
-1
1
-2
-4
0
7
11
4
-3
-1
10
15
13
17
29
29
7
-10
-2
17
24
26
45
65
60
42
39
46
35
15
17
43
49
27
9
7
0
-16
-13
10
21
1
-13
2
27
30
16
3
-9
-23
-29
-20
-9
-7
-12
-13
-10
-4
5
7
-3
-12
-2
22
36
33
28
25
13
-6
-14
-11
-11
-21
-24
-14
-5
-6
-5
9
25
27
19
15
23
37
40
33
24
24
29
21
-2
-20
-15
7
17
9
-2
-2
9
19
20
18
16
16
11
5
4
8
7
2
-3
-3
-2
-2
-1
5
7
-2
-13
-21
-17
-6
5
2
-13
-28
-26
-15
-10
-12
-11
-10
-26
-47
-44
-11
17
12
-6
-6
10
17
4
-15
-19
-8
7
12
7
2
4
7
-2
-16
-24
-28
-40
-56
-63
-52
-33
-22
-19
-23
-28
-32
-28
-18
-11
-9
-13
-19
-23
-15
0
4
-10
-25
-19
0
5
-15
-32
-25
-5
1
-16
-39
-48
-43
-35
-39
-51
-56
-45
-24
-8
-5
-15
-23
-18
0
13
10
-1
-5
3
10
8
1
1
9
16
13
-4
-25
-34
-29
-15
-1
5
2
-4
2
16
26
19
10
20
51
75
75
59
47
47
49
36
7
-13
-7
11
7
-25
-45
-26
11
25
9
-10
-14
-9
-10
-15
-28
-45
-56
-43
-13
9
8
-4
-10
-8
-3
7
19
20
2
-20
-21
3
23
19
5
4
13
15
11
25
51
62
36
-4
-28
-26
-6
14
25
19
13
21
35
29
7
7
32
42
26
16
29
43
39
41
63
76
55
24
27
44
40
15
-2
2
13
20
14
-8
-34
-30
4
32
22
0
3
23
25
8
-4
3
15
21
13
-5
-23
-29
-23
-22
-29
-27
-14
-7
-13
-20
-20
-19
-21
-16
-6
-1
-3
-2
-3
-8
-16
-16
-17
-26
-36
-24
-3
2
-8
-11
-5
-6
-21
-34
-38
-39
-36
-21
-5
-10
-24
-20
1
9
-10
-29
-25
-4
15
23
22
13
10
17
23
16
3
-7
-17
-30
-33
-16
3
2
-10
-7
10
20
16
15
21
23
21
26
38
41
27
12
6
5
0
-8
-14
-21
-36
-44
-36
-16
-3
-8
-26
-36
-28
-10
7
13
10
1
-12
-18
-13
-2
6
5
6
13
25
31
30
33
44
54
47
22
6
10
25
30
23
18
14
11
10
17
25
22
14
20
35
35
12
-10
-7
13
27
23
11
5
9
16
16
11
8
4
-8
-27
-34
-17
1
5
4
14
27
23
12
15
29
31
14
0
2
10
14
21
31
33
24
14
4
-13
-29
-27
0
25
25
6
-8
-2
13
24
22
6
-7
1
27
47
40
17
-2
-12
-23
-39
-51
-44
-26
-16
-25
-36
-33
-20
-12
-11
-7
2
-3
-28
-50
-42
-11
9
-3
-28
-38
-28
-15
-11
-8
3
9
-11
-53
-77
-62
-26
-8
-16
-24
-12
6
20
25
19
-1
-30
-44
-26
8
29
26
11
-1
-6
-13
-17
-8
16
35
27
-5
-33
-38
-24
-8
3
2
2
15
45
65
46
3
-14
11
41
34
0
-19
-13
6
23
37
40
26
8
2
4
-2
-5
10
28
22
-1
-13
-1
16
22
10
-13
-32
-26
3
25
14
-13
-27
-28
-33
-33
-17
-6
-22
-50
-54
-38
-36
-47
-38
-8
0
-25
-48
-39
-24
-30
-43
-45
-38
-39
-40
-32
-24
-22
-19
-7
8
15
18
22
14
-5
-20
-13
7
21
22
8
-17
-44
-50
-31
-8
-4
-17
-22
-18
-16
-21
-15
3
15
5
-7
-2
14
14
-3
-11
-2
6
0
0
13
15
-14
-45
-49
-28
-17
-20
-18
-5
1
-7
-12
-3
18
43
57
43
8
-13
2
32
36
16
2
7
10
-2
-19
-29
-25
-8
13
22
12
-6
-13
1
23
45
55
50
38
34
37
34
28
36
57
66
54
42
42
34
9
-9
-5
7
9
14
34
51
43
29
31
46
54
50
37
16
-7
-11
4
18
17
17
27
26
6
-10
-1
8
-6
-29
-32
-24
-28
-36
-25
-1
8
-2
-13
-8
8
22
24
13
-5
-14
-8
-2
-4
-9
-5
4
3
-10
-28
-37
-27
-2
16
6
-18
-29
-12
10
16
4
-11
-21
-28
-28
-22
-13
-5
-3
-2
-1
5
12
16
13
2
-17
-40
-55
-48
-29
-16
-14
-13
-8
-9
-10
-4
7
7
-2
-6
-5
-10
-18
-10
12
23
7
-9
-5
14
30
38
34
15
-8
-16
-1
13
15
16
25
25
7
-19
-34
-37
-34
-18
6
22
23
19
20
22
19
15
10
-1
-13
-14
-10
-23
-53
-75
-68
-45
-28
-22
-22
-21
-20
-18
-23
-35
-42
-27
-1
17
15
6
0
-1
2
15
22
8
-18
-32
-31
-27
-31
-31
-21
-14
-20
-30
-24
1
24
21
0
-15
-7
7
5
-7
-9
5
16
17
21
34
38
27
19
19
12
-4
-5
16
34
26
2
-17
-21
-12
11
42
53
38
24
32
44
36
21
17
17
-1
-29
-41
-30
-16
-16
-29
-40
-43
-32
-10
7
5
-9
-8
16
35
23
-12
-32
-20
2
13
16
32
52
54
36
24
23
12
-6
-7
16
36
33
22
19
13
0
-2
15
25
12
2
15
31
20
-9
-24
-17
-8
-9
-15
-25
-41
-54
-53
-42
-33
-25
-23
-35
-50
-41
4
51
57
24
-8
-16
-14
-20
-35
-40
-26
-7
2
8
27
52
52
24
4
13
22
2
-22
-7
33
42
9
-17
-1
38
62
61
42
14
-1
12
35
39
24
21
33
33
15
4
22
48
51
25
-13
-40
-38
-11
13
7
-10
-3
26
39
19
-7
-17
-18
-24
-31
-30
-30
-35
-34
-19
-7
-12
-27
-40
-39
-24
-3
8
2
-9
-9
-1
-3
-18
-25
-16
-10
-23
-42
-40
-23
-10
-12
-11
-2
6
4
-1
0
0
-11
-23
-15
3
9
-1
-6
2
12
14
20
33
28
-1
-22
-8
17
17
-5
-13
3
20
22
16
7
-6
-13
-10
-5
-13
-25
-20
1
15
13
10
10
0
-24
-44
-46
-35
-26
-22
-26
-36
-48
-58
-58
-53
-44
-36
-27
-18
-10
-12
-30
-51
-48
-19
12
22
22
31
44
46
39
35
35
32
28
27
31
28
26
37
58
69
54
31
19
25
33
33
27
24
29
38
47
42
26
15
25
45
48
25
-1
-10
-12
-21
-24
-3
24
22
-2
-11
8
22
15
2
2
2
-7
-11
1
11
4
-4
1
7
-6
-26
-32
-21
-6
1
2
-5
-18
-34
-49
-68
-87
-90
-74
-56
-45
-43
-42
-44
-47
-42
-28
-21
-31
-47
-56
-54
-43
-31
-27
-33
-38
-28
-8
-1
-2
4
6
-10
-33
-26
12
42
40
27
26
30
30
30
36
33
19
12
20
28
31
34
43
37
15
3
13
24
15
4
12
34
45
37
22
15
19
28
26
3
-24
-22
5
22
12
1
14
33
27
1
-10
4
20
18
4
-10
-19
-25
-30
-33
-36
-36
-30
-23
-21
-22
-13
11
33
37
23
3
-4
10
29
37
24
2
-11
-8
3
8
8
9
21
36
43
35
24
25
36
36
14
-13
-18
11
48
66
63
59
66
79
83
74
61
57
65
75
74
56
26
2
-6
-1
7
3
-15
-36
-38
-22
-7
-7
-18
-25
-28
-37
-46
-37
-8
17
10
-18
-33
-22
-1
2
-8
-17
-18
-18
-22
-25
-33
-52
-73
-73
-49
-28
-33
-48
-49
-34
-25
-17
0
21
17
-11
-31
-26
-16
-22
-29
-21
-4
-2
-13
-17
-9
-5
-15
-34
-55
-69
-73
-63
-46
-28
-19
-24
-42
-52
-43
-24
-18
-24
-22
-9
-7
-16
-11
15
29
11
-13
-6
19
19
-11
-31
-18
4
7
1
9
27
34
24
20
32
43
26
-10
-28
-7
28
38
24
15
27
41
34
9
-12
-14
0
18
27
19
7
9
26
41
39
30
29
34
35
32
36
49
55
44
20
-1
-2
15
30
32
23
25
37
38
27
16
25
40
40
23
4
-6
-5
2
11
12
9
10
17
21
12
-3
-10
-10
-9
-9
-10
-17
-39
-65
-84
-87
-82
-64
-36
-6
4
-14
-44
-65
-67
-53
-40
-41
-48
-39
-13
4
-2
-18
-20
-5
8
6
-1
0
9
16
19
16
10
6
4
3
4
11
23
28
15
-2
-5
4
7
-3
-12
-15
-20
-32
-38
-33
-25
-24
-24
-16
-2
2
-9
-31
-48
-48
-36
-30
-41
-55
-56
-44
-31
-22
-6
10
13
5
-2
4
14
15
6
0
2
13
25
27
22
20
31
42
39
26
16
10
-4
-26
-39
-32
-11
8
19
21
15
6
-1
-6
-5
8
27
35
21
0
-11
-9
-9
-10
-2
11
14
14
26
38
24
-13
-37
-30
-10
0
3
9
11
9
24
59
81
67
43
42
49
36
10
5
23
34
26
23
36
45
36
26
27
29
18
4
6
18
19
11
10
18
20
11
5
11
19
17
13
15
19
9
-9
-12
1
1
-24
-44
-28
4
7
-24
-43
-20
17
23
-3
-28
-31
-20
-14
-14
-15
-9
-2
-7
-33
-64
-74
-60
-46
-44
-42
-28
-14
-14
-10
9
25
14
-14
-31
-29
-29
-37
-37
-22
-9
-7
-10
-11
-20
-32
-36
-25
-13
-6
-3
0
-2
-7
-5
11
23
20
9
7
18
34
42
37
20
3
-2
3
9
5
-4
-12
-18
-22
-18
-7
0
-3
-9
-17
-31
-43
-34
-5
12
-3
-29
-27
-2
9
-5
-19
-6
17
21
5
-10
-14
-12
-9
3
17
22
15
10
13
14
6
2
12
29
36
30
17
-2
-18
-15
16
45
31
-20
-48
-20
29
42
15
-8
-3
10
9
1
5
23
36
31
14
0
-1
13
26
23
8
0
10
23
26
23
27
39
45
37
19
5
4
15
29
35
29
15
-2
-15
-20
-14
2
12
11
2
-6
-8
-5
1
8
14
19
28
42
49
41
25
8
2
2
3
3
-3
-17
-27
-23
-8
-1
-10
-20
-17
-2
7
8
11
12
3
-19
-32
-22
-4
0
-12
-17
-4
12
9
-7
-17
-12
3
13
5
-14
-29
-30
-17
-9
-13
-24
-30
-26
-13
-3
0
-3
-1
11
24
25
17
14
19
17
2
-15
-20
-13
-4
10
26
32
18
-3
-10
1
14
20
21
13
-6
-21
-19
-8
-6
-9
0
19
21
1
-12
3
26
31
22
16
10
-9
-26
-19
11
40
47
35
24
18
22
29
24
5
-16
-29
-37
-48
-48
-32
-17
-20
-30
-28
-22
-29
-37
-24
-3
-1
-14
-9
20
32
8
-19
-17
1
1
-14
-22
-22
-21
-14
4
19
9
-15
-25
-13
1
2
-9
-21
-26
-15
8
18
5
-14
-11
9
19
14
11
15
17
14
23
44
53
36
17
19
38
52
46
24
4
3
25
43
37
13
0
2
2
-8
-4
23
46
40
20
14
20
18
9
8
12
6
-10
-15
-11
-16
-34
-45
-39
-31
-38
-45
-37
-20
-11
-16
-29
-43
-53
-51
-35
-16
-5
-4
-7
-16
-27
-28
-14
-1
-4
-21
-32
-31
-28
-29
-28
-15
3
6
-13
-37
-43
-26
-11
-12
-16
-4
15
18
5
-4
-9
-27
-53
-49
-4
40
44
27
28
39
28
4
6
39
59
41
14
8
15
18
16
17
16
13
25
49
51
15
-25
-26
4
23
14
-8
-27
-41
-42
-26
-9
-12
-29
-34
-24
-16
-15
-6
13
13
-16
-47
-50
-36
-26
-20
-14
-12
-22
-29
-17
4
13
8
0
-6
-13
-15
-8
1
-5
-21
-28
-23
-17
-12
7
32
39
19
-1
0
11
7
-20
-46
-57
-53
-40
-28
-21
-21
-24
-21
-15
-8
-1
-1
-10
-21
-18
8
35
40
26
8
-1
0
6
13
12
1
-5
4
15
6
-19
-33
-18
3
2
-11
-16
-3
15
26
25
13
-2
-11
-7
4
3
-11
-21
-18
-16
-30
-47
-41
-10
13
4
-23
-37
-23
6
23
13
-18
-44
-41
-8
20
12
-15
-28
-22
-20
-34
-45
-35
-15
-4
0
1
3
8
20
31
27
16
24
52
63
37
5
6
28
31
10
2
22
46
46
31
20
22
35
54
71
72
57
40
36
38
31
15
5
7
22
33
25
5
-3
11
21
9
-10
-6
20
43
47
41
30
17
15
36
63
59
23
-8
-6
7
4
-14
-19
-3
25
42
38
23
14
20
26
19
6
5
20
34
41
48
55
51
34
19
15
14
3
-9
-15
-16
-16
-16
-15
-17
-17
-9
1
4
-5
-10
-4
8
18
24
25
15
-2
-13
-11
-1
1
-4
-12
-17
-12
0
6
-8
-40
-68
-79
-77
-69
-66
-71
-80
-83
-76
-66
-68
-73
-73
-69
-78
-93
-97
-90
-86
-87
-73
-44
-31
-53
-78
-75
-41
-11
2
0
-3
2
19
48
69
67
52
46
57
70
74
70
59
42
29
40
73
102
106
85
62
58
83
121
136
108
62
49
86
125
114
53
-11
-30
2
52
69
21
-66
-116
-88
-26
-14
-74
-146
-169
-147
-117
-94
-77
-85
-125
-164
-150
-87
-46
-74
-139
-175
-155
-107
-67
-59
-82
-118
-124
-70
10
51
27
-4
13
62
86
70
50
45
40
31
40
68
69
23
-17
4
53
57
16
11
64
106
81
45
71
133
149
116
107
135
136
87
65
122
174
126
19
-13
57
125
97
12
-45
-41
-6
28
28
-25
-99
-111
-42
20
-5
-54
-16
76
84
-18
-68
42
189
177
22
-71
14
160
201
128
53
43
69
102
153
209
218
147
38
-21
19
121
183
117
-43
-151
-87
81
155
47
-117
-150
-32
90
108
50
-7
-38
-43
1
90
135
52
-105
-170
-68
76
83
-60
-190
-165
-36
29
-55
-186
-212
-102
25
53
-7
-47
-7
69
112
129
181
266
299
228
131
142
270
364
290
113
26
118
255
256
118
17
71
195
237
194
184
250
300
280
270
338
413
395
346
394
520
567
483
396
410
479
524
561
618
618
478
264
135
167
280
326
218
-16
-220
-249
-136
-92
-249
-491
-598
-521
-400
-354
-353
-326
-289
-329
-457
-513
-313
65
238
-95
-745
-1156
-970
-361
62
-412
-2091
-4207
-4991
-3421
-1148
-1544
-5705
-10161
-10216
-5772
-2139
-4038
-9861
-13376
-10844
-5007
-1724
-3712
-8286
-10531
-7933
-2284
2112
2130
-1404
-4273
-2684
2963
8243
9013
5552
2219
3015
7654
12026
12363
8882
5391
5355
8416
10956
10071
6580
3777
3631
4919
5207
3783
2024
1290
1378
1238
578
192
823
2120
2987
2848
2325
2576
4094
6277
8061
8779
8586
8352
9087
11003
12972
13429
12101
10465
10108
10971
11642
10995
8992
6243
3606
2037
1800
1643
-271
-4128
-7884
-9564
-9522
-9746
-11428
-14002
-16225
-17297
-17056
-16012
-15305
-15791
-16892
-17024
-15482
-13244
-11615
-10734
-9872
-8589
-6944
-5007
-2906
-1132
-103
490
1311
2413
3237
3518
3508
3255
2421
1058
-163
-934
-1915
-3776
-6098
-7907
-9011
-10043
-11331
-12502
-13284
-13927
-14544
-14712
-14144
-13255
-12537
-11811
-10603
-8942
-7121
-5002
-2363
293
2150
3427
5274
8042
10626
12123
13156
14676
16289
16945
16806
17007
17783
18155
17631
16833
16141
15052
13456
12212
11674
10906
9361
8134
8137
8151
6513
4083
3420
5042
6650
6531
5761
6069
7239
8052
8578
9857
11846
13239
13269
12587
12310
12913
13930
14078
12110
8415
5408
5108
6399
5953
2064
-3507
-7761
-9356
-9020
-8460
-9618
-13624
-19097
-22418
-21289
-17787
-16407
-19040
-23108
-24803
-22904
-19138
-16067
-15201
-16058
-16298
-13705
-8866
-4979
-4027
-4182
-2366
1437
4362
4831
4394
4854
5628
5176
3570
2027
741
-1166
-3905
-6707
-9158
-11529
-13791
-15508
-16864
-18543
-20310
-20959
-20139
-19020
-18494
-17873
-16281
-14211
-12504
-10691
-7808
-4283
-1423
635
2822
5177
6817
8030
10305
13523
15275
14357
13091
14112
16308
16524
14489
13017
13319
13288
11490
9805
10058
10499
8508
5252
4244
5832
6601
4741
2621
2632
3505
3135
2727
4868
8747
10836
10306
10449
13790
18659
22204
24436
27081
30111
31966
32337
32256
31865
30657
29767
30914
32184
28110
16660
4241
150
5712
11568
7172
-8094
-24166
-30042
-23841
-14076
-11716
-20392
-32768
-32768
-32768
-24516
-17721
-20153
-28014
-32409
-27829
-17211
-8863
-8122
-12184
-13579
-8237
962
8344
11255
11089
10460
11192
14040
18177
21022
20415
17182
14021
11851
9214
5632
3000
2153
375
-5090
-12323
-16519
-16271
-15235
-16939
-20478
-22631
-22165
-20343
-18572
-17368
-16748
-15976
-13541
-9036
-4473
-2056
-1102
881
4345
7276
8838
10808
14180
16715
15965
13191
11948
13456
15473
15399
12605
8030
3528
1464
2532
3604
279
-7318
-13641
-14278
-11407
-10587
-13787
-18274
-21217
-22078
-20747
-16942
-12519
-11089
-13244
-14526
-10659
-3209
2654
4895
6155
8902
12380
15123
17588
20543
22905
23360
22902
23606
25428
26229
24958
22965
21856
21628
21551
21475
21301
20163
17404
13988
11819
11552
11827
10870
8306
5027
1679
-1930
-5614
-7700
-6608
-3986
-4672
-11470
-20328
-23275
-17366
-8910
-6981
-13610
-22149
-24701
-19329
-10525
-4944
-6695
-13983
-19324
-15676
-4395
4773
4013
-3581
-7860
-3434
5516
11764
12588
9865
6419
4797
6970
11880
14662
11582
5240
1742
2787
3913
1263
-3354
-6066
-6703
-8060
-11040
-13715
-14814
-15296
-16149
-16931
-17083
-16862
-16241
-14626
-12439
-11284
-11376
-10464
-6885
-2379
0
-7
90
1727
3725
4741
5228
6045
6682
6090
4336
2430
1204
1047
1806
2132
70
-4322
-7853
-7538
-4724
-3918
-7267
-12016
-14161
-12978
-10866
-10083
-11084
-13137
-14803
-14211
-10617
-5975
-3481
-3950
-4616
-2273
3178
8904
12336
13403
13952
15708
18862
22202
24453
25418
25782
26024
26115
26243
26925
28000
28331
27252
25717
25128
25445
25298
23713
20875
17673
15389
15085
15636
13118
4947
-4935
-8369
-2785
3678
427
-12913
-25422
-26849
-17877
-7957
-5829
-13225
-24631
-30848
-25528
-11980
-2237
-5470
-17302
-24087
-18370
-6572
-113
-2526
-8024
-9845
-6205
552
6513
7941
4243
155
1864
9476
15940
15276
9525
5234
5162
6595
6686
5628
4165
1362
-3393
-8309
-11018
-11400
-11223
-11939
-13987
-17154
-20154
-20783
-18355
-15441
-15213
-17141
-17330
-13643
-8622
-6288
-7354
-8872
-7785
-3724
1119
3815
2910
-104
-1802
-237
2936
4603
3910
2549
1750
887
-530
-1368
-641
455
-135
-2505
-4717
-5393
-5148
-5272
-6077
-6982
-7473
-7477
-7220
-7009
-6904
-6438
-5017
-2694
-162
2042
3920
5687
7633
10236
13607
16767
18524
19362
21239
24778
27909
28521
27473
27401
29169
31277
32501
32767
32767
31471
29213
27786
27434
26305
23769
21907
21344
18163
9162
-981
-3310
3231
8123
1349
-13890
-24681
-23214
-14155
-7892
-10380
-19814
-29180
-30806
-22341
-10804
-7668
-16531
-27624
-28125
-16832
-4904
-2511
-8753
-15282
-15675
-9246
581
8253
8843
2953
-1869
1660
11647
18608
16644
9915
6485
8593
11726
11479
7966
3749
402
-1898
-3361
-4543
-6360
-9158
-12188
-14479
-15740
-16102
-15771
-15386
-15849
-17043
-17403
-15747
-13075
-11472
-11399
-11168
-9303
-6434
-4281
-3414
-2721
-1014
1409
3040
2979
2286
2995
5531
7635
6774
3432
913
1484
3699
4307
2047
-1406
-3799
-4448
-4081
-3725
-4169
-5705
-7841
-9520
-9955
-9163
-7754
-6583
-6414
-7116
-7210
-5217
-1777
704
1134
1342
3581
7482
10953
13311
15560
17907
19330
20093
22222
26183
29180
28820
26947
27244
29782
30866
28526
25291
24388
25312
24816
20854
14208
7627
4615
6968
11167
9209
-2865
-17603
-21933
-12337
-711
-1781
-16498
-31314
-32768
-22120
-9309
-5960
-14548
-27477
-32689
-23713
-7009
2428
-3920
-18032
-23263
-12447
4697
12872
7217
-3438
-6949
815
13602
20991
17255
6424
-953
2195
12090
17918
13351
2695
-4901
-5264
-1675
613
-570
-4419
-9290
-13273
-14426
-12418
-9558
-8844
-10937
-13802
-15132
-14266
-11944
-9370
-7824
-8141
-9728
-10571
-9039
-5632
-2475
-1159
-1410
-1754
-962
1104
3522
4967
4827
3943
3865
5033
6094
5523
3649
2264
2233
2434
1602
321
73
613
-168
-3127
-5921
-5560
-2485
-472
-2084
-5480
-6747
-4520
-1158
379
-413
-1667
-1233
1587
5477
7923
7619
6546
8472
14291
19982
20945
17924
16498
20268
26501
29568
27249
22366
19445
21186
26719
31113
27873
15640
2773
1148
12565
24049
20638
2342
-15194
-17465
-5745
5866
5140
-8065
-23486
-29488
-22154
-8955
-3211
-11707
-26882
-32768
-25332
-10402
-3106
-8639
-19645
-25052
-19815
-7466
3373
5093
-2630
-11134
-10003
1873
14178
16162
8353
958
1709
8434
13692
13368
9022
4242
1364
959
2070
2542
571
-3526
-7635
-9975
-10340
-9619
-9112
-10106
-12816
-15491
-15799
-13626
-11416
-11171
-12168
-12524
-11879
-11154
-10421
-8854
-6718
-5628
-6114
-6350
-4372
-817
1678
1520
-201
-942
892
4483
7004
5990
2127
-730
564
4596
6662
4191
-358
-2717
-1750
36
161
-1353
-3181
-4679
-5765
-5955
-4827
-3236
-2799
-3857
-4738
-3712
-1204
793
1471
2312
4810
7932
9349
9119
10318
14862
20124
21780
19616
18217
21177
26539
29366
27605
23911
22316
24373
27885
28262
22247
12329
6479
10287
18985
20780
10125
-4921
-11343
-5604
3502
5343
-2575
-14633
-22963
-22320
-13384
-4203
-5098
-17771
-30762
-30413
-16719
-4140
-5174
-16762
-25437
-22837
-12509
-3397
-1009
-4804
-10015
-10745
-4448
4692
9035
5873
697
392
5202
9800
10524
8332
5421
2677
1065
2053
4784
5224
675
-6025
-9200
-7011
-3520
-3740
-8154
-12865
-14156
-11917
-9001
-8216
-10076
-12805
-13964
-12317
-8846
-6204
-6635
-9660
-11917
-10078
-4522
341
301
-3917
-6923
-4325
2236
6666
5114
130
-2409
261
5287
7696
5396
778
-1826
-252
3319
4442
1247
-3251
-4723
-2811
-1155
-2306
-4829
-6141
-6021
-5697
-5223
-3904
-2393
-2041
-2399
-1405
1657
5046
6922
7589
8735
11292
14601
17213
18292
18533
19602
22152
24728
25498
24727
24392
25385
26361
25667
23168
19708
16098
13464
13196
14900
15111
10267
1583
-4764
-3890
1880
4749
-572
-11390
-19599
-19201
-11596
-4646
-6324
-17176
-28209
-28526
-17216
-5953
-6767
-18127
-26746
-23211
-11813
-3614
-3845
-8939
-12717
-11507
-5079
3097
6988
3458
-2818
-3408
3791
11510
11776
5160
-780
-584
4058
7551
6344
1414
-3507
-5304
-3850
-1757
-1837
-4578
-8005
-9845
-9568
-8369
-7557
-7461
-7963
-9193
-10826
-11223
-8865
-5071
-3683
-6665
-10881
-10973
-5551
804
2318
-1791
-6484
-6177
-521
5358
6393
2710
-1183
-1562
1371
4856
6181
3988
-723
-4175
-2760
2182
4609
770
-5816
-8598
-5856
-1783
-714
-3079
-6648
-8922
-8096
-4327
-637
-287
-2508
-2982
539
5287
7490
7380
8211
11445
15132
16961
17149
17654
19564
22102
23914
24546
24432
24034
23741
24184
25391
25513
22062
15608
10827
11785
16428
17779
11471
1034
-5333
-3181
3370
5498
-1400
-12723
-19202
-16419
-9088
-5834
-10777
-20340
-26909
-25186
-16867
-9981
-11700
-20289
-26036
-21990
-11966
-5563
-6942
-11651
-13351
-10023
-3728
2035
3957
1247
-2255
-1054
5270
10623
9636
4355
1353
3462
7081
7526
4541
1497
651
919
221
-1429
-2379
-2254
-2763
-4985
-7328
-7509
-5773
-4692
-5992
-8784
-10758
-10267
-7578
-5041
-5411
-8761
-11541
-10165
-5373
-1611
-2046
-5389
-7668
-6179
-1707
2199
2343
-853
-3487
-2378
1392
4051
3405
432
-2377
-2852
-366
2940
3146
-976
-5371
-5129
-1003
1525
-360
-3624
-4385
-2859
-1602
-1415
-1311
-936
-645
41
1995
4675
6348
6371
6218
7834
11347
14786
16103
15391
14782
16105
19104
22043
23286
22171
19625
18423
20887
24985
24858
17852
9554
8281
14659
20129
16870
6548
-2216
-3179
2134
6784
4721
-4116
-13503
-16275
-11215
-4658
-4633
-13028
-23342
-26439
-19561
-10006
-8333
-16761
-26001
-25594
-15866
-6847
-6234
-11879
-16217
-14568
-7948
-783
2347
-27
-4303
-4653
568
6637
8075
4963
1918
2051
4156
5515
5278
4375
3448
2163
540
-189
914
2441
1637
-1902
-4996
-4668
-2014
-647
-2233
-5367
-8019
-8952
-7478
-4418
-3000
-5837
-10678
-12041
-8043
-3114
-2548
-6409
-10246
-10290
-6571
-2243
-1006
-4000
-8180
-8853
-4823
-32
828
-2565
-6211
-6192
-2352
1789
2401
-765
-3879
-3229
470
3276
3057
1396
567
946
2002
3499
4627
4004
2009
1461
4215
8214
9637
7515
4866
5335
9483
14327
16202
14344
11707
11862
15309
19353
21118
19842
16999
15385
17189
21090
22159
17262
10181
8194
12998
18081
16522
8899
1721
12
3203
6751
6021
-115
-7749
-10910
-7757
-3199
-3876
-10834
-18353
-20001
-15202
-9824
-10282
-16731
-22545
-21481
-14776
-9474
-10069
-14028
-15910
-13443
-8528
-4356
-3031
-4468
-6099
-4852
-685
2922
3073
884
-344
769
2793
3815
3275
1875
788
761
1426
1730
1223
325
-605
-1471
-1757
-964
33
-486
-2713
-4795
-5163
-4169
-3109
-2972
-4358
-6892
-8458
-7037
-4034
-3502
-6862
-10478
-10188
-6586
-3943
-4976
-8436
-11095
-10610
-7139
-3501
-3082
-6275
-9444
-8607
-3874
668
1260
-1871
-4815
-3705
1272
5641
5361
1664
-350
2017
6159
8042
6803
4429
2926
3373
5999
9275
10256
7853
4922
5263
9077
12977
14040
12484
10664
10770
13311
16774
18775
18196
16164
14833
15562
18073
20320
19510
15017
10390
10291
14593
17698
15059
8535
3723
3541
6119
7658
5633
276
-5299
-7276
-5145
-2925
-4935
-10809
-15990
-16797
-13934
-11378
-12534
-17047
-20847
-20095
-15476
-11629
-11846
-14595
-15899
-13773
-9490
-5745
-4583
-5951
-7321
-5856
-1789
1475
1446
-625
-1858
-1199
443
2013
2750
1917
-205
-1740
-1077
1024
2267
1414
-725
-2355
-2095
-14
1999
1642
-1244
-4122
-4427
-2284
-118
-217
-2931
-6417
-7847
-6024
-3206
-3091
-6383
-9728
-9892
-7571
-5935
-6625
-8610
-10068
-9907
-8072
-5752
-4901
-6210
-7791
-7077
-4003
-1201
-877
-2354
-3026
-1302
1685
3312
2473
1037
1663
4329
6266
5648
3939
3709
5313
7019
7579
7275
6956
7340
8885
11101
12337
11605
10381
11190
14294
17141
17437
15724
14513
15593
18447
20731
20261
17194
14235
14025
16330
18349
17586
13973
9645
7329
8256
10581
10452
5996
-129
-3479
-2849
-1205
-1914
-5547
-10269
-13744
-14500
-13018
-11863
-13452
-17239
-20084
-19691
-16799
-14000
-13337
-14883
-16567
-15648
-11569
-7164
-5721
-7066
-7931
-6095
-2642
-92
274
-882
-1783
-961
1155
2332
1194
-799
-1260
-121
631
-37
-1237
-1922
-1938
-1443
-804
-919
-2150
-3186
-2540
-977
-764
-2505
-4288
-4230
-2627
-1391
-2174
-4890
-7391
-7191
-4456
-2458
-3874
-7422
-9481
-8378
-5687
-3936
-4418
-6633
-8490
-7690
-4331
-1500
-1867
-4303
-5363
-3615
-887
471
27
-1004
-1224
-117
1559
2481
2268
1886
2175
2816
3263
3703
4334
4715
4728
5184
6505
7760
8090
8202
9247
10914
11961
12141
12424
13497
15013
16267
16913
17072
17146
17409
17670
17619
17500
17731
17845
16805
14682
13001
12741
12852
11587
8764
5869
4179
3464
2472
246
-3012
-6068
-7755
-8134
-8453
-9876
-12379
-14871
-16201
-16018
-15055
-14620
-15443
-16801
-17090
-15527
-13107
-11547
-11411
-11588
-10644
-8360
-5837
-4299
-4031
-4262
-3863
-2269
-88
1290
1035
-149
-677
214
1701
2340
1573
193
-482
101
1155
1328
176
-1369
-2119
-1859
-1226
-935
-1511
-3129
-4994
-5551
-4313
-3035
-3895
-6639
-8673
-8166
-6122
-5054
-6186
-8307
-9140
-7771
-5652
-4940
-5879
-6635
-5859
-4264
-3169
-2672
-2261
-2095
-2398
-2406
-1298
247
737
-106
-1022
-833
391
1652
1968
1276
653
1203
2562
3316
3091
3087
4122
5424
6052
6377
7239
8609
9924
10976
11773
12321
13058
14604
16570
17604
17234
16709
17368
18982
20265
20283
18994
17185
16144
16493
17143
16274
13540
10413
8292
7244
6511
5183
2427
-1629
-5204
-6441
-5958
-6513
-9663
-13787
-15980
-15267
-13526
-13550
-16163
-19057
-19036
-15840
-12826
-12942
-14999
-15321
-12476
-8707
-6770
-6904
-7232
-6085
-3475
-826
461
346
29
514
1716
2998
3807
3691
2606
1562
1862
3201
3592
1941
-301
-1005
-128
412
-742
-2902
-4340
-4240
-3547
-3914
-5732
-7520
-7732
-6762
-6395
-7455
-8909
-9319
-8421
-7168
-6749
-7543
-8579
-8280
-6308
-4247
-3768
-4538
-4792
-3656
-1942
-797
-479
-540
-515
-210
307
856
1301
1446
982
33
-413
473
1905
2103
696
-563
-13
1872
3318
3402
2739
2561
3616
5661
7686
8916
9564
10286
11211
12183
13527
15550
17428
17825
16806
16076
16921
18640
19392
18170
15733
13835
13490
13836
13051
10556
7639
5642
4404
3122
1688
250
-1678
-4406
-6927
-7832
-7257
-6908
-8103
-10414
-12231
-12304
-10902
-9636
-9845
-11068
-11608
-10648
-9080
-8151
-8084
-8267
-8043
-7048
-5495
-4276
-4082
-4378
-4013
-2831
-1761
-1316
-1051
-643
-432
-544
-430
252
964
962
237
-483
-504
65
242
-797
-2454
-3165
-2478
-1862
-2765
-4627
-5732
-5465
-4759
-4674
-5346
-6181
-6389
-5587
-4336
-3749
-4195
-4769
-4413
-3083
-1533
-496
-331
-822
-1039
-61
1763
2929
2505
1259
698
1442
2712
3124
1993
193
-545
349
1375
846
-825
-1740
-1136
-176
-108
-714
-934
-262
824
1437
1193
781
1378
3201
5011
5495
4800
4252
4896
6630
8373
8865
7856
6701
7087
8902
10191
9600
7994
7139
7613
8592
9024
8439
7114
5949
5732
6225
6351
5450
3894
2517
1887
1999
2133
1294
-544
-2038
-2126
-1590
-1970
-3360
-4480
-4673
-4535
-4664
-4996
-5409
-5947
-6344
-6238
-5874
-5835
-6133
-6264
-6023
-5623
-5220
-4918
-4929
-5163
-5053
-4355
-3660
-3581
-3885
-3972
-3709
-3309
-2933
-2837
-3262
-3808
-3644
-2766
-2226
-2639
-3280
-3190
-2445
-1771
-1562
-1727
-1918
-1593
-489
746
1087
545
260
970
2119
2722
2501
1942
1760
2359
3298
3490
2535
1561
1889
3162
3779
3053
1943
1591
2066
2691
2878
2443
1640
988
763
703
457
40
-372
-765
-1136
-1419
-1756
-2339
-2858
-2801
-2422
-2559
-3263
-3533
-2864
-2122
-2284
-3065
-3401
-2770
-1560
-586
-544
-1371
-1985
-1255
570
1993
2016
1236
1033
2167
4158
5674
5714
4821
4756
6362
8292
8676
7550
6583
6783
7547
7832
7256
6059
4819
4166
4116
3861
2823
1530
826
625
214
-596
-1403
-1969
-2335
-2494
-2571
-2961
-3720
-4239
-4085
-3701
-3753
-4200
-4577
-4682
-4504
-4007
-3446
-3363
-3754
-3832
-3118
-2202
-1866
-1969
-1812
-1184
-495
-138
-119
-159
59
529
799
543
141
194
584
652
275
36
236
488
444
284
269
353
484
735
995
1014
898
1067
1566
1862
1617
1264
1495
2362
3150
3151
2450
1866
2054
2721
2944
2217
950
-84
-520
-607
-985
-2254
-4396
-6493
-7476
-7366
-7423
-8765
-11055
-12794
-12876
-11695
-10751
-11118
-12276
-12598
-11113
-8592
-6665
-6049
-5945
-5054
-2908
-258
1654
2287
2370
3129
4883
6706
7620
7719
7827
8389
9126
9570
9611
9553
9779
10279
10493
9913
8878
8336
8675
9171
8830
7482
5845
4792
4679
5044
4855
3488
1602
607
1002
1700
1357
-1
-1109
-1016
-36
783
750
74
-441
-136
887
1830
1962
1384
930
1233
1998
2361
1954
1326
1179
1457
1514
1055
481
251
266
87
-461
-1136
-1590
-1708
-1683
-1881
-2513
-3357
-3866
-3691
-3112
-2825
-3234
-3972
-4260
-3740
-2863
-2366
-2528
-3037
-3404
-3332
-2853
-2380
-2481
-3301
-4288
-4765
-4668
-4499
-4720
-5444
-6460
-7252
-7266
-6623
-6238
-6757
-7617
-7768
-7058
-6248
-5891
-5876
-5935
-5870
-5397
-4476
-3737
-3843
-4444
-4504
-3698
-2783
-2485
-2671
-2759
-2393
-1567
-579
82
241
431
1331
2817
4072
4612
4796
5262
6253
7480
8405
8678
8565
8735
9422
10070
10123
9814
9736
9956
10047
9800
9404
9058
8804
8645
8493
8133
7544
7030
6805
6627
6169
5528
5051
4835
4657
4306
3786
3294
3092
3210
3270
2869
2180
1823
2037
2357
2244
1718
1194
966
1036
1149
914
153
-759
-1177
-976
-800
-1315
-2426
-3420
-3755
-3606
-3663
-4436
-5711
-6703
-6892
-6649
-6865
-7946
-9315
-10039
-9845
-9415
-9607
-10491
-11296
-11326
-10670
-9943
-9551
-9463
-9418
-9063
-8129
-6844
-5918
-5729
-5703
-5033
-3790
-2781
-2454
-2545
-2694
-2749
-2511
-1904
-1455
-1847
-2881
-3548
-3320
-2731
-2505
-2767
-3284
-3807
-3900
-3162
-1986
-1441
-1892
-2357
-1748
-283
883
1142
987
1268
2340
3821
4909
5097
4797
5083
6515
8397
9438
9150
8416
8655
10355
12423
13176
12185
10898
11084
12808
14381
14257
12594
10953
10761
11974
12995
12174
9695
7649
7653
8828
8884
6972
4549
3447
3908
4670
4306
2416
115
-708
601
2238
1689
-1127
-3519
-3243
-1159
-32
-1373
-4122
-6025
-5771
-4114
-3277
-4849
-7920
-9819
-9083
-7204
-6855
-8823
-11360
-12295
-11196
-9497
-9010
-10270
-11999
-12294
-10638
-8577
-8047
-9172
-10206
-9609
-7692
-6083
-5926
-6827
-7397
-6666
-5006
-3718
-3718
-4611
-5167
-4600
-3272
-2188
-2000
-2493
-2899
-2588
-1599
-581
-179
-410
-683
-424
359
1166
1557
1515
1351
1391
1770
2364
2845
2901
2579
2357
2712
3542
4190
4135
3599
3361
3954
5115
6021
6071
5476
5132
5770
7161
8249
8227
7422
6935
7446
8561
9327
9183
8351
7548
7416
8005
8643
8527
7607
6662
6345
6452
6428
6213
6103
5991
5426
4445
3751
3834
4313
4368
3544
2072
722
315
887
1277
138
-2373
-4484
-4749
-3723
-3288
-4636
-7199
-9306
-9623
-8304
-7040
-7579
-9820
-11703
-11427
-9481
-7990
-8318
-9803
-10740
-10122
-8438
-7114
-7164
-8195
-8800
-8084
-6610
-5653
-5773
-6394
-6574
-5883
-4667
-3735
-3638
-4067
-4121
-3322
-2146
-1379
-1216
-1249
-1074
-603
52
686
1083
1210
1285
1528
1943
2426
2905
3296
3506
3625
3901
4447
5085
5594
5922
6182
6520
7002
7514
7841
7974
8154
8495
8780
8805
8671
8516
8301
8099
8121
8171
7637
6466
5549
5528
5805
5404
4311
3191
2338
1736
1577
1775
1497
213
-1220
-1623
-1203
-1087
-1594
-2180
-2683
-3305
-3677
-3326
-2879
-3353
-4420
-4817
-4384
-4170
-4562
-4861
-4810
-4975
-5394
-5366
-4879
-4791
-5249
-5370
-4871
-4592
-4952
-5228
-4897
-4450
-4341
-4331
-4328
-4690
-5204
-5008
-4079
-3613
-4275
-5169
-5213
-4557
-3946
-3641
-3575
-3764
-3916
-3410
-2246
-1322
-1227
-1394
-976
26
998
1563
1794
1953
2334
3031
3730
4041
4058
4206
4606
4999
5217
5309
5336
5433
5780
6214
6281
6012
6054
6582
6851
6442
6058
6331
6733
6579
6186
6040
5770
5104
4801
5315
5575
4599
3341
3253
3902
3846
3097
2756
2809
2396
1783
1951
2506
2153
1063
639
987
794
-173
-692
-482
-790
-2052
-3061
-3150
-3279
-4140
-4988
-5232
-5571
-6497
-7203
-7031
-6746
-7244
-8052
-8211
-7789
-7481
-7416
-7306
-7200
-7253
-7160
-6581
-5816
-5445
-5517
-5575
-5283
-4702
-4098
-3717
-3600
-3543
-3325
-2956
-2543
-2106
-1711
-1543
-1550
-1342
-765
-218
-35
36
311
610
736
989
1571
2013
1887
1659
2027
2798
3234
3205
3208
3494
3913
4420
4992
5308
5208
5217
5894
6872
7291
7007
6687
6835
7341
7850
8018
7604
6818
6357
6558
6820
6400
5449
4692
4379
4189
3875
3408
2743
2000
1597
1655
1632
1094
453
299
436
280
-127
-302
-248
-377
-702
-874
-907
-1130
-1499
-1674
-1719
-2016
-2510
-2741
-2680
-2834
-3388
-3882
-3960
-3867
-3989
-4316
-4623
-4840
-4996
-5063
-5068
-5165
-5416
-5652
-5722
-5705
-5776
-5934
-6020
-5973
-5934
-6035
-6162
-6057
-5697
-5392
-5400
-5538
-5401
-4889
-4293
-3910
-3763
-3683
-3449
-2903
-2151
-1601
-1516
-1576
-1207
-366
368
556
437
558
1134
1924
2534
2734
2663
2767
3374
4257
4836
4883
4808
5115
5806
6448
6686
6572
6462
6670
7139
7458
7304
6841
6542
6611
6759
6591
6055
5447
5094
5040
5001
4634
3921
3250
2986
3039
2988
2582
1986
1540
1392
1402
1311
1002
633
443
443
392
139
-171
-324
-329
-358
-519
-788
-1055
-1189
-1173
-1214
-1533
-1997
-2215
-2098
-2053
-2419
-2994
-3337
-3352
-3310
-3461
-3838
-4314
-4656
-4657
-4442
-4463
-4951
-5536
-5652
-5270
-4917
-5003
-5392
-5659
-5580
-5261
-4943
-4775
-4762
-4795
-4738
-4510
-4162
-3845
-3659
-3521
-3293
-3003
-2776
-2544
-2114
-1580
-1295
-1292
-1104
-455
268
594
688
1002
1540
1994
2360
2828
3279
3491
3693
4224
4808
4900
4686
4903
5623
6073
5845
5472
5503
5746
5819
5755
5669
5391
4916
4651
4758
4740
4189
3479
3190
3215
3004
2446
1920
1638
1428
1131
800
486
176
-78
-205
-293
-510
-849
-1118
-1174
-1092
-1075
-1243
-1504
-1642
-1594
-1539
-1636
-1779
-1800
-1762
-1831
-1951
-1961
-1927
-2027
-2178
-2145
-1980
-1974
-2167
-2287
-2211
-2122
-2128
-2108
-2039
-2078
-2217
-2194
-1939
-1754
-1871
-2086
-2072
-1816
-1559
-1466
-1512
-1578
-1530
-1313
-1033
-859
-812
-753
-582
-335
-97
60
125
219
503
899
1102
1017
975
1260
1664
1826
1777
1806
1954
2057
2149
2337
2463
2313
2107
2228
2569
2641
2364
2158
2209
2232
2063
1940
1982
1921
1602
1309
1265
1250
1014
721
610
564
353
75
-36
-42
-172
-407
-537
-553
-636
-810
-904
-879
-915
-1124
-1372
-1474
-1421
-1364
-1445
-1700
-2041
-2296
-2327
-2183
-2099
-2295
-2729
-3088
-3086
-2780
-2544
-2666
-3034
-3269
-3133
-2737
-2388
-2307
-2479
-2651
-2519
-2022
-1460
-1208
-1293
-1371
-1136
-635
-144
140
239
323
555
965
1401
1669
1750
1834
2079
2431
2702
2814
2854
2933
3071
3197
3241
3208
3170
3186
3211
3140
2954
2778
2741
2804
2792
2611
2354
2194
2195
2264
2242
2053
1789
1652
1739
1903
1880
1606
1297
1190
1264
1312
1200
965
717
515
379
277
134
-96
-356
-555
-707
-915
-1184
-1406
-1523
-1634
-1842
-2100
-2286
-2378
-2461
-2593
-2731
-2826
-2888
-2952
-3000
-2991
-2934
-2888
-2881
-2873
-2825
-2725
-2563
-2332
-2118
-2062
-2145
-2111
-1772
-1320
-1124
-1245
-1360
-1217
-917
-700
-656
-753
-923
-1002
-830
-546
-533
-892
-1211
-1114
-797
-719
-950
-1156
-1124
-959
-800
-689
-680
-766
-732
-381
88
258
107
85
483
1053
1382
1416
1413
1589
1969
2431
2757
2793
2666
2733
3159
3662
3839
3644
3413
3473
3796
4079
4060
3775
3512
3504
3671
3732
3523
3165
2893
2820
2854
2787
2495
2088
1822
1789
1776
1543
1150
859
768
704
499
186
-95
-273
-365
-453
-646
-962
-1260
-1379
-1374
-1473
-1771
-2090
-2217
-2166
-2149
-2312
-2587
-2777
-2772
-2652
-2605
-2712
-2865
-2904
-2792
-2629
-2539
-2561
-2618
-2575
-2376
-2147
-2056
-2090
-2055
-1859
-1639
-1537
-1507
-1433
-1323
-1242
-1168
-1056
-964
-961
-977
-919
-828
-812
-844
-833
-807
-863
-951
-923
-796
-763
-902
-1048
-1026
-876
-755
-750
-829
-904
-867
-672
-435
-350
-448
-507
-315
54
316
320
216
277
596
1003
1239
1225
1147
1270
1656
2078
2259
2164
2054
2204
2609
2979
3047
2859
2725
2877
3219
3443
3366
3104
2935
3004
3193
3254
3063
2742
2529
2522
2585
2494
2193
1838
1620
1555
1494
1296
977
665
461
349
227
23
-241
-479
-633
-736
-865
-1053
-1247
-1373
-1428
-1480
-1575
-1690
-1766
-1780
-1761
-1761
-1799
-1844
-1841
-1771
-1675
-1618
-1619
-1628
-1577
-1453
-1309
-1215
-1191
-1195
-1166
-1074
-954
-867
-848
-875
-889
-849
-774
-727
-751
-826
-888
-891
-853
-835
-886
-990
-1078
-1095
-1055
-1031
-1077
-1168
-1225
-1192
-1101
-1037
-1045
-1090
-1090
-1003
-877
-796
-791
-797
-728
-572
-416
-352
-372
-370
-266
-91
31
29
-39
-39
89
258
320
236
125
149
327
504
511
360
240
324
574
771
753
588
518
696
1022
1240
1213
1067
1064
1317
1669
1857
1794
1653
1686
1946
2239
2330
2188
2018
2031
2228
2398
2344
2091
1850
1798
1890
1916
1727
1401
1140
1060
1070
985
733
422
224
182
179
71
-157
-375
-449
-396
-355
-429
-572
-645
-580
-452
-388
-431
-497
-472
-339
-199
-164
-235
-304
-275
-169
-101
-149
-275
-379
-408
-405
-454
-585
-762
-917
-1024
-1108
-1217
-1364
-1518
-1641
-1730
-1809
-1900
-1997
-2080
-2129
-2144
-2137
-2118
-2088
-2042
-1981
-1907
-1817
-1706
-1575
-1439
-1314
-1200
-1082
-941
-783
-644
-552
-493
-418
-304
-189
-128
-129
-141
-116
-63
-34
-64
-130
-173
-162
-129
-141
-211
-264
-226
-118
-42
-53
-83
-15
172
383
499
523
573
764
1074
1353
1480
1504
1598
1855
2180
2396
2440
2427
2505
2697
2882
2932
2841
2728
2709
2772
2796
2682
2461
2250
2122
2047
1933
1728
1466
1225
1053
923
768
558
329
145
26
-64
-177
-321
-461
-549
-575
-584
-625
-694
-741
-736
-711
-715
-758
-791
-780
-740
-723
-758
-820
-850
-830
-812
-868
-996
-1107
-1133
-1110
-1143
-1268
-1421
-1505
-1508
-1500
-1555
-1666
-1750
-1747
-1689
-1668
-1727
-1796
-1777
-1672
-1576
-1563
-1593
-1564
-1431
-1254
-1140
-1125
-1140
-1074
-907
-737
-677
-718
-739
-646
-475
-351
-353
-432
-465
-379
-226
-139
-185
-287
-298
-172
-19
24
-58
-137
-83
105
300
374
335
317
439
665
854
916
918
985
1159
1364
1504
1560
1591
1661
1771
1880
1949
1990
2029
2064
2066
2035
2011
2013
2002
1924
1789
1677
1647
1661
1617
1463
1262
1135
1130
1156
1085
894
703
640
693
735
667
514
397
399
485
538
482
361
284
307
378
407
357
265
190
172
201
222
165
27
-116
-180
-173
-185
-284
-449
-597
-673
-694
-737
-860
-1037
-1173
-1216
-1218
-1277
-1407
-1531
-1582
-1583
-1603
-1668
-1743
-1785
-1790
-1787
-1804
-1836
-1848
-1824
-1796
-1806
-1846
-1861
-1821
-1774
-1779
-1832
-1857
-1806
-1720
-1683
-1721
-1765
-1734
-1633
-1550
-1555
-1603
-1587
-1459
-1287
-1186
-1177
-1178
-1085
-894
-699
-595
-568
-512
-351
-121
71
173
233
336
507
701
840
895
914
985
1146
1326
1425
1425
1414
1478
1604
1707
1731
1700
1684
1728
1822
1901
1920
1896
1904
1980
2085
2153
2176
2197
2248
2320
2389
2451
2511
2572
2632
2682
2716
2738
2765
2798
2811
2784
2730
2688
2663
2615
2504
2351
2209
2101
1981
1794
1543
1296
1100
939
744
483
195
-55
-248
-432
-657
-924
-1185
-1391
-1542
-1678
-1840
-2020
-2178
-2288
-2360
-2422
-2499
-2594
-2684
-2735
-2737
-2721
-2737
-2798
-2854
-2852
-2799
-2758
-2780
-2847
-2891
-2869
-2803
-2761
-2790
-2864
-2902
-2854
-2763
-2718
-2751
-2797
-2762
-2638
-2507
-2444
-2436
-2404
-2284
-2101
-1932
-1817
-1716
-1561
-1344
-1120
-942
-790
-609
-386
-157
36
198
377
587
800
974
1110
1247
1415
1596
1746
1844
1915
2001
2116
2234
2315
2349
2371
2423
2513
2607
2665
2681
2693
2742
2827
2907
2945
2950
2967
3023
3096
3143
3150
3138
3138
3164
3194
3197
3156
3084
3010
2952
2894
2806
2675
2513
2341
2167
1988
1799
1597
1385
1163
928
675
414
167
-51
-263
-498
-747
-971
-1151
-1322
-1521
-1737
-1918
-2030
-2101
-2179
-2292
-2413
-2491
-2504
-2488
-2506
-2579
-2655
-2668
-2605
-2530
-2518
-2577
-2635
-2618
-2524
-2436
-2431
-2502
-2559
-2526
-2425
-2353
-2377
-2455
-2479
-2399
-2279
-2225
-2267
-2318
-2276
-2132
-1975
-1891
-1877
-1856
-1756
-1574
-1381
-1250
-1185
-1109
-956
-742
-549
-420
-320
-184
-1
193
359
494
615
743
885
1021
1128
1212
1308
1427
1542
1626
1697
1782
1872
1935
1971
2007
2069
2141
2204
2248
2275
2297
2336
2400
2456
2462
2421
2391
2422
2493
2537
2508
2427
2356
2332
2338
2314
2224
2098
1997
1937
1879
1771
1616
1458
1334
1235
1117
955
773
615
496
386
254
101
-47
-173
-283
-382
-479
-574
-660
-727
-779
-837
-905
-958
-977
-981
-1004
-1035
-1039
-1015
-998
-1018
-1053
-1076
-1076
-1061
-1048
-1058
-1095
-1126
-1122
-1104
-1123
-1192
-1263
-1291
-1289
-1300
-1345
-1406
-1461
-1486
-1482
-1479
-1519
-1591
-1633
-1603
-1538
-1512
-1546
-1589
-1575
-1493
-1391
-1330
-1325
-1320
-1252
-1121
-994
-928
-904
-859
-753
-607
-475
-390
-337
-273
-165
-38
67
132
182
247
330
418
500
564
611
650
700
767
835
883
909
922
936
967
1017
1068
1091
1084
1078
1098
1133
1150
1140
1122
1112
1111
1114
1112
1097
1070
1041
1023
1014
996
957
903
842
789
760
757
757
729
671
618
593
582
557
513
465
435
429
442
448
430
397
373
370
368
357
344
338
325
299
276
271
269
248
200
139
86
53
38
11
-55
-152
-231
-267
-292
-354
-453
-556
-628
-667
-694
-746
-839
-947
-1016
-1030
-1026
-1052
-1112
-1174
-1207
-1203
-1178
-1168
-1194
-1234
-1242
-1204
-1154
-1130
-1138
-1155
-1155
-1126
-1081
-1055
-1065
-1093
-1100
-1081
-1068
-1083
-1116
-1142
-1149
-1141
-1133
-1147
-1183
-1218
-1224
-1206
-1188
-1179
-1165
-1139
-1101
-1053
-994
-926
-854
-778
-688
-587
-478
-359
-228
-95
31
157
296
441
585
722
852
973
1086
1203
1322
1425
1508
1585
1672
1758
1825
1868
1893
1912
1934
1963
1986
1984
1963
1948
1948
1945
1923
1887
1854
1828
1807
1789
1765
1728
1683
1642
1610
1578
1541
1501
1463
1424
1385
1345
1300
1246
1188
1126
1059
985
911
841
758
657
554
466
384
287
169
37
-94
-213
-317
-426
-564
-725
-867
-968
-1054
-1163
-1305
-1448
-1569
-1658
-1725
-1795
-1888
-2001
-2101
-2160
-2187
-2214
-2262
-2318
-2357
-2364
-2353
-2353
-2374
-2391
-2377
-2331
-2282
-2252
-2236
-2219
-2181
-2118
-2047
-1991
-1950
-1898
-1808
-1697
-1597
-1518
-1446
-1359
-1253
-1129
-995
-876
-775
-664
-515
-344
-188
-53
89
256
428
578
711
850
1005
1162
1302
1423
1538
1662
1789
1900
1988
2068
2156
2245
2314
2351
2369
2386
2409
2429
2431
2418
2404
2396
2389
2369
2341
2312
2282
2244
2206
2181
2153
2095
2008
1934
1906
1907
1892
1833
1747
1668
1619
1597
1573
1517
1412
1278
1150
1055
984
909
796
645
483
349
238
109
-67
-259
-419
-549
-702
-915
-1149
-1338
-1461
-1565
-1706
-1898
-2098
-2255
-2351
-2417
-2494
-2591
-2691
-2784
-2872
-2934
-2937
-2882
-2835
-2845
-2876
-2849
-2745
-2625
-2537
-2461
-2359
-2231
-2107
-1991
-1868
-1727
-1580
-1441
-1319
-1206
-1071
-895
-712
-595
-557
-518
-393
-204
-45
33
64
104
170
265
388
505
553
526
520
644
860
1006
971
838
796
925
1124
1249
1276
1271
1269
1250
1228
1286
1448
1614
1668
1610
1547
1556
1625
1705
1750
1750
1739
1761
1800
1778
1686
1635
1706
1802
1769
1618
1499
1452
1383
1281
1264
1346
1339
1125
859
753
781
776
712
681
636
430
96
-121
-116
-65
-146
-309
-437
-556
-726
-871
-904
-897
-967
-1075
-1123
-1167
-1318
-1498
-1516
-1377
-1286
-1342
-1455
-1569
-1717
-1808
-1645
-1279
-1089
-1310
-1696
-1853
-1737
-1569
-1430
-1240
-1073
-1151
-1470
-1695
-1552
-1156
-847
-798
-910
-1015
-1056
-1053
-982
-814
-649
-669
-873
-972
-745
-390
-305
-521
-668
-533
-327
-282
-295
-201
-105
-168
-272
-192
20
134
98
59
88
127
147
153
99
-30
-91
35
232
287
162
15
-9
138
411
644
653
478
387
502
647
666
688
855
1034
1048
982
999
1047
1012
1007
1209
1524
1686
1596
1361
1126
1069
1342
1819
2065
1830
1401
1201
1278
1433
1601
1745
1647
1203
763
737
1009
1102
860
539
364
337
415
529
489
223
-1
97
386
505
375
195
91
59
95
108
-65
-309
-234
187
388
23
-478
-624
-592
-684
-644
-276
-109
-552
-991
-775
-510
-1076
-1908
-1803
-1010
-787
-1108
-996
-1073
-3116
-6328
-6933
-3298
847
833
-2920
-6004
-6077
-4749
-3682
-2201
152
1444
-227
-3513
-5066
-3584
-1028
226
143
322
1247
1398
-504
-3133
-3631
-1153
1904
2834
1635
39
-1268
-2667
-3566
-2602
-85
1696
1257
-525
-2158
-3253
-3798
-3340
-1908
-517
144
352
19
-1573
-3669
-3652
-479
3145
4072
2781
1854
1785
1258
705
2105
5124
6773
5746
4144
3789
3686
2723
2323
4063
6549
7044
5132
2693
1170
795
1698
3649
5112
4445
2048
-132
-953
-616
600
2382
3469
2582
430
-843
-429
502
1110
2015
3486
4212
3054
935
-159
615
2575
4604
5766
5416
3691
1707
692
1059
2476
4251
5280
4492
2087
-235
-1037
-627
-100
362
1114
1521
343
-2263
-4430
-4692
-3438
-1935
-927
-759
-1815
-3823
-5385
-5219
-3614
-1910
-931
-684
-1167
-2323
-3338
-3133
-1729
-271
481
736
661
-96
-1386
-2080
-1387
80
1136
1292
638
-705
-2230
-2865
-2122
-903
-378
-616
-1153
-2130
-3657
-4707
-4129
-2482
-1448
-1576
-2039
-2457
-3254
-4048
-3523
-1546
175
337
-389
-864
-1088
-1283
-737
989
2693
2922
2052
1558
1757
1807
1612
2052
3224
3910
3276
1972
1084
844
908
1137
1543
1834
1592
757
-289
-1048
-1248
-1012
-703
-546
-501
-588
-997
-1687
-2192
-2112
-1477
-510
518
1005
345
-1024
-1643
-785
551
1136
1163
1393
1497
723
-314
-206
977
1659
1164
530
503
332
-654
-1655
-1636
-951
-685
-1114
-1795
-2533
-3303
-3667
-3276
-2646
-2608
-3173
-3673
-3784
-3736
-3649
-3372
-2961
-2698
-2618
-2468
-2168
-1909
-1791
-1671
-1378
-874
-282
99
20
-327
-387
84
677
883
674
320
-14
-201
-60
293
364
-77
-585
-711
-667
-856
-1113
-1038
-783
-843
-1190
-1344
-1222
-1224
-1403
-1249
-505
330
622
355
1
-24
416
1194
1951
2312
2268
2158
2191
2244
2254
2476
3088
3735
3865
3405
2831
2520
2363
2150
2052
2354
2800
2663
1670
524
166
658
1231
1326
1090
818
443
-100
-478
-329
202
635
736
637
526
503
647
943
1228
1415
1621
1896
1993
1733
1412
1463
1851
2134
2084
1883
1724
1572
1400
1313
1308
1176
788
313
0
-125
-202
-334
-536
-807
-1112
-1323
-1310
-1140
-1083
-1318
-1668
-1753
-1453
-1095
-1037
-1204
-1228
-969
-654
-508
-479
-399
-210
25
199
229
160
138
182
137
36
202
646
737
32
-820
-820
-131
90
-553
-1143
-995
-688
-938
-1390
-1383
-1153
-1306
-1620
-1444
-927
-828
-1239
-1493
-1279
-965
-768
-480
-117
-25
-170
-61
406
702
537
327
531
1009
1347
1377
1162
841
695
963
1451
1671
1469
1149
931
742
590
654
865
883
637
449
487
532
427
307
292
356
560
915
1032
539
-130
-101
653
1183
998
735
975
1273
1035
628
743
1203
1292
971
856
1127
1259
897
365
156
364
727
903
686
195
-170
-185
-85
-172
-372
-456
-474
-600
-737
-685
-574
-685
-957
-1067
-960
-888
-960
-1002
-916
-840
-884
-993
-1104
-1218
-1287
-1214
-998
-779
-717
-905
-1292
-1618
-1585
-1254
-1039
-1161
-1347
-1305
-1212
-1389
-1706
-1751
-1493
-1309
-1387
-1491
-1424
-1325
-1393
-1551
-1572
-1384
-1131
-1013
-1105
-1253
-1208
-927
-673
-692
-868
-879
-656
-444
-426
-467
-336
-47
144
68
-123
-128
121
369
411
396
563
807
826
632
579
821
1109
1224
1261
1337
1368
1310
1314
1436
1493
1436
1503
1753
1857
1625
1395
1506
1721
1646
1403
1383
1535
1468
1147
944
1014
1120
1090
1007
920
746
530
438
459
443
428
555
689
534
147
-66
53
240
309
398
577
608
349
35
-61
17
120
277
503
578
314
-94
-300
-266
-231
-302
-344
-271
-243
-441
-811
-1104
-1158
-1062
-1034
-1149
-1279
-1305
-1320
-1467
-1670
-1706
-1546
-1436
-1537
-1680
-1602
-1323
-1136
-1217
-1399
-1395
-1171
-985
-1017
-1097
-945
-615
-461
-632
-840
-796
-620
-593
-679
-607
-372
-293
-542
-877
-962
-762
-517
-447
-570
-728
-748
-629
-544
-600
-657
-525
-255
-77
-61
-60
29
145
251
420
663
858
914
910
967
1106
1274
1416
1484
1476
1468
1524
1580
1526
1372
1236
1165
1139
1159
1188
1073
747
441
429
598
568
278
59
81
94
-81
-220
-108
42
-59
-254
-179
131
283
143
18
171
456
581
491
375
400
568
755
840
806
734
685
642
600
593
599
526
374
270
256
179
-43
-250
-295
-289
-391
-497
-451
-390
-558
-858
-942
-752
-602
-676
-790
-752
-646
-611
-610
-564
-514
-493
-427
-302
-238
-291
-332
-266
-187
-196
-231
-220
-245
-370
-469
-408
-283
-283
-413
-528
-574
-621
-694
-733
-702
-633
-564
-531
-579
-679
-707
-601
-468
-420
-388
-247
-46
45
5
-13
77
188
245
318
479
646
683
607
552
587
630
608
579
640
759
799
706
574
503
464
403
362
422
528
537
428
341
368
428
407
333
317
391
482
527
533
536
542
530
490
452
478
580
678
685
628
597
603
555
428
342
402
547
618
557
438
351
316
314
321
322
312
312
329
341
312
251
207
201
208
190
145
97
67
59
58
38
-26
-138
-264
-361
-410
-419
-413
-416
-455
-549
-688
-830
-934
-979
-966
-899
-807
-763
-822
-954
-1059
-1078
-1037
-971
-876
-750
-655
-659
-740
-802
-793
-731
-649
-553
-459
-410
-424
-459
-472
-470
-484
-494
-464
-413
-389
-398
-390
-351
-326
-346
-384
-391
-363
-323
-257
-154
-58
-22
-30
-22
17
51
90
210
420
590
597
505
478
563
649
663
684
800
940
962
862
776
784
822
814
793
816
841
784
663
595
636
712
714
640
566
539
533
524
522
541
574
590
575
528
466
417
423
491
587
643
613
509
387
305
280
272
259
244
243
228
152
19
-107
-173
-203
-249
-307
-338
-343
-382
-479
-585
-639
-648
-667
-711
-733
-695
-622
-574
-585
-644
-718
-764
-758
-707
-637
-574
-528
-505
-528
-600
-680
-710
-671
-590
-506
-439
-420
-475
-586
-673
-673
-608
-544
-501
-453
-396
-370
-395
-427
-416
-364
-304
-238
-157
-78
-37
-28
0
68
129
144
145
187
276
365
417
439
448
432
392
362
381
443
510
552
572
578
555
497
442
438
499
584
635
626
578
538
532
544
554
564
595
639
661
639
602
583
583
581
570
548
501
418
338
316
350
367
317
225
145
73
-10
-79
-82
-31
-14
-83
-192
-268
-304
-345
-384
-365
-271
-179
-173
-251
-339
-377
-361
-318
-268
-223
-196
-191
-201
-224
-255
-273
-260
-232
-228
-257
-289
-306
-328
-366
-396
-391
-387
-430
-497
-516
-465
-409
-410
-451
-475
-471
-469
-479
-469
-417
-352
-302
-275
-258
-250
-248
-234
-187
-113
-50
-27
-37
-51
-48
-21
20
48
46
20
9
32
66
82
78
83
98
100
76
50
49
74
118
180
239
251
198
133
132
210
306
361
380
390
386
355
316
312
361
430
475
478
448
401
351
310
291
296
314
327
306
245
169
119
118
142
147
115
79
59
45
18
-9
3
49
76
47
-9
-38
-27
2
31
66
96
95
54
9
6
40
72
74
58
47
40
6
-55
-105
-104
-67
-48
-71
-105
-116
-117
-134
-155
-152
-133
-146
-201
-247
-234
-187
-164
-186
-211
-214
-218
-248
-279
-260
-198
-152
-166
-217
-260
-282
-296
-298
-262
-202
-171
-210
-285
-331
-326
-300
-279
-254
-209
-158
-141
-171
-218
-226
-178
-108
-63
-57
-63
-57
-45
-31
-4
44
90
106
94
83
92
117
149
183
208
210
192
176
174
182
194
217
247
263
240
191
158
169
208
241
248
235
215
195
181
185
210
243
261
256
233
202
176
170
192
232
261
262
240
203
167
150
171
214
238
225
190
161
136
113
108
137
177
183
144
95
69
63
63
72
95
106
76
12
-41
-47
-19
3
-1
-22
-46
-79
-123
-158
-164
-147
-134
-143
-172
-215
-274
-324
-336
-299
-247
-225
-245
-289
-332
-355
-347
-311
-276
-265
-280
-305
-327
-338
-331
-298
-253
-226
-227
-249
-276
-292
-288
-264
-226
-193
-182
-195
-221
-241
-233
-194
-141
-102
-92
-109
-130
-137
-124
-94
-53
-5
32
38
18
0
14
56
103
134
153
155
136
104
95
123
168
198
204
195
176
154
144
158
184
204
210
207
197
181
167
170
198
230
243
231
208
194
196
209
227
247
264
268
251
225
210
220
246
275
290
276
231
177
147
154
177
191
180
150
109
70
44
32
29
31
37
33
4
-50
-98
-116
-109
-96
-90
-96
-119
-160
-203
-222
-207
-170
-138
-127
-142
-173
-202
-214
-202
-174
-148
-143
-159
-185
-209
-226
-229
-212
-180
-160
-176
-216
-246
-255
-253
-243
-214
-179
-170
-208
-261
-286
-267
-228
-190
-156
-131
-122
-136
-161
-168
-142
-90
-38
-7
5
9
11
14
29
66
111
139
138
122
112
118
133
157
184
204
200
168
126
105
122
159
180
168
138
116
105
95
94
117
159
192
194
176
156
145
150
178
219
249
248
224
199
189
196
226
272
312
317
282
230
192
184
196
210
215
202
163
106
53
33
47
65
58
26
-17
-64
-107
-132
-124
-94
-76
-87
-117
-147
-170
-178
-159
-106
-43
-3
-9
-51
-99
-119
-92
-34
20
37
19
-16
-49
-65
-53
-19
21
37
13
-43
-104
-136
-132
-111
-97
-101
-118
-148
-187
-220
-224
-195
-149
-116
-118
-157
-209
-240
-226
-174
-109
-54
-30
-40
-75
-101
-84
-25
42
86
100
90
61
28
17
41
86
118
119
90
55
27
16
19
33
51
61
48
11
-30
-46
-27
18
61
78
54
11
-20
-10
34
85
117
123
109
90
84
99
131
166
201
228
233
202
154
125
135
175
209
212
175
111
51
23
32
59
81
84
68
35
-7
-39
-40
-8
28
41
16
-27
-60
-65
-51
-29
-7
11
19
9
-11
-25
-22
3
41
68
57
8
-50
-82
-81
-63
-47
-45
-69
-122
-189
-233
-236
-215
-194
-190
-206
-241
-291
-333
-345
-319
-280
-253
-250
-259
-266
-270
-274
-267
-238
-196
-170
-179
-210
-233
-231
-204
-164
-126
-112
-128
-160
-177
-166
-136
-112
-102
-105
-120
-147
-180
-206
-205
-179
-144
-127
-135
-151
-155
-140
-112
-75
-32
3
20
21
21
34
65
108
153
186
196
186
178
190
224
263
286
288
272
250
227
211
210
228
258
275
263
223
172
132
120
139
166
180
170
154
143
133
121
116
136
169
185
172
150
141
152
174
195
211
215
207
186
168
161
162
165
160
147
121
83
40
5
-17
-37
-67
-105
-137
-157
-179
-205
-219
-207
-184
-180
-203
-237
-254
-248
-231
-212
-199
-194
-194
-194
-185
-166
-140
-115
-95
-79
-68
-64
-67
-68
-58
-40
-28
-34
-55
-78
-87
-83
-72
-65
-73
-95
-120
-142
-156
-163
-161
-143
-117
-98
-96
-106
-112
-99
-64
-12
42
83
100
97
95
114
156
201
224
230
238
257
277
281
277
279
292
303
296
273
242
220
211
213
213
200
174
144
117
96
83
82
91
97
86
63
47
51
76
99
106
106
110
119
120
111
109
130
162
183
183
168
152
140
129
119
110
100
82
57
30
12
2
-9
-30
-59
-89
-115
-144
-175
-197
-201
-190
-179
-177
-177
-170
-157
-148
-143
-132
-109
-86
-80
-87
-86
-57
-19
-1
-14
-36
-38
-20
1
8
6
5
6
0
-16
-38
-56
-68
-74
-76
-83
-97
-118
-140
-156
-159
-155
-144
-129
-118
-119
-121
-111
-76
-32
-3
-1
-10
-6
19
54
83
104
118
133
148
154
144
119
97
94
109
122
111
79
44
25
18
13
3
-11
-27
-49
-73
-93
-102
-98
-91
-86
-88
-91
-94
-93
-84
-66
-48
-34
-23
-4
21
42
55
68
89
111
120
108
87
75
72
77
81
81
69
48
25
14
8
-2
-22
-42
-54
-65
-84
-106
-115
-109
-101
-103
-115
-123
-124
-120
-109
-86
-52
-25
-19
-24
-21
-1
19
23
21
36
68
90
81
52
34
36
40
31
14
5
5
2
-14
-33
-46
-49
-49
-61
-88
-119
-134
-126
-104
-89
-87
-92
-95
-96
-93
-80
-55
-26
-10
-7
-6
4
19
33
43
54
70
83
82
72
68
74
88
95
91
82
71
49
19
-7
-9
3
10
-4
-28
-44
-42
-33
-27
-28
-32
-31
-22
-7
5
9
15
33
57
73
75
73
75
83
90
100
116
134
138
128
115
112
119
124
120
113
106
98
79
50
25
19
25
22
-4
-45
-75
-84
-77
-63
-46
-30
-27
-42
-64
-72
-62
-47
-35
-23
-8
7
8
-6
-23
-25
-7
16
26
16
-10
-33
-47
-47
-36
-23
-19
-32
-50
-54
-37
-25
-30
-46
-48
-35
-24
-32
-49
-58
-60
-63
-69
-73
-70
-66
-64
-57
-35
-3
25
34
20
2
-4
10
29
38
34
27
21
19
20
25
27
24
20
23
32
39
34
21
12
13
23
34
39
30
12
-2
0
11
22
34
53
70
78
72
67
73
85
91
91
89
84
78
79
94
115
120
106
86
78
78
78
69
56
45
41
39
34
20
-1
-19
-26
-20
-10
-7
-15
-21
-10
22
47
39
4
-25
-31
-20
-12
-5
11
29
34
21
14
22
30
20
-2
-18
-23
-26
-36
-46
-50
-50
-53
-56
-55
-55
-61
-71
-78
-77
-74
-80
-93
-110
-121
-125
-127
-132
-132
-118
-95
-85
-97
-121
-138
-142
-137
-129
-118
-106
-96
-97
-106
-118
-122
-107
-80
-69
-88
-123
-140
-127
-107
-101
-107
-111
-113
-116
-118
-104
-84
-76
-92
-109
-105
-85
-73
-79
-88
-84
-70
-63
-66
-68
-59
-40
-26
-25
-29
-24
-14
-6
-2
8
25
36
30
21
24
38
43
38
36
47
61
68
71
74
81
85
89
98
103
96
85
84
98
106
98
85
84
91
93
79
63
57
62
70
73
77
90
110
119
108
88
82
89
92
80
64
56
53
42
30
30
39
43
33
23
30
47
55
47
34
28
35
50
64
67
56
38
29
30
33
30
21
10
-5
-23
-36
-41
-37
-27
-15
-8
-15
-33
-52
-63
-65
-61
-57
-56
-63
-74
-81
-78
-72
-71
-70
-61
-50
-50
-61
-64
-51
-37
-35
-40
-36
-22
-10
-8
-15
-20
-21
-19
-12
-3
8
22
36
40
29
15
12
22
32
31
26
22
17
14
14
23
30
27
16
10
14
21
27
29
30
32
40
49
58
59
58
61
68
73
74
78
84
85
83
86
101
112
105
88
81
88
98
96
86
75
70
70
69
65
56
55
66
81
79
55
30
25
33
35
25
15
17
21
20
13
10
15
21
21
11
0
-6
-3
-1
-6
-18
-27
-31
-33
-32
-24
-13
-13
-27
-43
-47
-43
-42
-50
-56
-61
-66
-72
-72
-65
-62
-67
-72
-74
-80
-90
-95
-82
-61
-50
-54
-62
-60
-51
-48
-53
-56
-47
-31
-22
-24
-30
-27
-12
-5
-14
-26
-19
-1
3
-10
-18
-11
-4
-19
-39
-43
-30
-25
-33
-35
-17
3
7
3
14
35
38
14
-16
-20
3
28
32
14
-4
-4
11
22
18
2
-4
11
40
62
56
23
-13
-20
4
34
44
35
30
34
39
36
40
58
71
56
24
3
8
26
30
14
-8
-26
-30
-14
10
23
13
-12
-31
-31
-23
-19
-25
-35
-42
-42
-42
-45
-49
-47
-37
-29
-31
-42
-51
-54
-57
-62
-66
-72
-83
-95
-98
-91
-86
-91
-92
-79
-57
-45
-49
-60
-70
-82
-95
-94
-76
-54
-47
-52
-51
-36
-15
-6
-12
-18
-20
-19
-23
-29
-27
-16
-8
-10
-12
-1
22
34
27
15
18
29
26
6
-9
-5
10
19
18
18
23
27
28
31
43
53
51
39
29
32
40
42
26
6
-1
9
23
29
34
49
67
71
61
51
58
73
76
63
49
45
46
45
43
45
51
56
55
55
56
62
69
67
56
44
39
40
37
28
22
24
27
22
9
1
-1
0
0
-1
-2
-9
-16
-14
-8
-10
-24
-35
-31
-12
-3
-6
-13
-12
-10
-14
-26
-36
-40
-45
-55
-66
-68
-57
-39
-26
-26
-36
-46
-46
-38
-27
-18
-17
-23
-28
-25
-15
-7
-7
-14
-13
-4
3
0
-5
-5
3
9
6
-3
-5
5
17
16
3
-6
8
36
53
46
27
18
26
43
53
54
50
41
35
36
46
51
45
35
32
36
37
30
20
18
24
33
41
43
37
26
17
16
20
23
20
18
19
22
24
28
30
24
12
4
4
10
10
4
3
8
13
9
4
4
7
3
-11
-20
-17
-13
-16
-24
-23
-12
0
3
-2
-12
-18
-20
-14
-11
-19
-38
-51
-47
-33
-25
-27
-27
-21
-16
-22
-32
-35
-30
-25
-29
-36
-40
-39
-36
-34
-37
-45
-55
-61
-54
-39
-27
-27
-38
-49
-50
-46
-43
-46
-47
-44
-46
-53
-57
-48
-29
-18
-23
-39
-46
-39
-28
-24
-29
-36
-35
-25
-16
-13
-11
-2
9
12
3
-5
-1
7
6
-3
-4
3
6
1
0
5
7
1
3
22
44
40
19
6
13
19
8
-6
-2
13
14
-6
-27
-30
-18
-1
14
23
22
16
17
24
24
8
-8
-3
16
25
18
10
18
33
36
27
17
19
27
31
24
8
-7
-11
-2
13
25
31
30
28
27
26
26
23
20
22
25
19
4
-8
-7
4
12
10
3
-3
-3
2
9
14
12
7
5
9
10
5
2
6
11
5
-7
-17
-17
-13
-8
-4
-1
-1
-3
-4
-1
4
2
-4
-7
-9
-6
3
12
8
-14
-38
-38
-17
-8
-23
-35
-19
5
4
-16
-18
6
27
16
-12
-22
-6
12
17
11
6
4
8
17
25
23
11
2
5
11
9
2
0
5
17
27
32
28
20
21
33
43
37
25
29
51
68
58
28
8
16
41
55
46
22
7
10
25
31
26
24
32
33
14
-14
-25
-11
9
13
1
-12
-16
-5
13
28
26
4
-22
-32
-27
-23
-27
-32
-34
-33
-32
-29
-28
-34
-42
-38
-18
-4
-6
-12
-7
6
7
-3
-9
-5
-1
-5
-11
-10
-9
-4
3
7
-4
-26
-33
-14
7
7
-12
-25
-27
-27
-29
-24
-17
-21
-38
-53
-57
-56
-60
-59
-43
-20
-12
-24
-41
-46
-38
-33
-40
-55
-62
-56
-39
-23
-17
-18
-19
-15
-7
-7
-13
-19
-9
16
37
35
12
-8
-4
20
41
41
24
11
16
32
43
44
48
53
51
38
29
35
44
41
32
30
35
35
28
26
32
33
24
16
19
23
15
-3
-16
-11
11
30
29
4
-23
-25
-10
-1
-8
-12
-2
6
0
-12
-12
0
10
18
24
20
6
-7
-1
18
29
21
7
-4
-8
-2
13
24
14
-6
-15
-6
6
14
30
52
61
45
20
9
5
-6
-20
-19
-4
5
-2
-16
-19
-16
-16
-24
-32
-32
-25
-17
-14
-15
-14
-10
-6
-4
-4
-2
-4
-12
-25
-34
-33
-21
-6
3
5
3
-1
-12
-28
-33
-19
3
7
-3
-4
13
27
18
5
11
28
29
11
-2
5
20
25
20
9
1
1
17
36
36
16
-1
3
21
33
34
32
28
16
0
-12
-15
-11
1
16
19
9
-5
-8
-4
-3
-7
-13
-18
-23
-22
-17
-20
-34
-44
-30
4
23
13
-14
-28
-22
-7
2
2
-2
-4
-6
-6
-3
12
33
42
28
4
-11
-6
7
14
12
6
-1
-7
-10
-8
-1
11
23
29
24
12
6
5
4
1
-4
-13
-26
-35
-33
-25
-24
-32
-36
-31
-28
-31
-29
-22
-18
-25
-30
-21
-10
-22
-51
-67
-48
-10
16
20
2
-25
-49
-57
-40
-22
-26
-51
-65
-52
-23
-9
-18
-27
-22
-7
-1
-7
-18
-23
-23
-21
-15
-8
-1
2
2
-2
-5
3
21
41
48
41
31
29
35
36
26
8
-9
-12
-1
8
3
-8
-6
19
42
35
3
-26
-25
-1
17
11
-6
-15
-11
-5
-7
-6
5
19
26
29
35
42
40
26
13
5
-4
-9
0
24
41
34
16
9
17
22
15
3
-5
-12
-21
-25
-17
-4
4
7
4
-3
-12
-15
-10
-3
-6
-19
-28
-20
-1
14
10
-2
-5
6
17
15
4
-7
-14
-18
-26
-37
-44
-40
-25
-12
-15
-24
-21
-10
-8
-21
-25
-4
21
21
0
-15
-18
-19
-24
-18
1
13
15
22
40
52
51
50
61
66
52
31
22
30
43
52
56
48
33
29
50
76
82
68
56
53
47
39
38
45
45
36
28
29
30
27
27
33
35
34
38
43
34
12
-5
-5
2
3
1
3
6
3
-2
-4
-6
-12
-19
-11
10
27
25
10
-3
-6
-6
-10
-19
-24
-21
-14
-16
-22
-22
-15
-13
-23
-35
-37
-34
-36
-41
-44
-39
-28
-18
-18
-28
-38
-38
-31
-32
-41
-43
-33
-25
-32
-38
-27
-10
-2
-3
1
11
9
-2
-4
11
30
37
31
19
9
4
3
-5
-19
-26
-11
16
31
26
17
14
10
1
-1
11
21
19
8
4
8
12
12
4
-10
-17
-2
23
36
26
14
15
22
21
19
22
20
-3
-26
-23
-1
10
4
5
22
32
19
-4
-10
0
8
8
5
1
-6
-12
-15
-12
-10
-10
-10
-8
-3
4
6
-6
-31
-53
-61
-55
-49
-46
-41
-32
-22
-19
-20
-21
-15
-5
-2
-10
-23
-31
-35
-39
-43
-36
-26
-25
-32
-35
-29
-31
-43
-50
-44
-36
-38
-40
-32
-27
-40
-59
-57
-33
-16
-25
-46
-60
-69
-78
-78
-57
-29
-17
-24
-37
-38
-27
-9
2
-1
-19
-33
-30
-13
9
30
48
52
40
25
23
30
28
15
11
24
35
21
-7
-19
-11
-3
-9
-15
-2
22
43
43
23
-7
-24
-20
-8
-7
-18
-19
-6
-1
-20
-42
-36
-9
3
-17
-44
-52
-32
-3
20
28
25
21
30
45
48
