0
0
1
1
1
0
0
1
1
0
0
0
0
0
0
0
0
1
1
1
-1
0
0
-1
1
0
0
0
0
0
-1
-1
0
0
1
0
1
0
1
1
1
1
1
1
1
0
0
1
0
1
0
0
1
1
2
0
1
0
0
1
1
0
1
0
1
1
-1
-1
0
0
0
0
0
0
0
0
0
0
0
-1
-1
-1
0
0
0
-1
0
1
1
0
-1
-1
0
0
-1
0
1
0
-1
0
0
-1
0
0
0
0
-1
0
0
0
0
0
0
0
0
0
1
0
-1
-1
0
-1
0
0
0
0
-1
-1
0
0
0
0
1
-1
-1
0
-1
-1
-1
-1
-1
-1
0
0
-1
-1
0
1
1
0
-1
0
1
1
1
0
-1
0
1
1
0
0
0
0
-1
0
-1
0
-1
-1
0
0
0
0
0
1
0
0
1
1
0
0
-1
-1
-1
0
1
-1
-1
-1
0
-1
0
1
0
-1
-1
0
1
0
0
0
0
0
0
0
0
0
-2
-1
0
0
0
0
0
0
0
-1
-1
-1
0
0
-1
0
-1
0
0
0
0
0
0
-1
1
0
1
0
0
0
-1
-1
-1
0
-1
1
1
-1
0
0
0
0
0
0
0
-1
0
-1
-1
-1
0
-1
0
0
-1
-1
0
0
0
0
0
-1
0
0
-1
-1
-1
0
0
1
-1
1
1
-1
0
1
0
0
0
-1
1
0
0
1
0
0
-1
0
1
0
0
-1
0
0
1
0
1
0
1
1
-1
0
-2
-1
0
0
0
-1
-2
0
0
0
-1
-1
0
0
1
0
0
1
1
0
-1
1
0
-1
-1
0
0
0
1
0
0
1
0
0
1
0
0
1
0
0
-1
1
1
1
1
0
0
0
0
1
1
0
1
1
1
1
0
0
1
1
1
0
2
0
1
1
0
-1
-1
0
1
1
0
-1
0
0
0
0
-1
0
-1
0
0
0
-1
0
0
1
0
0
-1
0
0
0
0
-1
0
1
-1
0
0
0
0
0
1
0
0
0
0
0
0
-1
-1
0
0
0
0
-1
-1
0
0
0
-1
0
-1
-1
0
0
-1
-1
0
0
0
0
0
0
-1
0
0
0
-1
0
0
-1
-1
-1
-1
-1
0
0
-2
0
0
0
-1
0
0
0
1
0
-1
1
1
0
0
-1
0
0
1
1
0
0
-1
0
-1
0
-1
0
-1
0
0
0
0
0
0
1
-1
-1
2
0
-1
0
0
0
-1
-1
1
0
-1
0
0
0
0
-1
0
0
0
0
0
0
0
0
0
1
0
-1
-1
0
-2
-2
-1
0
1
-1
-1
1
2
0
0
-1
-1
-1
0
0
0
0
-1
0
1
0
0
-1
0
-1
1
1
-1
0
-1
-1
-1
0
-1
1
1
0
0
0
-1
0
-1
0
-1
0
0
0
-1
0
0
0
0
0
-1
-1
-1
0
-1
0
1
-1
-1
0
-1
-1
-1
0
0
0
0
0
1
0
0
1
0
1
0
0
0
1
1
0
0
0
0
1
0
1
-1
0
0
-1
1
0
-1
0
-1
-1
-1
-2
-2
-3
0
0
-1
0
-2
1
-1
-1
-1
-1
0
-1
0
-2
-1
0
-1
0
0
0
0
-1
0
0
-1
0
0
1
0
0
1
1
1
1
1
3
2
1
1
1
2
3
4
4
4
4
4
4
4
4
5
4
4
4
5
5
6
5
5
3
4
5
4
3
3
2
2
2
1
1
0
0
0
0
-2
-2
-3
-2
-3
-3
-3
-4
-4
-5
-5
-5
-6
-5
-7
-5
-6
-5
-5
-6
-5
-5
-6
-4
-5
-5
-3
-3
-2
-2
-2
-2
-2
-2
-2
-1
-1
0
0
0
0
0
0
1
1
1
1
1
1
1
2
2
2
1
1
2
2
2
2
2
1
1
0
0
1
1
1
1
1
0
0
0
0
0
1
-1
0
0
0
-1
0
-1
1
-2
-1
-1
0
1
-1
-2
-3
-3
-2
-3
-3
-3
-4
-3
-5
-4
-5
-5
-4
-4
-4
-4
-4
-3
-3
-3
-2
-2
-1
-2
-1
1
-1
0
1
2
3
3
4
4
6
6
7
7
7
7
8
10
9
10
11
11
11
11
11
11
11
11
10
11
11
9
10
11
10
9
8
7
7
5
4
5
4
3
2
1
1
-1
-3
-2
-3
-5
-6
-6
-6
-8
-9
-11
-10
-11
-13
-12
-12
-13
-13
-14
-14
-14
-16
-14
-14
-14
-14
-14
-14
-13
-12
-12
-12
-10
-9
-9
-8
-7
-5
-4
-3
-1
1
1
2
4
5
6
7
9
10
11
13
14
14
15
16
17
17
16
17
16
15
15
16
15
14
12
13
12
10
9
7
7
4
3
1
-2
-3
-5
-6
-8
-8
-12
-14
-15
-15
-17
-17
-19
-21
-20
-20
-21
-21
-22
-22
-22
-21
-21
-20
-19
-18
-18
-17
-15
-15
-14
-11
-10
-9
-7
-5
-4
-2
1
2
5
7
8
12
13
14
16
18
20
22
24
25
27
27
28
29
31
31
32
33
33
33
32
32
32
31
30
29
27
26
24
22
21
19
16
14
12
8
6
4
0
-2
-6
-8
-10
-13
-15
-17
-19
-21
-24
-24
-26
-28
-29
-29
-29
-31
-32
-32
-31
-30
-31
-29
-27
-27
-25
-24
-22
-20
-19
-16
-14
-12
-11
-9
-8
-6
-3
-2
0
2
3
5
6
7
8
10
11
11
12
12
12
14
13
13
13
13
14
12
12
12
12
11
10
10
9
9
7
7
6
6
6
5
5
5
4
4
4
3
3
2
1
2
1
2
0
-1
0
0
0
-3
-5
-4
-4
-4
-5
-8
-7
-7
-8
-10
-10
-10
-11
-12
-11
-11
-11
-11
-10
-10
-11
-10
-10
-9
-9
-7
-5
-5
-4
-2
-1
1
2
2
5
6
8
11
11
13
14
16
17
19
20
21
22
23
23
24
24
23
22
23
23
23
22
22
20
19
18
16
15
12
11
9
7
4
3
1
-1
-3
-5
-7
-9
-11
-13
-15
-16
-18
-19
-21
-22
-23
-24
-26
-25
-27
-26
-26
-27
-26
-27
-26
-25
-25
-25
-24
-23
-21
-20
-18
-16
-15
-13
-11
-10
-8
-6
-3
-2
1
4
5
8
10
12
14
16
18
20
21
24
25
27
29
29
30
30
29
29
29
29
28
26
23
22
21
18
16
14
11
8
6
2
-1
-4
-7
-10
-13
-15
-19
-22
-25
-27
-29
-31
-31
-31
-34
-34
-36
-36
-36
-37
-37
-38
-37
-36
-36
-34
-33
-32
-32
-31
-29
-28
-28
-26
-24
-21
-20
-17
-15
-13
-11
-7
-6
-1
2
5
9
12
16
21
25
28
32
36
42
45
49
53
57
60
63
66
68
70
72
73
73
74
73
71
69
67
65
62
58
54
49
44
40
33
28
20
14
9
1
-5
-11
-17
-22
-29
-34
-38
-43
-47
-49
-52
-55
-57
-58
-59
-59
-58
-58
-58
-56
-52
-50
-47
-44
-41
-37
-35
-30
-25
-21
-19
-14
-11
-9
-5
-4
-1
2
5
6
7
8
10
10
11
11
10
10
11
10
9
7
6
5
4
4
1
0
-1
-3
-4
-3
-6
-7
-9
-8
-8
-10
-10
-11
-10
-10
-11
-10
-10
-10
-9
-8
-7
-7
-6
-5
-3
-3
-2
0
1
1
2
0
1
3
4
4
4
4
5
5
4
3
4
4
4
3
4
3
4
3
4
5
4
5
4
5
4
6
6
6
9
9
9
10
11
11
13
15
16
17
16
17
20
20
21
22
23
25
23
23
23
24
23
23
22
21
21
19
19
19
17
16
14
12
10
8
7
6
3
2
0
-1
-3
-5
-6
-8
-9
-12
-13
-14
-16
-16
-18
-19
-20
-22
-23
-24
-26
-26
-27
-28
-28
-28
-29
-30
-30
-30
-31
-31
-30
-31
-29
-27
-27
-26
-25
-23
-21
-19
-17
-13
-11
-9
-6
-2
0
4
6
9
13
16
19
22
25
28
30
32
33
34
36
37
37
37
38
36
34
33
32
29
26
24
22
18
15
12
8
6
2
-2
-5
-8
-12
-16
-18
-20
-23
-25
-28
-27
-30
-30
-31
-33
-32
-33
-33
-33
-33
-32
-31
-31
-30
-29
-28
-27
-27
-26
-24
-23
-21
-18
-17
-17
-13
-10
-10
-7
-3
-2
3
5
8
11
13
17
21
21
25
28
32
36
38
41
44
47
49
52
55
56
57
58
58
60
59
58
57
56
55
52
49
45
41
37
33
29
24
19
14
8
2
-2
-8
-14
-18
-24
-28
-32
-37
-40
-44
-45
-47
-49
-51
-50
-51
-51
-49
-47
-46
-43
-39
-35
-33
-28
-23
-20
-17
-11
-6
-1
3
7
8
12
16
20
20
23
24
23
23
26
24
22
21
20
17
14
13
9
3
-1
-2
-7
-12
-14
-18
-23
-25
-26
-31
-34
-35
-35
-38
-38
-38
-39
-37
-36
-34
-33
-29
-26
-25
-21
-15
-13
-11
-6
-1
2
6
11
12
11
18
23
20
19
21
22
18
20
20
14
10
12
10
1
-1
1
-4
-12
-9
-9
-17
-18
-12
-16
-24
-19
-15
-18
-17
-8
-9
-14
-6
3
0
4
13
15
12
21
33
28
28
38
42
38
44
53
48
45
54
57
52
52
59
54
47
54
57
49
46
51
47
41
42
44
35
30
31
29
24
23
22
16
9
10
9
4
0
-3
-8
-8
-10
-13
-18
-22
-26
-27
-27
-30
-37
-41
-42
-46
-49
-51
-58
-67
-68
-69
-75
-80
-84
-90
-97
-95
-94
-100
-104
-104
-103
-102
-96
-92
-91
-86
-75
-65
-57
-45
-34
-24
-9
8
22
35
51
65
78
94
106
114
122
131
135
137
141
143
137
130
127
118
107
100
86
65
48
35
20
4
-11
-29
-52
-67
-76
-88
-110
-126
-132
-142
-148
-137
-128
-138
-145
-136
-123
-113
-107
-109
-105
-77
-53
-56
-48
-3
15
-25
-34
24
33
-20
-7
51
41
10
36
53
33
36
62
74
77
69
57
51
69
115
130
79
52
99
146
151
158
169
165
167
190
220
234
213
193
209
238
263
269
235
204
230
256
242
237
223
168
145
177
187
154
116
82
58
41
13
-8
-13
-43
-91
-102
-81
-73
-113
-171
-162
-89
-90
-178
-189
-117
-117
-177
-167
-116
-111
-126
-118
-104
-91
-89
-112
-103
-25
23
-24
-44
12
-13
-124
-112
0
-28
-151
-124
4
1
-96
-89
4
-7
-106
-88
34
41
-80
-141
-112
-106
-169
-234
-226
-162
-137
-160
-163
-164
-211
-243
-191
-131
-148
-188
-199
-223
-240
-195
-169
-201
-167
-84
-108
-154
-85
-22
-23
51
176
223
223
202
156
193
316
336
189
53
94
246
281
107
-51
47
195
20
-312
-251
108
101
-192
-72
276
169
-94
55
238
80
-62
4
54
46
13
-70
-61
56
47
-39
27
128
85
61
225
388
293
52
24
209
258
160
220
362
276
90
110
229
176
-33
-175
-135
-26
-25
-92
-46
64
43
-57
-64
-70
-177
-220
-134
-109
-188
-206
-124
-60
-85
-163
-199
-182
-217
-297
-259
-133
-118
-177
-138
-103
-213
-264
-138
-93
-181
-125
-13
-118
-276
-300
-313
-276
-162
-240
-427
-338
-191
-356
-486
-310
-189
-291
-381
-359
-306
-272
-319
-369
-311
-289
-365
-384
-313
-286
-316
-269
-139
-9
57
50
16
69
762
2117
2609
1336
350
1731
3529
3074
1600
1550
2961
4758
5914
4671
1378
312
3334
6188
5218
2299
144
-860
100
2705
3066
-575
-4090
-3991
-2035
-406
297
-1634
-5747
-7138
-3715
-188
-530
-2917
-4763
-5612
-4754
-2343
-996
-2235
-4263
-5203
-4699
-2841
-1216
-2069
-4677
-6055
-5134
-3088
-1733
-2869
-5797
-7038
-5046
-1696
1268
2329
-471
-4473
-3367
3147
8153
7355
3540
735
1134
5461
10295
10153
5406
2215
2881
4420
5762
6759
4899
431
-1637
295
1700
527
-919
-2038
-3516
-3998
-2829
-2356
-3262
-3252
-2205
-2005
-2346
-1739
-755
-163
928
2320
2545
1752
1535
2502
3976
4971
4559
3066
2101
2373
3248
3853
3331
1474
-301
-506
178
275
-288
-1170
-2480
-3478
-3159
-2227
-2098
-2823
-3419
-3539
-3318
-2608
-1763
-1462
-1602
-1443
-833
-293
174
696
1121
1779
3081
4297
3963
2468
2038
3595
5621
6089
4703
2802
1997
2877
4149
4096
2499
551
-528
-438
447
876
-303
-2200
-2908
-2171
-1501
-1657
-1956
-2139
-2314
-2099
-1409
-982
-1069
-823
-79
340
220
195
530
841
1171
1497
1216
218
-565
-253
481
404
-673
-1893
-2499
-2652
-2656
-2940
-3654
-4406
-5031
-5279
-5278
-5354
-5654
-6111
-6303
-6274
-6135
-6008
-5920
-5585
-5289
-5286
-5336
-4823
-2908
499
3590
2685
-1748
-2702
3263
9863
10332
6594
3472
2818
6006
11443
12957
8433
3775
3063
3924
5350
7552
6435
297
-4159
-2316
487
-414
-2262
-3344
-5486
-7339
-6090
-3920
-3949
-4520
-3923
-3612
-3626
-2117
181
1129
1292
2099
2871
2898
3162
4293
5476
5890
5484
4703
4078
3863
4048
4366
3917
2089
53
-551
-136
-256
-964
-1745
-3132
-4673
-4630
-3248
-2851
-3737
-4157
-4155
-4012
-2014
1421
2328
-213
-1578
1023
4892
6875
6559
4818
3384
4633
8004
9579
7652
5089
4380
4697
5033
5299
4499
1895
-477
-511
218
-508
-2125
-3236
-3946
-4463
-4267
-4069
-4651
-5094
-4791
-4587
-4780
-4261
-3326
-3458
-4021
-3499
-2305
-1934
-2235
-2322
-2551
-2867
-2827
-2858
-3602
-4545
-4611
-4328
-4793
-6127
-7576
-8155
-7949
-7851
-8738
-9088
-5619
302
1154
-6339
-11570
-3884
8853
11758
5186
114
188
4126
11867
17355
13243
5028
3508
7107
9403
11765
12664
5928
-2846
-1920
4422
4099
-430
-1941
-3566
-7374
-7672
-4270
-3708
-5601
-5453
-4977
-6381
-6223
-2760
-347
-857
-712
877
1537
1497
2734
5172
6856
6654
5082
4118
5085
6521
7130
7158
5941
3162
1476
2651
3839
2842
1342
-210
-2859
-4171
-2145
-655
-2754
-5131
-5159
-5043
-5143
-3404
-1366
-1164
-1118
-315
-693
-903
2435
6635
6792
4239
3548
5272
7487
9365
9479
7155
4919
5157
6499
6645
5760
4226
2036
424
456
852
-324
-2222
-3160
-3573
-4409
-5311
-5490
-5322
-5342
-5408
-5686
-6230
-6263
-5245
-4198
-4273
-4899
-4896
-4289
-3862
-3948
-4238
-4175
-4143
-4899
-6033
-6431
-5849
-5662
-6609
-8352
-10029
-10634
-10846
-10042
-4908
3150
3253
-9663
-18411
-6324
13515
16928
4897
-3880
-3439
3001
14501
22467
15964
2891
313
6522
10874
14659
16613
7441
-5859
-4720
6464
7946
769
-2254
-3724
-8611
-9173
-3767
-2530
-6288
-6874
-5526
-7251
-7453
-3124
-449
-1538
-1179
1049
1003
27
1743
5279
7750
7529
4903
2863
4250
7050
8067
7522
5650
2274
528
2593
4440
3129
1383
-350
-3792
-5183
-1507
937
-2475
-5880
-5351
-4882
-5401
-3173
-103
-773
-2062
-365
1241
1101
3003
7092
7683
5193
5028
7466
8944
8937
9231
8867
7472
7037
7375
6968
5833
5119
4099
1691
-68
-79
-178
-1487
-2737
-3289
-4607
-6085
-5936
-5107
-5260
-6141
-6372
-6547
-6771
-5749
-4454
-4832
-6295
-6022
-4377
-4061
-5034
-5845
-5759
-5596
-5945
-7026
-8397
-8633
-8037
-8281
-10093
-11397
-11440
-11831
-9277
-619
6218
-1730
-16878
-14725
6570
20648
12617
-1066
-3833
1598
11071
21559
22363
9850
75
3989
11100
14010
16356
12989
-422
-8320
633
9428
3718
-4130
-4964
-7061
-11094
-8184
-2991
-5143
-8765
-7133
-6303
-8279
-5860
-456
16
-1932
241
3241
2497
1724
4627
8264
8963
7004
4806
4615
6291
7672
7813
6598
3628
673
1236
3526
3087
1174
-87
-2616
-5918
-4754
-763
-1385
-5542
-6537
-5309
-5822
-4306
891
2845
-1094
-3433
-548
3386
6830
9584
8529
4190
3462
9065
13829
12600
8681
6676
6706
7609
9540
9374
5204
1439
1482
2568
1451
-393
-1781
-3778
-5213
-4485
-4050
-6299
-8330
-7474
-6139
-6860
-7510
-6750
-6659
-6918
-6020
-4726
-4942
-5605
-5166
-5190
-5674
-4619
-3111
-4173
-7734
-9100
-6579
-4679
-6193
-10081
-11947
-11321
-8973
-3088
3253
2356
-8952
-15784
-5404
11538
16125
6321
-3382
-4267
3862
15718
20404
13142
3388
1985
6309
10572
14729
14105
4448
-4560
-1953
5213
4859
378
-2264
-5781
-9625
-8254
-4426
-4861
-6970
-6613
-7002
-8910
-6974
-2297
-1022
-2305
-1346
526
608
1417
4013
5561
5604
5849
5533
4366
4698
6829
7727
6309
4217
2628
2162
2991
3620
2485
370
-1620
-3070
-3019
-1565
-1398
-3616
-5634
-5667
-5098
-4038
-1399
547
-209
-1944
-1620
981
4878
8612
8637
4840
3066
6774
11781
12788
10077
6866
5185
6594
9823
10271
6378
2339
1666
2399
2462
1688
-481
-3574
-5089
-4042
-3413
-5045
-6757
-7458
-7778
-7763
-7159
-7068
-8114
-8182
-7424
-7307
-7774
-7178
-6145
-6606
-7816
-8915
-10452
-11641
-10058
-7559
-8913
-13898
-17794
-17877
-10432
4101
12405
-763
-23289
-21742
7289
30317
23494
1746
-9353
-2913
15174
30847
29031
12097
151
3524
13029
20592
23419
14678
-2293
-8495
1844
9948
4584
-3452
-7102
-10634
-12624
-9086
-6280
-8669
-10251
-9219
-10530
-11619
-6700
-1376
-2257
-3630
-443
2362
1924
2829
6345
8482
8910
8740
7243
6212
8144
10770
10346
7389
4765
3483
3704
4492
4031
2133
-525
-3507
-5198
-3757
-1667
-3474
-7702
-9186
-7808
-6510
-5521
-4687
-5532
-6934
-5024
-1137
1009
1146
2035
3842
5427
8419
11028
11052
9124
9091
11440
13166
13499
11744
8727
6742
7805
9507
7797
3728
1006
266
-184
-621
-1356
-3386
-6323
-7706
-7308
-7016
-7422
-7951
-8710
-9501
-9327
-8308
-7792
-7849
-7286
-7119
-7285
-6872
-5606
-4983
-6442
-7924
-9337
-10717
-11420
-11287
-11316
-13424
-16287
-17456
-11583
615
6277
-6561
-23454
-17293
10056
26363
14486
-5125
-8903
4280
21810
30092
22465
7385
2540
10123
18441
23010
22104
11285
-2431
-2777
8894
12895
4222
-4260
-7619
-9728
-9407
-5881
-5787
-9984
-11688
-10909
-11609
-10417
-5097
-2554
-5106
-5635
-1503
1611
1961
3130
4947
5806
6890
8269
7968
7082
8385
10184
9476
7479
6204
5555
5127
4992
4470
2898
413
-2112
-3289
-2585
-1850
-3650
-6690
-8071
-7427
-6073
-4927
-4842
-6396
-7321
-5084
-1510
1012
2388
2235
1584
3028
7755
11572
10979
8929
8213
9321
11545
13891
13016
8524
5562
6452
8311
7897
5690
2492
-903
-1893
-547
-225
-2794
-5659
-6843
-7579
-7826
-7216
-7033
-8293
-9376
-8982
-8636
-8615
-8257
-7743
-7977
-7994
-7047
-7172
-8456
-9202
-9069
-10179
-12594
-13226
-12450
-13670
-18535
-22642
-15856
2211
12287
-3841
-29228
-25860
7754
31616
20389
-4433
-12959
-1703
18399
31910
27297
9847
-208
5123
15714
24095
25768
14288
-3095
-5350
8073
14317
5534
-3115
-5359
-8038
-9970
-7344
-6122
-8791
-9153
-8215
-11273
-12977
-7050
-1935
-3847
-4947
-1065
861
-538
1673
6394
7638
6926
7677
7604
6584
8219
10894
10103
7399
6496
5982
4510
4171
5244
4609
1384
-1901
-3144
-2513
-1717
-2839
-5599
-7558
-7784
-7009
-5452
-3978
-4529
-6475
-6415
-3198
835
3415
3155
1165
1321
5761
11174
12246
9778
7312
7489
10669
14421
14469
9286
4889
5701
8747
9283
6720
3114
-365
-1603
-316
733
-1045
-4466
-6842
-7708
-7212
-5863
-5665
-7884
-9785
-9237
-7839
-7446
-7506
-7387
-7549
-7597
-7103
-6956
-7930
-8829
-9299
-10634
-12971
-13899
-12272
-11352
-14254
-19540
-17582
-3890
8324
158
-21038
-23204
1541
23657
18880
312
-7872
-345
15094
26710
25145
12762
4148
6817
14612
21345
22998
14078
-106
-2913
7113
11926
4074
-3902
-5804
-7247
-8828
-7961
-8200
-10891
-10826
-9058
-10846
-12208
-8311
-4810
-5865
-5458
-1025
761
-691
927
5421
7591
7237
7577
7840
7767
8907
10216
9609
8220
7977
7248
5490
4252
4028
3508
1846
-777
-2887
-3340
-3439
-4545
-5782
-6102
-6945
-8225
-7877
-5948
-4778
-5608
-5355
-2632
-61
696
1208
3026
5377
8111
9672
9286
8816
9914
11853
12712
12831
11631
9040
7401
8551
10234
8610
4946
2276
1065
657
780
105
-2436
-5454
-6906
-7067
-6708
-5889
-6009
-8244
-10728
-10116
-7667
-6768
-7530
-7755
-7687
-8430
-8736
-8158
-8029
-9272
-10780
-12483
-13584
-13539
-14117
-17739
-18127
-6106
7759
2488
-20470
-27496
-3930
22972
23920
3074
-12268
-7658
12497
30097
28784
12974
1264
3532
12934
22246
26481
18129
703
-6274
4189
14058
9890
-43
-6033
-9297
-9550
-6042
-4903
-8505
-10477
-10387
-12879
-13455
-6741
-1588
-5452
-9063
-4774
604
1353
1934
3945
4382
4779
7617
9043
7381
7819
10546
10228
7278
6819
7965
7074
5598
5439
4629
1997
-408
-1300
-1181
-949
-2387
-6199
-8848
-7381
-4734
-4997
-7307
-8356
-7043
-3995
-1587
-1571
-2163
-317
2938
4731
5655
7449
9311
9189
8460
9113
10885
12629
12488
9913
7001
7012
9065
8971
6253
3716
1997
236
-602
-46
-844
-4103
-6935
-7441
-6810
-6377
-6782
-8219
-9404
-9064
-7886
-7704
-8278
-8209
-7786
-7852
-7939
-8213
-10104
-12402
-12623
-11213
-11883
-15102
-18946
-19288
-9474
5090
6324
-13614
-28465
-12508
17502
26839
9489
-8664
-8791
7261
25575
30334
19079
5501
3096
10153
19388
25732
21978
6554
-5087
253
11210
10849
2086
-4107
-7978
-10988
-9651
-6399
-7231
-9781
-10430
-12512
-14713
-10867
-4245
-3709
-6863
-5767
-2205
-1082
87
3951
6696
6189
5788
6523
6747
8240
11298
11713
8519
6372
6927
7057
6441
6501
5840
3140
-129
-1839
-1701
-712
-1117
-4394
-8109
-8950
-7255
-6010
-6103
-6788
-7781
-7491
-5102
-2421
-1194
-436
811
1915
3502
6175
8618
9547
9541
9356
9491
11075
13069
12463
9139
7064
7882
8572
7277
5042
2417
195
-212
577
-795
-4597
-7025
-7196
-6933
-7225
-7551
-8689
-10618
-10681
-8833
-7902
-8498
-8528
-8129
-8398
-8453
-7623
-8321
-11140
-13178
-12782
-11741
-13072
-16659
-20038
-13778
2315
9599
-7597
-29087
-19391
12439
28239
14366
-6590
-11273
2848
23718
32303
22422
7027
2299
9035
19128
26760
24704
9708
-4224
-401
12329
14076
4396
-3550
-7207
-9292
-7659
-5068
-7508
-11241
-9989
-9191
-12511
-12147
-6387
-4150
-6179
-4897
-1322
-1129
-966
3070
6501
6350
6402
7719
7102
7018
10333
12535
9863
7128
7773
7967
6660
6356
6435
4421
1659
-8
-1056
-1350
-1378
-2854
-6035
-8183
-7862
-6974
-6686
-6682
-6978
-7280
-6294
-3921
-2045
-668
1086
2530
3026
3914
7042
9972
10471
9104
8487
10466
12653
12428
9360
7294
8356
9296
7502
4381
2639
1662
617
-154
-1454
-3766
-5998
-7047
-7413
-7729
-7926
-8810
-10456
-10902
-9422
-8535
-9291
-9249
-8016
-7681
-8759
-9708
-10659
-11501
-11263
-11002
-12518
-15515
-18026
-19480
-12722
2815
9521
-8245
-30332
-20509
12726
29606
14570
-8246
-12999
2205
23892
32584
21853
5611
1473
9552
19368
25613
23479
9539
-4268
-1134
11668
13838
3947
-3823
-6764
-9362
-8658
-5438
-6639
-10486
-10537
-10823
-13882
-12007
-4922
-3481
-7906
-7925
-2818
43
223
2114
4267
4859
6104
8198
7610
6571
9300
11983
10352
7800
8247
8537
7250
6991
7476
5934
2523
6
-431
438
670
-1475
-5424
-7575
-6740
-4964
-4878
-6318
-7200
-6956
-5384
-4096
-2352
210
2029
1703
673
2847
7162
10275
9752
6834
5747
8630
12877
12990
8893
5843
6361
7821
7714
6402
4002
829
-847
-348
-391
-2537
-5232
-6986
-7843
-8051
-8059
-8990
-10547
-10685
-9689
-9651
-10530
-10167
-9095
-9149
-10529
-12174
-13373
-13942
-13200
-13594
-16343
-20268
-17354
-3481
7644
-1098
-23325
-25283
1158
25384
21162
-1369
-12524
-2500
18325
31229
26583
12219
2986
6523
17080
26317
26968
15502
-25
-2857
8676
16251
9359
-1995
-7137
-8545
-8353
-6542
-6613
-10053
-12222
-12464
-14006
-13441
-8481
-5431
-8303
-9725
-5344
-1377
-645
463
2928
4101
4511
7000
9068
8371
8234
10330
11345
10250
9795
9558
8161
7123
7595
7492
5239
2363
906
842
332
-1211
-3308
-5099
-6124
-6227
-6109
-5471
-4306
-5124
-6818
-6111
-2680
494
1704
1273
796
2258
5438
8493
9063
7767
6847
7909
10461
11844
10531
7413
5828
6935
8082
6960
4055
1493
34
56
-102
-1904
-5110
-7633
-7657
-7004
-7369
-9191
-11120
-11942
-10719
-8742
-8993
-11231
-12720
-11506
-10312
-10578
-12180
-14150
-15700
-16670
-17639
-18323
-10085
4902
7544
-13294
-31156
-14791
18697
30723
10715
-12688
-13113
6849
28168
30995
16360
1929
1371
11289
21606
26391
20504
5149
-5375
1525
14355
14089
2306
-6256
-7955
-7946
-6582
-5296
-7586
-10791
-11308
-12582
-14498
-10846
-4414
-4723
-9674
-9484
-4565
-1446
-345
1790
2934
1862
2502
6084
8242
8036
8895
9422
7545
6892
9477
10327
7741
6178
6642
5826
3377
2252
2460
2118
471
-2097
-4497
-5096
-3815
-3351
-4728
-5758
-5275
-5404
-5890
-3873
-277
1112
-854
-2284
134
4872
8270
7761
4839
3163
5155
9601
12126
10139
6092
4019
5355
7846
8209
5664
2061
-342
-660
435
363
-1990
-5049
-6930
-7794
-7884
-6995
-7212
-8824
-10240
-10858
-10546
-9584
-8625
-8745
-9790
-11339
-13092
-14009
-12947
-11592
-13142
-18270
-17473
-3428
9836
1819
-21079
-24208
1263
25547
22222
84
-12136
-2673
18686
31426
25410
10559
2223
6330
16805
25620
25613
13825
-805
-2687
8841
16554
10259
-1596
-8177
-9289
-6914
-3832
-5074
-9951
-12358
-12307
-13295
-12234
-7300
-4891
-8119
-9987
-6679
-2704
-1549
-635
1691
2887
2711
3319
5139
6706
8609
9946
8197
5915
7186
9946
9675
7486
6359
6090
5598
4653
3311
2018
1537
803
-1337
-3354
-4109
-4285
-4182
-3582
-3167
-4743
-6852
-6059
-2456
1244
1720
-693
-2360
-256
4943
8312
7330
4304
3124
5341
8936
10682
9049
6056
4654
5563
6709
6303
4517
1796
-522
-862
-369
-1491
-4318
-6630
-7605
-8328
-8470
-8822
-10274
-11541
-11535
-10410
-9892
-10621
-11654
-12522
-12732
-12524
-12849
-13893
-15526
-16905
-18598
-14908
-1195
9277
-1343
-24049
-23354
5259
27982
21646
-1356
-12665
-2189
19724
32565
25352
9306
934
6028
18019
26930
25191
11986
-2313
-2633
10052
16950
8960
-3098
-7883
-7594
-5793
-3877
-5453
-9729
-11588
-11436
-12370
-11190
-6554
-4655
-8043
-9300
-5389
-1706
-1225
-875
1246
2461
2477
3545
5687
6594
7077
8150
7910
6632
6872
8159
7873
7017
6992
6427
4563
3051
3079
3609
3064
764
-1775
-2942
-2410
-1855
-2213
-3061
-4075
-4811
-5037
-3613
-1298
86
-192
-1555
-1575
840
4475
6183
4877
3148
2907
5060
8146
9103
6645
3596
3739
6113
7016
5106
2549
1051
594
538
-114
-1672
-3637
-5111
-6624
-7966
-7763
-7344
-8826
-11276
-11537
-10079
-9867
-11443
-12713
-12810
-12457
-12961
-14506
-16212
-16654
-17173
-18026
-10923
2470
5524
-12331
-26924
-11669
17222
26558
9207
-9477
-8576
9781
28402
30351
17852
5604
4779
13666
24161
28936
21683
5835
-3348
4660
17212
15812
2774
-6248
-7257
-6046
-4378
-3813
-7429
-12283
-13291
-12902
-12462
-9175
-5655
-7628
-11799
-9830
-3442
35
-966
-1744
-239
1492
3096
5426
6998
6474
6493
7597
7749
7804
9396
9462
6700
5486
7302
8211
5967
3624
3290
3422
2431
966
-130
-804
-1298
-1416
-1657
-2371
-3142
-3827
-3340
-1703
-147
-158
-1325
-1268
702
3175
4209
3659
2833
2704
4123
6845
8166
6202
3404
3643
6210
7419
5830
3007
1084
1018
2009
2035
38
-2814
-4679
-5347
-5657
-6090
-6893
-8786
-10756
-11081
-10304
-10239
-11642
-12687
-13540
-14455
-15228
-14905
-15040
-17063
-19599
-21531
-14591
203
6407
-9701
-28590
-17854
12425
27137
12663
-8144
-10883
5643
26205
31736
20724
6847
3306
11372
23620
30998
25099
8429
-3528
3075
18118
19950
6255
-6290
-8576
-6374
-3394
-1936
-5792
-12809
-16168
-15315
-12828
-8639
-6105
-9940
-15754
-13516
-4960
147
-1382
-4188
-3883
-1433
2319
6228
7291
4883
4087
6445
8367
8810
9707
9797
7124
5722
7444
8597
7086
4993
4220
3462
2213
1200
801
424
-531
-1593
-2163
-2116
-2031
-2637
-2881
-1771
-845
-778
-804
-471
531
2353
3601
3574
3185
2910
3706
6358
8047
6683
4271
3660
5436
7240
6727
4447
2043
868
1168
2242
2050
-600
-3911
-5494
-5265
-5015
-5612
-7430
-9642
-10767
-10628
-11018
-12099
-12785
-13275
-14560
-16244
-16889
-17534
-18947
-21640
-17438
-3821
4363
-7812
-27926
-22323
6587
25508
15000
-7305
-13029
2722
24734
32272
22287
8736
4380
11394
23297
31833
27827
12701
117
3392
17234
21970
11674
-1889
-6517
-5122
-2705
-1123
-4010
-10292
-14594
-14943
-14192
-11555
-7962
-8948
-14169
-16170
-11401
-4899
-2048
-3150
-4721
-4827
-2669
2272
7132
7227
4357
3626
5622
8664
11566
12307
9093
5639
6296
9368
9982
7673
5415
4396
3420
2143
1492
893
-11
-994
-1517
-2169
-2954
-3389
-3258
-2409
-1574
-1491
-2217
-2254
-809
1171
2576
2886
2190
1563
2575
5365
7828
7413
4774
3204
4787
7729
7870
5298
2897
1947
2203
2645
2282
164
-2350
-3961
-4759
-5140
-5530
-6765
-8917
-10307
-10163
-9981
-11955
-14227
-14438
-13510
-14820
-17177
-18552
-19644
-21334
-22115
-13382
109
1200
-18108
-31511
-13295
16628
24490
4999
-13950
-10238
11651
30419
29787
16068
5047
5842
16374
28484
32372
22311
6546
252
10101
22650
20676
6387
-4538
-5012
-1650
1054
335
-4958
-11272
-14204
-13811
-11481
-7832
-7428
-12285
-16742
-14267
-7644
-3793
-4462
-6146
-6149
-5110
-2537
2023
5490
4785
2780
2834
4733
7846
11205
11549
7977
5410
6901
9853
10419
8348
6077
4749
3881
3450
3199
2329
910
-422
-1507
-2129
-1889
-2125
-3097
-3551
-2575
-1523
-1866
-2585
-2226
-422
1545
2254
1204
116
1105
4349
6983
6062
3299
2513
4948
7635
7703
5403
2876
2074
3007
4224
3610
1161
-1434
-2767
-2723
-2474
-2967
-5005
-7685
-8852
-8205
-8145
-9773
-11345
-11846
-12794
-14130
-15147
-15508
-16065
-17634
-20302
-22770
-15276
-1384
1512
-16048
-30338
-15242
11765
20763
5316
-11508
-10170
7646
25644
27241
16028
5827
5878
14803
26366
31877
23295
7281
316
10875
24194
21898
6657
-4000
-2727
1244
3093
1507
-4272
-10607
-12433
-11285
-9575
-6628
-7034
-12808
-17275
-13359
-5846
-3386
-6324
-9061
-8171
-5396
-1963
1867
3540
1193
-750
1460
5831
9238
10227
7942
4335
5031
10036
12879
10475
6727
5507
6176
6853
6738
5712
3760
1741
676
1153
1824
1560
-331
-2893
-3239
-1088
1003
-13
-2267
-2597
-1183
606
1729
1549
-8
-464
1903
4719
4856
3042
2277
3139
4765
5876
4997
2903
1690
2188
3221
3333
1819
-762
-2509
-2626
-2215
-2408
-4079
-7026
-8753
-8560
-8204
-9206
-10823
-12465
-14104
-14451
-14894
-15962
-18103
-19997
-22493
-19559
-7060
1417
-8924
-28626
-25170
1136
19448
11187
-8782
-15021
-1358
19611
27868
19324
6923
2829
9852
22517
31861
27448
11470
612
6783
22026
25571
13198
-790
-3570
1058
4826
4761
-989
-8639
-12119
-10401
-8027
-6504
-6830
-11072
-15870
-14934
-8861
-4656
-5615
-9276
-10850
-8774
-4396
-292
1352
-656
-3228
-1775
2701
6649
8057
6811
3890
3296
7143
11393
11337
8249
5675
5350
6858
8171
8083
5947
3269
1854
2467
3356
3446
2488
-211
-2000
-1065
1238
1911
239
-1799
-2162
-509
1607
1999
203
-1258
242
3140
3896
2278
1334
2326
3844
4561
4250
3105
1963
2157
3661
4579
3211
611
-763
-382
108
-425
-1959
-4030
-5581
-6012
-6201
-6921
-7736
-8932
-10941
-13224
-13711
-13264
-13555
-15528
-18745
-22061
-22445
-11955
708
-1828
-21511
-30552
-11714
13444
17569
-27
-15210
-11059
9129
25614
24087
11370
2420
4719
15638
27633
30226
18679
4583
3164
15504
24976
19620
6306
-1314
367
4104
5694
2781
-3371
-8339
-9839
-8978
-6759
-4526
-7327
-13751
-15805
-10767
-5431
-5557
-9178
-11678
-10157
-6309
-2985
-1465
-2496
-4267
-3287
773
4038
4766
4142
3180
3346
5985
8900
9148
7448
6396
6628
7166
7852
8055
7191
5360
3395
2794
4077
5476
4636
1114
-1224
-264
2568
3376
963
-1586
-2173
-732
919
1990
1161
-1000
-1698
323
2696
2918
1773
684
901
2563
3910
3550
1872
1268
2158
2893
2695
1619
-23
-759
-610
-986
-1393
-2628
-5115
-6464
-6101
-5611
-7015
-9662
-11666
-12199
-11845
-13062
-15160
-17347
-18419
-20375
-17778
-7266
-530
-10143
-27244
-22942
699
16538
8369
-10012
-15254
-1292
18204
24170
15480
5488
3308
9562
20699
29148
24952
11020
2581
8525
21329
24266
14304
2285
-881
3074
6801
6759
1464
-5213
-9022
-8857
-6508
-3682
-4337
-10445
-15755
-13877
-7568
-4910
-7309
-11354
-12444
-9221
-5389
-3681
-3684
-4335
-4480
-2966
-59
2192
2863
2975
2895
3087
4864
7208
8028
7320
6567
6488
6940
7726
8230
7591
5905
4312
4330
5666
6191
4485
1543
561
1991
3565
3024
414
-1532
-1109
700
1750
1084
-1098
-2538
-1143
1716
2556
539
-1118
-513
1375
2620
2466
1493
763
700
1709
2857
2579
692
-795
-602
89
41
-1216
-2895
-4241
-4618
-4983
-6129
-6887
-7875
-9802
-11898
-12170
-11873
-13138
-15977
-17919
-19435
-16264
-6641
-1334
-10324
-24890
-20430
319
14021
6556
-9447
-13579
-839
16394
21662
13999
4964
3263
9344
19567
27308
23402
10210
2682
9165
21532
23684
13454
2097
119
4910
8296
7334
2006
-3880
-7018
-6600
-4319
-1970
-3151
-9549
-14347
-11988
-5918
-3964
-6977
-10766
-11565
-8785
-5464
-3609
-3501
-4958
-6179
-4376
-433
2249
2473
1620
983
1794
4492
6974
7375
6361
5534
5629
6810
8284
8584
7363
5559
4791
5677
6899
7012
4977
3038
2237
2486
3799
3759
1725
-353
-610
201
1024
1305
-287
-2065
-1448
367
848
-66
-721
-941
-266
822
959
246
-177
199
740
1144
813
-252
-1108
-1146
-1231
-1691
-2192
-3114
-4314
-5187
-5527
-6106
-7271
-8930
-10440
-10590
-11369
-13212
-15545
-15917
-16404
-16240
-9827
-3478
-7628
-21255
-21343
-4067
10204
6568
-7706
-13667
-4049
12534
19299
12552
4253
2733
7687
16166
23710
22259
11240
3543
7465
18572
22834
15129
4354
331
4265
8315
8778
4256
-2278
-6025
-5840
-2959
-744
-1727
-7330
-12505
-12089
-6896
-3126
-4543
-9451
-12747
-10738
-6223
-2958
-2875
-5763
-7765
-6138
-2023
1522
1872
446
-541
-132
2547
6059
7417
5881
4398
4814
6603
8350
8853
7853
6290
5792
6103
7172
8088
7550
5060
3146
3727
5263
5609
3781
1512
564
1099
2259
2303
548
-1542
-1518
623
1385
-206
-1631
-1299
-311
343
509
-58
-616
-467
281
954
1067
136
-1216
-1328
-510
-461
-1551
-2863
-3525
-3733
-4506
-5497
-5856
-6363
-7926
-9850
-10892
-11691
-12365
-13078
-13828
-16918
-17733
-9740
-2093
-6775
-21006
-21749
-5278
8887
6303
-7120
-13630
-5217
10448
17432
12059
4734
2703
6220
14385
22838
22219
11479
3196
6912
18118
22927
15858
4858
783
5061
9575
9439
4497
-1395
-4564
-4758
-2821
-263
-561
-6497
-12562
-11992
-6061
-2367
-4738
-10236
-13278
-10657
-5895
-3519
-4211
-6632
-8460
-6932
-2576
632
809
-792
-2068
-1488
2019
5970
6550
4470
3223
4481
6628
8039
7996
7281
6539
5968
5836
7104
8905
8496
5800
3356
3990
6321
7222
5086
1986
737
1612
3011
3303
1617
-1368
-2212
-15
1803
797
-952
-2001
-1894
-473
840
453
-877
-1386
-923
261
1308
847
-777
-1606
-1381
-872
-725
-1226
-2511
-3923
-4339
-4081
-3761
-4684
-6806
-8728
-9316
-9937
-11321
-12558
-13364
-15642
-18109
-12403
-2963
-3627
-18061
-25474
-11783
6483
8729
-4975
-15974
-10870
5681
16275
12722
4427
1043
3398
10385
20084
23427
14793
4285
4105
14510
23103
19534
8352
1579
4176
9312
10647
7248
1425
-2734
-4075
-2889
-17
1139
-3708
-10912
-12190
-7052
-2856
-4243
-9028
-12668
-11510
-7484
-5225
-5727
-7037
-8409
-8544
-5713
-1955
-615
-1906
-3016
-2677
-279
3319
5020
4016
2680
3563
5567
7245
8121
7740
6614
5982
6671
7897
8478
8376
7390
5630
4536
5523
7382
6834
4034
1517
1194
2875
4293
2749
-1203
-2652
-399
1475
862
-853
-2090
-2625
-1773
13
673
-299
-2004
-2282
-434
1854
1993
-106
-1847
-1838
-437
969
647
-1419
-2999
-3058
-2511
-1992
-2285
-4135
-6263
-6571
-6464
-7643
-8805
-10020
-11244
-12668
-14028
-15523
-12895
-5286
-2818
-12241
-22839
-15967
1283
8718
-137
-12376
-13021
-299
13628
15244
7039
727
1336
7943
18066
23985
17977
6200
2988
11804
22329
22584
12867
3567
2943
8651
12648
11035
4788
-1426
-3866
-2228
1482
3123
-975
-8712
-11877
-8169
-3436
-3003
-6397
-10812
-12792
-10253
-6316
-4562
-5458
-8148
-10789
-9375
-4036
-555
-1611
-4252
-5002
-2956
1296
4701
4308
1815
1362
3907
6890
8524
8150
6080
4679
5958
8854
10238
8852
6224
5025
5861
7283
7921
6610
3968
2273
2635
3876
4321
3032
-17
-2521
-1265
1604
1722
-1135
-3502
-3597
-2104
-1
503
-1604
-3832
-3341
-797
1095
469
-2088
-3975
-2983
-308
765
-779
-2963
-3645
-2792
-1821
-1773
-2505
-3425
-4659
-5711
-5583
-5156
-6056
-8452
-10577
-11568
-11264
-11794
-14536
-12252
-4721
-3258
-14689
-23303
-12931
3516
6324
-5270
-15193
-11332
2746
12602
10006
2899
437
2561
8125
16993
21554
14421
3924
3793
14276
22663
19479
9362
2779
5238
11168
12553
8991
3456
-401
-1797
-393
3008
3581
-2132
-9447
-10000
-4641
-887
-2811
-7878
-11661
-10772
-6531
-4341
-5352
-7439
-9478
-9987
-6703
-2212
-1577
-4322
-5690
-4144
-1015
2138
3192
1771
656
2350
5098
6947
7495
6874
5839
5931
7728
9286
8940
7408
6918
7376
7530
7147
6874
6580
5241
4208
3990
3953
3830
3231
1152
-628
302
1619
499
-1363
-1838
-1917
-1747
-833
-701
-1884
-2654
-2289
-1527
-1130
-850
-1552
-2759
-2730
-1322
-302
-1081
-2536
-2751
-1743
-1050
-1614
-2792
-3154
-2661
-2578
-3847
-5293
-5817
-5930
-6708
-8501
-10043
-10978
-11222
-12828
-12337
-6498
-3255
-10656
-21150
-16380
-751
6166
-2390
-13851
-13578
-1161
10561
10096
2371
-899
1735
6474
13272
18603
14881
5157
2340
10410
19986
19767
10357
3062
4544
10610
12470
8915
4073
901
40
315
2329
3878
565
-6576
-8882
-4072
-46
-1650
-6271
-9798
-9694
-5998
-3607
-5166
-7242
-7956
-8470
-7280
-3645
-1918
-3666
-5482
-4937
-2421
995
2904
1644
-314
561
3897
6294
6513
5626
4863
4923
6517
8397
8640
7369
6280
6440
7039
7977
8245
6998
5096
4413
5139
5454
5234
4351
2340
778
1544
2942
2316
387
-989
-1297
-623
159
-370
-1967
-2736
-2268
-1642
-1551
-1812
-2139
-2533
-2848
-2373
-1309
-1039
-1972
-2687
-2322
-1372
-1036
-1679
-2369
-2458
-2219
-2593
-3438
-4252
-4748
-5266
-6281
-7498
-8464
-8847
-9476
-10378
-12186
-12697
-8358
-4261
-8132
-16950
-16356
-5059
2969
-590
-9500
-12207
-4241
6461
8906
3588
-212
896
4437
10104
15208
13378
6074
2871
7712
15036
16954
11220
3818
2520
7441
11186
9600
4944
739
-833
312
3151
4697
1644
-4721
-7603
-4158
189
308
-3465
-7730
-9058
-6137
-2573
-2387
-4518
-7041
-8624
-7102
-2620
-491
-3014
-5646
-5233
-2718
122
1870
940
-1129
-1007
1263
3299
4149
4215
3370
2540
3251
5583
7212
6572
5459
5330
5585
5850
6859
7653
6651
5113
4504
4534
5602
6908
5466
2141
1198
2954
3911
2980
1607
-68
-1230
-343
1081
621
-1273
-2592
-2395
-1127
64
-539
-2504
-3303
-2184
-847
-681
-1395
-2045
-2016
-1274
-344
-310
-1250
-2073
-1972
-1512
-1783
-2827
-3936
-4370
-4466
-5134
-6963
-8484
-8490
-7942
-9393
-12360
-10327
-4389
-4316
-13055
-17757
-9427
1066
935
-7774
-13148
-8167
2180
6699
2732
-1285
-521
1990
5478
11200
13349
7426
1421
4157
12318
16523
12549
5327
2728
6709
11143
10408
6735
3732
1947
1362
2888
5600
5223
-85
-5139
-3846
1235
3229
29
-4745
-6744
-4784
-1388
-684
-2800
-5135
-6806
-6769
-3774
-790
-2028
-5723
-6870
-4752
-1911
-148
-735
-3110
-4014
-1899
869
2180
1924
602
-454
732
3891
5804
4812
2963
2904
4488
5900
6453
6275
5576
4968
5069
5528
6185
6866
5966
3232
2093
3977
5278
3776
1790
689
126
864
2043
1534
-581
-2198
-2385
-1284
121
-19
-2091
-3872
-3225
-1208
-344
-1144
-2108
-2503
-2571
-1562
-212
-217
-1248
-2093
-2512
-2259
-1566
-1637
-2835
-4251
-4761
-4985
-5535
-6191
-6773
-7674
-8824
-9774
-10747
-9207
-5057
-4501
-11194
-16421
-10801
-961
1113
-5467
-11768
-10108
-1324
5489
4190
-457
-1602
482
3962
9240
12388
8766
2896
3047
9110
14248
13336
7972
3975
4960
8794
10346
8496
5603
3425
2330
2871
5296
6442
3223
-1400
-2150
470
2649
2496
-276
-3784
-4814
-2614
-575
-919
-2906
-5824
-7455
-5136
-1619
-2115
-5676
-7414
-6324
-4447
-2639
-1945
-3474
-5111
-4249
-1841
33
839
156
-1351
-1071
1812
4207
3924
3009
2969
3512
4386
5805
6899
6535
5277
4353
4626
6264
7744
6572
3527
2235
3811
5618
5112
3026
1187
670
1541
2467
2200
532
-1281
-1824
-732
764
612
-1574
-3274
-2289
-249
145
-1126
-2191
-2196
-1849
-873
21
-541
-1956
-2689
-1977
-897
-842
-2687
-4673
-4490
-3234
-3435
-5203
-6681
-7572
-7893
-7553
-7500
-9343
-11816
-10136
-5335
-5055
-11766
-15800
-9877
-1521
-835
-6876
-11297
-8278
-34
4760
2402
-994
-798
1234
4638
10107
12078
6906
2014
5000
12342
15639
12089
6077
4117
7794
11843
11455
8088
5261
3944
4205
6352
8490
7135
2111
-1578
160
4293
5169
1949
-2056
-3828
-2461
11
325
-1733
-4147
-6214
-6748
-4058
-1193
-2791
-6873
-8180
-6274
-3845
-2401
-2866
-5052
-6077
-4401
-1989
-341
46
-1143
-2733
-2013
1436
3862
2925
1144
1211
2605
4257
5311
4970
3894
3875
4840
5265
5410
5648
5026
3782
3746
4953
5259
4105
3150
2947
2842
2907
2912
2296
1532
1389
1290
841
903
1170
406
-677
-630
-73
-202
-656
-838
-1079
-1448
-1498
-1321
-1353
-1601
-2041
-2521
-2750
-2667
-2934
-3782
-4327
-4369
-4753
-5779
-6492
-6728
-7094
-7961
-8957
-9221
-9043
-9731
-11237
-10479
-6779
-5288
-9841
-14281
-10705
-2907
-493
-4901
-9113
-7750
-1397
3829
3598
831
-89
1202
4091
8717
11452
8604
3900
4368
9969
14158
12542
7694
5275
7052
10228
10774
8518
6416
5326
4328
4353
6216
7102
4297
171
-463
2210
4035
2905
-87
-2752
-3206
-1287
215
-649
-2720
-4907
-6347
-5046
-1987
-1716
-4853
-7201
-6630
-4677
-2756
-2210
-3906
-5590
-4868
-2938
-1435
-420
-692
-2386
-2888
-347
2555
2661
941
68
1268
3564
4736
3748
2490
3075
4588
5066
4715
4760
4825
4205
3916
4948
5745
4905
3657
3328
3931
4638
4306
3042
2373
2946
3260
2276
1537
1871
1675
401
-415
-73
238
-363
-1453
-2222
-2169
-1717
-1922
-2854
-3378
-3108
-3117
-3905
-4113
-3389
-3416
-4750
-5767
-5202
-4311
-4602
-5779
-6854
-7116
-6672
-6474
-6960
-7492
-8022
-9135
-9852
-7823
-4416
-4741
-9405
-11876
-7734
-1744
-466
-4004
-7293
-5802
-281
3830
3411
1401
1020
2196
4779
8624
10583
8064
4623
5308
9272
12133
11410
8009
5268
6003
8936
9937
7908
5316
3928
3684
4628
6083
5787
3085
512
395
2015
3194
2382
-166
-2544
-2900
-1520
-564
-1129
-2860
-5241
-6659
-4978
-2161
-2574
-5476
-6851
-6336
-5214
-3428
-2449
-3783
-5466
-5210
-3579
-1567
-10
-558
-2600
-2831
-275
2258
2641
1596
601
585
2030
4287
5581
4825
2913
2099
3658
6481
7794
5754
2465
2282
5620
8003
6731
4115
2946
3464
4959
6080
5242
2920
1368
1638
2914
3808
2792
26
-1676
-663
961
700
-1097
-2558
-2817
-2426
-1874
-1577
-2279
-3537
-3973
-3448
-2791
-2336
-2674
-3972
-4562
-3638
-2736
-3089
-4006
-4536
-4694
-4741
-4822
-5099
-5638
-6134
-6529
-6872
-6856
-6825
-7612
-8186
-6533
-4431
-5567
-8631
-8446
-4309
-1109
-1788
-4422
-5243
-2398
1847
3457
2246
1494
2082
3130
5502
8640
8838
5715
4138
6470
9659
10549
8742
6028
5087
6553
7950
7529
6234
4731
3105
2622
4045
5180
3581
549
-700
295
1341
1259
-39
-2065
-3320
-2893
-2006
-1999
-2684
-4118
-5782
-5661
-3576
-2580
-4196
-5931
-5779
-4766
-3827
-2849
-2831
-4062
-4331
-2644
-980
-439
-536
-1122
-1146
505
2136
2068
1602
1821
2141
2503
3271
3809
3693
3593
3901
4302
4392
4381
4603
4773
4672
4509
4323
4157
4218
4288
3950
3463
3271
3090
2753
2633
2556
1913
1078
887
1148
1015
297
-455
-769
-551
-427
-949
-1557
-1602
-1390
-1477
-1623
-1462
-1382
-1688
-1890
-1691
-1506
-1517
-1553
-1747
-2075
-2169
-2132
-2344
-2653
-2879
-3156
-3459
-3765
-4149
-4456
-4515
-4623
-5189
-5907
-6114
-5961
-6054
-6011
-5237
-4776
-5915
-7366
-6577
-3757
-1861
-2549
-4354
-4669
-2364
929
2298
1323
421
955
2412
4561
6552
6333
4204
3351
5092
7374
8065
6837
4831
4021
5173
6455
6090
4727
3580
2710
2356
2997
3586
2644
735
-366
-129
638
883
-36
-1590
-2365
-1975
-1487
-1558
-1918
-2579
-3515
-3766
-2927
-2221
-2558
-3323
-3829
-3841
-3018
-1914
-1895
-2783
-2949
-2129
-1417
-1021
-647
-526
-564
-218
426
1159
1963
2106
1430
1437
2634
3406
3080
2627
2501
2741
3387
3805
3358
2440
1999
2598
3600
3521
2313
1486
1729
2549
3146
2614
1198
665
1509
2201
2003
1444
807
390
694
1257
1144
429
-200
-393
-59
468
421
-269
-689
-359
161
321
182
-40
-220
-138
310
765
710
195
-84
190
567
500
-43
-635
-859
-842
-1090
-1631
-2121
-2619
-3236
-3713
-4064
-4675
-5420
-5782
-5775
-6075
-7063
-8005
-7882
-6747
-5800
-6279
-7928
-8550
-6568
-3765
-2968
-4201
-5252
-4386
-1694
833
1245
182
-207
911
3007
5022
5542
4349
3339
4114
5916
7079
6820
5557
4588
4947
6097
6626
6015
4841
3966
3838
4224
4477
4097
3093
1946
1250
1227
1554
1532
543
-1075
-2064
-1758
-1021
-1084
-2211
-3661
-4319
-3744
-2875
-2877
-3621
-4335
-4639
-4227
-3200
-2577
-2935
-3571
-3628
-2839
-1543
-670
-810
-1381
-1362
-497
584
1134
986
604
603
1261
2132
2513
2234
1632
1416
2166
3197
3249
2424
1778
2012
3155
4030
3314
1946
1800
2795
3699
3724
2767
1867
2103
2879
3207
2985
2239
1350
1354
2252
2662
1946
991
763
1125
1352
1193
874
576
429
418
386
348
311
151
-49
-140
-282
-439
-329
-180
-445
-994
-1317
-1184
-826
-792
-1382
-2125
-2338
-2065
-1899
-2156
-2720
-3331
-3658
-3579
-3507
-3895
-4598
-5128
-5209
-5044
-5156
-5726
-6149
-5969
-5708
-5894
-6060
-5524
-4618
-4357
-4877
-4854
-3365
-1598
-1215
-1796
-1603
-107
1665
2600
2577
2451
3015
4141
5274
6038
6108
5587
5371
6097
7129
7335
6435
5369
5253
5868
5962
5133
4156
3503
2989
2545
2276
1999
1375
385
-533
-906
-851
-972
-1672
-2686
-3341
-3365
-3246
-3459
-3858
-4196
-4542
-4787
-4584
-4106
-3933
-4127
-4225
-3952
-3369
-2788
-2549
-2414
-1884
-1271
-1054
-727
153
910
1007
914
1226
2037
2853
3031
2694
2698
3306
3863
3915
3638
3404
3465
3853
4174
3962
3349
2947
3154
3667
3588
2566
1671
1925
2626
2521
1642
902
797
1083
1248
1036
524
-2
-114
267
608
397
-185
-511
-319
30
71
-238
-548
-534
-357
-426
-696
-772
-701
-851
-1176
-1326
-1232
-1191
-1366
-1577
-1608
-1530
-1588
-1802
-1847
-1593
-1466
-1705
-1852
-1594
-1302
-1285
-1340
-1255
-1101
-1028
-1079
-1047
-768
-609
-907
-1222
-1120
-920
-977
-1244
-1550
-1741
-1801
-1851
-1807
-1760
-2217
-2989
-2995
-1947
-1111
-1725
-3188
-3498
-1897
-145
-230
-1651
-2183
-913
771
1332
972
695
833
1371
2351
3206
3142
2469
2265
2873
3598
3665
3108
2668
2774
2997
2816
2396
2203
2215
2007
1407
830
775
1088
1069
356
-524
-798
-457
-217
-518
-1170
-1767
-1892
-1464
-1038
-1252
-2044
-2659
-2380
-1521
-1144
-1657
-2338
-2300
-1547
-922
-942
-1197
-1238
-995
-428
181
318
97
151
659
1123
1212
1098
1156
1485
1719
1586
1427
1625
1816
1580
1271
1382
1462
1116
945
1054
771
489
700
638
136
-159
-195
-73
74
-195
-646
-842
-811
-507
-260
-548
-1026
-1161
-894
-402
-221
-492
-698
-681
-511
-134
169
125
-66
-117
105
449
651
691
598
473
528
713
898
1059
988
621
368
559
972
1069
666
182
33
279
633
599
109
-279
-229
40
170
-5
-235
-255
-213
-301
-356
-256
-191
-358
-574
-565
-474
-517
-530
-457
-568
-813
-860
-689
-520
-532
-840
-1182
-1046
-619
-660
-1127
-1298
-1099
-1002
-1050
-1040
-993
-1007
-1108
-1134
-888
-588
-601
-723
-641
-518
-474
-313
-57
13
-109
-165
57
460
668
502
349
553
857
947
919
951
1047
1118
1083
1011
1051
1154
1148
1011
881
857
910
950
880
675
463
390
416
481
476
237
-58
-119
-60
-88
-172
-337
-548
-618
-540
-523
-612
-688
-744
-822
-854
-725
-558
-509
-544
-562
-498
-382
-263
-80
88
-7
-197
-97
264
568
573
237
-53
128
615
952
827
316
-4
301
917
1185
828
226
52
465
908
888
507
193
173
297
354
337
223
-63
-340
-352
-201
-251
-566
-840
-899
-961
-1220
-1440
-1373
-1235
-1340
-1584
-1707
-1656
-1505
-1278
-1024
-855
-884
-977
-748
-129
440
538
375
517
1030
1499
1683
1738
1849
1973
2009
2023
2170
2289
2099
1779
1638
1551
1377
1234
1126
934
692
442
173
74
216
233
-101
-447
-472
-343
-354
-514
-664
-720
-744
-807
-833
-746
-711
-902
-1107
-1001
-714
-663
-879
-968
-793
-649
-712
-767
-644
-508
-528
-565
-447
-261
-214
-290
-257
-89
15
34
109
200
165
87
141
290
295
62
-105
51
212
15
-304
-351
-182
-99
-224
-423
-477
-357
-222
-197
-293
-349
-287
-277
-358
-281
-60
-73
-340
-421
-125
80
-138
-269
50
222
18
68
419
569
570
578
538
678
1005
1135
1116
1147
1057
968
1178
1452
1431
1155
904
956
1246
1338
1089
811
706
687
648
622
634
543
244
-51
-109
1
29
-179
-481
-619
-636
-697
-729
-769
-1000
-1263
-1260
-1115
-1124
-1328
-1523
-1534
-1436
-1402
-1438
-1497
-1566
-1557
-1411
-1247
-1217
-1327
-1376
-1187
-922
-800
-765
-713
-651
-519
-307
-130
-4
99
192
349
520
583
683
900
978
893
962
1173
1269
1251
1202
1128
1119
1205
1243
1178
1107
1043
977
962
975
944
845
711
622
660
712
591
385
314
326
252
131
50
-10
-80
-178
-320
-418
-410
-444
-592
-705
-726
-765
-824
-836
-840
-886
-938
-961
-903
-771
-699
-733
-737
-644
-525
-421
-320
-214
-104
-47
-71
-28
198
419
405
222
168
367
576
575
430
356
401
480
498
467
478
474
375
344
484
546
405
305
347
360
340
365
325
186
126
210
255
161
50
37
95
82
-33
-87
5
70
-41
-172
-151
-92
-124
-161
-139
-158
-245
-278
-228
-185
-198
-262
-332
-336
-289
-290
-318
-303
-334
-447
-459
-335
-322
-467
-551
-498
-414
-366
-381
-429
-427
-389
-350
-233
-94
-128
-258
-197
44
198
174
129
184
270
306
381
517
539
447
459
563
596
578
566
540
521
489
406
396
464
389
195
150
201
133
15
-34
-93
-186
-228
-227
-264
-344
-409
-405
-373
-405
-467
-443
-373
-365
-361
-308
-296
-348
-317
-179
-134
-244
-293
-183
-95
-151
-213
-179
-126
-140
-179
-155
-105
-123
-166
-99
-9
-84
-194
-116
12
-11
-52
24
40
-79
-60
210
384
232
49
164
477
676
656
542
529
690
852
898
874
840
794
747
738
791
810
578
272
307
468
242
-79
-50
-51
-334
-470
-372
-439
-680
-811
-801
-744
-781
-957
-1038
-920
-844
-909
-956
-927
-850
-729
-668
-692
-649
-511
-416
-359
-234
-75
2
-2
43
250
515
590
456
428
681
932
918
790
778
858
913
920
897
841
736
624
632
728
645
348
190
296
342
148
-66
-108
-75
-155
-323
-376
-292
-308
-474
-549
-441
-349
-377
-414
-393
-347
-305
-264
-197
-93
-48
-116
-132
35
192
163
120
181
223
227
327
432
395
313
312
357
410
444
378
227
163
234
294
197
1
-117
-80
-8
-81
-251
-342
-326
-321
-348
-365
-417
-514
-546
-480
-429
-460
-538
-593
-542
-425
-411
-513
-515
-363
-278
-313
-290
-196
-136
-85
5
71
87
107
144
219
333
355
245
162
207
324
387
272
50
-29
107
212
119
-106
-245
-173
-69
-131
-220
-219
-300
-407
-280
-103
-190
-371
-377
-258
-144
-94
-147
-230
-234
-162
-31
68
-16
-158
-115
40
108
121
124
39
-31
84
272
286
160
117
205
270
272
311
368
323
245
280
380
417
404
381
302
234
290
393
366
236
163
191
235
237
231
228
187
112
120
246
322
214
58
98
279
299
130
66
170
200
119
87
116
124
93
48
57
97
30
-61
3
63
-65
-158
-97
-91
-165
-180
-206
-285
-289
-258
-293
-335
-351
-374
-361
-319
-344
-396
-361
-294
-300
-332
-323
-290
-260
-233
-212
-225
-251
-239
-161
-86
-97
-165
-182
-110
-25
7
0
-28
-58
-29
80
141
93
40
20
12
75
166
98
-57
-59
25
-3
-41
-4
-37
-158
-179
-75
-4
-41
-119
-127
-73
-7
44
51
5
-35
33
132
123
34
28
56
-28
-65
56
38
-182
-215
-66
-88
-175
-136
-162
-256
-207
-116
-95
-71
-122
-195
-77
90
79
30
55
61
132
291
321
240
250
315
343
409
482
455
385
400
481
543
547
491
428
435
494
502
445
391
349
304
307
333
268
149
93
93
74
30
-28
-88
-137
-171
-177
-174
-223
-306
-329
-298
-299
-327
-340
-346
-342
-337
-339
-321
-270
-270
-318
-286
-204
-208
-245
-187
-121
-167
-196
-103
-28
-44
-68
-68
-41
32
84
46
29
92
112
72
115
213
177
50
59
189
212
95
28
69
99
46
-7
4
4
-71
-140
-117
-83
-143
-235
-256
-224
-208
-253
-318
-339
-309
-286
-294
-327
-345
-318
-280
-253
-227
-216
-225
-201
-141
-78
-33
-33
-88
-82
33
114
91
22
-7
52
146
159
107
107
127
105
99
173
260
224
94
104
290
338
197
204
341
291
187
291
424
359
244
257
331
346
290
270
330
313
197
191
290
286
178
143
168
139
85
73
95
93
21
-47
-41
-5
-19
-67
-89
-118
-162
-166
-139
-115
-140
-229
-282
-230
-161
-194
-261
-265
-259
-256
-234
-183
-151
-209
-264
-179
-66
-76
-114
-85
-81
-63
41
67
28
62
103
101
157
229
211
201
229
236
286
329
258
235
296
261
197
230
218
116
101
101
10
-22
-15
-95
-157
-164
-215
-274
-261
-267
-335
-358
-357
-370
-354
-332
-337
-361
-368
-327
-266
-239
-264
-269
-222
-172
-124
-90
-87
-73
-39
18
74
103
108
101
130
192
234
221
168
162
208
230
210
146
107
112
95
64
42
22
-46
-105
-84
-53
-66
-129
-207
-177
-85
-97
-182
-187
-103
-102
-161
-145
-38
-23
-173
-191
28
67
-152
-148
77
50
-113
-18
135
79
-2
39
138
213
167
98
193
307
228
169
307
387
273
188
283
404
364
234
217
311
319
229
221
285
248
119
104
232
272
124
11
78
163
136
62
29
45
48
10
13
69
42
-75
-94
-10
28
-19
-100
-149
-104
-50
-90
-152
-151
-159
-196
-181
-151
-164
-210
-264
-253
-178
-158
-231
-269
-231
-214
-202
-169
-190
-240
-221
-161
-150
-175
-159
-141
-170
-176
-102
-52
-116
-163
-90
-25
-49
-73
-33
-2
-21
-29
10
47
44
18
23
51
61
59
57
66
68
50
37
52
84
72
20
8
37
41
23
20
4
-25
-18
0
-8
-13
-10
-33
-44
-11
12
-2
-7
1
-1
0
18
33
17
-5
-6
-4
-12
-14
-8
-42
-96
-99
-52
-42
-99
-148
-121
-74
-84
-84
-57
-79
-98
-17
51
28
16
47
63
111
190
190
136
140
207
279
301
252
217
257
307
329
336
308
260
259
308
334
310
257
202
200
250
262
191
111
93
99
98
89
34
-43
-64
-55
-73
-95
-125
-191
-221
-190
-172
-193
-230
-262
-235
-184
-192
-213
-188
-186
-196
-156
-125
-128
-127
-134
-116
-59
-55
-92
-62
-26
-44
-26
3
-15
-12
1
-8
10
25
-29
-38
16
-11
-57
-36
-45
-87
-65
-54
-101
-112
-101
-116
-110
-85
-99
-134
-125
-80
-51
-72
-94
-60
-25
-32
-16
26
20
-12
0
49
84
66
24
34
85
90
62
79
110
83
46
73
130
127
64
27
52
70
30
4
8
-27
-109
-125
-63
-59
-148
-213
-178
-131
-131
-121
-104
-134
-138
-59
19
18
-15
-13
22
68
81
98
94
3
-18
126
148
-9
-13
92
36
3
123
127
25
56
130
153
195
171
112
172
237
197
191
213
164
147
193
189
154
147
123
105
128
138
124
108
87
94
128
128
98
84
87
91
71
46
55
42
-31
-63
-15
-20
-92
-129
-125
-120
-127
-146
-144
-123
-156
-192
-137
-81
-115
-162
-161
-122
-90
-105
-133
-96
-78
-142
-131
-23
-17
-125
-122
-21
-5
-56
-39
13
-13
-56
-7
52
27
-14
-23
-15
6
12
-16
-30
-19
-43
-56
-20
-20
-60
-76
-76
-73
-50
-60
-105
-104
-82
-106
-112
-80
-88
-122
-117
-87
-78
-80
-80
-73
-60
-47
-43
-33
-16
-17
-27
-7
24
16
-2
22
51
45
44
68
85
83
82
104
130
117
94
116
136
112
96
101
89
79
74
46
36
39
11
-16
-11
-14
-27
-27
-42
-29
1
-46
-72
12
23
-69
-42
43
-1
-46
14
39
4
4
18
41
68
41
28
79
106
81
87
123
125
122
127
141
163
159
123
124
164
150
100
90
107
84
55
63
67
35
-1
-1
7
-2
-33
-58
-56
-56
-66
-67
-63
-80
-92
-85
-74
-68
-73
-96
-104
-89
-79
-80
-89
-97
-94
-87
-95
-83
-56
-80
-108
-78
-52
-62
-66
-71
-73
-48
-45
-66
-30
-7
-71
-70
19
18
-43
-22
12
-16
-16
12
9
4
4
-9
8
44
27
1
16
42
41
29
37
59
53
24
44
74
48
21
41
47
32
38
34
26
38
26
6
24
23
-13
-13
0
-29
-46
-39
-54
-68
-71
-95
-108
-102
-116
-136
-129
-126
-131
-125
-115
-90
-80
-104
-81
-30
-35
-56
-23
12
13
8
5
58
89
10
6
133
108
-10
76
173
68
46
154
134
77
120
124
115
156
120
76
140
147
70
84
130
88
61
90
90
82
75
50
56
77
55
28
47
57
33
25
47
51
23
12
31
33
10
-2
-9
-28
-32
-39
-56
-53
-55
-81
-80
-60
-79
-91
-74
-79
-91
-65
-53
-74
-58
-39
-52
-40
-8
-17
-25
4
14
6
33
52
33
42
73
64
54
75
74
50
60
82
57
47
68
53
21
32
47
14
-11
-1
-2
-29
-48
-44
-44
-68
-94
-88
-84
-108
-125
-123
-121
-136
-158
-158
-145
-159
-187
-176
-156
-175
-179
-158
-155
-159
-142
-132
-131
-114
-106
-99
-80
-66
-51
-28
-21
-9
28
44
37
68
109
111
109
139
165
167
160
175
202
189
168
187
208
183
162
166
164
157
122
95
122
126
53
46
104
57
-10
35
45
-29
-30
-10
-62
-75
-57
-102
-124
-86
-109
-139
-105
-94
-122
-104
-84
-99
-79
-51
-64
-60
-19
-7
-17
3
35
41
27
30
56
67
46
39
74
91
64
51
82
96
67
45
65
86
62
33
59
92
63
26
58
89
57
30
50
74
62
28
33
74
66
11
21
64
35
-13
4
23
-6
-32
-41
-33
-39
-88
-110
-72
-82
-148
-139
-95
-134
-171
-140
-131
-152
-156
-155
-147
-128
-144
-158
-114
-96
-130
-116
-61
-63
-81
-48
-13
-11
-4
16
34
49
56
61
80
99
99
94
108
128
117
99
114
127
103
87
104
104
80
74
73
55
46
41
12
2
9
-18
-56
-51
-43
-85
-104
-79
-85
-116
-108
-87
-102
-114
-92
-96
-98
-77
-86
-90
-45
-36
-82
-49
5
-42
-60
15
13
-36
11
49
6
22
64
41
46
84
53
47
100
73
36
88
103
41
47
93
66
45
68
70
57
62
62
64
80
80
69
84
100
91
90
109
113
101
101
108
100
88
85
78
54
44
48
30
5
2
-1
-22
-44
-49
-48
-53
-75
-88
-71
-73
-110
-115
-77
-85
-124
-112
-78
-86
-107
-95
-70
-65
-80
-89
-57
-34
-67
-84
-38
-17
-61
-62
-10
-5
-36
-31
-5
-2
-13
-14
0
22
17
-2
13
45
36
18
36
57
47
33
38
51
54
38
30
43
49
26
15
34
36
10
0
7
5
-9
-23
-24
-10
-20
-47
-45
-19
-32
-59
-43
-22
-39
-54
-35
-21
-30
-34
-21
-12
-14
-16
-11
1
5
3
3
3
16
16
10
13
22
14
8
23
18
6
19
23
1
9
32
7
-7
28
26
-16
-1
29
2
-15
14
19
-5
3
13
10
17
16
8
22
28
7
9
36
26
-3
9
33
20
-3
9
31
19
-10
-3
24
12
-15
2
31
15
-6
7
28
23
9
7
27
39
20
13
42
60
38
29
58
72
47
36
63
73
47
37
61
63
37
27
35
31
17
5
-4
3
-3
-35
-40
-21
-38
-68
-56
-48
-70
-82
-77
-82
-84
-84
-100
-99
-81
-92
-114
-90
-70
-96
-104
-79
-67
-80
-76
-58
-51
-45
-39
-33
-16
2
5
6
29
51
43
45
73
84
69
75
99
95
83
91
94
84
79
76
64
59
54
32
25
26
8
-18
-9
-4
-40
-58
-32
-37
-75
-67
-43
-59
-73
-55
-48
-62
-60
-54
-50
-43
-54
-57
-29
-21
-56
-42
-7
-38
-62
-12
-10
-61
-36
11
-36
-63
-5
8
-40
-33
9
7
-16
-20
9
34
13
-12
23
63
27
3
58
88
43
28
78
102
69
54
89
117
97
71
100
137
108
74
107
142
110
78
103
122
95
71
82
93
80
49
43
66
55
13
9
36
21
-22
-20
2
-14
-43
-48
-33
-34
-58
-72
-51
-44
-76
-84
-59
-64
-90
-79
-71
-87
-82
-74
-100
-102
-61
-69
-111
-92
-54
-81
-110
-79
-45
-66
-95
-75
-36
-38
-68
-59
-20
-19
-46
-39
4
10
-20
-26
9
27
-4
-17
13
29
-3
-13
17
24
-4
-14
5
13
-3
-10
-2
5
-1
-10
0
17
14
1
7
29
26
12
22
47
46
25
34
59
53
33
41
64
53
29
37
58
50
24
22
41
44
21
-2
14
32
11
-11
14
24
-18
-33
12
20
-22
-29
-5
-12
-27
-16
-9
-17
-21
-25
-23
-6
2
-16
-18
0
3
-7
3
12
6
5
16
25
24
25
25
24
33
37
25
24
38
44
32
31
48
48
34
38
52
44
30
37
52
47
32
30
34
34
29
25
30
23
4
0
21
22
-3
-10
7
2
-18
-11
-1
-19
-33
-20
-12
-28
-47
-56
-51
-43
-61
-82
-71
-72
-106
-112
-76
-81
-123
-117
-89
-98
-111
-92
-81
-92
-85
-70
-68
-55
-42
-51
-43
-12
-5
-20
-10
18
22
15
30
48
51
52
58
71
86
91
83
91
115
109
82
91
122
110
75
69
82
65
37
29
32
18
-22
-48
-25
-7
-53
-101
-65
-37
-86
-103
-43
-28
-82
-86
-21
0
-35
-60
-22
35
22
-30
-7
64
23
-48
16
90
9
-63
20
69
-5
-34
17
23
-17
-11
10
15
-2
-32
-21
27
31
-18
-26
8
7
-5
22
36
10
7
25
35
48
69
57
38
56
91
93
75
77
94
95
76
78
105
97
52
38
71
74
28
3
25
31
-13
-43
-19
-1
-43
-75
-44
-23
-63
-92
-55
-29
-65
-92
-55
-23
-50
-79
-48
-18
-49
-78
-35
3
-37
-69
-30
-8
-47
-62
-19
-9
-43
-49
-18
-14
-44
-51
-27
-15
-25
-26
-11
-10
-31
-33
-10
5
-3
-10
-5
-2
-12
-11
4
10
-7
-25
-20
-4
-3
-11
-23
-27
-28
-26
-26
-20
-13
-30
-49
-31
5
-3
-31
-26
6
18
9
13
26
26
18
29
59
66
41
21
44
76
65
37
21
30
40
42
40
29
13
-13
-20
0
29
20
-17
-39
-24
-3
-6
-9
0
-4
-36
-36
5
35
15
-16
-16
-5
6
25
46
40
1
-13
14
47
63
61
40
0
-3
54
99
72
32
34
45
35
46
85
78
10
-19
39
86
46
-9
4
32
9
-11
16
36
-10
-51
-21
19
-2
-42
-30
7
-1
-34
-36
-14
-17
-36
-29
-2
-1
-28
-40
-25
-14
-26
-35
-23
-11
-19
-38
-41
-31
-38
-47
-36
-19
-30
-56
-63
-46
-38
-48
-54
-45
-46
-64
-66
-43
-32
-52
-67
-52
-30
-33
-41
-31
-16
-22
-34
-18
14
20
4
9
37
47
28
29
60
76
54
40
68
91
71
45
57
70
44
24
51
73
35
-19
-15
12
5
-26
-33
-29
-48
-64
-52
-40
-64
-90
-88
-73
-53
-47
-59
-85
-77
-39
-31
-56
-55
-13
-7
-37
-30
18
18
-31
-15
54
50
-26
-21
60
72
8
4
58
46
-5
23
89
70
-5
5
86
86
25
26
78
72
32
63
118
92
32
55
119
115
69
83
123
106
73
95
134
106
59
73
119
105
60
56
70
48
16
32
51
23
-26
-28
-10
-25
-56
-58
-46
-70
-94
-83
-65
-87
-115
-106
-85
-89
-102
-91
-83
-99
-106
-81
-63
-74
-89
-76
-57
-58
-57
-51
-49
-58
-52
-30
-22
-30
-31
-29
-25
-17
-4
-5
-15
-10
4
12
10
13
17
11
9
23
36
25
17
23
28
15
13
27
21
1
-1
21
17
-8
-18
0
0
-20
-21
-1
0
-25
-28
-9
1
-14
-19
-4
9
5
-4
6
21
28
17
12
29
47
28
14
32
54
36
-1
17
51
39
-8
-5
33
20
-30
-32
13
3
-47
-50
-2
-8
-63
-67
-18
-11
-61
-64
-19
-8
-50
-53
-10
3
-25
-30
12
28
2
-7
26
46
32
22
43
58
48
39
51
68
62
53
53
64
66
54
48
54
63
53
41
46
58
49
31
32
46
38
17
14
31
29
6
2
17
22
-2
-10
1
6
-10
-26
-11
-2
-12
-36
-32
-16
-26
-43
-48
-26
-27
-49
-56
-42
-32
-56
-70
-50
-31
-49
-77
-56
-31
-46
-72
-59
-22
-36
-64
-56
-21
-24
-61
-52
-16
-8
-41
-41
-2
3
-24
-28
7
22
0
-2
30
47
27
19
47
62
48
44
64
80
63
54
64
72
54
38
49
50
30
9
6
7
-18
-41
-41
-36
-55
-79
-75
-67
-82
-107
-99
-73
-84
-96
-79
-47
-52
-80
-51
-15
-18
-48
-26
25
12
-21
-10
36
25
-21
-5
39
25
-24
-14
34
16
-28
-17
27
15
-28
-8
28
25
-14
4
49
37
12
20
61
59
40
55
75
76
57
69
88
82
81
86
98
90
83
90
86
86
83
89
80
71
74
66
54
40
50
47
27
21
21
19
-10
-17
-6
-13
-30
-40
-22
-31
-51
-56
-43
-37
-64
-55
-35
-34
-58
-65
-34
-39
-58
-58
-29
-21
-52
-50
-28
-20
-52
-53
-15
-10
-31
-39
-6
-3
-34
-32
-4
13
-17
-20
10
11
-10
-28
2
5
-15
-22
-8
2
-31
-37
-29
-25
-38
-56
-38
-38
-40
-56
-63
-50
-54
-48
-57
-44
-31
-39
-44
-48
-20
-18
-31
-25
-8
8
-14
0
22
25
16
21
70
68
46
39
65
83
49
54
58
54
39
39
62
28
8
11
24
9
-21
8
19
14
12
22
21
-9
17
36
15
0
25
55
20
14
39
36
7
3
52
53
9
-9
29
60
30
20
42
50
3
-16
44
83
62
38
64
84
38
-2
-4
18
15
2
19
25
16
-10
5
57
67
16
-42
-26
10
-1
-19
8
48
32
-3
3
15
3
-6
14
30
23
25
29
8
-16
-24
-4
7
1
12
36
28
-24
-38
-13
-35
-72
-35
16
-11
-64
-76
-75
-84
-80
-49
-8
-3
-65
-111
-68
-26
-58
-94
-76
-69
-111
-132
-107
-83
-81
-72
-39
-24
-58
-56
24
91
73
15
11
40
57
62
64
37
-25
-54
-14
11
-27
-50
20
107
85
-8
-60
-44
-12
-10
-42
-94
-137
-162
-212
-264
-301
-348
-382
-368
-271
-159
-121
-154
-165
-46
61
17
-55
-18
106
178
145
114
149
137
4
-68
14
-6
-133
-85
30
-21
-77
48
149
102
106
147
102
162
529
1057
1279
951
466
310
451
552
579
599
433
108
-92
-149
-248
-382
-356
-192
-94
-168
-320
-377
-350
-347
-299
-109
115
185
141
88
-32
-177
-158
39
179
166
159
197
97
-215
-552
-636
-351
117
395
264
-122
-422
-422
-184
104
307
371
292
141
-3
-124
-183
-84
96
154
89
-12
-147
-327
-462
-484
-399
-214
-53
-64
-164
-274
-391
-399
-199
-6
-51
-72
125
201
-64
-333
-245
35
193
230
214
129
1
-61
2
83
94
51
78
219
269
95
-106
-67
164
324
281
59
-178
-138
116
197
1
-159
-96
-51
-109
-135
-153
-225
-283
-200
-29
43
21
1
20
30
24
157
379
429
248
35
-8
54
121
204
204
82
-58
-115
-178
-320
-322
-80
141
132
11
-55
-85
-95
-27
64
129
176
181
142
54
-56
-123
-74
79
163
118
12
-115
-199
-178
-44
85
88
36
27
37
-8
-81
-48
72
147
155
156
148
59
-81
-121
-24
114
170
122
46
-16
-41
-31
-12
-3
-5
9
20
-6
-32
-14
12
24
64
147
168
83
-17
-21
60
139
185
206
163
20
-121
-135
-52
4
20
56
71
-16
-155
-217
-171
-67
31
67
4
-110
-185
-187
-137
-58
19
37
-31
-117
-122
-84
-116
-191
-187
-86
-14
-34
-110
-202
-276
-263
-127
35
84
7
-85
-99
-42
48
105
95
54
34
29
22
57
145
200
134
8
-37
15
56
64
113
178
135
-19
-107
-59
1
-35
-77
-32
16
-42
-152
-208
-234
-249
-188
-54
28
-6
-39
34
65
-72
-195
-75
153
200
107
86
101
-1
-119
-45
95
64
-53
-42
32
1
-57
-14
39
-4
-68
-53
15
53
59
112
175
136
9
-42
88
267
301
182
72
50
66
93
181
289
284
134
-9
-3
91
137
135
166
181
103
26
94
229
230
107
47
102
126
59
38
113
146
48
-59
-64
-23
-41
-85
-51
21
-6
-143
-244
-213
-119
-70
-67
-70
-95
-176
-238
-203
-124
-101
-107
-72
-34
-58
-112
-110
-67
-29
-7
6
-9
-52
-83
-83
-52
-3
15
-39
-106
-117
-102
-117
-113
-57
-27
-68
-100
-65
-57
-123
-160
-106
-57
-85
-106
-65
-36
-69
-111
-108
-79
-43
4
35
16
-42
-92
-96
-44
42
97
61
-28
-80
-57
-17
-1
21
69
93
58
16
21
44
51
73
141
194
153
55
-1
37
116
162
160
117
64
18
-3
11
45
66
54
31
8
-28
-61
-44
16
54
30
2
-11
-37
-83
-91
-43
-5
8
33
39
-30
-135
-156
-51
65
107
97
64
4
-51
-28
60
133
140
115
75
24
2
39
99
119
92
59
33
21
51
114
144
109
57
36
34
19
6
27
59
62
38
28
34
21
-5
14
75
101
57
11
26
48
22
-3
19
34
-10
-60
-51
-25
-29
-24
4
-8
-85
-137
-94
-18
-2
-40
-92
-144
-176
-145
-66
-24
-56
-122
-170
-185
-169
-126
-71
-29
-25
-68
-133
-171
-149
-86
-20
26
41
1
-69
-94
-43
27
51
49
62
66
26
-11
6
39
28
15
58
102
59
-15
-4
57
54
5
15
53
8
-74
-67
1
4
-45
-37
-9
-67
-154
-134
-38
9
-23
-42
-37
-37
-22
11
38
23
18
30
33
37
60
67
28
1
17
15
-33
-39
31
66
15
-25
-3
-10
-68
-85
-46
-11
-7
18
64
52
-18
-52
-16
52
117
163
159
106
56
44
67
112
166
196
167
106
70
74
105
147
178
169
124
83
81
100
118
123
110
86
67
61
59
64
65
48
17
-12
-18
-10
-4
0
-6
-38
-80
-107
-111
-109
-101
-86
-80
-111
-155
-172
-167
-157
-133
-96
-82
-113
-148
-147
-130
-112
-80
-32
-15
-45
-72
-60
-32
-13
12
29
8
-38
-53
-23
15
33
42
32
-13
-60
-70
-37
0
23
33
19
-21
-51
-39
-2
29
34
31
21
0
-18
-24
-12
-2
-4
-12
-19
-27
-37
-41
-30
-18
-16
-25
-21
-2
6
2
9
26
29
22
43
75
90
78
62
49
18
-4
21
74
91
67
42
13
-37
-77
-57
-11
7
-4
-4
-8
-37
-62
-48
-25
-30
-36
-17
3
-9
-23
-22
-33
-59
-63
-34
-2
9
9
9
-6
-24
-16
16
49
68
81
79
61
45
52
78
109
134
142
120
75
32
16
28
65
100
112
88
41
-3
-29
-22
10
51
63
51
32
20
23
42
65
72
56
35
26
28
39
50
50
22
-24
-55
-61
-55
-40
-23
-27
-57
-90
-107
-105
-99
-85
-66
-65
-85
-100
-93
-81
-72
-61
-49
-62
-90
-98
-82
-59
-47
-34
-31
-49
-77
-81
-55
-32
-17
-9
-5
-18
-27
-9
26
48
49
44
31
15
14
34
62
70
57
31
6
-17
-18
2
21
20
4
-14
-32
-45
-43
-31
-26
-32
-40
-42
-39
-38
-28
-18
-23
-35
-43
-39
-25
-12
3
10
0
-12
-21
-20
-17
-1
16
23
16
10
9
7
7
21
38
44
41
39
42
38
36
49
54
51
45
36
31
22
18
29
38
31
19
11
1
-8
-9
5
17
25
26
29
27
24
30
46
61
69
76
82
83
80
79
87
89
89
83
76
66
52
42
34
29
21
12
0
-16
-30
-39
-44
-46
-50
-54
-61
-70
-81
-87
-86
-81
-76
-74
-77
-80
-86
-83
-78
-69
-65
-60
-53
-50
-43
-33
-21
-6
4
14
19
24
32
41
53
61
66
65
58
54
52
56
58
57
47
32
15
3
-2
-2
-1
-6
-18
-29
-41
-47
-45
-40
-35
-36
-43
-54
-62
-62
-57
-50
-45
-45
-51
-58
-63
-61
-54
-48
-44
-46
-49
-51
-48
-40
-30
-19
-11
-7
-8
-7
-2
7
18
22
25
24
23
29
36
45
51
54
48
43
36
36
42
50
58
58
53
45
38
38
39
39
41
36
30
19
11
9
8
10
10
5
1
-5
-5
-4
-1
7
11
12
9
7
11
18
27
34
38
37
33
30
29
32
31
32
28
26
24
21
25
27
30
27
22
17
14
17
21
29
33
34
30
27
21
19
18
17
15
9
2
-6
-12
-18
-23
-29
-34
-39
-47
-48
-52
-55
-55
-57
-57
-59
-60
-60
-59
-57
-55
-52
-51
-53
-53
-54
-54
-53
-52
-51
-50
-49
-49
-46
-43
-41
-38
-37
-34
-31
-25
-17
-9
-2
6
11
17
21
26
34
40
46
51
55
59
62
64
63
61
59
56
53
48
43
36
28
20
11
1
-9
-18
-25
-34
-41
-50
-55
-60
-65
-66
-68
-68
-60
-59
-52
-48
-43
-35
-28
-21
-16
-8
-3
5
8
13
16
18
17
15
14
11
9
7
5
1
-2
-2
-9
-10
-6
-7
-4
-3
1
9
14
19
24
32
44
52
59
64
70
78
82
87
90
92
95
93
91
90
88
85
81
76
69
64
59
53
48
43
38
34
29
24
19
16
11
7
3
-3
-8
-16
-19
-23
-29
-35
-41
-48
-54
-61
-66
-70
-72
-75
-77
-79
-79
-78
-77
-74
-70
-63
-60
-55
-48
-44
-38
-35
-26
-21
-18
-15
-13
-12
-12
-9
-9
-8
-10
-11
-13
-17
-17
-17
-17
-20
-21
-19
-20
-21
-21
-21
-18
-19
-19
-19
-19
-17
-15
-16
-16
-14
-16
-16
-15
-16
-17
-15
-15
-14
-13
-11
-8
-4
-2
0
4
7
13
18
22
27
32
36
39
40
40
43
41
41
38
37
37
34
30
22
21
16
13
11
5
3
0
-2
-3
-1
-2
0
1
3
3
3
4
7
10
10
12
10
12
13
13
13
14
16
16
16
15
15
17
21
23
26
28
29
31
33
35
36
36
36
35
32
30
30
30
29
25
21
17
12
9
4
0
-2
-5
-6
-8
-10
-11
-12
-11
-10
-8
-8
-8
-8
-8
-7
-6
-6
-6
-6
-9
-12
-13
-15
-15
-17
-19
-20
-25
-28
-31
-32
-33
-34
-33
-35
-35
-36
-36
-36
-34
-32
-30
-31
-29
-30
-28
-27
-24
-23
-22
-21
-22
-21
-22
-21
-18
-16
-13
-11
-9
-6
-3
0
5
10
15
20
24
28
33
37
40
44
44
44
43
41
38
33
30
25
19
12
2
-7
-13
-20
-26
-34
-39
-43
-48
-51
-52
-52
-47
-44
-43
-41
-39
-31
-26
-20
-17
-10
-6
-2
-1
-1
5
6
7
7
6
6
4
4
5
3
3
4
1
1
3
2
6
7
10
17
19
21
25
31
37
45
50
55
59
64
70
75
78
81
86
86
85
85
84
84
81
77
75
69
63
56
50
42
35
28
21
11
4
-4
-10
-16
-23
-28
-34
-39
-44
-49
-51
-54
-56
-58
-58
-57
-57
-58
-57
-55
-53
-51
-49
-46
-45
-42
-38
-34
-32
-29
-26
-24
-21
-20
-15
-14
-12
-9
-8
-8
-7
-5
-2
-4
-4
-3
-3
-5
-5
-7
-7
-7
-8
-8
-12
-14
-17
-17
-19
-21
-22
-23
-25
-27
-28
-30
-29
-30
-29
-30
-29
-28
-27
-25
-23
-20
-18
-14
-12
-9
-8
-3
0
3
8
10
13
15
19
20
23
23
25
25
26
26
22
22
22
22
20
15
14
12
10
4
4
3
2
1
-3
-2
-3
-3
-3
-2
0
0
1
2
6
7
9
11
15
17
18
21
25
27
29
31
33
36
38
38
41
43
43
45
45
47
46
44
43
42
40
38
35
35
34
29
26
25
21
17
12
9
5
2
-1
-4
-8
-10
-13
-16
-18
-21
-24
-25
-27
-30
-31
-32
-32
-32
-34
-36
-35
-36
-36
-36
-33
-32
-32
-33
-31
-30
-29
-27
-26
-25
-24
-24
-22
-22
-20
-19
-17
-15
-17
-17
-15
-14
-12
-12
-10
-8
-9
-7
-6
-4
-3
-2
1
2
4
7
7
10
12
13
15
16
18
18
19
18
19
19
17
17
15
13
11
8
6
2
0
-3
-7
-11
-15
-19
-20
-24
-25
-29
-30
-32
-35
-36
-36
-34
-32
-32
-31
-32
-31
-27
-26
-23
-21
-16
-15
-13
-13
-10
-7
-5
-3
0
1
1
2
6
7
8
11
14
13
15
18
19
22
22
27
32
33
35
38
43
46
50
54
59
61
63
68
70
71
73
77
79
78
78
78
76
75
72
71
70
64
60
54
49
43
37
33
27
18
12
5
-1
-9
-14
-18
-24
-30
-36
-40
-45
-50
-54
-55
-56
-59
-59
-60
-60
-62
-62
-60
-59
-58
-56
-53
-49
-50
-48
-45
-41
-39
-36
-31
-27
-26
-25
-21
-19
-16
-15
-11
-8
-6
-6
-6
-4
-3
-2
-1
0
0
-1
-3
-4
-2
-2
-5
-5
-4
-6
-10
-10
-10
-9
-10
-11
-10
-9
-12
-14
-12
-8
-8
-9
-7
-3
-4
-5
-3
3
5
4
7
9
12
10
11
14
16
16
16
19
19
15
12
15
17
15
10
10
11
7
2
0
3
1
-2
-6
-4
-6
-11
-13
-10
-9
-12
-13
-10
-10
-12
-13
-9
-6
-5
-4
0
3
2
3
10
14
16
17
22
24
26
27
31
35
38
37
38
42
42
39
40
41
42
42
39
41
39
36
32
33
31
28
24
23
21
16
12
10
10
7
4
1
-1
-5
-9
-12
-11
-11
-15
-18
-20
-20
-23
-26
-26
-23
-25
-28
-28
-26
-29
-31
-31
-29
-28
-30
-30
-28
-29
-32
-30
-27
-26
-25
-26
-24
-22
-22
-22
-19
-15
-14
-15
-12
-8
-7
-7
-5
1
2
2
3
7
8
8
8
12
13
12
12
13
13
12
10
11
12
8
5
5
5
0
-4
-4
-5
-8
-13
-13
-14
-16
-20
-20
-20
-21
-23
-24
-23
-22
-24
-23
-20
-19
-19
-19
-16
-14
-15
-14
-9
-7
-6
-7
-3
-2
-3
-2
1
2
2
2
4
5
4
5
7
7
9
10
10
11
11
13
16
17
19
20
21
24
27
29
30
32
35
36
38
40
42
43
44
43
43
43
44
42
41
39
40
36
32
30
27
23
20
17
13
9
4
2
-2
-7
-10
-12
-17
-19
-22
-24
-26
-28
-29
-32
-32
-31
-31
-30
-31
-31
-29
-27
-25
-24
-23
-19
-17
-16
-13
-10
-9
-8
-4
-1
0
1
4
5
5
5
6
6
6
6
7
6
5
4
1
0
0
-2
-3
-6
-8
-11
-12
-14
-16
-19
-20
-22
-23
-25
-25
-27
-27
-28
-28
-28
-27
-26
-25
-24
-22
-20
-18
-16
-12
-10
-7
-4
-2
1
4
6
10
11
14
17
17
19
20
21
21
21
22
22
22
21
18
19
17
15
14
12
12
11
9
8
6
5
3
4
3
3
2
3
2
2
4
4
3
5
6
6
8
7
9
11
11
12
14
15
15
18
18
19
19
20
21
22
21
20
21
20
21
20
20
20
19
16
15
15
14
12
9
9
7
5
4
2
1
-1
-2
-4
-5
-8
-10
-11
-12
-13
-14
-14
-16
-18
-19
-20
-21
-21
-21
-22
-22
-23
-25
-23
-23
-23
-23
-23
-22
-23
-23
-21
-21
-19
-17
-16
-14
-13
-12
-11
-10
-8
-5
-4
-2
-1
0
1
2
5
5
6
7
8
8
10
10
10
10
10
10
7
8
7
5
4
4
3
1
1
-1
-2
-4
-5
-7
-6
-9
-10
-11
-12
-13
-15
-15
-15
