8
-13
-13
5
19
20
17
21
22
12
1
-1
-1
-11
-20
-10
3
-6
-29
-42
-33
-16
-5
-10
-31
-54
-52
-23
2
5
2
16
39
42
25
13
20
44
65
62
25
-18
-24
11
42
35
15
13
23
15
-6
-16
-10
-2
10
33
51
42
18
17
39
50
34
18
24
42
43
23
5
4
18
32
33
23
13
6
-2
-17
-30
-31
-22
-16
-12
-3
18
36
37
24
13
14
15
4
-12
-15
-7
-7
-19
-23
-12
-4
-9
-15
-10
-6
-16
-29
-27
-18
-9
3
18
22
14
14
29
32
8
-12
-5
3
-23
-59
-57
-27
-17
-35
-39
-16
1
-10
-27
-35
-45
-61
-64
-43
-17
-6
-5
-4
-7
-10
0
17
23
16
13
15
0
-27
-36
-21
-13
-36
-63
-59
-34
-24
-33
-32
-8
17
22
6
-7
0
22
37
30
3
-26
-44
-44
-29
-7
10
10
4
7
12
9
-1
-8
-8
-13
-22
-27
-20
-6
8
23
36
42
40
38
46
58
58
46
34
32
33
22
0
-14
-8
6
11
8
10
17
15
-2
-22
-31
-25
-12
2
5
-5
-22
-30
-28
-24
-22
-17
-11
-16
-36
-51
-42
-14
6
4
-6
-6
3
6
0
-1
11
30
40
42
46
52
54
49
39
25
2
-22
-29
-14
10
26
30
28
26
24
21
19
16
14
18
24
26
23
17
10
7
10
20
22
14
10
21
33
24
2
-14
-20
-26
-29
-20
-11
-19
-30
-20
2
9
5
17
39
36
11
-1
14
21
3
-15
-14
-11
-23
-31
-23
-15
-20
-21
-5
7
-6
-20
-5
19
15
-15
-35
-29
-18
-15
-7
4
4
-13
-26
-16
6
14
-1
-26
-44
-47
-38
-24
-15
-21
-38
-50
-42
-23
-9
-6
2
24
37
25
-4
-20
-22
-26
-39
-39
-15
12
16
-6
-32
-42
-33
-20
-18
-26
-27
-13
-7
-27
-57
-58
-28
-3
-9
-29
-30
-12
9
18
17
8
-6
-15
-14
-12
-9
-1
14
30
35
30
21
13
18
33
39
25
5
3
19
26
16
4
7
15
15
8
3
-3
-13
-19
-13
4
21
32
35
28
20
23
34
41
37
28
19
17
27
44
45
16
-19
-25
0
26
28
21
20
22
7
-18
-31
-22
-7
-2
-4
3
24
42
43
38
42
52
55
57
68
75
54
19
7
20
18
-12
-30
-9
21
18
-8
-14
9
35
38
21
-3
-17
-16
-3
3
-4
-8
-4
6
10
16
26
27
12
-6
-7
5
15
12
-3
-23
-37
-35
-23
-15
-14
-11
-3
2
0
4
14
10
-12
-33
-32
-21
-22
-33
-34
-18
-10
-29
-46
-28
7
0
-57
-87
-25
66
72
-4
-39
17
63
10
-67
-48
41
74
26
-2
23
25
-38
-84
-42
28
39
11
20
54
44
-12
-45
-27
0
3
4
17
20
4
-5
14
42
48
35
24
26
33
32
17
-2
-10
1
13
13
9
16
25
16
-6
-11
9
25
21
14
18
31
34
22
3
-10
-10
4
19
22
18
13
10
-2
-15
-12
10
27
21
1
-7
1
12
12
-1
-18
-32
-34
-28
-29
-40
-45
-29
-1
12
4
-1
5
4
-16
-35
-32
-13
-4
-6
-8
-17
-36
-47
-28
2
2
-27
-40
-26
-15
-28
-41
-30
-13
-16
-23
-13
0
-11
-32
-34
-16
-6
-17
-25
-19
-7
-2
2
5
-1
-13
-19
-9
1
-5
-20
-28
-26
-26
-30
-28
-21
-16
-22
-31
-36
-36
-37
-37
-34
-34
-40
-46
-45
-38
-34
-34
-32
-26
-18
-6
4
1
-14
-22
-17
-13
-22
-34
-35
-29
-29
-31
-27
-21
-14
-3
9
6
-7
-11
6
20
17
15
35
55
54
44
41
35
16
9
34
62
54
22
3
8
9
-1
-7
-5
-4
-1
9
12
0
-8
9
37
43
24
7
4
5
3
2
2
-8
-20
-16
11
36
30
0
-22
-21
-18
-29
-40
-27
-5
-7
-25
-21
12
29
9
-7
12
37
25
-4
-2
28
46
37
27
26
28
25
22
19
11
9
20
28
22
19
36
56
53
29
13
15
22
29
34
43
44
38
30
27
35
47
49
37
25
32
42
35
17
8
12
11
4
5
14
20
21
24
23
6
-18
-22
-3
11
5
-4
-4
6
13
11
9
15
27
23
-1
-25
-24
-7
0
-6
-3
17
31
26
12
-2
-16
-20
-14
-14
-31
-47
-41
-26
-31
-44
-37
-19
-22
-34
-18
17
23
-6
-24
-7
12
9
0
-1
-9
-27
-30
-8
15
20
18
17
8
-5
-3
13
20
10
6
20
34
32
18
9
11
18
25
29
37
51
57
42
17
11
37
62
61
41
14
-7
-14
2
25
24
4
-1
16
23
1
-18
-10
4
2
-9
-11
-8
-17
-25
-27
-29
-35
-30
-12
1
-3
-11
-6
4
6
6
10
17
23
26
21
-1
-33
-48
-39
-24
-19
-12
1
14
16
8
0
-10
-24
-38
-44
-39
-27
-24
-32
-42
-38
-22
-13
-14
-11
3
8
-11
-37
-45
-38
-32
-28
-20
-9
-2
4
2
-15
-38
-45
-25
-4
-3
-13
-18
-23
-42
-57
-43
-12
2
-2
-2
4
-2
-19
-26
-20
-24
-49
-72
-73
-68
-71
-73
-60
-43
-32
-26
-15
-9
-19
-33
-34
-20
-10
-15
-26
-36
-43
-46
-42
-29
-12
1
6
3
0
-4
-5
-7
-11
-18
-24
-23
-12
0
4
5
5
-1
-16
-29
-24
-11
-13
-28
-22
6
26
20
6
4
3
-12
-17
3
24
21
4
0
6
-3
-20
-17
7
27
36
43
52
58
57
55
52
51
57
63
52
22
4
18
42
40
18
7
19
35
40
42
48
53
51
45
42
40
38
32
27
31
45
53
48
39
45
50
34
8
2
23
40
34
22
22
22
14
4
2
8
20
34
38
19
-12
-35
-46
-48
-42
-21
-6
-14
-28
-24
-8
-9
-25
-29
-15
-11
-27
-45
-50
-52
-53
-34
5
32
24
-5
-19
-8
11
23
20
10
3
3
2
-2
-5
4
20
27
28
34
48
62
63
52
34
20
18
25
22
5
-11
-10
2
8
4
-2
-7
-6
2
14
9
-10
-14
13
44
38
6
-14
-9
-9
-26
-37
-25
-6
-2
-7
-5
-1
0
3
16
25
19
9
12
17
7
-9
-10
5
22
30
27
12
-6
-5
23
52
52
36
36
48
38
0
-26
-14
11
15
-1
-15
-21
-27
-31
-26
-21
-20
-21
-17
-13
-20
-28
-27
-18
-15
-23
-31
-27
-10
-1
-13
-38
-53
-41
-17
-6
-16
-34
-40
-32
-18
-4
-3
-16
-26
-27
-25
-38
-60
-66
-49
-26
-11
-5
1
2
-3
-11
-26
-46
-59
-53
-32
-19
-17
-12
5
19
18
11
7
2
-3
-1
12
20
13
3
2
1
-5
-7
4
15
10
3
8
18
13
-3
-10
-6
-6
-10
-12
-14
-22
-25
-8
17
21
4
-11
-6
6
10
10
7
2
-3
-4
-4
-9
-21
-25
-15
-6
-7
-21
-35
-40
-28
-5
18
29
26
16
12
17
29
31
14
-7
-9
7
20
15
3
0
-2
-8
-8
9
22
18
7
12
27
26
2
-25
-33
-26
-17
-12
-10
-7
1
10
7
-3
-11
-16
-22
-31
-32
-21
-15
-25
-36
-32
-17
-7
-1
16
36
38
15
-7
-5
14
19
3
-16
-16
-2
9
17
29
37
34
19
9
13
19
18
12
6
1
-10
-13
1
25
35
27
19
24
33
37
37
31
18
1
-10
-9
-13
-30
-47
-47
-30
-9
4
5
-4
-17
-26
-28
-30
-35
-38
-37
-34
-33
-30
-20
-5
9
20
27
29
26
26
23
10
-7
-8
10
34
40
28
12
3
6
18
30
29
21
14
15
11
-3
-17
-15
2
21
28
20
3
-7
-8
-10
-20
-28
-15
8
11
-7
-21
-14
-6
-13
-22
-13
3
11
16
21
10
-21
-41
-30
-9
-13
-40
-52
-35
-12
-8
-25
-52
-68
-55
-21
-3
-20
-45
-44
-24
-14
-20
-19
-6
0
-9
-15
-8
2
4
6
13
21
20
10
2
2
13
27
32
23
16
21
28
26
24
35
47
47
44
53
59
35
-10
-35
-28
-11
-4
5
26
46
45
25
2
-2
15
35
41
30
21
22
21
16
19
30
30
14
4
18
34
27
13
24
46
42
19
18
47
60
30
-11
-18
6
30
36
27
12
-1
-3
7
14
9
-4
-16
-20
-22
-24
-29
-32
-25
-16
-25
-55
-83
-81
-64
-64
-80
-84
-65
-46
-46
-50
-47
-50
-63
-77
-76
-74
-83
-94
-85
-58
-37
-38
-52
-63
-63
-58
-51
-45
-38
-34
-33
-35
-33
-23
-13
-10
-7
-1
5
1
-5
-2
12
18
13
8
17
25
17
1
1
19
34
29
8
-6
-2
8
17
19
16
6
-8
-16
-12
0
8
10
10
9
3
-10
-26
-34
-29
-10
8
9
-6
-17
-7
11
15
6
6
19
22
5
-12
-5
15
20
7
-6
-3
7
8
3
0
5
18
32
43
45
41
32
28
34
43
45
33
19
21
37
52
49
36
28
27
26
24
30
43
49
38
27
29
37
34
15
2
10
30
43
46
49
58
66
72
77
82
77
62
48
35
19
4
0
9
15
13
8
12
15
16
24
40
43
19
-9
-12
1
1
-23
-44
-38
-17
-5
-10
-20
-20
-8
4
4
-13
-36
-53
-59
-53
-38
-20
-12
-17
-20
-10
7
14
9
6
18
36
42
27
0
-24
-29
-16
7
24
26
19
16
19
22
19
12
8
5
-1
-6
0
15
29
34
34
32
24
9
3
15
31
31
18
10
11
13
15
18
19
13
9
16
31
39
40
40
42
33
12
-10
-22
-20
-2
22
34
25
12
9
9
-6
-18
-7
15
14
-19
-49
-42
-13
8
8
-5
-18
-20
-13
-6
-11
-14
-5
8
4
-20
-44
-57
-60
-51
-32
-19
-30
-55
-55
-21
8
-1
-34
-44
-19
14
26
17
7
5
5
2
3
17
40
45
23
-6
-15
-8
-4
-10
-21
-30
-34
-26
-9
-5
-22
-40
-29
6
27
8
-33
-60
-58
-39
-29
-38
-50
-41
-19
-12
-29
-50
-50
-48
-63
-83
-83
-65
-55
-63
-72
-69
-56
-39
-22
-12
-16
-22
-15
-6
-14
-33
-43
-41
-36
-37
-38
-41
-46
-41
-15
13
9
-22
-37
-17
8
2
-25
-44
-37
-19
-2
9
19
32
51
67
67
46
20
0
-9
-15
-18
-13
2
20
27
18
4
8
30
49
42
23
10
10
3
-17
-28
-8
28
45
28
-2
-15
-4
15
27
28
24
13
8
10
14
2
-20
-28
-8
16
16
9
20
43
43
10
-23
-29
-20
-17
-24
-28
-32
-48
-69
-75
-58
-33
-18
-15
-19
-27
-37
-38
-23
0
18
20
15
16
29
38
25
5
6
33
54
43
11
-6
3
16
17
10
6
8
7
-3
-18
-24
-10
22
46
41
17
4
19
38
28
-5
-26
-15
10
19
10
0
0
8
16
15
1
-19
-23
-1
25
25
6
2
28
60
68
51
32
27
26
25
22
17
12
4
-6
-21
-42
-57
-55
-37
-12
4
4
-6
-15
-12
-3
0
-10
-21
-20
-13
-10
-9
1
19
28
23
20
25
33
29
19
18
27
30
23
16
24
37
38
27
13
10
17
27
32
32
31
38
49
51
33
12
9
24
33
25
13
8
7
3
2
6
8
5
9
22
34
41
50
64
68
45
11
-7
-6
-1
0
-4
-10
-17
-22
-20
-18
-14
-7
0
-6
-26
-41
-36
-28
-33
-42
-44
-46
-52
-41
-7
21
8
-33
-55
-41
-22
-22
-33
-39
-41
-47
-57
-69
-76
-71
-52
-34
-29
-30
-20
-8
-5
-8
5
26
29
14
5
14
24
22
16
13
3
-17
-31
-27
-23
-30
-35
-23
-10
-15
-29
-29
-13
-3
-11
-27
-33
-31
-28
-31
-35
-32
-20
-9
-9
-24
-40
-40
-26
-16
-17
-20
-16
-13
-24
-43
-46
-20
9
19
12
5
-2
-20
-41
-45
-26
-8
-2
-2
3
5
1
-2
-5
-13
-22
-13
14
30
21
7
11
22
22
15
22
42
56
55
46
35
21
8
4
13
24
28
19
-1
-18
-21
-7
8
13
11
10
9
4
-4
-6
-6
-9
-11
-7
1
12
25
37
34
15
0
9
31
41
33
22
26
46
66
71
61
54
61
70
65
49
49
66
77
67
59
68
76
66
50
48
55
53
44
40
38
24
3
-7
-7
-4
7
30
42
20
-19
-33
-11
13
17
16
26
32
19
5
12
34
44
26
-13
-54
-73
-57
-18
13
12
-12
-29
-28
-13
0
6
9
18
32
36
20
-2
-10
-1
11
10
2
-11
-27
-33
-18
8
14
-8
-33
-34
-19
-12
-12
-9
-2
1
1
10
24
24
12
-1
-9
-16
-21
-23
-24
-29
-28
-17
-1
5
-1
-7
-2
13
30
37
27
7
-6
1
14
17
16
30
50
50
24
2
-2
-1
-12
-23
-15
4
16
13
7
2
-4
-8
-2
5
3
-11
-19
-17
-7
0
6
9
11
15
24
36
43
36
27
28
42
54
50
32
10
-9
-27
-34
-21
3
13
-6
-30
-33
-21
-20
-30
-34
-26
-26
-40
-47
-38
-28
-29
-33
-29
-29
-45
-58
-45
-14
3
-1
-9
-8
-4
-5
-8
-10
-14
-20
-24
-26
-29
-35
-37
-36
-30
-20
-10
-9
-24
-40
-34
-8
11
6
-15
-33
-42
-43
-39
-31
-24
-20
-20
-14
-1
12
17
12
0
-10
-9
1
13
15
10
3
-2
-12
-24
-31
-25
-19
-29
-50
-60
-48
-29
-25
-36
-43
-42
-39
-38
-29
-17
-16
-26
-32
-30
-33
-47
-57
-53
-52
-64
-77
-65
-37
-23
-28
-27
-12
0
-3
-7
-1
10
12
10
9
5
-9
-22
-24
-23
-28
-34
-27
-12
-2
1
10
21
20
5
-9
-4
14
30
35
30
22
15
16
19
19
16
13
12
12
19
40
62
66
49
35
38
46
37
18
12
22
33
36
40
53
68
69
55
31
13
11
25
38
35
19
7
6
1
-7
-5
13
29
28
21
22
26
26
29
38
41
24
0
-4
14
30
30
19
3
-16
-27
-18
3
19
20
19
24
23
8
-15
-29
-30
-20
-4
7
2
-10
-8
7
7
-10
-14
13
39
29
3
1
22
28
9
-10
-8
3
12
20
22
10
-9
-8
10
19
8
3
19
36
31
18
16
27
40
59
79
80
57
40
52
71
62
31
7
0
-3
-6
0
6
6
10
31
57
61
41
21
9
-3
-14
-5
21
36
27
11
2
-1
-3
1
8
12
13
23
32
22
-4
-11
8
26
14
-9
-12
3
9
-4
-19
-21
-10
1
3
-7
-23
-31
-23
-5
5
0
-10
-10
-2
1
-16
-39
-43
-17
17
26
12
-3
-8
-19
-35
-38
-15
14
23
8
-13
-28
-29
-18
-3
1
-7
-12
-9
-9
-20
-32
-37
-36
-35
-36
-39
-43
-42
-24
5
23
20
9
2
-8
-25
-35
-24
-14
-20
-32
-31
-19
-12
-10
-1
6
1
-15
-28
-39
-47
-46
-27
-16
-33
-62
-69
-59
-53
-53
-36
-11
-14
-47
-67
-54
-40
-50
-65
-53
-28
-20
-34
-46
-50
-55
-63
-69
-70
-64
-44
-15
-2
-13
-23
-9
13
14
-2
-6
5
7
-8
-24
-30
-37
-43
-37
-19
-11
-17
-15
9
36
43
30
20
24
34
41
42
45
46
43
30
15
11
21
32
32
30
36
38
22
-4
-15
-2
15
20
15
11
9
9
7
9
15
24
26
11
-17
-41
-40
-19
-4
-6
-16
-21
-17
-10
-2
12
25
35
33
26
20
25
35
32
17
7
16
33
38
35
35
33
14
-8
-8
10
19
7
-3
2
7
0
-5
7
19
21
22
35
47
42
26
17
14
2
-10
-7
9
14
2
-7
-2
7
10
13
21
30
33
32
31
31
30
26
21
20
26
32
28
9
-12
-17
-8
0
1
3
7
9
2
-4
-5
-2
3
7
11
13
15
19
29
33
23
2
-18
-29
-31
-25
-21
-20
-16
-5
10
24
32
38
38
28
9
-10
-14
1
25
40
33
16
13
23
25
4
-21
-24
-3
16
17
9
1
-3
-1
11
21
17
8
10
30
48
48
30
5
-15
-13
6
19
5
-24
-32
-15
-2
-4
1
26
41
24
-3
-7
11
27
34
47
70
84
84
73
47
8
-22
-15
17
28
3
-23
-21
0
14
11
2
-5
-2
17
42
51
39
28
32
42
46
43
42
35
17
3
6
17
21
14
9
12
16
11
-3
-26
-40
-24
11
24
1
-28
-37
-37
-55
-69
-51
-15
-8
-35
-59
-51
-28
-20
-28
-39
-49
-56
-64
-72
-80
-76
-52
-21
-10
-24
-42
-45
-37
-28
-21
-16
-18
-26
-29
-23
-12
-5
-6
-14
-27
-33
-26
-16
-20
-31
-33
-18
-4
-1
-6
-9
-12
-17
-17
-8
-3
-9
-24
-37
-42
-36
-15
10
16
-5
-25
-11
20
29
9
-10
-5
9
13
13
17
20
11
-6
-17
-18
-16
-6
7
11
7
11
26
29
3
-23
-20
2
12
5
6
20
20
4
-1
17
33
26
14
16
18
0
-29
-41
-29
-14
-10
-14
-18
-25
-34
-37
-22
-1
11
7
0
0
0
-6
-13
-15
-6
9
25
34
31
22
16
17
17
11
7
7
4
-6
-18
-28
-34
-35
-22
-2
11
8
2
-5
-10
-10
-2
10
16
20
28
28
4
-28
-32
-6
11
4
2
21
30
0
-42
-51
-26
7
32
49
56
42
19
2
-1
0
6
19
32
30
15
2
-4
-7
-4
5
13
11
5
6
16
23
20
13
16
33
50
52
41
31
32
39
42
44
46
38
20
9
20
41
47
30
15
20
40
57
58
43
16
-9
-21
-12
8
21
19
12
7
0
-12
-20
-18
-9
-1
9
24
33
27
16
17
23
17
7
15
35
36
13
5
33
61
52
19
-2
2
11
15
18
19
17
15
15
12
0
-3
7
20
19
6
-1
1
7
7
-1
-13
-17
-9
-2
-6
-10
-3
10
10
-5
-16
-15
-12
-13
-8
5
12
8
-1
-12
-28
-47
-51
-33
-9
1
-8
-22
-25
-20
-19
-25
-25
-12
-2
-6
-7
3
16
18
16
23
27
14
-1
6
18
3
-31
-36
-5
22
15
-4
-14
-14
-14
-2
12
7
-13
-12
17
35
14
-14
-11
10
11
-8
-18
-11
-10
-26
-42
-44
-35
-23
-6
6
0
-21
-30
-21
-14
-26
-38
-23
7
15
-10
-41
-48
-37
-26
-25
-31
-40
-50
-50
-44
-49
-71
-93
-94
-78
-63
-63
-76
-97
-114
-118
-110
-106
-110
-112
-107
-107
-113
-121
-122
-126
-138
-148
-145
-133
-120
-114
-125
-147
-161
-153
-140
-144
-161
-166
-158
-160
-176
-186
-182
-178
-182
-182
-174
-170
-176
-179
-173
-167
-163
-156
-143
-134
-137
-142
-142
-134
-116
-93
-75
-69
-59
-39
-22
-23
-27
-2
44
74
70
56
59
80
99
106
106
112
135
169
196
203
200
203
218
236
253
265
274
280
293
308
320
325
329
341
357
364
362
358
357
353
341
320
304
305
322
333
323
302
289
288
288
276
251
219
193
182
178
162
130
101
90
83
60
26
-3
-29
-57
-83
-107
-136
-174
-201
-216
-239
-285
-325
-337
-338
-361
-404
-434
-449
-471
-497
-512
-520
-542
-571
-580
-574
-585
-616
-636
-637
-638
-650
-648
-632
-628
-652
-674
-668
-653
-653
-665
-666
-650
-621
-586
-548
-518
-493
-460
-411
-363
-323
-281
-228
-174
-130
-84
-27
33
80
119
160
211
270
338
403
453
488
529
581
641
703
767
826
875
928
1001
1078
1121
1134
1155
1208
1269
1313
1337
1346
1339
1323
1319
1328
1329
1315
1305
1312
1319
1305
1273
1232
1188
1141
1102
1067
1025
967
898
821
738
651
572
499
418
330
243
159
61
-60
-184
-291
-377
-459
-550
-650
-749
-840
-931
-1036
-1153
-1264
-1355
-1440
-1535
-1644
-1763
-1882
-1994
-2096
-2189
-2272
-2337
-2386
-2433
-2491
-2553
-2606
-2648
-2682
-2703
-2708
-2703
-2699
-2686
-2658
-2631
-2615
-2597
-2554
-2481
-2393
-2297
-2198
-2107
-2023
-1930
-1815
-1693
-1571
-1434
-1267
-1086
-914
-752
-595
-448
-309
-155
32
231
422
603
788
965
1122
1261
1404
1559
1729
1921
2121
2305
2462
2605
2747
2879
2993
3108
3234
3361
3481
3602
3723
3815
3863
3898
3959
4050
4139
4204
4245
4277
4302
4305
4273
4216
4169
4144
4117
4059
3983
3909
3827
3707
3554
3395
3246
3099
2950
2798
2638
2470
2294
2097
1866
1612
1371
1148
929
713
506
284
5
-334
-695
-1053
-1406
-1732
-2008
-2262
-2564
-2940
-3361
-3784
-4179
-4522
-4812
-5083
-5360
-5638
-5924
-6246
-6596
-6907
-7126
-7285
-7428
-7554
-7651
-7744
-7854
-7953
-8008
-8022
-8007
-7947
-7835
-7703
-7574
-7423
-7218
-6961
-6678
-6380
-6081
-5780
-5445
-5034
-4558
-4073
-3619
-3193
-2789
-2405
-2012
-1568
-1064
-527
3
503
953
1350
1716
2098
2526
3012
3536
4048
4489
4837
5125
5405
5718
6082
6485
6888
7244
7528
7734
7872
7990
8157
8391
8642
8841
8969
9038
9068
9078
9091
9102
9093
9072
9053
9007
8888
8715
8550
8409
8260
8084
7886
7657
7388
7127
6924
6752
6549
6315
6087
5854
5585
5313
5075
4844
4572
4279
3992
3651
3200
2685
2181
1693
1199
714
221
-390
-1168
-2000
-2744
-3402
-4030
-4626
-5195
-5824
-6571
-7366
-8122
-8830
-9472
-9969
-10322
-10686
-11180
-11775
-12403
-13047
-13652
-14085
-14289
-14369
-14448
-14554
-14687
-14857
-15007
-15022
-14833
-14442
-13861
-13138
-12423
-11866
-11455
-11074
-10655
-10167
-9524
-8666
-7688
-6787
-6089
-5607
-5281
-4962
-4470
-3753
-2911
-2040
-1156
-300
418
966
1437
1920
2466
3172
4121
5183
6082
6696
7152
7585
7998
8391
8825
9295
9724
10092
10436
10700
10785
10764
10856
11138
11453
11634
11665
11578
11386
11165
11050
11063
11054
10899
10596
10178
9671
9162
8792
8615
8551
8515
8487
8408
8178
7790
7372
7017
6695
6383
6184
6209
6401
6582
6609
6428
6071
5699
5592
5930
6539
6978
6918
6382
5596
4663
3488
2067
726
-74
-222
-145
-463
-1536
-3291
-5295
-6922
-7717
-7760
-7536
-7394
-7382
-7682
-8734
-10649
-12819
-14411
-14988
-14528
-13315
-12078
-11697
-12338
-13235
-13680
-13750
-13752
-13531
-12842
-11869
-10910
-10005
-9271
-9074
-9462
-9907
-10003
-9828
-9358
-8262
-6698
-5510
-5152
-5175
-5190
-5499
-6245
-6864
-6925
-6673
-6210
-5112
-3513
-2535
-2864
-3754
-4135
-3811
-2931
-1331
751
2323
2864
2993
3215
3088
2399
1998
2525
3393
3920
4325
4765
4611
3625
2676
2417
2417
2371
2825
3875
4531
4203
3501
2894
2071
1215
1241
2194
3051
3539
4311
5005
4292
2329
1047
1462
2698
3918
5121
5899
5649
5085
5359
5981
5891
5939
7615
10030
11095
10941
11199
11802
11650
11463
12683
14491
15114
14945
15309
15604
14837
14326
15577
17233
17292
16437
16240
16223
15571
15335
16235
16841
16160
15066
13457
9795
5226
3717
6094
8408
7902
5847
3253
-703
-4725
-5703
-4248
-4069
-5249
-4540
-2673
-4145
-9186
-13306
-15212
-17629
-20154
-19397
-16458
-16109
-18346
-18900
-17974
-19913
-24202
-25483
-22813
-20632
-20352
-19018
-16395
-15620
-16804
-17087
-16594
-17575
-18645
-16578
-12670
-10922
-11398
-11316
-10791
-11699
-12992
-12635
-11827
-12315
-12335
-9975
-7454
-7461
-8476
-7922
-6627
-6311
-6003
-4425
-2680
-1851
-1139
-146
362
849
2372
3584
2597
1086
1751
3172
2530
1415
2902
5194
4606
2406
2101
2772
1858
1207
3402
5654
4412
2164
2760
4283
3511
2640
4615
6832
6303
5696
7560
8323
4636
16
-827
1505
5033
10003
14303
13205
7934
6239
10693
15311
16856
19361
24222
26605
25177
24810
26667
26361
24028
24954
28788
29775
28243
29563
32052
29239
23340
22540
26155
26742
24663
25746
27956
25947
23655
25117
19811
-1990
-25692
-27855
-10942
1371
-154
-4489
-6977
-14586
-24756
-25540
-18307
-15599
-15894
-6197
9328
10552
-5354
-18185
-17079
-13299
-15004
-14296
-7304
-4140
-9763
-15027
-15030
-17490
-24972
-27021
-18450
-9131
-7551
-9373
-9328
-10358
-14151
-15591
-12827
-11047
-11450
-8335
-1475
726
-4975
-10975
-11380
-9704
-9848
-9396
-6174
-2885
-1648
-1372
-2486
-6741
-11138
-9847
-3185
2509
4051
3332
1041
-3570
-7373
-5882
-738
2436
2622
2932
3403
1755
-363
708
3966
5817
6782
9346
11474
9353
4594
1963
1856
1316
379
1204
2851
2779
1800
2372
3845
4172
4368
6851
11091
14703
17102
19015
20225
20313
19852
19129
17606
15556
13984
12643
10652
8746
8099
7775
6438
5240
5745
6760
6644
6475
7466
8102
7375
7401
9108
9309
6039
2567
2183
3478
4280
5159
5849
4017
425
-1009
-182
-195
702
5980
8986
-1563
-20900
-28830
-17301
-1811
2401
-551
-1590
-3647
-11223
-16966
-12842
-3768
2339
7142
12614
11128
-1563
-13924
-13276
-4002
1796
2904
4886
5723
-136
-9177
-13256
-12033
-10037
-6432
1394
8543
7613
73
-6131
-7449
-5934
-2973
1160
4265
4475
3025
884
-3477
-9359
-11620
-7392
-986
1683
-35
-3160
-5748
-7220
-7242
-6322
-4950
-1786
4007
9063
8711
3417
-1792
-3863
-3579
-1855
1086
3281
2177
-1829
-6137
-9211
-10308
-7998
-2419
2914
4799
3982
2653
1138
-186
940
5247
9472
10326
8265
5076
951
-3597
-6221
-5704
-3689
-1781
16
745
-1717
-6479
-8848
-5738
853
6975
10425
10467
7088
2024
-1690
-2294
-254
2962
5475
5283
1957
-2578
-6237
-8448
-8763
-6125
-1152
3120
4494
3685
2029
-272
-2470
-2726
-829
972
1261
1295
2356
3317
2200
-987
-3817
-3584
-127
3803
6159
8221
10417
7515
-5192
-20714
-24098
-10939
5666
11447
6751
431
-4050
-8137
-9705
-4557
5867
15358
19723
17864
9431
-2887
-11706
-11392
-4571
1805
4411
3845
304
-6151
-12807
-15838
-13800
-7601
1033
9136
12944
11080
5976
1236
-846
638
4830
8647
9315
7260
4315
193
-6038
-12168
-14250
-11433
-6436
-2033
270
-434
-3353
-5419
-4407
-1304
2327
6831
11948
14650
12535
7291
2401
-535
-1503
-862
-130
-1220
-3669
-5432
-6822
-9792
-12959
-12111
-6684
-1071
1635
2723
3892
4885
5993
8267
10459
10075
7769
6271
5214
2010
-2520
-4840
-4920
-6209
-9163
-10323
-8366
-5928
-4696
-3369
-1166
851
2500
4748
6967
7304
5875
4680
4558
4669
4360
3399
1407
-1170
-2975
-3885
-5115
-6262
-5403
-3183
-2820
-4544
-4553
-1515
763
-308
-2002
-1492
-180
453
2313
6190
8465
6354
2283
-636
-2790
-3900
-228
8431
13774
7971
-5163
-14602
-15726
-12838
-9514
-4371
2211
4486
-1170
-9450
-11565
-5355
4182
12872
20597
26126
24452
13188
-1515
-10012
-9218
-4160
-633
-334
-2831
-7647
-13088
-16281
-15741
-11803
-4675
4942
13400
16060
12528
7088
3625
3019
5134
9422
13129
12714
7953
1698
-4427
-10602
-15288
-15492
-11401
-7024
-5156
-4838
-4461
-4017
-3315
-1022
3211
7804
11206
12962
12668
9951
5807
2266
463
172
775
1297
80
-3824
-8951
-12267
-11918
-8852
-5885
-5033
-5270
-3487
1565
7248
10151
9997
8915
8223
7908
7885
7829
6974
5538
4410
2374
-3075
-10453
-13995
-11305
-7035
-5789
-5911
-4108
-1450
-255
627
2735
4485
5191
7898
13351
16019
11631
4248
375
186
-151
-1625
-3173
-5446
-8796
-10870
-10123
-8060
-5431
-1168
2613
1090
-4877
-7870
-4599
-5
2304
5006
8608
7523
-5
-6937
-7898
-6009
-4292
-160
5462
4267
-6060
-14569
-12412
-6356
-6704
-10212
-7154
738
2454
-4860
-12079
-11087
-2460
9434
20783
27175
24938
15344
3762
-5334
-9648
-7602
-255
6230
4810
-5013
-16481
-22183
-19483
-10489
535
9522
14289
14760
11849
7046
3020
2651
6453
11969
16080
16806
13062
4953
-4925
-12356
-14786
-12724
-7899
-2100
1745
269
-6389
-12983
-13772
-8139
-144
6349
10021
10613
8176
4388
2141
2536
3802
4196
4290
4965
4652
846
-5901
-11481
-12377
-9240
-5493
-3032
-811
1860
2505
-1495
-7515
-8757
-2034
8302
15782
18016
15523
8661
-194
-4977
-1918
4710
7621
5335
1149
-3978
-11003
-16760
-15616
-7639
568
3834
2703
140
-1171
1347
8035
14626
16039
12272
7291
3569
1167
172
192
-626
-2888
-4690
-5492
-7516
-10739
-11322
-8001
-4720
-3920
-3184
-1331
-740
-647
3575
10776
12779
7004
822
-991
-2399
-4805
-1824
7674
13339
8309
-654
-5837
-9489
-13491
-11036
167
7749
344
-15218
-23682
-20440
-10592
2621
17018
25626
22581
11175
-962
-9484
-11234
-3019
10493
15813
5633
-11374
-22089
-23488
-19773
-12918
-3756
3360
4519
1327
-2535
-5559
-5775
442
12327
22018
22271
13976
3450
-4359
-7790
-6960
-3115
1649
4978
4452
-1146
-9524
-15907
-17551
-14761
-7585
3486
12992
13627
6414
969
2618
6312
6852
7197
11329
15731
14236
6595
-2680
-9721
-12034
-8663
-3039
-1139
-4252
-8042
-9980
-11852
-13411
-10348
-1381
8286
13139
12272
6883
-1508
-8534
-8256
-3
9420
12321
6682
-3954
-14060
-19106
-17662
-11633
-4181
1847
3883
1002
-3881
-5797
-2405
5001
13862
20627
21028
14888
8531
7152
7620
4710
511
32
1513
125
-2402
-1524
471
-1009
-2409
2642
10989
14637
14328
16166
18218
13877
5879
3251
6115
6969
5276
6838
9730
5271
-6180
-13438
-10400
-2911
1586
1633
-2086
-9621
-19167
-26866
-28985
-21845
-4611
14168
20376
10535
-3362
-10664
-13778
-16442
-12904
-28
10632
6597
-7289
-16957
-18455
-16683
-11951
-2152
6154
3337
-8067
-15729
-14257
-8918
-3571
3966
13123
16924
11063
615
-5814
-5045
-136
4828
8028
9027
7153
2120
-4198
-8367
-8682
-6548
-3756
-283
3697
5769
3809
-618
-3574
-2931
237
3665
6081
7810
9596
10553
8251
2224
-3857
-5692
-3284
-494
-744
-4714
-10603
-14958
-15168
-12377
-9629
-6932
-2388
1646
-137
-6850
-10556
-7218
-1424
2461
5605
7665
3744
-6107
-12952
-10779
-4561
-771
1870
5862
7611
4202
225
567
2982
4501
8032
15211
19611
15466
7729
5200
7763
8528
5803
5142
10033
16689
19216
16310
11364
7783
6046
5648
7753
13061
18138
18207
13763
9706
7896
6456
6311
10659
16693
16287
7223
-4032
-12058
-16368
-15261
-6831
2346
1302
-10016
-20586
-24593
-25195
-21681
-8629
9334
18005
13011
3948
-3407
-12091
-18539
-12132
3812
10253
-351
-13409
-16834
-17096
-20742
-19529
-7688
2683
-1232
-13114
-18887
-16899
-13255
-6961
5794
18900
21130
10980
-2419
-10437
-10288
-3008
6956
12368
8906
-553
-9729
-14851
-15049
-10216
-1581
6828
9749
4734
-4665
-10355
-6686
3522
12280
15407
14585
11431
5651
-131
-637
4259
7940
5959
946
-3928
-9995
-17853
-22771
-20103
-11796
-3921
-525
-2074
-6585
-10007
-8506
-2571
3266
5749
5509
3916
537
-4839
-10024
-12070
-10206
-6421
-3667
-3695
-5979
-8255
-7987
-3911
2631
8051
9913
9952
11343
13424
13070
11196
12196
15862
16506
12340
8741
9181
10244
9116
8354
9327
8939
6847
7649
12041
14575
13429
12788
13145
10751
8715
14584
24278
24712
15826
11168
12006
3366
-15740
-23088
-8302
6568
-81
-17328
-23540
-20726
-22543
-24133
-11795
7175
11917
843
-7610
-5168
-1708
-2406
1109
11602
16379
5077
-14693
-27374
-27181
-19616
-11695
-7249
-8452
-15433
-23842
-26814
-21556
-12445
-5598
-1794
2063
5693
5035
45
-3003
219
6362
9697
8420
3399
-3793
-9067
-8128
-3327
-1801
-4464
-4447
699
4139
1283
-2597
-1539
2467
5452
8232
11482
11479
6890
3443
5960
10926
11665
6237
-2793
-11181
-13642
-7975
-368
25
-6880
-12500
-12443
-10275
-7679
-1332
7444
10193
3473
-4892
-6788
-3704
-949
750
2196
455
-6758
-15164
-17952
-13498
-5455
2090
6116
4443
-1617
-5966
-3107
5624
13938
17891
18335
16945
13755
9624
7693
10081
14925
18396
18160
13979
7526
2977
4568
11278
16976
17864
15880
13109
8926
5781
9895
20631
27232
23145
15002
9437
1895
-10133
-14750
-2984
11283
7941
-9778
-22284
-23751
-22939
-19310
-4606
12582
11457
-7647
-20268
-14387
-4848
-3383
-405
10416
13775
-2961
-25311
-30514
-18027
-4506
940
237
-6253
-19102
-30564
-30054
-18225
-6202
-1782
-3476
-6710
-9315
-10858
-10799
-8047
-1575
7158
12700
9836
150
-8406
-9202
-2432
6258
10316
6778
-984
-6042
-5391
-2526
-873
1463
6823
11569
9805
1968
-4786
-4303
3271
12699
17352
13002
1299
-10198
-13431
-6544
4439
10534
7336
-1381
-8078
-9330
-7458
-4638
144
6286
8531
3054
-6292
-11847
-10281
-3918
3048
6295
2624
-6120
-12487
-10759
-3385
2704
4173
2917
1853
2173
3455
4449
4704
5846
9185
12303
11440
7398
5141
6961
10038
11439
11575
11847
12590
13975
15612
15460
12652
10556
12728
16846
17511
14203
11286
11109
12551
14997
17163
13466
288
-13828
-14230
77
11735
5853
-11849
-24501
-25098
-19162
-11446
-1923
5522
2861
-9125
-17458
-13136
-3035
1653
1364
2501
2140
-7727
-22548
-26504
-14352
425
3603
-4434
-15618
-24921
-28082
-20057
-4486
4338
-1822
-13636
-17438
-12490
-6684
-2881
416
1243
-2289
-5364
-3101
616
144
-1161
2442
6343
1534
-9063
-12525
-4471
5182
6701
1433
-4131
-6741
-5430
732
9231
13235
8898
1204
-1326
3201
8099
6548
-133
-4336
-1900
2419
1196
-5623
-10423
-7717
-646
3584
1786
-3414
-7314
-6637
-1211
5488
8386
5321
-652
-4360
-3625
-778
453
-862
-1925
82
3587
3780
-680
-4382
-1312
7022
13029
12266
7771
4883
5485
8486
12323
14732
13253
8860
6499
8888
12235
11806
9325
9976
13733
15538
13753
12191
12967
13685
13446
15100
18831
19989
16756
13321
11371
6054
-3640
-8527
-2099
6585
3591
-10277
-21378
-22032
-16280
-8883
-1284
1353
-7222
-20877
-22866
-7555
9656
11565
-25
-10685
-13124
-10924
-7651
-3265
-208
-3307
-11814
-18370
-18056
-13475
-9277
-6580
-5232
-7062
-12835
-18241
-17073
-8519
1060
4190
-850
-8958
-12791
-8606
881
8527
8512
1428
-6059
-7393
-2455
2751
2920
-1139
-4710
-5221
-3836
-1970
345
2178
1503
-965
-1210
2289
5471
4715
2503
2636
3026
-521
-5473
-5126
111
2040
-2951
-8414
-8015
-4194
-2225
-2039
-1426
-1977
-5317
-7522
-4223
1420
2456
-1833
-5757
-5862
-3925
-2139
-837
-648
-1988
-2698
-656
2155
2655
2304
4511
7902
8347
6631
7306
10270
10874
8853
9196
12628
13510
10077
8472
12342
16249
14917
11905
12658
15308
15742
16084
19741
22693
19066
12354
11521
17524
22685
22236
17556
9399
-1715
-8727
-3538
8458
10876
-2309
-18218
-22729
-16593
-8358
-2089
24
-6568
-19581
-24914
-13351
3464
6404
-5718
-16778
-16725
-10898
-6678
-4612
-5019
-10681
-18516
-19275
-10891
-3376
-5119
-12046
-15624
-14315
-11351
-7716
-3722
-2487
-5646
-9272
-9048
-5912
-2611
858
3993
2971
-3306
-8526
-6300
863
5367
4380
643
-3390
-6391
-5704
-274
5499
6320
3174
1102
1637
2576
3449
5609
8026
8201
6259
3622
-321
-5173
-6155
-478
5284
2134
-8046
-14229
-11132
-4238
235
1637
-65
-6087
-12532
-11178
-1401
6138
3101
-5535
-9662
-7458
-4433
-3774
-4354
-5398
-6827
-6680
-3399
544
1601
390
272
2234
4833
7528
10319
11602
10283
8757
9908
12360
12698
11292
11399
13055
12982
10951
10927
14250
16789
15744
14629
17384
21310
21094
17491
16189
19046
22168
22465
20375
15789
7874
444
339
7077
10563
3780
-7744
-13989
-12690
-8307
-4398
-3392
-8441
-17694
-21355
-13271
-1918
-519
-8948
-15364
-13901
-10035
-8864
-9099
-9989
-13555
-17333
-14780
-6672
-3114
-9573
-18513
-19956
-13925
-7395
-4461
-4737
-7163
-10199
-10867
-7647
-2744
672
1498
-72
-3340
-5895
-4839
-722
2428
2044
-619
-3414
-5304
-4931
-1095
3991
5516
2224
-1030
865
6784
10866
9428
4683
1893
3897
8484
10779
8002
1801
-3607
-4894
-1819
2362
2822
-2319
-8910
-10272
-4817
1716
2734
-2170
-7809
-9356
-6262
-1571
929
-627
-4910
-8595
-9300
-7430
-5321
-4985
-6535
-8191
-7889
-5317
-2275
-722
-798
-1057
-177
2016
4739
6962
7990
7677
6425
5375
6137
9135
12189
12371
9738
7512
8025
10510
13354
15870
17069
15838
13630
13673
16182
18003
18110
18891
20479
19331
14836
11451
11376
11334
9744
9782
11320
8183
-783
-6432
-2534
3682
2664
-3339
-6758
-7989
-11189
-13106
-8516
-2461
-4353
-12465
-16454
-13720
-11352
-12540
-12853
-10764
-10730
-13945
-15653
-13893
-12558
-13657
-14172
-12590
-11535
-12045
-11649
-9765
-8990
-9611
-8637
-5734
-4464
-6080
-7343
-6184
-4576
-4112
-3410
-1871
-1661
-3607
-4814
-2916
85
743
-1062
-2453
-1377
1653
4773
6347
5783
3886
2462
3013
5452
7971
8435
6436
3891
3072
4155
5340
5148
3710
2027
1041
1323
2595
3527
2984
1372
-11
-600
-677
-466
-291
-1019
-3000
-4949
-5232
-4032
-3075
-3536
-5114
-6652
-6767
-4635
-1280
777
302
-986
-638
1602
4139
5559
5163
3032
1066
2202
6546
9866
8439
4086
1828
3559
6882
9298
10412
10351
9214
8337
9381
11802
13424
13672
13956
14836
15139
14150
12739
12192
13291
15811
17447
14994
8859
4283
4923
7469
6540
2573
-7
-277
-679
-1226
-524
-1184
-6564
-12618
-11602
-4731
-2188
-8294
-15513
-16581
-13972
-12912
-13200
-13443
-15860
-20557
-21619
-15841
-9782
-11039
-16995
-19336
-16043
-11886
-9832
-8853
-8492
-9324
-9733
-7523
-4226
-3480
-5544
-7083
-6076
-3938
-2898
-3516
-4634
-4549
-2717
-743
-594
-1864
-2464
-1610
13
2297
5115
6514
4940
2627
3103
5825
7192
6289
5415
5386
4874
4289
5546
7704
7413
4334
1919
2139
3392
4094
4466
4224
2391
103
-19
1875
2556
451
-2270
-3142
-2259
-999
-298
-843
-2848
-4966
-5122
-3069
-909
-642
-2037
-3081
-2064
720
3215
3857
3261
3047
3644
4524
5753
7483
8580
7936
6676
6812
8134
8838
8715
9060
9792
9600
8926
9820
12355
13916
12881
10878
10448
12042
14069
14778
13614
11591
10617
11843
14308
15352
12707
6927
1990
2025
6254
8706
4878
-2639
-7410
-6631
-2951
-531
-2171
-8436
-15927
-18245
-12951
-6286
-6563
-13908
-20922
-22318
-19267
-15354
-13299
-14957
-19537
-22212
-19171
-13536
-11712
-14629
-17285
-16255
-12831
-9317
-6890
-6691
-8615
-9523
-6751
-2595
-1347
-3048
-4276
-3780
-3058
-2581
-1676
-1115
-1852
-2408
-1181
210
-404
-1526
-383
2220
3406
3028
3124
4024
4679
5437
6935
7692
6290
4564
5279
7820
9295
8799
7679
6681
5656
5112
5559
6018
5251
3736
2762
2458
2156
1725
1267
447
-815
-1894
-2409
-2697
-2944
-2996
-3214
-4180
-5381
-5598
-4715
-3779
-3312
-2963
-2694
-2739
-2488
-1020
1227
2723
2817
2255
1909
2161
3302
5248
6943
7141
5923
4720
4888
6637
9001
10517
10402
9430
9199
10326
11905
12741
12444
11427
10634
11090
12727
13861
12953
10768
9620
10553
12341
13149
12097
9378
6091
3942
3881
4859
4825
2982
283
-2053
-3638
-4629
-5332
-6242
-7780
-9853
-11985
-13782
-14955
-15290
-15015
-15002
-16076
-18080
-19848
-20140
-18656
-16342
-14699
-14549
-15409
-16065
-15622
-14057
-12096
-10664
-10083
-9759
-9043
-8198
-7882
-7810
-6906
-4915
-2935
-2107
-2504
-3394
-3760
-2644
-82
2216
2263
208
-1583
-1118
1296
3739
4537
3488
2047
2237
4630
7557
8874
8214
7001
6806
8231
10605
12144
11345
8947
7538
8452
10161
10463
8978
6689
4501
3298
3879
5510
5848
3617
291
-1924
-2559
-2416
-2077
-2040
-2997
-4721
-5733
-5121
-3789
-3162
-3644
-4844
-6145
-6582
-5474
-3655
-2830
-3329
-3798
-3300
-2219
-985
465
1728
2127
2214
3357
5489
6944
6921
6488
6654
7092
7363
7898
8951
9772
9633
8865
8288
8287
8854
9890
11025
11542
10951
9600
8589
8934
10482
11745
11265
9198
7082
6095
6159
6570
6611
5553
3121
239
-1586
-1954
-1971
-2775
-4359
-5989
-7123
-7704
-8080
-8756
-9875
-10963
-11452
-11305
-10959
-11029
-12085
-14037
-15629
-15446
-13788
-12568
-12970
-14216
-14993
-14932
-14166
-12730
-11149
-10439
-10698
-10683
-9557
-8027
-7060
-6478
-5630
-4594
-3861
-3489
-3180
-2693
-1849
-684
227
309
-85
23
972
2234
3298
4006
4212
4068
4373
5691
7312
8125
8232
8612
9395
9707
9215
8672
8769
9351
9901
10054
9553
8401
7158
6543
6612
6682
6104
4889
3615
2822
2418
1756
498
-785
-1337
-1319
-1625
-2674
-4025
-5074
-5537
-5334
-4672
-4227
-4569
-5390
-5852
-5619
-5076
-4607
-4183
-3631
-2916
-2192
-1746
-1672
-1547
-827
368
1349
1807
2090
2534
3193
4201
5583
6682
6710
5992
5741
6500
7677
8618
9166
9163
8505
7764
7721
8197
8300
7786
7183
6729
6264
5952
5985
5804
4829
3690
3425
3789
3683
3009
2604
2549
2086
1118
261
-530
-1849
-3359
-3975
-3708
-3850
-5042
-6502
-7489
-8247
-9110
-9776
-9975
-9999
-10141
-10308
-10472
-10834
-11332
-11529
-11226
-10724
-10352
-10131
-9930
-9578
-8907
-8028
-7423
-7371
-7452
-7057
-6199
-5374
-4772
-4118
-3248
-2341
-1557
-823
-84
595
1283
2223
3421
4413
4716
4432
4147
4255
4613
4918
5105
5200
5085
4741
4526
4809
5399
5686
5373
4728
4184
3996
4257
4831
5257
5090
4452
3903
3717
3600
3214
2628
2126
1856
1737
1501
803
-406
-1581
-2027
-1752
-1537
-1995
-2882
-3521
-3598
-3291
-2912
-2743
-2967
-3426
-3648
-3430
-3180
-3318
-3555
-3232
-2308
-1465
-1217
-1383
-1458
-1139
-383
594
1315
1453
1332
1627
2463
3253
3514
3393
3260
3234
3284
3348
3200
2667
2096
2100
2634
2901
2445
1807
1731
2244
2907
3478
3844
3768
3320
3220
4062
5348
5947
5467
4601
4091
3957
3921
3975
4111
3950
3159
2025
1089
333
-647
-1669
-1914
-1160
-379
-616
-1747
-2895
-3600
-3914
-3777
-3193
-2786
-3256
-4272
-4823
-4686
-4686
-5328
-6105
-6423
-6383
-6269
-6020
-5624
-5392
-5423
-5344
-4944
-4534
-4350
-4116
-3545
-2805
-2174
-1653
-1195
-897
-749
-593
-494
-692
-1067
-1184
-955
-767
-802
-823
-723
-706
-777
-648
-288
5
237
777
1644
2347
2629
2777
3021
3239
3424
3798
4284
4452
4216
3972
3891
3663
3148
2677
2456
2234
1825
1409
1086
635
-8
-491
-579
-526
-691
-1090
-1531
-1881
-2036
-1933
-1715
-1697
-2000
-2406
-2596
-2410
-1961
-1599
-1662
-2101
-2496
-2563
-2424
-2262
-2055
-1849
-1904
-2275
-2576
-2482
-2143
-1823
-1501
-1120
-862
-812
-689
-268
264
643
896
1081
1082
926
942
1300
1774
2134
2388
2471
2204
1783
1744
2222
2779
3154
3579
4154
4584
4824
5278
6038
6646
6930
7340
8048
8485
8308
8065
8323
8705
8446
7399
5968
4561
3589
3486
4089
4417
3672
2178
892
282
131
97
-1
-264
-645
-961
-1184
-1537
-2140
-2804
-3324
-3733
-4135
-4556
-5040
-5612
-6143
-6542
-7013
-7754
-8455
-8596
-8188
-7750
-7560
-7401
-7060
-6559
-5931
-5267
-4908
-5051
-5218
-4762
-3866
-3388
-3662
-4099
-4084
-3619
-2983
-2366
-2011
-2094
-2267
-1900
-942
-54
316
467
838
1419
1992
2508
2967
3298
3602
4125
4795
5129
4856
4334
4113
4326
4667
4765
4429
3738
3037
2674
2657
2679
2499
2114
1567
851
33
-738
-1399
-2005
-2592
-3153
-3728
-4346
-4909
-5303
-5574
-5824
-6006
-6020
-5924
-5852
-5775
-5567
-5243
-4939
-4667
-4325
-3940
-3666
-3522
-3330
-2948
-2411
-1814
-1229
-739
-395
-76
424
1144
1871
2427
2883
3427
4102
4781
5345
5790
6143
6411
6656
7014
7512
7957
8109
7995
7914
8093
8461
8785
8917
8866
8737
8699
8856
9093
9167
9053
9031
9275
9495
9222
8354
7228
6224
5506
5038
4643
4019
2965
1638
404
-622
-1662
-2869
-4017
-4750
-5004
-5096
-5465
-6360
-7641
-8789
-9269
-9025
-8599
-8606
-9101
-9590
-9623
-9264
-8898
-8752
-8716
-8574
-8250
-7802
-7300
-6779
-6266
-5751
-5205
-4679
-4314
-4141
-3935
-3426
-2670
-2035
-1805
-1892
-1988
-1860
-1461
-913
-474
-371
-516
-528
-159
379
700
750
835
1195
1721
2136
2273
2161
1973
1931
2124
2413
2565
2511
2360
2214
2103
2040
2014
1927
1725
1552
1595
1744
1656
1174
522
15
-239
-331
-436
-775
-1446
-2213
-2683
-2776
-2807
-3031
-3338
-3535
-3656
-3789
-3809
-3527
-2963
-2287
-1615
-1032
-662
-515
-343
118
839
1550
2021
2201
2188
2194
2417
2820
3140
3231
3280
3541
3984
4347
4463
4409
4390
4557
4871
5108
5071
4849
4740
4885
5133
5280
5295
5228
5108
4992
4970
5029
5049
4994
4960
5000
5048
5059
5061
5030
4907
4778
4815
4988
5024
4746
4267
3756
3228
2637
2020
1445
916
414
-58
-539
-1120
-1863
-2753
-3689
-4460
-4843
-4852
-4839
-5181
-5927
-6831
-7624
-8156
-8378
-8379
-8333
-8290
-8153
-7947
-7895
-8047
-8084
-7728
-7135
-6641
-6308
-5999
-5708
-5490
-5250
-4896
-4594
-4544
-4646
-4634
-4447
-4193
-3912
-3631
-3514
-3660
-3866
-3872
-3704
-3536
-3334
-2960
-2478
-2087
-1809
-1503
-1102
-638
-110
454
930
1262
1565
1923
2252
2518
2894
3478
4052
4357
4441
4550
4798
5141
5501
5780
5866
5803
5772
5794
5660
5269
4830
4566
4438
4296
4079
3726
3136
2402
1831
1573
1407
1060
544
60
-247
-311
-170
-51
-204
-545
-717
-595
-464
-565
-759
-809
-716
-636
-656
-807
-1076
-1291
-1243
-996
-871
-1006
-1205
-1275
-1248
-1180
-1022
-816
-742
-811
-776
-474
-28
405
851
1367
1881
2329
2751
3178
3607
4120
4816
5569
6107
6415
6768
7331
7943
8390
8652
8814
8926
9047
9204
9290
9172
8909
8659
8365
7806
6953
6025
5176
4364
3552
2763
1897
763
-637
-2051
-3297
-4405
-5447
-6418
-7318
-8179
-8984
-9724
-10497
-11356
-12105
-12474
-12478
-12397
-12410
-12453
-12413
-12270
-12045
-11782
-11551
-11340
-10997
-10429
-9775
-9216
-8733
-8211
-7673
-7198
-6685
-5975
-5100
-4222
-3391
-2569
-1798
-1140
-523
161
895
1620
2360
3106
3728
4174
4620
5226
5890
6447
6914
7361
7712
7901
8090
8469
8971
9365
9512
9375
8985
8538
8337
8384
8280
7712
6874
6128
5497
4732
3737
2616
1483
431
-452
-1234
-2173
-3355
-4503
-5324
-5880
-6408
-6986
-7546
-8032
-8334
-8319
-8105
-8081
-8415
-8750
-8636
-8061
-7337
-6697
-6211
-5863
-5489
-4835
-3899
-2981
-2222
-1379
-297
730
1374
1781
2326
3107
3951
4728
5377
5822
6107
6463
6974
7403
7570
7669
7964
8374
8659
8775
8815
8803
8814
9028
9416
9604
9344
8904
8701
8738
8705
8440
7990
7431
6889
6567
6418
6025
5125
4060
3362
3039
2642
1922
1034
156
-726
-1643
-2566
-3533
-4605
-5672
-6525
-7149
-7760
-8533
-9441
-10359
-11181
-11802
-12128
-12166
-12055
-11949
-11908
-11846
-11610
-11122
-10459
-9744
-9010
-8238
-7457
-6685
-5844
-4884
-3931
-3151
-2491
-1758
-918
-118
585
1314
2169
3105
3995
4686
5040
5134
5302
5788
6399
6749
6737
6577
6402
6176
5901
5637
5338
4947
4589
4367
4082
3512
2853
2497
2414
2205
1737
1267
940
624
297
105
-54
-512
-1252
-1841
-2099
-2409
-3107
-3982
-4663
-5133
-5582
-6064
-6560
-7118
-7664
-7932
-7850
-7754
-7938
-8200
-8140
-7721
-7258
-6972
-6784
-6506
-6018
-5318
-4560
-3954
-3518
-3028
-2296
-1406
-559
206
986
1825
2696
3565
4383
5099
5770
6552
7470
8287
8755
8919
9060
9349
9692
9864
9741
9398
9044
8842
8742
8507
7974
7281
6753
6538
6429
6082
5417
4721
4316
4190
4018
3536
2828
2215
1924
1897
1833
1455
754
24
-410
-505
-510
-673
-1006
-1341
-1528
-1583
-1666
-1910
-2229
-2370
-2198
-1908
-1827
-2076
-2496
-2844
-2983
-2946
-2914
-3082
-3417
-3642
-3587
-3436
-3459
-3629
-3698
-3564
-3338
-3100
-2823
-2516
-2227
-1921
-1565
-1269
-1150
-1094
-876
-479
-94
160
295
311
214
152
263
443
482
371
264
174
4
-213
-361
-497
-767
-1121
-1379
-1567
-1859
-2231
-2494
-2647
-2871
-3173
-3363
-3428
-3564
-3788
-3858
-3663
-3422
-3344
-3379
-3376
-3275
-3053
-2704
-2371
-2271
-2381
-2433
-2258
-1982
-1808
-1789
-1871
-1956
-1931
-1757
-1584
-1575
-1641
-1547
-1261
-980
-826
-721
-586
-413
-145
264
665
831
816
932
1322
1763
2018
2127
2258
2444
2624
2792
2979
3163
3315
3460
3599
3656
3569
3413
3364
3498
3682
3696
3481
3220
3117
3150
3145
3037
2921
2862
2831
2834
2916
2998
2944
2817
2854
3094
3275
3228
3116
3157
3310
3409
3403
3310
3109
2862
2762
2862
2944
2811
2544
2330
2186
2051
1957
1931
1890
1790
1725
1732
1673
1501
1397
1477
1573
1518
1417
1416
1418
1294
1158
1135
1088
848
556
420
320
3
-462
-797
-992
-1292
-1754
-2184
-2518
-2908
-3378
-3755
-3986
-4251
-4625
-4938
-5073
-5167
-5368
-5596
-5698
-5678
-5631
-5580
-5497
-5417
-5384
-5358
-5257
-5074
-4877
-4724
-4608
-4496
-4367
-4226
-4079
-3909
-3711
-3521
-3393
-3322
-3235
-3086
-2889
-2678
-2464
-2278
-2164
-2093
-1968
-1737
-1454
-1189
-951
-736
-550
-361
-90
259
593
848
1063
1279
1471
1633
1820
2049
2246
2355
2410
2439
2391
2268
2196
2276
2420
2462
2366
2215
2082
2009
2052
2221
2399
2445
2387
2378
2484
2617
2700
2759
2843
2938
2999
3029
3043
3034
3017
3040
3115
3161
3104
2993
2951
3021
3111
3116
3031
2929
2872
2877
2916
2915
2807
2620
2473
2437
2432
2341
2164
2003
1914
1863
1802
1717
1606
1493
1443
1483
1519
1424
1221
1066
1038
1047
977
814
609
391
197
59
-54
-227
-470
-684
-792
-839
-907
-1001
-1071
-1107
-1131
-1148
-1146
-1113
-1045
-958
-914
-966
-1087
-1185
-1225
-1237
-1273
-1361
-1514
-1711
-1880
-1996
-2141
-2387
-2655
-2806
-2864
-2994
-3267
-3587
-3853
-4053
-4203
-4332
-4539
-4897
-5294
-5516
-5533
-5556
-5742
-6007
-6179
-6206
-6152
-6070
-6006
-5977
-5908
-5684
-5315
-4987
-4827
-4734
-4530
-4162
-3730
-3349
-3065
-2843
-2582
-2202
-1761
-1398
-1157
-912
-524
-1
541
997
1346
1644
2000
2477
3003
3441
3760
4050
4389
4745
5044
5256
5402
5524
5668
5839
5989
6070
6110
6161
6224
6255
6238
6203
6179
6182
6201
6182
6068
5876
5693
5548
5367
5099
4802
4543
4297
4001
3646
3244
2800
2383
2091
1903
1639
1198
714
368
159
-38
-290
-581
-897
-1205
-1424
-1537
-1667
-1900
-2146
-2253
-2246
-2269
-2374
-2482
-2501
-2409
-2235
-2057
-1961
-1943
-1886
-1702
-1444
-1230
-1103
-1020
-916
-749
-531
-363
-326
-345
-263
-64
108
169
193
262
354
443
549
636
628
567
610
770
854
733
539
441
421
364
250
105
-88
-325
-523
-647
-794
-1050
-1342
-1552
-1694
-1865
-2109
-2388
-2659
-2890
-3073
-3252
-3488
-3764
-3993
-4159
-4325
-4529
-4727
-4880
-4990
-5044
-5027
-4999
-5030
-5067
-4981
-4766
-4553
-4406
-4240
-3977
-3651
-3323
-3003
-2698
-2421
-2141
-1783
-1353
-940
-605
-307
15
370
737
1089
1406
1711
2059
2445
2782
3023
3243
3517
3806
4045
4251
4451
4593
4653
4721
4849
4936
4891
4807
4815
4851
4764
4562
4387
4288
4197
4080
3949
3760
3459
3134
2926
2823
2672
2384
2030
1707
1447
1231
1021
770
483
228
56
-71
-216
-373
-512
-623
-685
-677
-647
-691
-792
-820
-724
-623
-621
-664
-665
-637
-604
-521
-378
-281
-288
-293
-190
-34
70
135
239
366
442
473
504
522
491
450
445
441
369
235
102
-6
-101
-184
-257
-345
-447
-526
-563
-594
-647
-704
-747
-797
-864
-921
-974
-1068
-1210
-1342
-1440
-1548
-1689
-1828
-1943
-2064
-2198
-2302
-2354
-2391
-2440
-2480
-2491
-2486
-2479
-2447
-2391
-2345
-2324
-2298
-2233
-2137
-2034
-1954
-1913
-1893
-1838
-1708
-1537
-1397
-1319
-1282
-1244
-1164
-1022
-862
-783
-812
-854
-815
-716
-647
-648
-694
-753
-785
-735
-616
-529
-548
-603
-566
-419
-259
-159
-102
-49
31
160
333
483
541
533
557
669
825
943
992
1000
1019
1087
1196
1309
1396
1458
1510
1565
1643
1751
1859
1934
1985
2043
2107
2152
2186
2243
2313
2346
2336
2342
2389
2435
2436
2413
2403
2407
2416
2439
2467
2456
2398
2352
2371
2424
2433
2371
2287
2246
2263
2295
2276
2173
2027
1910
1859
1839
1779
1636
1429
1235
1116
1046
931
722
484
312
217
119
-44
-257
-465
-623
-719
-793
-920
-1136
-1375
-1515
-1537
-1551
-1666
-1868
-2040
-2099
-2061
-2011
-2016
-2079
-2137
-2117
-2003
-1856
-1757
-1731
-1707
-1608
-1433
-1271
-1187
-1154
-1093
-978
-849
-754
-698
-663
-638
-606
-560
-517
-504
-515
-523
-525
-563
-658
-754
-786
-768
-793
-920
-1107
-1257
-1316
-1318
-1344
-1454
-1631
-1795
-1863
-1841
-1828
-1926
-2118
-2278
-2305
-2243
-2233
-2355
-2542
-2664
-2659
-2578
-2525
-2567
-2676
-2743
-2673
-2484
-2299
-2217
-2199
-2119
-1907
-1618
-1357
-1170
-1008
-799
-518
-206
82
327
553
805
1103
1416
1691
1911
2120
2372
2653
2901
3087
3250
3431
3621
3775
3876
3945
4018
4112
4208
4258
4231
4155
4102
4107
4121
4067
3920
3737
3592
3507
3426
3272
3027
2766
2570
2441
2301
2086
1812
1551
1362
1246
1140
974
747
538
423
377
306
169
8
-107
-162
-197
-265
-384
-518
-605
-625
-635
-707
-837
-944
-964
-919
-882
-911
-993
-1057
-1029
-923
-834
-839
-906
-942
-907
-834
-783
-783
-833
-897
-927
-913
-904
-942
-1008
-1046
-1049
-1065
-1118
-1186
-1243
-1286
-1337
-1409
-1505
-1599
-1671
-1733
-1823
-1967
-2134
-2266
-2346
-2398
-2468
-2590
-2749
-2881
-2926
-2910
-2924
-3011
-3114
-3151
-3112
-3046
-2999
-2985
-2989
-2969
-2880
-2731
-2585
-2486
-2401
-2268
-2076
-1864
-1663
-1477
-1292
-1093
-873
-642
-417
-210
-15
171
343
511
686
861
1015
1141
1242
1332
1432
1569
1735
1869
1934
1969
2056
2215
2386
2514
2594
2655
2724
2824
2947
3044
3070
3050
3061
3129
3192
3181
3098
3005
2949
2924
2889
2804
2675
2547
2458
2394
2313
2192
2049
1917
1817
1744
1658
1530
1383
1279
1234
1184
1075
938
851
840
857
848
796
724
680
703
783
841
821
756
736
793
870
885
816
714
646
635
640
590
459
292
153
58
-35
-170
-356
-553
-726
-872
-1029
-1228
-1449
-1641
-1793
-1943
-2130
-2337
-2520
-2650
-2738
-2826
-2951
-3106
-3238
-3288
-3272
-3267
-3329
-3419
-3454
-3395
-3294
-3228
-3232
-3268
-3261
-3172
-3036
-2922
-2867
-2839
-2774
-2638
-2459
-2301
-2193
-2097
-1945
-1716
-1462
-1241
-1054
-856
-623
-367
-115
117
332
549
784
1023
1230
1392
1539
1711
1900
2058
2150
2191
2225
2291
2374
2422
2387
2285
2184
2125
2079
1987
1825
1624
1439
1296
1180
1041
849
627
432
294
182
46
-114
-264
-370
-432
-481
-546
-625
-683
-671
-601
-529
-495
-474
-411
-289
-139
-3
111
219
352
526
719
884
1001
1109
1268
1480
1685
1830
1918
2001
2126
2293
2454
2560
2605
2643
2723
2842
2936
2962
2931
2890
2877
2889
2886
2822
2687
2527
2394
2284
2144
1938
1683
1422
1173
928
666
374
54
-273
-582
-875
-1180
-1508
-1842
-2160
-2465
-2771
-3074
-3355
-3611
-3844
-4056
-4254
-4447
-4628
-4761
-4828
-4864
-4909
-4958
-4970
-4922
-4832
-4726
-4621
-4507
-4368
-4181
-3935
-3662
-3402
-3162
-2908
-2611
-2273
-1918
-1575
-1251
-929
-582
-209
159
490
793
1095
1402
1703
1993
2267
2510
2713
2894
3080
3259
3399
3492
3559
3609
3631
3621
3594
3554
3482
3368
3231
3090
2936
2757
2555
2338
2104
1855
1599
1343
1075
783
484
201
-62
-321
-583
-843
-1100
-1352
-1588
-1797
-1978
-2143
-2295
-2436
-2561
-2667
-2741
-2772
-2769
-2746
-2717
-2677
-2612
-2497
-2324
-2113
-1908
-1721
-1522
-1269
-969
-658
-356
-57
249
566
898
1246
1576
1861
2120
2406
2728
3032
3269
3442
3591
3739
3882
4008
4094
4122
4091
4032
3968
3891
3777
3619
3431
3220
2984
2722
2444
2161
1875
1583
1268
921
559
218
-88
-384
-704
-1048
-1386
-1685
-1941
-2175
-2426
-2706
-2980
-3192
-3327
-3436
-3577
-3748
-3894
-3975
-3990
-3973
-3964
-3980
-3990
-3942
-3815
-3651
-3512
-3402
-3266
-3070
-2827
-2568
-2307
-2037
-1759
-1470
-1162
-838
-514
-192
139
485
820
1124
1407
1692
1985
2262
2498
2691
2859
3021
3177
3300
3366
3384
3390
3405
3414
3383
3290
3139
2962
2800
2667
2525
2316
2035
1742
1493
1280
1053
782
485
193
-70
-304
-530
-776
-1041
-1286
-1478
-1629
-1778
-1949
-2122
-2273
-2391
-2481
-2558
-2639
-2724
-2790
-2820
-2823
-2827
-2835
-2819
-2764
-2689
-2621
-2553
-2460
-2322
-2157
-1993
-1850
-1714
-1551
-1339
-1093
-852
-641
-445
-233
13
284
552
787
991
1196
1434
1693
1932
2124
2287
2444
2595
2730
2841
2930
2989
3018
3025
3024
3005
2953
2869
2761
2639
2499
2343
2177
2002
1814
1617
1416
1217
1018
826
640
446
231
9
-191
-355
-499
-646
-804
-971
-1131
-1267
-1369
-1446
-1514
-1584
-1650
-1702
-1733
-1740
-1735
-1733
-1740
-1742
-1723
-1686
-1648
-1621
-1593
-1544
-1475
-1395
-1315
-1239
-1164
-1080
-978
-859
-736
-614
-489
-359
-229
-98
32
164
289
404
519
644
767
870
952
1027
1103
1173
1226
1261
1283
1297
1305
1306
1295
1271
1235
1191
1132
1057
968
874
776
667
548
422
297
175
56
-61
-182
-310
-434
-534
-606
-669
-743
-824
-896
-947
-986
-1023
-1061
-1098
-1130
-1157
-1173
-1181
-1182
-1178
-1172
-1159
-1135
-1102
-1073
-1052
-1029
-983
-912
-840
-786
-741
-684
-611
-541
-484
-428
-351
-255
-157
-74
0
80
182
304
429
546
658
779
916
1061
1201
1325
1431
1529
1630
1741
1851
1940
2004
2058
2118
2172
2195
2184
2164
2157
2158
2142
2093
2021
1948
1884
1816
1726
1608
1477
1354
1238
1113
964
797
633
491
366
235
78
-101
-269
-401
-504
-604
-719
-849
-975
-1084
-1175
-1252
-1333
-1431
-1541
-1643
-1722
-1782
-1841
-1914
-1992
-2058
-2099
-2114
-2119
-2131
-2143
-2134
-2095
-2042
-1996
-1951
-1882
-1778
-1662
-1564
-1484
-1394
-1268
-1109
-940
-787
-654
-522
-368
-193
-18
138
271
402
542
688
823
929
1007
1075
1147
1217
1264
1276
1267
1256
1242
1211
1154
1084
1017
960
899
820
728
640
573
519
455
368
275
194
118
36
-53
-134
-202
-270
-342
-416
-483
-543
-594
-634
-669
-704
-736
-755
-764
-775
-787
-794
-783
-761
-736
-711
-681
-637
-577
-509
-443
-382
-308
-205
-75
61
185
301
422
551
688
836
994
1153
1299
1424
1532
1629
1724
1819
1909
1976
2016
2043
2068
2085
2082
2059
2023
1977
1926
1870
1806
1719
1607
1484
1364
1241
1098
933
760
588
416
236
52
-130
-304
-475
-647
-823
-999
-1159
-1295
-1418
-1548
-1694
-1842
-1973
-2087
-2186
-2277
-2362
-2437
-2495
-2534
-2559
-2581
-2601
-2607
-2592
-2557
-2512
-2457
-2387
-2300
-2194
-2067
-1925
-1784
-1648
-1510
-1361
-1202
-1040
-875
-709
-540
-374
-211
-49
108
258
409
563
712
848
972
1097
1217
1323
1408
1480
1543
1594
1636
1667
1679
1667
1639
1610
1581
1543
1489
1425
1357
1283
1199
1110
1014
912
807
708
610
502
388
281
185
87
-21
-127
-214
-281
-337
-390
-435
-471
-493
-501
-498
-492
-483
-458
-415
-363
-309
-250
-181
-109
-40
31
113
199
276
343
406
470
535
601
670
740
803
855
900
941
978
1012
1039
1057
1064
1062
1056
1044
1022
995
969
943
907
856
798
741
688
632
569
495
412
328
250
177
96
-4
-114
-221
-321
-424
-531
-640
-743
-839
-928
-1015
-1101
-1186
-1264
-1331
-1389
-1438
-1477
-1505
-1528
-1555
-1576
-1571
-1547
-1525
-1512
-1493
-1453
-1397
-1341
-1288
-1229
-1160
-1083
-1006
-936
-871
-795
-704
-606
-518
-437
-355
-273
-202
-142
-72
13
95
155
200
244
291
336
380
431
484
531
570
602
625
649
678
713
736
744
750
762
770
761
749
749
761
764
750
728
709
692
669
642
615
592
576
566
552
522
484
454
435
417
392
369
347
322
294
276
269
261
246
230
223
216
202
189
188
191
189
183
183
187
185
183
182
181
172
157
150
152
153
147
133
117
101
93
86
74
53
40
45
48
27
-10
-36
-39
-37
-49
-73
-97
-111
-117
-128
-146
-165
-170
-164
-163
-178
-193
-196
-197
-209
-229
-234
-222
-212
-213
-219
-221
-227
-240
-250
-249
-239
-231
-233
-247
-266
-275
-271
-266
-270
-278
-280
-281
-292
-307
-310
-299
-291
-300
-314
-328
-341
-351
-353
-347
-347
-357
-366
-366
-366
-379
-394
-400
-396
-388
-381
-377
-382
-398
-409
-401
-381
-366
-360
-355
-345
-328
-308
-288
-276
-272
-262
-228
-180
-138
-109
-88
-63
-33
4
47
89
125
160
201
243
279
305
330
358
387
418
452
485
499
496
494
506
531
548
545
525
503
488
477
465
452
438
419
392
357
323
294
260
217
172
134
108
85
56
21
-12
-35
-48
-64
-87
-114
-128
-132
-134
-138
-139
-132
-126
-123
-117
-94
-60
-32
-18
-6
22
64
109
148
183
221
257
286
310
341
386
436
477
502
521
548
581
605
609
603
602
609
617
619
611
592
566
538
515
486
442
393
350
312
262
196
125
61
0
-62
-125
-191
-264
-343
-411
-465
-515
-571
-627
-671
-699
-724
-755
-794
-825
-839
-839
-836
-835
-829
-813
-792
-773
-751
-721
-683
-639
-591
-538
-484
-437
-396
-356
-313
-259
-200
-146
-104
-67
-25
14
38
50
66
94
125
143
148
141
134
134
141
134
106
69
42
24
-5
-50
-95
-128
-158
-196
-238
-283
-329
-377
-424
-472
-524
-566
-590
-599
-614
-641
-666
-677
-677
-672
-660
-640
-613
-582
-548
-512
-469
-412
-345
-277
-208
-129
-43
44
133
237
353
462
555
647
752
862
967
1063
1155
1243
1329
1412
1486
1547
1602
1661
1718
1760
1789
1813
1830
1829
1816
1805
1793
1763
1705
1634
1561
1487
1415
1348
1273
1178
1064
946
832
713
580
445
317
192
63
-69
-194
-315
-438
-563
-679
-780
-874
-972
-1074
-1165
-1238
-1302
-1361
-1415
-1448
-1463
-1472
-1485
-1498
-1495
-1464
-1409
-1349
-1302
-1260
-1205
-1130
-1045
-961
-873
-784
-691
-591
-476
-357
-257
-179
-103
-15
77
164
243
310
363
407
452
497
530
552
565
562
535
492
452
417
371
306
232
152
63
-31
-124
-216
-312
-413
-518
-630
-749
-859
-954
-1046
-1150
-1254
-1348
-1428
-1493
-1534
-1556
-1583
-1625
-1653
-1646
-1620
-1599
-1576
-1528
-1458
-1380
-1297
-1200
-1089
-967
-825
-664
-501
-343
-179
1
183
356
527
711
906
1099
1283
1449
1599
1747
1912
2089
2247
2370
2475
2583
2689
2772
2827
2863
2893
2915
2924
2914
2883
2837
2775
2700
2616
2517
2402
2273
2138
1995
1834
1651
1464
1287
1110
917
715
520
338
148
-52
-252
-439
-608
-763
-913
-1068
-1224
-1365
-1484
-1591
-1697
-1791
-1865
-1928
-1983
-2022
-2039
-2047
-2048
-2032
-1992
-1943
-1895
-1838
-1761
-1677
-1595
-1509
-1408
-1294
-1175
-1054
-939
-834
-729
-613
-491
-380
-281
-179
-76
8
77
155
245
321
368
397
423
445
465
480
481
458
426
398
362
304
241
192
143
68
-29
-117
-195
-278
-371
-460
-546
-641
-739
-822
-889
-955
-1023
-1083
-1134
-1176
-1210
-1234
-1256
-1276
-1284
-1268
-1242
-1219
-1195
-1155
-1096
-1025
-950
-872
-785
-685
-566
-438
-317
-206
-93
32
168
309
451
590
733
877
1019
1148
1266
1385
1504
1607
1691
1764
1842
1918
1987
2045
2088
2113
2131
2154
2173
2169
2141
2110
2077
2032
1969
1899
1829
1754
1669
1573
1464
1342
1220
1110
1007
899
785
666
539
409
286
175
63
-57
-173
-269
-356
-440
-519
-589
-654
-718
-773
-815
-857
-900
-933
-956
-979
-999
-1004
-996
-998
-1006
-1000
-971
-939
-916
-891
-858
-827
-799
-769
-737
-706
-670
-629
-598
-591
-588
-562
-527
-505
-498
-488
-478
-482
-494
-493
-483
-484
-501
-518
-526
-534
-548
-568
-592
-613
-619
-615
-619
-634
-646
-643
-638
-639
-640
-641
-649
-659
-652
-629
-613
-608
-594
-559
-514
-478
-442
-401
-355
-308
-253
-194
-140
-92
-46
-7
27
75
150
230
286
314
339
374
413
453
495
534
560
584
613
641
658
671
690
710
718
718
719
717
702
682
672
673
669
654
630
614
607
602
580
543
513
501
496
475
441
415
407
405
399
388
380
377
383
398
409
411
404
393
384
385
395
401
389
372
368
379
388
386
382
381
378
376
381
385
373
350
335
329
317
293
265
232
195
157
120
80
39
4
-27
-71
-129
-186
-231
-275
-332
-388
-433
-480
-539
-594
-628
-658
-697
-740
-778
-816
-854
-884
-907
-936
-972
-993
-998
-1006
-1025
-1034
-1026
-1020
-1023
-1018
-990
-951
-909
-866
-831
-813
-794
-746
-673
-609
-566
-519
-455
-390
-337
-283
-220
-153
-93
-39
7
43
85
145
210
258
293
332
382
429
469
506
535
550
561
578
589
581
567
565
576
574
553
523
500
487
473
447
403
353
319
302
283
245
201
167
150
138
123
104
82
61
46
36
24
15
13
15
10
1
-1
12
35
56
73
91
122
169
225
275
314
350
386
422
458
492
534
578
618
651
675
699
727
756
775
782
790
808
821
813
788
767
755
744
720
683
641
603
574
540
491
429
371
315
251
180
113
53
-9
-81
-155
-231
-310
-381
-435
-480
-537
-608
-674
-721
-752
-780
-807
-829
-854
-877
-894
-910
-923
-930
-925
-915
-910
-902
-881
-857
-841
-824
-801
-775
-755
-726
-674
-617
-579
-553
-511
-452
-400
-374
-356
-325
-275
-222
-192
-195
-209
-200
-167
-137
-125
-118
-107
-104
-115
-124
-124
-129
-145
-159
-158
-151
-161
-181
-198
-208
-217
-224
-225
-226
-233
-242
-246
-248
-246
-241
-236
-235
-230
-209
-182
-163
-148
-116
-66
-16
22
55
94
136
182
235
296
355
407
455
500
540
578
622
673
724
763
787
808
836
875
914
935
938
937
944
957
962
959
956
953
943
921
888
849
809
769
730
691
647
596
542
489
435
380
322
262
211
166
121
73
29
-10
-49
-95
-142
-181
-211
-238
-262
-281
-298
-316
-343
-371
-390
-398
-403
-409
-413
-411
-402
-390
-382
-379
-375
-361
-338
-319
-314
-319
-316
-296
-274
-268
-274
-283
-289
-293
-293
-287
-285
-296
-315
-330
-339
-352
-379
-416
-455
-481
-484
-478
-485
-515
-554
-584
-604
-618
-623
-620
-633
-671
-711
-720
-712
-719
-740
-746
-731
-717
-711
-698
-672
-649
-632
-600
-542
-485
-455
-444
-415
-357
-279
-202
-143
-102
-64
-10
58
122
176
233
301
367
416
457
506
564
621
673
728
781
823
853
880
911
943
971
987
993
998
1008
1020
1020
1002
976
953
939
933
926
911
882
843
808
779
744
699
650
611
577
540
499
465
439
413
385
355
322
285
245
210
174
133
91
61
49
46
38
16
-15
-36
-33
-17
-10
-23
-41
-48
-51
-61
-67
-60
-52
-58
-75
-85
-84
-88
-98
-103
-103
-120
-155
-182
-182
-173
-186
-213
-233
-250
-280
-319
-346
-353
-361
-391
-437
-483
-522
-551
-569
-587
-622
-675
-721
-745
-760
-791
-827
-845
-844
-847
-867
-890
-906
-917
-917
-904
-884
-877
-880
-872
-847
-821
-805
-788
-755
-707
-659
-621
-590
-558
-509
-443
-380
-335
-299
-249
-184
-125
-81
-33
29
94
145
192
249
306
351
388
431
476
506
521
538
564
588
602
613
632
654
670
675
673
670
668
662
648
631
618
612
608
594
569
546
533
520
502
477
456
441
425
405
384
370
359
351
344
339
332
324
320
319
319
317
319
327
333
330
326
331
343
350
344
333
327
327
327
327
330
332
328
311
290
276
274
273
257
228
196
174
154
130
97
59
18
-28
-74
-110
-138
-167
-203
-245
-286
-325
-363
-403
-444
-482
-511
-529
-548
-581
-631
-678
-700
-697
-694
-704
-720
-725
-723
-725
-735
-734
-713
-684
-660
-647
-640
-633
-618
-595
-565
-531
-497
-459
-423
-392
-365
-335
-300
-262
-229
-201
-174
-143
-112
-86
-67
-50
-31
-14
3
24
52
69
62
46
47
68
88
91
90
99
109
108
98
88
81
73
68
70
73
71
71
75
77
73
72
81
91
95
102
117
132
137
146
172
200
215
223
248
281
300
300
310
339
371
394
416
446
474
490
505
525
543
553
559
571
581
587
595
604
599
579
566
571
570
544
511
502
504
481
431
385
363
346
316
275
236
197
152
104
58
13
-33
-73
-107
-141
-178
-212
-247
-291
-337
-368
-376
-387
-419
-462
-491
-504
-514
-527
-531
-525
-519
-520
-521
-517
-510
-502
-494
-480
-458
-430
-409
-397
-388
-365
-328
-290
-263
-236
-202
-171
-154
-143
-124
-99
-83
-75
-62
-40
-20
-14
-13
-8
6
18
14
-1
-13
-7
-1
-15
-49
-70
-68
-70
-98
-127
-134
-138
-172
-222
-247
-243
-246
-272
-296
-300
-307
-335
-368
-378
-365
-349
-336
-324
-317
-319
-322
-317
-301
-279
-250
-218
-194
-179
-158
-119
-64
-7
43
78
105
132
173
224
268
303
341
387
431
464
496
538
583
613
629
648
673
690
692
686
690
700
704
695
679
661
645
626
600
566
528
492
460
427
390
353
319
278
223
157
98
56
20
-25
-73
-112
-140
-172
-218
-263
-292
-311
-334
-358
-371
-376
-388
-407
-411
-392
-366
-355
-351
-334
-307
-282
-263
-243
-217
-188
-156
-117
-73
-30
4
30
59
96
140
180
210
232
250
265
280
293
308
315
314
313
314
312
296
270
247
230
210
187
158
116
58
-6
-63
-109
-144
-175
-209
-257
-321
-382
-425
-452
-481
-521
-566
-610
-645
-668
-686
-710
-741
-765
-768
-757
-745
-738
-729
-715
-691
-659
-625
-590
-549
-501
-449
-403
-356
-299
-237
-175
-114
-47
23
82
128
174
232
296
358
409
452
492
538
585
626
657
686
715
730
735
744
759
763
749
728
712
686
645
608
589
568
525
474
436
407
364
306
251
204
159
114
76
37
-12
-63
-102
-130
-163
-198
-229
-255
-278
-295
-303
-312
-325
-335
-332
-322
-309
-287
-254
-226
-211
-199
-173
-131
-89
-55
-26
4
42
88
132
165
192
222
252
272
286
312
350
379
396
414
437
446
435
425
426
424
408
382
361
336
300
264
244
226
189
132
75
32
1
-29
-71
-131
-200
-258
-297
-331
-368
-408
-444
-482
-528
-572
-595
-605
-619
-639
-659
-666
-667
-671
-679
-686
-685
-670
-645
-621
-602
-584
-559
-528
-495
-462
-424
-379
-331
-278
-228
-187
-160
-134
-96
-40
19
68
102
130
160
192
213
227
247
279
305
309
304
313
335
346
336
329
335
347
352
351
336
301
261
241
241
231
194
149
119
100
81
61
45
26
5
-8
-16
-32
-50
-51
-37
-37
-57
-70
-62
-52
-52
-45
-26
-12
-12
-5
22
51
66
82
106
123
130
146
184
224
249
268
290
309
324
354
396
418
411
409
429
444
428
402
396
403
392
365
347
340
328
310
296
287
268
239
208
175
130
78
36
10
-7
-30
-65
-111
-152
-172
-181
-202
-242
-283
-306
-327
-367
-417
-447
-442
-421
-414
-420
-427
-425
-415
-403
-389
-376
-373
-378
-374
-358
-338
-329
-319
-290
-253
-230
-226
-216
-188
-154
-138
-136
-132
-113
-87
-68
-59
-52
-40
-25
-16
-18
-20
-16
-8
-6
-15
-32
-51
-65
-74
-81
-90
-106
-122
-133
-138
-144
-158
-174
-182
-177
-171
-175
-179
-171
-156
-157
-178
-195
-190
-175
-168
-170
-167
-154
-134
-104
-68
-39
-19
3
32
54
66
84
115
148
174
198
228
255
279
308
341
368
382
399
425
439
429
415
420
441
457
465
475
489
492
485
476
469
460
447
428
405
376
348
324
301
275
249
225
206
197
190
173
139
97
67
47
28
0
-30
-51
-62
-70
-84
-106
-127
-138
-142
-150
-162
-171
-174
-173
-172
-166
-158
-153
-153
-146
-130
-119
-123
-129
-125
-113
-105
-104
-101
-96
-93
-91
-89
-84
-79
-73
-71
-75
-85
-93
-89
-79
-77
-90
-112
-135
-151
-154
-149
-149
-171
-211
-248
-264
-265
-270
-289
-308
-310
-305
-310
-327
-340
-338
-325
-313
-312
-320
-329
-329
-316
-299
-291
-291
-287
-272
-252
-232
-215
-193
-168
-140
-114
-92
-71
-45
-7
32
59
74
92
123
158
177
182
192
214
236
249
259
273
284
280
271
280
303
322
321
316
315
312
298
286
286
295
291
269
241
221
215
218
216
205
192
180
171
156
137
126
123
121
115
110
108
105
100
97
99
103
104
105
107
116
122
120
111
105
115
128
131
123
121
128
132
123
113
111
116
121
126
128
117
97
88
93
88
59
32
30
41
36
9
-20
-43
-63
-79
-86
-90
-103
-125
-138
-144
-161
-191
-220
-236
-245
-257
-273
-287
-296
-302
-311
-316
-316
-309
-302
-303
-314
-330
-340
-343
-339
-332
-325
-322
-324
-321
-310
-291
-273
-262
-258
-251
-230
-205
-191
-192
-191
-174
-143
-123
-116
-108
-82
-48
-24
-14
-4
11
20
19
26
49
72
75
72
91
126
147
147
150
167
177
167
157
165
183
189
188
189
184
171
159
162
173
176
173
166
153
128
102
90
85
82
81
81
70
44
28
39
57
54
38
34
40
36
23
20
28
28
14
4
6
11
9
15
40
71
88
89
90
103
125
144
162
178
189
193
199
214
233
240
241
244
252
251
246
257
287
308
298
270
255
252
243
227
219
218
209
184
157
141
133
124
113
92
64
30
-1
-33
-69
-100
-115
-126
-148
-181
-209
-224
-237
-257
-274
-282
-286
-295
-306
-315
-317
-317
-315
-316
-323
-330
-328
-322
-320
-319
-305
-276
-250
-236
-231
-220
-197
-169
-148
-137
-130
-119
-100
-78
-52
-24
-2
3
-1
5
30
56
72
81
91
96
91
91
100
104
90
78
85
96
91
76
75
85
84
64
44
35
31
31
34
30
8
-19
-28
-25
-40
-65
-74
-62
-59
-80
-100
-96
-81
-77
-81
-83
-83
-90
-99
-106
-111
-107
-84
-49
-21
-13
-11
-7
0
6
13
23
35
50
73
93
101
102
117
146
173
187
195
205
215
224
241
258
268
271
278
290
293
290
292
298
296
282
273
270
261
245
240
243
239
218
199
187
172
143
117
105
94
68
40
29
28
15
-11
-37
-55
-73
-93
-116
-138
-162
-180
-188
-192
-201
-210
-213
-212
-218
-228
-235
-234
-231
-228
-225
-220
-222
-225
-223
-210
-193
-178
-165
-155
-149
-150
-150
-144
-135
-128
-120
-106
-85
-70
-67
-66
-57
-36
-20
-21
-32
-36
-24
-9
-8
-19
-29
-32
-32
-38
-43
-42
-33
-27
-28
-40
-56
-68
-69
-58
-48
-51
-66
-83
-86
-75
-64
-61
-68
-76
-76
-71
-65
-63
-62
-56
-50
-46
-49
-49
-42
-28
-8
8
12
10
14
26
34
30
29
49
86
117
126
113
90
78
96
129
141
122
104
112
127
118
97
100
132
155
153
141
137
138
139
142
139
122
106
107
118
113
98
94
106
110
100
95
102
101
83
74
87
93
79
68
87
110
104
78
66
70
69
58
51
59
62
53
43
43
48
47
36
21
9
6
6
-1
-20
-36
-36
-26
-24
-40
-64
-91
-109
-111
-99
-89
-97
-113
-121
-124
-142
-175
-196
-195
-188
-195
-206
-201
-181
-172
-175
-175
-165
-154
-155
-163
-170
-169
-162
-147
-129
-117
-118
-125
-124
-106
-79
-59
-58
-63
-53
-26
-5
-7
-16
-12
2
11
14
25
49
71
81
82
81
79
79
89
104
107
92
72
61
59
61
66
75
82
81
72
59
49
46
53
61
61
53
44
36
26
18
18
27
32
25
11
2
2
15
31
38
33
21
14
8
-3
-13
-4
23
49
57
55
53
55
61
73
89
94
79
59
56
71
81
83
91
109
118
105
83
75
87
100
103
92
77
68
71
80
82
70
59
64
78
79
62
48
46
47
42
30
18
6
-1
-3
-9
-30
-53
-56
-42
-32
-39
-56
-68
-76
-78
-76
-76
-83
-91
-93
-91
-96
-108
-114
-111
-108
-107
-100
-94
-97
-106
-104
-86
-64
-52
-51
-60
-73
-78
-67
-51
-44
-42
-32
-21
-15
-11
3
19
19
8
2
7
17
30
46
54
47
38
42
55
59
53
49
44
34
26
30
34
28
26
38
50
38
14
6
18
25
17
9
10
9
-1
-13
-16
-14
-12
-12
-12
-15
-19
-20
-17
-21
-34
-49
-58
-54
-37
-24
-27
-41
-53
-56
-51
-39
-21
-5
-8
-22
-26
-11
6
11
4
-3
-9
-10
-2
9
7
-3
-8
0
12
17
12
1
-14
-17
-4
14
18
12
14
24
26
16
8
12
19
18
22
31
31
12
-14
-24
-18
-13
-15
-13
2
19
27
23
15
5
-7
-13
-7
9
18
7
-12
-26
-27
-23
-12
3
13
10
2
3
13
19
12
2
-4
-6
-3
5
6
-8
-26
-28
-7
13
17
8
2
1
5
6
11
16
16
7
-5
-8
-1
5
3
2
17
