-32
6
-1
-49
-53
3
41
19
-8
2
10
-23
-52
-29
3
-18
-63
-60
-20
-18
-58
-62
-6
30
-10
-64
-53
-4
7
-24
-32
-4
9
-15
-21
19
48
9
-50
-44
25
68
38
-5
-1
24
9
-26
-16
39
58
0
-68
-70
-27
-15
-38
-36
5
25
-6
-34
-8
32
20
-26
-31
13
40
10
-33
-38
-20
-20
-32
-25
1
13
4
-1
7
5
-11
-20
-5
10
0
-22
-23
2
23
25
15
16
27
37
38
35
29
22
16
19
30
34
20
-3
-16
-16
-13
-13
-12
-11
-13
-11
5
30
37
26
17
22
21
1
-11
9
41
46
29
29
49
60
54
52
52
28
-11
-18
18
40
17
-5
9
20
-3
-7
47
89
44
-22
-2
62
38
-49
-37
83
114
-19
-116
-17
106
35
-115
-73
116
143
-36
-115
34
135
-18
-182
-72
134
90
-122
-122
108
177
-42
-189
-17
176
68
-142
-80
148
138
-111
-193
19
155
-12
-194
-91
99
43
-147
-115
109
159
-40
-147
12
155
32
-149
-90
99
97
-79
-123
33
113
-13
-112
3
142
68
-103
-93
66
97
-50
-117
15
122
19
-119
-52
114
105
-63
-104
53
152
35
-95
-30
91
35
-115
-100
62
92
-76
-163
-17
127
34
-140
-108
67
85
-82
-151
-9
101
-2
-136
-82
59
46
-80
-95
23
63
-45
-117
-34
59
14
-78
-62
24
31
-39
-62
-17
0
-44
-67
-31
4
-2
-4
16
11
-32
-46
-7
17
-14
-40
-10
19
-15
-53
-25
15
-16
-74
-55
12
8
-70
-90
-13
35
-16
-70
-39
4
-32
-81
-38
39
28
-46
-54
11
35
-3
-3
52
50
-43
-87
-2
87
59
-8
12
62
10
-87
-69
38
50
-57
-95
13
90
10
-82
-28
69
29
-84
-67
61
87
-29
-85
14
92
9
-104
-75
17
-2
-98
-98
2
37
-39
-83
-18
37
-12
-74
-47
8
-3
-38
-5
62
59
1
-8
41
54
5
-17
17
31
-12
-28
30
73
24
-39
-13
52
33
-47
-56
29
77
24
-28
15
75
48
-19
-2
81
104
32
-18
22
66
24
-48
-47
4
1
-64
-85
-12
59
38
-31
-41
9
27
-17
-54
-31
5
-2
-28
-19
13
11
-19
-20
20
37
-3
-50
-49
-23
-22
-43
-45
-29
-28
-43
-37
-8
1
-17
-20
4
15
-3
-6
29
45
-3
-64
-60
-19
-23
-69
-76
-21
21
3
-21
-6
5
-30
-56
-16
49
52
6
-6
32
53
25
-6
7
41
62
71
70
51
22
17
38
41
17
11
38
43
0
-24
26
82
56
-9
-5
54
55
-2
0
86
123
43
-19
50
143
96
-28
-37
69
97
-12
-93
-38
33
-6
-71
-29
61
56
-22
-29
46
63
-18
-70
-15
50
25
-25
-4
47
35
-14
-3
58
67
9
-22
14
42
23
15
51
64
13
-29
9
61
41
-12
-2
56
63
15
4
51
73
27
-11
14
43
12
-34
-21
34
46
-2
-42
-33
-5
1
-10
-12
-3
-3
-20
-38
-34
-11
6
-12
-52
-68
-47
-25
-43
-81
-89
-63
-46
-55
-61
-45
-39
-67
-90
-65
-15
4
-12
-20
-6
-7
-31
-42
-24
-13
-36
-64
-60
-39
-31
-38
-40
-32
-26
-21
-25
-44
-60
-35
29
70
46
1
-9
7
-1
-25
-16
19
22
-20
-45
-11
35
35
5
0
23
28
3
-8
21
48
28
-11
-8
44
85
76
50
52
75
81
54
22
10
20
34
37
29
27
31
28
15
13
27
33
10
-3
26
64
53
8
9
60
79
31
-9
18
62
53
12
11
43
40
-2
-16
16
31
4
-8
38
86
72
28
23
48
47
20
24
58
59
12
-9
25
46
3
-38
-4
47
30
-25
-18
33
27
-42
-62
1
46
4
-51
-30
22
14
-43
-60
-23
-2
-27
-44
-14
21
8
-32
-38
-3
12
-28
-72
-56
2
31
7
-17
-15
-21
-64
-95
-61
5
19
-20
-38
0
33
12
-26
-20
13
9
-34
-50
-17
13
-16
-68
-77
-48
-36
-53
-62
-47
-40
-56
-63
-48
-39
-54
-57
-30
-11
-32
-51
-21
23
20
-20
-33
-8
5
-19
-44
-39
-19
-9
1
22
35
17
-15
-30
-18
-2
3
6
19
26
14
-3
4
27
31
8
-9
6
31
38
35
31
19
-11
-37
-33
-3
18
18
2
-17
-25
-3
35
49
33
26
46
60
44
29
43
53
26
-5
12
57
59
9
-29
-14
24
45
55
63
59
37
20
31
47
37
11
-6
-11
-29
-55
-52
-14
11
-9
-46
-56
-40
-31
-35
-32
-24
-25
-21
8
39
26
-17
-35
-17
-11
-30
-32
-1
19
-5
-43
-49
-32
-21
-16
-1
11
0
-16
-15
-2
-3
-19
-29
-21
-12
-18
-36
-47
-39
-23
-18
-22
-18
-3
-5
-36
-71
-73
-50
-28
-16
-8
-6
-19
-30
-19
8
23
27
37
50
45
20
3
12
38
51
40
19
7
4
4
3
0
-11
-29
-46
-44
-28
-28
-55
-76
-65
-40
-36
-51
-60
-53
-51
-70
-94
-98
-74
-43
-31
-44
-60
-46
-9
16
18
13
19
28
32
32
30
31
49
80
100
79
36
20
38
61
68
68
72
68
53
42
38
34
30
39
56
62
52
41
32
18
3
-2
-4
-17
-33
-32
-15
-1
1
-1
-5
-14
-20
-10
8
20
24
34
47
48
36
27
32
43
55
66
71
61
33
3
-13
-9
-7
-16
-28
-27
-15
-16
-40
-68
-76
-71
-71
-77
-75
-63
-50
-50
-58
-61
-53
-38
-27
-19
-5
19
28
14
-5
0
19
29
32
47
65
64
48
51
75
87
72
56
63
76
75
62
49
39
33
36
42
37
18
5
9
13
0
-22
-40
-43
-33
-25
-31
-43
-40
-19
-7
-23
-51
-67
-62
-51
-42
-35
-34
-39
-36
-22
-6
4
13
21
16
-5
-22
-12
16
31
15
-14
-27
-19
-15
-33
-61
-75
-74
-70
-65
-60
-62
-86
-117
-124
-107
-94
-96
-91
-65
-35
-25
-36
-52
-56
-40
-12
4
-3
-15
-12
-3
-3
-3
16
44
56
57
69
83
79
70
84
108
102
70
62
91
123
125
108
82
50
28
37
66
69
35
-3
-13
-7
-12
-31
-45
-40
-22
-6
-7
-19
-30
-31
-21
-8
7
15
12
3
-1
8
29
55
71
66
45
32
36
38
22
11
23
39
29
6
-5
-10
-31
-58
-62
-40
-20
-13
-16
-36
-71
-89
-70
-44
-49
-70
-63
-31
-13
-19
-20
-9
-3
-7
-2
18
39
45
35
15
-10
-19
-10
0
-2
-1
11
19
8
-2
8
24
23
15
15
23
25
22
9
-18
-47
-50
-27
-14
-36
-66
-76
-83
-104
-124
-113
-84
-65
-65
-74
-81
-74
-43
-5
-1
-35
-47
0
57
55
14
-1
27
52
51
50
67
73
48
27
29
34
19
-2
-4
5
3
-5
-6
-5
-13
-15
4
29
27
2
-14
-10
-4
-7
-9
-8
-23
-45
-48
-17
18
27
6
-15
-19
-5
12
18
7
-13
-19
10
61
97
99
78
60
53
48
45
53
69
79
76
69
70
75
76
77
74
60
39
30
37
41
28
13
7
5
-5
-13
-9
-5
-10
-6
19
38
21
-19
-37
-24
-11
-21
-42
-48
-37
-20
-17
-34
-62
-74
-53
-14
8
0
-24
-37
-30
-13
-7
-19
-33
-38
-38
-42
-39
-24
-18
-35
-53
-43
-18
-15
-36
-49
-43
-41
-52
-58
-49
-43
-54
-60
-47
-25
-12
-6
-4
-14
-31
-38
-24
-4
8
9
8
6
12
34
56
54
34
19
24
38
44
46
50
52
44
30
18
11
7
1
-4
-2
4
1
-24
-58
-78
-79
-73
-71
-69
-62
-55
-52
-51
-45
-39
-36
-32
-30
-36
-40
-34
-20
-13
-15
-18
-20
-25
-25
-6
22
32
23
15
23
32
29
23
27
36
44
46
45
35
23
21
30
41
38
18
-8
-18
-3
21
30
16
-1
-7
-9
-8
2
20
23
8
0
18
36
34
24
25
36
39
42
51
47
21
1
19
53
60
38
22
27
34
29
22
17
3
-15
-24
-21
-13
-6
-5
-22
-53
-73
-68
-58
-67
-77
-69
-59
-71
-93
-93
-75
-68
-76
-69
-49
-38
-42
-41
-31
-28
-37
-37
-21
-12
-20
-24
-4
24
34
17
-10
-16
4
31
35
20
8
12
20
21
23
33
36
25
13
17
22
14
9
23
42
34
6
-17
-17
-10
-3
2
4
0
0
14
33
38
22
-3
-23
-27
-10
15
24
8
-9
-7
5
17
32
52
59
36
5
-5
11
34
47
41
13
-18
-19
13
36
19
-14
-17
8
21
11
-4
-13
-19
-17
4
26
21
-5
-13
8
21
1
-30
-35
-11
10
3
-18
-30
-21
-4
0
-14
-26
-8
28
46
29
3
-7
3
14
21
30
36
31
24
24
21
3
-9
14
60
74
34
-9
-6
25
32
8
-11
-7
-6
-23
-31
-7
23
29
12
-4
-11
-13
-12
-8
-11
-26
-36
-24
-7
-8
-28
-41
-33
-14
-1
1
-1
3
16
26
18
-3
-13
4
16
-5
-41
-49
-27
-5
1
3
6
-8
-31
-35
-13
1
-13
-30
-16
11
18
3
-11
-18
-29
-47
-54
-48
-38
-24
0
20
16
-3
-10
5
22
25
21
24
31
34
36
36
33
31
33
35
25
13
14
21
11
-11
-14
6
13
-10
-31
-18
10
9
-10
-12
7
13
-8
-32
-41
-41
-40
-36
-30
-34
-48
-57
-46
-29
-21
-24
-26
-24
-20
-21
-32
-43
-34
-2
26
20
-2
-4
22
39
29
7
-1
1
2
1
5
8
6
-2
-8
-17
-31
-39
-30
-8
10
17
20
22
24
23
17
5
-11
-24
-26
-18
-7
-4
-10
-18
-14
-3
0
-11
-17
-1
23
28
13
4
13
19
6
-12
-8
18
37
39
32
29
31
35
41
42
33
14
3
10
27
35
31
23
15
7
0
-4
-1
3
0
2
14
35
47
47
40
33
27
19
15
19
25
22
11
6
14
21
13
-3
-6
6
14
5
-6
-1
15
18
5
0
18
32
16
-15
-21
12
39
22
-14
-19
17
42
25
-10
-19
-1
9
2
4
26
44
35
20
26
44
50
38
30
31
25
10
3
19
38
35
13
-2
6
23
30
18
-3
-15
-11
3
10
12
19
32
36
20
-2
-9
1
10
8
-2
-10
-15
-15
-9
1
5
-5
-18
-21
-15
-9
-4
5
15
14
-2
-11
-1
17
24
14
-1
-9
-10
-8
-11
-18
-21
-13
-5
-17
-42
-53
-38
-18
-16
-20
-10
1
-4
-23
-28
-20
-18
-23
-16
2
8
-3
-9
-7
-18
-42
-46
-14
15
14
8
23
37
16
-20
-20
14
27
6
-11
-5
-3
-22
-36
-22
1
1
-13
-17
-11
-8
-8
-8
-12
-28
-36
-20
-1
-12
-41
-48
-29
-22
-39
-47
-25
-4
-19
-51
-55
-30
-10
-12
-16
-13
-20
-35
-39
-20
1
-1
-17
-22
-12
2
8
9
2
-14
-29
-32
-21
-11
-7
-9
-12
-12
4
32
49
33
-4
-30
-25
-4
8
6
8
24
46
53
47
43
53
63
53
28
12
12
8
-8
-16
3
26
25
6
3
18
20
-1
-16
-4
15
7
-27
-54
-53
-37
-19
-7
1
4
5
6
1
-17
-42
-55
-47
-30
-23
-24
-24
-21
-19
-16
-7
6
13
10
7
9
8
1
-3
1
-1
-19
-39
-33
-5
7
-11
-27
-8
30
48
37
30
39
45
31
16
20
37
39
27
12
-1
-16
-27
-18
1
9
-1
-12
-19
-26
-41
-45
-25
-1
1
-17
-30
-19
0
7
0
-6
-5
-10
-26
-44
-47
-35
-24
-24
-24
-17
-14
-24
-37
-34
-23
-23
-31
-28
-10
5
-5
-25
-31
-22
-10
-4
-2
-3
-6
4
23
27
2
-30
-34
-14
0
-7
-13
-6
1
1
2
14
25
35
50
67
67
51
52
74
85
62
43
59
83
62
16
9
44
55
10
-29
-11
29
30
3
0
19
20
-1
-3
27
42
22
8
33
62
47
3
-16
0
17
17
15
25
28
14
-5
-13
-16
-24
-28
-19
-10
-15
-28
-29
-15
-5
-13
-33
-48
-45
-32
-27
-39
-54
-54
-40
-31
-37
-38
-20
1
-2
-25
-37
-26
-10
-12
-26
-33
-32
-29
-28
-24
-15
-12
-21
-31
-34
-27
-16
-8
-3
0
-2
-2
1
4
-3
-16
-21
-15
-10
-18
-28
-18
9
19
-5
-40
-44
-15
12
11
-7
-8
11
32
33
13
-9
-15
2
27
35
25
14
11
3
-10
-12
8
27
14
-18
-34
-24
-12
-16
-21
-10
5
8
-5
-18
-24
-30
-38
-42
-37
-24
-9
-5
-22
-48
-59
-46
-29
-25
-24
-16
-15
-34
-52
-41
-11
4
-1
2
24
35
15
-12
-16
-3
14
34
61
72
46
11
8
37
46
17
-14
-8
20
30
14
1
13
28
28
13
4
12
22
18
-4
-22
-16
8
20
5
-23
-34
-23
-9
-14
-29
-35
-22
-6
-1
-6
-11
-10
-4
2
3
0
-6
-12
-9
-4
-6
-24
-48
-60
-50
-26
-3
7
7
6
13
23
28
26
18
-2
-42
-81
-81
-34
10
6
-32
-49
-27
-3
-4
-11
0
18
17
1
-9
-3
11
25
36
38
30
29
49
72
71
52
49
68
83
75
56
51
53
51
37
15
-8
-23
-22
-7
-2
-19
-41
-40
-7
31
49
42
23
8
10
23
33
32
26
23
23
23
19
14
10
9
12
19
24
31
41
50
40
20
8
15
19
6
-4
7
28
36
23
5
-13
-25
-21
2
20
6
-26
-39
-23
-7
-8
-9
5
24
26
14
-2
-20
-29
-23
-5
3
-3
-2
10
13
0
2
36
67
57
24
14
30
32
9
-5
5
15
9
1
7
12
3
-3
11
29
31
19
19
31
38
26
4
-15
-20
-17
-14
-21
-24
-15
1
3
-6
-5
14
25
19
12
24
37
32
22
28
34
23
9
18
40
40
23
26
52
60
30
-5
-13
-7
-8
-17
-15
-11
-17
-20
-10
-2
-17
-38
-39
-26
-32
-59
-77
-66
-45
-39
-49
-61
-63
-55
-44
-40
-44
-43
-25
-5
-6
-25
-33
-25
-24
-44
-65
-57
-28
-11
-10
-11
-9
-15
-29
-35
-20
3
16
20
16
2
-16
-24
-13
1
-1
-14
-15
2
15
11
3
12
26
25
8
6
28
50
41
8
-16
-19
-21
-31
-32
-16
2
5
0
-1
2
1
2
18
37
34
12
-4
2
19
28
22
9
0
-2
4
7
0
-9
-7
1
1
-4
-4
0
-5
-16
-12
13
36
33
14
-3
-6
1
14
28
34
30
30
31
24
9
7
25
41
37
22
16
19
20
17
21
29
30
27
37
58
70
65
53
45
33
16
8
19
28
10
-28
-49
-41
-23
-16
-19
-24
-28
-34
-39
-39
-39
-33
-14
12
19
4
-10
-4
-1
-16
-35
-29
-10
-5
-9
-1
9
-11
-53
-69
-47
-25
-31
-46
-49
-61
-83
-80
-28
28
31
-6
-23
-12
-9
-20
-12
21
34
6
-24
-20
-2
-5
-12
6
37
47
36
31
35
27
10
13
31
34
19
16
34
38
15
-8
-5
14
34
67
105
101
38
-23
-17
28
42
19
12
32
33
-3
-26
-3
29
29
9
5
13
11
2
3
10
2
-22
-39
-36
-20
-5
1
-9
-30
-40
-32
-22
-20
-20
-10
3
10
17
28
40
43
42
42
33
16
6
14
28
33
28
20
9
-5
-14
-11
-4
-4
-7
-8
-12
-29
-40
-35
-30
-42
-55
-45
-24
-20
-32
-36
-35
-52
-75
-61
-8
28
9
-37
-54
-38
-24
-26
-28
-26
-28
-29
-16
-7
-23
-51
-59
-45
-36
-48
-60
-55
-38
-27
-24
-26
-31
-37
-35
-29
-30
-42
-52
-54
-58
-61
-51
-31
-19
-25
-32
-29
-23
-24
-23
-12
-4
-17
-39
-45
-28
0
23
33
29
16
11
16
18
10
3
6
12
6
-6
-7
4
8
1
-9
-15
-18
-18
-10
8
26
26
12
-8
-18
-14
-2
4
3
-1
-2
-2
-2
-3
0
6
8
0
-15
-28
-30
-19
0
17
25
22
14
13
18
23
19
12
10
16
23
23
21
21
29
45
60
64
57
54
54
46
23
3
5
23
35
32
17
0
-8
2
23
34
24
12
13
16
3
-15
-15
-6
-10
-29
-39
-28
-12
-6
-8
-8
-7
-5
-4
-8
-17
-21
-15
-12
-22
-37
-36
-25
-16
-11
-3
3
2
1
8
21
30
32
28
20
11
15
34
50
43
28
19
16
13
14
24
33
31
21
14
9
10
19
29
17
-14
-36
-37
-33
-40
-40
-25
-12
-18
-29
-22
-11
-10
-9
11
36
34
9
-6
6
25
29
22
21
34
55
67
60
40
18
-4
-28
-42
-36
-16
-5
-10
-20
-25
-25
-12
10
22
17
5
11
28
34
28
22
14
-2
-10
9
32
19
-26
-55
-38
0
26
27
7
-28
-47
-33
-5
-4
-31
-44
-27
-10
-16
-30
-28
-15
-15
-32
-50
-55
-45
-26
-22
-41
-59
-42
5
33
15
-21
-27
-4
5
-15
-42
-45
-31
-25
-32
-40
-41
-38
-33
-19
-9
-26
-63
-82
-66
-46
-50
-65
-62
-50
-56
-74
-70
-49
-44
-54
-49
-24
-11
-16
-11
7
2
-26
-30
11
51
50
27
15
9
0
2
20
38
42
46
53
49
36
42
67
70
38
16
27
38
25
18
42
61
41
10
10
29
30
9
-1
12
32
42
45
47
50
54
49
29
16
27
57
74
60
24
-14
-37
-32
-14
-9
-19
-22
-11
-15
-39
-48
-27
-17
-43
-71
-63
-35
-28
-33
-27
-17
-20
-24
-5
17
6
-27
-39
-21
-4
-8
-12
1
14
3
-26
-36
-11
19
19
-2
-2
32
59
48
19
9
17
23
20
18
18
17
19
24
24
16
11
12
10
5
6
16
20
20
26
36
26
-2
-19
-7
10
5
-11
-9
8
24
25
16
13
20
32
28
6
-3
26
71
87
61
34
33
44
41
25
14
16
20
22
23
13
-16
-49
-54
-32
-18
-40
-76
-91
-79
-63
-45
-28
-17
-17
-9
15
23
-7
-38
-25
11
21
4
7
33
42
17
-10
-21
-25
-29
-22
-19
-42
-74
-76
-46
-33
-55
-86
-88
-60
-25
-4
-3
-8
-8
-9
-29
-53
-45
-3
28
22
9
17
29
34
43
61
64
44
29
40
56
57
53
54
54
48
42
35
27
33
67
106
117
109
113
126
126
112
103
106
112
126
131
98
38
8
35
69
60
31
24
28
11
-14
-20
-14
-14
-16
-9
-18
-56
-93
-97
-73
-49
-43
-60
-89
-106
-96
-87
-104
-118
-91
-50
-42
-67
-83
-85
-92
-97
-86
-81
-111
-138
-119
-79
-79
-117
-138
-128
-120
-131
-142
-141
-125
-93
-62
-61
-90
-106
-84
-52
-34
-18
0
4
-3
5
28
37
41
74
126
146
117
84
76
80
91
109
115
82
40
35
61
77
80
99
131
140
119
95
81
75
83
101
104
89
82
91
89
60
39
52
65
52
31
25
7
-32
-65
-70
-67
-80
-91
-89
-94
-118
-139
-142
-132
-120
-108
-108
-124
-140
-136
-133
-149
-174
-188
-190
-188
-173
-158
-172
-213
-234
-214
-186
-179
-168
-137
-108
-104
-106
-104
-113
-122
-96
-46
-24
-38
-44
-15
12
17
25
50
69
77
92
114
124
130
157
198
223
231
240
257
271
298
343
380
386
379
390
405
406
405
420
443
461
475
489
491
479
475
483
488
482
481
478
454
417
398
397
388
368
354
345
323
291
255
206
142
89
60
30
-19
-69
-102
-131
-164
-188
-208
-253
-316
-353
-354
-368
-421
-478
-508
-524
-546
-576
-619
-682
-738
-756
-752
-770
-813
-844
-859
-880
-907
-930
-952
-969
-955
-907
-877
-890
-905
-881
-840
-807
-768
-706
-647
-600
-547
-489
-459
-450
-403
-309
-219
-159
-95
-17
46
101
183
285
368
437
533
639
707
755
831
930
1016
1096
1198
1293
1353
1411
1502
1591
1639
1687
1774
1856
1886
1900
1934
1960
1955
1957
1984
1985
1946
1929
1950
1941
1874
1808
1775
1722
1634
1550
1470
1343
1188
1067
969
818
620
456
334
189
16
-140
-295
-493
-701
-859
-1009
-1215
-1428
-1569
-1674
-1824
-2007
-2171
-2340
-2536
-2706
-2807
-2899
-3036
-3158
-3222
-3293
-3420
-3536
-3578
-3588
-3604
-3590
-3540
-3529
-3568
-3569
-3497
-3417
-3354
-3238
-3063
-2910
-2799
-2661
-2489
-2340
-2203
-2004
-1756
-1539
-1345
-1099
-817
-571
-338
-54
259
531
795
1117
1456
1743
2010
2316
2616
2857
3094
3385
3673
3903
4125
4378
4595
4735
4872
5058
5231
5351
5474
5617
5706
5719
5737
5784
5783
5726
5695
5694
5626
5474
5321
5178
4986
4758
4569
4389
4129
3811
3526
3245
2885
2481
2131
1817
1458
1072
704
301
-189
-678
-1079
-1457
-1894
-2338
-2718
-3095
-3542
-4001
-4412
-4822
-5246
-5605
-5878
-6194
-6604
-6998
-7299
-7569
-7850
-8075
-8223
-8373
-8532
-8623
-8659
-8740
-8840
-8824
-8673
-8507
-8365
-8176
-7937
-7712
-7479
-7172
-6836
-6546
-6235
-5791
-5270
-4808
-4397
-3947
-3471
-3016
-2533
-1964
-1375
-829
-262
367
946
1395
1819
2337
2914
3485
4080
4687
5205
5612
6024
6486
6917
7302
7744
8254
8700
9018
9290
9548
9752
9937
10198
10486
10659
10716
10765
10799
10732
10608
10545
10518
10419
10255
10087
9855
9492
9089
8760
8444
8049
7636
7280
6887
6362
5778
5227
4655
4019
3411
2876
2302
1623
933
265
-493
-1371
-2209
-2914
-3581
-4273
-4939
-5589
-6326
-7128
-7843
-8441
-9013
-9531
-9866
-10060
-10316
-10689
-11050
-11331
-11538
-11600
-11450
-11206
-11040
-10915
-10714
-10487
-10339
-10173
-9815
-9279
-8717
-8189
-7723
-7409
-7237
-7004
-6570
-6066
-5635
-5214
-4722
-4266
-3960
-3738
-3502
-3242
-2908
-2393
-1765
-1262
-953
-657
-266
110
407
727
1132
1568
2023
2518
2938
3134
3204
3384
3693
3965
4171
4432
4744
4977
5099
5150
5096
4948
4899
5089
5353
5447
5384
5301
5179
4957
4737
4653
4672
4732
4866
5023
5006
4774
4575
4605
4772
4938
5142
5401
5587
5637
5660
5719
5772
5881
6199
6656
6979
7083
7147
7264
7328
7302
7294
7324
7307
7256
7214
7050
6608
6004
5476
5007
4403
3667
2969
2343
1671
903
25
-1038
-2248
-3333
-4113
-4758
-5505
-6299
-6976
-7591
-8286
-9031
-9693
-10193
-10441
-10344
-10051
-9923
-10083
-10259
-10198
-9974
-9738
-9448
-9029
-8533
-8029
-7557
-7251
-7207
-7220
-6935
-6338
-5771
-5446
-5242
-5017
-4792
-4599
-4427
-4309
-4232
-4004
-3515
-2996
-2753
-2713
-2550
-2151
-1681
-1253
-846
-446
-21
513
1102
1495
1591
1660
1958
2354
2571
2596
2590
2610
2614
2575
2420
2056
1612
1376
1372
1283
911
453
149
-44
-277
-575
-890
-1169
-1285
-1170
-1033
-1162
-1475
-1592
-1379
-1085
-915
-787
-541
-130
419
1002
1418
1639
1971
2703
3657
4417
4891
5355
6010
6786
7537
8169
8670
9186
9950
10921
11680
11945
11969
12205
12728
13247
13514
13489
13262
12985
12766
12460
11814
10904
10150
9759
9398
8616
7360
5925
4612
3567
2728
1830
663
-630
-1729
-2632
-3665
-4956
-6206
-7077
-7550
-7840
-8188
-8749
-9457
-9998
-10144
-10081
-10158
-10399
-10517
-10372
-10133
-9998
-10019
-10151
-10271
-10202
-9913
-9627
-9524
-9465
-9234
-8895
-8693
-8682
-8709
-8631
-8371
-7889
-7287
-6827
-6633
-6534
-6311
-5948
-5487
-4856
-4035
-3212
-2592
-2188
-1927
-1776
-1624
-1273
-681
-72
321
442
303
-75
-501
-664
-457
-105
119
137
-41
-397
-820
-1131
-1255
-1239
-1098
-843
-656
-783
-1208
-1623
-1755
-1575
-1206
-787
-448
-231
-25
280
635
956
1348
2007
2928
3888
4703
5381
6031
6762
7640
8630
9586
10423
11234
12150
13130
14014
14761
15468
16220
16975
17650
18194
18615
18967
19307
19613
19754
19588
19091
18349
17467
16520
15568
14646
13734
12720
11447
9845
8048
6292
4707
3258
1881
561
-774
-2273
-4015
-5916
-7816
-9518
-10778
-11504
-11998
-12721
-13750
-14700
-15298
-15673
-15996
-16190
-16161
-15994
-15755
-15451
-15281
-15478
-15793
-15665
-15050
-14543
-14466
-14442
-14081
-13520
-13027
-12632
-12413
-12489
-12542
-12029
-11069
-10388
-10187
-9849
-9041
-8251
-7874
-7581
-6968
-6060
-4910
-3501
-2267
-1844
-2022
-1809
-833
239
884
1373
1969
2402
2475
2384
2222
1943
1895
2490
3305
3421
2725
1992
1688
1590
1532
1608
1691
1582
1517
1727
1810
1366
887
1082
1724
2114
2221
2455
2785
2994
3301
3862
4267
4329
4672
5694
6741
7165
7382
7995
8779
9374
10085
11160
12174
12863
13630
14538
14948
14812
15134
16413
17817
18552
18877
19139
19053
18596
18384
18565
18508
18038
17713
17490
16450
14351
12185
10716
9670
8651
7684
6570
4890
2844
1082
-392
-2094
-3979
-5553
-6890
-8492
-10354
-12125
-13828
-15532
-16799
-17382
-17840
-18613
-19247
-19354
-19443
-19887
-20072
-19511
-18761
-18344
-17843
-16956
-16271
-16119
-15863
-15155
-14610
-14462
-13895
-12535
-11297
-10916
-10930
-10801
-10743
-10789
-10370
-9425
-8651
-8247
-7659
-6905
-6697
-6999
-6857
-5924
-4813
-3818
-2695
-1688
-1351
-1338
-781
237
965
1502
2520
3712
4071
3598
3273
3469
3718
3871
4170
4349
3926
3211
2896
2883
2517
1782
1298
1308
1420
1247
740
110
-236
-5
549
859
809
774
1002
1472
2211
3083
3609
3710
4134
5384
6802
7599
8142
9163
10443
11408
12301
13604
14983
15968
16907
18150
19061
19068
18836
19250
20023
20436
20628
21044
21386
21198
20777
20582
20458
20228
20207
20419
20135
18887
17148
15510
13968
12430
11072
9868
8501
6963
5456
3746
1453
-1127
-3344
-5160
-6941
-8684
-10300
-12184
-14587
-16941
-18672
-20025
-21221
-21736
-21361
-21016
-21473
-22199
-22475
-22605
-22963
-22980
-22185
-21224
-20766
-20447
-19900
-19681
-20101
-20204
-19088
-17326
-16066
-15527
-15249
-15071
-14996
-14753
-14183
-13567
-13122
-12615
-11803
-10832
-10038
-9596
-9329
-8684
-7248
-5423
-4045
-3201
-2216
-917
137
836
1698
2676
3134
3239
3849
4796
4969
4313
3972
4172
3896
2954
2410
2581
2571
2100
1866
1886
1447
826
1060
1941
2253
1945
2041
2558
2576
2132
2054
2269
2286
2724
4282
5919
6241
5900
6466
7828
8889
9824
11380
12967
13695
14268
15653
17055
17335
17256
18145
19508
20071
20001
20167
20393
20254
20380
21300
22198
22244
21917
21840
21690
21281
21230
21679
21822
21357
20814
20092
18440
16088
14080
12437
10448
8537
7679
7245
5736
3294
1207
-554
-2893
-5340
-6786
-7771
-9565
-11723
-13090
-14294
-16632
-19428
-21053
-21661
-22456
-23291
-23427
-23522
-24481
-25517
-25564
-25322
-25788
-26200
-25517
-24430
-23932
-23438
-22197
-20905
-20229
-19407
-17896
-16614
-16091
-15315
-13728
-12404
-12035
-11746
-10968
-10430
-10387
-9931
-8842
-8056
-7759
-7115
-6189
-5920
-6050
-5348
-3905
-2915
-2397
-1456
-395
-138
-152
626
1561
1528
1298
2113
3037
2525
1402
1410
2074
1948
1562
2147
2868
2402
1787
2584
3754
3537
2850
3564
4904
4882
3920
3808
4359
4304
4204
5283
6634
6658
6159
6928
8449
9008
9035
10290
12570
14105
14584
15093
15725
15802
15894
17106
18784
19295
18741
18684
19409
19621
18857
18211
18452
19112
19687
20262
20656
20303
19387
18934
19287
19484
18704
17473
16722
16324
15367
13497
11183
8902
6806
5117
4027
3144
1818
86
-1479
-2905
-4886
-7512
-9912
-11498
-12692
-14018
-15445
-16978
-18905
-21081
-22889
-24255
-25662
-26927
-27200
-26476
-25818
-25736
-25663
-25314
-25117
-25037
-24425
-23344
-22466
-21544
-19721
-17484
-16396
-16643
-16770
-16072
-15263
-14563
-13289
-11624
-10694
-10577
-10296
-9870
-10161
-10672
-9910
-8047
-6817
-6643
-6286
-5343
-4593
-3920
-2490
-875
-363
-315
1005
3206
4314
4286
4839
6077
6500
6209
6705
7663
7395
6397
6752
8024
7653
5611
4676
5611
6129
5316
5054
6090
6623
5979
5909
6952
7193
5974
5352
6357
7181
6598
5977
6346
6577
6010
5911
6851
7481
7297
7734
9237
10162
9913
10236
12045
13867
14689
15474
16656
17109
16813
17446
19129
19780
18848
18405
19274
19493
18066
16791
16808
16759
15909
15688
16472
16274
14378
13004
13571
14425
13916
12727
11707
10381
8794
7889
7132
4842
1502
-554
-1082
-2082
-3979
-5482
-7078
-10340
-13951
-15138
-14842
-16458
-19687
-21107
-20690
-21843
-24895
-26597
-26374
-26846
-27860
-26535
-23703
-23523
-25927
-26262
-23419
-21470
-22109
-22362
-21072
-20781
-21645
-20344
-16706
-14834
-15919
-16306
-14347
-12863
-13119
-12535
-10147
-8501
-8455
-7743
-5980
-5628
-6744
-6302
-3869
-2600
-3449
-3570
-1549
668
1964
3497
5246
5493
4431
4298
5603
6802
7583
8962
10540
10988
10548
10077
8902
6592
5158
6286
8265
8747
8408
8787
8853
7076
4691
3705
3764
3822
4601
6647
8310
8203
7438
7292
7104
6332
6044
6715
7174
7073
7564
8623
8714
7831
7687
8424
8513
8059
8664
10061
10608
10819
12431
14558
14966
14456
15497
17301
17023
15123
14648
15810
16131
15389
15596
16544
16126
14640
14399
15515
16135
16077
16432
16585
15291
13452
12428
11237
8651
5957
4357
2173
-1902
-5540
-6418
-6323
-7943
-10489
-12195
-14090
-17417
-20273
-20761
-20665
-22190
-23941
-23876
-23372
-24580
-26451
-27071
-27252
-28288
-28780
-27226
-25295
-25068
-25351
-24044
-22027
-21475
-22135
-22182
-21155
-19573
-17228
-14111
-11574
-10582
-10219
-9422
-8648
-8447
-8033
-6678
-5031
-3865
-2917
-1960
-1574
-1947
-2168
-1561
-660
-159
184
1082
2849
5181
7291
8452
8937
9891
11620
12859
12616
11832
12075
13393
14546
14651
13540
11307
8617
6751
6245
6122
5363
4417
4321
5102
5964
6312
5745
3978
1741
761
1655
2786
2537
1742
2166
3386
3352
1843
960
1884
3353
4119
4708
5635
6132
6091
7131
9798
11762
11086
9383
9204
10179
10635
11153
13063
15076
15194
14558
15466
17018
16946
16304
17623
19835
20092
19330
20543
22807
22858
21365
21451
22287
20799
18229
17683
16869
11390
3524
-1347
-5134
-13255
-22010
-22119
-14807
-11242
-14882
-18097
-18151
-21366
-27735
-27437
-18692
-13395
-17252
-19841
-13967
-9577
-16471
-27036
-29706
-27384
-28083
-28346
-21824
-15096
-18133
-25974
-26622
-21675
-22063
-27167
-25706
-16054
-8816
-8524
-8485
-5795
-6504
-12160
-14846
-10582
-5886
-5677
-5449
-1283
2102
-50
-4071
-4644
-3096
-2532
-946
4211
9831
11829
11494
11447
10015
5962
4169
9325
17299
20195
17447
14611
13365
10734
7001
6078
7866
8175
6881
8200
11557
10475
3245
-3163
-3387
-619
672
1679
4093
4908
2144
-321
436
561
-3255
-6410
-3671
1333
1857
-1129
-2097
-1093
-1960
-3514
-1472
2910
4846
4893
7203
10606
10310
7398
7611
11295
13353
12831
13692
16204
16485
14686
14768
16020
14004
10269
11552
18238
23101
22846
21618
21706
20325
17393
16931
18805
18460
16500
18546
23794
24306
18012
11643
8270
3258
-4600
-10077
-13009
-19794
-28994
-29366
-18544
-9928
-13100
-20587
-22697
-22045
-23118
-20700
-11130
-3368
-5408
-10042
-8046
-5647
-13330
-25643
-28861
-22821
-18545
-18737
-17371
-15442
-19784
-27217
-26751
-18459
-14131
-17062
-16856
-8327
-696
-1942
-6927
-8123
-6980
-7087
-5790
-895
2204
-1410
-7103
-7635
-4186
-2755
-3618
-2262
1733
4264
4082
4114
5622
6602
6309
6451
7196
6478
4530
4920
8880
11963
9346
2456
-2733
-2962
-276
2180
3691
4675
4818
4140
3749
3799
2550
-592
-2965
-1986
869
2081
889
-672
-1465
-2017
-2399
-2319
-2675
-4081
-4680
-2615
198
387
-1500
-1840
340
2616
3896
5496
7324
7499
6349
6537
8458
9639
9397
9866
11571
12278
11299
10723
11311
11325
10492
10896
12732
13447
12444
12411
14506
16249
15669
13847
12237
11201
11809
14945
18083
17436
13835
11887
13007
14294
14183
13408
10527
3354
-4961
-9015
-10869
-17699
-28048
-30642
-20857
-8540
-4201
-6649
-10298
-14902
-20097
-19520
-10393
-1641
-2012
-6485
-5647
-2763
-8432
-21676
-30087
-28059
-22118
-17692
-13195
-9244
-11094
-17761
-19910
-14033
-8633
-10053
-11692
-5318
4821
8506
4614
254
-1286
-2429
-3311
-1123
2922
4067
2094
1716
3988
4323
920
-1426
1177
5966
8540
8878
8997
8809
7820
7267
7187
4984
429
-1757
1478
5789
5177
479
-2974
-3548
-3515
-3142
-748
2454
3486
2979
3673
4247
948
-4816
-7172
-4755
-2473
-3184
-4193
-3680
-3914
-5732
-6154
-4347
-3767
-5392
-5020
-859
2334
947
-1398
-103
3277
5091
5878
7510
8391
6741
4866
5222
5883
4670
3967
6462
9702
9956
8149
7183
6839
6173
7310
11592
15351
14807
12071
11279
12031
11718
10965
11549
12214
11606
11854
14183
15025
11892
8844
10264
13555
14164
13121
12870
10657
3746
-3731
-7534
-11894
-21633
-30381
-27894
-16251
-7384
-6365
-8533
-11479
-17216
-22438
-19694
-10309
-4247
-4629
-4263
-727
-2303
-13239
-24496
-26383
-21105
-15615
-10798
-5689
-4455
-9850
-15542
-14134
-8485
-6373
-7417
-4500
3567
9729
9185
4831
1196
-764
-1219
789
4649
7031
5922
3354
2261
2608
2505
1694
1900
4021
6575
7422
6285
4836
4495
4942
4983
3951
1777
-1323
-4265
-5265
-3895
-2209
-2388
-3902
-4577
-3744
-2483
-1290
300
1804
1728
-69
-1767
-2082
-1937
-2845
-4700
-6018
-5809
-4514
-3344
-3062
-3359
-3271
-2198
-443
1061
1367
339
-665
427
3890
7099
7323
5195
3891
5176
7924
10122
10446
8312
4657
2348
3345
5724
6117
4699
4577
6555
8227
8460
8775
9664
9611
8710
9136
10920
11469
10386
10219
11158
10159
7101
6186
8676
10092
7926
6176
8112
10452
9619
7958
8042
6546
481
-5958
-8493
-11537
-20605
-29995
-28788
-17360
-7319
-5350
-7499
-9818
-13511
-17137
-14720
-6178
-98
-931
-2285
933
2507
-4797
-15950
-20123
-15807
-10236
-7102
-4380
-2495
-4750
-9335
-9925
-5880
-3735
-6018
-6437
-295
7129
8030
2947
-1607
-2768
-2529
-1715
884
3946
3951
783
-1658
-1465
-1098
-2334
-2882
-447
3037
4153
2738
1178
574
307
197
434
76
-1930
-4537
-5568
-4690
-3548
-3180
-3127
-2820
-2064
-402
2154
3952
3162
399
-1852
-2299
-1701
-1086
-1014
-2171
-4452
-5787
-4393
-1946
-1702
-3444
-3509
-393
2905
3256
1227
-778
-1401
-26
3523
7237
7723
4854
3134
5996
10916
12746
10166
6268
4217
4839
7265
9545
9504
7137
5296
6227
8472
9138
7987
7148
7736
8940
9731
9654
8626
7495
7787
9386
9911
8085
6031
6097
7276
7350
6766
7306
8433
8336
7319
6618
5082
940
-4246
-7802
-11156
-17472
-24259
-24507
-16709
-8060
-5236
-7146
-9539
-11322
-12393
-10368
-4676
34
95
-1038
1164
3357
-1187
-10832
-16334
-13478
-7469
-3673
-1555
-50
-1413
-5776
-8337
-6611
-4867
-6332
-6524
-666
6845
7835
2327
-2316
-2478
-1091
-250
1296
2798
998
-3408
-5258
-2969
-1182
-2881
-4652
-3022
-307
-195
-1718
-1763
-289
842
1356
1249
-1250
-6497
-10508
-9185
-3939
251
933
-669
-2826
-4291
-3643
-1031
609
-835
-3134
-2900
-911
-785
-3413
-6239
-7253
-6339
-3530
407
2409
145
-3665
-3945
-334
2444
1577
-581
-1030
132
1728
3478
4468
3249
1178
2142
6900
10959
10456
7277
5830
7359
10014
12117
12685
10804
7343
5534
7246
10198
11186
10303
9519
8978
7647
6189
6232
7766
9650
11450
12542
11175
7267
4379
5673
9353
11356
11037
10580
10234
8385
5518
3710
2603
-24
-4086
-7947
-12611
-19848
-26148
-24700
-15105
-5575
-3139
-6464
-10631
-13656
-15039
-12953
-7417
-2402
-519
744
3268
2880
-4583
-14732
-18587
-13750
-5957
-588
1555
664
-3483
-8473
-10292
-8715
-7031
-5580
-978
6579
10868
7743
1285
-1713
18
2940
4476
4282
2205
-1072
-2870
-1513
638
276
-1907
-2457
-461
1628
2088
1841
2166
2886
3057
1675
-1927
-6530
-8589
-5704
-278
2579
723
-3437
-6587
-7342
-5701
-2500
15
-466
-3438
-5868
-6032
-5298
-5442
-6116
-5974
-4797
-3475
-2942
-3705
-5327
-5973
-3905
0
2488
1396
-2113
-5120
-5564
-3069
1235
5117
6724
6383
5941
6172
6276
6139
7207
10252
13841
15895
15582
13220
9901
7697
8284
10607
11793
11129
10800
11670
11331
8401
5980
7735
12426
15578
15322
13368
11243
9202
8380
10152
12888
12891
9535
6364
5893
6246
4659
1675
-430
-1583
-3880
-8471
-14182
-18532
-19062
-14805
-7990
-3409
-4469
-9957
-15423
-17151
-14329
-8649
-3084
-225
-541
-2520
-4928
-7852
-10955
-12347
-10648
-7128
-4382
-3704
-4846
-7121
-9304
-9682
-7943
-5973
-5085
-3742
-258
3457
3849
985
-1129
172
3255
5104
4684
2588
-286
-2438
-2210
-47
1239
-14
-1891
-1577
600
1690
274
-1636
-1260
1406
3356
1845
-2406
-5628
-4933
-1365
1433
1066
-1797
-4734
-5504
-3392
-224
512
-2572
-6313
-6535
-3765
-2534
-4718
-6989
-6222
-4034
-3608
-4790
-5286
-4633
-3801
-2500
-272
969
-799
-3544
-3157
329
2442
1024
-532
1477
5742
8212
7490
5600
4907
6334
9439
12382
12767
10339
8094
9046
12377
14363
12798
9213
6898
7691
10581
12812
12629
11206
11127
12867
14048
12801
10357
9373
10882
13749
15819
14923
10683
6274
6046
9788
11834
8164
1772
-2112
-3626
-6733
-11678
-14209
-12353
-9087
-7351
-6860
-7185
-9463
-12791
-13087
-8695
-3824
-2961
-4678
-4904
-4046
-6126
-11550
-15346
-13446
-7556
-2783
-2667
-7120
-13004
-15959
-13642
-8170
-4039
-3244
-3929
-3986
-3777
-4321
-4775
-3438
-308
2759
3949
2715
-254
-3354
-4852
-4202
-2462
-1031
-323
11
91
-442
-1850
-3635
-4420
-3012
-197
1294
-153
-2571
-2809
-1109
-865
-3406
-5721
-4865
-2293
-1581
-3455
-5543
-6140
-5786
-5494
-5579
-6142
-6908
-6692
-4830
-3027
-3863
-7276
-10230
-10149
-7196
-3104
459
2100
1170
-1219
-2983
-3344
-2950
-1682
1520
5905
8293
6933
4298
4147
6873
9730
10911
11303
12264
13618
14416
14425
14075
13600
12926
12290
12471
14053
16421
17918
17564
16336
15969
16691
17216
16881
16359
16036
15341
14306
14020
14506
13959
11595
9492
9589
10380
9024
5510
1844
-1991
-7716
-14385
-17971
-16388
-12012
-8195
-6217
-6807
-10944
-16715
-18679
-13866
-6275
-2001
-1891
-2817
-4297
-8635
-14719
-17183
-13518
-7853
-5466
-6784
-9035
-10678
-11334
-9950
-6466
-3692
-4174
-6174
-5981
-3580
-2541
-4121
-4979
-2193
2180
3660
1004
-2749
-4258
-3103
-1045
458
1209
1519
1448
943
81
-1099
-2497
-3265
-2124
538
1710
-1072
-5697
-7127
-3933
-557
-1270
-4365
-5249
-3469
-2822
-5015
-7281
-7035
-5376
-4470
-4470
-4840
-6088
-7984
-8354
-6231
-4243
-5021
-6848
-6182
-3364
-2105
-3527
-4606
-3195
-1114
-856
-2171
-3494
-4123
-3327
76
5079
7871
6508
4199
5038
8254
10068
9944
10921
13967
16111
15173
13075
12925
15245
18325
20296
19847
17003
14216
14561
17776
20209
19653
17806
16847
16472
16002
16377
17652
17495
15101
13650
15234
16238
12416
6136
2788
1556
-3276
-11693
-16106
-12505
-6739
-5970
-9572
-13021
-15497
-17930
-17778
-12636
-6526
-5705
-9470
-11726
-10941
-11480
-14630
-15648
-11969
-7924
-8066
-11010
-13224
-14176
-14112
-11419
-6531
-4387
-7887
-12110
-10511
-4586
-1657
-4271
-7567
-7142
-4270
-2333
-2460
-4087
-6387
-7602
-5772
-1513
1976
2664
1674
1079
1524
2423
2882
2321
1471
2027
3589
2600
-2643
-7441
-5540
1861
6745
4572
-787
-3750
-3622
-2099
875
4840
6259
2829
-2153
-4116
-3790
-4823
-6657
-5363
-1238
234
-3614
-8556
-9620
-7268
-4774
-2976
-1133
-372
-2212
-4940
-5282
-3205
-1534
-950
803
3988
5100
2144
-1293
-315
4722
9024
9821
8886
8744
9541
10665
12737
16013
18548
18307
16429
16127
18237
20061
19416
17798
17806
18994
18848
17334
17259
19463
20963
19681
18054
19002
20786
19653
15816
12270
8794
2630
-4736
-7542
-4435
-1564
-4003
-9087
-11945
-12723
-13529
-12696
-8306
-4351
-6457
-12875
-16377
-14682
-12567
-13286
-14451
-14105
-14780
-18406
-21897
-21359
-17563
-14077
-12480
-12205
-13027
-14675
-15308
-13129
-9181
-6502
-6538
-7717
-7824
-6814
-6591
-8073
-9440
-8426
-5822
-4732
-6187
-7909
-7999
-6988
-5161
-1399
3317
5043
2513
22
1107
3181
2853
2627
6275
10694
9532
3396
-821
-240
1443
1787
2701
4538
4050
519
-2035
-1233
274
58
-486
-144
-593
-2530
-3526
-2427
-1687
-2804
-3492
-2052
-575
-1074
-2091
-1872
-1384
-1530
-918
836
1192
-911
-2118
473
4466
5682
4094
2862
3493
5142
6993
8444
8553
7887
9049
12796
15675
14687
12354
13362
17419
19626
17788
15330
15970
18886
20878
20734
19346
17361
15248
14604
16578
19142
18733
15156
11932
10525
7584
828
-5415
-5198
-134
1667
-3954
-12569
-17751
-17596
-13526
-7770
-4210
-6724
-13545
-17488
-14904
-10150
-8175
-7755
-6476
-7169
-13098
-20290
-21568
-16421
-10900
-9166
-10808
-14922
-20448
-23112
-18611
-9642
-4201
-5749
-9811
-11295
-10271
-8807
-6763
-3561
-1045
-1593
-4747
-7570
-7562
-4510
-407
1982
1410
-776
-2320
-2401
-1751
-1308
-1434
-1620
-572
2052
3956
2497
-993
-2120
461
3147
2980
1524
1136
1069
-47
-1226
-1526
-2269
-3902
-4035
-1822
-715
-3010
-5137
-2904
1537
2925
799
-874
-241
1182
2543
4204
5115
4039
2765
4008
6712
7406
5654
4324
4773
5495
5487
5584
6362
7489
9000
10848
11801
11138
10557
12000
14572
15958
15694
14771
13564
12600
13505
16366
18076
16391
13821
14109
16646
17938
17055
15863
15202
14514
13949
13158
9514
1758
-5839
-7582
-4100
-1656
-3959
-8835
-12783
-14411
-13256
-9723
-6902
-8190
-12098
-13336
-10147
-6619
-6363
-7986
-8826
-9373
-11099
-12952
-13161
-12407
-12257
-12207
-11169
-10397
-11731
-13932
-14065
-12168
-11200
-12105
-12333
-10215
-7583
-6442
-6057
-5540
-6321
-8845
-9403
-4653
2139
4246
571
-3265
-3178
-837
1265
3125
3575
-527
-7700
-10202
-4158
3439
3764
-1833
-5402
-4419
-2712
-1843
66
1811
-154
-4046
-3857
564
2331
-1546
-5629
-5370
-3617
-3942
-4274
-2101
-197
-1612
-3570
-2054
1218
1971
538
345
1484
1383
406
1510
4817
7162
6985
5847
5172
4904
5406
7438
10035
11161
10661
10266
10823
11682
12530
13596
14394
14443
14709
16102
17349
16922
16220
17717
20505
21220
19359
17963
18543
19121
18362
17843
18498
18263
15440
11383
7627
3505
-821
-2414
-369
417
-4833
-12848
-15568
-10951
-5504
-5538
-10497
-15890
-18375
-16510
-10954
-6161
-7659
-14789
-19852
-17692
-12545
-11589
-15039
-17426
-16334
-14461
-14025
-14221
-14225
-14455
-14513
-13549
-12741
-13829
-15217
-13430
-8845
-6073
-7607
-10482
-10606
-7607
-4073
-2206
-2373
-3242
-2701
-26
2763
3146
1299
-533
-1139
-947
-315
597
1005
516
198
855
1477
1231
1293
2558
3457
2625
1734
2697
3966
2898
220
-1254
-1094
-1175
-2198
-3286
-4114
-4719
-4248
-2460
-1270
-2273
-3926
-3634
-1529
167
408
-101
-620
-847
-568
-42
229
671
1986
3246
2992
2419
4457
9121
12921
13693
12987
12991
14261
16950
20741
23119
21631
18402
18238
21564
23756
22471
20749
21202
22002
20932
19177
18537
18458
18104
17967
17474
14589
9894
7404
8766
9953
6616
129
-4561
-5186
-3776
-3537
-6185
-11105
-15477
-16331
-13864
-11678
-12690
-15851
-17929
-17410
-15594
-14539
-14979
-15985
-16179
-15288
-14470
-14826
-15945
-16502
-15993
-15180
-14949
-15416
-16157
-16721
-16692
-15563
-13161
-10432
-9306
-10782
-13127
-13193
-10051
-6157
-4336
-4838
-5980
-6169
-4576
-1672
47
-1724
-4976
-4551
639
4925
3464
-763
-1500
2004
5405
6274
5616
4009
1636
1079
4372
7880
6102
563
-1602
1381
3299
271
-3298
-2482
632
1611
577
-354
-1921
-4701
-5306
-1451
2450
958
-3538
-4209
-392
2045
452
-1394
-543
1047
1449
2213
4536
6608
7173
7844
9683
11065
11067
11624
14071
16591
17239
16990
17803
19831
21965
23204
22802
21146
20527
22523
25025
24910
22691
20802
18737
14859
11533
12151
13959
11107
4709
1880
4134
5328
2559
-9
-451
-2512
-6458
-6589
-2389
-1897
-8226
-13010
-10437
-7589
-11957
-18148
-17559
-13222
-13496
-17425
-18257
-16434
-17103
-18698
-16143
-12436
-14728
-20586
-20446
-13427
-8870
-11245
-14684
-14487
-13541
-14346
-14105
-11498
-10324
-12428
-13863
-11859
-9520
-9928
-11013
-10004
-8252
-8006
-8232
-6952
-4717
-3052
-1974
-1075
-695
-540
517
2187
2788
2259
2503
4007
4905
4217
3323
3302
3362
2777
2072
1501
622
30
1030
2860
2822
363
-1439
-101
2585
3141
1202
-524
-358
607
907
718
723
679
336
524
1835
3189
3456
3570
4946
6659
6901
6594
8220
11203
12357
11345
11490
14121
16579
17304
18217
20097
20501
18884
18788
21871
24506
23625
21196
19628
17927
15830
15998
18050
16558
9823
4482
5753
9127
7967
3551
922
177
-1039
-1522
-161
-651
-5235
-8683
-6211
-2510
-4612
-10194
-11797
-9018
-7556
-8936
-9968
-10315
-12168
-13990
-12569
-10089
-11554
-16011
-17515
-14521
-11675
-12156
-14118
-15124
-15119
-14498
-13259
-12434
-13153
-14345
-13961
-12100
-10712
-10790
-11623
-12083
-11538
-10316
-9726
-10360
-10631
-8930
-6624
-6257
-7387
-7391
-5860
-4746
-4531
-3761
-2233
-1237
-825
24
955
936
645
1193
1575
415
-969
-405
1411
2025
910
-603
-1723
-2179
-1401
157
613
-533
-1266
-280
1074
1527
1828
2456
2311
1278
1240
3030
4932
5466
5247
5298
5772
6759
8266
9512
10085
10928
12514
13772
14508
16260
18876
19778
18745
19109
21821
23402
22377
21764
22397
20781
16893
15947
18362
17190
10603
6904
10669
14210
10640
5187
4697
5858
3576
1404
3249
3865
-1363
-5930
-2974
1669
-834
-7036
-8001
-4793
-4643
-7197
-6962
-5052
-6585
-9765
-8753
-4907
-4847
-9126
-11927
-10791
-8743
-7945
-7941
-8987
-11403
-13014
-11916
-10131
-10580
-12549
-13458
-12827
-11740
-10836
-10877
-12484
-13947
-12681
-9822
-9341
-11661
-12660
-10263
-7343
-6544
-6712
-6292
-6056
-6460
-5966
-4083
-2971
-4013
-5347
-4720
-2953
-2618
-4361
-6144
-6039
-4626
-3929
-4523
-5039
-4693
-4386
-4485
-3846
-2516
-2620
-4485
-5001
-2630
-643
-1869
-3774
-2943
-1016
-1283
-2559
-1715
395
846
248
1325
3795
5295
5677
6417
7562
8586
10129
12158
13017
12556
13141
15663
17963
18669
18863
19152
19178
19989
22132
22447
18569
14887
16641
20143
17766
11097
8911
12783
15367
13041
9641
7367
4675
3304
6436
9782
5981
-1964
-3615
2055
5056
842
-3960
-4247
-3064
-3116
-2565
-1701
-3780
-7219
-6493
-2230
-1164
-4964
-8093
-7587
-6248
-5688
-4600
-4081
-6580
-9778
-9280
-6585
-6825
-9815
-11001
-9874
-9817
-10992
-10788
-9895
-10875
-12358
-11336
-9402
-10125
-12161
-11470
-8582
-7437
-8478
-8711
-7400
-6522
-6555
-6208
-5422
-5147
-5141
-4674
-4146
-4078
-4103
-4165
-4730
-5154
-4342
-3274
-3873
-5413
-5415
-3922
-3210
-3589
-3448
-2972
-3583
-4170
-2506
-23
-314
-2902
-3522
-1090
661
-395
-1493
-75
1985
1953
902
1673
4051
5298
4818
5065
7238
9123
8885
8361
9885
12099
12538
12424
14273
16347
15292
13168
14749
18208
16855
11053
8970
12972
15211
10913
6211
7147
10121
9766
7746
6918
5047
1378
1172
6110
8435
2906
-3330
-1749
3986
4946
1065
-1347
-901
-511
60
2213
2920
-613
-4280
-2777
1370
1745
-2014
-5014
-5080
-3735
-1884
-137
-814
-4455
-6976
-5081
-1767
-1914
-5103
-7244
-6882
-5740
-5109
-5381
-7137
-9608
-10136
-7965
-6236
-7506
-9700
-9447
-7203
-5990
-6655
-7452
-7293
-6701
-6041
-5143
-4557
-5232
-6695
-7115
-5729
-4122
-4269
-5969
-7211
-6789
-5451
-4461
-4274
-4880
-5994
-6433
-5009
-2799
-2567
-4737
-6105
-4287
-1343
-684
-2206
-3117
-2224
-681
528
1337
1503
1007
990
2358
4075
4598
4280
4616
5808
6785
7136
7430
7936
8372
8825
9807
11298
12428
12389
11469
10856
11147
11355
10212
8239
7235
7554
7515
6024
4130
3338
3818
4754
5012
3458
467
-1177
585
3413
3119
-278
-2577
-1627
240
505
-565
-1871
-2799
-2160
578
2869
1757
-1134
-1493
1009
2559
1652
705
1065
1412
1522
2642
3745
2384
-290
-455
1977
2938
789
-1605
-2143
-2051
-2391
-2503
-2694
-4281
-6340
-6355
-4597
-4011
-5344
-6143
-5057
-3662
-3458
-3975
-4392
-4582
-4379
-3690
-3223
-3605
-4380
-5017
-5694
-6184
-5713
-4879
-5556
-7808
-9255
-8578
-7208
-6657
-6753
-7215
-8069
-8037
-5762
-3038
-3144
-5478
-5890
-3071
-391
-317
-1252
-1232
-741
-382
550
1755
1636
536
903
3184
4851
4478
3636
3868
4814
6014
7671
9017
8792
7757
8049
9822
11156
11268
11096
10861
9829
8343
7485
6969
5906
4979
5139
5046
2938
267
-72
1392
1316
-1084
-3077
-3127
-2872
-3570
-4126
-3810
-3789
-4536
-4631
-3630
-3321
-4346
-4402
-2033
357
35
-1627
-1423
609
1793
1525
1697
2731
2917
2064
2264
4078
5238
4467
3550
3992
4478
3584
2403
2299
2330
1242
12
-16
234
-714
-2012
-1894
-781
-505
-1253
-1612
-1086
-490
-201
97
227
-364
-1403
-1944
-1664
-1162
-1174
-2012
-3360
-4304
-4196
-3719
-4237
-5898
-7373
-7682
-7264
-7003
-7242
-7895
-8554
-8474
-7458
-6590
-6904
-7667
-7369
-6088
-5217
-5048
-4414
-2893
-1574
-1205
-1079
-306
1009
2305
3306
3942
4348
5069
6401
7550
7514
6784
6988
8604
10194
10406
9755
9635
10315
10777
10199
8732
6966
5419
4523
4365
4321
3651
2550
1753
1105
-311
-2353
-3576
-3464
-3403
-4485
-5911
-6734
-7526
-8830
-9626
-9165
-8681
-9270
-9656
-8324
-6342
-5580
-5540
-4573
-2964
-2078
-1653
-619
519
847
1350
3181
4906
4574
3364
3877
5709
6159
4763
3733
4135
4755
4700
4340
3681
2427
1502
2091
3347
3478
2820
3302
5017
5958
5350
4725
5226
6038
6186
5979
5830
5268
3989
2700
2058
1691
973
-54
-1154
-2473
-3923
-4738
-4558
-4432
-5634
-7747
-9076
-8999
-8643
-8959
-9442
-9393
-9192
-9368
-9482
-9001
-8369
-8081
-7601
-6364
-4954
-4087
-3323
-2062
-818
-129
736
2464
4167
4823
5202
6554
8372
9346
9667
10449
11622
12301
12573
13055
13324
12542
11033
9688
8535
7346
6706
6834
6365
4093
1111
-577
-878
-1354
-2773
-4516
-5968
-7098
-7977
-8850
-10214
-11959
-13069
-12982
-12511
-12618
-13049
-12942
-12068
-10803
-9538
-8662
-8443
-8512
-8092
-6996
-5729
-4620
-3607
-2776
-2224
-1567
-545
250
285
284
1284
2871
3694
3491
3268
3661
4322
4827
5087
5054
4972
5585
7104
8426
8471
7863
8131
9512
10736
10877
10350
10017
10133
10387
10394
9973
9228
8471
7897
7360
6593
5579
4652
4113
3716
2762
964
-1025
-2409
-3294
-4322
-5586
-6763
-7963
-9409
-10619
-11078
-11330
-12056
-12552
-11757
-10335
-9827
-10089
-9608
-8068
-6509
-5205
-3615
-2097
-1367
-596
1482
3982
5036
5090
6181
8306
9570
9722
10299
11324
11098
9446
8144
7875
7618
7092
6936
6541
4691
2259
1277
1420
496
-1659
-2929
-2698
-2797
-4366
-6486
-8228
-9581
-10240
-9844
-9417
-10269
-11596
-11428
-9790
-8627
-8729
-8948
-8453
-7730
-7233
-6751
-6210
-5751
-5121
-4113
-3311
-3327
-3700
-3481
-2541
-1560
-1102
-1205
-1467
-1311
-678
-346
-842
-1372
-847
466
1497
2032
2571
3146
3678
4746
6555
7997
8268
8417
9624
11076
11424
11120
11353
11803
11537
11013
11152
11472
11091
10473
10315
9953
8660
7224
6502
5818
4497
3353
2972
2227
269
-1740
-2606
-3018
-3874
-4591
-4705
-5114
-6147
-6465
-5538
-4953
-5623
-5999
-4890
-3678
-3760
-4031
-3021
-1437
-531
134
1289
2168
2153
2475
4205
6078
6268
5065
4025
3603
3283
3038
3062
2809
1695
160
-974
-1684
-2519
-3694
-4961
-5959
-6443
-6641
-7351
-9045
-11000
-12064
-12087
-11807
-11667
-11620
-11640
-11475
-10427
-8447
-6878
-6823
-7348
-6699
-4851
-3325
-2802
-2495
-1847
-1242
-901
-486
-7
117
90
610
1474
1591
705
-91
-65
96
-399
-1123
-1235
-782
-361
-117
140
377
653
1438
2821
3953
4136
3968
4461
5530
6330
6664
6960
7259
7382
7727
8693
9614
9628
9257
9693
10728
10986
10118
9149
8673
8284
7859
7724
7448
6206
4483
3681
3830
3455
2057
857
653
676
187
-427
-742
-996
-1139
-614
395
866
566
530
1443
2725
3636
4160
4467
4573
4760
5347
5880
5466
4105
2783
2175
2033
1763
936
-635
-2643
-4285
-5162
-5851
-7096
-8785
-10257
-11185
-11730
-12281
-13321
-14978
-16493
-16880
-16244
-15687
-15808
-16150
-16114
-15491
-14164
-12361
-11003
-10654
-10396
-9003
-6869
-5342
-4545
-3478
-1975
-847
-246
450
1302
1864
2345
3172
3792
3475
2837
2949
3386
2921
1709
1049
1296
1621
1558
1306
926
526
735
1728
2498
2332
2108
2865
4063
4654
4849
5389
6075
6455
7006
8189
9283
9533
9519
10071
10808
11053
11157
11594
11698
10728
9358
8749
8780
8439
7432
6308
5385
4518
3684
3040
2582
2159
1700
1226
824
627
633
718
971
1618
2380
2609
2358
2481
3254
3955
4269
4887
5975
6430
5576
4350
3792
3628
3311
3127
3115
2316
349
-1558
-2372
-2869
-4167
-5870
-7015
-7777
-8904
-10355
-11718
-13103
-14577
-15570
-15787
-15900
-16491
-17109
-17104
-16570
-15830
-14854
-13720
-12818
-12099
-10996
-9418
-7958
-6881
-5793
-4538
-3460
-2663
-1909
-1300
-1094
-916
-164
840
1162
685
189
91
84
-64
-260
-505
-757
-621
27
501
218
-259
20
1033
2007
2594
2974
3282
3684
4543
5777
6654
6875
7199
8278
9617
10429
10817
11308
11895
12344
12792
13275
13287
12547
11616
11114
10864
10418
9787
9114
8218
7071
6130
5663
5245
4452
3536
2988
2865
2893
2856
2608
2140
1790
1940
2394
2549
2278
2139
2561
3266
3613
3170
1974
589
-150
77
632
602
-187
-1212
-2099
-2931
-3839
-4754
-5560
-6173
-6577
-7020
-7975
-9607
-11422
-12730
-13313
-13445
-13480
-13629
-13895
-14033
-13727
-12995
-12204
-11615
-11116
-10474
-9624
-8628
-7587
-6647
-5918
-5343
-4824
-4381
-4006
-3501
-2744
-2000
-1666
-1777
-2026
-2173
-2184
-2102
-2020
-2064
-2186
-2099
-1657
-1148
-930
-925
-707
-66
744
1276
1322
1089
1029
1422
2099
2659
2928
3150
3718
4784
6083
7140
7754
8241
9051
10169
11166
11771
12034
11961
11497
10907
10671
10831
10939
10744
10448
10183
9813
9378
9120
8981
8674
8331
8398
8783
8847
8382
7854
7571
7340
7093
7034
7046
6773
6335
6107
5756
4514
2507
805
-54
-598
-1329
-2139
-3009
-4246
-5735
-6922
-7750
-8663
-9584
-9962
-9989
-10647
-12217
-13816
-14709
-15113
-15403
-15521
-15507
-15673
-15906
-15616
-14691
-13724
-13058
-12348
-11337
-10308
-9536
-8920
-8302
-7616
-6677
-5420
-4288
-3760
-3613
-3239
-2574
-2032
-1714
-1371
-998
-767
-560
-204
47
-55
-126
358
1183
1760
2084
2605
3362
3990
4422
4839
5130
5106
5070
5462
6086
6394
6418
6701
7380
8003
8276
8407
8670
9079
9523
9855
9849
9436
8902
8578
8397
8055
7491
6907
6446
6109
5904
5797
5635
5357
5150
5172
5285
5273
5182
5238
5507
5848
6092
6142
5995
5817
5860
6152
6362
6102
5289
4107
2798
1595
699
100
-505
-1434
-2690
-4009
-5197
-6254
-7220
-8050
-8686
-9161
-9619
-10266
-11224
-12360
-13307
-13787
-13895
-13946
-14109
-14270
-14245
-13949
-13396
-12709
-12118
-11768
-11487
-10946
-10096
-9216
-8505
-7831
-7020
-6172
-5523
-5148
-4897
-4553
-3988
-3311
-2858
-2832
-2998
-2933
-2562
-2165
-1902
-1633
-1210
-636
104
1029
1991
2834
3699
4804
5942
6666
6956
7259
7860
8639
9448
10248
10884
11215
11477
12008
12669
13044
13186
13509
13968
14021
13498
12867
12492
12213
11794
11253
10625
9872
9139
8640
8269
7730
7044
6482
6075
5624
5117
4671
4221
3694
3319
3268
3225
2824
2286
2100
2231
2236
1893
1243
255
-1001
-2110
-2790
-3342
-4162
-5144
-6042
-7027
-8287
-9485
-10207
-10634
-11163
-11715
-12034
-12334
-12998
-13889
-14554
-14899
-15137
-15286
-15226
-15042
-14867
-14574
-14008
-13287
-12566
-11760
-10813
-9928
-9211
-8422
-7388
-6340
-5541
-4882
-4159
-3484
-3080
-2907
-2745
-2493
-2170
-1808
-1473
-1223
-1019
-775
-548
-449
-369
-63
529
1232
1901
2511
3042
3464
3834
4256
4769
5381
6098
6851
7539
8191
8929
9710
10373
10945
11619
12382
12981
13345
13672
14031
14225
14182
14111
14142
14122
13880
13453
12964
12518
12203
11977
11581
10869
10097
9590
9258
8770
8111
7551
7185
6852
6454
6038
5599
5103
4617
4161
3573
2727
1723
686
-415
-1560
-2581
-3452
-4387
-5470
-6504
-7404
-8374
-9513
-10576
-11386
-12112
-12964
-13913
-14880
-15897
-16915
-17754
-18359
-18817
-19093
-19072
-18834
-18545
-18113
-17339
-16359
-15506
-14777
-13871
-12735
-11635
-10717
-9854
-8970
-8114
-7294
-6503
-5827
-5263
-4602
-3772
-3041
-2595
-2199
-1584
-889
-374
16
459
924
1334
1812
2415
2968
3401
3945
4711
5427
5838
6077
6408
6913
7594
8424
9164
9547
9736
10202
11013
11725
12066
12273
12605
12993
13283
13450
13442
13186
12822
12577
12387
12034
11578
11249
11022
10696
10299
10009
9774
9435
9110
9008
9007
8829
8509
8258
8055
7743
7370
7041
6642
6040
5347
4670
3870
2869
1901
1128
304
-835
-2166
-3439
-4618
-5703
-6580
-7343
-8344
-9677
-10959
-11894
-12671
-13563
-14536
-15442
-16248
-16876
-17216
-17398
-17670
-17929
-17796
-17246
-16674
-16274
-15831
-15168
-14355
-13432
-12391
-11438
-10827
-10416
-9830
-9029
-8270
-7609
-6876
-6075
-5342
-4614
-3783
-3006
-2464
-1972
-1249
-387
347
967
1618
2238
2748
3326
4110
4899
5507
6135
7002
7946
8708
9344
10011
10656
11188
11647
11988
12052
11924
11963
12261
12495
12477
12425
12474
12434
12179
11884
11677
11457
11182
10926
10592
9967
9142
8437
7903
7297
6575
5952
5518
5175
4943
4891
4834
4531
4098
3788
3511
2990
2277
1657
1166
600
-98
-845
-1674
-2609
-3481
-4144
-4724
-5349
-5917
-6373
-6925
-7698
-8472
-9071
-9668
-10412
-11092
-11484
-11726
-12027
-12330
-12481
-12491
-12402
-12185
-11918
-11783
-11745
-11584
-11295
-11102
-10991
-10664
-10059
-9480
-9116
-8794
-8316
-7671
-6846
-5809
-4733
-3890
-3279
-2661
-1967
-1341
-820
-290
280
849
1481
2205
2870
3410
4075
5084
6206
7061
7669
8340
9150
9890
10411
10729
10877
10900
10888
10844
10672
10432
10360
10485
10509
10255
9933
9786
9730
9591
9410
9279
9130
8870
8556
8244
7865
7378
6852
6337
5824
5372
5046
4726
4231
3610
3068
2612
2054
1358
672
44
-639
-1412
-2180
-2933
-3758
-4645
-5495
-6303
-7155
-8068
-8985
-9866
-10638
-11195
-11596
-12091
-12789
-13436
-13751
-13815
-13878
-13951
-13821
-13408
-12860
-12348
-11928
-11553
-11125
-10591
-10030
-9567
-9170
-8687
-8099
-7557
-7116
-6672
-6170
-5673
-5162
-4477
-3560
-2581
-1716
-940
-136
722
1557
2278
2864
3424
4141
5038
5915
6599
7202
7951
8849
9699
10417
11115
11894
12735
13589
14417
15119
15574
15782
15870
15950
16014
15959
15699
15278
14857
14523
14130
13440
12467
11502
10746
10070
9250
8306
7448
6763
6096
5252
4230
3218
2372
1644
852
-75
-999
-1778
-2482
-3271
-4139
-4923
-5545
-6110
-6717
-7311
-7786
-8156
-8531
-8973
-9447
-9903
-10358
-10869
-11428
-11935
-12327
-12669
-13070
-13524
-13922
-14213
-14449
-14655
-14758
-14706
-14569
-14460
-14368
-14167
-13775
-13264
-12778
-12343
-11803
-11006
-10023
-9080
-8275
-7467
-6511
-5498
-4617
-3868
-3046
-2022
-907
93
928
1722
2603
3555
4464
5289
6110
6983
7835
8562
9177
9772
10348
10813
11147
11439
11761
12075
12340
12603
12944
13355
13746
14033
14220
14388
14596
14794
14863
14764
14592
14417
14182
13816
13368
12936
12498
11934
11219
10461
9749
9034
8226
7320
6396
5511
4610
3595
2452
1288
207
-823
-1880
-2944
-3906
-4749
-5579
-6477
-7377
-8178
-8873
-9533
-10184
-10778
-11261
-11645
-12007
-12409
-12822
-13134
-13289
-13353
-13412
-13448
-13401
-13295
-13215
-13164
-13056
-12852
-12609
-12383
-12160
-11886
-11559
-11222
-10915
-10634
-10324
-9926
-9434
-8890
-8326
-7742
-7153
-6583
-6003
-5350
-4628
-3911
-3232
-2514
-1696
-833
-29
703
1432
2222
3079
3960
4808
5610
6433
7336
8263
9096
9808
10489
11198
11876
12452
12949
13412
13831
14171
14421
14596
14697
14739
14755
14740
14645
14437
14126
13739
13294
12810
12298
11730
11075
10359
9633
8893
8101
7250
6371
5480
4572
3670
2800
1923
988
22
-889
-1723
-2540
-3383
-4232
-5050
-5812
-6496
-7105
-7686
-8274
-8810
-9224
-9555
-9914
-10322
-10698
-10972
-11155
-11289
-11394
-11478
-11535
-11521
-11408
-11237
-11071
-10914
-10710
-10424
-10067
-9661
-9222
-8756
-8242
-7665
-7059
-6494
-5989
-5469
-4877
-4236
-3601
-2985
-2375
-1777
-1193
-612
-52
448
893
1337
1801
2235
2589
2881
3153
3415
3664
3894
4070
4155
4179
4236
4373
4539
4677
4798
4958
5183
5441
5672
5838
5961
6110
6323
6560
6759
6915
7064
7221
7371
7490
7565
7586
7560
7514
7449
7339
7156
6910
6608
6236
5787
5277
4721
4117
3482
2858
2256
1636
971
290
-357
-966
-1567
-2169
-2757
-3306
-3818
-4303
-4760
-5185
-5570
-5904
-6177
-6376
-6501
-6581
-6651
-6712
-6736
-6704
-6635
-6552
-6463
-6357
-6223
-6064
-5896
-5743
-5610
-5468
-5283
-5055
-4812
-4555
-4257
-3911
-3561
-3253
-2980
-2689
-2359
-2023
-1715
-1416
-1072
-662
-213
234
661
1065
1449
1835
2239
2644
3009
3322
3619
3939
4268
4555
4762
4891
4977
5062
5157
5223
5211
5137
5073
5054
5030
4930
4744
4527
4319
4106
3855
3557
3239
2946
2697
2483
2286
2089
1882
1655
1429
1231
1055
853
613
381
206
66
-90
-265
-435
-601
-776
-957
-1136
-1328
-1541
-1758
-1961
-2166
-2393
-2636
-2892
-3176
-3488
-3786
-4039
-4269
-4498
-4703
-4851
-4956
-5065
-5185
-5278
-5305
-5263
-5194
-5134
-5064
-4915
-4653
-4331
-4018
-3709
-3345
-2909
-2431
-1938
-1443
-962
-489
14
563
1091
1529
1898
2268
2657
3024
3345
3621
3859
4075
4300
4532
4703
4761
4751
4753
4758
4702
4572
4421
4301
4221
4168
4122
4066
3995
3927
3865
3796
3716
3639
3561
3472
3391
3351
3328
3264
3153
3038
2934
2810
2649
2462
2255
2018
1777
1557
1325
1016
633
244
-119
-502
-945
-1424
-1877
-2268
-2597
-2905
-3230
-3565
-3855
-4077
-4275
-4495
-4725
-4924
-5074
-5181
-5248
-5292
-5332
-5348
-5293
-5175
-5078
-5043
-5021
-4946
-4837
-4742
-4673
-4620
-4578
-4527
-4432
-4304
-4210
-4171
-4126
-4018
-3874
-3745
-3627
-3479
-3283
-3042
-2766
-2469
-2176
-1893
-1584
-1224
-825
-414
0
430
892
1385
1878
2337
2768
3211
3681
4131
4520
4867
5203
5525
5809
6050
6244
6375
6446
6501
6571
6616
6594
6515
6422
6326
6206
6052
5865
5640
5390
5148
4927
4708
4472
4237
4021
3811
3590
3360
3125
2880
2632
2406
2203
1993
1757
1520
1306
1095
854
574
268
-52
-375
-692
-1007
-1338
-1690
-2037
-2356
-2657
-2965
-3307
-3680
-4056
-4401
-4708
-5001
-5296
-5575
-5797
-5948
-6053
-6149
-6250
-6336
-6381
-6381
-6362
-6346
-6306
-6189
-5978
-5725
-5495
-5290
-5062
-4776
-4444
-4118
-3827
-3555
-3249
-2881
-2477
-2095
-1758
-1434
-1088
-721
-366
-48
232
496
769
1064
1367
1641
1870
2077
2294
2530
2749
2912
3012
3093
3206
3353
3489
3572
3613
3663
3751
3845
3892
3872
3815
3768
3751
3742
3705
3626
3524
3426
3341
3258
3156
3027
2876
2717
2572
2447
2312
2134
1918
1714
1558
1423
1255
1048
854
715
611
490
334
170
39
-54
-133
-221
-320
-413
-481
-513
-522
-538
-575
-622
-653
-654
-636
-628
-647
-679
-693
-669
-638
-646
-699
-752
-771
-781
-833
-934
-1037
-1101
-1135
-1173
-1231
-1300
-1370
-1431
-1475
-1507
-1548
-1606
-1662
-1677
-1645
-1591
-1546
-1504
-1434
-1324
-1200
-1091
-998
-893
-763
-625
-492
-356
-207
-53
86
206
313
403
461
487
502
524
540
527
486
440
393
320
211
88
-26
-141
-280
-430
-560
-672
-790
-913
-1009
-1068
-1122
-1190
-1249
-1272
-1265
-1254
-1238
-1210
-1163
-1093
-984
-847
-723
-629
-532
-403
-268
-165
-80
22
148
257
329
382
434
491
547
604
654
681
684
689
717
760
790
795
807
867
969
1067
1132
1188
1273
1389
1514
1641
1770
1899
2027
2159
2294
2408
2491
2562
2636
2698
2726
2723
2703
2667
2617
2555
2477
2363
2211
2054
1908
1755
1579
1385
1188
986
787
618
481
347
193
44
-75
-173
-262
-341
-410
-475
-543
-598
-641
-697
-776
-849
-896
-948
-1042
-1169
-1297
-1414
-1532
-1668
-1832
-2023
-2231
-2443
-2649
-2850
-3051
-3249
-3439
-3610
-3755
-3883
-4012
-4131
-4209
-4230
-4223
-4212
-4177
-4088
-3954
-3804
-3645
-3457
-3237
-2994
-2736
-2462
-2175
-1874
-1563
-1258
-973
-693
-390
-74
208
447
675
907
1119
1299
1483
1688
1888
2050
2185
2322
2462
2592
2707
2809
2900
2991
3090
3188
3270
3345
3420
3491
3542
3586
3628
3655
3651
3629
3607
3568
3491
3396
3313
3224
3091
2920
2749
2582
2401
2203
2009
1813
1596
1370
1165
982
799
610
428
252
81
-65
-170
-253
-349
-450
-524
-573
-621
-673
-710
-726
-738
-762
-800
-847
-890
-924
-957
-1010
-1085
-1170
-1259
-1361
-1470
-1569
-1663
-1782
-1929
-2068
-2183
-2294
-2425
-2562
-2682
-2778
-2856
-2917
-2969
-3020
-3062
-3068
-3040
-3002
-2962
-2900
-2809
-2703
-2596
-2478
-2341
-2194
-2044
-1879
-1693
-1501
-1309
-1114
-917
-734
-559
-371
-165
30
199
362
540
722
882
1024
1171
1325
1466
1588
1704
1819
1923
2017
2111
2199
2258
2281
2292
2312
2328
2320
2294
2267
2232
2174
2097
2016
1930
1826
1706
1589
1475
1352
1217
1092
985
881
761
639
532
445
365
284
210
152
112
86
61
37
23
24
30
31
21
17
30
53
70
68
57
59
74
89
85
59
19
-26
-66
-97
-127
-174
-234
-284
-322
-371
-447
-528
-584
-630
-695
-773
-840
-887
-923
-959
-1002
-1060
-1126
-1178
-1207
-1231
-1269
-1295
-1296
-1288
-1292
-1293
-1267
-1232
-1216
-1207
-1169
-1099
-1027
-969
-908
-830
-736
-634
-526
-420
-315
-207
-94
9
103
206
326
446
546
627
698
758
808
856
904
931
929
924
937
945
914
850
781
726
676
619
549
465
368
264
170
90
18
-50
-115
-172
-226
-281
-333
-371
-390
-402
-424
-453
-467
-448
-411
-382
-367
-352
-319
-267
-204
-148
-107
-80
-45
10
73
119
151
189
249
313
364
406
471
565
653
704
722
746
796
865
926
973
1015
1067
1128
1170
1180
1172
1180
1203
1209
1176
1126
1084
1049
1001
932
849
753
660
592
538
455
331
210
131
71
-11
-106
-178
-231
-288
-344
-378
-395
-419
-443
-443
-430
-430
-437
-427
-407
-407
-420
-413
-385
-367
-372
-389
-407
-437
-471
-496
-519
-552
-594
-630
-672
-735
-807
-864
-913
-981
-1059
-1119
-1154
-1195
-1252
-1307
-1342
-1367
-1394
-1416
-1432
-1448
-1466
-1479
-1482
-1479
-1470
-1451
-1422
-1390
-1354
-1310
-1260
-1216
-1174
-1122
-1048
-962
-878
-801
-725
-642
-550
-452
-354
-248
-130
-4
119
235
359
504
657
794
914
1035
1175
1325
1460
1573
1676
1784
1905
2032
2144
2231
2295
2357
2423
2481
2515
2526
2528
2527
2514
2482
2432
2374
2314
2255
2183
2091
1986
1879
1774
1659
1537
1421
1305
1173
1027
887
763
640
503
361
226
89
-48
-175
-284
-400
-535
-675
-797
-906
-1018
-1135
-1251
-1370
-1488
-1588
-1664
-1743
-1840
-1929
-1986
-2026
-2082
-2150
-2205
-2237
-2260
-2278
-2287
-2293
-2304
-2314
-2305
-2280
-2253
-2223
-2184
-2132
-2076
-2024
-1973
-1915
-1852
-1785
-1721
-1656
-1577
-1475
-1364
-1261
-1170
-1082
-985
-881
-769
-653
-535
-416
-287
-153
-29
90
216
359
503
635
763
896
1031
1164
1298
1436
1570
1698
1830
1963
2081
2180
2278
2395
2513
2608
2678
2749
2827
2898
2951
2992
3024
3046
3050
3043
3032
3014
2978
2923
2858
2785
2699
2597
2481
2350
2201
2035
1868
1704
1525
1321
1117
934
753
537
290
48
-169
-375
-590
-817
-1048
-1272
-1479
-1665
-1842
-2022
-2195
-2347
-2483
-2618
-2747
-2856
-2937
-2998
-3046
-3090
-3136
-3172
-3176
-3144
-3100
-3062
-3014
-2938
-2843
-2743
-2630
-2500
-2369
-2254
-2138
-1996
-1838
-1688
-1544
-1388
-1222
-1062
-915
-769
-616
-456
-303
-167
-46
75
204
326
427
512
607
710
798
864
931
1014
1097
1160
1205
1245
1291
1336
1370
1391
1411
1442
1484
1522
1549
1573
1604
1635
1658
1671
1679
1684
1690
1700
1709
1712
1714
1720
1721
1708
1687
1672
1654
1617
1570
1533
1500
1445
1364
1285
1217
1140
1042
933
826
717
605
495
386
267
133
-11
-157
-296
-429
-559
-694
-832
-959
-1074
-1193
-1317
-1427
-1512
-1591
-1677
-1760
-1827
-1880
-1921
-1944
-1952
-1960
-1972
-1969
-1943
-1903
-1861
-1809
-1737
-1652
-1559
-1454
-1345
-1245
-1155
-1053
-936
-821
-709
-580
-431
-293
-182
-74
51
181
297
405
513
607
678
740
808
872
920
966
1020
1068
1093
1106
1123
1140
1140
1127
1114
1098
1068
1024
979
941
903
858
809
756
705
655
600
543
487
442
404
356
290
219
160
118
79
29
-27
-81
-124
-159
-192
-229
-276
-325
-362
-387
-410
-440
-477
-515
-544
-567
-584
-607
-643
-682
-702
-700
-699
-719
-750
-765
-756
-740
-730
-726
-723
-716
-707
-694
-676
-645
-595
-539
-501
-480
-447
-381
-303
-242
-198
-144
-72
-3
56
122
200
279
348
419
498
578
642
692
737
793
859
929
981
1009
1028
1059
1099
1126
1131
1131
1139
1148
1145
1135
1123
1099
1070
1044
1021
978
909
841
793
748
685
612
552
507
454
384
308
230
149
68
-4
-69
-135
-204
-273
-343
-414
-485
-556
-633
-711
-774
-819
-869
-940
-1006
-1045
-1079
-1132
-1203
-1259
-1300
-1338
-1376
-1404
-1428
-1456
-1480
-1488
-1493
-1515
-1541
-1545
-1529
-1511
-1494
-1466
-1427
-1389
-1353
-1304
-1241
-1173
-1106
-1032
-954
-874
-796
-711
-615
-503
-382
-259
-141
-22
106
232
347
460
584
714
834
945
1063
1182
1283
1371
1461
1555
1639
1711
1785
1859
1915
1950
1979
2013
2046
2068
2074
2058
2028
1998
1971
1933
1878
1828
1792
1749
1674
1581
1491
1410
1326
1239
1151
1055
951
848
752
653
554
466
383
280
159
49
-36
-123
-225
-322
-398
-469
-552
-630
-690
-751
-837
-934
-1018
-1087
-1146
-1195
-1233
-1277
-1337
-1401
-1452
-1492
-1532
-1574
-1620
-1671
-1714
-1733
-1731
-1736
-1755
-1774
-1779
-1783
-1793
-1799
-1783
-1751
-1722
-1698
-1675
-1648
-1612
-1561
-1496
-1424
-1353
-1276
-1195
-1118
-1041
-953
-842
-721
-611
-514
-416
-305
-185
-62
59
180
301
424
545
661
773
894
1025
1142
1232
1310
1400
1501
1593
1674
1746
1806
1844
1879
1937
2004
2036
2025
2008
2015
2028
2022
2004
1983
1957
1919
1871
1811
1736
1659
1595
1533
1441
1330
1238
1173
1095
979
851
741
652
572
491
392
262
118
-5
-102
-192
-291
-390
-488
-590
-692
-783
-861
-936
-1008
-1081
-1164
-1251
-1321
-1366
-1409
-1469
-1523
-1552
-1576
-1618
-1663
-1684
-1691
-1705
-1716
-1705
-1687
-1678
-1666
-1637
-1604
-1587
-1567
-1521
-1459
-1403
-1350
-1289
-1223
-1156
-1082
-997
-911
-829
-748
-662
-576
-482
-372
-264
-173
-83
29
149
245
334
443
554
632
690
779
900
1008
1078
1128
1176
1232
1305
1390
1452
1476
1497
1543
1581
1577
1566
1584
1604
1583
1543
1526
1514
1464
1397
1355
1319
1251
1174
1133
1106
1031
908
798
726
659
575
484
395
307
228
164
87
-19
-126
-202
-253
-316
-399
-485
-567
-640
-688
-717
-757
-821
-879
-908
-932
-987
-1057
-1099
-1097
-1079
-1079
-1103
-1129
-1135
-1116
-1098
-1105
-1124
-1121
-1088
-1049
-1025
-1014
-1001
-973
-929
-878
-836
-801
-755
-697
-645
-607
-565
-504
-436
-370
-297
-216
-145
-94
-44
29
111
182
246
311
376
431
482
540
602
659
713
771
833
888
934
974
1010
1036
1048
1053
1065
1088
1107
1105
1085
1063
1040
1013
987
966
937
882
815
761
723
674
602
520
440
359
285
221
152
67
-19
-83
-143
-226
-325
-406
-465
-527
-596
-655
-705
-765
-821
-850
-862
-894
-940
-960
-942
-932
-950
-967
-954
-923
-901
-887
-863
-828
-795
-765
-721
-658
-588
-534
-495
-455
-400
-341
-290
-241
-180
-120
-75
-38
11
64
100
123
164
230
292
334
372
414
445
462
480
513
547
568
580
590
603
625
656
685
700
708
725
748
761
757
755
763
771
768
757
742
734
734
733
714
678
646
628
611
578
543
515
486
435
374
320
282
247
197
126
43
-39
-103
-149
-190
-241
-301
-365
-433
-502
-567
-622
-670
-714
-754
-793
-838
-889
-941
-980
-1002
-1014
-1030
-1058
-1086
-1102
-1102
-1095
-1087
-1081
-1073
-1055
-1019
-968
-925
-904
-886
-851
-795
-733
-673
-613
-557
-507
-452
-389
-328
-275
-218
-143
-67
-2
57
124
190
244
301
376
456
517
557
595
639
687
738
788
826
851
877
916
950
969
982
999
1011
1014
1026
1053
1073
1063
1040
1033
1039
1032
1010
992
985
975
954
924
889
851
817
786
750
703
645
577
500
424
361
312
262
197
124
53
-7
-65
-136
-219
-300
-364
-411
-465
-539
-626
-709
-786
-864
-938
-990
-1012
-1019
-1045
-1098
-1149
-1163
-1148
-1144
-1175
-1215
-1230
-1219
-1203
-1185
-1154
-1115
-1086
-1060
-1023
-976
-932
-894
-848
-793
-750
-710
-652
-572
-493
-434
-386
-330
-269
-212
-149
-73
2
58
98
140
199
269
340
411
475
527
563
591
625
672
722
765
798
821
839
858
884
915
940
956
971
982
980
967
959
970
976
953
909
879
876
877
853
803
750
710
680
646
609
567
527
487
440
385
324
268
223
187
148
95
29
-30
-77
-122
-178
-231
-267
-295
-335
-383
-422
-455
-498
-546
-580
-596
-617
-650
-684
-709
-734
-758
-768
-763
-766
-781
-790
-781
-771
-764
-748
-722
-709
-718
-708
-655
-589
-558
-557
-544
-501
-451
-412
-381
-357
-337
-309
-263
-212
-173
-138
-87
-32
-2
-1
8
50
103
141
164
188
216
237
245
250
258
276
301
320
323
317
319
333
344
344
350
363
372
366
357
362
371
368
349
334
339
355
361
355
347
344
334
309
274
247
230
211
188
173
168
158
135
110
101
100
87
60
35
26
28
23
2
-29
-57
-71
-77
-93
-114
-123
-120
-121
-137
-146
-132
-107
-98
-106
-114
-114
-116
-120
-112
-92
-80
-85
-90
-84
-75
-76
-80
-73
-62
-63
-68
-63
-51
-52
-67
-70
-53
-34
-33
-38
-34
-25
-28
-37
-32
-12
7
10
0
-9
-12
-13
-10
-1
3
0
-9
-14
-14
-19
-35
-49
-50
-42
-41
-53
-65
-66
-63
-62
-64
-66
-75
-90
-101
-99
-95
-97
-99
-96
-93
-92
-86
-74
-72
-83
-90
-77
-56
-48
-51
-50
-41
-32
-24
-19
-18
-15
5
32
47
49
57
76
83
67
54
63
82
98
115
132
130
109
100
116
128
114
105
127
157
160
153
166
186
180
157
153
173
189
192
195
195
179
161
164
183
187
173
164
162
145
112
97
114
140
149
143
133
115
95
89
95
85
47
12
15
38
37
9
-16
-23
-28
-40
-44
-41
-53
-91
-124
-124
-110
-120
-154
-172
-160
-150
-172
-205
-208
-185
-175
-196
-221
-223
-212
-213
-227
-235
-234
-236
-247
-257
-267
-284
-301
-306
-300
-297
-304
-303
-285
-262
-252
-252
-249
-242
-231
-214
-194
-182
-183
-185
-174
-157
-142
-129
-114
-104
-98
-79
-46
-18
-12
-5
26
70
96
102
115
137
149
141
141
163
192
206
208
218
241
262
267
259
255
266
286
296
291
289
305
328
333
317
307
320
335
323
295
290
314
330
318
298
296
301
287
261
250
252
242
212
188
186
184
156
114
88
85
86
69
34
-3
-29
-46
-64
-82
-86
-81
-85
-114
-153
-178
-186
-192
-199
-198
-193
-198
-217
-236
-244
-250
-262
-276
-279
-269
-259
-261
-270
-272
-269
-275
-291
-295
-281
-277
-297
-315
-299
-261
-241
-242
-231
-202
-182
-184
-189
-186
-181
-170
-144
-114
-105
-110
-101
-71
-47
-40
-27
0
21
35
62
98
117
114
111
120
124
118
121
142
160
164
167
178
182
178
177
190
201
201
204
218
239
255
263
264
265
270
273
260
237
220
226
236
233
220
216
219
215
202
190
179
162
141
124
111
99
88
79
66
46
26
12
0
-10
-13
-14
-24
-46
-65
-66
-58
-54
-61
-66
-68
-72
-80
-88
-87
-82
-82
-90
-96
-96
-95
-102
-113
-118
-114
-104
-88
-69
-56
-58
-63
-58
-50
-58
-76
-81
-73
-68
-69
-61
-41
-25
-21
-18
-11
-9
-13
-16
-13
-4
9
21
23
11
4
16
24
10
-16
-19
6
30
31
19
9
5
2
-3
-16
-36
-53
-55
-46
-45
-59
-78
-87
-84
-75
-73
-85
-102
-104
-87
-72
-80
-105
-127
-140
-149
-159
-164
-157
-144
-133
-129
-133
-131
-112
-84
-68
-70
-75
-69
-60
-63
-71
-69
-55
-42
-36
-29
-24
-25
-31
-34
-34
-37
-40
-31
-6
23
49
66
73
67
56
57
72
79
70
68
90
114
114
95
90
108
129
140
146
158
178
199
212
204
177
155
162
187
197
184
166
164
174
180
178
167
153
143
136
125
102
81
76
87
94
88
74
62
54
49
39
22
-1
-21
-29
-33
-37
-45
-54
-67
-71
-62
-55
-72
-107
-136
-142
-143
-152
-160
-158
-148
-140
-139
-146
-162
-179
-184
-179
-174
-177
-177
-168
-160
-158
-155
-154
-159
-168
-165
-150
-138
-132
-124
-111
-109
-118
-120
-98
-67
-55
-67
-83
-83
-62
-26
9
31
29
17
21
49
79
92
96
113
143
160
153
146
161
187
196
179
153
135
135
151
170
175
167
172
197
214
204
181
176
179
174
163
165
171
153
121
108
119
120
90
55
46
59
68
59
39
21
8
8
13
16
8
-4
-15
-24
-33
-36
-27
-13
-19
-52
-80
-77
-61
-70
-108
-131
-118
-104
-121
-157
-170
-155
-135
-115
-93
-85
-105
-131
-132
-115
-108
-121
-127
-120
-117
-127
-132
-126
-118
-117
-115
-109
-108
-108
-99
-77
-63
-65
-72
-68
-57
-46
-32
-10
13
22
21
19
21
19
17
29
56
72
55
26
24
55
88
99
96
101
111
116
122
139
158
157
140
125
121
121
122
129
146
159
160
155
152
155
157
152
135
108
88
82
89
94
91
79
64
56
58
63
54
28
1
-10
-8
-12
-29
-44
-48
-50
-63
-85
-99
-93
-82
-81
-90
-103
-111
-114
-116
-117
-121
-127
-131
-136
-145
-154
-153
-146
-138
-135
-130
-125
-123
-121
-112
-99
-94
-99
-99
-87
-76
-75
-78
-79
-79
-83
-82
-76
-74
-77
-69
-48
-28
-27
-38
-36
-15
8
15
9
9
24
47
63
67
67
61
47
34
36
54
67
74
86
103
104
85
71
80
97
106
108
113
111
98
90
97
108
106
92
69
37
11
10
29
37
23
9
8
2
-19
-30
-17
-4
-13
-32
-34
-31
-42
-59
-62
-45
-29
-31
-48
-68
-73
-62
-55
-67
-83
-81
-62
-49
-53
-62
-64
-59
-51
-38
-26
-16
-4
7
3
-18
-33
-24
-7
-7
-19
-30
-36
-38
-27
-2
20
21
14
15
19
20
23
38
60
80
99
102
77
40
32
62
84
72
50
58
91
120
127
123
115
119
141
162
152
116
97
118
151
156
135
116
112
114
111
96
73
62
73
86
76
50
35
28
14
-9
-24
-24
-23
-27
-25
-17
-19
-30
-40
-44
-55
-75
-102
-139
-175
-198
-202
-202
-201
-184
-147
-122
-130
-150
-152
-140
-132
-127
-121
-131
-159
-177
-159
-131
-123
-130
-117
-87
-65
-56
-42
-20
-11
-18
-27
-21
-2
18
29
33
50
88
127
138
133
149
191
210
182
142
140
172
194
186
169
168
186
199
189
158
137
142
164
178
177
173
163
141
123
123
132
120
88
66
61
45
9
-19
-14
6
10
-11
-40
-63
-72
-69
-67
-84
-115
-136
-129
-110
-104
-118
-133
-129
-109
-96
-104
-121
-124
-118
-124
-153
-183
-194
-188
-183
-184
-186
-179
-157
-121
-91
-84
-96
-104
-100
-97
-107
-113
-105
-95
-96
-94
-79
-57
-44
-34
-13
10
15
4
-1
8
26
47
68
79
67
46
44
70
105
128
141
150
150
142
141
159
179
172
144
129
147
172
173
152
135
132
133
133
139
146
140
116
88
71
66
63
58
56
54
48
34
20
10
9
13
13
0
-29
-58
-73
-73
-78
-100
-126
-138
-128
-112
-106
-111
-122
-131
-129
-117
-105
-114
-138
-156
-153
-145
-150
-161
-165
-162
-165
-172
-178
-179
-169
-145
-116
-98
-98
-104
-98
-85
-78
-80
-84
-91
-103
-107
-91
-62
-39
-22
-1
22
36
43
53
72
89
97
94
85
79
81
91
101
113
135
155
159
150
156
180
187
162
132
131
150
153
133
111
101
102
103
99
86
68
56
61
72
72
53
26
3
-7
-10
-15
-31
-51
-61
-59
-57
-66
-79
-80
-66
-45
-41
-65
-97
-106
-88
-74
-85
-104
-108
-99
-94
-94
-91
-90
-94
-94
-82
-70
-71
-75
-63
-48
-41
-39
-33
-28
-29
-19
8
26
15
-4
6
41
66
67
63
64
58
42
34
45
57
60
64
81
106
126
132
129
122
121
124
131
133
124
107
93
87
84
80
83
108
144
160
144
123
123
128
118
99
89
80
61
37
34
44
45
38
42
60
71
65
48
26
6
-4
-4
-8
-23
-38
-41
-43
-57
-71
-66
-56
-65
-82
-82
-67
-67
-89
-106
-102
-90
-86
-87
-83
-79
-90
-110
-122
-113
-91
-76
-84
-101
-104
-94
-93
-107
-114
-102
-90
-95
-102
-84
-51
-32
-40
-56
-56
-38
-16
1
14
19
11
-10
-23
-7
29
48
35
13
16
36
43
43
55
80
86
66
47
44
48
47
47
50
45
31
30
53
73
70
51
44
52
56
47
31
13
-7
-20
-16
3
18
21
18
24
35
44
42
31
15
5
8
17
20
7
-20
-39
-42
-30
-15
-10
-24
-49
-71
-73
-60
-48
-45
-47
-50
-55
-62
-65
-63
-62
-66
-71
-63
-47
-38
-47
-63
-64
-48
-32
-28
-32
-41
-56
-77
-81
-58
-34
-40
-60
-60
-33
-13
-17
-20
-3
15
11
1
-1
0
-12
-18
-4
12
13
9
22
42
45
32
23
28
40
51
55
48
38
39
49
45
18
0
18
51
64
51
34
25
23
27
36
35
23
12
12
11
0
-9
-2
14
22
24
22
15
0
-4
8
18
15
9
8
4
-10
-20
-12
3
11
15
16
10
2
2
15
17
6
-4
-3
-4
-9
-7
2
3
-10
-11
5
16
5
-1
16
32
21
-4
-5
14
25
18
10
12
18
16
14
14
19
25
36
45
44
33
25
30
41
41
25
8
6
15
20
14
4
4
12
19
20
10
-2
-3
12
31
34
25
22
26
26
19
16
21
16
5
2
11
12
-4
-19
-19
-13
-13
-19
-22
-27
-29
-19
-5
-3
-9
-1
27
48
51
52
64
68
53
41
50
62
53
28
11
9
10
12
21
25
9
-16
-23
-10
0
-9
-25
-31
-25
-12
-6
-8
-8
7
27
32
15
-10
-17
-12
-12
-23
-30
-19
1
6
-10
-34
-47
-48
-46
-47
-41
-29
-22
-23
-20
-16
-26
-51
-64
-52
-29
-20
-21
-12
-3
-14
-35
-38
-22
-6
-4
-4
0
1
3
16
29
23
3
-4
13
34
39
26
10
6
15
29
34
22
-2
-28
-46
-46
-32
-22
-32
-43
-30
-5
1
-13
-16
-2
-9
-41
-56
-31
-8
-24
-53
-50
-21
-1
2
2
1
-7
-15
-15
-16
-19
-15
2
10
-5
-27
-33
-24
-7
16
28
13
-10
-5
26
38
17
3
20
35
18
-10
-14
-1
4
0
-4
-4
-7
-3
2
-6
-25
-28
-9
9
3
-12
-22
-28
-30
-21
-2
8
7
13
30
31
4
-25
-21
3
11
-5
-18
-10
7
12
4
-10
-17
-10
18
55
66
35
-5
-12
10
21
-4
-32
-29
-3
9
-6
-31
-38
-19
15
40
29
-9
-32
-15
14
21
10
8
13
9
-7
-27
-36
-28
-2
27
31
7
-11
-3
11
5
-15
-25
-23
-24
-37
-47
-50
-51
-50
-47
-50
-58
-64
-61
-59
-65
-71
-68
-56
-48
-42
-32
-18
-6
0
2
3
3
1
-1
-4
-4
-4
-5
-6
-4
-4
-4
1
15
24
16
1
2
15
21
18
23
45
66
73
71
68
56
32
17
21
28
22
9
2
-1
-1
3
10
13
6
-3
-2
7
15
17
13
5
0
-4
-3
7
22
31
24
13
16
26
27
14
5
9
18
23
20
7
-11
-18
4
37
46
29
15
20
30
28
19
14
10
4
3
10
14
7
-3
-5
-2
8
25
44
47
36
24
22
23
15
2
-7
-3
5
8
5
4
0
-12
-20
-11
6
3
-22
-35
-19
4
0
-18
-26
-26
-28
-22
-1
13
-4
-33
-39
-19
-4
-4
-5
-3
-5
-5
4
11
9
7
15
18
2
-11
4
31
33
11
0
17
37
36
23
20
29
38
35
22
11
11
17
16
9
3
-7
-20
-25
-11
13
19
10
9
27
42
34
