SAMPLES:	15152
BITSPERSAMPLE:	16
CHANNELS:	1
SAMPLERATE:	16000
NORMALIZED:	FALSE
6
5
-8
2
2
8
7
3
2
3
7
0
2
5
14
5
0
-3
3
7
-5
4
7
-2
2
5
3
7
5
8
2
2
12
1
-1
3
13
3
4
12
2
4
2
4
1
7
7
1
3
-6
-2
6
1
-2
3
-2
-2
2
-3
-9
-11
-1
-5
-3
6
4
0
3
0
-6
-3
-6
-1
-2
0
4
6
2
-2
-1
2
4
2
2
0
5
1
-5
3
3
5
2
5
1
10
10
2
4
-2
7
4
9
14
15
12
12
7
1
12
8
9
7
3
11
7
0
8
7
9
6
7
3
-2
7
0
-1
0
4
0
-4
1
1
-3
0
0
-3
1
-4
-5
5
-6
-3
5
-6
3
-2
-6
2
-2
3
3
3
3
2
3
1
1
-1
4
5
7
12
9
7
10
10
5
6
1
2
3
3
7
0
4
-1
2
9
-4
-2
2
-1
-9
-2
3
-1
-5
-4
-1
0
-1
-5
1
0
1
-4
-7
-9
-6
-3
-8
3
7
-6
-8
-9
-5
-7
-6
-6
-9
-12
-12
-5
-8
-6
-5
-5
-7
-5
5
1
6
2
-1
7
4
7
10
2
-4
1
3
7
9
8
8
5
7
5
-1
4
3
1
7
-2
-8
-6
1
-8
-7
1
-5
2
2
2
0
2
-4
-3
3
-2
3
-4
-3
-10
-7
0
-6
-9
-11
-13
-3
-6
-5
-5
-4
0
-7
1
-10
-9
-8
-10
0
-1
8
5
8
1
4
8
5
6
8
10
7
9
5
6
10
-1
-1
0
1
1
0
-2
1
1
-3
7
-3
-4
-2
-1
-1
-8
5
7
-1
0
6
3
4
2
2
9
2
7
0
3
1
2
2
-2
-1
-5
1
2
2
-2
-5
1
3
2
-4
-8
-4
-3
4
-2
-4
-5
-1
0
0
-1
-2
9
6
1
3
2
8
-5
-6
1
-5
3
-6
-7
7
0
-3
3
2
-5
-6
-6
-14
-11
-7
-16
-8
-8
-10
-6
-11
-4
-9
-9
-3
-3
-3
-6
-3
3
-3
0
-6
2
4
3
4
-3
3
1
-1
2
2
-6
-6
-5
-6
-1
-6
0
1
-4
-7
3
-2
-6
-8
-8
3
1
-1
5
11
1
6
4
6
9
2
9
4
7
15
9
9
5
5
4
2
2
5
6
-2
0
3
2
1
-2
3
0
3
0
-8
-8
-8
-9
-6
-6
-4
-3
-6
-9
-13
-2
-7
-10
-4
-3
-5
-5
5
4
-6
-9
-5
-5
-1
6
3
1
1
9
12
0
-4
8
2
0
9
3
-1
3
5
7
7
4
2
-2
0
1
-3
-14
-8
-6
-5
0
-5
-7
-5
-1
-5
-7
-5
-4
-7
-10
-2
-2
-3
-13
-9
-8
-10
3
-1
1
-2
-3
-11
-3
4
-7
-6
1
0
-10
-2
-8
-12
-2
4
1
4
7
5
7
4
7
6
6
4
0
0
5
-2
-5
-1
5
-2
-2
-2
-8
-3
-7
-10
-9
0
-10
1
2
-1
0
1
6
-1
6
0
11
6
2
10
5
11
13
6
6
3
-1
4
6
5
7
-2
-1
-1
-2
-3
-7
-2
-10
-11
-5
2
3
6
6
1
0
-1
-6
-10
-3
0
4
-9
-4
-7
-5
3
-9
-6
-3
-4
-7
-11
-10
-8
-12
-1
-5
-7
2
3
-2
2
8
5
-1
0
5
2
8
13
3
3
16
14
12
9
6
8
7
-5
-7
-7
-6
-12
-19
-3
-10
-5
-4
-7
-4
-13
-10
-8
-7
-13
-10
-12
-9
-4
-9
-8
-11
-10
-12
-3
1
-12
-5
1
-1
-4
6
0
1
2
-3
4
-2
4
-7
-1
6
4
4
5
10
7
4
10
12
2
-3
2
3
7
6
-2
-6
-1
-1
-3
-3
5
7
-1
5
1
-1
0
-4
2
-6
-7
4
-3
-9
0
-1
-11
-9
-6
-4
-10
-12
-8
-6
-4
-11
-9
-4
-3
2
-2
-6
-5
-7
-4
-8
-8
-2
-3
-2
0
-8
-4
-6
-8
0
-6
-5
-1
-1
-4
0
-1
0
-1
5
4
-1
9
3
3
6
4
3
10
4
6
14
14
16
3
6
7
17
17
12
14
1
14
5
4
12
8
10
7
3
2
2
9
3
4
9
-4
-1
-7
-2
-5
-9
-10
-11
-8
-4
-10
-9
-4
-2
1
0
6
-3
6
2
-1
1
-1
1
3
6
4
11
14
10
11
9
6
-2
-3
1
4
6
-1
-4
-15
-12
-11
-15
-10
-12
-10
-7
-13
-23
-18
-29
-33
-20
-26
-31
-25
-21
-22
-18
-23
-28
-25
-23
-20
-20
-22
-25
-18
-26
-22
-9
-15
-13
-3
-10
-11
-8
-6
-4
-2
-1
2
5
0
14
5
7
17
9
13
10
14
13
15
9
6
9
21
22
17
23
14
18
18
21
17
20
22
22
25
16
18
14
19
8
16
9
5
9
9
10
5
13
12
14
8
2
13
4
3
11
0
-3
-1
1
-4
2
1
-2
8
-1
2
0
-6
-5
0
-3
0
2
0
-3
-3
6
2
-1
-4
-6
-3
3
9
2
4
11
8
5
12
9
7
6
1
0
3
7
1
7
2
7
5
-4
-7
-5
-3
-5
-1
-3
-6
-10
-11
-18
-20
-23
-25
-28
-32
-30
-24
-19
-22
-19
-11
-15
-7
-5
-6
0
1
-5
-4
5
0
2
11
10
13
16
22
22
25
30
34
33
27
29
32
38
35
30
38
33
36
42
39
40
31
44
33
30
35
23
36
22
20
27
23
16
8
7
6
2
-1
1
-6
-3
-1
-5
-10
-11
-8
-22
-22
-27
-20
-18
-30
-26
-25
-25
-34
-34
-33
-32
-27
-32
-35
-35
-33
-29
-26
-33
-32
-27
-31
-22
-27
-35
-33
-30
-27
-26
-33
-27
-28
-35
-31
-39
-34
-32
-36
-38
-41
-41
-37
-36
-34
-35
-39
-41
-37
-34
-41
-47
-43
-29
-34
-37
-38
-35
-25
-32
-22
-19
-11
-2
-12
-7
-4
0
4
8
11
16
20
21
21
24
19
21
21
25
31
29
28
31
38
38
36
40
40
36
36
44
41
38
43
41
37
43
49
47
40
46
46
38
37
34
41
39
38
35
34
21
33
43
26
29
36
43
40
31
34
32
29
33
31
29
28
27
26
20
17
13
12
13
0
-2
-10
-8
-10
-14
-12
-13
-19
-20
-17
-22
-25
-27
-28
-25
-27
-32
-27
-29
-32
-33
-39
-33
-34
-38
-28
-37
-41
-36
-29
-27
-32
-31
-31
-36
-40
-39
-41
-36
-49
-42
-32
-43
-46
-46
-45
-41
-39
-47
-49
-45
-44
-41
-46
-36
-33
-38
-28
-32
-32
-27
-24
-23
-9
-5
-7
-3
-2
2
8
9
7
18
27
34
30
31
36
39
50
54
60
65
57
59
62
60
64
61
67
73
76
77
73
80
75
72
71
69
61
57
52
60
64
59
61
52
51
51
47
43
48
50
41
34
28
33
36
34
25
19
14
11
9
4
-1
-4
-9
-17
-18
-21
-18
-22
-23
-22
-39
-33
-30
-39
-46
-50
-49
-56
-58
-51
-51
-66
-62
-62
-62
-55
-59
-60
-60
-60
-65
-59
-60
-63
-63
-66
-62
-61
-55
-59
-62
-58
-65
-72
-65
-60
-67
-67
-70
-60
-59
-59
-53
-61
-56
-53
-48
-42
-38
-21
-21
-18
-13
-5
9
11
20
17
27
29
33
35
39
57
59
69
76
74
84
86
88
102
106
110
112
113
118
119
126
116
125
131
125
127
128
123
125
128
119
121
122
121
117
109
106
102
90
93
81
71
69
68
65
51
47
37
37
33
19
14
2
-5
-10
-16
-21
-29
-34
-40
-49
-55
-62
-72
-71
-76
-84
-99
-96
-94
-96
-99
-109
-114
-119
-111
-111
-115
-117
-122
-123
-122
-120
-120
-125
-129
-129
-131
-122
-118
-116
-116
-123
-115
-115
-107
-100
-107
-98
-92
-87
-86
-85
-77
-72
-64
-58
-58
-44
-37
-32
-27
-15
-7
3
2
1
16
11
26
32
41
47
53
65
69
71
79
83
95
101
103
116
116
122
132
134
137
138
144
156
156
155
166
167
167
175
181
171
170
173
181
181
175
174
163
151
149
147
141
131
120
115
101
95
93
83
63
52
39
25
5
-4
-12
-28
-39
-55
-69
-83
-95
-111
-123
-138
-161
-169
-183
-208
-221
-230
-247
-261
-267
-284
-295
-303
-309
-318
-323
-327
-335
-337
-334
-336
-343
-331
-330
-335
-331
-328
-314
-300
-297
-283
-264
-248
-234
-220
-203
-181
-159
-140
-119
-104
-82
-65
-41
-20
10
32
56
91
103
124
145
164
191
210
228
249
262
286
296
313
334
346
352
369
387
386
412
416
422
435
438
450
448
455
457
463
471
463
462
465
458
452
449
443
431
420
406
395
383
363
346
330
303
289
276
248
210
190
163
137
111
77
46
16
-23
-64
-98
-128
-163
-198
-237
-274
-306
-337
-371
-412
-452
-488
-518
-536
-557
-584
-611
-635
-646
-656
-660
-657
-667
-680
-677
-665
-652
-644
-632
-629
-613
-586
-564
-530
-524
-500
-472
-449
-428
-397
-376
-348
-313
-303
-272
-243
-216
-202
-174
-145
-133
-103
-77
-59
-37
-12
11
37
59
83
103
122
147
174
205
233
262
284
307
338
367
387
406
429
458
485
504
519
531
551
556
571
588
590
599
610
614
605
601
600
590
575
563
556
534
529
514
507
504
481
466
449
441
427
409
407
398
382
375
358
351
343
326
312
307
294
282
276
261
257
237
215
199
170
160
138
108
97
75
45
6
-27
-60
-93
-118
-155
-184
-219
-259
-292
-332
-390
-432
-472
-516
-554
-600
-650
-687
-723
-762
-793
-833
-869
-894
-912
-929
-944
-958
-965
-966
-968
-977
-968
-958
-942
-929
-904
-874
-850
-814
-783
-751
-709
-676
-640
-604
-565
-525
-493
-441
-403
-364
-314
-271
-226
-191
-147
-104
-61
-12
24
69
114
161
201
243
285
320
364
404
438
474
524
549
577
611
637
674
696
725
749
770
783
788
806
809
829
841
846
851
842
833
829
825
806
800
789
781
758
729
713
688
663
646
626
606
586
560
530
491
463
432
402
371
341
310
282
240
210
173
140
114
77
52
17
-9
-40
-68
-108
-128
-152
-188
-204
-227
-253
-279
-291
-303
-318
-327
-338
-343
-352
-358
-366
-354
-347
-349
-340
-344
-330
-318
-311
-294
-289
-274
-257
-247
-251
-241
-231
-240
-224
-230
-240
-241
-253
-257
-267
-286
-305
-335
-363
-392
-413
-450
-482
-519
-564
-601
-653
-684
-710
-741
-765
-797
-831
-849
-860
-870
-875
-872
-864
-848
-822
-800
-771
-734
-696
-646
-589
-515
-448
-385
-308
-248
-164
-93
-18
54
112
192
254
323
393
446
501
550
592
632
673
710
740
763
777
799
814
820
824
824
824
805
808
805
792
786
773
765
747
718
690
667
647
629
628
611
582
552
511
491
470
461
443
419
399
370
347
306
275
249
210
181
156
132
104
59
26
-10
-56
-98
-126
-149
-173
-203
-230
-258
-285
-314
-342
-367
-380
-388
-388
-397
-404
-406
-411
-417
-410
-400
-395
-372
-350
-322
-296
-263
-245
-223
-197
-171
-134
-96
-63
-23
18
43
71
103
129
154
183
205
224
232
256
279
279
283
270
272
265
257
246
235
225
188
180
150
97
53
-6
-41
-71
-97
-119
-148
-182
-235
-266
-281
-282
-281
-281
-264
-252
-226
-201
-181
-159
-131
-89
-35
32
93
141
185
229
266
297
337
377
396
424
440
440
442
430
396
360
329
294
260
222
183
134
68
-5
-73
-128
-179
-234
-270
-320
-358
-411
-464
-508
-558
-596
-616
-639
-652
-664
-673
-684
-700
-721
-745
-755
-760
-747
-716
-695
-682
-673
-680
-669
-663
-626
-587
-558
-511
-476
-450
-421
-398
-375
-341
-315
-270
-212
-167
-129
-94
-57
-33
-9
23
67
101
149
203
231
259
288
310
330
357
393
437
493
541
570
601
627
648
686
728
764
816
868
907
955
992
1016
1033
1055
1087
1130
1172
1211
1250
1266
1282
1295
1294
1289
1295
1308
1317
1317
1298
1265
1222
1160
1104
1053
982
909
829
736
619
491
363
217
62
-88
-229
-360
-492
-625
-771
-923
-1070
-1202
-1315
-1404
-1477
-1537
-1582
-1621
-1641
-1660
-1666
-1658
-1627
-1571
-1510
-1423
-1328
-1253
-1167
-1079
-994
-914
-829
-738
-655
-564
-485
-422
-365
-335
-308
-286
-270
-252
-235
-209
-201
-209
-211
-225
-250
-256
-266
-258
-263
-254
-239
-242
-234
-245
-240
-241
-224
-200
-181
-139
-119
-106
-102
-103
-110
-103
-102
-94
-70
-68
-51
-65
-90
-106
-124
-135
-151
-138
-118
-124
-122
-117
-134
-146
-138
-115
-92
-60
-21
26
63
87
119
151
197
257
326
407
496
576
648
712
775
834
909
989
1074
1164
1250
1318
1378
1438
1475
1502
1547
1599
1644
1673
1699
1709
1700
1680
1665
1651
1627
1608
1592
1566
1533
1476
1420
1372
1309
1255
1205
1164
1124
1072
1001
916
826
725
615
515
413
314
193
61
-95
-272
-460
-679
-884
-1070
-1257
-1420
-1594
-1771
-1966
-2180
-2348
-2492
-2594
-2693
-2768
-2806
-2834
-2843
-2830
-2805
-2766
-2720
-2627
-2492
-2343
-2186
-2030
-1866
-1710
-1549
-1411
-1256
-1109
-970
-815
-683
-559
-441
-350
-279
-223
-182
-144
-97
-39
12
52
81
123
153
172
197
218
258
317
383
458
543
611
672
739
795
855
922
998
1081
1160
1239
1298
1341
1357
1358
1359
1361
1349
1358
1367
1356
1314
1254
1180
1096
1024
948
895
852
801
734
662
565
467
377
293
238
204
181
176
156
114
68
15
-19
-39
-35
0
38
76
105
109
102
86
85
103
141
181
236
283
304
303
279
249
226
219
239
266
282
268
242
217
166
126
101
101
124
152
179
193
203
211
207
211
228
274
368
446
517
536
527
515
483
478
462
456
469
437
356
227
84
-76
-297
-505
-686
-794
-883
-1038
-1205
-1448
-1706
-1918
-2051
-2095
-2169
-2245
-2265
-2256
-2235
-2251
-2254
-2226
-2158
-2040
-1863
-1632
-1421
-1248
-1101
-953
-816
-694
-537
-361
-203
-71
34
155
270
322
330
317
330
359
392
439
480
502
486
487
526
552
531
527
583
670
763
865
975
1065
1122
1199
1305
1407
1497
1599
1722
1833
1897
1927
1961
1973
1954
1887
1828
1798
1746
1675
1551
1402
1229
1011
794
580
370
179
32
-79
-231
-458
-711
-923
-1062
-1186
-1289
-1354
-1366
-1363
-1401
-1435
-1474
-1515
-1544
-1517
-1412
-1294
-1177
-1078
-993
-964
-976
-929
-813
-680
-583
-512
-431
-312
-239
-224
-219
-217
-225
-201
-112
-15
42
44
21
-7
-26
-15
33
99
134
180
296
452
571
608
597
624
742
911
1097
1281
1398
1470
1487
1486
1515
1541
1591
1680
1753
1751
1689
1590
1417
1089
699
407
347
418
408
217
-102
-479
-780
-976
-1110
-1226
-1361
-1357
-1249
-1167
-1200
-1312
-1350
-1305
-1255
-1140
-941
-673
-428
-286
-211
-169
-121
-20
85
135
124
89
148
258
289
133
-111
-287
-359
-413
-521
-648
-767
-853
-898
-923
-979
-1090
-1176
-1144
-1040
-952
-895
-796
-636
-513
-471
-447
-361
-201
-27
133
216
273
356
483
620
631
539
491
584
709
717
587
421
312
233
71
-205
-484
-614
-528
-354
-318
-425
-566
-573
-473
-413
-415
-404
-245
-1
167
141
53
13
69
183
315
472
669
920
1119
1156
1045
977
1092
1300
1370
1297
1209
1206
1238
1191
1018
779
563
491
543
594
581
480
338
197
127
173
278
320
306
356
547
811
979
1001
904
836
902
1085
1279
1398
1477
1511
1458
1333
1242
1226
1268
1323
1347
1309
1263
1236
994
58
-1483
-2826
-3111
-2492
-1924
-2106
-2815
-3308
-3093
-2430
-2043
-2166
-2259
-1681
-726
-248
-523
-937
-950
-677
-563
-668
-717
-450
39
306
-23
-680
-951
-625
-225
-364
-945
-1391
-1335
-992
-842
-1106
-1526
-1592
-1202
-793
-750
-934
-992
-884
-775
-751
-801
-873
-885
-690
-411
-283
-317
-215
92
333
388
375
520
845
1240
1536
1607
1526
1538
1673
1667
1442
1234
1246
1343
1307
1115
885
608
301
32
-181
-351
-496
-562
-695
-912
-1033
-852
-445
-73
199
392
627
910
1251
1513
1631
1662
1709
1710
1477
1131
879
765
684
618
649
732
770
734
637
522
451
531
701
784
725
597
469
325
202
152
96
0
-30
74
227
237
109
-70
-256
-404
-423
-328
-330
-488
-611
-508
-252
-50
-31
-132
-191
-81
175
395
491
492
507
454
274
43
-41
72
324
498
470
448
594
644
-383
-2662
-4978
-5514
-4053
-2349
-2044
-3118
-4037
-3636
-2200
-1102
-1094
-1328
-603
899
1726
1144
106
-308
-69
60
-234
-503
-274
403
853
473
-425
-872
-359
481
667
59
-658
-698
-122
360
150
-537
-798
-265
531
866
705
496
503
637
742
672
402
156
256
660
867
711
586
829
1191
1277
1096
1031
1361
1923
2367
2367
2024
1763
1792
1878
1616
1089
741
755
891
802
458
14
-369
-651
-869
-1106
-1440
-1784
-2013
-2011
-1811
-1543
-1360
-1249
-1023
-655
-217
77
219
362
551
677
528
118
-369
-720
-865
-928
-1038
-1126
-1050
-810
-647
-686
-769
-684
-423
-240
-226
-266
-264
-258
-358
-545
-715
-760
-646
-433
-186
17
149
197
202
175
95
40
88
237
324
301
300
368
489
623
782
1018
1274
1547
1794
1975
2111
2240
2293
2140
1818
1512
1441
1692
2125
2382
2203
1926
2031
2050
613
-2408
-5045
-5063
-2653
-494
-494
-2108
-3078
-2093
-74
942
393
-14
1110
2869
3184
1733
196
-144
261
233
-453
-969
-601
406
955
344
-773
-1160
-471
319
229
-644
-1448
-1469
-866
-490
-950
-1842
-2141
-1550
-795
-557
-743
-886
-896
-845
-798
-934
-1284
-1578
-1374
-822
-538
-662
-785
-544
-155
-42
-231
-318
65
815
1389
1325
844
529
555
511
-5
-689
-975
-708
-309
-316
-748
-1255
-1527
-1651
-1882
-2255
-2581
-2550
-2083
-1449
-985
-881
-936
-842
-462
56
480
759
983
1278
1526
1519
1184
725
435
403
521
608
693
867
1074
1157
1021
829
854
1141
1415
1415
1217
1056
1109
1249
1196
902
622
652
931
1209
1340
1347
1304
1241
1251
1329
1317
1192
1144
1290
1475
1545
1484
1430
1394
1413
1616
1921
2247
2498
2635
2618
2474
2378
2304
2168
2145
2255
2359
2383
2448
2347
905
-2294
-5632
-6776
-5238
-3067
-2383
-3334
-4278
-3675
-1785
-226
-134
-651
-279
996
1674
909
-287
-836
-745
-793
-1316
-1874
-1988
-1477
-792
-636
-1098
-1574
-1419
-920
-901
-1654
-2683
-3223
-2986
-2367
-2107
-2406
-2715
-2498
-1921
-1578
-1629
-1708
-1648
-1500
-1266
-1027
-1013
-1358
-1654
-1494
-1115
-972
-1055
-896
-347
257
567
622
709
1020
1480
1757
1743
1620
1623
1668
1461
1022
646
471
344
132
-36
-75
-116
-261
-388
-310
-115
-28
-22
163
524
827
771
434
197
244
658
1092
1331
1527
1940
2531
2828
2671
2426
2415
2463
2322
2049
1852
1726
1536
1250
910
633
557
728
980
1152
1229
1301
1283
1057
778
622
586
523
401
384
492
604
625
541
421
330
382
577
722
621
371
226
215
182
22
-114
-201
-255
-217
0
324
499
539
597
729
826
831
728
566
518
735
1004
1170
1454
1592
120
-4090
-9053
-11043
-8438
-4114
-2174
-3702
-6138
-6095
-3214
-190
346
-922
-1123
722
2413
1760
-451
-1979
-1982
-1513
-1700
-2273
-2338
-1411
-146
217
-655
-1645
-1441
-252
436
-272
-1712
-2561
-2180
-1195
-687
-1113
-1814
-1743
-732
443
972
826
483
418
739
1090
1027
407
-110
165
1007
1512
1271
971
1355
2177
2623
2492
2392
2894
3744
4237
3994
3343
2920
2869
2740
2192
1496
1190
1262
1307
1101
742
390
26
-203
-133
64
81
-40
67
457
731
577
284
269
506
556
180
-359
-505
-77
493
700
326
-102
-157
100
251
109
-49
-83
-109
-392
-899
-1376
-1707
-1846
-1871
-1829
-1666
-1396
-1121
-1080
-1256
-1416
-1345
-1070
-872
-790
-784
-810
-831
-916
-961
-1012
-1078
-1032
-856
-499
-179
-56
-164
-415
-472
-308
-83
-45
-196
-186
101
522
705
730
815
915
1054
1173
1482
1793
1958
2232
2460
2576
2628
2925
3078
1136
-3330
-7892
-8975
-5554
-1110
468
-1698
-4464
-4164
-780
2408
2624
1260
1255
3067
4272
3030
648
-925
-844
10
365
169
-107
434
1491
1707
819
-275
-237
783
1369
858
-486
-1572
-1704
-1119
-679
-969
-1374
-1061
70
1212
1680
1469
725
69
-39
337
512
-110
-701
-324
711
1218
618
-140
-89
562
1143
1272
1356
1815
2429
2729
2315
1473
782
451
278
14
-227
-324
-369
-403
-468
-677
-1215
-1830
-2048
-1864
-1601
-1637
-1691
-1524
-1291
-1094
-1160
-1301
-1454
-1553
-1412
-1342
-1279
-1227
-1125
-810
-623
-474
-518
-730
-822
-781
-574
-524
-673
-887
-1035
-1155
-1382
-1617
-1770
-1635
-1346
-1038
-715
-523
-310
-124
3
184
296
388
436
419
495
607
725
845
884
1017
1243
1465
1653
1768
1840
1942
1997
2039
2071
2047
2112
2164
2164
2160
2168
2251
2343
2463
2569
2700
2889
3115
3237
3228
3436
3745
4018
4150
4254
4104
1928
-2566
-7105
-8243
-4797
-503
725
-1965
-5161
-4775
-1090
2358
2460
552
41
1676
3046
1873
-795
-2589
-2292
-989
-453
-897
-1632
-1482
-635
-388
-960
-1806
-1770
-927
-528
-1055
-2477
-3637
-3716
-2963
-2091
-2028
-2362
-2278
-1461
-288
350
135
-798
-1586
-1526
-882
-537
-1138
-1770
-1560
-716
-255
-844
-1555
-1498
-625
352
731
813
1049
1560
1920
1541
744
144
103
381
428
359
260
207
103
-92
-230
-615
-1075
-1316
-1074
-559
-428
-507
-636
-546
-293
-165
-156
-552
-871
-745
-102
786
1275
1434
1277
1002
841
764
706
402
101
113
269
261
-132
-543
-730
-720
-523
-265
134
620
1093
1443
1399
1126
876
830
933
889
820
738
778
947
1076
1227
1178
1188
1388
1723
2161
2315
2196
1899
1633
1616
1680
1730
1678
1436
1240
1203
1328
1476
1534
1716
1967
2159
2219
2247
2371
2445
2623
2762
2881
3175
3500
3258
373
-4883
-9584
-10163
-5878
-1133
139
-2964
-6745
-6674
-2801
1181
1580
-443
-1209
325
1856
870
-1797
-3796
-3718
-2346
-1447
-1496
-2028
-1893
-1123
-947
-1558
-2381
-2287
-1311
-729
-963
-2113
-3288
-3637
-3157
-2205
-1822
-1970
-1969
-1261
40
901
809
-176
-1016
-903
-113
426
-85
-765
-663
204
796
339
-318
-345
379
1299
1865
2226
2569
2954
3168
2889
2215
1652
1454
1485
1517
1505
1601
1572
1340
1074
809
480
43
-188
23
461
728
654
405
177
-24
-327
-666
-779
-441
416
1266
1605
1452
1230
1416
1640
1452
974
563
439
326
50
-358
-805
-1145
-1272
-1191
-1009
-682
-341
-77
36
75
222
222
34
-173
-203
-99
-210
-419
-462
-285
-141
-141
-47
243
685
963
1038
1112
1155
1183
899
429
125
109
538
869
919
780
552
572
622
878
1253
1419
1408
1333
1698
2184
2429
2386
2030
2087
2845
3933
2948
-2066
-8636
-11810
-8271
-1483
2116
-438
-6181
-8503
-4968
880
3377
1366
-659
535
3264
3388
162
-3255
-4064
-2288
-348
138
-589
-1154
-693
-135
-475
-1498
-1941
-970
393
850
-140
-2007
-3324
-3346
-2213
-1095
-901
-1184
-1060
3
1326
1879
1188
-201
-878
-200
1073
1262
124
-830
-506
514
710
16
-475
-76
896
1643
1988
2250
2720
3146
3049
2322
1547
1224
1088
905
705
775
865
481
-79
-379
-385
-505
-800
-813
-469
-111
-79
-284
-618
-1091
-1639
-1975
-1757
-1023
-111
478
438
203
388
1057
1660
1529
1020
615
389
249
-108
-552
-1080
-1544
-1674
-1592
-1317
-921
-384
59
116
48
145
444
511
298
101
62
181
159
36
-86
-225
-134
53
370
872
1297
1616
1551
1293
1152
1100
1091
859
566
577
941
1429
1718
1765
1787
1847
1898
1918
1847
1812
2034
2463
2774
2841
2611
2208
2106
2646
3596
2398
-2623
-8926
-11585
-7537
-813
2207
-1027
-6979
-8961
-5120
587
2809
1072
-262
1237
3408
2702
-766
-3858
-4221
-2224
-232
473
36
-630
-848
-1121
-1425
-1665
-1723
-1021
10
948
672
-1348
-3486
-4365
-3265
-1411
-538
-753
-1214
-542
879
1474
464
-1197
-1645
-545
1053
1389
313
-813
-1011
-330
-67
-332
-276
249
1035
1546
1838
2160
2238
2267
2303
2301
2313
2058
1453
632
115
262
472
218
-276
-291
70
135
-253
-708
-667
-425
-280
-299
-465
-370
-305
-579
-1153
-1627
-1245
-400
257
459
390
703
1245
1596
1483
1065
832
797
833
651
252
-288
-948
-1297
-1261
-780
-218
-17
2
-81
155
543
587
397
268
630
1102
1119
690
165
-35
26
255
482
677
1003
1301
1562
1554
1320
1131
923
900
957
942
1044
1175
1422
1712
1710
1595
1373
1300
1539
1664
1737
1767
1912
2120
2198
2251
2034
1813
1929
2551
1890
-2359
-8426
-11987
-9006
-2091
2095
-157
-6900
-10684
-7635
-800
3584
2601
189
182
1995
2298
-277
-3407
-4411
-2590
208
1850
1353
-535
-2017
-2440
-1866
-1068
-672
-253
270
700
274
-1710
-3884
-4659
-3383
-1062
233
198
-395
-483
270
903
707
-246
-871
-121
1436
2055
926
-774
-1419
-674
311
721
881
1125
1560
1953
2126
2279
2437
2625
2868
2924
2935
2679
1830
764
101
389
899
794
381
233
371
116
-532
-948
-862
-602
-554
-516
-375
-243
-451
-1199
-1931
-2094
-1410
-313
328
534
621
776
895
711
619
786
962
903
599
332
-22
-608
-1320
-1755
-1660
-1169
-547
-325
-468
-610
-440
-23
87
63
126
343
570
511
274
-86
-313
-158
267
589
633
618
706
987
1174
1166
1109
952
983
1094
1158
1308
1285
1329
1339
1323
1520
1726
2029
2118
1910
1798
1845
2120
2328
2564
2768
2723
2833
3371
3662
954
-5285
-11238
-11761
-5286
2220
3919
-2053
-10061
-11692
-5657
2252
5181
2936
766
1181
2372
1348
-1566
-3679
-3062
-205
2403
2901
1063
-1445
-3063
-3211
-1812
-7
1136
1093
297
-531
-1822
-3588
-4790
-4294
-2072
303
1256
433
-1195
-1958
-1127
249
657
-17
-389
434
1305
785
-838
-2103
-1834
-541
716
1375
1340
989
602
412
763
1594
2434
2687
2329
2026
2007
1502
328
-799
-802
228
931
808
53
-658
-1121
-1543
-1630
-1371
-837
-465
-408
-520
-765
-831
-1017
-999
-831
-610
-164
-120
336
943
1267
1013
-38
-292
343
1294
1807
1244
500
-157
-401
-485
-729
-836
-715
-284
-256
-589
-862
-790
-218
124
406
686
834
1074
877
619
483
377
604
800
1020
1292
1223
962
637
669
1402
2209
2506
2167
1624
1510
1606
1677
1813
2017
2236
2145
1804
1413
1281
1536
1801
1854
1590
1737
2360
2840
2998
2488
2158
2393
2957
2772
-819
-6412
-10184
-8317
-2002
2323
702
-5794
-10769
-9130
-2463
3505
4327
1841
-111
-306
-143
-1041
-2126
-2462
-1320
584
1535
760
-1709
-3941
-4460
-3037
-444
1262
1227
-202
-1990
-3198
-3980
-4133
-3550
-2277
-766
216
72
-1193
-2520
-2609
-1045
893
1621
1153
462
301
25
-874
-1591
-1336
-126
995
1351
1054
511
46
-179
184
1282
2696
3453
2978
1894
1137
900
631
197
187
804
1386
1261
553
-283
-828
-1141
-973
-365
207
368
-42
-602
-978
-959
-590
-257
261
906
1433
1074
-165
-706
-265
1054
1864
1480
499
-598
-434
544
1101
910
118
-199
-188
-189
-251
-562
-725
-608
-173
130
61
-208
-520
-429
37
727
1298
1346
1148
741
395
469
672
952
1117
1240
1528
1559
1338
1098
940
1139
1400
1442
1378
1299
1356
1455
1327
1192
1039
866
904
1082
1349
1346
1062
895
1295
2146
2470
2087
1510
1652
2543
3270
3264
705
-4330
-8832
-9023
-3644
1881
2115
-3923
-11120
-12083
-5742
2382
5313
2183
-1747
-2839
-1642
-829
-997
-1118
-272
1258
1828
663
-1796
-3866
-4158
-2782
-210
1834
1722
-490
-3281
-4604
-4289
-3295
-2194
-1230
-320
215
-265
-1604
-2713
-2303
-90
2415
3338
2314
458
-709
-849
-625
-219
475
1276
1635
1064
100
-362
-189
505
1333
2197
3187
3549
2788
1219
6
284
1393
2192
2242
1777
1213
622
76
-159
-155
-67
94
162
128
-15
-522
-1233
-1674
-1434
-417
576
972
760
-297
-1134
-972
73
1588
1976
1271
-45
-992
-340
789
1263
652
-251
-469
-395
-389
-683
-1074
-1285
-998
-496
-436
-641
-992
-1088
-868
-398
447
844
639
278
68
168
354
535
894
1141
1259
1331
1113
926
976
1249
1591
1485
1149
949
929
1127
1401
1507
1354
1058
825
852
926
1089
1220
1012
913
1136
1666
1912
1541
1030
978
1580
2376
2682
2362
1840
655
-2350
-5672
-6735
-3727
357
1153
-2485
-7832
-9682
-5904
230
3613
2170
-918
-2536
-2214
-1018
293
1177
1305
1114
820
153
-1124
-2382
-2603
-1622
264
1608
1063
-1124
-3139
-3712
-3046
-2016
-947
-180
-173
-683
-1227
-1496
-1195
-218
1415
2697
2623
1222
-478
-1117
-481
560
1118
1066
653
70
-576
-900
-552
337
1332
1983
1940
1391
706
153
10
400
1227
1888
1781
1114
322
-343
-591
-291
426
827
505
-218
-890
-1337
-1550
-1592
-1532
-1229
-610
-40
-302
-1253
-1851
-1289
-53
862
961
299
-473
-585
60
929
1081
562
-264
-918
-881
-394
15
-211
-771
-1022
-1055
-953
-794
-538
-261
-80
200
417
463
375
263
450
845
1342
1440
1036
790
991
1514
1893
1925
2046
2115
2110
1889
1485
1387
1565
1956
2236
2111
1750
1254
885
932
1303
1904
2237
1955
1384
1116
1465
1858
2032
2197
2257
2335
2153
2125
2447
2836
2969
317
-4565
-8267
-6632
-353
3522
745
-7186
-13185
-11045
-2680
4719
4631
-999
-5586
-5748
-2850
241
2159
2326
1291
-11
-908
-1494
-2023
-1975
-1330
67
1567
1572
-841
-4065
-5309
-3939
-1727
-519
-489
-1312
-2365
-2753
-2477
-1597
-492
898
2212
2245
963
-849
-1758
-995
724
1987
1741
360
-1006
-1659
-1416
-389
930
1717
1661
988
433
294
513
851
1158
1620
2110
2082
1199
112
-268
219
1008
1460
1341
652
-320
-895
-1145
-1016
-704
-733
-949
-1211
-963
-597
-1293
-1817
-1541
-292
852
516
-302
-1081
-454
1471
2552
2089
581
-157
52
367
811
1034
689
-249
-968
-1142
-914
-367
143
388
197
127
260
231
280
735
1277
1538
1516
1310
1006
642
881
1724
2231
2270
1901
1605
1650
1737
1896
1789
1595
1725
1805
1675
1440
1329
1299
1109
1054
1402
1705
1646
1342
1289
1454
1806
2115
1988
1668
1288
1576
2386
3149
3332
636
-4475
-8463
-7421
-1390
2982
1192
-6015
-12517
-11871
-4601
2907
4109
-724
-5401
-6333
-4055
-891
1632
2698
1976
169
-1544
-2436
-2097
-683
687
1280
1242
476
-1344
-3558
-4384
-3236
-1490
-619
-900
-2094
-3451
-3796
-2772
-1260
-127
712
1466
1370
334
-682
-634
549
1812
2131
1255
-73
-825
-783
-214
698
1635
1847
954
-130
-183
1010
2246
2450
1804
1235
1280
1518
1380
1030
987
1183
1337
1070
616
225
-92
-142
-159
-93
-143
-767
-1517
-1800
-1117
-240
-322
-1177
-1995
-1762
-776
115
306
-53
1
844
1794
1795
949
378
644
1305
1474
1039
274
-502
-1044
-1152
-740
-139
208
17
-492
-765
-451
194
634
784
888
1019
953
680
488
615
991
1418
1635
1562
1450
1390
1447
1500
1638
1859
1806
1417
903
737
978
1356
1556
1451
1147
907
868
901
1114
1485
1847
1763
1324
1181
1420
1866
1925
1753
1855
2271
2334
-384
-4948
-7791
-5430
222
2492
-1432
-8742
-12427
-8670
-955
3820
1421
-4338
-7361
-5862
-2260
658
2238
1963
290
-1546
-2168
-1439
-116
1222
1761
1630
1050
-16
-1506
-2474
-1815
-450
-84
-1033
-2160
-2912
-3059
-2393
-1143
-201
-206
-294
16
362
467
401
775
1330
1660
1258
173
-533
-132
1046
1704
1463
774
169
-147
78
1077
2245
2624
1873
720
221
687
1490
1777
1476
1079
816
429
13
21
463
723
367
-280
-770
-932
-1137
-1306
-1144
-586
-280
-1167
-2396
-2734
-1661
-322
-44
-469
-874
-400
713
1459
1383
887
898
1213
1302
1133
1021
744
10
-692
-916
-667
-384
-316
-433
-698
-703
-467
-309
-281
15
586
873
625
334
369
524
792
1181
1627
1761
1669
1588
1620
1808
2047
2157
1916
1555
1338
1259
1326
1523
1704
1548
1325
1269
1341
1321
1294
1641
2033
2254
1986
1570
1476
1705
2295
2677
2804
1156
-2797
-6405
-5965
-931
2815
561
-6576
-12136
-10350
-2733
3757
2935
-3417
-8026
-7281
-3190
265
2010
1957
395
-1780
-2909
-2048
322
2686
3238
1866
180
-533
-516
-443
104
660
197
-1561
-3236
-3734
-3166
-2013
-1021
-957
-1798
-2360
-1800
-831
-102
320
945
1370
1168
477
-253
-127
832
1773
1885
1187
664
475
277
266
864
1874
2267
1561
544
181
748
1694
2002
1468
704
257
260
320
366
453
303
-150
-682
-912
-824
-852
-1227
-1637
-1677
-1617
-1831
-2115
-2083
-1477
-855
-578
-855
-1278
-741
684
1987
2073
1147
581
653
1320
2098
2221
1602
530
-202
-391
-222
310
634
260
-535
-868
-426
201
534
531
291
122
284
711
982
1084
1351
1552
1451
1218
1254
1652
1938
2134
2201
2067
1938
1692
1433
1346
1636
2204
2211
1628
1092
1042
1506
2008
2307
2196
1833
1703
1716
1812
1928
2180
2555
2668
1959
-770
-4239
-5568
-2913
956
1150
-3386
-9077
-10676
-6275
199
2759
-905
-6247
-7752
-4822
-855
1442
1463
-327
-2471
-3481
-2458
-435
1394
2052
1078
-492
-1354
-1106
-301
445
1029
445
-1377
-3104
-3409
-2717
-1864
-1109
-886
-1862
-3276
-3381
-1931
-482
52
-1
-39
-96
-135
-15
372
1166
1882
1679
577
44
824
1801
1876
1466
1595
1895
1787
1359
1105
1397
1918
2396
2177
1199
355
167
689
1206
1243
571
-481
-1125
-938
-303
67
-128
-830
-1760
-2393
-2205
-1234
-380
-439
-1368
-2166
-1822
-513
761
1114
840
563
635
952
1372
1794
1910
1608
982
392
231
348
528
401
126
-134
-478
-842
-934
-394
379
581
143
-477
-590
-250
246
670
848
888
758
569
574
980
1499
1767
1630
1573
1751
1859
1703
1606
1826
2087
1968
1694
1587
1689
1779
1797
1869
1919
2032
2056
1963
1866
1947
2131
2292
2381
2366
642
-2706
-5186
-3842
43
1288
-2406
-8240
-10811
-7382
-1093
2195
-771
-6422
-8536
-5632
-1088
1603
1796
48
-2378
-3919
-3041
-505
1953
2791
1503
-761
-1987
-1391
269
1483
1862
889
-1159
-2956
-2998
-1841
-820
-558
-1049
-2235
-3501
-3340
-1636
-160
-140
-802
-1133
-722
-328
42
466
1169
1834
1511
354
-124
941
2391
2563
1687
1177
1455
1750
1859
1908
2157
2371
2063
1573
1139
1272
1716
1602
1253
755
476
161
-304
-411
-238
68
-313
-1151
-1951
-1909
-1603
-1507
-1208
-969
-950
-1706
-2437
-1566
-316
1321
1365
333
-653
-598
1192
2114
2389
1708
1212
402
-167
77
639
1155
839
109
-809
-1374
-859
-349
15
-298
-687
-896
-887
-335
151
265
124
172
255
280
511
1133
1792
1677
1239
989
1274
1989
2266
2309
2142
2043
1878
1615
1811
2460
2844
2483
1691
1444
1896
2546
2687
2540
2351
2222
2224
2281
2402
614
-2461
-4339
-2520
766
949
-3299
-8145
-9320
-5319
-200
1100
-2550
-7016
-7391
-4159
-463
1419
1411
-298
-2531
-3400
-1772
886
2466
2135
430
-1211
-1426
-562
602
1235
1207
30
-2083
-3257
-2370
-803
-253
-1001
-2129
-3260
-3788
-2893
-998
7
-649
-1922
-2450
-1647
-566
230
389
512
813
601
-24
119
1407
2677
2550
1582
1096
1310
1778
2251
2540
2696
2365
1831
1327
1158
1612
2066
2045
1327
566
93
-56
-81
8
87
-278
-1034
-1796
-1918
-1612
-1637
-1784
-1795
-1368
-1141
-1414
-1792
-1663
-817
585
1128
507
-485
-365
836
1951
2260
1944
1088
275
235
753
1327
1096
614
-46
-634
-726
-303
108
157
-314
-894
-1299
-1008
-116
564
334
-176
-521
-457
-100
444
1147
1339
1065
667
681
1209
1981
2391
2253
1819
1652
1943
2223
2452
2751
2923
2843
2252
2069
2418
2856
2940
2673
2484
2699
2994
3135
1634
-1381
-3591
-2687
570
1888
-1279
-6711
-9624
-7102
-1173
1798
-1042
-7065
-9244
-5925
-973
1251
655
-1061
-2416
-2878
-1833
290
2012
2358
1226
-566
-1382
-671
668
1459
1173
152
-1563
-2987
-2869
-1519
-633
-787
-1753
-2935
-3950
-3786
-2111
-569
-570
-1647
-2447
-2379
-1495
-453
294
441
282
122
-312
-234
979
2470
2910
1948
1118
1258
1887
2528
2826
2748
2471
2132
1902
1605
1565
1914
2226
1852
959
285
40
150
217
286
76
-670
-1548
-2165
-1822
-1055
-664
-1110
-1928
-2191
-1697
-747
39
314
13
-232
-94
512
1143
1505
1435
1106
836
998
1225
1262
1103
878
559
112
-222
-141
74
89
-206
-677
-905
-882
-675
-512
-449
-395
-448
-588
-548
-226
148
250
169
209
563
872
998
975
1146
1632
1986
1989
1783
1732
2127
2475
2631
2473
2464
2600
2750
2737
2699
2605
2457
2355
2311
2658
2814
2502
505
-2043
-3239
-1539
881
647
-3107
-7106
-7822
-4447
-251
385
-3107
-7291
-7194
-3695
-276
222
-832
-1855
-2240
-2002
-1086
420
1509
1745
974
-294
-736
-129
1047
1550
1103
-101
-1591
-2489
-2132
-1057
-636
-1121
-2207
-3080
-3443
-2851
-1626
-853
-1106
-1778
-2198
-1957
-1294
-529
61
242
239
36
-245
-40
945
2029
2316
1832
1360
1582
2169
2760
2963
2675
2336
2173
2315
2284
2101
1951
1913
1595
1024
471
288
386
416
145
-581
-1336
-1668
-1334
-876
-994
-1758
-2454
-2298
-1348
-427
-600
-1272
-1510
-547
625
932
489
86
367
877
1317
1460
1400
974
501
388
583
921
720
190
-300
-481
-389
-390
-419
-374
-470
-806
-1114
-1105
-607
-194
-112
-465
-724
-602
-129
238
543
679
617
488
482
997
1526
1878
1858
1732
1684
1832
2221
2487
2683
2776
2773
2665
2568
2837
3097
3170
2748
2541
2571
2850
1990
-420
-2609
-2458
199
1514
-638
-5250
-7726
-6074
-1435
976
-1172
-5805
-7582
-4753
-908
503
-598
-1661
-1976
-1705
-1325
-503
690
1615
1864
827
-417
-800
264
1758
2267
1297
-725
-2206
-2291
-1035
-243
-490
-1670
-2889
-3499
-3270
-2199
-1395
-1385
-2145
-2635
-2592
-1952
-1204
-671
-322
-112
12
-228
-313
380
1600
2265
1962
1341
1259
1784
2486
2998
3008
2644
2224
2047
2011
1928
1930
2017
1930
1339
496
-154
-244
-104
-225
-809
-1540
-1906
-1829
-1793
-1879
-1962
-1872
-1657
-1607
-1501
-1401
-1079
-568
-39
291
309
203
298
716
1212
1481
1378
1196
1111
1009
908
916
1076
1074
556
-112
-474
-322
-25
11
-349
-813
-1165
-1216
-946
-550
-244
-412
-756
-875
-583
-85
302
481
583
580
597
724
1053
1488
1890
2140
2110
1989
1957
2284
2599
2880
2966
3098
3075
2921
2682
2735
3077
3400
3319
2696
1809
484
-704
-1278
-490
284
-308
-2903
-5242
-5714
-3617
-1283
-1071
-3417
-5944
-5566
-2957
-658
-665
-1599
-2041
-1575
-1116
-782
-329
348
1179
1344
750
-147
-321
527
1382
1417
457
-698
-1404
-1429
-1103
-955
-1201
-1802
-2433
-2760
-2742
-2430
-2189
-1978
-1794
-1865
-2147
-2345
-1880
-1007
-284
-71
-214
-385
-227
397
1241
1786
1935
1770
1686
1721
2059
2600
2940
2915
2561
2239
2015
1968
2010
2041
1853
1422
861
234
-243
-392
-455
-620
-1124
-1584
-1878
-1955
-1899
-1629
-1432
-1426
-1524
-1525
-1181
-792
-381
-2
182
245
278
363
667
940
1154
1191
1028
1057
1063
994
826
791
805
594
89
-293
-301
-212
-181
-409
-642
-793
-918
-956
-910
-698
-571
-632
-725
-546
-224
-55
59
266
533
645
713
937
1272
1578
1857
1975
1971
1946
2163
2533
2692
2585
2508
2592
2733
2733
2604
2443
2472
2563
2592
2121
878
-520
-1207
-698
209
148
-1497
-3620
-4809
-3638
-1667
-809
-2301
-4304
-4691
-3075
-1518
-1099
-1560
-1890
-1567
-1091
-699
-738
-812
-308
591
1013
541
-234
-335
220
613
424
-154
-656
-836
-859
-897
-1033
-1493
-1927
-1976
-1662
-1454
-1837
-2362
-2320
-1839
-1408
-1331
-1514
-1500
-1148
-616
-257
-301
-342
39
567
960
1125
1253
1444
1570
1757
2122
2396
2514
2417
2239
2178
2196
2230
2128
1932
1738
1522
1024
479
140
81
85
-205
-627
-1014
-1235
-1223
-1133
-1103
-1182
-1243
-1250
-1103
-1003
-796
-524
-270
-92
-131
-177
-99
157
419
554
605
628
637
528
497
616
754
693
320
49
36
190
248
75
-144
-296
-415
-511
-557
-461
-331
-358
-582
-680
-503
-226
3
91
83
20
53
354
757
1009
1129
1204
1265
1349
1453
1712
1971
2152
2323
2444
2452
2407
2433
2552
2700
2708
2589
2218
1552
967
537
317
207
91
-171
-820
-1933
-2535
-2425
-1780
-1683
-2277
-2939
-3088
-2805
-2447
-2229
-2226
-2173
-2128
-1865
-1628
-1496
-1296
-920
-569
-379
-412
-266
30
173
22
-187
-349
-297
-208
-70
-72
-446
-878
-1115
-1061
-1020
-1117
-1279
-1256
-1270
-1325
-1415
-1492
-1313
-1038
-703
-603
-670
-709
-489
-141
217
496
640
761
821
1015
1388
1767
1938
1870
1764
1858
2235
2534
2507
2072
1658
1592
1590
1397
974
651
537
387
14
-281
-502
-570
-635
-759
-843
-986
-1069
-980
-821
-800
-791
-773
-471
-258
-219
-246
-201
36
239
371
490
679
739
682
519
550
702
678
468
215
228
352
341
52
-146
-239
-348
-526
-665
-519
-364
-432
-618
-695
-583
-343
-151
27
46
33
132
317
579
837
1105
1234
1311
1369
1634
1993
2231
2369
2365
2451
2583
2765
2787
2620
2188
1648
1216
894
753
522
176
-306
-1084
-1738
-2040
-1999
-1902
-2069
-2339
-2675
-2997
-3023
-2647
-2341
-2276
-2393
-2226
-1799
-1414
-1232
-1126
-1030
-644
-107
391
488
216
-47
97
443
690
501
42
-278
-317
-227
-212
-555
-1070
-1445
-1509
-1296
-1297
-1500
-1698
-1764
-1803
-1790
-1652
-1313
-1006
-896
-833
-802
-645
-285
163
582
800
884
1017
1183
1355
1546
1696
1901
2065
2068
1993
1910
1915
1889
1724
1431
1214
1065
951
796
472
165
-98
-203
-265
-361
-517
-664
-749
-682
-594
-618
-675
-613
-408
-205
-179
-145
-36
110
152
211
393
631
720
668
699
732
733
654
644
701
667
516
361
250
171
36
-123
-242
-313
-418
-529
-625
-644
-576
-545
-594
-622
-545
-331
-85
45
72
58
154
436
756
982
1103
1167
1327
1470
1623
1789
1999
2183
2264
2183
2096
2013
1648
1207
782
642
576
306
-98
-705
-1487
-1939
-1938
-1656
-1763
-2273
-2649
-2623
-2521
-2337
-2227
-2166
-2154
-2054
-1602
-1096
-871
-845
-783
-571
-106
357
752
857
714
552
515
615
817
886
724
403
58
-83
-130
-288
-529
-855
-1031
-1107
-1207
-1385
-1536
-1635
-1612
-1558
-1459
-1368
-1332
-1214
-974
-720
-544
-445
-324
-49
310
721
971
1017
1048
1211
1459
1654
1753
1806
1873
1781
1603
1401
1261
1204
1126
942
622
281
120
97
27
-171
-406
-528
-513
-395
-376
-428
-533
-504
-375
-249
-152
-79
30
128
216
277
393
488
566
567
635
758
833
755
665
705
748
752
620
587
544
441
246
129
68
21
-49
-146
-239
-400
-510
-523
-468
-341
-276
-282
-351
-317
-161
130
345
410
409
453
709
938
1023
1055
1210
1443
1557
1463
1428
1567
1721
1724
1371
924
556
356
294
209
-40
-470
-1153
-1646
-1752
-1610
-1604
-1862
-2153
-2286
-2305
-2221
-1994
-1822
-1743
-1692
-1465
-1077
-797
-686
-572
-361
-1
342
583
637
604
542
634
684
669
555
454
395
292
116
-85
-313
-526
-714
-840
-889
-1004
-1123
-1261
-1371
-1500
-1500
-1367
-1198
-1117
-1125
-1033
-862
-671
-505
-317
-151
-23
106
267
480
659
820
957
990
1012
1063
1182
1275
1299
1268
1158
945
723
685
697
686
524
347
153
-18
-100
-82
-98
-176
-222
-145
-55
-91
-157
-104
35
141
150
169
286
439
542
570
557
528
574
654
741
769
743
710
660
613
604
610
568
500
463
425
370
201
100
35
-8
-35
-84
-109
-157
-189
-239
-267
-287
-173
-58
20
34
78
253
492
609
611
620
729
905
1008
1033
1046
1061
1068
966
639
335
142
112
52
-176
-439
-719
-1172
-1507
-1667
-1582
-1616
-1825
-2049
-2118
-2112
-2046
-1967
-1904
-1789
-1652
-1352
-985
-719
-554
-454
-341
-90
244
608
847
869
806
744
735
799
830
767
659
462
298
204
78
-98
-356
-562
-685
-747
-802
-850
-1006
-1139
-1222
-1167
-1067
-1037
-980
-837
-667
-545
-462
-379
-246
-76
135
410
621
739
754
778
813
896
1001
1086
1067
983
934
917
837
670
555
494
460
331
220
130
56
7
-53
-144
-277
-365
-342
-234
-173
-153
-151
-99
8
72
119
195
334
496
577
569
598
634
688
786
843
847
821
772
769
754
729
707
608
445
335
307
363
320
187
42
-107
-153
-176
-173
-203
-195
-180
-167
-236
-278
-222
-144
12
141
221
279
340
418
551
690
830
924
913
903
920
934
912
762
503
221
-78
-231
-276
-319
-497
-978
-1539
-1765
-1683
-1515
-1604
-1817
-1939
-1985
-2029
-1906
-1711
-1564
-1531
-1445
-1079
-664
-484
-411
-294
-21
303
575
780
926
986
1056
1120
1145
1139
1062
1001
924
839
762
656
469
216
-47
-216
-275
-354
-507
-684
-866
-926
-946
-957
-968
-969
-885
-793
-708
-602
-460
-336
-254
-172
4
230
377
514
642
747
780
753
728
757
836
924
910
747
524
385
320
230
90
-22
-80
-192
-340
-454
-532
-589
-625
-648
-621
-606
-604
-579
-549
-488
-421
-305
-158
-38
10
68
191
356
473
500
557
645
737
811
871
913
926
918
904
880
804
747
684
622
554
461
349
223
110
44
15
-62
-140
-218
-233
-195
-133
-94
-65
-31
53
151
253
347
421
515
631
709
799
871
960
988
964
926
884
766
567
344
128
-14
-191
-374
-615
-914
-1259
-1481
-1654
-1721
-1854
-1974
-2034
-2061
-2040
-1938
-1854
-1810
-1741
-1513
-1143
-852
-722
-569
-294
-10
241
457
725
903
965
1032
1161
1258
1238
1148
1076
1040
962
863
704
503
315
112
-81
-284
-468
-565
-652
-779
-895
-1017
-1039
-1006
-979
-932
-873
-785
-656
-550
-415
-252
-147
-22
120
283
450
522
553
581
661
788
853
793
715
654
625
592
452
315
182
87
25
-81
-247
-419
-537
-589
-614
-631
-637
-678
-732
-722
-670
-581
-493
-383
-254
-152
-64
67
226
357
435
487
598
738
915
1040
1065
1023
1012
1079
1179
1204
1144
1049
980
918
802
708
623
546
434
278
159
80
44
-34
-158
-263
-273
-212
-159
-138
-112
-44
9
51
99
204
320
418
506
584
612
631
652
654
648
589
541
483
348
152
-49
-259
-444
-594
-712
-891
-1197
-1513
-1652
-1704
-1790
-1942
-2007
-1988
-1978
-1924
-1777
-1641
-1584
-1542
-1340
-1026
-736
-511
-274
-46
165
356
552
775
937
1043
1142
1201
1246
1235
1194
1151
1076
950
811
672
521
377
218
86
-87
-280
-439
-534
-595
-631
-672
-716
-755
-773
-730
-637
-526
-409
-295
-183
-52
82
235
336
383
474
573
684
778
807
794
793
770
720
629
549
497
406
279
165
45
-81
-255
-420
-488
-527
-598
-699
-770
-785
-782
-780
-728
-648
-553
-464
-359
-204
-45
68
152
254
410
588
738
850
956
1032
1112
1145
1148
1164
1191
1202
1172
1084
998
911
816
686
570
478
390
273
119
-8
-112
-165
-243
-310
-355
-346
-333
-326
-345
-318
-228
-141
-68
-46
-23
60
193
312
376
343
308
324
368
390
378
331
278
121
-64
-205
-332
-468
-631
-786
-913
-1134
-1408
-1548
-1579
-1597
-1691
-1760
-1715
-1653
-1643
-1549
-1420
-1286
-1191
-1051
-773
-494
-325
-150
43
246
426
561
717
863
961
1036
1096
1106
1095
1034
1002
935
813
697
623
531
409
253
119
22
-108
-190
-249
-327
-392
-440
-441
-426
-417
-386
-340
-322
-243
-111
29
101
109
157
262
345
424
476
520
560
570
580
582
543
513
418
322
253
177
88
-47
-193
-282
-349
-454
-567
-679
-735
-742
-758
-767
-767
-748
-695
-629
-520
-411
-329
-252
-130
6
171
325
469
591
699
808
929
1045
1141
1188
1209
1219
1231
1238
1211
1147
1076
1009
908
778
663
541
406
284
173
61
-79
-215
-302
-353
-419
-468
-502
-523
-563
-573
-524
-464
-422
-375
-321
-255
-196
-140
-62
-11
5
24
64
124
125
73
38
4
-77
-187
-310
-425
-537
-654
-728
-787
-910
-1098
-1219
-1249
-1242
-1277
-1270
-1236
-1224
-1184
-1069
-886
-760
-719
-644
-471
-263
-64
110
271
398
499
609
732
853
959
1018
1040
1034
1011
1000
962
888
795
707
619
518
410
312
229
116
-24
-137
-204
-238
-292
-342
-363
-363
-363
-367
-358
-327
-271
-204
-136
-58
19
86
135
209
281
359
391
418
438
442
430
414
379
316
233
142
72
-19
-143
-250
-335
-449
-553
-641
-695
-733
-789
-812
-804
-773
-723
-669
-607
-531
-432
-298
-151
-8
132
276
434
580
717
856
988
1095
1181
1242
1274
1288
1299
1316
1308
1255
1160
1041
923
814
713
597
475
356
218
86
-44
-156
-253
-329
-396
-453
-492
-498
-514
-531
-514
-471
-433
-375
-343
-292
-231
-175
-103
-55
-35
-12
-2
-4
4
10
-2
-70
-145
-224
-342
-503
-615
-666
-682
-751
-872
-992
-1098
-1130
-1092
-1045
-1044
-1041
-958
-803
-711
-693
-604
-458
-281
-153
-25
148
301
402
491
601
707
776
840
933
956
905
845
797
783
740
676
611
499
347
233
151
68
-34
-130
-165
-221
-301
-347
-367
-391
-410
-395
-354
-331
-313
-251
-172
-124
-88
-49
23
106
190
268
307
306
298
304
304
292
259
227
182
104
10
-85
-159
-224
-293
-361
-415
-467
-506
-521
-556
-571
-564
-536
-496
-472
-415
-319
-217
-126
-24
82
193
287
387
520
635
731
826
894
939
983
1022
1060
1063
1042
1023
997
955
883
806
731
629
520
417
318
234
150
56
-26
-139
-229
-310
-345
-369
-395
-426
-454
-474
-487
-470
-433
-409
-391
-344
-283
-237
-217
-211
-177
-157
-122
-106
-80
-87
-136
-165
-192
-202
-225
-262
-327
-378
-421
-444
-487
-563
-615
-670
-665
-630
-590
-586
-610
-605
-546
-446
-372
-282
-197
-106
-53
-3
74
176
266
326
375
431
495
511
515
533
521
501
475
492
472
401
306
219
153
91
50
12
-40
-128
-164
-202
-242
-284
-289
-283
-304
-331
-345
-319
-294
-267
-239
-214
-171
-116
-78
-56
-26
6
64
108
150
144
120
122
134
122
82
72
62
45
-7
-40
-72
-129
-167
-179
-179
-189
-217
-233
-231
-221
-198
-166
-124
-64
18
78
131
198
270
338
408
495
581
644
697
751
792
817
839
862
863
833
788
750
691
627
565
498
410
317
227
148
79
-10
-109
-190
-246
-293
-335
-389
-443
-494
-539
-531
-506
-489
-500
-496
-470
-428
-401
-378
-333
-299
-264
-209
-165
-156
-167
-162
-113
-75
-61
-60
-59
-61
-55
-54
-53
-82
-105
-117
-101
-75
-86
-99
-106
-102
-97
-86
-50
-19
-13
-5
25
63
86
121
159
199
209
220
262
285
287
297
317
326
307
268
244
197
161
138
106
55
-10
-67
-108
-165
-224
-262
-319
-367
-394
-421
-456
-481
-495
-508
-529
-551
-533
-495
-454
-433
-431
-402
-351
-302
-296
-253
-200
-150
-131
-104
-59
-41
-47
-50
-16
7
3
-13
-21
-25
-44
-35
-22
-36
-59
-61
-46
-33
-24
-6
12
8
34
77
147
202
248
298
352
418
476
534
598
662
699
725
754
793
819
816
806
786
752
717
673
630
568
497
447
372
272
174
99
46
-23
-104
-180
-239
-304
-349
-397
-442
-454
-451
-464
-491
-511
-497
-477
-453
-415
-390
-367
-333
-307
-254
-230
-213
-178
-147
-118
-82
-52
-39
-38
-47
-31
-8
8
14
-6
-24
-20
-25
-16
-2
-6
-23
-28
1
32
47
55
72
86
110
151
207
244
251
274
304
318
310
313
336
353
357
358
353
307
272
251
220
173
125
97
72
17
-56
-132
-206
-249
-277
-297
-326
-377
-423
-475
-505
-495
-485
-474
-483
-487
-473
-448
-422
-410
-381
-350
-320
-287
-253
-220
-185
-177
-159
-148
-135
-119
-115
-101
-111
-126
-138
-144
-158
-170
-168
-162
-164
-174
-166
-158
-148
-132
-82
-34
-6
19
67
120
181
237
283
325
369
421
474
522
557
589
604
618
655
660
647
617
593
566
517
473
424
368
295
224
173
114
48
-6
-49
-100
-159
-197
-223
-235
-255
-261
-251
-260
-268
-255
-230
-213
-175
-142
-99
-71
-56
-36
0
32
47
54
73
94
93
105
110
102
82
73
83
84
67
52
46
20
4
-12
0
-6
-9
18
27
40
43
58
75
85
115
162
202
219
218
232
243
253
274
302
302
277
269
265
256
231
192
154
118
74
39
11
-39
-94
-146
-184
-218
-245
-274
-309
-340
-373
-379
-381
-395
-399
-386
-367
-359
-363
-349
-316
-290
-278
-256
-236
-228
-217
-205
-209
-198
-181
-171
-149
-158
-178
-182
-194
-191
-192
-209
-208
-213
-237
-247
-243
-241
-237
-249
-249
-229
-199
-171
-141
-115
-85
-56
-29
31
82
111
131
159
214
264
286
306
323
336
348
349
347
346
328
305
277
256
211
174
138
93
49
15
-17
-51
-106
-141
-160
-177
-182
-198
-199
-188
-181
-166
-147
-127
-104
-87
-53
-20
6
37
67
95
119
141
155
174
192
202
229
247
245
240
227
231
244
235
216
210
197
179
170
167
162
154
148
151
150
134
130
146
156
150
163
173
178
177
180
200
203
199
196
197
184
180
180
160
136
111
87
67
45
-6
-40
-78
-119
-144
-173
-194
-238
-270
-296
-311
-319
-332
-334
-344
-357
-348
-333
-320
-301
-301
-283
-253
-235
-215
-201
-172
-162
-153
-125
-110
-101
-79
-79
-72
-68
-76
-76
-75
-62
-61
-69
-86
-97
-87
-83
-89
-91
-91
-98
-104
-98
-74
-75
-74
-69
-44
-23
-5
11
24
37
58
89
110
116
117
134
147
143
131
124
117
99
82
60
47
27
-23
-54
-75
-101
-131
-153
-166
-191
-216
-234
-248
-260
-262
-256
-233
-225
-217
-199
-183
-170
-153
-121
-84
-42
-13
26
53
76
108
126
149
166
198
213
243
253
265
272
270
282
292
306
309
311
304
312
313
305
306
299
315
309
309
298
289
296
290
302
311
305
299
288
297
286
277
280
261
239
213
207
192
170
151
122
94
74
53
27
-10
-50
-70
-96
-113
-137
-171
-183
-208
-233
-259
-270
-273
-280
-282
-295
-300
-303
-300
-287
-265
-254
-246
-237
-220
-201
-198
-170
-144
-128
-118
-109
-91
-79
-75
-66
-47
-37
-28
-23
-17
-25
-37
-27
-27
-36
-46
-57
-65
-65
-64
-64
-67
-82
-77
-69
-56
-38
-40
-45
-41
-31
-23
-10
-3
7
14
7
12
15
12
-1
-9
-12
-21
-24
-43
-68
-80
-96
-110
-127
-140
-154
-177
-194
-198
-200
-204
-216
-218
-218
-208
-199
-195
-175
-165
-148
-112
-73
-48
-32
-5
28
56
90
125
152
178
193
218
233
240
264
277
286
294
290
285
271
269
260
262
261
245
239
224
217
199
193
192
189
183
174
177
180
180
184
189
179
178
176
179
180
170
169
159
149
143
133
134
113
83
66
48
29
9
3
-7
-37
-62
-78
-83
-113
-126
-138
-157
-169
-189
-195
-197
-200
-201
-203
-196
-197
-196
-179
-164
-152
-145
-130
-112
-110
-105
-91
-68
-59
-42
-30
-32
-23
-28
-16
-2
-6
-18
-23
-17
-22
-25
-39
-48
-56
-63
-50
-48
-52
-58
-58
-64
-73
-64
-60
-58
-49
-45
-41
-34
-30
-34
-43
-36
-30
-16
-22
-19
-31
-37
-45
-54
-47
-54
-52
-79
-95
-95
-117
-128
-133
-141
-155
-164
-178
-179
-176
-174
-170
-169
-161
-145
-127
-112
-91
-76
-57
-31
-2
27
51
70
93
112
128
162
174
189
200
202
207
207
198
197
200
193
188
180
171
164
159
145
140
122
114
116
107
100
86
84
69
66
61
52
52
56
44
38
41
46
53
57
53
52
58
59
64
58
58
52
62
58
46
39
17
23
6
-2
-5
-22
-40
-57
-55
-69
-71
-68
-78
-81
-82
-76
-72
-76
-68
-67
-49
-30
-21
-10
-8
3
6
24
41
44
49
49
47
57
58
53
51
48
45
44
37
22
23
5
-1
4
-12
-13
-22
-30
-46
-63
-57
-64
-73
-74
-75
-87
-88
-86
-92
-87
-81
-84
-78
-73
-75
-74
-67
-60
-68
-61
-58
-71
-70
-86
-94
-98
-108
-115
-118
-121
-130
-142
-139
-141
-144
-149
-143
-127
-122
-107
-99
-80
-75
-57
-35
-25
-1
17
41
57
75
92
106
118
130
141
157
162
163
166
155
164
164
154
156
155
144
137
128
116
113
99
80
61
57
54
38
38
29
17
10
4
7
1
3
6
5
16
19
23
22
28
32
20
37
39
30
28
27
26
13
6
-2
-3
-15
-24
-32
-37
-49
-64
-60
-57
-51
-58
-57
-58
-61
-54
-51
-41
-36
-19
-13
-7
3
10
25
37
43
50
61
59
60
69
73
77
86
85
81
85
85
76
70
58
51
42
30
22
18
5
-4
-20
-39
-40
-54
-59
-60
-66
-79
-77
-85
-89
-81
-92
-89
-90
-93
-86
-94
-90
-89
-92
-90
-90
-93
-95
-91
-98
-99
-97
-96
-96
-108
-101
-102
-107
-97
-98
-98
-93
-99
-99
-85
-86
-85
-74
-70
-66
-57
-49
-38
-34
-29
-11
-4
14
33
41
53
66
75
91
108
118
130
136
144
149
150
157
161
156
157
160
142
138
119
116
109
93
74
68
62
52
46
29
31
10
1
2
0
2
-2
-5
-13
-5
-11
-1
-1
-5
-2
-1
1
-3
-6
-5
-8
0
-1
-6
-6
-9
-15
-22
-17
-25
-30
-32
-44
-35
-45
-45
-55
-50
-55
-54
-45
-46
-41
-32
-26
-22
-15
1
10
10
25
29
36
49
54
61
66
76
70
70
66
57
60
52
46
31
25
18
3
-6
-11
-18
-29
-36
-47
-48
-54
-65
-68
-68
-69
-74
-63
-70
-69
-70
-72
-69
-67
-64
-64
-60
-53
-54
-54
-45
-48
-49
-35
-32
-33
-32
-33
-31
-28
-32
-25
-21
-30
-25
-25
-30
-25
-26
-20
-16
-9
-12
-9
-3
0
8
18
23
30
38
41
58
61
67
77
83
83
88
97
93
98
90
92
91
90
91
80
80
77
71
65
64
60
54
53
57
47
48
45
42
37
38
30
32
29
24
24
26
31
25
24
22
20
18
12
13
16
16
13
10
11
14
-4
-1
-3
-12
-9
-13
-19
-25
-33
-34
-40
-38
-42
-39
-37
-40
-41
-40
-30
-30
-27
-21
-12
-5
5
6
12
21
18
25
35
42
44
44
39
32
32
34
23
21
16
3
-2
-10
-11
-19
-25
-31
-42
-49
-54
-65
-69
-81
-82
-81
-83
-85
-90
-89
-92
-93
-89
-88
-86
-79
-77
-71
-58
-53
-53
-49
-39
-39
-25
-22
-21
-23
-19
-20
-17
-15
-22
-19
-24
-28
-24
-30
-23
-27
-33
-30
-25
-21
-23
-15
-9
-5
-1
5
15
21
23
33
41
43
55
55
47
59
52
52
58
52
57
48
49
45
36
33
25
26
20
17
15
18
7
1
4
-4
-5
-3
-6
-7
-6
-8
-12
-9
-5
-3
-2
0
4
6
1
9
8
17
17
17
24
20
26
22
19
25
20
17
15
15
11
10
5
5
6
-3
0
4
4
-1
7
1
4
12
9
17
22
26
20
25
31
27
31
36
36
36
36
34
35
30
29
26
19
17
20
11
6
8
0
-8
-14
-21
-24
-29
-38
-43
-49
-56
-55
-66
-66
-70
-78
-78
-81
-82
-83
-82
-81
-79
-81
-73
-65
-64
-63
-54
-53
-53
-44
-48
-45
-43
-34
-43
-32
-31
-34
-32
-35
-30
-28
-24
-17
-22
-12
-8
-7
1
7
10
16
25
27
36
43
44
48
57
51
60
64
59
63
59
64
61
61
58
58
56
48
43
41
42
28
28
26
12
19
13
3
3
-1
-7
-10
-14
-15
-16
-16
-19
-20
-9
-14
-4
-4
-3
8
4
11
14
19
21
22
28
28
32
26
27
29
22
20
24
25
18
12
20
13
12
13
12
13
18
12
13
22
21
22
24
31
31
34
40
39
43
46
51
46
52
56
51
56
55
49
50
51
41
41
38
33
25
20
15
3
0
-7
-19
-22
-28
-42
-43
-50
-60
-57
-64
-64
-70
-70
-69
-70
-69
-70
-63
-61
-56
-53
-48
-48
-42
-50
-43
-36
-42
-33
-34
-34
-36
-31
-36
-30
-30
-34
-27
-36
-23
-33
-28
-27
-28
-23
-26
-14
-19
-12
-15
-6
-6
-8
2
0
7
8
11
16
16
23
20
16
26
28
22
26
31
21
26
20
18
17
14
10
0
3
3
-6
-8
-7
-17
-12
-18
-23
-12
-19
-17
-13
-11
-10
0
-3
4
9
9
17
17
19
26
22
30
31
31
31
32
39
29
34
33
31
30
28
29
29
26
28
26
25
28
28
27
25
28
25
29
26
29
36
29
38
37
35
38
43
39
39
47
44
46
44
44
40
37
41
32
26
29
20
14
10
2
2
-13
-17
-17
-26
-29
-31
-42
-46
-44
-58
-55
-52
-58
-59
-61
-62
-69
-68
-68
-72
-72
-73
-70
-73
-74
-72
-75
-72
-74
-72
-69
-71
-69
-66
-67
-60
-57
-63
-54
-55
-57
-52
-50
-55
-49
-52
-46
-43
-47
-43
-45
-44
-44
-44
-39
-38
-39
-31
-37
-29
-22
-29
-20
-19
-17
-18
-14
-11
-12
-9
-9
-3
-7
2
4
0
3
8
9
8
15
17
19
22
28
32
30
41
39
38
49
47
55
56
58
63
65
73
68
76
82
75
85
87
87
99
94
95
101
99
101
101
102
103
97
100
101
91
95
94
83
91
83
79
80
72
72
64
65
63
61
59
58
56
52
49
42
40
34
31
27
21
16
12
5
-4
-9
-15
-21
-28
-36
-43
-47
-51
-66
-59
-71
-75
-74
-84
-87
-85
-91
-98
-95
-92
-99
-96
-93
-96
-89
-93
-90
-85
-87
-81
-78
-75
-71
-65
-61
-64
-50
-50
-53
-38
-40
-42
-31
-30
-27
-23
-19
-14
-14
-10
-4
-4
0
7
13
12
23
30
29
42
44
49
55
58
68
66
76
82
83
89
90
98
96
99
102
100
105
104
105
105
104
108
102
100
100
99
94
89
90
80
80
75
62
65
65
48
48
43
36
31
26
19
13
17
6
1
2
-5
-8
-16
-21
-22
-32
-31
-41
-47
-50
-55
-69
-71
-74
-94
-91
-104
-110
-120
-124
-131
-140
-139
-153
-148
-157
-166
-164
-173
-176
-171
-180
-175
-176
-175
-173
-176
-170
-170
-169
-164
-164
-158
-152
-147
-143
-137
-131
-126
-118
-117
-112
-106
-101
-97
-93
-83
-78
-72
-65
-60
-50
-41
-42
-29
-24
-14
0
2
22
34
45
58
71
86
92
107
112
129
134
143
161
161
173
183
187
189
195
199
195
201
202
197
200
204
198
194
202
196
190
189
187
177
176
171
171
166
157
162
152
151
145
139
134
133
123
115
116
108
104
94
89
86
77
66
60
54
40
29
20
15
-7
-5
-21
-35
-39
-54
-66
-76
-85
-97
-102
-116
-119
-130
-137
-140
-150
-156
-162
-162
-175
-172
-180
-183
-184
-195
-194
-198
-197
-207
-202
-205
-210
-204
-210
-210
-206
-209
-208
-208
-205
-200
-207
-193
-193
-190
-183
-179
-174
-171
-163
-157
-151
-142
-131
-125
-113
-102
-88
-80
-64
-50
-45
-24
-15
-3
16
28
42
54
76
85
97
113
120
133
146
148
165
178
181
198
203
216
224
231
239
243
255
253
261
271
274
278
284
294
287
293
301
285
292
290
286
280
280
277
269
269
256
255
242
233
224
208
198
185
172
159
147
138
114
104
92
66
50
30
14
-9
-28
-38
-58
-77
-86
-108
-122
-135
-154
-169
-182
-197
-210
-222
-229
-243
-252
-258
-266
-277
-287
-291
-308
-309
-317
-325
-327
-326
-334
-334
-331
-334
-331
-333
-327
-329
-321
-318
-314
-304
-296
-290
-282
-265
-263
-248
-241
-233
-213
-208
-194
-178
-162
-147
-133
-115
-97
-79
-69
-45
-30
-13
4
24
37
53
76
81
104
121
131
142
161
172
179
195
203
214
227
232
245
255
264
272
280
289
295
300
304
311
312
312
320
318
316
319
318
310
310
311
295
295
292
278
271
270
256
250
241
231
224
209
196
189
171
156
145
125
117
96
86
67
54
38
21
4
-12
-25
-48
-54
-72
-85
-96
-111
-118
-134
-143
-157
-172
-179
-196
-205
-216
-231
-232
-245
-257
-262
-271
-279
-291
-296
-300
-311
-310
-314
-316
-314
-313
-312
-311
-304
-304
-302
-296
-289
-288
-275
-270
-257
-250
-237
-224
-216
-200
-192
-175
-163
-151
-130
-120
-99
-79
-66
-45
-25
-13
5
25
36
53
67
83
96
114
125
142
156
165
184
189
204
215
221
235
247
257
264
279
285
291
301
303
310
310
311
315
312
311
311
310
298
298
295
279
272
265
255
239
232
216
205
193
178
162
144
135
110
93
75
62
33
15
7
-26
-38
-58
-77
-96
-116
-129
-147
-165
-176
-193
-208
-210
-234
-242
-246
-266
-269
-282
-287
-295
-304
-309
-319
-319
-325
-333
-332
-330
-334
-331
-328
-322
-318
-314
-304
-293
-284
-275
-261
-247
-233
-218
-202
-188
-168
-151
-142
-117
-103
-86
-71
-48
-34
-16
5
20
42
57
78
88
108
130
140
153
176
186
197
219
222
239
247
254
266
266
284
280
288
302
297
306
312
310
314
317
313
314
314
312
307
307
301
298
288
280
275
262
249
236
228
210
196
183
173
153
141
127
111
97
80
64
49
34
21
1
-7
-23
-37
-49
-70
-75
-97
-108
-126
-133
-150
-163
-168
-183
-190
-198
-209
-215
-223
-234
-233
-244
-245
-251
-254
-253
-256
-260
-260
-258
-262
-262
-264
-256
-262
-257
-248
-247
-240
-237
-224
-224
-207
-203
-199
-175
-176
-161
-147
-136
-123
-110
-97
-85
-69
-60
-46
-36
-19
-8
-1
18
31
45
50
69
85
90
100
117
128
135
148
157
167
180
184
195
202
210
213
219
231
226
232
237
239
243
240
245
247
245
242
248
241
235
242
230
226
226
216
212
196
200
185
170
170
150
144
126
116
104
90
76
63
54
34
25
14
-2
-12
-27
-38
-48
-65
-76
-84
-97
-114
-117
-127
-145
-151
-158
-174
-181
-193
-200
-206
-221
-222
-228
-234
-240
-241
-247
-249
-251
-256
-255
-258
-256
-255
-258
-247
-247
-242
-239
-231
-225
-221
-214
-206
-190
-190
-177
-160
-152
-138
-123
-112
-99
-85
-73
-61
-45
-35
-22
-6
8
19
34
50
58
69
86
95
104
121
130
141
154
165
179
182
199
205
207
220
223
224
236
235
237
247
240
246
245
247
241
238
240
235
226
226
225
214
212
203
198
190
179
171
160
150
134
125
111
101
82
71
61
38
29
14
-1
-14
-29
-44
-52
-70
-80
-91
-103
-116
-122
-136
-149
-152
-167
-173
-187
-189
-200
-212
-214
-226
-226
-236
-241
-239
-244
-247
-244
-247
-242
-243
-235
-237
-227
-217
-219
-204
-197
-187
-181
-170
-159
-149
-143
-128
-117
-109
-94
-83
-69
-58
-43
-29
-20
-2
10
20
39
50
61
81
92
101
120
133
141
151
164
173
179
186
200
207
204
222
222
228
233
234
238
241
240
239
243
240
245
235
240
236
231
225
223
216
209
203
190
190
177
163
162
149
131
129
111
98
89
71
58
46
35
15
7
-8
-21
-34
-49
-61
-73
-86
-103
-111
-122
-133
-147
-156
-163
-178
-182
-193
-203
-209
-220
-228
-232
-237
-248
-249
-252
-261
-262
-260
-267
-268
-266
-265
-265
-266
-257
-257
-250
-246
-238
-230
-227
-217
-208
-201
-192
-183
-173
-160
-153
-143
-125
-120
-109
-89
-83
-72
-56
-42
-31
-13
-2
14
32
42
59
74
96
99
122
136
146
167
170
194
200
215
230
233
254
261
266
278
287
298
297
307
320
322
323
331
340
336
340
345
341
341
343
334
332
334
319
317
310
301
289
279
271
253
243
229
215
202
187
170
157
142
120
110
90
74
55
36
20
-1
-16
-41
-56
-75
-97
-118
-136
-153
-181
-192
-216
-233
-252
-268
-285
-303
-310
-333
-340
-353
-365
-374
-386
-391
-400
-404
-408
-417
-412
-418
-423
-416
-418
-417
-412
-413
-402
-399
-395
-379
-375
-361
-352
-333
-324
-309
-288
-277
-254
-241
-218
-196
-178
-158
-130
-113
-92
-64
-47
-23
-1
21
45
61
88
111
130
152
172
196
213
231
254
272
288
306
322
340
353
367
380
393
400
415
422
421
433
439
435
440
444
440
440
436
432
432
421
413
407
396
390
374
361
354
340
323
305
295
276
252
238
220
196
178
157
134
115
94
68
47
28
-1
-22
-45
-69
-89
-114
-136
-156
-178
-197
-218
-240
-256
-275
-295
-314
-326
-346
-356
-376
-385
-394
-414
-415
-429
-437
-443
-450
-456
-459
-459
-466
-460
-460
-461
-455
-451
-445
-439
-431
-420
-411
-400
-389
-370
-360
-344
-324
-313
-290
-273
-258
-235
-214
-193
-174
-152
-127
-107
-84
-62
-36
-11
11
35
59
88
110
127
159
186
206
227
251
285
293
317
343
363
378
393
419
427
451
456
473
488
491
505
514
519
526
534
535
538
539
545
539
535
538
532
521
518
507
499
488
468
462
442
424
407
385
366
345
321
297
276
246
223
197
167
146
113
86
61
29
1
-26
-55
-87
-111
-146
-170
-200
-232
-257
-288
-312
-343
-363
-393
-417
-437
-465
-482
-505
-519
-541
-557
-565
-585
-590
-604
-611
-616
-622
-629
-633
-623
-632
-632
-618
-620
-612
-605
-592
-583
-570
-554
-540
-524
-504
-485
-462
-442
-413
-389
-364
-334
-308
-272
-250
-213
-183
-150
-117
-88
-50
-19
16
46
85
116
145
182
214
245
274
307
335
369
392
420
455
471
499
524
542
568
580
599
621
634
635
658
669
664
679
682
682
683
680
680
670
666
656
647
634
619
607
588
567
552
532
504
485
456
438
404
371
350
317
281
251
223
187
150
123
86
49
17
-20
-52
-91
-123
-157
-192
-228
-258
-289
-326
-352
-385
-414
-441
-473
-493
-522
-543
-564
-588
-601
-622
-637
-653
-666
-676
-684
-698
-699
-700
-714
-704
-706
-704
-698
-692
-685
-678
-659
-653
-633
-621
-600
-576
-560
-536
-507
-482
-465
-427
-400
-376
-341
-309
-280
-244
-211
-180
-140
-111
-74
-39
-6
32
64
100
133
171
203
238
271
303
338
364
394
428
452
476
507
530
550
573
592
614
624
644
656
667
677
685
697
694
706
706
704
706
703
697
693
683
674
664
654
634
623
608
584
566
544
523
493
471
445
414
387
359
324
295
266
232
196
167
135
97
68
30
0
-31
-72
-101
-131
-166
-202
-233
-258
-295
-324
-351
-379
-407
-434
-457
-484
-507
-522
-552
-565
-580
-601
-610
-625
-633
-643
-653
-657
-658
-669
-665
-666
-663
-661
-658
-642
-645
-635
-617
-611
-597
-582
-567
-545
-529
-509
-486
-463
-437
-416
-393
-356
-339
-309
-278
-251
-215
-195
-158
-125
-97
-64
-35
-5
28
58
84
114
150
176
200
231
264
287
306
339
360
383
404
423
447
466
481
496
514
530
535
548
562
563
570
575
579
581
580
582
578
576
568
563
552
545
531
522
509
489
487
460
444
435
405
387
372
341
320
303
273
249
227
205
175
149
130
97
72
48
19
-4
-27
-57
-77
-103
-128
-147
-177
-196
-214
-243
-263
-278
-298
-317
-337
-344
-363
-380
-391
-402
-413
-426
-431
-443
-444
-450
-458
-454
-459
-458
-459
-457
-452
-452
-440
-443
-430
-417
-415
-398
-389
-374
-361
-350
-335
-312
-308
-286
-264
-255
-231
-212
-192
-176
-154
-132
-122
-94
-72
-62
-32
-13
6
28
47
66
86
108
117
145
159
172
195
208
221
241
252
260
279
285
295
303
314
320
328
334
337
348
347
349
354
351
355
349
348
348
341
340
334
327
324
309
302
294
279
271
257
244
232
220
205
192
174
164
146
127
111
102
80
57
57
31
14
3
-14
-34
-49
-65
-83
-103
-112
-129
-151
-154
-176
-183
-198
-212
-220
-235
-242
-256
-261
-269
-274
-282
-286
-287
-292
-297
-301
-299
-300
-307
-299
-299
-298
-288
-293
-280
-274
-273
-266
-257
-245
-242
-233
-216
-202
-201
-178
-165
-154
-139
-124
-109
-98
-80
-66
-48
-34
-19
1
18
25
50
62
74
90
105
122
130
151
156
181
188
197
212
224
235
237
250
260
269
266
279
293
287
290
302
299
294
301
296
293
292
290
284
277
280
269
257
255
246
232
222
215
205
188
181
170
154
146
128
118
100
89
73
55
48
25
15
2
-19
-27
-45
-61
-72
-88
-104
-114
-126
-142
-150
-157
-172
-182
-184
-201
-203
-214
-219
-224
-234
-233
-240
-244
-240
-249
-254
-247
-253
-252
-258
-245
-249
-250
-238
-236
-235
-226
-216
-220
-205
-196
-193
-188
-170
-159
-157
-141
-128
-120
-113
-100
-87
-78
-72
-56
-46
-35
-23
-14
2
6
20
29
41
48
60
71
81
89
101
114
116
129
135
140
147
157
157
165
174
172
179
184
186
184
189
187
190
191
182
193
189
188
185
191
184
179
179
172
173
163
163
153
156
147
140
134
131
122
107
113
93
87
85
72
64
61
51
43
36
25
19
11
0
-8
-10
-20
-30
-33
-38
-49
-53
-63
-66
-77
-83
-87
-98
-95
-106
-110
-113
-115
-122
-129
-126
-134
-137
-137
-139
-142
-141
-138
-144
-136
-143
-137
-137
-139
-135
-136
-129
-131
-123
-124
-112
-115
-108
-107
-102
-93
-102
-84
-82
-77
-70
-65
-54
-49
-48
-36
-29
-28
-19
-10
-4
0
12
19
19
30
37
38
47
47
58
60
65
71
72
83
83
83
90
94
95
96
94
105
103
101
103
110
108
100
108
104
104
97
94
101
90
85
87
83
76
70
68
64
54
50
46
39
36
25
28
19
7
12
-2
-4
-14
-17
-21
-33
-30
-43
-43
-54
-52
-62
-73
-68
-77
-83
-89
-85
-89
-95
-97
-94
-99
-98
-102
-100
-96
-102
-97
-96
-92
-90
-91
-83
-83
-82
-77
-74
-70
-67
-63
-55
-54
-46
-40
-38
-30
-24
-19
-16
-4
1
3
14
21
26
32
39
44
53
55
56
67
72
71
77
87
88
89
92
97
100
98
100
108
102
107
109
110
107
110
113
101
110
105
100
99
97
95
90
88
82
78
77
67
61
58
49
48
35
33
31
23
13
10
6
0
-11
-14
-19
-30
-28
-41
-45
-45
-55
-63
-66
-69
-79
-81
-87
-92
-98
-95
-102
-110
-106
-109
-113
-114
-118
-118
-113
-123
-119
-117
-117
-114
-119
-111
-111
-110
-108
-104
-103
-100
-91
-96
-85
-83
-80
-74
-69
-66
-62
-53
-50
-46
-37
-30
-29
-18
-13
-11
0
3
10
19
18
29
36
38
48
46
55
63
62
66
73
83
78
81
94
90
96
98
100
105
103
108
107
109
115
109
117
114
113
113
116
112
106
113
108
104
103
103
97
96
95
87
83
84
79
71
66
66
64
53
51
51
42
43
35
22
31
21
6
14
5
0
-6
-11
-13
-22
-27
-32
-32
-43
-45
-45
-52
-53
-62
-60
-62
-68
-72
-71
-74
-79
-75
-80
-81
-80
-81
-84
-83
-87
-79
-82
-90
-80
-79
-83
-79
-74
-79
-71
-70
-71
-68
-62
-62
-57
-52
-52
-44
-41
-35
-34
-30
-28
-20
-17
-23
-8
-3
-5
0
3
10
11
15
17
17
33
24
27
36
40
39
45
45
46
55
50
52
53
61
54
55
59
61
56
57
60
52
55
50
49
53
43
43
48
37
41
34
30
32
25
22
16
18
15
7
6
3
-1
-6
-10
-15
-20
-20
-30
-32
-35
-39
-40
-46
-51
-52
-54
-57
-66
-67
-61
-71
-71
-74
-69
-72
-79
-70
-78
-76
-76
-76
-76
-77
-72
-76
-70
-70
-69
-66
-64
-59
-62
-59
-49
-50
-50
-43
-38
-32
-32
-27
-18
-15
-11
-8
-1
6
7
13
21
24
25
35
39
38
47
52
54
56
65
68
67
76
75
77
85
85
86
89
96
95
93
103
99
97
105
101
100
100
98
102
100
93
98
94
93
90
81
84
81
75
68
68
70
59
56
55
50
45
42
35
31
26
20
18
6
11
3
-8
0
-16
-18
-21
-30
-34
-42
-41
-46
-55
-55
-57
-67
-64
-70
-76
-75
-82
-82
-85
-88
-90
-89
-87
-93
-96
-88
-95
-101
-93
-94
-100
-98
-89
-98
-94
-90
-87
-91
-89
-83
-79
-83
-82
-70
-71
-66
-66
-60
-52
-50
-52
-46
-38
-34
-39
-29
-19
-25
-18
-11
-10
-3
0
5
7
14
13
17
28
24
30
36
36
43
43
47
52
53
53
58
62
58
67
65
64
70
69
73
70
70
73
74
68
73
72
70
72
65
72
66
62
68
65
57
60
62
49
57
49
46
49
39
37
41
32
29
32
20
22
16
14
6
4
7
-3
-4
-5
-5
-13
-17
-13
-19
-28
-25
-29
-31
-37
-35
-33
-44
-37
-42
-46
-43
-53
-49
-52
-55
-51
-58
-51
-57
-54
-53
-61
-54
-52
-61
-57
-53
-55
-49
-55
-49
-41
-49
-46
-40
-39
-45
-41
-34
-39
-36
-29
-30
-27
-24
-22
-22
-17
-18
-13
-12
-11
-4
-7
-1
2
7
6
10
12
15
18
15
21
27
23
25
34
30
33
38
35
42
40
42
42
46
49
42
54
47
54
52
55
58
54
60
51
61
57
51
56
57
56
51
54
55
51
49
49
47
42
47
39
40
37
38
36
27
33
31
24
24
20
20
16
12
9
7
10
-1
-1
-4
-1
-10
-17
-11
-12
-24
-26
-20
-26
-30
-34
-30
-32
-36
-40
-38
-35
-45
-45
-42
-46
-50
-49
-45
-53
-45
-49
-54
-46
-52
-52
-50
-53
-51
-50
-48
-46
-45
-42
-43
-40
-40
-36
-38
-34
-33
-35
-22
-25
-23
-16
-15
-11
-10
-10
-2
-4
-1
8
2
12
18
15
17
26
24
29
28
32
40
40
39
44
52
48
49
53
60
56
50
63
62
58
59
66
63
61
63
62
61
60
60
59
56
59
55
54
53
48
51
47
44
42
43
39
36
32
32
28
26
18
18
21
12
9
5
10
0
-4
-6
-2
-14
-15
-11
-21
-19
-21
-27
-26
-30
-29
-35
-39
-33
-42
-43
-43
-44
-46
-53
-46
-53
-53
-53
-58
-55
-55
-57
-61
-58
-55
-62
-60
-57
-60
-56
-58
-58
-52
-55
-53
-52
-51
-52
-45
-47
-49
-41
-40
-41
-36
-35
-33
-31
-30
-25
-29
-21
-18
-16
-16
-9
-6
-6
-1
-1
4
6
7
9
14
20
16
22
22
23
29
27
27
32
33
35
37
36
42
41
43
41
45
46
45
46
50
48
48
52
49
53
45
53
51
49
48
46
53
47
45
48
45
46
43
41
39
43
36
35
38
30
36
32
25
28
27
24
20
18
19
13
14
11
5
6
5
-3
-4
-1
-13
-8
-12
-21
-18
-20
-19
-32
-27
-27
-33
-31
-43
-34
-39
-43
-44
-44
-43
-48
-48
-48
-52
-50
-49
-54
-52
-55
-51
-55
-54
-51
-52
-51
-48
-49
-51
-47
-43
-46
-49
-38
-38
-40
-37
-35
-27
-31
-32
-22
-26
-21
-20
-18
-13
-15
-7
-8
-7
-1
-1
0
5
7
4
10
15
17
11
23
27
21
25
27
31
28
35
31
35
38
39
37
40
42
44
43
36
49
43
43
44
43
46
46
43
42
48
38
42
40
36
40
34
36
33
34
31
28
28
25
20
22
16
16
11
14
12
2
8
5
-2
-2
-2
-7
-5
-10
-13
-10
-14
-19
-18
-18
-19
-24
-25
-19
-26
-25
-28
-29
-22
-34
-34
-24
-32
-32
-30
-32
-27
-30
-32
-30
-28
-31
-29
-32
-26
-26
-27
-24
-29
-19
-24
-23
-26
-23
-14
-26
-24
-14
-12
-23
-14
-13
-14
-13
-11
-9
-11
-6
-5
-4
-4
-2
5
0
1
8
7
5
9
14
8
14
16
17
16
15
26
20
21
18
27
29
19
28
26
29
30
24
29
33
33
26
28
32
27
30
22
32
28
23
28
26
22
25
24
18
19
20
17
20
14
15
21
11
12
18
9
8
13
7
7
6
9
6
5
6
0
4
4
-1
-4
0
1
-7
-8
-2
-4
-8
-10
-5
-10
-10
-10
-17
-14
-13
-16
-21
-17
-18
-19
-21
-22
-24
-24
-22
-32
-28
-27
-27
-35
-26
-29
-34
-28
-31
-34
-33
-31
-33
-30
-31
-28
-26
-25
-27
-25
-20
-19
-28
-18
-14
-15
-16
-12
-1
-13
-6
0
-5
-3
0
4
4
4
10
11
10
16
12
15
17
16
17
22
20
24
25
25
22
27
25
27
21
25
27
29
24
24
33
24
28
20
25
29
20
21
28
24
25
22
25
24
19
24
17
16
20
20
15
14
19
16
12
12
12
7
5
7
4
4
0
5
2
-7
-4
-3
-10
-9
-14
-17
-4
-23
-19
-17
-22
-21
-30
-26
-30
-27
-36
-34
-31
-34
-34
-38
-39
-36
-37
-41
-42
-37
-35
-39
-38
-37
-32
-36
-41
-34
-32
-29
-35
-30
-21
-25
-27
-23
-23
-18
-21
-19
-15
-12
-11
-10
-7
-6
-7
-3
1
-8
-1
7
2
3
6
12
8
7
8
11
12
10
11
14
20
13
17
19
17
18
17
18
19
16
22
27
18
30
23
25
25
22
27
18
28
29
24
26
32
29
21
28
26
23
23
22
22
23
27
19
23
22
21
17
11
16
15
13
11
12
12
11
5
3
1
4
-2
-7
1
-6
-2
-7
-7
-6
-12
-13
-13
-19
-15
-17
-16
-15
-19
-13
-15
-22
-19
-20
-18
-22
-23
-17
-17
-17
-20
-14
-14
-25
-17
-16
-22
-17
-18
-12
-13
-14
-14
-7
-16
-14
-10
-17
-6
-11
-10
-8
-5
-3
-6
-10
1
0
-9
-1
0
3
-1
1
6
4
3
6
9
8
8
15
9
12
15
13
15
15
23
16
20
26
21
22
25
21
20
26
24
22
26
31
24
27
28
27
23
21
24
22
22
16
28
20
21
23
17
20
15
13
6
14
14
6
5
14
11
2
3
5
4
-9
-2
-1
-8
-6
-3
-8
-6
-6
-15
-7
-12
-16
-15
-13
-18
-17
-12
-18
-16
-18
-14
-18
-24
-17
-21
-23
-25
-20
-20
-21
-22
-22
-20
-21
-26
-20
-23
-27
-20
-25
-20
-20
-24
-15
-21
