839.000000
658.000000
2414.000000
3406.000000
1276.000000
-1019.000000
11.000000
2257.000000
1882.000000
138.000000
730.000000
2794.000000
2492.000000
116.000000
-393.000000
1535.000000
2209.000000
150.000000
-1712.000000
-1261.000000
-137.000000
-162.000000
-617.000000
-549.000000
-568.000000
-1047.000000
-1239.000000
-1166.000000
-1792.000000
-2674.000000
-2181.000000
-608.000000
-132.000000
-1109.000000
-1512.000000
-708.000000
-392.000000
-990.000000
-695.000000
841.000000
1490.000000
588.000000
169.000000
923.000000
856.000000
-430.000000
-306.000000
2060.000000
3689.000000
2810.000000
1591.000000
1521.000000
685.000000
-1500.000000
-1778.000000
1234.000000
3565.000000
2140.000000
-149.000000
40.000000
607.000000
-1332.000000
-3282.000000
-1656.000000
1402.000000
1443.000000
-942.000000
-2041.000000
-1694.000000
-2217.000000
-2852.000000
-1208.000000
1352.000000
1344.000000
-936.000000
-2184.000000
-1680.000000
-1364.000000
-1397.000000
-283.000000
1408.000000
1687.000000
794.000000
474.000000
596.000000
-14.000000
-566.000000
395.000000
1847.000000
1783.000000
695.000000
512.000000
1258.000000
1559.000000
1224.000000
827.000000
138.000000
-836.000000
-907.000000
270.000000
1166.000000
941.000000
682.000000
662.000000
-532.000000
-2621.000000
-2942.000000
-957.000000
441.000000
40.000000
276.000000
1783.000000
1149.000000
-2653.000000
-4932.000000
-2519.000000
792.000000
863.000000
68.000000
1829.000000
3273.000000
408.000000
-3543.000000
-2887.000000
560.000000
808.000000
-1256.000000
382.000000
4897.000000
4702.000000
-1228.000000
-4473.000000
-928.000000
2448.000000
-38.000000
-2930.000000
346.000000
5274.000000
3634.000000
-2307.000000
-3643.000000
127.000000
1125.000000
-2443.000000
-3206.000000
1860.000000
5496.000000
2216.000000
-2779.000000
-2815.000000
-308.000000
-889.000000
-2913.000000
-1028.000000
3583.000000
4856.000000
1754.000000
-1148.000000
-1944.000000
-2904.000000
-3866.000000
-1527.000000
3526.000000
5822.000000
3139.000000
-316.000000
-1269.000000
-2003.000000
-4296.000000
-4520.000000
214.000000
5515.000000
5293.000000
862.000000
-1768.000000
-1619.000000
-2675.000000
-4843.000000
-3083.000000
2861.000000
5820.000000
2076.000000
-2333.000000
-1515.000000
773.000000
-1246.000000
-4148.000000
-1205.000000
4561.000000
4374.000000
-1052.000000
-2371.000000
1944.000000
2951.000000
-2122.000000
-4004.000000
1970.000000
6392.000000
1755.000000
-3943.000000
-986.000000
4748.000000
2152.000000
-5059.000000
-4427.000000
3459.000000
5905.000000
-119.000000
-3697.000000
244.000000
2708.000000
-2298.000000
-6635.000000
-2401.000000
4138.000000
3330.000000
-1882.000000
-2241.000000
1465.000000
693.000000
-4836.000000
-5930.000000
335.000000
5146.000000
2178.000000
-2460.000000
-1047.000000
2826.000000
1081.000000
-4155.000000
-3557.000000
3238.000000
6039.000000
798.000000
-3383.000000
456.000000
5112.000000
1527.000000
-5071.000000
-3326.000000
4851.000000
6791.000000
-131.000000
-4465.000000
-52.000000
4195.000000
172.000000
-5644.000000
-3534.000000
3199.000000
4329.000000
-565.000000
-2981.000000
-499.000000
425.000000
-3022.000000
-5027.000000
-1548.000000
2722.000000
2166.000000
-1244.000000
-2309.000000
-944.000000
-736.000000
-2025.000000
-1862.000000
270.000000
1584.000000
877.000000
143.000000
625.000000
822.000000
-276.000000
-951.000000
354.000000
2129.000000
1999.000000
408.000000
-90.000000
1332.000000
2634.000000
1822.000000
-320.000000
-1176.000000
362.000000
2298.000000
2039.000000
81.000000
-532.000000
1056.000000
1813.000000
-283.000000
-2329.000000
-902.000000
1783.000000
972.000000
-2489.000000
-3042.000000
239.000000
1694.000000
-1375.000000
-3741.000000
-907.000000
2980.000000
1645.000000
-3002.000000
-3889.000000
10.000000
2559.000000
541.000000
-1813.000000
-350.000000
2417.000000
1868.000000
-1128.000000
-1701.000000
1264.000000
3392.000000
1661.000000
-938.000000
-243.000000
2308.000000
1993.000000
-1116.000000
-1659.000000
2223.000000
4971.000000
1948.000000
-2924.000000
-3053.000000
581.000000
1535.000000
-1328.000000
-2446.000000
585.000000
2858.000000
478.000000
-3012.000000
-2616.000000
194.000000
463.000000
-2111.000000
-3230.000000
-1218.000000
632.000000
-362.000000
-2220.000000
-1755.000000
440.000000
1084.000000
-728.000000
-2277.000000
-1457.000000
147.000000
-69.000000
-1557.000000
-1506.000000
717.000000
2575.000000
2177.000000
664.000000
-197.000000
-633.000000
-1527.000000
-2128.000000
-1103.000000
997.000000
2287.000000
2156.000000
1656.000000
1302.000000
234.000000
-1831.000000
-3247.000000
-2339.000000
11.000000
1260.000000
727.000000
390.000000
1383.000000
1693.000000
-633.000000
-3618.000000
-3687.000000
-1097.000000
585.000000
346.000000
844.000000
2680.000000
2312.000000
-1757.000000
-5050.000000
-3284.000000
949.000000
2300.000000
867.000000
903.000000
2767.000000
2233.000000
-1740.000000
-4302.000000
-1913.000000
2343.000000
3683.000000
2396.000000
1953.000000
2669.000000
1632.000000
-1565.000000
-3342.000000
-1496.000000
1398.000000
2083.000000
1464.000000
2247.000000
3532.000000
1873.000000
-2426.000000
-4453.000000
-1674.000000
2104.000000
2406.000000
513.000000
482.000000
2126.000000
1688.000000
-1316.000000
-2867.000000
-855.000000
1679.000000
1620.000000
431.000000
911.000000
2094.000000
1053.000000
-1605.000000
-2038.000000
802.000000
3092.000000
1683.000000
-1179.000000
-1330.000000
973.000000
1680.000000
-602.000000
-2585.000000
-1658.000000
258.000000
336.000000
-605.000000
-197.000000
935.000000
338.000000
-1635.000000
-2081.000000
-348.000000
940.000000
213.000000
-747.000000
-66.000000
1222.000000
1029.000000
-563.000000
-1569.000000
-796.000000
877.000000
1688.000000
931.000000
-386.000000
-931.000000
-815.000000
-1037.000000
-1245.000000
13.000000
2218.000000
2476.000000
-214.000000
-2733.000000
-2241.000000
-544.000000
-915.000000
-2513.000000
-2006.000000
334.000000
820.000000
-1313.000000
-2500.000000
-1006.000000
2.000000
-2011.000000
-4244.000000
-2901.000000
512.000000
1511.000000
-251.000000
-828.000000
1117.000000
2000.000000
-504.000000
-3124.000000
-1938.000000
1389.000000
2325.000000
607.000000
-10.000000
1361.000000
1255.000000
-1543.000000
-2921.000000
97.000000
3867.000000
3228.000000
-625.000000
-2217.000000
-298.000000
926.000000
-806.000000
-2227.000000
-232.000000
2887.000000
2925.000000
-7.000000
-2102.000000
-1586.000000
-550.000000
-896.000000
-1326.000000
177.000000
2670.000000
3200.000000
998.000000
-1341.000000
-1379.000000
57.000000
529.000000
-382.000000
-788.000000
495.000000
2251.000000
2582.000000
1225.000000
-369.000000
-770.000000
-26.000000
571.000000
299.000000
288.000000
1970.000000
4225.000000
3991.000000
679.000000
-2111.000000
-1256.000000
1412.000000
2042.000000
733.000000
844.000000
2868.000000
3275.000000
469.000000
-2083.000000
-1019.000000
1724.000000
2016.000000
-192.000000
-1259.000000
261.000000
1692.000000
742.000000
-1133.000000
-1365.000000
-141.000000
403.000000
-334.000000
-927.000000
-554.000000
-74.000000
-239.000000
-540.000000
-408.000000
-172.000000
-108.000000
117.000000
354.000000
-293.000000
-1677.000000
-2035.000000
-521.000000
1123.000000
1064.000000
150.000000
146.000000
492.000000
-549.000000
-2173.000000
-1628.000000
1250.000000
3057.000000
1481.000000
-1467.000000
-2418.000000
-1081.000000
110.000000
-304.000000
-1307.000000
-1356.000000
-397.000000
378.000000
93.000000
-886.000000
-1536.000000
-1484.000000
-1407.000000
-1815.000000
-1985.000000
-945.000000
685.000000
977.000000
-764.000000
-2760.000000
-2901.000000
-1473.000000
-523.000000
-719.000000
-468.000000
1118.000000
2031.000000
47.000000
-3176.000000
-3441.000000
89.000000
3167.000000
2287.000000
-421.000000
-821.000000
800.000000
812.000000
-1266.000000
-1870.000000
493.000000
2666.000000
2139.000000
982.000000
1776.000000
2911.000000
1533.000000
-1162.000000
-1654.000000
179.000000
1191.000000
408.000000
194.000000
1502.000000
1958.000000
76.000000
-2034.000000
-2148.000000
-1279.000000
-1187.000000
-1022.000000
679.000000
2505.000000
1996.000000
-99.000000
-764.000000
440.000000
888.000000
-406.000000
-1013.000000
780.000000
2998.000000
3040.000000
1459.000000
489.000000
495.000000
293.000000
-83.000000
543.000000
2008.000000
2643.000000
1747.000000
433.000000
-229.000000
-397.000000
-501.000000
-495.000000
-450.000000
-636.000000
-703.000000
-33.000000
712.000000
-63.000000
-2314.000000
-3655.000000
-2446.000000
-265.000000
329.000000
-605.000000
-1032.000000
-531.000000
-693.000000
-1820.000000
-1971.000000
-370.000000
784.000000
-221.000000
-1459.000000
-310.000000
1928.000000
1687.000000
-1161.000000
-2810.000000
-1281.000000
744.000000
384.000000
-1118.000000
-925.000000
723.000000
1216.000000
-238.000000
-1950.000000
-2779.000000
-3146.000000
-3018.000000
-1441.000000
1167.000000
2409.000000
818.000000
-2006.000000
-3388.000000
-2744.000000
-1609.000000
-1214.000000
-1276.000000
-941.000000
83.000000
1383.000000
2164.000000
1694.000000
50.000000
-1565.000000
-1793.000000
-516.000000
1117.000000
2060.000000
2239.000000
1976.000000
1286.000000
207.000000
-667.000000
-672.000000
78.000000
883.000000
1348.000000
1526.000000
1325.000000
542.000000
-379.000000
-431.000000
648.000000
1789.000000
1909.000000
1338.000000
1186.000000
1585.000000
1540.000000
590.000000
-356.000000
-291.000000
564.000000
1346.000000
1875.000000
2500.000000
2936.000000
2306.000000
567.000000
-1012.000000
-1286.000000
-483.000000
499.000000
1395.000000
2348.000000
2893.000000
2250.000000
667.000000
-561.000000
-711.000000
-377.000000
-220.000000
145.000000
1245.000000
2466.000000
2684.000000
1785.000000
608.000000
-374.000000
-1240.000000
-1579.000000
-604.000000
1276.000000
2252.000000
1283.000000
-443.000000
-1136.000000
-743.000000
-481.000000
-659.000000
-469.000000
162.000000
156.000000
-803.000000
-1423.000000
-772.000000
33.000000
-560.000000
-2033.000000
-2389.000000
-1062.000000
280.000000
91.000000
-1157.000000
-2034.000000
-2072.000000
-1790.000000
-1502.000000
-1081.000000
-575.000000
-285.000000
-260.000000
-362.000000
-674.000000
-1264.000000
-1668.000000
-1304.000000
-385.000000
243.000000
191.000000
-186.000000
-592.000000
-1048.000000
-1237.000000
-636.000000
255.000000
-60.000000
-1897.000000
-3230.000000
-2104.000000
380.000000
1209.000000
-437.000000
-2052.000000
-1427.000000
329.000000
699.000000
-577.000000
-1560.000000
-1246.000000
-642.000000
-563.000000
-277.000000
815.000000
1629.000000
902.000000
-662.000000
-1239.000000
-504.000000
69.000000
-384.000000
-843.000000
-120.000000
1276.000000
1899.000000
1408.000000
790.000000
779.000000
952.000000
582.000000
-242.000000
-702.000000
-155.000000
1232.000000
2557.000000
2847.000000
1894.000000
564.000000
15.000000
516.000000
1251.000000
1336.000000
709.000000
-72.000000
-497.000000
-302.000000
608.000000
1901.000000
2649.000000
2004.000000
151.000000
-1729.000000
-2536.000000
-2050.000000
-699.000000
967.000000
2399.000000
3061.000000
2733.000000
1662.000000
281.000000
-996.000000
-1600.000000
-920.000000
932.000000
2803.000000
3515.000000
3035.000000
2129.000000
1083.000000
-336.000000
-1659.000000
-1629.000000
76.000000
1928.000000
2279.000000
1352.000000
478.000000
-141.000000
-1407.000000
-3087.000000
-3371.000000
-1505.000000
521.000000
321.000000
-1672.000000
-2913.000000
-2340.000000
-1508.000000
-1876.000000
-2706.000000
-2622.000000
-1912.000000
-1800.000000
-2181.000000
-1758.000000
-372.000000
428.000000
-391.000000
-1797.000000
-2205.000000
-1600.000000
-1098.000000
-1012.000000
-608.000000
270.000000
634.000000
-179.000000
-1349.000000
-1610.000000
-937.000000
-457.000000
-864.000000
-1612.000000
-1805.000000
-1311.000000
-707.000000
-481.000000
-648.000000
-1003.000000
-1403.000000
-1715.000000
-1753.000000
-1454.000000
-1030.000000
-754.000000
-614.000000
-382.000000
-57.000000
2.000000
-375.000000
-711.000000
-363.000000
548.000000
1165.000000
1007.000000
593.000000
621.000000
921.000000
845.000000
433.000000
444.000000
1128.000000
1744.000000
1621.000000
1071.000000
747.000000
691.000000
626.000000
740.000000
1274.000000
1624.000000
948.000000
-270.000000
-405.000000
1050.000000
2430.000000
1935.000000
13.000000
-1334.000000
-1115.000000
-69.000000
957.000000
1900.000000
2544.000000
2098.000000
508.000000
-850.000000
-806.000000
22.000000
392.000000
503.000000
1461.000000
2907.000000
2945.000000
922.000000
-1242.000000
-1445.000000
6.000000
1310.000000
1758.000000
1905.000000
1774.000000
731.000000
-701.000000
-770.000000
968.000000
2470.000000
1806.000000
-96.000000
-778.000000
313.000000
1369.000000
1092.000000
256.000000
-42.000000
-74.000000
-397.000000
-354.000000
834.000000
2161.000000
1750.000000
-340.000000
-1832.000000
-1227.000000
281.000000
756.000000
218.000000
101.000000
681.000000
673.000000
-551.000000
-1814.000000
-1799.000000
-796.000000
112.000000
732.000000
1515.000000
2050.000000
1228.000000
-885.000000
-2524.000000
-2275.000000
-838.000000
115.000000
233.000000
541.000000
1383.000000
1597.000000
263.000000
-1731.000000
-2721.000000
-2324.000000
-1502.000000
-841.000000
54.000000
1234.000000
1617.000000
337.000000
-1758.000000
-2912.000000
-2523.000000
-1485.000000
-581.000000
395.000000
1566.000000
2080.000000
1181.000000
-431.000000
-1286.000000
-1002.000000
-468.000000
-220.000000
295.000000
1410.000000
2201.000000
1613.000000
49.000000
-1118.000000
-1346.000000
-1254.000000
-1226.000000
-776.000000
320.000000
1200.000000
956.000000
-77.000000
-836.000000
-913.000000
-651.000000
-164.000000
724.000000
1545.000000
1286.000000
-129.000000
-1274.000000
-862.000000
579.000000
1435.000000
1071.000000
316.000000
24.000000
61.000000
-69.000000
-393.000000
-644.000000
-719.000000
-509.000000
215.000000
1231.000000
1565.000000
471.000000
-1393.000000
-2440.000000
-1858.000000
-351.000000
840.000000
1106.000000
575.000000
-353.000000
-1155.000000
-1353.000000
-964.000000
-559.000000
-476.000000
-345.000000
182.000000
552.000000
-107.000000
-1580.000000
-2466.000000
-1734.000000
156.000000
1902.000000
2614.000000
2111.000000
620.000000
-1138.000000
-1922.000000
-901.000000
1244.000000
2760.000000
2585.000000
1316.000000
260.000000
-1.000000
167.000000
257.000000
178.000000
170.000000
524.000000
1373.000000
2438.000000
3041.000000
2628.000000
1365.000000
83.000000
-364.000000
368.000000
1974.000000
3536.000000
3913.000000
2618.000000
477.000000
-930.000000
-700.000000
697.000000
2160.000000
2945.000000
2767.000000
1551.000000
-261.000000
-1463.000000
-960.000000
905.000000
2439.000000
2275.000000
643.000000
-1171.000000
-2191.000000
-2239.000000
-1485.000000
-188.000000
1097.000000
1584.000000
854.000000
-669.000000
-1972.000000
-2194.000000
-1215.000000
287.000000
1344.000000
1412.000000
688.000000
-235.000000
-897.000000
-1109.000000
-894.000000
-610.000000
-844.000000
-1697.000000
-2265.000000
-1507.000000
176.000000
944.000000
-397.000000
-2830.000000
-4262.000000
-3829.000000
-2363.000000
-921.000000
56.000000
154.000000
-1153.000000
-3360.000000
-4618.000000
-3586.000000
-1172.000000
522.000000
686.000000
240.000000
-4.000000
-290.000000
-777.000000
-734.000000
260.000000
1241.000000
1072.000000
198.000000
18.000000
718.000000
1005.000000
109.000000
-1131.000000
-1676.000000
-1652.000000
-1545.000000
-963.000000
616.000000
2338.000000
2533.000000
829.000000
-1337.000000
-2555.000000
-2727.000000
-2177.000000
-610.000000
2041.000000
4422.000000
4668.000000
2503.000000
-435.000000
-2381.000000
-2774.000000
-1755.000000
536.000000
3502.000000
5653.000000
5614.000000
3544.000000
985.000000
-651.000000
-982.000000
-261.000000
1196.000000
2917.000000
4145.000000
4272.000000
3280.000000
1632.000000
-75.000000
-1203.000000
-1207.000000
-43.000000
1589.000000
2685.000000
2636.000000
1524.000000
-25.000000
-1095.000000
-972.000000
183.000000
1242.000000
1165.000000
182.000000
-441.000000
122.000000
1403.000000
2305.000000
2211.000000
1239.000000
-83.000000
-1003.000000
-821.000000
400.000000
1551.000000
1482.000000
297.000000
-784.000000
-916.000000
-468.000000
-270.000000
-578.000000
-1049.000000
-1338.000000
-1304.000000
-934.000000
-483.000000
-466.000000
-1060.000000
-1677.000000
-1597.000000
-941.000000
-492.000000
-584.000000
-717.000000
-444.000000
-74.000000
-210.000000
-1011.000000
-2187.000000
-3277.000000
-3577.000000
-2380.000000
9.000000
1795.000000
1163.000000
-1658.000000
-4443.000000
-5254.000000
-4126.000000
-2393.000000
-1153.000000
-877.000000
-1716.000000
-3277.000000
-4388.000000
-4064.000000
-2794.000000
-2110.000000
-2711.000000
-3676.000000
-3762.000000
-2831.000000
-1578.000000
-460.000000
416.000000
735.000000
138.000000
-1038.000000
-1794.000000
-1389.000000
168.000000
2470.000000
4953.000000
6623.000000
6267.000000
3628.000000
227.000000
-1568.000000
-470.000000
2734.000000
5952.000000
7397.000000
6698.000000
4896.000000
3444.000000
3034.000000
3339.000000
3796.000000
4284.000000
4825.000000
5085.000000
4798.000000
4464.000000
4871.000000
5816.000000
6058.000000
4892.000000
3133.000000
2083.000000
2110.000000
2856.000000
4200.000000
5946.000000
6948.000000
5886.000000
3251.000000
1366.000000
1751.000000
3314.000000
3983.000000
3368.000000
2703.000000
2683.000000
2753.000000
2543.000000
2579.000000
3014.000000
2871.000000
1486.000000
-83.000000
-215.000000
1133.000000
2512.000000
2969.000000
2764.000000
2096.000000
546.000000
-1625.000000
-2815.000000
-1897.000000
-112.000000
159.000000
-1609.000000
-3515.000000
-3907.000000
-3489.000000
-4024.000000
-5741.000000
-7113.000000
-7038.000000
-6259.000000
-6295.000000
-7612.000000
-9300.000000
-10215.000000
-9952.000000
-8903.000000
-7838.000000
-7509.000000
-8200.000000
-9360.000000
-9913.000000
-9313.000000
-8270.000000
-8060.000000
-8994.000000
-9919.000000
-9556.000000
-8073.000000
-6869.000000
-6855.000000
-7527.000000
-7930.000000
-7917.000000
-7939.000000
-7983.000000
-7456.000000
-6095.000000
-4351.000000
-2804.000000
-1816.000000
-1843.000000
-3128.000000
-4603.000000
-4015.000000
-354.000000
4183.000000
5929.000000
3757.000000
397.000000
-650.000000
1387.000000
4664.000000
7255.000000
8435.000000
8091.000000
6447.000000
4657.000000
4433.000000
6357.000000
9149.000000
11100.000000
11600.000000
10884.000000
9173.000000
7029.000000
5941.000000
7240.000000
10341.000000
13051.000000
13842.000000
13018.000000
11521.000000
9758.000000
8182.000000
7891.000000
9459.000000
11731.000000
12999.000000
13156.000000
13451.000000
14104.000000
13675.000000
11456.000000
9258.000000
9572.000000
12498.000000
15636.000000
16853.000000
16134.000000
14710.000000
13464.000000
12595.000000
12046.000000
11619.000000
11104.000000
10702.000000
10738.000000
10471.000000
7962.000000
2294.000000
-4197.000000
-7203.000000
-4681.000000
639.000000
3456.000000
462.000000
-7292.000000
-15748.000000
-20797.000000
-20534.000000
-16073.000000
-10897.000000
-8735.000000
-11048.000000
-16178.000000
-21075.000000
-23826.000000
-24432.000000
-23551.000000
-21338.000000
-18020.000000
-15011.000000
-14348.000000
-16486.000000
-19233.000000
-19727.000000
-17483.000000
-14790.000000
-13786.000000
-13791.000000
-12211.000000
-7884.000000
-2772.000000
-126.000000
-1364.000000
-4821.000000
-7094.000000
-5593.000000
-529.000000
4998.000000
7254.000000
5071.000000
902.000000
-1613.000000
-1017.000000
1283.000000
3150.000000
3483.000000
1933.000000
-1594.000000
-6137.000000
-9233.000000
-8764.000000
-5478.000000
-2723.000000
-3351.000000
-7334.000000
-12387.000000
-15990.000000
-16524.000000
-13651.000000
-8823.000000
-5032.000000
-4708.000000
-7414.000000
-10190.000000
-10496.000000
-8373.000000
-5607.000000
-3407.000000
-1476.000000
969.000000
3887.000000
6209.000000
6829.000000
5895.000000
5135.000000
6496.000000
10085.000000
13880.000000
16005.000000
16938.000000
18603.000000
21333.000000
22835.000000
20852.000000
16270.000000
12715.000000
13097.000000
16947.000000
21020.000000
22001.000000
18882.000000
13489.000000
8995.000000
7422.000000
8132.000000
8958.000000
8813.000000
8723.000000
10055.000000
12390.000000
13876.000000
13498.000000
12243.000000
11910.000000
13297.000000
15776.000000
18189.000000
19931.000000
21441.000000
23671.000000
26419.000000
26984.000000
21693.000000
10332.000000
-1004.000000
-3445.000000
6406.000000
21627.000000
29590.000000
22536.000000
4161.000000
-13826.000000
-21483.000000
-17643.000000
-8863.000000
-2831.000000
-2773.000000
-7001.000000
-12367.000000
-17464.000000
-22734.000000
-28295.000000
-32496.000000
-32768.000000
-29452.000000
-24240.000000
-21073.000000
-21840.000000
-25362.000000
-28942.000000
-30904.000000
-31374.000000
-30852.000000
-28652.000000
-23379.000000
-14979.000000
-6032.000000
-612.000000
-1351.000000
-6995.000000
-12505.000000
-12232.000000
-4326.000000
7231.000000
15408.000000
15896.000000
10576.000000
5201.000000
3864.000000
6051.000000
8675.000000
9784.000000
9645.000000
9121.000000
8322.000000
7002.000000
5285.000000
3414.000000
1295.000000
-1140.000000
-3326.000000
-4387.000000
-4103.000000
-3299.000000
-3217.000000
-4620.000000
-7323.000000
-10266.000000
-12200.000000
-12700.000000
-12525.000000
-12602.000000
-12771.000000
-12121.000000
-10662.000000
-9843.000000
-10734.000000
-12226.000000
-12000.000000
-9245.000000
-5621.000000
-3264.000000
-2592.000000
-2431.000000
-1661.000000
1.000000
2348.000000
4865.000000
6541.000000
6417.000000
4833.000000
3630.000000
4528.000000
7324.000000
9988.000000
10547.000000
8803.000000
6413.000000
5421.000000
6433.000000
7933.000000
7661.000000
5076.000000
2289.000000
1902.000000
3891.000000
5361.000000
3851.000000
355.000000
-1678.000000
-217.000000
3252.000000
5648.000000
5715.000000
5023.000000
5896.000000
8896.000000
12487.000000
14800.000000
15579.000000
16477.000000
19454.000000
24621.000000
29585.000000
31356.000000
29477.000000
27196.000000
28640.000000
32767.000000
32767.000000
32767.000000
20288.000000
6145.000000
1887.000000
10991.000000
25253.000000
31117.000000
21383.000000
1508.000000
-15254.000000
-19138.000000
-11332.000000
-1517.000000
1337.000000
-4001.000000
-12062.000000
-17491.000000
-19956.000000
-22472.000000
-26218.000000
-28612.000000
-26825.000000
-21981.000000
-18551.000000
-19674.000000
-24004.000000
-27419.000000
-27183.000000
-23957.000000
-20307.000000
-18011.000000
-16734.000000
-14737.000000
-10756.000000
-5557.000000
-1709.000000
-1267.000000
-3332.000000
-4275.000000
-1014.000000
5742.000000
11759.000000
12945.000000
8930.000000
3256.000000
326.000000
1964.000000
6408.000000
10136.000000
10701.000000
8192.000000
4491.000000
1476.000000
-65.000000
-350.000000
-88.000000
-158.000000
-1216.000000
-3054.000000
-4505.000000
-4549.000000
-3677.000000
-3696.000000
-5694.000000
-8372.000000
-9009.000000
-6423.000000
-2688.000000
-1414.000000
-4149.000000
-8746.000000
-11549.000000
-11030.000000
-8944.000000
-7906.000000
-8417.000000
-8841.000000
-8041.000000
-7127.000000
-7984.000000
-10480.000000
-12000.000000
-10150.000000
-5515.000000
-1294.000000
-233.000000
-2157.000000
-4516.000000
-4971.000000
-3296.000000
-1076.000000
50.000000
-251.000000
-1035.000000
-1110.000000
-108.000000
1199.000000
1497.000000
23.000000
-2638.000000
-4748.000000
-4728.000000
-2583.000000
-127.000000
496.000000
-1174.000000
-3369.000000
-3739.000000
-1588.000000
1629.000000
4068.000000
5400.000000
6743.000000
8898.000000
11219.000000
12488.000000
12607.000000
13026.000000
15380.000000
19790.000000
24504.000000
27217.000000
27011.000000
25357.000000
25167.000000
28286.000000
32767.000000
32767.000000
32030.000000
21977.000000
11508.000000
8177.000000
14905.000000
26312.000000
32144.000000
25861.000000
10713.000000
-2903.000000
-6621.000000
-954.000000
6446.000000
8397.000000
3768.000000
-3498.000000
-9313.000000
-12794.000000
-15463.000000
-18291.000000
-20249.000000
-19894.000000
-17882.000000
-17027.000000
-19334.000000
-23463.000000
-25928.000000
-24811.000000
-21501.000000
-18628.000000
-17267.000000
-16672.000000
-15892.000000
-14486.000000
-12098.000000
-8566.000000
-4697.000000
-1926.000000
-733.000000
-81.000000
1137.000000
2709.000000
3722.000000
3988.000000
4087.000000
4325.000000
4514.000000
4707.000000
5283.000000
6058.000000
6053.000000
4645.000000
2609.000000
1504.000000
2074.000000
3403.000000
3582.000000
1254.000000
-3024.000000
-6770.000000
-7421.000000
-4822.000000
-1763.000000
-1488.000000
-4531.000000
-8298.000000
-9852.000000
-8822.000000
-7412.000000
-7762.000000
-9631.000000
-10855.000000
-10080.000000
-8656.000000
-9174.000000
-12039.000000
-14355.000000
-13077.000000
-8852.000000
-5514.000000
-5609.000000
-7562.000000
-7958.000000
-5641.000000
-2462.000000
-475.000000
222.000000
752.000000
1709.000000
2740.000000
3251.000000
2958.000000
2078.000000
1300.000000
1261.000000
1747.000000
1811.000000
994.000000
-1.000000
-338.000000
-271.000000
-715.000000
-1896.000000
-3141.000000
-3839.000000
-3809.000000
-2837.000000
-790.000000
1527.000000
2639.000000
2198.000000
1870.000000
3569.000000
7099.000000
10280.000000
11372.000000
10789.000000
10468.000000
12073.000000
15810.000000
20351.000000
23718.000000
24733.000000
24004.000000
23427.000000
24613.000000
27729.000000
31266.000000
32510.000000
29026.000000
21292.000000
13985.000000
12845.000000
18776.000000
25798.000000
26367.000000
18698.000000
7952.000000
562.000000
-1263.000000
304.000000
1876.000000
1159.000000
-2402.000000
-7544.000000
-12093.000000
-15075.000000
-17588.000000
-20696.000000
-23145.000000
-22849.000000
-20476.000000
-19571.000000
-22233.000000
-26191.000000
-27437.000000
-24840.000000
-20740.000000
-17700.000000
-16378.000000
-16387.000000
-17157.000000
-17178.000000
-14111.000000
-7436.000000
-393.000000
2491.000000
286.000000
-3018.000000
-2695.000000
1785.000000
6665.000000
8270.000000
6593.000000
4493.000000
4266.000000
5729.000000
7226.000000
7514.000000
6372.000000
4218.000000
1946.000000
779.000000
1246.000000
2146.000000
1408.000000
-1507.000000
-4691.000000
-5932.000000
-5319.000000
-4913.000000
-6028.000000
-7771.000000
-8429.000000
-7535.000000
-6260.000000
-6270.000000
-8336.000000
-11444.000000
-13094.000000
-11420.000000
-7592.000000
-5224.000000
-6461.000000
-9279.000000
-9907.000000
-7492.000000
-4800.000000
-4239.000000
-4996.000000
-4899.000000
-3510.000000
-1920.000000
-496.000000
1258.000000
2944.000000
3224.000000
1934.000000
721.000000
878.000000
1759.000000
2160.000000
2175.000000
2496.000000
2716.000000
1863.000000
302.000000
-432.000000
174.000000
938.000000
922.000000
741.000000
1105.000000
1284.000000
296.000000
-1020.000000
-611.000000
2075.000000
5241.000000
6968.000000
7251.000000
7290.000000
7639.000000
7981.000000
8308.000000
9352.000000
11711.000000
15084.000000
18481.000000
20838.000000
21514.000000
20760.000000
19886.000000
20487.000000
23062.000000
26333.000000
28063.000000
26624.000000
22265.000000
17405.000000
15468.000000
18189.000000
23198.000000
25038.000000
20071.000000
10716.000000
3762.000000
3666.000000
7970.000000
10044.000000
5983.000000
-2012.000000
-8798.000000
-11524.000000
-11307.000000
-10960.000000
-12408.000000
-15952.000000
-20556.000000
-24249.000000
-25302.000000
-23996.000000
-22833.000000
-23933.000000
-26312.000000
-26797.000000
-23979.000000
-20257.000000
-19041.000000
-20486.000000
-21187.000000
-18211.000000
-12404.000000
-7208.000000
-4926.000000
-4844.000000
-4578.000000
-2457.000000
1260.000000
4641.000000
5519.000000
3541.000000
1210.000000
2013.000000
6662.000000
11578.000000
12078.000000
7184.000000
684.000000
-2675.000000
-1435.000000
2102.000000
4587.000000
4143.000000
987.000000
-3203.000000
-6349.000000
-7271.000000
-6438.000000
-5303.000000
-4838.000000
-5029.000000
-5638.000000
-6765.000000
-8418.000000
-10093.000000
-11193.000000
-11484.000000
-10848.000000
-9263.000000
-7520.000000
-7159.000000
-8633.000000
-10063.000000
-9184.000000
-6508.000000
-4925.000000
-5702.000000
-6548.000000
-4866.000000
-1522.000000
484.000000
314.000000
-13.000000
802.000000
1496.000000
902.000000
325.000000
1468.000000
3386.000000
3740.000000
2430.000000
1690.000000
2442.000000
2884.000000
1515.000000
-280.000000
-196.000000
1730.000000
3374.000000
3372.000000
2216.000000
988.000000
536.000000
1658.000000
4393.000000
6955.000000
7109.000000
5262.000000
4609.000000
7139.000000
10879.000000
12583.000000
12142.000000
12393.000000
14933.000000
18219.000000
20184.000000
20902.000000
21685.000000
22941.000000
24231.000000
25454.000000
26438.000000
25982.000000
23168.000000
19767.000000
19422.000000
23262.000000
27475.000000
26811.000000
20399.000000
12850.000000
9314.000000
10416.000000
12529.000000
12007.000000
8013.000000
1865.000000
-4568.000000
-9258.000000
-10598.000000
-9392.000000
-9493.000000
-14264.000000
-22024.000000
-27032.000000
-26129.000000
-22644.000000
-21976.000000
-24786.000000
-27173.000000
-26868.000000
-25765.000000
-25541.000000
-24322.000000
-20153.000000
-15266.000000
-13392.000000
-13980.000000
-12856.000000
-8675.000000
-4846.000000
-3829.000000
-3148.000000
269.000000
4485.000000
4978.000000
1590.000000
-769.000000
1351.000000
5829.000000
8402.000000
7591.000000
4803.000000
1720.000000
-384.000000
-287.000000
1906.000000
3737.000000
2662.000000
-797.000000
-3726.000000
-4410.000000
-3700.000000
-3001.000000
-2792.000000
-3381.000000
-5253.000000
-7816.000000
-9333.000000
-9010.000000
-8044.000000
-7717.000000
-7801.000000
-7886.000000
-8819.000000
-11080.000000
-12812.000000
-11634.000000
-8117.000000
-5431.000000
-5383.000000
-6684.000000
-7382.000000
-7059.000000
-5972.000000
-4020.000000
-1821.000000
-1084.000000
-2314.000000
-3394.000000
-2238.000000
101.000000
966.000000
30.000000
-550.000000
285.000000
1187.000000
1084.000000
843.000000
1236.000000
1337.000000
414.000000
-252.000000
656.000000
1983.000000
1741.000000
526.000000
868.000000
3227.000000
5031.000000
4439.000000
3058.000000
3617.000000
6333.000000
9077.000000
10369.000000
10725.000000
11288.000000
12464.000000
14167.000000
16443.000000
19232.000000
21777.000000
22890.000000
22256.000000
21391.000000
22395.000000
25033.000000
26032.000000
23039.000000
18854.000000
18975.000000
24055.000000
27698.000000
24192.000000
16200.000000
11306.000000
12214.000000
14601.000000
14414.000000
12350.000000
9657.000000
4718.000000
-2493.000000
-6812.000000
-4298.000000
19.000000
-2857.000000
-13271.000000
-21635.000000
-21384.000000
-17226.000000
-17009.000000
-20642.000000
-22558.000000
-21689.000000
-22169.000000
-24985.000000
-25662.000000
-21692.000000
-16770.000000
-14913.000000
-14837.000000
-13549.000000
-11918.000000
-12223.000000
-12533.000000
-8698.000000
-1564.000000
2568.000000
-89.000000
-5813.000000
-8058.000000
-4656.000000
1252.000000
5343.000000
5269.000000
1401.000000
-3256.000000
-4664.000000
-1306.000000
3789.000000
5834.000000
3107.000000
-1697.000000
-4478.000000
-3299.000000
472.000000
3465.000000
3013.000000
-468.000000
-3945.000000
-5113.000000
-4622.000000
-4294.000000
-4376.000000
-4084.000000
-3886.000000
-5031.000000
-7028.000000
-7922.000000
-7324.000000
-6864.000000
-7111.000000
-6614.000000
-5163.000000
-5180.000000
-7654.000000
-9161.000000
-6263.000000
-1402.000000
-347.000000
-4017.000000
-7009.000000
-5275.000000
-1304.000000
488.000000
-11.000000
-190.000000
139.000000
-684.000000
-1804.000000
-535.000000
2546.000000
3442.000000
725.000000
-1934.000000
-1106.000000
1505.000000
1952.000000
-364.000000
-2624.000000
-2746.000000
-1153.000000
759.000000
1855.000000
1569.000000
774.000000
1557.000000
4516.000000
7320.000000
7880.000000
7703.000000
9567.000000
12982.000000
15196.000000
16046.000000
17985.000000
21044.000000
22091.000000
20479.000000
20050.000000
22816.000000
24690.000000
21696.000000
17371.000000
18404.000000
24180.000000
26771.000000
22113.000000
15390.000000
12897.000000
13736.000000
13519.000000
12102.000000
12113.000000
12236.000000
8345.000000
1183.000000
-3154.000000
-2017.000000
-340.000000
-3236.000000
-8832.000000
-12150.000000
-12762.000000
-14063.000000
-16891.000000
-18653.000000
-18346.000000
-18120.000000
-19293.000000
-20316.000000
-19703.000000
-18154.000000
-16670.000000
-14949.000000
-12787.000000
-11116.000000
-10436.000000
-9735.000000
-7952.000000
-5348.000000
-2868.000000
-1333.000000
-1365.000000
-2648.000000
-3255.000000
-1558.000000
1171.000000
2137.000000
974.000000
-145.000000
-378.000000
-1062.000000
-2148.000000
-1467.000000
940.000000
1453.000000
-1687.000000
-4877.000000
-4309.000000
-1750.000000
-1342.000000
-2957.000000
-3376.000000
-2758.000000
-4541.000000
-8605.000000
-9890.000000
-5978.000000
-1714.000000
-2909.000000
-8298.000000
-11655.000000
-10369.000000
-7755.000000
-7000.000000
-7052.000000
-6140.000000
-5712.000000
-7638.000000
-9674.000000
-7911.000000
-3280.000000
-1246.000000
-3940.000000
-6651.000000
-4630.000000
84.000000
2196.000000
910.000000
-190.000000
506.000000
1184.000000
1167.000000
2097.000000
3920.000000
4071.000000
2033.000000
711.000000
1653.000000
2668.000000
2035.000000
1345.000000
1872.000000
1753.000000
-368.000000
-2177.000000
-1381.000000
431.000000
1022.000000
1700.000000
4288.000000
6533.000000
5330.000000
2806.000000
4042.000000
9306.000000
13614.000000
14240.000000
13890.000000
15361.000000
17502.000000
18312.000000
18363.000000
18828.000000
19005.000000
18260.000000
18137.000000
19933.000000
21836.000000
21039.000000
17776.000000
14968.000000
14403.000000
15233.000000
15820.000000
15151.000000
12622.000000
8488.000000
4809.000000
3948.000000
5240.000000
4941.000000
825.000000
-4659.000000
-7612.000000
-7879.000000
-8579.000000
-11024.000000
-13205.000000
-13832.000000
-14621.000000
-16875.000000
-18690.000000
-18083.000000
-16553.000000
-16434.000000
-16622.000000
-14684.000000
-11837.000000
-11477.000000
-13120.000000
-12426.000000
-7911.000000
-3360.000000
-2155.000000
-3081.000000
-3475.000000
-2907.000000
-1709.000000
630.000000
3233.000000
3240.000000
254.000000
-1644.000000
607.000000
4229.000000
4613.000000
1801.000000
-699.000000
-1490.000000
-1693.000000
-1312.000000
463.000000
1963.000000
340.000000
-3642.000000
-5900.000000
-4765.000000
-3120.000000
-3822.000000
-5988.000000
-7259.000000
-7403.000000
-7820.000000
-8950.000000
-9893.000000
-10038.000000
-9852.000000
-10129.000000
-11016.000000
-11887.000000
-12122.000000
-11810.000000
-11341.000000
-10596.000000
-9345.000000
-8211.000000
-7969.000000
-7947.000000
-6778.000000
-4768.000000
-3524.000000
-3013.000000
-1468.000000
1199.000000
2758.000000
2495.000000
2597.000000
4171.000000
5172.000000
4401.000000
4132.000000
5926.000000
7183.000000
5467.000000
3221.000000
3889.000000
5906.000000
5364.000000
2759.000000
1943.000000
3448.000000
4090.000000
2895.000000
2381.000000
3720.000000
5187.000000
5912.000000
6939.000000
8105.000000
8048.000000
7713.000000
9621.000000
13199.000000
15105.000000
14667.000000
14455.000000
15021.000000
14317.000000
13152.000000
15253.000000
19928.000000
20981.000000
16222.000000
12027.000000
13907.000000
18023.000000
17730.000000
13958.000000
12310.000000
13069.000000
11738.000000
8065.000000
6711.000000
8393.000000
7707.000000
2053.000000
-3482.000000
-3788.000000
-1515.000000
-2666.000000
-7613.000000
-11404.000000
-11603.000000
-10971.000000
-12181.000000
-14014.000000
-14384.000000
-13968.000000
-14405.000000
-14908.000000
-13598.000000
-11311.000000
-10919.000000
-12580.000000
-12732.000000
-9211.000000
-4806.000000
-3536.000000
-5201.000000
-6233.000000
-4812.000000
-2317.000000
-272.000000
1150.000000
1612.000000
498.000000
-1049.000000
-568.000000
2206.000000
4391.000000
3640.000000
1014.000000
-789.000000
-537.000000
1105.000000
2711.000000
2873.000000
1156.000000
-1068.000000
-1984.000000
-1705.000000
-1820.000000
-2657.000000
-3161.000000
-3517.000000
-5207.000000
-7878.000000
-9075.000000
-8203.000000
-7878.000000
-9795.000000
-12022.000000
-12388.000000
-11925.000000
-12520.000000
-13430.000000
-12968.000000
-11956.000000
-12435.000000
-13910.000000
-13781.000000
-11234.000000
-8282.000000
-6915.000000
-6996.000000
-7112.000000
-6148.000000
-4006.000000
-1648.000000
-238.000000
315.000000
1265.000000
3062.000000
4558.000000
4830.000000
4521.000000
4522.000000
4614.000000
4447.000000
4596.000000
5410.000000
5891.000000
4987.000000
3283.000000
2416.000000
3192.000000
4815.000000
5609.000000
4632.000000
3138.000000
3619.000000
6310.000000
8135.000000
7131.000000
6041.000000
8255.000000
11933.000000
12721.000000
11100.000000
11318.000000
13471.000000
13397.000000
11251.000000
12519.000000
17938.000000
20297.000000
15755.000000
10934.000000
12696.000000
17443.000000
17897.000000
14891.000000
13968.000000
14581.000000
12141.000000
8143.000000
8383.000000
11908.000000
11375.000000
5150.000000
36.000000
89.000000
1025.000000
-1310.000000
-4485.000000
-5310.000000
-5669.000000
-8097.000000
-10660.000000
-10753.000000
-9973.000000
-10953.000000
-12594.000000
-12424.000000
-11107.000000
-10888.000000
-11552.000000
-11212.000000
-9620.000000
-8031.000000
-7059.000000
-6717.000000
-7120.000000
-7475.000000
-6078.000000
-2981.000000
-881.000000
-1616.000000
-3504.000000
-3788.000000
-2135.000000
-123.000000
1138.000000
1309.000000
252.000000
-1266.000000
-1526.000000
83.000000
1991.000000
2449.000000
1545.000000
458.000000
-79.000000
57.000000
491.000000
232.000000
-1231.000000
-2623.000000
-2428.000000
-1659.000000
-2820.000000
-5874.000000
-7914.000000
-7477.000000
-6522.000000
-7096.000000
-8630.000000
-9854.000000
-10859.000000
-11716.000000
-11378.000000
-9756.000000
-8862.000000
-10003.000000
-11518.000000
-11137.000000
-9154.000000
-7487.000000
-6848.000000
-6522.000000
-5917.000000
-4875.000000
-3308.000000
-1715.000000
-1086.000000
-1287.000000
-722.000000
1322.000000
3256.000000
3359.000000
2226.000000
1702.000000
2287.000000
3047.000000
3377.000000
3402.000000
3016.000000
1936.000000
813.000000
1039.000000
2907.000000
4674.000000
4378.000000
2498.000000
1728.000000
3497.000000
5894.000000
6443.000000
5891.000000
6801.000000
9014.000000
9842.000000
8988.000000
9294.000000
11404.000000
12132.000000
10434.000000
10242.000000
13758.000000
16597.000000
14584.000000
11199.000000
12085.000000
15571.000000
15864.000000
13167.000000
12584.000000
14271.000000
13386.000000
9852.000000
9192.000000
12106.000000
12197.000000
6966.000000
2570.000000
3463.000000
5172.000000
2599.000000
-1520.000000
-2489.000000
-1954.000000
-3749.000000
-6317.000000
-6213.000000
-5244.000000
-7209.000000
-10440.000000
-10404.000000
-7674.000000
-6806.000000
-8574.000000
-9481.000000
-8245.000000
-7125.000000
-7087.000000
-6736.000000
-5988.000000
-6201.000000
-6733.000000
-5618.000000
-3559.000000
-3235.000000
-4700.000000
-5298.000000
-4081.000000
-2741.000000
-2235.000000
-1911.000000
-1801.000000
-2424.000000
-2625.000000
-962.000000
1142.000000
1054.000000
-656.000000
-997.000000
508.000000
1351.000000
447.000000
-640.000000
-1057.000000
-1666.000000
-2449.000000
-2375.000000
-2256.000000
-4178.000000
-7486.000000
-8817.000000
-7139.000000
-5513.000000
-6637.000000
-9458.000000
-11486.000000
-11903.000000
-11130.000000
-9633.000000
-8479.000000
-9053.000000
-10960.000000
-11816.000000
-10219.000000
-7541.000000
-5953.000000
-5968.000000
-6554.000000
-6470.000000
-5040.000000
-2641.000000
-680.000000
-156.000000
-305.000000
313.000000
1743.000000
2838.000000
3051.000000
2791.000000
2461.000000
2393.000000
3091.000000
4281.000000
4497.000000
3001.000000
1264.000000
1094.000000
2237.000000
3229.000000
3539.000000
3379.000000
2697.000000
1993.000000
2655.000000
4763.000000
6167.000000
5610.000000
4924.000000
6012.000000
7733.000000
8226.000000
8189.000000
9007.000000
9798.000000
9492.000000
9677.000000
11763.000000
13491.000000
12307.000000
10265.000000
11038.000000
13666.000000
14203.000000
12357.000000
11326.000000
11775.000000
11354.000000
9957.000000
9949.000000
10888.000000
9566.000000
6068.000000
4353.000000
5488.000000
5661.000000
2743.000000
-254.000000
-595.000000
-53.000000
-1052.000000
-2700.000000
-3535.000000
-4529.000000
-6415.000000
-7292.000000
-5935.000000
-4668.000000
-5889.000000
-8098.000000
-8327.000000
-6637.000000
-5384.000000
-5555.000000
-6281.000000
-6798.000000
-6783.000000
-5804.000000
-4171.000000
-3345.000000
-4096.000000
-5197.000000
-5066.000000
-3700.000000
-2165.000000
-1290.000000
-1407.000000
-2196.000000
-2370.000000
-943.000000
1037.000000
1615.000000
798.000000
398.000000
1017.000000
1420.000000
1039.000000
740.000000
747.000000
186.000000
-908.000000
-1478.000000
-1690.000000
-2879.000000
-4869.000000
-5878.000000
-5568.000000
-5699.000000
-7190.000000
-8928.000000
-9967.000000
-10554.000000
-10701.000000
-10155.000000
-9893.000000
-11091.000000
-12629.000000
-12378.000000
-10765.000000
-10017.000000
-10184.000000
-9387.000000
-7782.000000
-7319.000000
-7601.000000
-6210.000000
-3484.000000
-2398.000000
-3088.000000
-2324.000000
567.000000
2231.000000
1286.000000
740.000000
2410.000000
3823.000000
3159.000000
2567.000000
3761.000000
4663.000000
3542.000000
2427.000000
3268.000000
4443.000000
4103.000000
3473.000000
3865.000000
4005.000000
3162.000000
3255.000000
5013.000000
5897.000000
4720.000000
4225.000000
5993.000000
7242.000000
6118.000000
5487.000000
7487.000000
9139.000000
7988.000000
7232.000000
9858.000000
12367.000000
10625.000000
7740.000000
9058.000000
12773.000000
13139.000000
10453.000000
9832.000000
11658.000000
11480.000000
8880.000000
8279.000000
10339.000000
10431.000000
7088.000000
4736.000000
5733.000000
6449.000000
4094.000000
1466.000000
1480.000000
2159.000000
760.000000
-1399.000000
-1976.000000
-1862.000000
-2828.000000
-3896.000000
-3533.000000
-2974.000000
-4025.000000
-5581.000000
-5491.000000
-4268.000000
-4004.000000
-4847.000000
-5293.000000
-5017.000000
-4957.000000
-5218.000000
-5108.000000
-4794.000000
-5004.000000
-5410.000000
-5021.000000
-3996.000000
-3554.000000
-4078.000000
-4561.000000
-4064.000000
-2834.000000
-1786.000000
-1517.000000
-1901.000000
-2290.000000
-2071.000000
-1251.000000
-462.000000
-323.000000
-922.000000
-1843.000000
-2469.000000
-2396.000000
-1906.000000
-1872.000000
-2767.000000
-3980.000000
-4592.000000
-4571.000000
-4633.000000
-5155.000000
-5905.000000
-6659.000000
-7364.000000
-7789.000000
-7741.000000
-7629.000000
-8086.000000
-8986.000000
-9498.000000
-9246.000000
-8746.000000
-8547.000000
-8503.000000
-8204.000000
-7623.000000
-6971.000000
-6221.000000
-5211.000000
-4071.000000
-3172.000000
-2594.000000
-1950.000000
-928.000000
215.000000
988.000000
1378.000000
1835.000000
2538.000000
3119.000000
3273.000000
3168.000000
3052.000000
2929.000000
2852.000000
3017.000000
3326.000000
3368.000000
3077.000000
2846.000000
2797.000000
2691.000000
2705.000000
3299.000000
4111.000000
4220.000000
3852.000000
4292.000000
5610.000000
6282.000000
5895.000000
6117.000000
7713.000000
8884.000000
8384.000000
7973.000000
9352.000000
10924.000000
10575.000000
9672.000000
10724.000000
12674.000000
12555.000000
10819.000000
10598.000000
12114.000000
12420.000000
10888.000000
10220.000000
11173.000000
10955.000000
8447.000000
6531.000000
7041.000000
7499.000000
5549.000000
2964.000000
2167.000000
2019.000000
444.000000
-1504.000000
-1826.000000
-1542.000000
-2788.000000
-4724.000000
-5047.000000
-4291.000000
-4826.000000
-6468.000000
-6818.000000
-5615.000000
-5135.000000
-6180.000000
-7012.000000
-6685.000000
-6371.000000
-6680.000000
-6535.000000
-5666.000000
-5547.000000
-6676.000000
-7248.000000
-5982.000000
-4300.000000
-4076.000000
-4856.000000
-4992.000000
-4246.000000
-3553.000000
-3138.000000
-2605.000000
-2246.000000
-2607.000000
-3081.000000
-2553.000000
-1373.000000
-1130.000000
-2255.000000
-3270.000000
-2991.000000
-2188.000000
-2226.000000
-3067.000000
-3686.000000
-3814.000000
-4017.000000
-4386.000000
-4434.000000
-4306.000000
-4813.000000
-5943.000000
-6543.000000
-6111.000000
-5771.000000
-6569.000000
-7720.000000
-7755.000000
-6802.000000
-6359.000000
-6999.000000
-7699.000000
-7544.000000
-6855.000000
-6244.000000
-5613.000000
-4736.000000
-3982.000000
-3696.000000
-3401.000000
-2400.000000
-893.000000
233.000000
629.000000
870.000000
1505.000000
2300.000000
2764.000000
2979.000000
3384.000000
3878.000000
3823.000000
3117.000000
2554.000000
2714.000000
3103.000000
3003.000000
2584.000000
2394.000000
2319.000000
2104.000000
2298.000000
3337.000000
4192.000000
3674.000000
2800.000000
3704.000000
6129.000000
7454.000000
6768.000000
6288.000000
7607.000000
9260.000000
9694.000000
9957.000000
11186.000000
11962.000000
11085.000000
10650.000000
12822.000000
15388.000000
14667.000000
11713.000000
11072.000000
13622.000000
15357.000000
13885.000000
11550.000000
10732.000000
10384.000000
9259.000000
8594.000000
8952.000000
7915.000000
4100.000000
511.000000
361.000000
1863.000000
922.000000
-2684.000000
-5640.000000
-6436.000000
-6579.000000
-7064.000000
-7350.000000
-7785.000000
-9484.000000
-11473.000000
-11289.000000
-9077.000000
-7953.000000
-9294.000000
-10705.000000
-9968.000000
-8187.000000
-7341.000000
-7206.000000
-6722.000000
-6294.000000
-6500.000000
-6226.000000
-4475.000000
-2664.000000
-2722.000000
-3876.000000
-3757.000000
-2075.000000
-746.000000
-679.000000
-851.000000
-579.000000
-419.000000
-466.000000
92.000000
1161.000000
1401.000000
431.000000
-403.000000
-240.000000
40.000000
-363.000000
-833.000000
-917.000000
-1507.000000
-3050.000000
-4164.000000
-3749.000000
-3139.000000
-4190.000000
-6266.000000
-7262.000000
-6933.000000
-6889.000000
-7628.000000
-8004.000000
-7764.000000
-8157.000000
-9370.000000
-9653.000000
-8180.000000
-6787.000000
-7297.000000
-8636.000000
-8434.000000
-6512.000000
-4864.000000
-4601.000000
-4754.000000
-4189.000000
-3100.000000
-2154.000000
-1354.000000
-454.000000
278.000000
495.000000
551.000000
1151.000000
2288.000000
3052.000000
2761.000000
1945.000000
1782.000000
2571.000000
3315.000000
3062.000000
2188.000000
1807.000000
2282.000000
2967.000000
3254.000000
3201.000000
3206.000000
3582.000000
4387.000000
5305.000000
5925.000000
6413.000000
7366.000000
8707.000000
9605.000000
9957.000000
10752.000000
12228.000000
13182.000000
13177.000000
13611.000000
15078.000000
15772.000000
14668.000000
14035.000000
15789.000000
17529.000000
16018.000000
12914.000000
12434.000000
14385.000000
14607.000000
12047.000000
9959.000000
9634.000000
8533.000000
5920.000000
4704.000000
5531.000000
4536.000000
-15.000000
-3913.000000
-3577.000000
-1965.000000
-3597.000000
-7437.000000
-9462.000000
-9366.000000
-9779.000000
-10961.000000
-11150.000000
-10823.000000
-11915.000000
-13574.000000
-13091.000000
-10773.000000
-9808.000000
-11131.000000
-12134.000000
-10986.000000
-9005.000000
-7957.000000
-7781.000000
-7808.000000
-7885.000000
-7542.000000
-6087.000000
-4186.000000
-3515.000000
-4241.000000
-4633.000000
-3640.000000
-2161.000000
-1251.000000
-766.000000
-368.000000
-280.000000
-350.000000
195.000000
1343.000000
1975.000000
1587.000000
1106.000000
1277.000000
1473.000000
934.000000
88.000000
-217.000000
-84.000000
-306.000000
-1293.000000
-2729.000000
-3908.000000
-4239.000000
-3919.000000
-4022.000000
-5228.000000
-6743.000000
-7349.000000
-7125.000000
-7004.000000
-7158.000000
-7216.000000
-7533.000000
-8449.000000
-8874.000000
-7680.000000
-6104.000000
-6315.000000
-7827.000000
-8008.000000
-6230.000000
-4657.000000
-4572.000000
-4805.000000
-4387.000000
-3905.000000
-3485.000000
-2253.000000
-625.000000
-293.000000
-1147.000000
-1042.000000
590.000000
1822.000000
1707.000000
1614.000000
2247.000000
2499.000000
2181.000000
2701.000000
4049.000000
4360.000000
3443.000000
3419.000000
4910.000000
5936.000000
5660.000000
5763.000000
7097.000000
8270.000000
8566.000000
9086.000000
10231.000000
11131.000000
11916.000000
13380.000000
14559.000000
14140.000000
13657.000000
15311.000000
17560.000000
17401.000000
15881.000000
16163.000000
17425.000000
16615.000000
14958.000000
15919.000000
17734.000000
15655.000000
11124.000000
10342.000000
13412.000000
13725.000000
9331.000000
5901.000000
6313.000000
6261.000000
3210.000000
941.000000
1454.000000
603.000000
-3794.000000
-7174.000000
-6294.000000
-5119.000000
-7662.000000
-11255.000000
-12058.000000
-11522.000000
-12371.000000
-13330.000000
-12713.000000
-12517.000000
-14237.000000
-15096.000000
-12918.000000
-10545.000000
-11004.000000
-12312.000000
-11450.000000
-9627.000000
-9190.000000
-8943.000000
-7086.000000
-5513.000000
-6496.000000
-7913.000000
-6479.000000
-3486.000000
-2670.000000
-4102.000000
-4670.000000
-3486.000000
-2543.000000
-2562.000000
-2173.000000
-1148.000000
-1006.000000
-1939.000000
-2122.000000
-775.000000
457.000000
78.000000
-1134.000000
-1543.000000
-863.000000
-89.000000
-63.000000
-841.000000
-1910.000000
-2531.000000
-2289.000000
-1614.000000
-1497.000000
-2432.000000
-3867.000000
-4761.000000
-4502.000000
-3430.000000
-2722.000000
-3475.000000
-5410.000000
-6756.000000
-6141.000000
-4390.000000
-3624.000000
-4683.000000
-6372.000000
-7199.000000
-6839.000000
-5795.000000
-4824.000000
-4851.000000
-6177.000000
-7490.000000
-7027.000000
-5066.000000
-3817.000000
-4387.000000
-5394.000000
-5210.000000
-3941.000000
-2503.000000
-1349.000000
-844.000000
-1239.000000
-1550.000000
-212.000000
2397.000000
3961.000000
3536.000000
2889.000000
3699.000000
5423.000000
6871.000000
7889.000000
8533.000000
8530.000000
8437.000000
9467.000000
11419.000000
12651.000000
12599.000000
12467.000000
13082.000000
14016.000000
14900.000000
15679.000000
15845.000000
15363.000000
15559.000000
16947.000000
17589.000000
16205.000000
14981.000000
16034.000000
17370.000000
16298.000000
14370.000000
14307.000000
14650.000000
12828.000000
10874.000000
11842.000000
13071.000000
10122.000000
5343.000000
4656.000000
7244.000000
6827.000000
2501.000000
-363.000000
-112.000000
-862.000000
-3767.000000
-4983.000000
-3944.000000
-5192.000000
-9645.000000
-12065.000000
-10096.000000
-8384.000000
-10497.000000
-13475.000000
-13881.000000
-13152.000000
-13395.000000
-13332.000000
-11970.000000
-11500.000000
-13135.000000
-14182.000000
-12440.000000
-9901.000000
-9273.000000
-9961.000000
-10003.000000
-9280.000000
-8532.000000
-7539.000000
-6201.000000
-5537.000000
-6034.000000
-6517.000000
-5806.000000
-4288.000000
-3189.000000
-3160.000000
-3882.000000
-4356.000000
-3750.000000
-2457.000000
-1743.000000
-1986.000000
-2360.000000
-2430.000000
-2544.000000
-2433.000000
-1435.000000
-408.000000
-998.000000
-2599.000000
-2762.000000
-1207.000000
-402.000000
-1357.000000
-2141.000000
-1646.000000
-1377.000000
-2115.000000
-2235.000000
-1148.000000
-943.000000
-2541.000000
-3518.000000
-2218.000000
-915.000000
-2037.000000
-4002.000000
-3984.000000
-2622.000000
-2558.000000
-3886.000000
-4540.000000
-4260.000000
-4691.000000
-5824.000000
-5748.000000
-4380.000000
-4238.000000
-6290.000000
-7858.000000
-6579.000000
-4167.000000
-3735.000000
-5035.000000
-5313.000000
-3889.000000
-2599.000000
-2012.000000
-736.000000
1208.000000
1929.000000
1488.000000
2557.000000
5820.000000
8270.000000
8038.000000
7441.000000
8923.000000
11241.000000
12335.000000
12848.000000
13912.000000
14449.000000
13694.000000
13590.000000
15509.000000
17264.000000
16582.000000
14988.000000
15016.000000
16021.000000
16043.000000
15493.000000
15703.000000
15889.000000
14796.000000
13459.000000
13429.000000
13937.000000
13432.000000
12227.000000
11351.000000
10543.000000
9363.000000
8485.000000
8256.000000
7739.000000
6444.000000
5060.000000
3781.000000
2217.000000
1155.000000
1598.000000
2052.000000
124.000000
-3177.000000
-4513.000000
-3573.000000
-3257.000000
-4552.000000
-5707.000000
-6489.000000
-8394.000000
-10429.000000
-9867.000000
-7751.000000
-8299.000000
-11960.000000
-14332.000000
-13214.000000
-11534.000000
-11852.000000
-12941.000000
-13385.000000
-13927.000000
-14510.000000
-13397.000000
-10947.000000
-10173.000000
-11854.000000
-12862.000000
-10997.000000
-8076.000000
-6666.000000
-6785.000000
-7156.000000
-7061.000000
-5935.000000
-3565.000000
-1408.000000
-1399.000000
-3021.000000
-3677.000000
-2212.000000
-60.000000
1099.000000
881.000000
-308.000000
-1485.000000
-1230.000000
637.000000
2130.000000
1506.000000
-206.000000
-767.000000
90.000000
872.000000
806.000000
301.000000
-296.000000
-802.000000
-733.000000
-156.000000
-222.000000
-1580.000000
-3023.000000
-3028.000000
-1955.000000
-1519.000000
-2546.000000
-4199.000000
-5114.000000
-4677.000000
-3483.000000
-2864.000000
-3608.000000
-5032.000000
-5673.000000
-4882.000000
-3382.000000
-2450.000000
-2840.000000
-4128.000000
-4855.000000
-3885.000000
-1897.000000
-805.000000
-1425.000000
-2556.000000
-2657.000000
-1495.000000
118.000000
1251.000000
1362.000000
813.000000
908.000000
2433.000000
4395.000000
5305.000000
5286.000000
5589.000000
6607.000000
7820.000000
9025.000000
10081.000000
10284.000000
9660.000000
9797.000000
11527.000000
13053.000000
12470.000000
10847.000000
10451.000000
11254.000000
11670.000000
11436.000000
11195.000000
10530.000000
9041.000000
8112.000000
8916.000000
9961.000000
9262.000000
7552.000000
6790.000000
6945.000000
6832.000000
6617.000000
6864.000000
6695.000000
5460.000000
4548.000000
5041.000000
5462.000000
4382.000000
3177.000000
3487.000000
4097.000000
3225.000000
1826.000000
1599.000000
1759.000000
868.000000
-68.000000
410.000000
980.000000
-380.000000
-2615.000000
-3197.000000
-2305.000000
-2201.000000
-3407.000000
-4508.000000
-5078.000000
-5968.000000
-7103.000000
-7484.000000
-7263.000000
-7704.000000
-9081.000000
-10287.000000
-10573.000000
-10378.000000
-10407.000000
-10849.000000
-11447.000000
-11765.000000
-11518.000000
-10958.000000
-10624.000000
-10608.000000
-10528.000000
-10194.000000
-9707.000000
-9039.000000
-8208.000000
-7651.000000
-7649.000000
-7624.000000
-6878.000000
-5751.000000
-5166.000000
-5255.000000
-5307.000000
-4892.000000
-4211.000000
-3553.000000
-3107.000000
-3066.000000
-3294.000000
-3169.000000
-2324.000000
-1302.000000
-929.000000
-1251.000000
-1538.000000
-1162.000000
-196.000000
741.000000
1056.000000
746.000000
404.000000
571.000000
1235.000000
2011.000000
2482.000000
2317.000000
1631.000000
1267.000000
1908.000000
2892.000000
2934.000000
2099.000000
1744.000000
2277.000000
2594.000000
2141.000000
1812.000000
2114.000000
2243.000000
1811.000000
1673.000000
2108.000000
2021.000000
1030.000000
516.000000
1331.000000
2227.000000
1888.000000
957.000000
698.000000
1073.000000
1400.000000
1619.000000
1832.000000
1759.000000
1540.000000
1856.000000
2627.000000
2913.000000
2563.000000
2529.000000
3138.000000
3650.000000
3806.000000
4101.000000
4351.000000
3890.000000
3327.000000
3980.000000
5344.000000
5439.000000
4034.000000
3154.000000
3798.000000
4567.000000
4296.000000
3736.000000
3650.000000
3458.000000
2845.000000
2706.000000
3367.000000
3665.000000
2926.000000
2224.000000
2575.000000
3321.000000
3415.000000
3039.000000
2929.000000
3172.000000
3507.000000
3935.000000
4321.000000
4282.000000
3984.000000
4146.000000
4813.000000
5130.000000
4788.000000
4591.000000
5032.000000
5408.000000
5070.000000
4513.000000
4398.000000
4413.000000
4069.000000
3744.000000
3795.000000
3448.000000
1968.000000
420.000000
508.000000
1749.000000
1693.000000
-570.000000
-2983.000000
-3509.000000
-2836.000000
-2807.000000
-3670.000000
-4594.000000
-5653.000000
-7188.000000
-8144.000000
-7429.000000
-6394.000000
-7408.000000
-10051.000000
-11326.000000
-10071.000000
-8587.000000
-9057.000000
-10682.000000
-11548.000000
-11314.000000
-10672.000000
-9843.000000
-9073.000000
-9230.000000
-10395.000000
-10971.000000
-9653.000000
-7476.000000
-6542.000000
-7270.000000
-8116.000000
-7705.000000
-6192.000000
-4673.000000
-3976.000000
-4083.000000
-4290.000000
-3872.000000
-2727.000000
-1395.000000
-515.000000
-341.000000
-533.000000
-279.000000
925.000000
2432.000000
3018.000000
2570.000000
2375.000000
3253.000000
4410.000000
4826.000000
4779.000000
5009.000000
5359.000000
5379.000000
5425.000000
5927.000000
6319.000000
5944.000000
5368.000000
5497.000000
5999.000000
5908.000000
5304.000000
5058.000000
5266.000000
5226.000000
4714.000000
4183.000000
3848.000000
3581.000000
3464.000000
3577.000000
3513.000000
2936.000000
2265.000000
2028.000000
1973.000000
1596.000000
1072.000000
831.000000
695.000000
310.000000
-58.000000
-54.000000
-50.000000
-498.000000
-969.000000
-860.000000
-557.000000
-818.000000
-1376.000000
-1319.000000
-616.000000
-80.000000
26.000000
179.000000
455.000000
385.000000
65.000000
229.000000
983.000000
1553.000000
1600.000000
1734.000000
2289.000000
2638.000000
2321.000000
1929.000000
2137.000000
2604.000000
2687.000000
2564.000000
2768.000000
3100.000000
2974.000000
2519.000000
2384.000000
2597.000000
2534.000000
2026.000000
1596.000000
1523.000000
1461.000000
1193.000000
1026.000000
1134.000000
1116.000000
598.000000
-179.000000
-698.000000
-770.000000
-575.000000
-385.000000
-444.000000
-821.000000
-1249.000000
-1366.000000
-1191.000000
-1094.000000
-1242.000000
-1447.000000
-1563.000000
-1630.000000
-1575.000000
-1275.000000
-974.000000
-1120.000000
-1634.000000
-1891.000000
-1664.000000
-1509.000000
-1884.000000
-2427.000000
-2564.000000
-2363.000000
-2291.000000
-2505.000000
-2866.000000
-3335.000000
-3821.000000
-3954.000000
-3578.000000
-3216.000000
-3456.000000
-4081.000000
-4399.000000
-4231.000000
-3940.000000
-3703.000000
-3463.000000
-3418.000000
-3749.000000
-4000.000000
-3587.000000
-2848.000000
-2649.000000
-2945.000000
-2795.000000
-1970.000000
-1356.000000
-1454.000000
-1608.000000
-1223.000000
-661.000000
-330.000000
73.000000
702.000000
957.000000
569.000000
351.000000
972.000000
1809.000000
1947.000000
1581.000000
1471.000000
1657.000000
1709.000000
1659.000000
1741.000000
1710.000000
1326.000000
1033.000000
1268.000000
1549.000000
1174.000000
405.000000
75.000000
303.000000
471.000000
239.000000
-157.000000
-451.000000
-582.000000
-497.000000
-233.000000
-69.000000
-222.000000
-519.000000
-633.000000
-441.000000
-31.000000
389.000000
538.000000
378.000000
329.000000
748.000000
1307.000000
1446.000000
1283.000000
1405.000000
1883.000000
2240.000000
2315.000000
2407.000000
2618.000000
2767.000000
2900.000000
3161.000000
3305.000000
3034.000000
2656.000000
2671.000000
2944.000000
2973.000000
2737.000000
2529.000000
2290.000000
1853.000000
1492.000000
1460.000000
1398.000000
948.000000
500.000000
501.000000
574.000000
151.000000
-519.000000
-841.000000
-858.000000
-933.000000
-1007.000000
-974.000000
-1175.000000
-1752.000000
-2106.000000
-1837.000000
-1494.000000
-1633.000000
-1862.000000
-1663.000000
-1367.000000
-1436.000000
-1565.000000
-1370.000000
-1212.000000
-1403.000000
-1426.000000
-873.000000
-370.000000
-600.000000
-1106.000000
-1085.000000
-661.000000
-435.000000
-404.000000
-274.000000
-246.000000
-535.000000
-653.000000
-126.000000
577.000000
690.000000
319.000000
151.000000
366.000000
615.000000
785.000000
1027.000000
1252.000000
1267.000000
1237.000000
1475.000000
1884.000000
2069.000000
1929.000000
1784.000000
1934.000000
2338.000000
2719.000000
2823.000000
2640.000000
2422.000000
2406.000000
2557.000000
2645.000000
2525.000000
2216.000000
1828.000000
1544.000000
1496.000000
1530.000000
1295.000000
698.000000
63.000000
-315.000000
-510.000000
-733.000000
-1044.000000
-1459.000000
-2016.000000
-2580.000000
-2893.000000
-2976.000000
-3162.000000
-3582.000000
-3959.000000
-4071.000000
-4062.000000
-4140.000000
-4271.000000
-4361.000000
-4406.000000
-4353.000000
-4102.000000
-3758.000000
-3577.000000
-3586.000000
-3542.000000
-3330.000000
-3073.000000
-2830.000000
-2525.000000
-2202.000000
-2010.000000
-1877.000000
-1563.000000
-1088.000000
-759.000000
-679.000000
-565.000000
-185.000000
310.000000
649.000000
789.000000
888.000000
1076.000000
1367.000000
1695.000000
1958.000000
2079.000000
2078.000000
2052.000000
2120.000000
2361.000000
2718.000000
2944.000000
2830.000000
2543.000000
2506.000000
2825.000000
3087.000000
2923.000000
2533.000000
2364.000000
2463.000000
2509.000000
2361.000000
2151.000000
1919.000000
1563.000000
1194.000000
1101.000000
1244.000000
1174.000000
666.000000
94.000000
-100.000000
-32.000000
-128.000000
-486.000000
-829.000000
-1006.000000
-1163.000000
-1420.000000
-1691.000000
-1884.000000
-2049.000000
-2225.000000
-2338.000000
-2351.000000
-2371.000000
-2495.000000
-2658.000000
-2724.000000
-2647.000000
-2487.000000
-2320.000000
-2207.000000
-2170.000000
-2133.000000
-1974.000000
-1699.000000
-1455.000000
-1294.000000
-1078.000000
-733.000000
-426.000000
-265.000000
-47.000000
438.000000
981.000000
1235.000000
1291.000000
1556.000000
2079.000000
2483.000000
2629.000000
2808.000000
3172.000000
3451.000000
3500.000000
3575.000000
3809.000000
3924.000000
3805.000000
3828.000000
4185.000000
4423.000000
4156.000000
3751.000000
3727.000000
3901.000000
3802.000000
3520.000000
3412.000000
3312.000000
2865.000000
2360.000000
2337.000000
2536.000000
2188.000000
1316.000000
787.000000
919.000000
1006.000000
525.000000
-81.000000
-284.000000
-329.000000
-655.000000
-1094.000000
-1280.000000
-1365.000000
-1708.000000
-2180.000000
-2369.000000
-2304.000000
-2394.000000
-2766.000000
-3128.000000
-3259.000000
-3252.000000
-3253.000000
-3278.000000
-3327.000000
-3426.000000
-3528.000000
-3534.000000
-3440.000000
-3345.000000
-3296.000000
-3246.000000
-3179.000000
-3136.000000
-3110.000000
-3010.000000
-2800.000000
-2598.000000
-2550.000000
-2599.000000
-2500.000000
-2146.000000
-1758.000000
-1620.000000
-1683.000000
-1639.000000
-1382.000000
-1141.000000
-1080.000000
-1059.000000
-917.000000
-745.000000
-664.000000
-583.000000
-416.000000
-321.000000
-454.000000
-616.000000
-499.000000
-169.000000
9.000000
-95.000000
-235.000000
-201.000000
-72.000000
-18.000000
-67.000000
-165.000000
-266.000000
-302.000000
-224.000000
-128.000000
-182.000000
-375.000000
-485.000000
-380.000000
-217.000000
-233.000000
-432.000000
-598.000000
-569.000000
-397.000000
-256.000000
-264.000000
-399.000000
-543.000000
-596.000000
-539.000000
-436.000000
-385.000000
-435.000000
-532.000000
-553.000000
-437.000000
-274.000000
-218.000000
-284.000000
-303.000000
-147.000000
84.000000
185.000000
131.000000
109.000000
263.000000
503.000000
646.000000
679.000000
749.000000
921.000000
1101.000000
1205.000000
1300.000000
1484.000000
1724.000000
1917.000000
2053.000000
2187.000000
2327.000000
2451.000000
2607.000000
2842.000000
3063.000000
3111.000000
3003.000000
2952.000000
3113.000000
3401.000000
3595.000000
3564.000000
3388.000000
3277.000000
3376.000000
3585.000000
3640.000000
3450.000000
3231.000000
3214.000000
3330.000000
3339.000000
3175.000000
2951.000000
2729.000000
2522.000000
2430.000000
2501.000000
2498.000000
2160.000000
1664.000000
1486.000000
1697.000000
1810.000000
1482.000000
990.000000
771.000000
788.000000
706.000000
449.000000
213.000000
54.000000
-171.000000
-455.000000
-601.000000
-615.000000
-785.000000
-1234.000000
-1638.000000
-1659.000000
-1467.000000
-1533.000000
-1967.000000
-2373.000000
-2437.000000
-2348.000000
-2444.000000
-2708.000000
-2887.000000
-2935.000000
-3012.000000
-3123.000000
-3120.000000
-3056.000000
-3160.000000
-3391.000000
-3388.000000
-3047.000000
-2750.000000
-2818.000000
-3018.000000
-2947.000000
-2619.000000
-2335.000000
-2197.000000
-2083.000000
-1977.000000
-1943.000000
-1861.000000
-1567.000000
-1186.000000
-1019.000000
-1072.000000
-1036.000000
-762.000000
-455.000000
-330.000000
-338.000000
-315.000000
-212.000000
-68.000000
60.000000
97.000000
-3.000000
-145.000000
-174.000000
-96.000000
-76.000000
-190.000000
-343.000000
-447.000000
-526.000000
-590.000000
-596.000000
-586.000000
-684.000000
-887.000000
-1006.000000
-942.000000
-867.000000
-962.000000
-1117.000000
-1098.000000
-937.000000
-888.000000
-1023.000000
-1101.000000
-946.000000
-695.000000
-568.000000
-552.000000
-501.000000
-392.000000
-287.000000
-142.000000
98.000000
316.000000
354.000000
305.000000
402.000000
641.000000
776.000000
731.000000
713.000000
852.000000
1021.000000
1093.000000
1112.000000
1111.000000
1033.000000
944.000000
1041.000000
1296.000000
1384.000000
1172.000000
969.000000
1065.000000
1305.000000
1377.000000
1270.000000
1183.000000
1181.000000
1228.000000
1358.000000
1544.000000
1613.000000
1531.000000
1549.000000
1830.000000
2141.000000
2212.000000
2148.000000
2196.000000
2349.000000
2481.000000
2647.000000
2886.000000
2998.000000
2862.000000
2754.000000
2953.000000
3233.000000
3197.000000
2923.000000
2824.000000
2970.000000
3049.000000
2908.000000
2703.000000
2535.000000
2337.000000
2130.000000
2009.000000
1891.000000
1597.000000
1176.000000
846.000000
652.000000
443.000000
166.000000
-131.000000
-450.000000
-801.000000
-1073.000000
-1232.000000
-1464.000000
-1876.000000
-2232.000000
-2307.000000
-2287.000000
-2477.000000
-2812.000000
-3033.000000
-3153.000000
-3326.000000
-3452.000000
-3379.000000
-3306.000000
-3500.000000
-3761.000000
-3686.000000
-3364.000000
-3250.000000
-3420.000000
-3501.000000
-3342.000000
-3190.000000
-3156.000000
-3048.000000
-2833.000000
-2748.000000
-2813.000000
-2727.000000
-2380.000000
-2081.000000
-2063.000000
-2137.000000
-2026.000000
-1744.000000
-1459.000000
-1238.000000
-1088.000000
-1015.000000
-942.000000
-739.000000
-437.000000
-212.000000
-131.000000
-85.000000
20.000000
174.000000
370.000000
600.000000
760.000000
775.000000
783.000000
945.000000
1170.000000
1246.000000
1179.000000
1169.000000
1257.000000
1315.000000
1309.000000
1315.000000
1311.000000
1207.000000
1075.000000
1056.000000
1083.000000
965.000000
733.000000
608.000000
630.000000
619.000000
482.000000
319.000000
201.000000
94.000000
2.000000
-30.000000
-61.000000
-190.000000
-352.000000
-391.000000
-314.000000
-268.000000
-303.000000
-337.000000
-334.000000
-320.000000
-252.000000
-89.000000
65.000000
94.000000
76.000000
187.000000
418.000000
616.000000
722.000000
809.000000
899.000000
977.000000
1095.000000
1302.000000
1499.000000
1569.000000
1574.000000
1657.000000
1812.000000
1923.000000
1975.000000
2025.000000
2050.000000
2004.000000
1969.000000
2048.000000
2157.000000
2134.000000
1983.000000
1869.000000
1865.000000
1884.000000
1841.000000
1734.000000
1593.000000
1461.000000
1391.000000
1372.000000
1314.000000
1176.000000
1020.000000
914.000000
833.000000
741.000000
648.000000
532.000000
344.000000
145.000000
59.000000
61.000000
-36.000000
-287.000000
-514.000000
-592.000000
-629.000000
-755.000000
-945.000000
-1130.000000
-1328.000000
-1521.000000
-1614.000000
-1631.000000
-1757.000000
-2048.000000
-2304.000000
-2370.000000
-2374.000000
-2503.000000
-2727.000000
-2906.000000
-3012.000000
-3086.000000
-3119.000000
-3116.000000
-3166.000000
-3306.000000
-3420.000000
-3399.000000
-3294.000000
-3216.000000
-3181.000000
-3153.000000
-3115.000000
-3029.000000
-2851.000000
-2634.000000
-2481.000000
-2376.000000
-2201.000000
-1941.000000
-1702.000000
-1510.000000
-1257.000000
-915.000000
-602.000000
-371.000000
-131.000000
188.000000
519.000000
798.000000
1056.000000
1317.000000
1559.000000
1805.000000
2115.000000
2448.000000
2680.000000
2804.000000
2941.000000
3152.000000
3371.000000
3541.000000
3669.000000
3736.000000
3713.000000
3687.000000
3777.000000
3933.000000
3959.000000
3795.000000
3599.000000
3519.000000
3519.000000
3477.000000
3330.000000
3086.000000
2812.000000
2602.000000
2494.000000
2381.000000
2138.000000
1798.000000
1500.000000
1299.000000
1135.000000
945.000000
704.000000
395.000000
65.000000
-162.000000
-236.000000
-306.000000
-532.000000
-852.000000
-1080.000000
-1148.000000
-1152.000000
-1195.000000
-1304.000000
-1461.000000
-1589.000000
-1576.000000
-1438.000000
-1349.000000
-1412.000000
-1505.000000
-1452.000000
-1270.000000
-1089.000000
-961.000000
-867.000000
-816.000000
-771.000000
-621.000000
-352.000000
-133.000000
-91.000000
-100.000000
21.000000
245.000000
424.000000
518.000000
570.000000
583.000000
569.000000
625.000000
776.000000
870.000000
788.000000
642.000000
599.000000
617.000000
559.000000
427.000000
315.000000
212.000000
52.000000
-120.000000
-230.000000
-334.000000
-530.000000
-770.000000
-942.000000
-1067.000000
-1239.000000
-1451.000000
-1625.000000
-1766.000000
-1931.000000
-2107.000000
-2248.000000
-2376.000000
-2527.000000
-2651.000000
-2706.000000
-2759.000000
-2876.000000
-2992.000000
-3017.000000
-2988.000000
-2992.000000
-3026.000000
-3034.000000
-3026.000000
-3025.000000
-2979.000000
-2849.000000
-2726.000000
-2689.000000
-2671.000000
-2550.000000
-2348.000000
-2171.000000
-2042.000000
-1910.000000
-1763.000000
-1618.000000
-1439.000000
-1191.000000
-930.000000
-732.000000
-570.000000
-357.000000
-73.000000
216.000000
469.000000
690.000000
900.000000
1134.000000
1427.000000
1760.000000
2052.000000
2265.000000
2462.000000
2706.000000
2972.000000
3210.000000
3415.000000
3600.000000
3746.000000
3866.000000
4015.000000
4197.000000
4331.000000
4365.000000
4363.000000
4390.000000
4426.000000
4411.000000
4337.000000
4223.000000
4071.000000
3908.000000
3783.000000
3667.000000
3468.000000
3161.000000
2854.000000
2621.000000
2398.000000
2106.000000
1771.000000
1455.000000
1152.000000
842.000000
556.000000
305.000000
20.000000
-333.000000
-665.000000
-890.000000
-1056.000000
-1260.000000
-1499.000000
-1708.000000
-1875.000000
-2019.000000
-2115.000000
-2165.000000
-2234.000000
-2351.000000
-2424.000000
-2380.000000
-2298.000000
-2287.000000
-2309.000000
-2260.000000
-2154.000000
-2085.000000
-2050.000000
-1970.000000
-1844.000000
-1747.000000
-1679.000000
-1583.000000
-1476.000000
-1422.000000
-1393.000000
-1296.000000
-1149.000000
-1069.000000
-1083.000000
-1091.000000
-1039.000000
-977.000000
-941.000000
-912.000000
-911.000000
-979.000000
-1049.000000
-1005.000000
-878.000000
-850.000000
-986.000000
-1123.000000
-1113.000000
-1013.000000
-965.000000
-993.000000
-1045.000000
-1098.000000
-1130.000000
-1089.000000
-985.000000
-937.000000
-1011.000000
-1110.000000
-1091.000000
-968.000000
-865.000000
-850.000000
-895.000000
-946.000000
-949.000000
-864.000000
-730.000000
-675.000000
-746.000000
-818.000000
-758.000000
-613.000000
-530.000000
-549.000000
-591.000000
-587.000000
-536.000000
-450.000000
-345.000000
-281.000000
-290.000000
-293.000000
-196.000000
-25.000000
114.000000
186.000000
252.000000
356.000000
497.000000
675.000000
869.000000
1021.000000
1110.000000
1223.000000
1449.000000
1728.000000
1931.000000
2053.000000
2193.000000
2389.000000
2594.000000
2784.000000
2977.000000
3147.000000
3251.000000
3336.000000
3480.000000
3658.000000
3766.000000
3792.000000
3809.000000
3843.000000
3849.000000
3835.000000
3845.000000
3834.000000
3721.000000
3551.000000
3449.000000
3408.000000
3303.000000
3095.000000
2885.000000
2713.000000
2513.000000
2269.000000
2060.000000
1893.000000
1673.000000
1379.000000
1117.000000
943.000000
781.000000
557.000000
307.000000
75.000000
-157.000000
-377.000000
-532.000000
-643.000000
-808.000000
-1038.000000
-1234.000000
-1348.000000
-1451.000000
-1588.000000
-1719.000000
-1819.000000
-1937.000000
-2073.000000
-2158.000000
-2189.000000
-2258.000000
-2392.000000
-2503.000000
-2539.000000
-2565.000000
-2631.000000
-2706.000000
-2764.000000
-2835.000000
-2917.000000
-2954.000000
-2949.000000
-2976.000000
-3046.000000
-3082.000000
-3053.000000
-3033.000000
-3054.000000
-3068.000000
-3042.000000
-3019.000000
-3006.000000
-2956.000000
-2874.000000
-2824.000000
-2805.000000
-2740.000000
-2609.000000
-2492.000000
-2419.000000
-2327.000000
-2188.000000
-2051.000000
-1931.000000
-1776.000000
-1595.000000
-1467.000000
-1397.000000
-1285.000000
-1083.000000
-882.000000
-760.000000
-667.000000
-537.000000
-393.000000
-274.000000
-149.000000
6.000000
145.000000
231.000000
312.000000
441.000000
589.000000
698.000000
769.000000
839.000000
917.000000
989.000000
1068.000000
1162.000000
1239.000000
1288.000000
1348.000000
1449.000000
1554.000000
1618.000000
1660.000000
1722.000000
1807.000000
1890.000000
1962.000000
2037.000000
2106.000000
2148.000000
2180.000000
2234.000000
2308.000000
2365.000000
2389.000000
2406.000000
2439.000000
2483.000000
2517.000000
2533.000000
2536.000000
2529.000000
2521.000000
2515.000000
2507.000000
2483.000000
2441.000000
2390.000000
2343.000000
2295.000000
2237.000000
2167.000000
2091.000000
2020.000000
1954.000000
1889.000000
1822.000000
1746.000000
1667.000000
1591.000000
1522.000000
1457.000000
1392.000000
1315.000000
1222.000000
1128.000000
1054.000000
1005.000000
953.000000
873.000000
769.000000
671.000000
596.000000
535.000000
474.000000
397.000000
295.000000
175.000000
54.000000
-51.000000
-143.000000
-242.000000
-369.000000
-529.000000
-702.000000
-854.000000
-973.000000
-1095.000000
-1266.000000
-1474.000000
-1665.000000
-1818.000000
-1966.000000
-2136.000000
-2310.000000
-2468.000000
-2625.000000
-2784.000000
-2919.000000
-3021.000000
-3134.000000
-3291.000000
-3448.000000
-3544.000000
-3579.000000
-3608.000000
-3656.000000
-3701.000000
-3719.000000
-3704.000000
-3667.000000
-3621.000000
-3578.000000
-3531.000000
-3449.000000
-3326.000000
-3190.000000
-3058.000000
-2927.000000
-2794.000000
-2659.000000
-2506.000000
-2309.000000
-2092.000000
-1915.000000
-1787.000000
-1640.000000
-1432.000000
-1200.000000
-1005.000000
-853.000000
-708.000000
-554.000000
-395.000000
-229.000000
-61.000000
82.000000
189.000000
289.000000
417.000000
561.000000
685.000000
779.000000
856.000000
931.000000
1013.000000
1110.000000
1205.000000
1269.000000
1304.000000
1351.000000
1431.000000
1522.000000
1587.000000
1623.000000
1652.000000
1698.000000
1769.000000
1851.000000
1916.000000
1941.000000
1949.000000
1983.000000
2054.000000
2125.000000
2166.000000
2180.000000
2185.000000
2192.000000
2212.000000
2252.000000
2289.000000
2297.000000
2276.000000
2264.000000
2278.000000
2293.000000
2275.000000
2229.000000
2183.000000
2160.000000
2153.000000
2134.000000
2080.000000
2004.000000
1938.000000
1900.000000
1869.000000
1816.000000
1740.000000
1666.000000
1608.000000
1559.000000
1509.000000
1454.000000
1386.000000
1300.000000
1218.000000
1162.000000
1126.000000
1070.000000
973.000000
870.000000
803.000000
769.000000
721.000000
628.000000
509.000000
400.000000
319.000000
257.000000
187.000000
95.000000
-21.000000
-141.000000
-244.000000
-328.000000
-419.000000
-542.000000
-692.000000
-842.000000
-972.000000
-1085.000000
-1201.000000
-1336.000000
-1483.000000
-1617.000000
-1720.000000
-1811.000000
-1927.000000
-2073.000000
-2214.000000
-2323.000000
-2405.000000
-2475.000000
-2542.000000
-2614.000000
-2698.000000
-2777.000000
-2825.000000
-2846.000000
-2873.000000
-2912.000000
-2936.000000
-2919.000000
-2879.000000
-2835.000000
-2789.000000
-2736.000000
-2683.000000
-2626.000000
-2546.000000
-2438.000000
-2330.000000
-2233.000000
-2139.000000
-2034.000000
-1923.000000
-1798.000000
-1649.000000
-1494.000000
-1357.000000
-1234.000000
-1095.000000
-937.000000
-781.000000
-634.000000
-486.000000
-339.000000
-207.000000
-81.000000
62.000000
218.000000
355.000000
472.000000
594.000000
733.000000
864.000000
975.000000
1075.000000
1173.000000
1265.000000
1362.000000
1470.000000
1572.000000
1648.000000
1708.000000
1778.000000
1854.000000
1914.000000
1952.000000
1984.000000
2011.000000
2028.000000
2041.000000
2064.000000
2083.000000
2079.000000
2053.000000
2025.000000
2001.000000
1973.000000
1940.000000
1903.000000
1855.000000
1795.000000
1735.000000
1682.000000
1624.000000
1554.000000
1482.000000
1416.000000
1342.000000
1251.000000
1160.000000
1089.000000
1032.000000
972.000000
906.000000
838.000000
773.000000
714.000000
665.000000
618.000000
566.000000
510.000000
463.000000
431.000000
401.000000
363.000000
315.000000
255.000000
198.000000
165.000000
158.000000
149.000000
109.000000
47.000000
-8.000000
-44.000000
-72.000000
-106.000000
-152.000000
-215.000000
-283.000000
-342.000000
-393.000000
-452.000000
-529.000000
-602.000000
-656.000000
-698.000000
-751.000000
-815.000000
-884.000000
-959.000000
-1028.000000
-1076.000000
-1104.000000
-1138.000000
-1194.000000
-1251.000000
-1291.000000
-1311.000000
-1322.000000
-1330.000000
-1345.000000
-1376.000000
-1405.000000
-1407.000000
-1385.000000
-1365.000000
-1358.000000
-1351.000000
-1346.000000
-1349.000000
-1352.000000
-1331.000000
-1297.000000
-1284.000000
-1290.000000
-1278.000000
-1235.000000
-1197.000000
-1200.000000
-1227.000000
-1242.000000
-1226.000000
-1188.000000
-1149.000000
-1126.000000
-1128.000000
-1135.000000
-1119.000000
-1079.000000
-1033.000000
-987.000000
-940.000000
-892.000000
-841.000000
-765.000000
-659.000000
-555.000000
-482.000000
-416.000000
-309.000000
-158.000000
-3.000000
129.000000
253.000000
391.000000
544.000000
704.000000
875.000000
1051.000000
1211.000000
1348.000000
1478.000000
1620.000000
1768.000000
1905.000000
2025.000000
2134.000000
2238.000000
2338.000000
2428.000000
2493.000000
2530.000000
2551.000000
2566.000000
2573.000000
2556.000000
2516.000000
2464.000000
2405.000000
2335.000000
2252.000000
2168.000000
2077.000000
1965.000000
1827.000000
1688.000000
1561.000000
1434.000000
1287.000000
1125.000000
964.000000
810.000000
653.000000
500.000000
358.000000
221.000000
75.000000
-79.000000
-219.000000
-332.000000
-425.000000
-512.000000
-604.000000
-710.000000
-829.000000
-943.000000
-1029.000000
-1094.000000
-1159.000000
-1230.000000
-1294.000000
-1341.000000
-1383.000000
-1425.000000
-1463.000000
-1489.000000
-1506.000000
-1511.000000
-1507.000000
-1513.000000
-1532.000000
-1547.000000
-1536.000000
-1508.000000
-1488.000000
-1479.000000
-1460.000000
-1431.000000
-1398.000000
-1357.000000
-1297.000000
-1227.000000
-1171.000000
-1127.000000
-1069.000000
-996.000000
-933.000000
-882.000000
-821.000000
-738.000000
-656.000000
-591.000000
-538.000000
-483.000000
-427.000000
-373.000000
-319.000000
-267.000000
-222.000000
-180.000000
-136.000000
-97.000000
-72.000000
-59.000000
-44.000000
-33.000000
-25.000000
-14.000000
0.000000
-1.000000
-30.000000
-60.000000
-60.000000
-43.000000
-48.000000
-79.000000
-102.000000
-98.000000
-86.000000
-81.000000
-77.000000
-65.000000
-54.000000
-47.000000
-30.000000
9.000000
58.000000
96.000000
124.000000
157.000000
214.000000
295.000000
375.000000
435.000000
483.000000
550.000000
648.000000
752.000000
835.000000
896.000000
962.000000
1043.000000
1126.000000
1202.000000
1272.000000
1339.000000
1400.000000
1459.000000
1528.000000
1602.000000
1658.000000
1685.000000
1693.000000
1709.000000
1735.000000
1758.000000
1764.000000
1756.000000
1744.000000
1729.000000
1712.000000
1691.000000
1660.000000
1610.000000
1539.000000
1458.000000
1379.000000
1308.000000
1238.000000
1155.000000
1048.000000
926.000000
805.000000
697.000000
583.000000
449.000000
298.000000
154.000000
25.000000
-103.000000
-243.000000
-394.000000
-550.000000
-706.000000
-855.000000
-987.000000
-1107.000000
-1229.000000
-1359.000000
-1487.000000
-1602.000000
-1701.000000
-1787.000000
-1868.000000
-1946.000000
-2017.000000
-2067.000000
-2091.000000
-2107.000000
-2127.000000
-2141.000000
-2129.000000
-2096.000000
-2063.000000
-2034.000000
-1988.000000
-1914.000000
-1827.000000
-1748.000000
-1670.000000
-1582.000000
-1485.000000
-1391.000000
-1298.000000
-1201.000000
-1094.000000
-980.000000
-875.000000
-784.000000
-700.000000
-611.000000
-512.000000
-418.000000
-345.000000
-290.000000
-236.000000
-182.000000
-133.000000
-83.000000
-35.000000
-2.000000
9.000000
12.000000
33.000000
70.000000
96.000000
97.000000
92.000000
97.000000
109.000000
116.000000
117.000000
118.000000
125.000000
137.000000
149.000000
165.000000
196.000000
239.000000
278.000000
301.000000
318.000000
355.000000
415.000000
480.000000
534.000000
587.000000
652.000000
729.000000
808.000000
887.000000
969.000000
1055.000000
1135.000000
1212.000000
1288.000000
1370.000000
1457.000000
1540.000000
1611.000000
1679.000000
1756.000000
1838.000000
1912.000000
1968.000000
2015.000000
2063.000000
2104.000000
2124.000000
2128.000000
2134.000000
2146.000000
2154.000000
2141.000000
2105.000000
2059.000000
2012.000000
1957.000000
1882.000000
1783.000000
1679.000000
1584.000000
1493.000000
1386.000000
1258.000000
1125.000000
995.000000
855.000000
693.000000
519.000000
348.000000
184.000000
20.000000
-143.000000
-299.000000
-450.000000
-601.000000
-756.000000
-911.000000
-1064.000000
-1213.000000
-1357.000000
-1486.000000
-1599.000000
-1699.000000
-1803.000000
-1920.000000
-2033.000000
-2115.000000
-2165.000000
-2212.000000
-2275.000000
-2338.000000
-2372.000000
-2380.000000
-2390.000000
-2415.000000
-2435.000000
-2426.000000
-2395.000000
-2362.000000
-2331.000000
-2294.000000
-2244.000000
-2194.000000
-2146.000000
-2092.000000
-2025.000000
-1951.000000
-1879.000000
-1800.000000
-1704.000000
-1592.000000
-1483.000000
-1395.000000
-1317.000000
-1225.000000
-1113.000000
-998.000000
-899.000000
-808.000000
-713.000000
-613.000000
-522.000000
-437.000000
-346.000000
-241.000000
-137.000000
-54.000000
5.000000
58.000000
119.000000
185.000000
250.000000
309.000000
364.000000
410.000000
442.000000
460.000000
472.000000
488.000000
516.000000
548.000000
574.000000
589.000000
597.000000
611.000000
636.000000
661.000000
678.000000
684.000000
686.000000
704.000000
739.000000
785.000000
826.000000
854.000000
879.000000
916.000000
971.000000
1041.000000
1114.000000
1182.000000
1239.000000
1291.000000
1346.000000
1412.000000
1494.000000
1587.000000
1679.000000
1751.000000
1798.000000
1839.000000
1901.000000
1989.000000
2075.000000
2129.000000
2155.000000
2179.000000
2217.000000
2258.000000
2288.000000
2301.000000
2303.000000
2297.000000
2278.000000
2249.000000
2219.000000
2183.000000
2132.000000
2062.000000
1980.000000
1893.000000
1797.000000
1687.000000
1573.000000
1471.000000
1373.000000
1251.000000
1091.000000
908.000000
739.000000
600.000000
468.000000
313.000000
129.000000
-67.000000
-258.000000
-446.000000
-637.000000
-826.000000
-1005.000000
-1170.000000
-1331.000000
-1494.000000
-1657.000000
-1814.000000
-1968.000000
-2128.000000
-2290.000000
-2443.000000
-2575.000000
-2682.000000
-2776.000000
-2862.000000
-2945.000000
-3023.000000
-3094.000000
-3153.000000
-3193.000000
-3218.000000
-3229.000000
-3223.000000
-3198.000000
-3158.000000
-3116.000000
-3077.000000
-3028.000000
-2956.000000
-2864.000000
-2764.000000
-2665.000000
-2556.000000
-2429.000000
-2292.000000
-2152.000000
-2016.000000
-1873.000000
-1721.000000
-1559.000000
-1391.000000
-1224.000000
-1065.000000
-911.000000
-754.000000
-590.000000
-424.000000
-270.000000
-132.000000
2.000000
139.000000
277.000000
407.000000
530.000000
651.000000
773.000000
892.000000
998.000000
1087.000000
1160.000000
1222.000000
1283.000000
1347.000000
1408.000000
1453.000000
1483.000000
1509.000000
1543.000000
1582.000000
1607.000000
1616.000000
1623.000000
1640.000000
1666.000000
1682.000000
1678.000000
1662.000000
1642.000000
1622.000000
1600.000000
1574.000000
1556.000000
1552.000000
1557.000000
1553.000000
1532.000000
1510.000000
1499.000000
1498.000000
1488.000000
1465.000000
1441.000000
1427.000000
1415.000000
1392.000000
1363.000000
1339.000000
1331.000000
1333.000000
1334.000000
1328.000000
1310.000000
1287.000000
1265.000000
1256.000000
1260.000000
1264.000000
1252.000000
1226.000000
1199.000000
1177.000000
1156.000000
1131.000000
1108.000000
1087.000000
1068.000000
1043.000000
1013.000000
982.000000
949.000000
910.000000
861.000000
799.000000
722.000000
640.000000
562.000000
494.000000
429.000000
357.000000
273.000000
181.000000
81.000000
-31.000000
-156.000000
-283.000000
-405.000000
-519.000000
-635.000000
-762.000000
-899.000000
-1042.000000
-1182.000000
-1314.000000
-1439.000000
-1565.000000
-1702.000000
-1848.000000
-1991.000000
-2115.000000
-2225.000000
-2329.000000
-2438.000000
-2548.000000
-2651.000000
-2741.000000
-2820.000000
-2886.000000
-2940.000000
-2989.000000
-3039.000000
-3096.000000
-3145.000000
-3166.000000
-3152.000000
-3120.000000
-3094.000000
-3076.000000
-3052.000000
-3006.000000
-2941.000000
-2867.000000
-2787.000000
-2694.000000
-2584.000000
-2465.000000
-2342.000000
-2211.000000
-2070.000000
-1923.000000
-1773.000000
-1613.000000
-1438.000000
-1255.000000
-1076.000000
-901.000000
-713.000000
-507.000000
-297.000000
-104.000000
76.000000
261.000000
461.000000
667.000000
859.000000
1042.000000
1221.000000
1402.000000
1574.000000
1735.000000
1885.000000
2026.000000
2157.000000
2278.000000
2391.000000
2499.000000
2593.000000
2667.000000
2728.000000
2787.000000
2842.000000
2879.000000
2891.000000
2887.000000
2883.000000
2884.000000
2870.000000
2833.000000
2775.000000
2710.000000
2642.000000
2564.000000
2476.000000
2385.000000
2303.000000
2224.000000
2131.000000
2016.000000
1893.000000
1776.000000
1671.000000
1565.000000
1447.000000
1317.000000
1189.000000
1076.000000
980.000000
893.000000
801.000000
700.000000
593.000000
493.000000
406.000000
333.000000
270.000000
211.000000
150.000000
92.000000
41.000000
-1.000000
-39.000000
-75.000000
-104.000000
-122.000000
-128.000000
-133.000000
-145.000000
-163.000000
-173.000000
-170.000000
-157.000000
-143.000000
-132.000000
-122.000000
-119.000000
-122.000000
-129.000000
-131.000000
-130.000000
-138.000000
-160.000000
-191.000000
-217.000000
-233.000000
-251.000000
-285.000000
-335.000000
-392.000000
-450.000000
-510.000000
-577.000000
-650.000000
-727.000000
-811.000000
-905.000000
-1004.000000
-1101.000000
-1199.000000
-1300.000000
-1402.000000
-1499.000000
-1594.000000
-1701.000000
-1817.000000
-1920.000000
-2000.000000
-2067.000000
-2150.000000
-2249.000000
-2342.000000
-2406.000000
-2449.000000
-2489.000000
-2530.000000
-2559.000000
-2573.000000
-2578.000000
-2576.000000
-2559.000000
-2526.000000
-2486.000000
-2444.000000
-2396.000000
-2327.000000
-2235.000000
-2132.000000
-2029.000000
-1921.000000
-1797.000000
-1657.000000
-1505.000000
-1351.000000
-1195.000000
-1026.000000
-837.000000
-634.000000
-440.000000
-263.000000
-95.000000
84.000000
281.000000
480.000000
669.000000
850.000000
1033.000000
1220.000000
1406.000000
1583.000000
1749.000000
1905.000000
2051.000000
2187.000000
2313.000000
2429.000000
2532.000000
2620.000000
2695.000000
2761.000000
2818.000000
2862.000000
2890.000000
2899.000000
2892.000000
2877.000000
2856.000000
2823.000000
2768.000000
2698.000000
2623.000000
2547.000000
2459.000000
2355.000000
2247.000000
2142.000000
2030.000000
1896.000000
1741.000000
1588.000000
1449.000000
1315.000000
1178.000000
1040.000000
908.000000
777.000000
643.000000
515.000000
396.000000
275.000000
141.000000
5.000000
-113.000000
-210.000000
-298.000000
-384.000000
-458.000000
-515.000000
-565.000000
-622.000000
-675.000000
-710.000000
-731.000000
-759.000000
-798.000000
-828.000000
-837.000000
-835.000000
-839.000000
-848.000000
-845.000000
-823.000000
-794.000000
-775.000000
-762.000000
-742.000000
-711.000000
-675.000000
-647.000000
-637.000000
-638.000000
-639.000000
-628.000000
-607.000000
-589.000000
-577.000000
-573.000000
-576.000000
-589.000000
-610.000000
-624.000000
-632.000000
-643.000000
-670.000000
-707.000000
-743.000000
-769.000000
-791.000000
-816.000000
-853.000000
-906.000000
-968.000000
-1023.000000
-1058.000000
-1082.000000
-1113.000000
-1156.000000
-1201.000000
-1242.000000
-1280.000000
-1316.000000
-1342.000000
-1358.000000
-1376.000000
-1396.000000
-1406.000000
-1397.000000
-1377.000000
-1366.000000
-1359.000000
-1331.000000
-1282.000000
-1233.000000
-1196.000000
-1152.000000
-1082.000000
-999.000000
-926.000000
-865.000000
-795.000000
-701.000000
-596.000000
-494.000000
-393.000000
-283.000000
-162.000000
-34.000000
95.000000
218.000000
329.000000
436.000000
551.000000
679.000000
801.000000
907.000000
1002.000000
1102.000000
1203.000000
1296.000000
1378.000000
1462.000000
1544.000000
1614.000000
1664.000000
1709.000000
1758.000000
1801.000000
1827.000000
1843.000000
1856.000000
1866.000000
1860.000000
1841.000000
1817.000000
1789.000000
1748.000000
1692.000000
1631.000000
1572.000000
1508.000000
1433.000000
1352.000000
1270.000000
1187.000000
1097.000000
1002.000000
909.000000
816.000000
719.000000
614.000000
508.000000
404.000000
306.000000
212.000000
119.000000
25.000000
-72.000000
-165.000000
-253.000000
-343.000000
-437.000000
-524.000000
-587.000000
-632.000000
-678.000000
-736.000000
-792.000000
-835.000000
-873.000000
-914.000000
-943.000000
-952.000000
-956.000000
-983.000000
-1026.000000
-1044.000000
-1018.000000
-979.000000
-961.000000
-962.000000
-954.000000
-935.000000
-919.000000
-907.000000
-881.000000
-835.000000
-793.000000
-772.000000
-754.000000
-717.000000
-661.000000
