27.000000
43.000000
51.000000
47.000000
37.000000
29.000000
26.000000
30.000000
39.000000
42.000000
34.000000
27.000000
32.000000
50.000000
65.000000
66.000000
56.000000
41.000000
32.000000
34.000000
44.000000
49.000000
44.000000
37.000000
33.000000
24.000000
9.000000
-1.000000
4.000000
11.000000
6.000000
-5.000000
-2.000000
8.000000
11.000000
3.000000
-1.000000
2.000000
-3.000000
-14.000000
-15.000000
-5.000000
-4.000000
-14.000000
-15.000000
10.000000
39.000000
40.000000
23.000000
15.000000
20.000000
19.000000
7.000000
-3.000000
-2.000000
-3.000000
-16.000000
-23.000000
-14.000000
1.000000
2.000000
-10.000000
-16.000000
-8.000000
4.000000
7.000000
5.000000
0.000000
-4.000000
-9.000000
-13.000000
-17.000000
-21.000000
-29.000000
-38.000000
-35.000000
-19.000000
2.000000
7.000000
-5.000000
-13.000000
-5.000000
13.000000
22.000000
13.000000
-2.000000
-12.000000
-13.000000
-10.000000
-9.000000
-14.000000
-24.000000
-28.000000
-30.000000
-35.000000
-48.000000
-58.000000
-51.000000
-32.000000
-22.000000
-35.000000
-59.000000
-66.000000
-43.000000
-4.000000
20.000000
15.000000
2.000000
10.000000
33.000000
41.000000
21.000000
0.000000
-2.000000
3.000000
-1.000000
-9.000000
-12.000000
-18.000000
-38.000000
-50.000000
-33.000000
-5.000000
-4.000000
-26.000000
-38.000000
-26.000000
-9.000000
-7.000000
-10.000000
-4.000000
3.000000
3.000000
2.000000
0.000000
-9.000000
-19.000000
-16.000000
1.000000
11.000000
1.000000
-13.000000
-5.000000
18.000000
22.000000
-7.000000
-39.000000
-39.000000
-7.000000
17.000000
11.000000
-1.000000
8.000000
27.000000
23.000000
-1.000000
-13.000000
-2.000000
15.000000
21.000000
18.000000
11.000000
-3.000000
-16.000000
-13.000000
6.000000
16.000000
13.000000
14.000000
25.000000
26.000000
15.000000
16.000000
43.000000
65.000000
53.000000
27.000000
24.000000
45.000000
59.000000
55.000000
49.000000
55.000000
57.000000
42.000000
18.000000
6.000000
8.000000
18.000000
25.000000
24.000000
17.000000
4.000000
-10.000000
-16.000000
-12.000000
-10.000000
-19.000000
-29.000000
-26.000000
-11.000000
-5.000000
-15.000000
-26.000000
-21.000000
-10.000000
-5.000000
-17.000000
-40.000000
-70.000000
-88.000000
-76.000000
-46.000000
-35.000000
-51.000000
-67.000000
-56.000000
-35.000000
-29.000000
-32.000000
-25.000000
-15.000000
-19.000000
-33.000000
-41.000000
-41.000000
-37.000000
-36.000000
-35.000000
-38.000000
-50.000000
-54.000000
-37.000000
-13.000000
-3.000000
-12.000000
-22.000000
-19.000000
-3.000000
16.000000
26.000000
26.000000
22.000000
26.000000
29.000000
22.000000
8.000000
4.000000
13.000000
17.000000
7.000000
-2.000000
5.000000
17.000000
16.000000
5.000000
1.000000
12.000000
31.000000
38.000000
31.000000
24.000000
33.000000
48.000000
46.000000
25.000000
2.000000
-10.000000
-17.000000
-23.000000
-17.000000
-3.000000
-4.000000
-24.000000
-36.000000
-23.000000
-10.000000
-24.000000
-45.000000
-43.000000
-23.000000
-12.000000
-13.000000
-5.000000
6.000000
5.000000
-3.000000
-1.000000
11.000000
16.000000
16.000000
26.000000
40.000000
34.000000
10.000000
-11.000000
-16.000000
-14.000000
-14.000000
-19.000000
-34.000000
-53.000000
-57.000000
-38.000000
-16.000000
-10.000000
-6.000000
6.000000
14.000000
1.000000
-18.000000
-18.000000
-3.000000
4.000000
-3.000000
-5.000000
1.000000
5.000000
5.000000
9.000000
16.000000
18.000000
16.000000
19.000000
23.000000
14.000000
-5.000000
-17.000000
-17.000000
-15.000000
-13.000000
-7.000000
2.000000
10.000000
8.000000
2.000000
2.000000
14.000000
34.000000
45.000000
43.000000
33.000000
30.000000
40.000000
55.000000
64.000000
58.000000
37.000000
18.000000
16.000000
32.000000
45.000000
47.000000
46.000000
54.000000
55.000000
36.000000
7.000000
-5.000000
3.000000
12.000000
11.000000
7.000000
7.000000
6.000000
-3.000000
-10.000000
-7.000000
5.000000
15.000000
12.000000
-3.000000
-20.000000
-27.000000
-24.000000
-26.000000
-35.000000
-39.000000
-32.000000
-17.000000
1.000000
19.000000
27.000000
18.000000
-4.000000
-23.000000
-26.000000
-12.000000
14.000000
45.000000
63.000000
55.000000
31.000000
17.000000
13.000000
7.000000
1.000000
13.000000
37.000000
44.000000
23.000000
7.000000
18.000000
43.000000
42.000000
10.000000
-23.000000
-25.000000
0.000000
19.000000
2.000000
-35.000000
-53.000000
-32.000000
-1.000000
5.000000
-11.000000
-21.000000
-19.000000
-15.000000
-11.000000
1.000000
19.000000
34.000000
48.000000
62.000000
59.000000
29.000000
0.000000
4.000000
20.000000
4.000000
-43.000000
-73.000000
-58.000000
-30.000000
-16.000000
-11.000000
-2.000000
3.000000
-5.000000
-22.000000
-41.000000
-63.000000
-80.000000
-80.000000
-64.000000
-43.000000
-22.000000
0.000000
11.000000
1.000000
-20.000000
-25.000000
-14.000000
-17.000000
-37.000000
-48.000000
-34.000000
-14.000000
-9.000000
-7.000000
1.000000
7.000000
-5.000000
-14.000000
-2.000000
16.000000
11.000000
-16.000000
-30.000000
-12.000000
13.000000
19.000000
11.000000
13.000000
24.000000
28.000000
15.000000
0.000000
-4.000000
-3.000000
-4.000000
-9.000000
-10.000000
-5.000000
-4.000000
-8.000000
-13.000000
-16.000000
-18.000000
-21.000000
-20.000000
-11.000000
0.000000
5.000000
-2.000000
-11.000000
-6.000000
6.000000
10.000000
-4.000000
-22.000000
-21.000000
-7.000000
0.000000
-6.000000
-11.000000
0.000000
13.000000
12.000000
2.000000
-5.000000
-3.000000
3.000000
14.000000
30.000000
40.000000
34.000000
16.000000
2.000000
-3.000000
-5.000000
-14.000000
-31.000000
-51.000000
-61.000000
-59.000000
-54.000000
-55.000000
-61.000000
-62.000000
-57.000000
-53.000000
-54.000000
-46.000000
-25.000000
-7.000000
-9.000000
-30.000000
-49.000000
-52.000000
-44.000000
-40.000000
-44.000000
-53.000000
-49.000000
-29.000000
-5.000000
5.000000
2.000000
-6.000000
-11.000000
-15.000000
-17.000000
-14.000000
-13.000000
-20.000000
-23.000000
-11.000000
8.000000
16.000000
13.000000
14.000000
18.000000
6.000000
-22.000000
-43.000000
-43.000000
-31.000000
-18.000000
1.000000
24.000000
34.000000
31.000000
30.000000
34.000000
31.000000
15.000000
3.000000
7.000000
6.000000
-12.000000
-32.000000
-33.000000
-20.000000
-11.000000
-9.000000
-10.000000
-7.000000
-4.000000
7.000000
26.000000
35.000000
22.000000
-3.000000
-11.000000
-3.000000
6.000000
7.000000
10.000000
11.000000
0.000000
-25.000000
-44.000000
-37.000000
-19.000000
-12.000000
-24.000000
-38.000000
-39.000000
-31.000000
-22.000000
-19.000000
-23.000000
-29.000000
-32.000000
-28.000000
-20.000000
-18.000000
-26.000000
-32.000000
-27.000000
-15.000000
-7.000000
-8.000000
-8.000000
1.000000
16.000000
28.000000
28.000000
23.000000
21.000000
30.000000
43.000000
42.000000
21.000000
4.000000
16.000000
56.000000
84.000000
76.000000
44.000000
25.000000
29.000000
41.000000
40.000000
29.000000
24.000000
37.000000
61.000000
82.000000
90.000000
88.000000
85.000000
83.000000
74.000000
51.000000
18.000000
-5.000000
-7.000000
9.000000
28.000000
37.000000
41.000000
52.000000
66.000000
64.000000
41.000000
18.000000
18.000000
29.000000
27.000000
13.000000
9.000000
16.000000
13.000000
-4.000000
-18.000000
-22.000000
-24.000000
-27.000000
-19.000000
-2.000000
1.000000
-8.000000
-2.000000
33.000000
61.000000
48.000000
7.000000
-14.000000
4.000000
25.000000
15.000000
-23.000000
-52.000000
-45.000000
-15.000000
4.000000
-12.000000
-43.000000
-57.000000
-49.000000
-40.000000
-44.000000
-46.000000
-33.000000
-13.000000
-6.000000
-12.000000
-11.000000
12.000000
49.000000
72.000000
62.000000
33.000000
11.000000
15.000000
37.000000
60.000000
64.000000
44.000000
9.000000
-9.000000
22.000000
87.000000
127.000000
92.000000
-1.000000
-71.000000
-62.000000
9.000000
72.000000
69.000000
2.000000
-66.000000
-73.000000
-19.000000
28.000000
18.000000
-31.000000
-60.000000
-33.000000
29.000000
88.000000
113.000000
87.000000
28.000000
-2.000000
52.000000
160.000000
207.000000
123.000000
-21.000000
-89.000000
-26.000000
82.000000
110.000000
26.000000
-101.000000
-179.000000
-159.000000
-58.000000
32.000000
12.000000
-115.000000
-203.000000
-115.000000
81.000000
156.000000
24.000000
-134.000000
-95.000000
113.000000
252.000000
180.000000
0.000000
-107.000000
-72.000000
47.000000
147.000000
136.000000
-5.000000
-176.000000
-220.000000
-82.000000
116.000000
196.000000
88.000000
-118.000000
-236.000000
-136.000000
116.000000
268.000000
136.000000
-146.000000
-232.000000
9.000000
306.000000
320.000000
59.000000
-168.000000
-152.000000
13.000000
116.000000
67.000000
-78.000000
-218.000000
-269.000000
-197.000000
-74.000000
-35.000000
-131.000000
-260.000000
-289.000000
-194.000000
-72.000000
-15.000000
-41.000000
-100.000000
-136.000000
-124.000000
-80.000000
-34.000000
-6.000000
-15.000000
-76.000000
-153.000000
-160.000000
-56.000000
69.000000
72.000000
-65.000000
-178.000000
-122.000000
46.000000
131.000000
34.000000
-142.000000
-203.000000
-88.000000
79.000000
119.000000
-15.000000
-176.000000
-188.000000
-39.000000
119.000000
152.000000
89.000000
40.000000
55.000000
118.000000
211.000000
307.000000
335.000000
258.000000
155.000000
140.000000
202.000000
220.000000
152.000000
74.000000
44.000000
23.000000
-19.000000
-37.000000
-7.000000
13.000000
-25.000000
-75.000000
-83.000000
-60.000000
-34.000000
7.000000
54.000000
53.000000
-9.000000
-50.000000
14.000000
143.000000
216.000000
172.000000
76.000000
64.000000
167.000000
253.000000
203.000000
119.000000
197.000000
359.000000
295.000000
-35.000000
-235.000000
-11.000000
362.000000
428.000000
163.000000
-80.000000
-113.000000
-32.000000
71.000000
210.000000
339.000000
354.000000
227.000000
11.000000
-212.000000
-262.000000
24.000000
470.000000
600.000000
225.000000
-253.000000
-349.000000
-96.000000
115.000000
101.000000
41.000000
134.000000
297.000000
225.000000
-213.000000
-609.000000
-334.000000
563.000000
1098.000000
495.000000
-668.000000
-1084.000000
-330.000000
715.000000
1065.000000
612.000000
-117.000000
-573.000000
-456.000000
145.000000
718.000000
767.000000
343.000000
-103.000000
-292.000000
-252.000000
-71.000000
155.000000
264.000000
209.000000
117.000000
-6.000000
-266.000000
-436.000000
-38.000000
792.000000
1100.000000
339.000000
-684.000000
-703.000000
377.000000
1325.000000
1018.000000
-296.000000
-1214.000000
-673.000000
763.000000
1394.000000
419.000000
-958.000000
-1079.000000
-1.000000
810.000000
626.000000
129.000000
0.000000
84.000000
108.000000
177.000000
227.000000
-18.000000
-331.000000
-168.000000
210.000000
-134.000000
-1221.000000
-1752.000000
-890.000000
390.000000
516.000000
-661.000000
-1745.000000
-1489.000000
-133.000000
1008.000000
1025.000000
291.000000
-190.000000
-15.000000
426.000000
798.000000
1078.000000
1016.000000
249.000000
-789.000000
-1001.000000
-129.000000
731.000000
585.000000
-303.000000
-1116.000000
-1475.000000
-1260.000000
-395.000000
617.000000
752.000000
-292.000000
-1549.000000
-1873.000000
-1073.000000
205.000000
982.000000
391.000000
-1413.000000
-2791.000000
-2183.000000
-195.000000
993.000000
333.000000
-1111.000000
-1868.000000
-1583.000000
-836.000000
-488.000000
-1000.000000
-1559.000000
-884.000000
-84.000000
-2745.000000
-9333.000000
-13343.000000
-7984.000000
2935.000000
6207.000000
-5441.000000
-22554.000000
-27773.000000
-14763.000000
4566.000000
11997.000000
686.000000
-18684.000000
-27850.000000
-17451.000000
4408.000000
19186.000000
14714.000000
-3510.000000
-17394.000000
-13240.000000
5526.000000
22125.000000
22839.000000
9615.000000
-3327.000000
-4170.000000
6285.000000
17878.000000
21750.000000
16953.000000
8999.000000
4427.000000
6281.000000
12549.000000
17996.000000
18301.000000
13478.000000
7691.000000
5574.000000
8154.000000
11953.000000
12432.000000
8665.000000
4165.000000
2765.000000
4584.000000
6717.000000
6819.000000
4908.000000
2585.000000
1702.000000
2967.000000
4939.000000
5676.000000
6016.000000
8608.000000
12123.000000
10380.000000
1435.000000
-5755.000000
-536.000000
13901.000000
21225.000000
10943.000000
-8357.000000
-18422.000000
-10986.000000
4999.000000
13407.000000
5475.000000
-13414.000000
-28106.000000
-26199.000000
-9712.000000
5553.000000
4732.000000
-11349.000000
-27313.000000
-29016.000000
-16855.000000
-3500.000000
-387.000000
-7746.000000
-16827.000000
-19536.000000
-14828.000000
-7218.000000
-1685.000000
-672.000000
-3702.000000
-7707.000000
-8409.000000
-3764.000000
3336.000000
7225.000000
5183.000000
275.000000
-2181.000000
-316.000000
2969.000000
3968.000000
2194.000000
-97.000000
-1366.000000
-2320.000000
-3975.000000
-5724.000000
-6326.000000
-5920.000000
-5789.000000
-6487.000000
-7408.000000
-8076.000000
-8673.000000
-9090.000000
-8667.000000
-7515.000000
-7177.000000
-8715.000000
-10266.000000
-8322.000000
-2964.000000
-514.000000
-7287.000000
-19301.000000
-22490.000000
-8266.000000
12624.000000
18509.000000
1438.000000
-21615.000000
-26298.000000
-6905.000000
18767.000000
28374.000000
15273.000000
-7901.000000
-21045.000000
-12738.000000
10116.000000
27165.000000
22626.000000
772.000000
-17864.000000
-16722.000000
1461.000000
19321.000000
22393.000000
11020.000000
-2685.000000
-6970.000000
308.000000
12147.000000
19860.000000
19610.000000
13373.000000
6224.000000
3344.000000
7222.000000
15332.000000
21172.000000
19765.000000
12534.000000
5927.000000
5277.000000
10500.000000
16980.000000
19616.000000
16740.000000
11317.000000
7947.000000
8155.000000
9769.000000
11410.000000
14666.000000
19066.000000
18134.000000
6603.000000
-8449.000000
-11055.000000
4468.000000
22559.000000
21521.000000
-1197.000000
-24880.000000
-28100.000000
-10859.000000
7865.000000
10592.000000
-3805.000000
-22402.000000
-30582.000000
-23021.000000
-7067.000000
3301.000000
-535.000000
-13962.000000
-23805.000000
-21220.000000
-9306.000000
1504.000000
3653.000000
-2082.000000
-9004.000000
-10689.000000
-5760.000000
1819.000000
6665.000000
6450.000000
2947.000000
-370.000000
-950.000000
1713.000000
5856.000000
8257.000000
6788.000000
2731.000000
-367.000000
-442.000000
1359.000000
2666.000000
2283.000000
362.000000
-2336.000000
-4611.000000
-5350.000000
-4769.000000
-4350.000000
-5035.000000
-6246.000000
-7107.000000
-7584.000000
-7909.000000
-7956.000000
-7700.000000
-7187.000000
-5748.000000
-2994.000000
-1060.000000
-3064.000000
-7588.000000
-7784.000000
240.000000
10009.000000
10715.000000
1059.000000
-7770.000000
-5158.000000
6474.000000
15220.000000
13246.000000
3628.000000
-4712.000000
-5424.000000
1229.000000
9279.000000
11391.000000
5026.000000
-4503.000000
-8674.000000
-4385.000000
3131.000000
6412.000000
3331.000000
-2074.000000
-4743.000000
-3075.000000
953.000000
4389.000000
5597.000000
4856.000000
3552.000000
3078.000000
4247.000000
7069.000000
10528.000000
12881.000000
12913.000000
11137.000000
9498.000000
9906.000000
12894.000000
16997.000000
19230.000000
17483.000000
13362.000000
11251.000000
12988.000000
15083.000000
13868.000000
11747.000000
13684.000000
17543.000000
14313.000000
1539.000000
-8974.000000
-3956.000000
12568.000000
21020.000000
8844.000000
-14148.000000
-26621.000000
-18550.000000
155.000000
11327.000000
5161.000000
-13043.000000
-28312.000000
-28111.000000
-12907.000000
3629.000000
6908.000000
-4626.000000
-18550.000000
-21531.000000
-11899.000000
889.000000
6822.000000
3708.000000
-3299.000000
-7572.000000
-5974.000000
35.000000
6239.000000
8619.000000
5888.000000
504.000000
-2878.000000
-1208.000000
3874.000000
7395.000000
6149.000000
1819.000000
-1643.000000
-2571.000000
-2060.000000
-1067.000000
381.000000
1177.000000
-793.000000
-5349.000000
-8965.000000
-8751.000000
-5998.000000
-4153.000000
-4585.000000
-6186.000000
-7953.000000
-9669.000000
-10533.000000
-9428.000000
-6698.000000
-4012.000000
-2467.000000
-2245.000000
-3617.000000
-6036.000000
-6487.000000
-1800.000000
6269.000000
10956.000000
7704.000000
119.000000
-3379.000000
1586.000000
11086.000000
16876.000000
13784.000000
4289.000000
-3045.000000
-979.000000
8699.000000
15812.000000
12211.000000
1015.000000
-6739.000000
-4426.000000
3649.000000
8341.000000
5576.000000
-1108.000000
-5704.000000
-5294.000000
-1438.000000
1994.000000
2262.000000
14.000000
-1799.000000
-1380.000000
246.000000
1321.000000
1794.000000
2635.000000
3772.000000
4339.000000
4518.000000
5462.000000
7245.000000
8344.000000
7786.000000
6859.000000
7746.000000
10728.000000
13474.000000
13449.000000
10777.000000
8158.000000
7683.000000
8593.000000
9147.000000
9617.000000
10968.000000
10888.000000
5112.000000
-5033.000000
-10229.000000
-3386.000000
8971.000000
11461.000000
-2152.000000
-20225.000000
-25714.000000
-14696.000000
684.000000
5699.000000
-3685.000000
-19207.000000
-27978.000000
-22356.000000
-6505.000000
5838.000000
3464.000000
-10629.000000
-21673.000000
-18530.000000
-4771.000000
6671.000000
7376.000000
-139.000000
-7617.000000
-9102.000000
-4150.000000
3516.000000
8856.000000
8618.000000
3543.000000
-2148.000000
-3997.000000
-631.000000
5304.000000
9072.000000
7437.000000
1491.000000
-4047.000000
-5069.000000
-1816.000000
1780.000000
2155.000000
-1010.000000
-5377.000000
-8350.000000
-8848.000000
-7621.000000
-6369.000000
-6356.000000
-7658.000000
-9516.000000
-10882.000000
-10686.000000
-8717.000000
-6677.000000
-6889.000000
-8833.000000
-8674.000000
-4352.000000
278.000000
-302.000000
-5154.000000
-6943.000000
-1476.000000
6309.000000
8501.000000
3929.000000
-1414.000000
-2113.000000
1775.000000
6754.000000
9344.000000
7458.000000
1724.000000
-3539.000000
-3422.000000
1916.000000
6604.000000
5512.000000
-188.000000
-5122.000000
-5743.000000
-2762.000000
852.000000
2310.000000
424.000000
-3309.000000
-5398.000000
-3806.000000
-444.000000
1248.000000
634.000000
-52.000000
462.000000
1043.000000
985.000000
1774.000000
4496.000000
7233.000000
7263.000000
5159.000000
4531.000000
7329.000000
11191.000000
12511.000000
11026.000000
9599.000000
9789.000000
9919.000000
8713.000000
8520.000000
11688.000000
14563.000000
10006.000000
-1860.000000
-9841.000000
-3946.000000
10116.000000
15023.000000
2028.000000
-17848.000000
-25972.000000
-16183.000000
474.000000
8347.000000
818.000000
-16189.000000
-29288.000000
-27101.000000
-10223.000000
6846.000000
8058.000000
-7410.000000
-23530.000000
-24446.000000
-10496.000000
4621.000000
9293.000000
3217.000000
-6069.000000
-10802.000000
-7389.000000
2094.000000
10863.000000
12518.000000
7100.000000
922.000000
-327.000000
3230.000000
7793.000000
10692.000000
11340.000000
9402.000000
5002.000000
492.000000
-602.000000
2536.000000
6388.000000
6416.000000
1662.000000
-4499.000000
-7846.000000
-7072.000000
-4296.000000
-2660.000000
-3822.000000
-7261.000000
-10907.000000
-12288.000000
-10269.000000
-6657.000000
-5141.000000
-7225.000000
-9785.000000
-8596.000000
-4107.000000
-1225.000000
-2641.000000
-4970.000000
-3485.000000
1338.000000
4735.000000
4133.000000
1752.000000
809.000000
1952.000000
4063.000000
6095.000000
6873.000000
5174.000000
1701.000000
-471.000000
765.000000
3636.000000
4559.000000
2503.000000
-295.000000
-1537.000000
-1103.000000
-133.000000
492.000000
347.000000
-637.000000
-1829.000000
-2182.000000
-1357.000000
-90.000000
758.000000
981.000000
799.000000
550.000000
847.000000
2304.000000
4614.000000
6392.000000
6486.000000
5366.000000
4913.000000
6706.000000
10342.000000
13354.000000
13274.000000
10309.000000
7621.000000
8199.000000
11575.000000
14264.000000
13264.000000
8497.000000
2465.000000
-1309.000000
-263.000000
4528.000000
7465.000000
2929.000000
-7834.000000
-16295.000000
-15266.000000
-6920.000000
-402.000000
-2284.000000
-11076.000000
-19945.000000
-22433.000000
-16448.000000
-6085.000000
64.000000
-4148.000000
-15231.000000
-22044.000000
-17090.000000
-4570.000000
4462.000000
3681.000000
-3497.000000
-8999.000000
-7691.000000
-484.000000
7414.000000
10694.000000
8122.000000
3446.000000
1558.000000
3777.000000
7595.000000
10256.000000
10841.000000
9344.000000
6114.000000
2860.000000
1980.000000
3612.000000
4834.000000
3116.000000
-644.000000
-3717.000000
-4980.000000
-5337.000000
-5762.000000
-6586.000000
-8051.000000
-9843.000000
-10578.000000
-9524.000000
-8457.000000
-9730.000000
-12342.000000
-12292.000000
-7847.000000
-2632.000000
-1712.000000
-5439.000000
-8807.000000
-6850.000000
209.000000
7171.000000
8659.000000
4086.000000
-1489.000000
-1782.000000
4576.000000
12300.000000
14444.000000
9250.000000
1728.000000
-1400.000000
2014.000000
8024.000000
10649.000000
7355.000000
1030.000000
-3078.000000
-2343.000000
1263.000000
3761.000000
3032.000000
-14.000000
-3099.000000
-4493.000000
-3753.000000
-1715.000000
41.000000
373.000000
-505.000000
-1496.000000
-1758.000000
-973.000000
986.000000
3662.000000
5544.000000
5309.000000
3844.000000
3846.000000
6719.000000
10742.000000
13076.000000
12858.000000
11521.000000
10725.000000
11042.000000
12252.000000
13631.000000
13832.000000
11591.000000
7221.000000
2949.000000
1202.000000
2360.000000
4107.000000
3095.000000
-2136.000000
-9325.000000
-13913.000000
-13134.000000
-8897.000000
-6170.000000
-8394.000000
-14498.000000
-20033.000000
-20864.000000
-16458.000000
-10576.000000
-8408.000000
-11802.000000
-17054.000000
-18398.000000
-13922.000000
-7183.000000
-2965.000000
-2708.000000
-4387.000000
-5262.000000
-3724.000000
257.000000
4938.000000
7695.000000
7458.000000
5967.000000
5662.000000
6957.000000
8682.000000
10204.000000
11361.000000
11037.000000
8235.000000
4602.000000
3362.000000
4941.000000
5934.000000
3652.000000
-394.000000
-3142.000000
-4148.000000
-4928.000000
-5730.000000
-5773.000000
-5877.000000
-7752.000000
-10626.000000
-11566.000000
-9905.000000
-8494.000000
-9175.000000
-9680.000000
-7346.000000
-3871.000000
-3193.000000
-5433.000000
-6200.000000
-2485.000000
3345.000000
6720.000000
6202.000000
4162.000000
3420.000000
4885.000000
7884.000000
10969.000000
12248.000000
10486.000000
6759.000000
4164.000000
4877.000000
7660.000000
9040.000000
7075.000000
3323.000000
853.000000
868.000000
1906.000000
2028.000000
847.000000
-819.000000
-2334.000000
-3473.000000
-3838.000000
-3170.000000
-2235.000000
-2322.000000
-3471.000000
-4097.000000
-3005.000000
-1088.000000
-127.000000
-323.000000
-125.000000
1528.000000
3880.000000
5704.000000
7034.000000
8716.000000
10712.000000
11932.000000
11848.000000
11415.000000
11889.000000
13176.000000
13915.000000
12942.000000
10233.000000
6703.000000
3703.000000
2544.000000
3373.000000
4126.000000
1763.000000
-4301.000000
-10538.000000
-12520.000000
-9867.000000
-6841.000000
-7638.000000
-12222.000000
-17234.000000
-19690.000000
-18820.000000
-15629.000000
-12436.000000
-12098.000000
-15453.000000
-19281.000000
-18838.000000
-13316.000000
-7235.000000
-5240.000000
-6829.000000
-7709.000000
-5367.000000
-1323.000000
1867.000000
3713.000000
5203.000000
6666.000000
7546.000000
7760.000000
8170.000000
9528.000000
11386.000000
12279.000000
11096.000000
8386.000000
6101.000000
5606.000000
6113.000000
5652.000000
3439.000000
547.000000
-1748.000000
-3264.000000
-4306.000000
-4939.000000
-5477.000000
-6712.000000
-8763.000000
-10559.000000
-11384.000000
-11956.000000
-12688.000000
-12015.000000
-8661.000000
-5051.000000
-5482.000000
-9958.000000
-12497.000000
-7820.000000
1704.000000
8212.000000
6996.000000
1101.000000
-2557.000000
240.000000
8173.000000
15873.000000
17612.000000
11791.000000
3336.000000
230.000000
5696.000000
14343.000000
17574.000000
12509.000000
4215.000000
-356.000000
1175.000000
6029.000000
9738.000000
9157.000000
4011.000000
-2528.000000
-5589.000000
-2948.000000
2170.000000
3988.000000
251.000000
-5518.000000
-8053.000000
-5647.000000
-1072.000000
1678.000000
801.000000
-2304.000000
-4274.000000
-2361.000000
3086.000000
8538.000000
10404.000000
8517.000000
6113.000000
6328.000000
9309.000000
12740.000000
14378.000000
13551.000000
10869.000000
7517.000000
4850.000000
3912.000000
4693.000000
5787.000000
5090.000000
1398.000000
-4199.000000
-8612.000000
-9234.000000
-6662.000000
-4561.000000
-6224.000000
-11319.000000
-16323.000000
-18016.000000
-16180.000000
-13245.000000
-12023.000000
-13602.000000
-16606.000000
-18249.000000
-16788.000000
-13217.000000
-10112.000000
-8735.000000
-8070.000000
-6807.000000
-5065.000000
-3400.000000
-1325.000000
1721.000000
4627.000000
5638.000000
5123.000000
5522.000000
7952.000000
10491.000000
10850.000000
9447.000000
8408.000000
8483.000000
8586.000000
7943.000000
6882.000000
5541.000000
3549.000000
1372.000000
260.000000
119.000000
-944.000000
-3748.000000
-6301.000000
-6702.000000
-6576.000000
-9046.000000
-13490.000000
-15237.000000
-11685.000000
-6541.000000
-5809.000000
-10453.000000
-15074.000000
-13878.000000
-6559.000000
1799.000000
5462.000000
2697.000000
-2800.000000
-4577.000000
1020.000000
10760.000000
16763.000000
14149.000000
6332.000000
1649.000000
4707.000000
12018.000000
16355.000000
14307.000000
8825.000000
5140.000000
5556.000000
8346.000000
10500.000000
10429.000000
8343.000000
5320.000000
2793.000000
2114.000000
3387.000000
4634.000000
3355.000000
-430.000000
-3613.000000
-3422.000000
-863.000000
495.000000
-1068.000000
-3610.000000
-4322.000000
-2672.000000
-70.000000
2241.000000
3754.000000
4172.000000
3905.000000
4511.000000
6955.000000
9644.000000
10093.000000
8672.000000
8414.000000
10218.000000
10728.000000
7132.000000
2263.000000
1643.000000
5717.000000
8405.000000
4616.000000
-3263.000000
-8369.000000
-7322.000000
-3116.000000
-1036.000000
-3787.000000
-10185.000000
-16348.000000
-18008.000000
-14003.000000
-8502.000000
-7931.000000
-14057.000000
-21283.000000
-22472.000000
-16795.000000
-10125.000000
-8061.000000
-10542.000000
-13505.000000
-13750.000000
-10907.000000
-6215.000000
-1427.000000
1349.000000
763.000000
-1933.000000
-3104.000000
4.000000
6147.000000
10833.000000
10561.000000
6323.000000
2726.000000
3521.000000
7964.000000
11665.000000
11029.000000
6655.000000
2395.000000
1377.000000
3174.000000
4670.000000
3348.000000
-267.000000
-3387.000000
-4239.000000
-4304.000000
-6448.000000
-10561.000000
-12540.000000
-9296.000000
-4023.000000
-3742.000000
-10488.000000
-17202.000000
-15017.000000
-3984.000000
6099.000000
6276.000000
-1940.000000
-8612.000000
-5863.000000
4757.000000
14451.000000
15492.000000
7996.000000
-228.000000
-756.000000
7307.000000
16184.000000
17322.000000
10345.000000
3013.000000
2430.000000
7957.000000
13384.000000
14181.000000
10965.000000
7033.000000
4851.000000
5080.000000
7002.000000
8766.000000
8329.000000
5282.000000
1517.000000
-557.000000
-243.000000
1189.000000
1913.000000
827.000000
-1804.000000
-4219.000000
-4201.000000
-1303.000000
2129.000000
3109.000000
1347.000000
-404.000000
472.000000
3657.000000
6626.000000
7427.000000
6211.000000
4566.000000
3963.000000
4602.000000
5278.000000
4632.000000
2826.000000
1507.000000
1553.000000
1531.000000
-515.000000
-4004.000000
-5992.000000
-4872.000000
-2754.000000
-3178.000000
-6989.000000
-11428.000000
-13162.000000
-11513.000000
-8778.000000
-7993.000000
-10372.000000
-14255.000000
-16424.000000
-14962.000000
-11111.000000
-8069.000000
-7891.000000
-9826.000000
-11490.000000
-11011.000000
-8072.000000
-3844.000000
-483.000000
104.000000
-1915.000000
-3826.000000
-2641.000000
1837.000000
6612.000000
8315.000000
6235.000000
2722.000000
1096.000000
2999.000000
7018.000000
9651.000000
8304.000000
3851.000000
-62.000000
-575.000000
1754.000000
3924.000000
3372.000000
-337.000000
-5600.000000
-9505.000000
-9319.000000
-5113.000000
-1054.000000
-2211.000000
-8872.000000
-15075.000000
-14316.000000
-6602.000000
1284.000000
2655.000000
-2617.000000
-8415.000000
-8357.000000
-1457.000000
7126.000000
10603.000000
6666.000000
-172.000000
-2683.000000
2005.000000
9612.000000
13272.000000
10434.000000
4803.000000
2047.000000
4528.000000
9968.000000
14032.000000
13846.000000
10042.000000
6213.000000
5927.000000
9407.000000
13167.000000
13408.000000
9797.000000
5591.000000
4153.000000
5728.000000
7612.000000
7030.000000
3770.000000
314.000000
-603.000000
1239.000000
3264.000000
2903.000000
522.000000
-1026.000000
196.000000
3005.000000
4658.000000
3993.000000
2340.000000
1693.000000
2731.000000
4499.000000
5334.000000
4089.000000
1244.000000
-1027.000000
-707.000000
1626.000000
2847.000000
517.000000
-4159.000000
-7362.000000
-6686.000000
-3590.000000
-1776.000000
-3559.000000
-7905.000000
-11562.000000
-11935.000000
-9336.000000
-6773.000000
-7223.000000
-10707.000000
-14165.000000
-14519.000000
-11745.000000
-8654.000000
-7860.000000
-9388.000000
-11118.000000
-11020.000000
-8780.000000
-5748.000000
-3698.000000
-3440.000000
-4204.000000
-4341.000000
-2820.000000
-170.000000
2060.000000
2745.000000
2129.000000
1470.000000
1826.000000
3071.000000
4065.000000
3909.000000
2975.000000
2393.000000
2525.000000
2501.000000
1625.000000
598.000000
476.000000
666.000000
-715.000000
-3987.000000
-6530.000000
-5567.000000
-2009.000000
-170.000000
-3041.000000
-8530.000000
-11239.000000
-7967.000000
-1155.000000
3210.000000
1249.000000
-4883.000000
-8647.000000
-5266.000000
3234.000000
9501.000000
8016.000000
806.000000
-4524.000000
-2463.000000
5112.000000
11278.000000
10940.000000
5186.000000
-331.000000
-525.000000
5066.000000
12089.000000
14951.000000
11567.000000
5373.000000
2421.000000
5745.000000
12406.000000
16293.000000
13966.000000
7745.000000
3231.000000
3974.000000
8397.000000
11592.000000
10008.000000
4637.000000
-134.000000
-719.000000
2539.000000
6093.000000
6672.000000
3958.000000
385.000000
-1083.000000
823.000000
4772.000000
7686.000000
7080.000000
3391.000000
-84.000000
-206.000000
2807.000000
5529.000000
4864.000000
1146.000000
-2468.000000
-3362.000000
-1906.000000
-704.000000
-1815.000000
-4754.000000
-7105.000000
-7075.000000
-5450.000000
-4826.000000
-6705.000000
-9659.000000
-10865.000000
-9388.000000
-7302.000000
-7282.000000
-9578.000000
-11905.000000
-12075.000000
-10135.000000
-7922.000000
-7101.000000
-7894.000000
-9216.000000
-9572.000000
-8077.000000
-5221.000000
-2757.000000
-2320.000000
-3723.000000
-4846.000000
-3654.000000
-426.000000
2355.000000
2568.000000
704.000000
-751.000000
-113.000000
1769.000000
2727.000000
1803.000000
98.000000
-753.000000
-358.000000
343.000000
268.000000
-908.000000
-2716.000000
-4237.000000
-4614.000000
-3732.000000
-2571.000000
-2475.000000
-3809.000000
-5497.000000
-6037.000000
-4822.000000
-2520.000000
-531.000000
-117.000000
-1419.000000
-2890.000000
-2297.000000
867.000000
4185.000000
4608.000000
2100.000000
-4.000000
1097.000000
4304.000000
6134.000000
5065.000000
3045.000000
2653.000000
4127.000000
5858.000000
6772.000000
7126.000000
7389.000000
7552.000000
7683.000000
8234.000000
9333.000000
10338.000000
10551.000000
10057.000000
9496.000000
9278.000000
9369.000000
9535.000000
9382.000000
8403.000000
6623.000000
5060.000000
4860.000000
5787.000000
6245.000000
5171.000000
3411.000000
2615.000000
3148.000000
3870.000000
3872.000000
3494.000000
3302.000000
2959.000000
1910.000000
723.000000
592.000000
1407.000000
1404.000000
-614.000000
-3379.000000
-4475.000000
-3421.000000
-2432.000000
-3755.000000
-6936.000000
-9367.000000
-9203.000000
-7214.000000
-5822.000000
-6783.000000
-9696.000000
-12301.000000
-12302.000000
-9543.000000
-6584.000000
-6445.000000
-9332.000000
-12103.000000
-11594.000000
-8126.000000
-5013.000000
-4752.000000
-6612.000000
-8048.000000
-7517.000000
-5410.000000
-3029.000000
-1580.000000
-1709.000000
-2957.000000
-3656.000000
-2339.000000
423.000000
2361.000000
2046.000000
473.000000
-399.000000
9.000000
804.000000
1270.000000
1439.000000
1095.000000
-371.000000
-2498.000000
-3338.000000
-1759.000000
284.000000
-641.000000
-5141.000000
-9408.000000
-8989.000000
-3937.000000
683.000000
-166.000000
-6138.000000
-11425.000000
-10231.000000
-2598.000000
5096.000000
5967.000000
-460.000000
-7250.000000
-6707.000000
1640.000000
10226.000000
11167.000000
4424.000000
-2441.000000
-2428.000000
3944.000000
10110.000000
10738.000000
6488.000000
2115.000000
1421.000000
4526.000000
8820.000000
11330.000000
10612.000000
7688.000000
5475.000000
6386.000000
9854.000000
12669.000000
12306.000000
9569.000000
7464.000000
7809.000000
9605.000000
10568.000000
9485.000000
6984.000000
4742.000000
4238.000000
5574.000000
7066.000000
6572.000000
3881.000000
1366.000000
1464.000000
3785.000000
5576.000000
5009.000000
2988.000000
1479.000000
1195.000000
1597.000000
2201.000000
2660.000000
2131.000000
16.000000
-2533.000000
-3295.000000
-1816.000000
-509.000000
-1901.000000
-5395.000000
-7916.000000
-7583.000000
-5689.000000
-4877.000000
-6318.000000
-9025.000000
-11154.000000
-11380.000000
-9689.000000
-7604.000000
-7270.000000
-9399.000000
-12089.000000
-12483.000000
-9857.000000
-6517.000000
-5331.000000
-6811.000000
-8943.000000
-9374.000000
-7343.000000
-3988.000000
-1498.000000
-1654.000000
-4168.000000
-6258.000000
-4909.000000
-321.000000
3558.000000
3013.000000
-1072.000000
-3916.000000
-2184.000000
2281.000000
4769.000000
3022.000000
-746.000000
-2862.000000
-1975.000000
389.000000
1875.000000
1060.000000
-1980.000000
-5604.000000
-7266.000000
-5563.000000
-2138.000000
-648.000000
-3066.000000
-7377.000000
-9516.000000
-7394.000000
-2628.000000
1228.000000
1587.000000
-1375.000000
-4651.000000
-4337.000000
820.000000
7251.000000
9299.000000
5254.000000
-158.000000
-716.000000
4313.000000
9627.000000
10229.000000
6618.000000
3114.000000
2724.000000
5021.000000
7928.000000
9700.000000
9399.000000
7315.000000
5434.000000
6053.000000
9052.000000
11519.000000
11022.000000
8539.000000
7059.000000
7846.000000
9330.000000
9565.000000
8386.000000
6815.000000
5533.000000
4724.000000
4591.000000
5037.000000
5209.000000
4308.000000
2777.000000
1930.000000
2361.000000
3364.000000
4008.000000
4050.000000
3605.000000
2702.000000
1750.000000
1742.000000
3046.000000
4209.000000
3129.000000
-180.000000
-2886.000000
-2347.000000
423.000000
1386.000000
-1973.000000
-7360.000000
-9860.000000
-7403.000000
-3297.000000
-2736.000000
-7154.000000
-12687.000000
-14288.000000
-10865.000000
-6132.000000
-4779.000000
-8068.000000
-12855.000000
-14589.000000
-11495.000000
-6286.000000
-3659.000000
-5705.000000
-9814.000000
-11476.000000
-8975.000000
-4782.000000
-2417.000000
-2897.000000
-4616.000000
-5650.000000
-5175.000000
-3228.000000
-465.000000
1676.000000
1785.000000
101.000000
-1333.000000
-770.000000
1386.000000
3247.000000
3428.000000
1944.000000
-241.000000
-1731.000000
-1334.000000
563.000000
1414.000000
-1171.000000
-6028.000000
-8718.000000
-6425.000000
-1809.000000
-481.000000
-4597.000000
-10186.000000
-11356.000000
-6488.000000
201.000000
2852.000000
-474.000000
-5925.000000
-7289.000000
-1952.000000
6083.000000
9713.000000
5983.000000
-556.000000
-2545.000000
2334.000000
9153.000000
11420.000000
7826.000000
2803.000000
1352.000000
4434.000000
9041.000000
11493.000000
10346.000000
7104.000000
4901.000000
6025.000000
9807.000000
12925.000000
12443.000000
8898.000000
5926.000000
6472.000000
9612.000000
11606.000000
9996.000000
6128.000000
3466.000000
3900.000000
6140.000000
7431.000000
6287.000000
3602.000000
1622.000000
1983.000000
4256.000000
6186.000000
5814.000000
3656.000000
2260.000000
3168.000000
4964.000000
5172.000000
3586.000000
2286.000000
2391.000000
2449.000000
945.000000
-1093.000000
-1620.000000
-936.000000
-1473.000000
-4121.000000
-6733.000000
-7118.000000
-6047.000000
-5954.000000
-7651.000000
-9782.000000
-10990.000000
-11106.000000
-10425.000000
-9397.000000
-9163.000000
-10745.000000
-13073.000000
-13377.000000
-10680.000000
-7706.000000
-7749.000000
-10337.000000
-11789.000000
-9953.000000
-6642.000000
-4891.000000
-5333.000000
-6228.000000
-5951.000000
-4264.000000
-1813.000000
366.000000
1188.000000
555.000000
34.000000
1349.000000
4024.000000
5632.000000
4806.000000
3009.000000
2540.000000
3587.000000
4324.000000
3540.000000
1960.000000
780.000000
-46.000000
-1364.000000
-3187.000000
-4377.000000
-4137.000000
-3324.000000
-3771.000000
-6089.000000
-8490.000000
-8362.000000
-5313.000000
-2104.000000
-1874.000000
-4483.000000
-6422.000000
-4688.000000
-210.000000
3164.000000
2831.000000
58.000000
-1554.000000
166.000000
3855.000000
6113.000000
5055.000000
2374.000000
1586.000000
4106.000000
7595.000000
8703.000000
7029.000000
5405.000000
6278.000000
8918.000000
10766.000000
10631.000000
9572.000000
9057.000000
9358.000000
9879.000000
10114.000000
9864.000000
9069.000000
7911.000000
6822.000000
6084.000000
5636.000000
5384.000000
5346.000000
5287.000000
4701.000000
3596.000000
2888.000000
3401.000000
4668.000000
5375.000000
4954.000000
4131.000000
3804.000000
4016.000000
4257.000000
4190.000000
3687.000000
2665.000000
1394.000000
575.000000
512.000000
414.000000
-800.000000
-2998.000000
-4769.000000
-5046.000000
-4355.000000
-4226.000000
-5625.000000
-8127.000000
-10280.000000
-10694.000000
-9261.000000
-7658.000000
-8121.000000
-11089.000000
-14230.000000
-14575.000000
-11809.000000
-8894.000000
-8980.000000
-11948.000000
-14501.000000
-13689.000000
-10030.000000
-6853.000000
-6681.000000
-8567.000000
-9300.000000
-7039.000000
-3245.000000
-779.000000
-613.000000
-1081.000000
-201.000000
2058.000000
4107.000000
4734.000000
4237.000000
3810.000000
4227.000000
5101.000000
5290.000000
4209.000000
2723.000000
2164.000000
2288.000000
1205.000000
-1810.000000
-4371.000000
-3604.000000
-605.000000
-38.000000
-4218.000000
-9320.000000
-9520.000000
-4266.000000
783.000000
380.000000
-4480.000000
-8165.000000
-6606.000000
-974.000000
3939.000000
4116.000000
-193.000000
-4357.000000
-3430.000000
2542.000000
7816.000000
7018.000000
1578.000000
-1616.000000
1729.000000
8417.000000
11927.000000
9915.000000
6006.000000
4975.000000
8028.000000
12654.000000
15429.000000
14524.000000
10936.000000
8057.000000
8941.000000
12974.000000
15883.000000
14056.000000
8605.000000
4258.000000
4364.000000
7717.000000
10207.000000
8888.000000
4406.000000
243.000000
-299.000000
2896.000000
6363.000000
6261.000000
2407.000000
-1371.000000
-1327.000000
2182.000000
5268.000000
4701.000000
944.000000
-2683.000000
-3167.000000
-342.000000
2941.000000
3128.000000
-726.000000
-5597.000000
-7146.000000
-4199.000000
-188.000000
370.000000
-3531.000000
-8649.000000
-10928.000000
-9170.000000
-5729.000000
-4332.000000
-7005.000000
-12170.000000
-15663.000000
-14548.000000
-10421.000000
-8162.000000
-10725.000000
-15665.000000
-17762.000000
-14894.000000
-10282.000000
-8632.000000
-10908.000000
-13662.000000
-13135.000000
-9192.000000
-5030.000000
-3630.000000
-4912.000000
-6170.000000
-4890.000000
-1108.000000
2691.000000
3923.000000
2352.000000
374.000000
678.000000
3510.000000
6442.000000
6992.000000
5127.000000
2863.000000
1822.000000
1925.000000
2362.000000
2715.000000
2611.000000
1279.000000
-1347.000000
-3531.000000
-3195.000000
-760.000000
746.000000
-766.000000
-3690.000000
-4615.000000
-2477.000000
391.000000
1275.000000
-29.000000
-1626.000000
-1750.000000
-80.000000
2261.000000
3421.000000
2317.000000
193.000000
-105.000000
2563.000000
5791.000000
6396.000000
4585.000000
3648.000000
5527.000000
8531.000000
10087.000000
10022.000000
9882.000000
10345.000000
10961.000000
11680.000000
12787.000000
13580.000000
12862.000000
10989.000000
9852.000000
10247.000000
10689.000000
9646.000000
7683.000000
6306.000000
5724.000000
5141.000000
4488.000000
4226.000000
3835.000000
2379.000000
610.000000
539.000000
2207.000000
2896.000000
859.000000
-1803.000000
-1987.000000
-148.000000
425.000000
-1442.000000
-3246.000000
-2813.000000
-1470.000000
-1753.000000
-3665.000000
-5073.000000
-4854.000000
-3861.000000
-3289.000000
-3726.000000
-5476.000000
-8072.000000
-9567.000000
-8286.000000
-5765.000000
-5928.000000
-10111.000000
-14543.000000
-14657.000000
-11017.000000
-8700.000000
-10823.000000
-14842.000000
-16219.000000
-13978.000000
-11030.000000
-9989.000000
-10599.000000
-11169.000000
-10705.000000
-9071.000000
-6519.000000
-4023.000000
-3017.000000
-3621.000000
-3805.000000
-1677.000000
1782.000000
3643.000000
2777.000000
1268.000000
1628.000000
3802.000000
5776.000000
6206.000000
5336.000000
3905.000000
2530.000000
2105.000000
3320.000000
5171.000000
5136.000000
2106.000000
-1472.000000
-1883.000000
1236.000000
4035.000000
3000.000000
-748.000000
-2972.000000
-1495.000000
1696.000000
3382.000000
2556.000000
542.000000
-837.000000
-420.000000
1761.000000
4021.000000
4051.000000
1616.000000
-490.000000
459.000000
3565.000000
5401.000000
4456.000000
2786.000000
2924.000000
4798.000000
6590.000000
7372.000000
7622.000000
7843.000000
8083.000000
8574.000000
9635.000000
10794.000000
11014.000000
10149.000000
9308.000000
9334.000000
9652.000000
9309.000000
8456.000000
7872.000000
7467.000000
6488.000000
5121.000000
4552.000000
5037.000000
5172.000000
3883.000000
2072.000000
1276.000000
1510.000000
1615.000000
1094.000000
282.000000
-827.000000
-2357.000000
-3392.000000
-2778.000000
-1349.000000
-1552.000000
-4081.000000
-6464.000000
-6178.000000
-4008.000000
-2881.000000
-4093.000000
-6182.000000
-7261.000000
-7037.000000
-6353.000000
-6008.000000
-6489.000000
-7954.000000
-9775.000000
-10736.000000
-10349.000000
-9673.000000
-10100.000000
-11547.000000
-12586.000000
-12386.000000
-11672.000000
-11383.000000
-11241.000000
-10467.000000
-9311.000000
-8737.000000
-8679.000000
-7864.000000
-5762.000000
-3618.000000
-2830.000000
-3049.000000
-2786.000000
-1444.000000
146.000000
1010.000000
1057.000000
867.000000
1061.000000
1829.000000
2675.000000
2718.000000
1754.000000
839.000000
1176.000000
2442.000000
2940.000000
1698.000000
-112.000000
-446.000000
1104.000000
2660.000000
2242.000000
242.000000
-916.000000
272.000000
2484.000000
3196.000000
1804.000000
243.000000
537.000000
2504.000000
4172.000000
3925.000000
2049.000000
533.000000
1279.000000
3989.000000
5947.000000
4856.000000
1877.000000
741.000000
3280.000000
7023.000000
8155.000000
6078.000000
3815.000000
4235.000000
7088.000000
9886.000000
10660.000000
9441.000000
7787.000000
7431.000000
8945.000000
11100.000000
11752.000000
10037.000000
7599.000000
6936.000000
8402.000000
9710.000000
8860.000000
6646.000000
5300.000000
5431.000000
5737.000000
5406.000000
4982.000000
4642.000000
3519.000000
1643.000000
755.000000
1753.000000
2749.000000
1483.000000
-1276.000000
-2769.000000
-2208.000000
-1517.000000
-2154.000000
-3360.000000
-4105.000000
-4787.000000
-5890.000000
-6581.000000
-6119.000000
-5614.000000
-6715.000000
-8989.000000
-10252.000000
-9651.000000
-8876.000000
-9713.000000
-11591.000000
-12645.000000
-12451.000000
-12271.000000
-12759.000000
-12981.000000
-12231.000000
-11417.000000
-11556.000000
-11864.000000
-10811.000000
-8586.000000
-6947.000000
-6641.000000
-6482.000000
-5314.000000
-3527.000000
-2071.000000
-1138.000000
-558.000000
-474.000000
-741.000000
-490.000000
720.000000
1871.000000
1639.000000
280.000000
-583.000000
-30.000000
1058.000000
1217.000000
196.000000
-804.000000
-588.000000
595.000000
1318.000000
721.000000
-345.000000
-329.000000
1086.000000
2589.000000
2794.000000
1748.000000
786.000000
1169.000000
2850.000000
4346.000000
4118.000000
2414.000000
1328.000000
2398.000000
4483.000000
5015.000000
3289.000000
1430.000000
1722.000000
3847.000000
5421.000000
4846.000000
3005.000000
2165.000000
3550.000000
6062.000000
7411.000000
6535.000000
4777.000000
4487.000000
6484.000000
9150.000000
10066.000000
8508.000000
6265.000000
5840.000000
7704.000000
9644.000000
9294.000000
6972.000000
5185.000000
5435.000000
6614.000000
6833.000000
5745.000000
4409.000000
3720.000000
3831.000000
4449.000000
4875.000000
4278.000000
2746.000000
1639.000000
2063.000000
3346.000000
3794.000000
2743.000000
1096.000000
15.000000
-135.000000
347.000000
848.000000
575.000000
-948.000000
-3133.000000
-4549.000000
-4348.000000
-3359.000000
-3420.000000
-5422.000000
-8246.000000
-9910.000000
-9733.000000
-8973.000000
-9251.000000
-10848.000000
-12815.000000
-14134.000000
-14298.000000
-13349.000000
-12122.000000
-11926.000000
-13029.000000
-13824.000000
-12580.000000
-9815.000000
-7772.000000
-7503.000000
-7694.000000
-6675.000000
-4453.000000
-2238.000000
-878.000000
-397.000000
-411.000000
-316.000000
476.000000
1833.000000
2733.000000
2341.000000
1115.000000
367.000000
705.000000
1291.000000
916.000000
-393.000000
-1296.000000
-892.000000
-69.000000
-387.000000
-1826.000000
-2611.000000
-1579.000000
222.000000
891.000000
-21.000000
-1230.000000
-1253.000000
304.000000
2479.000000
3529.000000
2452.000000
479.000000
261.000000
2715.000000
5468.000000
5562.000000
3216.000000
1548.000000
2649.000000
5262.000000
6674.000000
5887.000000
4312.000000
3892.000000
5166.000000
6988.000000
7774.000000
7018.000000
5759.000000
5542.000000
6840.000000
8466.000000
8721.000000
7260.000000
5669.000000
5716.000000
7121.000000
7806.000000
6656.000000
5025.000000
4734.000000
5480.000000
5562.000000
4605.000000
3901.000000
4098.000000
4281.000000
3759.000000
3238.000000
3440.000000
3791.000000
3452.000000
2748.000000
2565.000000
2917.000000
3062.000000
2682.000000
2141.000000
1758.000000
1517.000000
1407.000000
1428.000000
1284.000000
540.000000
-682.000000
-1533.000000
-1357.000000
-740.000000
-1152.000000
-3179.000000
-5427.000000
-5974.000000
-4890.000000
-4395.000000
-6096.000000
-8928.000000
-10555.000000
-10199.000000
-9205.000000
-9200.000000
-10529.000000
-12258.000000
-13041.000000
-12170.000000
-10401.000000
-9453.000000
-10065.000000
-10922.000000
-10230.000000
-8033.000000
-6056.000000
-5391.000000
-5320.000000
-4567.000000
-2942.000000
-1355.000000
-590.000000
-459.000000
-104.000000
951.000000
2153.000000
2546.000000
2002.000000
1401.000000
1469.000000
1947.000000
2093.000000
1606.000000
749.000000
-31.000000
-353.000000
-199.000000
-132.000000
-739.000000
-1703.000000
-2044.000000
-1503.000000
-993.000000
-1288.000000
-1883.000000
-1772.000000
-852.000000
28.000000
228.000000
5.000000
99.000000
899.000000
2027.000000
2721.000000
2742.000000
2700.000000
3228.000000
4088.000000
4601.000000
4684.000000
4830.000000
5204.000000
5473.000000
5524.000000
5625.000000
5827.000000
5880.000000
5783.000000
5799.000000
5870.000000
5670.000000
5297.000000
5194.000000
5331.000000
5143.000000
4480.000000
3929.000000
3931.000000
4151.000000
3996.000000
3373.000000
2673.000000
2309.000000
2393.000000
2671.000000
2706.000000
2342.000000
1938.000000
1914.000000
2204.000000
2417.000000
2381.000000
2275.000000
2332.000000
2605.000000
2910.000000
2893.000000
2450.000000
2067.000000
2297.000000
2842.000000
2792.000000
1944.000000
1148.000000
1017.000000
1104.000000
827.000000
418.000000
238.000000
-89.000000
-1010.000000
-2032.000000
-2294.000000
-1892.000000
-1782.000000
-2508.000000
-3696.000000
-4698.000000
-5184.000000
-5167.000000
-4992.000000
-5286.000000
-6399.000000
-7827.000000
-8586.000000
-8280.000000
-7615.000000
-7685.000000
-8745.000000
-9803.000000
-9649.000000
-8337.000000
-7246.000000
-7391.000000
-8108.000000
-7930.000000
-6485.000000
-4797.000000
-3891.000000
-3809.000000
-3929.000000
-3621.000000
-2595.000000
-1235.000000
-487.000000
-820.000000
-1447.000000
-1290.000000
-530.000000
-264.000000
-735.000000
-1012.000000
-605.000000
-279.000000
-735.000000
-1381.000000
-1139.000000
40.000000
1123.000000
1264.000000
666.000000
300.000000
989.000000
2629.000000
4163.000000
4501.000000
3635.000000
2763.000000
3149.000000
4791.000000
6242.000000
5995.000000
4235.000000
2910.000000
3552.000000
5280.000000
5790.000000
4348.000000
2709.000000
2708.000000
3947.000000
4650.000000
4045.000000
2948.000000
2439.000000
2830.000000
3663.000000
4064.000000
3362.000000
1943.000000
1167.000000
1782.000000
2776.000000
2534.000000
920.000000
-580.000000
-748.000000
49.000000
539.000000
35.000000
-1000.000000
-1599.000000
-1290.000000
-485.000000
65.000000
92.000000
-34.000000
144.000000
724.000000
1495.000000
2096.000000
2212.000000
1943.000000
1877.000000
2399.000000
3077.000000
3201.000000
2764.000000
2331.000000
2120.000000
1944.000000
1925.000000
2380.000000
2927.000000
2641.000000
1464.000000
640.000000
1234.000000
2734.000000
3631.000000
3077.000000
1620.000000
565.000000
799.000000
1999.000000
2818.000000
2111.000000
136.000000
-1652.000000
-2097.000000
-1448.000000
-1030.000000
-1967.000000
-4107.000000
-6031.000000
-6363.000000
-5324.000000
-4652.000000
-5626.000000
-7476.000000
-8320.000000
-7412.000000
-5890.000000
-5329.000000
-6098.000000
-7188.000000
-7300.000000
-6079.000000
-4529.000000
-4082.000000
-5060.000000
-6247.000000
-6269.000000
-5156.000000
-4147.000000
-4210.000000
-5102.000000
-5806.000000
-5558.000000
-4540.000000
-3709.000000
-3770.000000
-4253.000000
-3975.000000
-2591.000000
-1142.000000
-728.000000
-1061.000000
-848.000000
593.000000
2559.000000
3734.000000
3512.000000
2655.000000
2643.000000
4132.000000
6019.000000
6506.000000
5208.000000
3679.000000
3576.000000
4773.000000
5702.000000
5202.000000
3639.000000
2344.000000
2265.000000
3091.000000
3559.000000
2782.000000
1274.000000
423.000000
897.000000
1887.000000
2064.000000
1049.000000
-226.000000
-514.000000
435.000000
1518.000000
1382.000000
12.000000
-1137.000000
-861.000000
311.000000
853.000000
155.000000
-953.000000
-1407.000000
-1002.000000
-273.000000
113.000000
-197.000000
-917.000000
-1192.000000
-440.000000
838.000000
1548.000000
1337.000000
988.000000
1414.000000
2642.000000
3933.000000
4617.000000
4658.000000
4615.000000
5094.000000
6093.000000
6966.000000
7159.000000
6853.000000
6693.000000
6985.000000
7399.000000
7386.000000
6759.000000
5949.000000
5683.000000
6179.000000
6655.000000
6077.000000
4521.000000
3325.000000
3552.000000
4673.000000
5154.000000
4113.000000
2140.000000
681.000000
756.000000
1950.000000
2532.000000
1032.000000
-1992.000000
-4240.000000
-4163.000000
-2828.000000
-2769.000000
-5140.000000
-8478.000000
-10308.000000
-9692.000000
-8122.000000
-7981.000000
-10067.000000
-12678.000000
-13332.000000
-11417.000000
-8842.000000
-7985.000000
-9259.000000
-10850.000000
-10612.000000
-8126.000000
-5080.000000
-3711.000000
-4638.000000
-6220.000000
-6230.000000
-4186.000000
-1742.000000
-860.000000
-1899.000000
-3509.000000
-4040.000000
-2964.000000
-1211.000000
-295.000000
-879.000000
-2145.000000
-2636.000000
-1692.000000
49.000000
1395.000000
1627.000000
1002.000000
562.000000
1294.000000
3087.000000
4626.000000
4713.000000
3629.000000
2807.000000
3169.000000
4175.000000
4569.000000
3733.000000
2194.000000
1034.000000
862.000000
1211.000000
980.000000
-335.000000
-1952.000000
-2633.000000
-2120.000000
-1441.000000
-1676.000000
-2711.000000
-3403.000000
-2882.000000
-1526.000000
-549.000000
-676.000000
-1351.000000
-1390.000000
-334.000000
1065.000000
1716.000000
1305.000000
513.000000
296.000000
984.000000
1933.000000
2121.000000
1282.000000
327.000000
303.000000
1063.000000
1503.000000
1095.000000
577.000000
806.000000
1574.000000
2047.000000
1997.000000
2004.000000
2556.000000
3478.000000
4288.000000
4744.000000
4938.000000
5119.000000
5542.000000
6290.000000
7118.000000
7581.000000
7512.000000
7296.000000
7463.000000
7992.000000
8294.000000
8049.000000
7749.000000
7988.000000
8392.000000
7963.000000
6650.000000
5809.000000
6525.000000
7921.000000
7974.000000
5948.000000
3363.000000
2378.000000
3561.000000
5348.000000
5455.000000
2918.000000
-829.000000
-2951.000000
-1878.000000
768.000000
1426.000000
-1723.000000
-6564.000000
-9049.000000
-7468.000000
-4331.000000
-3714.000000
-6954.000000
-11300.000000
-12898.000000
-10782.000000
-7642.000000
-6874.000000
-9190.000000
-12165.000000
-12777.000000
-10301.000000
-6934.000000
-5636.000000
-7182.000000
-9325.000000
-9147.000000
-6234.000000
-3110.000000
-2368.000000
-3862.000000
-5160.000000
-4409.000000
-2167.000000
-421.000000
-381.000000
-1490.000000
-2287.000000
-1909.000000
-739.000000
147.000000
57.000000
-759.000000
-1465.000000
-1447.000000
-824.000000
-256.000000
-279.000000
-806.000000
-1299.000000
-1401.000000
-1267.000000
-1203.000000
-1227.000000
-1220.000000
-1314.000000
-1769.000000
-2442.000000
-2771.000000
-2475.000000
-1980.000000
-1944.000000
-2494.000000
-3135.000000
-3335.000000
-3000.000000
-2421.000000
-1935.000000
-1710.000000
-1707.000000
-1742.000000
-1574.000000
-1027.000000
-134.000000
792.000000
1333.000000
1345.000000
1164.000000
1329.000000
2053.000000
3000.000000
3602.000000
3561.000000
3081.000000
2696.000000
2839.000000
3468.000000
4045.000000
4008.000000
3344.000000
2676.000000
2665.000000
3307.000000
3924.000000
3898.000000
3357.000000
3003.000000
3295.000000
3978.000000
4483.000000
4610.000000
4607.000000
4709.000000
4867.000000
5023.000000
5322.000000
5856.000000
6344.000000
6384.000000
5984.000000
5617.000000
5704.000000
6171.000000
6605.000000
6658.000000
6247.000000
5577.000000
5104.000000
5247.000000
5895.000000
6294.000000
5818.000000
4830.000000
4401.000000
4987.000000
5750.000000
5558.000000
4458.000000
3674.000000
4071.000000
5069.000000
5332.000000
4282.000000
2666.000000
1717.000000
2005.000000
2962.000000
3330.000000
2151.000000
-275.000000
-2370.000000
-2641.000000
-1326.000000
-408.000000
-1599.000000
-4436.000000
-6770.000000
-7085.000000
-5959.000000
-5146.000000
-5691.000000
-7211.000000
-8632.000000
-9172.000000
-8713.000000
-7743.000000
-7076.000000
-7251.000000
-7987.000000
-8412.000000
-8004.000000
-7130.000000
-6472.000000
-6198.000000
-6006.000000
-5786.000000
-5769.000000
-5953.000000
-5878.000000
-5256.000000
-4543.000000
-4470.000000
-5112.000000
-5773.000000
-5822.000000
-5339.000000
-4879.000000
-4846.000000
-5254.000000
-5827.000000
-6143.000000
-5867.000000
-5136.000000
-4606.000000
-4797.000000
-5394.000000
-5505.000000
-4715.000000
-3609.000000
-3062.000000
-3212.000000
-3417.000000
-3070.000000
-2215.000000
-1335.000000
-822.000000
-710.000000
-715.000000
-430.000000
330.000000
1234.000000
1679.000000
1489.000000
1238.000000
1624.000000
2601.000000
3393.000000
3435.000000
3007.000000
2821.000000
3208.000000
3883.000000
4370.000000
4415.000000
4083.000000
3688.000000
3608.000000
3952.000000
4334.000000
4227.000000
3630.000000
3135.000000
3178.000000
3464.000000
3360.000000
2768.000000
2218.000000
2140.000000
2360.000000
2452.000000
2281.000000
2007.000000
1771.000000
1657.000000
1817.000000
2288.000000
2747.000000
2781.000000
2473.000000
2403.000000
2912.000000
3642.000000
4038.000000
4088.000000
4224.000000
4616.000000
4979.000000
5132.000000
5309.000000
5742.000000
6218.000000
6405.000000
6366.000000
6441.000000
6696.000000
6875.000000
6893.000000
6992.000000
7250.000000
7317.000000
6926.000000
6413.000000
6327.000000
6633.000000
6715.000000
6215.000000
5469.000000
4969.000000
4713.000000
4399.000000
3953.000000
3534.000000
3106.000000
2442.000000
1593.000000
965.000000
740.000000
545.000000
-35.000000
-860.000000
-1453.000000
-1693.000000
-1929.000000
-2388.000000
-2873.000000
-3174.000000
-3441.000000
-3880.000000
-4331.000000
-4493.000000
-4486.000000
-4771.000000
-5466.000000
-6101.000000
-6234.000000
-6068.000000
-6177.000000
-6759.000000
-7463.000000
-7894.000000
-8008.000000
-7992.000000
-8018.000000
-8215.000000
-8651.000000
-9138.000000
-9261.000000
-8854.000000
-8353.000000
-8358.000000
-8851.000000
-9124.000000
-8646.000000
-7747.000000
-7200.000000
-7279.000000
-7498.000000
-7264.000000
-6539.000000
-5757.000000
-5283.000000
-5125.000000
-5041.000000
-4772.000000
-4229.000000
-3571.000000
-3111.000000
-2982.000000
-2938.000000
-2608.000000
-1997.000000
-1528.000000
-1496.000000
-1635.000000
-1433.000000
-816.000000
-271.000000
-228.000000
-518.000000
-590.000000
-180.000000
418.000000
735.000000
633.000000
397.000000
399.000000
761.000000
1263.000000
1551.000000
1470.000000
1240.000000
1261.000000
1678.000000
2198.000000
2414.000000
2284.000000
2169.000000
2372.000000
2776.000000
3054.000000
3117.000000
3194.000000
3467.000000
3803.000000
3948.000000
3896.000000
3931.000000
4279.000000
4837.000000
5262.000000
5330.000000
5156.000000
5110.000000
5480.000000
6187.000000
6801.000000
6933.000000
6647.000000
6427.000000
6681.000000
7296.000000
7768.000000
7773.000000
7470.000000
7248.000000
7254.000000
7329.000000
7291.000000
7152.000000
6990.000000
6772.000000
6405.000000
5926.000000
5510.000000
5280.000000
5164.000000
4962.000000
4520.000000
3866.000000
3213.000000
2822.000000
2755.000000
2753.000000
2436.000000
1712.000000
939.000000
553.000000
574.000000
577.000000
192.000000
-500.000000
-1133.000000
-1500.000000
-1705.000000
-1943.000000
-2284.000000
-2709.000000
-3210.000000
-3753.000000
-4213.000000
-4472.000000
-4582.000000
-4733.000000
-5054.000000
-5490.000000
-5880.000000
-6091.000000
-6065.000000
-5871.000000
-5716.000000
-5810.000000
-6116.000000
-6292.000000
-6040.000000
-5483.000000
-5073.000000
-5067.000000
-5230.000000
-5142.000000
-4713.000000
-4241.000000
-4002.000000
-3930.000000
-3777.000000
-3453.000000
-3118.000000
-2942.000000
-2915.000000
-2859.000000
-2619.000000
-2225.000000
-1901.000000
-1878.000000
-2121.000000
-2280.000000
-2026.000000
-1461.000000
-1081.000000
-1251.000000
-1752.000000
-1993.000000
-1676.000000
-1123.000000
-891.000000
-1157.000000
-1574.000000
-1690.000000
-1427.000000
-1100.000000
-1046.000000
-1285.000000
-1530.000000
-1509.000000
-1242.000000
-1009.000000
-1038.000000
-1239.000000
-1311.000000
-1099.000000
-774.000000
-616.000000
-674.000000
-720.000000
-541.000000
-191.000000
104.000000
225.000000
300.000000
529.000000
945.000000
1373.000000
1626.000000
1729.000000
1909.000000
2343.000000
2936.000000
3388.000000
3539.000000
3571.000000
3807.000000
4320.000000
4829.000000
5038.000000
4974.000000
4943.000000
5157.000000
5507.000000
5716.000000
5640.000000
5398.000000
5234.000000
5291.000000
5474.000000
5525.000000
5269.000000
4825.000000
4519.000000
4533.000000
4677.000000
4587.000000
4163.000000
3692.000000
3491.000000
3539.000000
3536.000000
3283.000000
2875.000000
2534.000000
2351.000000
2252.000000
2112.000000
1853.000000
1471.000000
1056.000000
748.000000
589.000000
427.000000
70.000000
-456.000000
-917.000000
-1145.000000
-1264.000000
-1520.000000
-1969.000000
-2428.000000
-2725.000000
-2884.000000
-3043.000000
-3271.000000
-3548.000000
-3830.000000
-4069.000000
-4207.000000
-4234.000000
-4252.000000
-4394.000000
-4636.000000
-4799.000000
-4764.000000
-4628.000000
-4587.000000
-4679.000000
-4757.000000
-4690.000000
-4517.000000
-4373.000000
-4314.000000
-4288.000000
-4215.000000
-4057.000000
-3831.000000
-3598.000000
-3443.000000
-3390.000000
-3346.000000
-3179.000000
-2875.000000
-2580.000000
-2442.000000
-2435.000000
-2398.000000
-2220.000000
-1954.000000
-1736.000000
-1624.000000
-1565.000000
-1476.000000
-1333.000000
-1177.000000
-1041.000000
-919.000000
-773.000000
-584.000000
-390.000000
-238.000000
-123.000000
18.000000
234.000000
493.000000
709.000000
847.000000
974.000000
1179.000000
1458.000000
1712.000000
1845.000000
1883.000000
1958.000000
2180.000000
2509.000000
2767.000000
2810.000000
2708.000000
2704.000000
2964.000000
3368.000000
3614.000000
3543.000000
3323.000000
3274.000000
3516.000000
3860.000000
4015.000000
3892.000000
3661.000000
3570.000000
3707.000000
3932.000000
4009.000000
3824.000000
3501.000000
3291.000000
3318.000000
3439.000000
3399.000000
3106.000000
2723.000000
2474.000000
2404.000000
2366.000000
2210.000000
1929.000000
1617.000000
1359.000000
1172.000000
1033.000000
895.000000
722.000000
512.000000
307.000000
146.000000
25.000000
-97.000000
-230.000000
-348.000000
-433.000000
-514.000000
-624.000000
-745.000000
-824.000000
-849.000000
-858.000000
-908.000000
-994.000000
-1072.000000
-1100.000000
-1074.000000
-1038.000000
-1046.000000
-1128.000000
-1254.000000
-1342.000000
-1340.000000
-1281.000000
-1271.000000
-1385.000000
-1583.000000
-1746.000000
-1796.000000
-1778.000000
-1820.000000
-2001.000000
-2271.000000
-2491.000000
-2570.000000
-2571.000000
-2646.000000
-2886.000000
-3211.000000
-3449.000000
-3506.000000
-3470.000000
-3516.000000
-3728.000000
-4004.000000
-4155.000000
-4100.000000
-3945.000000
-3875.000000
-3965.000000
-4099.000000
-4090.000000
-3871.000000
-3569.000000
-3366.000000
-3309.000000
-3271.000000
-3093.000000
-2751.000000
-2370.000000
-2085.000000
-1914.000000
-1748.000000
-1476.000000
-1086.000000
-678.000000
-370.000000
-184.000000
-32.000000
194.000000
513.000000
846.000000
1099.000000
1245.000000
1333.000000
1431.000000
1576.000000
1761.000000
1943.000000
2061.000000
2081.000000
2047.000000
2058.000000
2174.000000
2341.000000
2444.000000
2425.000000
2349.000000
2340.000000
2455.000000
2637.000000
2773.000000
2796.000000
2745.000000
2740.000000
2868.000000
3096.000000
3281.000000
3322.000000
3271.000000
3292.000000
3470.000000
3712.000000
3844.000000
3803.000000
3699.000000
3675.000000
3765.000000
3870.000000
3875.000000
3748.000000
3558.000000
3408.000000
3349.000000
3327.000000
3228.000000
2986.000000
2668.000000
2412.000000
2281.000000
2192.000000
2011.000000
1703.000000
1361.000000
1094.000000
926.000000
801.000000
645.000000
422.000000
152.000000
-92.000000
-239.000000
-287.000000
-333.000000
-473.000000
-694.000000
-868.000000
-910.000000
-877.000000
-908.000000
-1060.000000
-1252.000000
-1368.000000
-1380.000000
-1366.000000
-1424.000000
-1586.000000
-1800.000000
-1970.000000
-2044.000000
-2073.000000
-2170.000000
-2394.000000
-2659.000000
-2820.000000
-2854.000000
-2900.000000
-3096.000000
-3405.000000
-3650.000000
-3719.000000
-3689.000000
-3719.000000
-3875.000000
-4066.000000
-4160.000000
-4109.000000
-3977.000000
-3884.000000
-3883.000000
-3919.000000
-3860.000000
-3638.000000
-3331.000000
-3097.000000
-2994.000000
-2908.000000
-2685.000000
-2315.000000
-1951.000000
-1723.000000
-1600.000000
-1448.000000
-1183.000000
-848.000000
-547.000000
-345.000000
-235.000000
-154.000000
-29.000000
160.000000
353.000000
446.000000
407.000000
321.000000
300.000000
363.000000
417.000000
376.000000
255.000000
138.000000
86.000000
89.000000
89.000000
36.000000
-81.000000
-212.000000
-259.000000
-176.000000
-33.000000
24.000000
-57.000000
-153.000000
-85.000000
182.000000
489.000000
651.000000
651.000000
654.000000
829.000000
1190.000000
1589.000000
1853.000000
1942.000000
1985.000000
2162.000000
2528.000000
2937.000000
3183.000000
3219.000000
3211.000000
3363.000000
3683.000000
3978.000000
4076.000000
4010.000000
3960.000000
4054.000000
4244.000000
4374.000000
4339.000000
4176.000000
4023.000000
3982.000000
4030.000000
4031.000000
3873.000000
3589.000000
3329.000000
3205.000000
3167.000000
3060.000000
2795.000000
2439.000000
2135.000000
1952.000000
1829.000000
1650.000000
1353.000000
968.000000
594.000000
314.000000
130.000000
-46.000000
-321.000000
-705.000000
-1093.000000
-1364.000000
-1513.000000
-1651.000000
-1891.000000
-2233.000000
-2565.000000
-2777.000000
-2857.000000
-2901.000000
-3019.000000
-3242.000000
-3485.000000
-3614.000000
-3581.000000
-3472.000000
-3432.000000
-3512.000000
-3619.000000
-3615.000000
-3459.000000
-3246.000000
-3099.000000
-3043.000000
-3002.000000
-2883.000000
-2670.000000
-2422.000000
-2215.000000
-2075.000000
-1966.000000
-1827.000000
-1633.000000
-1412.000000
-1220.000000
-1084.000000
-981.000000
-877.000000
-754.000000
-627.000000
-511.000000
-415.000000
-350.000000
-315.000000
-299.000000
-273.000000
-226.000000
-177.000000
-165.000000
-196.000000
-243.000000
-266.000000
-262.000000
-262.000000
-297.000000
-362.000000
-421.000000
-445.000000
-443.000000
-451.000000
-490.000000
-543.000000
-572.000000
-565.000000
-548.000000
-562.000000
-604.000000
-636.000000
-625.000000
-585.000000
-556.000000
-560.000000
-563.000000
-521.000000
-424.000000
-315.000000
-245.000000
-215.000000
-171.000000
-64.000000
94.000000
247.000000
351.000000
432.000000
557.000000
754.000000
975.000000
1155.000000
1283.000000
1416.000000
1611.000000
1858.000000
2087.000000
2249.000000
2369.000000
2513.000000
2715.000000
2937.000000
3092.000000
3145.000000
3149.000000
3201.000000
3334.000000
3477.000000
3516.000000
3422.000000
3285.000000
3218.000000
3233.000000
3230.000000
3109.000000
2869.000000
2612.000000
2431.000000
2323.000000
2202.000000
1984.000000
1666.000000
1340.000000
1103.000000
970.000000
855.000000
657.000000
363.000000
71.000000
-113.000000
-185.000000
-233.000000
-348.000000
-535.000000
-715.000000
-813.000000
-817.000000
-783.000000
-786.000000
-858.000000
-957.000000
-1001.000000
-948.000000
-849.000000
-798.000000
-840.000000
-923.000000
-958.000000
-927.000000
-886.000000
-909.000000
-1004.000000
-1117.000000
-1199.000000
-1249.000000
-1298.000000
-1388.000000
-1525.000000
-1680.000000
-1810.000000
-1905.000000
-2002.000000
-2143.000000
-2316.000000
-2457.000000
-2535.000000
-2582.000000
-2661.000000
-2780.000000
-2881.000000
-2910.000000
-2882.000000
-2855.000000
-2858.000000
-2863.000000
-2828.000000
-2744.000000
-2632.000000
-2520.000000
-2420.000000
-2319.000000
-2194.000000
-2033.000000
-1855.000000
-1696.000000
-1565.000000
-1436.000000
-1277.000000
-1102.000000
-953.000000
-846.000000
-738.000000
-586.000000
-403.000000
-255.000000
-172.000000
-116.000000
-29.000000
110.000000
260.000000
376.000000
452.000000
516.000000
606.000000
734.000000
886.000000
1028.000000
1142.000000
1249.000000
1384.000000
1553.000000
1718.000000
1846.000000
1951.000000
2085.000000
2262.000000
2442.000000
2573.000000
2657.000000
2738.000000
2850.000000
2978.000000
3076.000000
3118.000000
3113.000000
3093.000000
3076.000000
3057.000000
3009.000000
2908.000000
2766.000000
2624.000000
2510.000000
2402.000000
2248.000000
2024.000000
1772.000000
1555.000000
1387.000000
1225.000000
1022.000000
783.000000
555.000000
384.000000
268.000000
174.000000
56.000000
-90.000000
-227.000000
-302.000000
-304.000000
-278.000000
-287.000000
-339.000000
-377.000000
-343.000000
-241.000000
-138.000000
-94.000000
-103.000000
-102.000000
-46.000000
54.000000
132.000000
137.000000
75.000000
10.000000
1.000000
34.000000
32.000000
-68.000000
-244.000000
-406.000000
-487.000000
-519.000000
-598.000000
-778.000000
-1015.000000
-1212.000000
-1317.000000
-1370.000000
-1463.000000
-1635.000000
-1836.000000
-1975.000000
-2008.000000
-1988.000000
-2008.000000
-2105.000000
-2218.000000
-2248.000000
-2169.000000
-2054.000000
-1998.000000
-2017.000000
-2036.000000
-1968.000000
-1813.000000
-1645.000000
-1547.000000
-1520.000000
-1500.000000
-1419.000000
-1277.000000
-1143.000000
-1082.000000
-1086.000000
-1091.000000
-1036.000000
-930.000000
-843.000000
-833.000000
-883.000000
-921.000000
-901.000000
-839.000000
-797.000000
-812.000000
-864.000000
-894.000000
-860.000000
-779.000000
-702.000000
-669.000000
-667.000000
-637.000000
-546.000000
-406.000000
-270.000000
-175.000000
-102.000000
-2.000000
156.000000
353.000000
536.000000
676.000000
788.000000
915.000000
1080.000000
1266.000000
1437.000000
1567.000000
1666.000000
1762.000000
1877.000000
2000.000000
2105.000000
2178.000000
2225.000000
2268.000000
2320.000000
2370.000000
2403.000000
2410.000000
2398.000000
2381.000000
2366.000000
2361.000000
2357.000000
2345.000000
2317.000000
2275.000000
2234.000000
2205.000000
2193.000000
2179.000000
2141.000000
2074.000000
1993.000000
1926.000000
1885.000000
1848.000000
1787.000000
1683.000000
1559.000000
1449.000000
1364.000000
1280.000000
1157.000000
981.000000
778.000000
597.000000
453.000000
314.000000
132.000000
-105.000000
-360.000000
-579.000000
-746.000000
-898.000000
-1086.000000
-1324.000000
-1566.000000
-1756.000000
-1880.000000
-1980.000000
-2108.000000
-2273.000000
-2425.000000
-2505.000000
-2503.000000
-2472.000000
-2475.000000
-2522.000000
-2558.000000
-2525.000000
-2412.000000
-2274.000000
-2172.000000
-2108.000000
-2032.000000
-1886.000000
-1676.000000
-1464.000000
-1310.000000
-1213.000000
-1111.000000
-948.000000
-730.000000
-518.000000
-374.000000
-296.000000
-228.000000
-111.000000
47.000000
193.000000
274.000000
297.000000
311.000000
366.000000
454.000000
524.000000
531.000000
487.000000
442.000000
439.000000
465.000000
472.000000
423.000000
331.000000
243.000000
191.000000
165.000000
127.000000
51.000000
-53.000000
-148.000000
-206.000000
-238.000000
-285.000000
-371.000000
-482.000000
-578.000000
-636.000000
-666.000000
-696.000000
-749.000000
-821.000000
-887.000000
-923.000000
-931.000000
-930.000000
-937.000000
-943.000000
-926.000000
-877.000000
-803.000000
-727.000000
-655.000000
-585.000000
-503.000000
-398.000000
-269.000000
-124.000000
23.000000
174.000000
332.000000
505.000000
688.000000
873.000000
1059.000000
1246.000000
1430.000000
1603.000000
1765.000000
1920.000000
2068.000000
2202.000000
2318.000000
2418.000000
2507.000000
2581.000000
2630.000000
2645.000000
2630.000000
2601.000000
2573.000000
2546.000000
2500.000000
2412.000000
2280.000000
2128.000000
1976.000000
1827.000000
1665.000000
1479.000000
1274.000000
1071.000000
883.000000
705.000000
521.000000
319.000000
108.000000
-91.000000
-264.000000
-416.000000
-568.000000
-735.000000
-906.000000
-1059.000000
-1173.000000
-1263.000000
-1355.000000
-1468.000000
-1581.000000
-1661.000000
-1697.000000
-1709.000000
-1732.000000
-1775.000000
-1822.000000
-1846.000000
-1836.000000
-1806.000000
-1780.000000
-1771.000000
-1765.000000
-1731.000000
-1666.000000
-1589.000000
-1529.000000
-1485.000000
-1437.000000
-1368.000000
-1274.000000
-1170.000000
-1079.000000
-1012.000000
-962.000000
-895.000000
-794.000000
-675.000000
-567.000000
-487.000000
-427.000000
-368.000000
-301.000000
-232.000000
-170.000000
-128.000000
-103.000000
-75.000000
-31.000000
21.000000
54.000000
46.000000
13.000000
-18.000000
-32.000000
-40.000000
-57.000000
-88.000000
-128.000000
-165.000000
-194.000000
-215.000000
-239.000000
-277.000000
-327.000000
-376.000000
-411.000000
-423.000000
-417.000000
-400.000000
-382.000000
-371.000000
-355.000000
-325.000000
-279.000000
-230.000000
-184.000000
-132.000000
-60.000000
34.000000
135.000000
224.000000
297.000000
361.000000
431.000000
518.000000
621.000000
730.000000
828.000000
911.000000
976.000000
1038.000000
1103.000000
1172.000000
1231.000000
1271.000000
1296.000000
1322.000000
1352.000000
1385.000000
1412.000000
1432.000000
1441.000000
1443.000000
1442.000000
1443.000000
1442.000000
1430.000000
1407.000000
1386.000000
1374.000000
1367.000000
1353.000000
1325.000000
1285.000000
1241.000000
1202.000000
1176.000000
1150.000000
1104.000000
1032.000000
954.000000
888.000000
832.000000
773.000000
702.000000
620.000000
532.000000
441.000000
352.000000
269.000000
181.000000
77.000000
-36.000000
-142.000000
-230.000000
-312.000000
-397.000000
-479.000000
-553.000000
-619.000000
-683.000000
-744.000000
-802.000000
-857.000000
-905.000000
-942.000000
-966.000000
-986.000000
-1011.000000
-1039.000000
-1061.000000
-1067.000000
-1066.000000
-1060.000000
-1056.000000
-1059.000000
-1066.000000
-1070.000000
-1066.000000
-1063.000000
-1073.000000
-1097.000000
-1119.000000
-1130.000000
-1136.000000
-1152.000000
-1183.000000
-1219.000000
-1245.000000
-1260.000000
-1266.000000
-1279.000000
-1306.000000
-1342.000000
-1369.000000
-1373.000000
-1359.000000
-1343.000000
-1338.000000
-1342.000000
-1334.000000
-1295.000000
-1231.000000
-1168.000000
-1124.000000
-1084.000000
-1018.000000
-919.000000
-808.000000
-711.000000
-629.000000
-544.000000
-437.000000
-307.000000
-171.000000
-53.000000
39.000000
118.000000
208.000000
318.000000
430.000000
526.000000
602.000000
665.000000
728.000000
797.000000
872.000000
941.000000
984.000000
998.000000
1009.000000
1037.000000
1074.000000
1093.000000
1088.000000
1083.000000
1092.000000
1111.000000
1124.000000
1125.000000
1114.000000
1098.000000
1088.000000
1091.000000
1103.000000
1108.000000
1104.000000
1102.000000
1106.000000
1105.000000
1086.000000
1060.000000
1042.000000
1035.000000
1025.000000
1009.000000
992.000000
981.000000
975.000000
962.000000
938.000000
897.000000
849.000000
814.000000
798.000000
787.000000
760.000000
717.000000
679.000000
658.000000
647.000000
631.000000
605.000000
582.000000
570.000000
566.000000
565.000000
560.000000
543.000000
523.000000
505.000000
494.000000
488.000000
480.000000
460.000000
434.000000
411.000000
396.000000
377.000000
334.000000
263.000000
183.000000
116.000000
59.000000
-9.000000
-101.000000
-206.000000
-309.000000
-407.000000
-510.000000
-626.000000
-754.000000
-886.000000
-1013.000000
-1134.000000
-1257.000000
-1388.000000
-1512.000000
-1612.000000
-1692.000000
-1765.000000
-1846.000000
-1924.000000
-1983.000000
-2027.000000
-2057.000000
-2069.000000
-2062.000000
-2043.000000
-2023.000000
-1991.000000
-1931.000000
-1842.000000
-1745.000000
-1650.000000
-1550.000000
-1445.000000
-1333.000000
-1212.000000
-1082.000000
-950.000000
-831.000000
-719.000000
-599.000000
-465.000000
-340.000000
-244.000000
-171.000000
-100.000000
-18.000000
67.000000
144.000000
201.000000
238.000000
264.000000
293.000000
326.000000
346.000000
342.000000
330.000000
329.000000
342.000000
350.000000
340.000000
319.000000
303.000000
302.000000
309.000000
319.000000
322.000000
316.000000
307.000000
312.000000
334.000000
356.000000
362.000000
350.000000
342.000000
355.000000
389.000000
425.000000
444.000000
444.000000
442.000000
453.000000
473.000000
490.000000
507.000000
528.000000
552.000000
573.000000
580.000000
578.000000
574.000000
577.000000
595.000000
627.000000
663.000000
691.000000
711.000000
736.000000
771.000000
810.000000
841.000000
867.000000
892.000000
919.000000
955.000000
997.000000
1038.000000
1064.000000
1080.000000
1103.000000
1133.000000
1152.000000
1147.000000
1131.000000
1123.000000
1120.000000
1096.000000
1054.000000
1007.000000
966.000000
918.000000
849.000000
758.000000
651.000000
536.000000
426.000000
326.000000
231.000000
122.000000
-4.000000
-129.000000
-239.000000
-338.000000
-438.000000
-538.000000
-633.000000
-723.000000
-807.000000
-876.000000
-927.000000
-968.000000
-1009.000000
-1040.000000
-1049.000000
-1038.000000
-1020.000000
-997.000000
-964.000000
-915.000000
-864.000000
-817.000000
-769.000000
-713.000000
-651.000000
-591.000000
-535.000000
-484.000000
-440.000000
-399.000000
-362.000000
-327.000000
-300.000000
-277.000000
-258.000000
-242.000000
-237.000000
-246.000000
-269.000000
-297.000000
-321.000000
-339.000000
-361.000000
-395.000000
-441.000000
-480.000000
-503.000000
-516.000000
-542.000000
-581.000000
-618.000000
-635.000000
-638.000000
-638.000000
-640.000000
-641.000000
-634.000000
-620.000000
-603.000000
-593.000000
-588.000000
-580.000000
-560.000000
-535.000000
-516.000000
-497.000000
-462.000000
-410.000000
-371.000000
-360.000000
-361.000000
-346.000000
-313.000000
-279.000000
-255.000000
-241.000000
-230.000000
-220.000000
-202.000000
-172.000000
-137.000000
-110.000000
-88.000000
-61.000000
-20.000000
22.000000
61.000000
104.000000
154.000000
208.000000
264.000000
323.000000
383.000000
433.000000
475.000000
522.000000
583.000000
648.000000
699.000000
734.000000
766.000000
803.000000
839.000000
869.000000
891.000000
904.000000
907.000000
904.000000
899.000000
890.000000
865.000000
824.000000
782.000000
753.000000
734.000000
712.000000
684.000000
649.000000
614.000000
579.000000
549.000000
524.000000
504.000000
484.000000
464.000000
446.000000
439.000000
444.000000
451.000000
452.000000
441.000000
430.000000
434.000000
453.000000
476.000000
489.000000
496.000000
502.000000
508.000000
511.000000
508.000000
498.000000
477.000000
451.000000
427.000000
402.000000
370.000000
329.000000
286.000000
243.000000
192.000000
129.000000
64.000000
4.000000
-55.000000
-120.000000
-185.000000
-245.000000
-305.000000
-375.000000
-444.000000
-497.000000
-535.000000
-570.000000
-608.000000
-647.000000
-682.000000
-714.000000
-735.000000
-738.000000
-730.000000
-724.000000
-725.000000
-724.000000
-721.000000
-722.000000
-727.000000
-719.000000
-702.000000
-692.000000
-697.000000
-699.000000
-688.000000
-676.000000
-676.000000
-680.000000
-678.000000
-677.000000
-683.000000
-687.000000
-677.000000
-661.000000
-656.000000
-663.000000
-666.000000
-656.000000
-643.000000
-632.000000
-620.000000
-597.000000
-565.000000
-527.000000
-494.000000
-466.000000
-439.000000
-407.000000
-369.000000
-333.000000
-298.000000
-262.000000
-222.000000
-188.000000
-166.000000
-150.000000
-129.000000
-100.000000
-69.000000
-38.000000
-9.000000
14.000000
28.000000
37.000000
43.000000
46.000000
51.000000
58.000000
69.000000
80.000000
87.000000
97.000000
110.000000
126.000000
148.000000
184.000000
230.000000
265.000000
285.000000
311.000000
370.000000
450.000000
521.000000
569.000000
618.000000
683.000000
762.000000
841.000000
917.000000
991.000000
1059.000000
1110.000000
1146.000000
1182.000000
1227.000000
1274.000000
1306.000000
1312.000000
1300.000000
1283.000000
1265.000000
1239.000000
1193.000000
1127.000000
1054.000000
984.000000
918.000000
843.000000
757.000000
662.000000
567.000000
474.000000
383.000000
294.000000
206.000000
116.000000
27.000000
-51.000000
-113.000000
-168.000000
-232.000000
-306.000000
-370.000000
-413.000000
-440.000000
-467.000000
-493.000000
-509.000000
-515.000000
-519.000000
-528.000000
-543.000000
-559.000000
-567.000000
-558.000000
-541.000000
-529.000000
-526.000000
-519.000000
-500.000000
-481.000000
-477.000000
-483.000000
-486.000000
-481.000000
-477.000000
-476.000000
-472.000000
-464.000000
-463.000000
-470.000000
-481.000000
-487.000000
-484.000000
-474.000000
-462.000000
-456.000000
-459.000000
-461.000000
-454.000000
-440.000000
-428.000000
-419.000000
-410.000000
-395.000000
-377.000000
-357.000000
-343.000000
-345.000000
-352.000000
-348.000000
-330.000000
-316.000000
-320.000000
-334.000000
-346.000000
-363.000000
-387.000000
-409.000000
-414.000000
-409.000000
-410.000000
-422.000000
-434.000000
-443.000000
-450.000000
-450.000000
-436.000000
-416.000000
-401.000000
-382.000000
-347.000000
-299.000000
-255.000000
-213.000000
-155.000000
-77.000000
-6.000000
47.000000
99.000000
168.000000
252.000000
327.000000
386.000000
440.000000
509.000000
595.000000
682.000000
744.000000
778.000000
807.000000
851.000000
900.000000
935.000000
949.000000
960.000000
973.000000
978.000000
969.000000
954.000000
935.000000
911.000000
877.000000
839.000000
800.000000
760.000000
708.000000
648.000000
584.000000
526.000000
477.000000
432.000000
380.000000
318.000000
259.000000
219.000000
195.000000
172.000000
145.000000
119.000000
100.000000
82.000000
67.000000
58.000000
54.000000
50.000000
40.000000
32.000000
29.000000
25.000000
18.000000
10.000000
4.000000
1.000000
-1.000000
-8.000000
-26.000000
-59.000000
-96.000000
-128.000000
-150.000000
-168.000000
-185.000000
-206.000000
-240.000000
-287.000000
-330.000000
-360.000000
-381.000000
-409.000000
-444.000000
-471.000000
-490.000000
-507.000000
-536.000000
-572.000000
-608.000000
-639.000000
-665.000000
-684.000000
-694.000000
-696.000000
-697.000000
-702.000000
-711.000000
-710.000000
-697.000000
-679.000000
-662.000000
-645.000000
-614.000000
-573.000000
-534.000000
-500.000000
-458.000000
-409.000000
-368.000000
-342.000000
-308.000000
-247.000000
-177.000000
-125.000000
-89.000000
-47.000000
15.000000
81.000000
135.000000
167.000000
189.000000
219.000000
269.000000
331.000000
382.000000
411.000000
433.000000
463.000000
503.000000
546.000000
586.000000
621.000000
647.000000
661.000000
668.000000
674.000000
679.000000
680.000000
679.000000
676.000000
662.000000
635.000000
605.000000
574.000000
535.000000
486.000000
439.000000
404.000000
380.000000
354.000000
320.000000
277.000000
219.000000
154.000000
101.000000
73.000000
53.000000
26.000000
-6.000000
-38.000000
-68.000000
-97.000000
-116.000000
-118.000000
-116.000000
-127.000000
-148.000000
-164.000000
-166.000000
-159.000000
-153.000000
-152.000000
-157.000000
-159.000000
-152.000000
-137.000000
-123.000000
-109.000000
-88.000000
-61.000000
-47.000000
-51.000000
-50.000000
-27.000000
3.000000
13.000000
4.000000
1.000000
13.000000
24.000000
15.000000
-9.000000
-36.000000
-56.000000
-68.000000
-77.000000
-92.000000
-111.000000
-134.000000
-158.000000
-189.000000
-224.000000
-253.000000
-271.000000
-285.000000
-300.000000
-314.000000
-331.000000
-355.000000
-386.000000
-403.000000
-400.000000
-396.000000
-407.000000
-426.000000
-436.000000
-433.000000
-425.000000
-422.000000
-421.000000
-420.000000
-419.000000
-409.000000
-392.000000
-380.000000
-383.000000
-384.000000
-369.000000
-333.000000
-295.000000
-263.000000
-230.000000
-192.000000
-149.000000
-113.000000
-87.000000
-61.000000
-21.000000
33.000000
72.000000
81.000000
84.000000
114.000000
169.000000
211.000000
219.000000
220.000000
241.000000
272.000000
287.000000
288.000000
291.000000
294.000000
284.000000
269.000000
270.000000
285.000000
287.000000
267.000000
244.000000
245.000000
268.000000
283.000000
268.000000
237.000000
223.000000
240.000000
269.000000
284.000000
281.000000
280.000000
289.000000
302.000000
318.000000
344.000000
370.000000
382.000000
386.000000
408.000000
455.000000
498.000000
517.000000
530.000000
555.000000
584.000000
597.000000
592.000000
584.000000
581.000000
574.000000
558.000000
536.000000
508.000000
474.000000
442.000000
410.000000
368.000000
306.000000
230.000000
154.000000
88.000000
30.000000
-30.000000
-97.000000
-170.000000
-241.000000
-303.000000
-360.000000
-418.000000
-472.000000
-522.000000
-567.000000
-612.000000
-646.000000
-665.000000
-688.000000
-731.000000
-778.000000
-795.000000
-779.000000
-768.000000
-783.000000
-803.000000
-802.000000
-792.000000
-798.000000
-809.000000
-799.000000
-772.000000
-747.000000
-738.000000
-729.000000
-704.000000
-669.000000
-638.000000
-617.000000
-595.000000
-570.000000
-544.000000
-518.000000
-484.000000
-434.000000
-374.000000
-332.000000
-312.000000
-286.000000
-232.000000
-166.000000
-120.000000
-98.000000
-69.000000
-18.000000
42.000000
91.000000
130.000000
166.000000
199.000000
236.000000
283.000000
329.000000
351.000000
343.000000
337.000000
358.000000
394.000000
415.000000
412.000000
402.000000
400.000000
399.000000
388.000000
364.000000
341.000000
327.000000
321.000000
307.000000
282.000000
262.000000
263.000000
278.000000
289.000000
285.000000
280.000000
283.000000
298.000000
324.000000
360.000000
393.000000
416.000000
436.000000
469.000000
515.000000
554.000000
582.000000
604.000000
631.000000
663.000000
690.000000
709.000000
719.000000
720.000000
726.000000
742.000000
755.000000
749.000000
726.000000
705.000000
686.000000
655.000000
610.000000
572.000000
553.000000
540.000000
514.000000
464.000000
406.000000
364.000000
341.000000
314.000000
262.000000
195.000000
146.000000
123.000000
99.000000
50.000000
-9.000000
-48.000000
-61.000000
-68.000000
-94.000000
-144.000000
-211.000000
-267.000000
-285.000000
-276.000000
-281.000000
-318.000000
-360.000000
-380.000000
-392.000000
-422.000000
-459.000000
-476.000000
-467.000000
-464.000000
-491.000000
-536.000000
-568.000000
-562.000000
-538.000000
-529.000000
-547.000000
-566.000000
-568.000000
-559.000000
-554.000000
-544.000000
-531.000000
-536.000000
-554.000000
-554.000000
-523.000000
-499.000000
-509.000000
-526.000000
-512.000000
-485.000000
-481.000000
-493.000000
-495.000000
-497.000000
-521.000000
-554.000000
-565.000000
-553.000000
-548.000000
-555.000000
-564.000000
-575.000000
-591.000000
-607.000000
-619.000000
-633.000000
-646.000000
-646.000000
-634.000000
-629.000000
-630.000000
-618.000000
-591.000000
-562.000000
-528.000000
-467.000000
-390.000000
-328.000000
-294.000000
-259.000000
-202.000000
-121.000000
-26.000000
70.000000
143.000000
190.000000
251.000000
355.000000
470.000000
538.000000
557.000000
582.000000
647.000000
743.000000
831.000000
886.000000
905.000000
914.000000
938.000000
968.000000
979.000000
985.000000
1010.000000
1037.000000
1022.000000
975.000000
951.000000
957.000000
949.000000
912.000000
884.000000
871.000000
836.000000
788.000000
773.000000
799.000000
797.000000
733.000000
656.000000
631.000000
660.000000
699.000000
697.000000
638.000000
554.000000
503.000000
507.000000
520.000000
505.000000
480.000000
468.000000
441.000000
376.000000
313.000000
292.000000
292.000000
278.000000
249.000000
204.000000
127.000000
40.000000
14.000000
63.000000
92.000000
35.000000
-54.000000
-85.000000
-60.000000
-43.000000
-54.000000
-66.000000
-59.000000
-33.000000
8.000000
32.000000
8.000000
-42.000000
-66.000000
-59.000000
-62.000000
-70.000000
-50.000000
-31.000000
-78.000000
-174.000000
-227.000000
-213.000000
-200.000000
-230.000000
-287.000000
-359.000000
-443.000000
-500.000000
-526.000000
-603.000000
-769.000000
-913.000000
-929.000000
-906.000000
-994.000000
-1169.000000
-1291.000000
-1326.000000
-1342.000000
-1360.000000
-1379.000000
-1456.000000
-1588.000000
-1638.000000
-1538.000000
-1448.000000
-1520.000000
-1641.000000
-1631.000000
-1527.000000
-1459.000000
-1399.000000
-1271.000000
-1164.000000
-1197.000000
-1285.000000
-1262.000000
-1132.000000
-996.000000
-873.000000
-748.000000
-665.000000
-644.000000
-618.000000
-572.000000
-564.000000
-542.000000
-382.000000
-135.000000
-25.000000
-91.000000
-111.000000
35.000000
198.000000
226.000000
190.000000
225.000000
374.000000
610.000000
834.000000
874.000000
706.000000
