-3758.000000
-2378.000000
-937.000000
407.000000
1787.000000
3341.000000
4987.000000
6568.000000
8054.000000
9456.000000
10725.000000
11792.000000
12658.000000
13347.000000
13846.000000
14173.000000
14379.000000
14466.000000
14357.000000
14031.000000
13596.000000
13152.000000
12677.000000
12161.000000
11730.000000
11510.000000
11418.000000
11253.000000
10983.000000
10771.000000
10716.000000
10720.000000
10647.000000
10494.000000
10353.000000
10298.000000
10350.000000
10461.000000
10534.000000
10570.000000
10753.000000
11209.000000
11720.000000
11937.000000
11953.000000
12252.000000
12911.000000
13272.000000
12796.000000
11895.000000
11287.000000
10730.000000
9252.000000
6729.000000
4308.000000
2769.000000
1270.000000
-1385.000000
-4766.000000
-7278.000000
-8501.000000
-9805.000000
-12192.000000
-14687.000000
-15798.000000
-15809.000000
-16366.000000
-18002.000000
-19400.000000
-19433.000000
-18827.000000
-19003.000000
-20006.000000
-20575.000000
-20050.000000
-19207.000000
-18973.000000
-19092.000000
-18611.000000
-17284.000000
-15879.000000
-15077.000000
-14580.000000
-13560.000000
-11782.000000
-9918.000000
-8661.000000
-7820.000000
-6611.000000
-4789.000000
-3067.000000
-2124.000000
-1585.000000
-521.000000
1153.000000
2429.000000
2578.000000
2159.000000
2167.000000
2584.000000
2486.000000
1477.000000
243.000000
-499.000000
-990.000000
-1882.000000
-3155.000000
-4139.000000
-4476.000000
-4488.000000
-4544.000000
-4521.000000
-4093.000000
-3233.000000
-2171.000000
-1022.000000
289.000000
1762.000000
3188.000000
4316.000000
5095.000000
5719.000000
6390.000000
7043.000000
7357.000000
7154.000000
6678.000000
6270.000000
5814.000000
4881.000000
3505.000000
2381.000000
1971.000000
1788.000000
1089.000000
36.000000
-492.000000
-273.000000
-137.000000
-710.000000
-1429.000000
-1470.000000
-1126.000000
-1437.000000
-2559.000000
-3490.000000
-3597.000000
-3581.000000
-4373.000000
-5708.000000
-6544.000000
-6607.000000
-6647.000000
-7132.000000
-7480.000000
-6957.000000
-5774.000000
-4759.000000
-4214.000000
-3646.000000
-2579.000000
-1144.000000
249.000000
1491.000000
2789.000000
4293.000000
5891.000000
7366.000000
8617.000000
9732.000000
10883.000000
12115.000000
13228.000000
13967.000000
14321.000000
14546.000000
14809.000000
14957.000000
14742.000000
14192.000000
13583.000000
13068.000000
12531.000000
11860.000000
11210.000000
10870.000000
10937.000000
11224.000000
11492.000000
11685.000000
11925.000000
12343.000000
12932.000000
13535.000000
13979.000000
14223.000000
14358.000000
14435.000000
14336.000000
13862.000000
12962.000000
11821.000000
10649.000000
9416.000000
7864.000000
5824.000000
3473.000000
1183.000000
-875.000000
-2906.000000
-5174.000000
-7590.000000
-9761.000000
-11470.000000
-12931.000000
-14457.000000
-15986.000000
-17145.000000
-17770.000000
-18130.000000
-18566.000000
-19054.000000
-19317.000000
-19253.000000
-19080.000000
-19029.000000
-19051.000000
-18923.000000
-18554.000000
-18078.000000
-17643.000000
-17194.000000
-16516.000000
-15509.000000
-14361.000000
-13337.000000
-12417.000000
-11263.000000
-9682.000000
-7960.000000
-6518.000000
-5281.000000
-3733.000000
-1688.000000
298.000000
1583.000000
2293.000000
3097.000000
4193.000000
4984.000000
4934.000000
4352.000000
3948.000000
3826.000000
3386.000000
2210.000000
660.000000
-589.000000
-1327.000000
-1868.000000
-2446.000000
-2868.000000
-2785.000000
-2138.000000
-1225.000000
-348.000000
495.000000
1527.000000
2808.000000
4063.000000
4974.000000
5579.000000
6187.000000
6894.000000
7430.000000
7581.000000
7502.000000
7438.000000
7281.000000
6776.000000
6032.000000
5473.000000
5251.000000
5071.000000
4690.000000
4223.000000
3772.000000
3116.000000
2098.000000
1013.000000
221.000000
-442.000000
-1382.000000
-2532.000000
-3454.000000
-4164.000000
-5195.000000
-6687.000000
-8012.000000
-8726.000000
-9323.000000
-10457.000000
-11833.000000
-12629.000000
-12787.000000
-13029.000000
-13570.000000
-13699.000000
-13007.000000
-12173.000000
-11916.000000
-11793.000000
-10838.000000
-9068.000000
-7416.000000
-6260.000000
-4958.000000
-3054.000000
-1099.000000
211.000000
1113.000000
2367.000000
4126.000000
5851.000000
7171.000000
8231.000000
9213.000000
10082.000000
10863.000000
11702.000000
12529.000000
13068.000000
13302.000000
13539.000000
13841.000000
13847.000000
13406.000000
12964.000000
12931.000000
13011.000000
12657.000000
11928.000000
11352.000000
11060.000000
10686.000000
10156.000000
9919.000000
10203.000000
10602.000000
10741.000000
10905.000000
11584.000000
12741.000000
13980.000000
15179.000000
16457.000000
17727.000000
18791.000000
19757.000000
20774.000000
21501.000000
21445.000000
20847.000000
20408.000000
19966.000000
18377.000000
15251.000000
11919.000000
9745.000000
8084.000000
5188.000000
920.000000
-2887.000000
-5105.000000
-6930.000000
-9930.000000
-13561.000000
-15941.000000
-16657.000000
-17288.000000
-19034.000000
-21124.000000
-22200.000000
-22289.000000
-22493.000000
-23273.000000
-23979.000000
-24004.000000
-23572.000000
-23224.000000
-23042.000000
-22662.000000
-21776.000000
-20432.000000
-19002.000000
-17867.000000
-16979.000000
-15808.000000
-14009.000000
-11998.000000
-10431.000000
-9168.000000
-7390.000000
-4917.000000
-2732.000000
-1656.000000
-1091.000000
133.000000
1997.000000
3275.000000
3314.000000
2885.000000
2906.000000
3083.000000
2475.000000
932.000000
-777.000000
-2077.000000
-3144.000000
-4306.000000
-5479.000000
-6360.000000
-6782.000000
-6678.000000
-6066.000000
-5195.000000
-4390.000000
-3593.000000
-2399.000000
-726.000000
925.000000
2162.000000
3287.000000
4716.000000
6173.000000
7002.000000
7170.000000
7293.000000
7637.000000
7744.000000
7290.000000
6687.000000
6427.000000
6294.000000
5772.000000
4910.000000
4167.000000
3576.000000
2718.000000
1548.000000
562.000000
-33.000000
-701.000000
-1788.000000
-2878.000000
-3487.000000
-3973.000000
-5085.000000
-6772.000000
-8174.000000
-8897.000000
-9574.000000
-10844.000000
-12341.000000
-13242.000000
-13469.000000
-13699.000000
-14268.000000
-14696.000000
-14489.000000
-13841.000000
-13173.000000
-12347.000000
-10866.000000
-8730.000000
-6550.000000
-4695.000000
-2790.000000
-405.000000
2079.000000
3859.000000
4890.000000
6102.000000
8146.000000
10369.000000
11618.000000
11837.000000
12201.000000
13496.000000
15020.000000
15612.000000
15307.000000
15234.000000
15957.000000
16744.000000
16740.000000
16201.000000
16011.000000
16367.000000
16668.000000
16516.000000
16168.000000
15904.000000
15575.000000
15091.000000
14815.000000
15081.000000
15616.000000
15910.000000
15947.000000
16136.000000
16646.000000
17266.000000
17849.000000
18449.000000
19015.000000
19476.000000
20105.000000
21237.000000
22433.000000
22706.000000
21941.000000
21347.000000
21656.000000
21526.000000
19023.000000
14536.000000
10710.000000
8943.000000
7375.000000
3571.000000
-1843.000000
-5952.000000
-7741.000000
-9485.000000
-13281.000000
-17863.000000
-20353.000000
-20308.000000
-20150.000000
-21652.000000
-23739.000000
-24513.000000
-24068.000000
-24037.000000
-24997.000000
-25810.000000
-25586.000000
-25028.000000
-25245.000000
-26048.000000
-26297.000000
-25572.000000
-24652.000000
-24251.000000
-23991.000000
-22999.000000
-21145.000000
-19221.000000
-17877.000000
-16733.000000
-14777.000000
-11611.000000
-8070.000000
-5390.000000
-3791.000000
-2217.000000
296.000000
3237.000000
5098.000000
5235.000000
4683.000000
4739.000000
5212.000000
4727.000000
2682.000000
166.000000
-1408.000000
-2015.000000
-2822.000000
-4520.000000
-6465.000000
-7567.000000
-7505.000000
-6815.000000
-6062.000000
-5309.000000
-4271.000000
-2743.000000
-807.000000
1208.000000
2955.000000
4338.000000
5527.000000
6644.000000
7497.000000
7760.000000
7364.000000
6553.000000
5633.000000
4791.000000
4088.000000
3393.000000
2370.000000
834.000000
-786.000000
-1751.000000
-1907.000000
-1945.000000
-2416.000000
-2864.000000
-2494.000000
-1473.000000
-874.000000
-1213.000000
-1786.000000
-1818.000000
-1635.000000
-2108.000000
-3339.000000
-4686.000000
-5889.000000
-7328.000000
-9082.000000
-10592.000000
-11610.000000
-12731.000000
-14351.000000
-15699.000000
-15745.000000
-14709.000000
-13739.000000
-13096.000000
-11722.000000
-8930.000000
-5618.000000
-3062.000000
-1160.000000
1234.000000
4529.000000
7912.000000
10633.000000
12870.000000
15053.000000
17059.000000
18631.000000
19984.000000
21372.000000
22451.000000
22752.000000
22593.000000
22721.000000
23115.000000
22919.000000
21815.000000
20708.000000
20523.000000
20902.000000
20785.000000
19945.000000
19203.000000
19151.000000
19440.000000
19505.000000
19371.000000
19353.000000
19431.000000
19388.000000
19278.000000
19275.000000
19245.000000
18942.000000
18532.000000
18416.000000
18538.000000
18376.000000
17733.000000
17021.000000
16552.000000
16002.000000
14959.000000
13553.000000
12046.000000
10182.000000
7582.000000
4630.000000
2149.000000
159.000000
-2250.000000
-5470.000000
-8594.000000
-10715.000000
-12384.000000
-14820.000000
-17964.000000
-20422.000000
-21470.000000
-22105.000000
-23520.000000
-25388.000000
-26513.000000
-26700.000000
-26960.000000
-27890.000000
-28859.000000
-29116.000000
-28927.000000
-29014.000000
-29353.000000
-29239.000000
-28388.000000
-27325.000000
-26575.000000
-25948.000000
-24856.000000
-23074.000000
-20914.000000
-18737.000000
-16491.000000
-13762.000000
-10323.000000
-6610.000000
-3476.000000
-1263.000000
673.000000
3125.000000
5815.000000
7562.000000
7837.000000
7511.000000
7574.000000
7643.000000
6558.000000
4257.000000
2074.000000
892.000000
-72.000000
-1999.000000
-4621.000000
-6552.000000
-7211.000000
-7418.000000
-7889.000000
-8066.000000
-7030.000000
-5014.000000
-3191.000000
-2128.000000
-1155.000000
563.000000
2861.000000
4848.000000
6039.000000
6837.000000
7865.000000
9117.000000
9905.000000
9665.000000
8683.000000
7835.000000
7530.000000
7144.000000
5832.000000
3795.000000
2213.000000
1752.000000
1661.000000
825.000000
-653.000000
-1612.000000
-1537.000000
-1288.000000
-1813.000000
-2795.000000
-3235.000000
-3007.000000
-3061.000000
-4060.000000
-5545.000000
-6730.000000
-7594.000000
-8702.000000
-10250.000000
-11799.000000
-12897.000000
-13533.000000
-13868.000000
-13848.000000
-13244.000000
-11930.000000
-9991.000000
-7675.000000
-5263.000000
-2883.000000
-359.000000
2564.000000
5813.000000
8964.000000
11713.000000
14199.000000
16646.000000
18915.000000
20647.000000
21795.000000
22674.000000
23466.000000
23919.000000
23666.000000
22671.000000
21243.000000
19729.000000
18297.000000
16906.000000
15416.000000
13801.000000
12268.000000
11036.000000
10007.000000
8913.000000
7885.000000
7515.000000
8066.000000
8929.000000
9332.000000
9413.000000
10015.000000
11416.000000
12898.000000
13855.000000
14656.000000
15957.000000
17587.000000
18832.000000
19555.000000
20327.000000
21427.000000
22450.000000
23001.000000
23105.000000
22657.000000
21208.000000
18773.000000
16251.000000
14297.000000
12255.000000
9074.000000
4967.000000
1155.000000
-2039.000000
-5683.000000
-10375.000000
-14981.000000
-18078.000000
-19911.000000
-21851.000000
-24337.000000
-26483.000000
-27701.000000
-28508.000000
-29430.000000
-30081.000000
-29992.000000
-29585.000000
-29557.000000
-29750.000000
-29452.000000
-28565.000000
-27678.000000
-27033.000000
-26143.000000
-24594.000000
-22602.000000
-20584.000000
-18605.000000
-16506.000000
-14156.000000
-11375.000000
-8031.000000
-4489.000000
-1517.000000
630.000000
2631.000000
5107.000000
7538.000000
8800.000000
8664.000000
8078.000000
7802.000000
7381.000000
5840.000000
2980.000000
-435.000000
-3626.000000
-6538.000000
-9572.000000
-12871.000000
-15970.000000
-18159.000000
-19130.000000
-19219.000000
-18900.000000
-18180.000000
-16702.000000
-14393.000000
-11632.000000
-8693.000000
-5440.000000
-1861.000000
1516.000000
4205.000000
6489.000000
8969.000000
11472.000000
13098.000000
13542.000000
13680.000000
14387.000000
15288.000000
15321.000000
14291.000000
13133.000000
12562.000000
12114.000000
10903.000000
8845.000000
6679.000000
4954.000000
3483.000000
1829.000000
-74.000000
-1983.000000
-3808.000000
-5697.000000
-7737.000000
-9774.000000
-11625.000000
-13294.000000
-14871.000000
-16265.000000
-17190.000000
-17485.000000
-17331.000000
-17057.000000
-16731.000000
-16013.000000
-14500.000000
-12177.000000
-9469.000000
-6791.000000
-4066.000000
-870.000000
2877.000000
6529.000000
9280.000000
11107.000000
12780.000000
14864.000000
16996.000000
18427.000000
19031.000000
19353.000000
19818.000000
20320.000000
20618.000000
20671.000000
20489.000000
20025.000000
19421.000000
18964.000000
18583.000000
17782.000000
16386.000000
14950.000000
13987.000000
13132.000000
11612.000000
9336.000000
6937.000000
4885.000000
3221.000000
2057.000000
1598.000000
1593.000000
1560.000000
1711.000000
2850.000000
5059.000000
7370.000000
9219.000000
11264.000000
14012.000000
16660.000000
18371.000000
19814.000000
21985.000000
24191.000000
25022.000000
24957.000000
25699.000000
26700.000000
25086.000000
20220.000000
15705.000000
14552.000000
14414.000000
10838.000000
4099.000000
-1105.000000
-2893.000000
-5086.000000
-11036.000000
-18134.000000
-21564.000000
-21317.000000
-21686.000000
-24569.000000
-27198.000000
-27092.000000
-25804.000000
-25948.000000
-27050.000000
-26798.000000
-25014.000000
-23812.000000
-24169.000000
-24573.000000
-23465.000000
-21361.000000
-19842.000000
-19427.000000
-19174.000000
-17929.000000
-15516.000000
-12882.000000
-11135.000000
-10105.000000
-8168.000000
-4231.000000
327.000000
2936.000000
3219.000000
3721.000000
6446.000000
9888.000000
10942.000000
9081.000000
6880.000000
6297.000000
6117.000000
3948.000000
-403.000000
-4826.000000
-7754.000000
-9849.000000
-12573.000000
-16032.000000
-18907.000000
-20178.000000
-20126.000000
-19575.000000
-18737.000000
-17310.000000
-15322.000000
-13168.000000
-10835.000000
-7810.000000
-4156.000000
-990.000000
802.000000
1906.000000
3695.000000
6186.000000
7916.000000
8089.000000
7800.000000
8484.000000
9936.000000
10778.000000
10449.000000
9783.000000
9732.000000
10335.000000
10986.000000
11023.000000
9946.000000
7770.000000
5334.000000
3601.000000
2396.000000
478.000000
-2769.000000
-6372.000000
-9015.000000
-10758.000000
-12787.000000
-15670.000000
-18566.000000
-20216.000000
-20296.000000
-19668.000000
-19477.000000
-19977.000000
-20194.000000
-19011.000000
-16663.000000
-14614.000000
-13631.000000
-12634.000000
-10228.000000
-6740.000000
-3591.000000
-981.000000
2342.000000
6796.000000
10997.000000
13811.000000
16085.000000
19095.000000
22304.000000
24174.000000
24691.000000
25388.000000
26779.000000
27431.000000
26166.000000
23891.000000
22242.000000
21311.000000
19865.000000
17410.000000
14900.000000
13323.000000
12440.000000
11342.000000
9780.000000
8455.000000
7972.000000
7884.000000
7174.000000
5732.000000
4780.000000
5297.000000
6494.000000
6822.000000
6344.000000
6798.000000
8956.000000
11389.000000
12782.000000
14069.000000
16739.000000
20149.000000
22504.000000
23926.000000
26113.000000
28980.000000
30334.000000
29591.000000
29048.000000
29775.000000
28884.000000
23595.000000
16133.000000
11038.000000
8441.000000
3950.000000
-4317.000000
-12539.000000
-16887.000000
-19036.000000
-22991.000000
-28605.000000
-31940.000000
-31342.000000
-29525.000000
-29076.000000
-29014.000000
-27229.000000
-24042.000000
-21355.000000
-19588.000000
-17525.000000
-14760.000000
-12556.000000
-12041.000000
-12701.000000
-13057.000000
-12337.000000
-11149.000000
-10694.000000
-11260.000000
-11622.000000
-10367.000000
-7897.000000
-6175.000000
-5992.000000
-5559.000000
-2940.000000
883.000000
3006.000000
2498.000000
1558.000000
2291.000000
3884.000000
4023.000000
2066.000000
-533.000000
-2475.000000
-4059.000000
-6277.000000
-9338.000000
-12443.000000
-14659.000000
-15852.000000
-16762.000000
-18048.000000
-19315.000000
-19510.000000
-18371.000000
-16735.000000
-15116.000000
-12875.000000
-9529.000000
-5960.000000
-3120.000000
-219.000000
4164.000000
9396.000000
13133.000000
14651.000000
15891.000000
18277.000000
20269.000000
19720.000000
17313.000000
15564.000000
14999.000000
13550.000000
9915.000000
5501.000000
2237.000000
70.000000
-2242.000000
-4966.000000
-7370.000000
-9234.000000
-11083.000000
-13021.000000
-14379.000000
-14775.000000
-14789.000000
-15279.000000
-16354.000000
-17307.000000
-17518.000000
-17293.000000
-17586.000000
-18612.000000
-19066.000000
-17513.000000
-14560.000000
-12494.000000
-12167.000000
-11446.000000
-7991.000000
-2677.000000
1471.000000
3423.000000
5249.000000
8726.000000
12766.000000
15268.000000
16073.000000
16593.000000
17390.000000
17666.000000
16819.000000
15104.000000
12876.000000
10351.000000
8175.000000
7071.000000
6723.000000
5962.000000
4404.000000
3007.000000
2702.000000
3315.000000
4197.000000
5184.000000
6398.000000
7786.000000
9304.000000
10995.000000
12510.000000
13223.000000
13260.000000
13690.000000
15072.000000
16613.000000
17423.000000
17898.000000
18989.000000
20799.000000
22843.000000
24960.000000
26827.000000
27417.000000
26504.000000
25968.000000
27522.000000
29536.000000
28737.000000
25255.000000
22881.000000
23011.000000
21591.000000
14836.000000
5520.000000
-324.000000
-1826.000000
-4077.000000
-10138.000000
-16661.000000
-19409.000000
-19590.000000
-21381.000000
-25271.000000
-27646.000000
-26448.000000
-23693.000000
-21748.000000
-20047.000000
-16950.000000
-12891.000000
-9726.000000
-7896.000000
-6072.000000
-3442.000000
-1003.000000
-187.000000
-975.000000
-1923.000000
-1925.000000
-1567.000000
-2420.000000
-4920.000000
-7478.000000
-8320.000000
-7860.000000
-8177.000000
-10072.000000
-11815.000000
-11464.000000
-9459.000000
-7930.000000
-8029.000000
-8960.000000
-9426.000000
-9136.000000
-8899.000000
-9816.000000
-12235.000000
-15082.000000
-16696.000000
-16966.000000
-17839.000000
-20638.000000
-23584.000000
-23728.000000
-21070.000000
-18573.000000
-17719.000000
-16313.000000
-12018.000000
-6049.000000
-1314.000000
1819.000000
5467.000000
10427.000000
14914.000000
17345.000000
18296.000000
18915.000000
19117.000000
18299.000000
16605.000000
14448.000000
11746.000000
8531.000000
5450.000000
2822.000000
144.000000
-2608.000000
-4312.000000
-4481.000000
-4598.000000
-6064.000000
-7754.000000
-7660.000000
-6409.000000
-6672.000000
-8906.000000
-10324.000000
-9160.000000
-7542.000000
-8228.000000
-10239.000000
-10226.000000
-7415.000000
-4569.000000
-3868.000000
-4110.000000
-2916.000000
-136.000000
2339.000000
3326.000000
3654.000000
4733.000000
6649.000000
7974.000000
7399.000000
5372.000000
3775.000000
3695.000000
4066.000000
3285.000000
1720.000000
1313.000000
2570.000000
3584.000000
2808.000000
1406.000000
1488.000000
2982.000000
3893.000000
3329.000000
2501.000000
2597.000000
3211.000000
3533.000000
3820.000000
4774.000000
6247.000000
7565.000000
8668.000000
10036.000000
11660.000000
12829.000000
13064.000000
12788.000000
12859.000000
13548.000000
14075.000000
13368.000000
11504.000000
10031.000000
10221.000000
11249.000000
11201.000000
9936.000000
9484.000000
10964.000000
12776.000000
13205.000000
13328.000000
15189.000000
18026.000000
19097.000000
18064.000000
17411.000000
17606.000000
15219.000000
8136.000000
-79.000000
-4487.000000
-5997.000000
-10112.000000
-18472.000000
-25930.000000
-27816.000000
-26523.000000
-27579.000000
-31273.000000
-32247.000000
-27220.000000
-19347.000000
-13507.000000
-10026.000000
-5586.000000
1105.000000
7438.000000
10840.000000
12091.000000
13357.000000
14450.000000
13170.000000
9078.000000
4777.000000
2425.000000
533.000000
-3883.000000
-10580.000000
-15771.000000
-17047.000000
-16562.000000
-17780.000000
-20401.000000
-20760.000000
-17003.000000
-11729.000000
-8758.000000
-8784.000000
-9322.000000
-8110.000000
-5526.000000
-3877.000000
-4924.000000
-7973.000000
-10282.000000
-9850.000000
-7762.000000
-6819.000000
-7611.000000
-7491.000000
-4376.000000
4.000000
2424.000000
2702.000000
3539.000000
6097.000000
8336.000000
8378.000000
7139.000000
6224.000000
5139.000000
2630.000000
-506.000000
-2200.000000
-2282.000000
-2691.000000
-4388.000000
-5948.000000
-5853.000000
-4665.000000
-4002.000000
-4290.000000
-4464.000000
-3453.000000
-1350.000000
658.000000
1361.000000
914.000000
1002.000000
2809.000000
4994.000000
5050.000000
2892.000000
1404.000000
2539.000000
4476.000000
4247.000000
1931.000000
191.000000
251.000000
589.000000
-288.000000
-1813.000000
-2706.000000
-2661.000000
-1968.000000
-879.000000
-148.000000
-759.000000
-2152.000000
-2112.000000
281.000000
2873.000000
3158.000000
1796.000000
1522.000000
3118.000000
4585.000000
4386.000000
3467.000000
3500.000000
4667.000000
5967.000000
6585.000000
6287.000000
5459.000000
5224.000000
6472.000000
8327.000000
8861.000000
7905.000000
7622.000000
9316.000000
11393.000000
11955.000000
11883.000000
13157.000000
15217.000000
15660.000000
14172.000000
12967.000000
12985.000000
12460.000000
10246.000000
7956.000000
7104.000000
6305.000000
3644.000000
398.000000
-332.000000
1856.000000
4091.000000
4348.000000
4003.000000
5502.000000
8998.000000
12282.000000
13354.000000
12530.000000
12183.000000
13983.000000
15968.000000
13583.000000
5277.000000
-4145.000000
-8629.000000
-8941.000000
-11834.000000
-20187.000000
-28203.000000
-29412.000000
-25864.000000
-24616.000000
-26896.000000
-26493.000000
-19294.000000
-9010.000000
-1189.000000
4010.000000
9492.000000
14957.000000
17558.000000
17316.000000
17206.000000
17622.000000
14981.000000
7370.000000
-1649.000000
-7309.000000
-9753.000000
-13234.000000
-19829.000000
-26372.000000
-28256.000000
-24992.000000
-20905.000000
-20213.000000
-22004.000000
-21116.000000
-14645.000000
-6385.000000
-2801.000000
-4866.000000
-6728.000000
-3555.000000
2073.000000
4189.000000
1819.000000
-354.000000
727.000000
2554.000000
1656.000000
-1119.000000
-2376.000000
-1225.000000
281.000000
863.000000
1372.000000
2318.000000
2455.000000
790.000000
-1575.000000
-2853.000000
-3076.000000
-4038.000000
-6861.000000
-10406.000000
-12464.000000
-12321.000000
-11610.000000
-12083.000000
-12796.000000
-10820.000000
-5342.000000
475.000000
3354.000000
4519.000000
7863.000000
13678.000000
17398.000000
15839.000000
11830.000000
10062.000000
10352.000000
8384.000000
2457.000000
-4142.000000
-8041.000000
-9824.000000
-11673.000000
-13538.000000
-13813.000000
-12184.000000
-9521.000000
-6015.000000
-1708.000000
1841.000000
2908.000000
2478.000000
3355.000000
6007.000000
7620.000000
6226.000000
3578.000000
2474.000000
2966.000000
3099.000000
2167.000000
1049.000000
96.000000
-1032.000000
-1618.000000
-355.000000
2104.000000
3391.000000
3104.000000
3976.000000
7790.000000
12040.000000
13048.000000
11251.000000
10588.000000
12837.000000
15397.000000
15471.000000
13812.000000
12679.000000
12157.000000
10878.000000
9155.000000
8580.000000
8794.000000
7514.000000
4494.000000
2759.000000
4263.000000
6457.000000
5700.000000
2790.000000
2014.000000
4772.000000
7432.000000
6772.000000
4745.000000
5364.000000
8641.000000
10944.000000
10883.000000
11238.000000
13957.000000
16480.000000
15612.000000
12838.000000
12093.000000
12879.000000
9818.000000
525.000000
-9683.000000
-14199.000000
-14114.000000
-16451.000000
-23610.000000
-29313.000000
-27340.000000
-20490.000000
-16595.000000
-17286.000000
-15980.000000
-7854.000000
3024.000000
9546.000000
11126.000000
12848.000000
16586.000000
18236.000000
14706.000000
8886.000000
4766.000000
1054.000000
-6173.000000
-16127.000000
-23332.000000
-25253.000000
-25579.000000
-28001.000000
-30121.000000
-26840.000000
-18011.000000
-9145.000000
-4484.000000
-2358.000000
1441.000000
7661.000000
12663.000000
12962.000000
9297.000000
5746.000000
5005.000000
5153.000000
2041.000000
-4935.000000
-11069.000000
-11843.000000
-8845.000000
-7478.000000
-9153.000000
-9353.000000
-4789.000000
1107.000000
2938.000000
1092.000000
517.000000
2660.000000
3399.000000
-45.000000
-4591.000000
-6219.000000
-5977.000000
-7345.000000
-9708.000000
-8941.000000
-4185.000000
281.000000
1261.000000
1251.000000
4335.000000
9670.000000
12241.000000
9588.000000
4908.000000
2589.000000
2554.000000
809.000000
-4811.000000
-11188.000000
-13322.000000
-10613.000000
-7886.000000
-9208.000000
-12256.000000
-11202.000000
-4754.000000
1817.000000
3808.000000
3181.000000
4825.000000
8862.000000
10668.000000
8147.000000
4748.000000
3997.000000
4576.000000
3326.000000
458.000000
-1489.000000
-2359.000000
-4447.000000
-8087.000000
-10567.000000
-10316.000000
-9352.000000
-9940.000000
-10798.000000
-8684.000000
-2851.000000
3964.000000
8810.000000
11424.000000
13717.000000
17071.000000
20349.000000
20686.000000
16784.000000
11280.000000
8409.000000
8818.000000
8499.000000
4380.000000
-700.000000
-1217.000000
3570.000000
8517.000000
9437.000000
8099.000000
8719.000000
11757.000000
13684.000000
11906.000000
7569.000000
3578.000000
1636.000000
1527.000000
2033.000000
2231.000000
2545.000000
4338.000000
7852.000000
11260.000000
12918.000000
13672.000000
15205.000000
16860.000000
16556.000000
14488.000000
12646.000000
10173.000000
3201.000000
-8430.000000
-18149.000000
-20451.000000
-19047.000000
-21776.000000
-28436.000000
-30230.000000
-22892.000000
-13752.000000
-11237.000000
-12242.000000
-6783.000000
6805.000000
18854.000000
21653.000000
18931.000000
18319.000000
19568.000000
16209.000000
6604.000000
-3307.000000
-8996.000000
-13405.000000
-20960.000000
-29482.000000
-32647.000000
-29079.000000
-24186.000000
-22028.000000
-19486.000000
-11535.000000
37.000000
7526.000000
7201.000000
4265.000000
5538.000000
9929.000000
10319.000000
4228.000000
-2180.000000
-2635.000000
703.000000
1181.000000
-2169.000000
-3619.000000
14.000000
4416.000000
4529.000000
1941.000000
1422.000000
2764.000000
1341.000000
-3781.000000
-7721.000000
-7290.000000
-5961.000000
-8182.000000
-12115.000000
-12257.000000
-7675.000000
-3038.000000
-1394.000000
-172.000000
4047.000000
9995.000000
13492.000000
12918.000000
10307.000000
7803.000000
5341.000000
1895.000000
-2726.000000
-7748.000000
-12025.000000
-14562.000000
-15199.000000
-14779.000000
-13975.000000
-12265.000000
-8981.000000
-4930.000000
-1619.000000
878.000000
3717.000000
6839.000000
8632.000000
8592.000000
8371.000000
8966.000000
8776.000000
6292.000000
3160.000000
2050.000000
2308.000000
693.000000
-3506.000000
-7141.000000
-7911.000000
-7585.000000
-8604.000000
-9832.000000
-8419.000000
-4542.000000
-1223.000000
305.000000
2054.000000
5560.000000
9315.000000
11219.000000
11513.000000
11515.000000
10947.000000
8589.000000
4841.000000
1593.000000
-271.000000
-1396.000000
-1877.000000
-520.000000
3121.000000
7461.000000
10779.000000
13333.000000
16306.000000
19231.000000
19979.000000
17540.000000
13566.000000
10463.000000
8575.000000
6214.000000
2434.000000
-1191.000000
-2263.000000
-545.000000
1857.000000
3437.000000
5091.000000
8021.000000
11092.000000
12112.000000
11273.000000
10953.000000
11764.000000
11476.000000
9078.000000
7079.000000
7074.000000
5470.000000
-2128.000000
-13155.000000
-19816.000000
-19635.000000
-19032.000000
-23305.000000
-27788.000000
-24429.000000
-14334.000000
-6736.000000
-5501.000000
-3896.000000
4342.000000
14926.000000
19290.000000
16779.000000
13945.000000
13342.000000
10321.000000
2106.000000
-6639.000000
-10900.000000
-12973.000000
-17899.000000
-24237.000000
-25468.000000
-20118.000000
-14532.000000
-13800.000000
-14682.000000
-11062.000000
-3409.000000
1664.000000
541.000000
-2870.000000
-2910.000000
565.000000
2957.000000
1591.000000
-953.000000
-461.000000
3677.000000
8042.000000
9388.000000
7926.000000
5993.000000
4489.000000
2008.000000
-2461.000000
-7462.000000
-10744.000000
-12071.000000
-12878.000000
-13443.000000
-12216.000000
-8479.000000
-3981.000000
-614.000000
2335.000000
6799.000000
12260.000000
15595.000000
15112.000000
12852.000000
11564.000000
10703.000000
7420.000000
1085.000000
-5362.000000
-9212.000000
-11289.000000
-13927.000000
-16850.000000
-17260.000000
-14029.000000
-9645.000000
-6933.000000
-5419.000000
-2753.000000
1097.000000
3283.000000
2046.000000
-760.000000
-2231.000000
-2122.000000
-2396.000000
-3787.000000
-4712.000000
-3688.000000
-1304.000000
843.000000
2016.000000
2396.000000
2172.000000
1462.000000
625.000000
-204.000000
-1475.000000
-3356.000000
-4863.000000
-4750.000000
-3089.000000
-1125.000000
283.000000
1277.000000
2183.000000
3090.000000
4184.000000
5412.000000
5759.000000
4267.000000
2050.000000
1657.000000
3548.000000
4930.000000
3799.000000
2607.000000
5345.000000
11509.000000
16015.000000
15804.000000
13737.000000
14170.000000
16793.000000
17488.000000
14393.000000
10286.000000
8639.000000
9542.000000
10567.000000
10269.000000
9469.000000
9703.000000
11441.000000
13730.000000
15029.000000
14382.000000
12044.000000
9040.000000
6301.000000
4436.000000
3789.000000
4007.000000
4022.000000
3597.000000
4305.000000
7038.000000
8727.000000
4541.000000
-5314.000000
-14041.000000
-16356.000000
-15711.000000
-19113.000000
-25931.000000
-27513.000000
-19280.000000
-7687.000000
-1411.000000
151.000000
4141.000000
12285.000000
18170.000000
16827.000000
10989.000000
5483.000000
456.000000
-5952.000000
-11998.000000
-14569.000000
-15106.000000
-17798.000000
-22072.000000
-22220.000000
-16125.000000
-9563.000000
-8628.000000
-11272.000000
-10655.000000
-5242.000000
-919.000000
-2563.000000
-7418.000000
-8871.000000
-4613.000000
1342.000000
4052.000000
3017.000000
1767.000000
3162.000000
6039.000000
6726.000000
3445.000000
-1823.000000
-6240.000000
-9649.000000
-13697.000000
-18113.000000
-20176.000000
-18271.000000
-13794.000000
-8463.000000
-1932.000000
6087.000000
13197.000000
16581.000000
17029.000000
17703.000000
18982.000000
17679.000000
12194.000000
5432.000000
806.000000
-2152.000000
-5778.000000
-9726.000000
-11449.000000
-10410.000000
-8765.000000
-7831.000000
-6604.000000
-4314.000000
-2001.000000
-585.000000
454.000000
1354.000000
1070.000000
-657.000000
-2185.000000
-2660.000000
-3813.000000
-6752.000000
-8794.000000
-6730.000000
-2289.000000
-510.000000
-2585.000000
-4262.000000
-2669.000000
-896.000000
-3070.000000
-7766.000000
-9896.000000
-7657.000000
-3986.000000
-1614.000000
-151.000000
1560.000000
3310.000000
4695.000000
5909.000000
6288.000000
4394.000000
766.000000
-1711.000000
-1758.000000
-1732.000000
-3632.000000
-5282.000000
-3382.000000
1199.000000
4581.000000
5557.000000
6458.000000
8366.000000
9311.000000
8256.000000
7239.000000
7701.000000
7930.000000
6628.000000
6138.000000
8911.000000
12952.000000
14655.000000
14665.000000
16525.000000
20043.000000
20766.000000
16949.000000
12536.000000
11295.000000
11885.000000
11352.000000
10086.000000
9989.000000
10602.000000
10856.000000
12316.000000
16230.000000
19259.000000
17468.000000
13433.000000
12969.000000
14361.000000
8476.000000
-7282.000000
-22294.000000
-26001.000000
-22306.000000
-22658.000000
-28019.000000
-27655.000000
-16280.000000
-2492.000000
3999.000000
5373.000000
9397.000000
16013.000000
18549.000000
15348.000000
11341.000000
8224.000000
1717.000000
-8941.000000
-16514.000000
-15682.000000
-11761.000000
-13172.000000
-18712.000000
-19526.000000
-12852.000000
-6473.000000
-7622.000000
-13262.000000
-15158.000000
-10956.000000
-5837.000000
-4677.000000
-6588.000000
-7403.000000
-4752.000000
205.000000
4391.000000
5343.000000
3036.000000
-340.000000
-2799.000000
-4643.000000
-7534.000000
-11997.000000
-16697.000000
-19867.000000
-20458.000000
-18329.000000
-14514.000000
-10813.000000
-7633.000000
-2762.000000
5526.000000
14313.000000
17947.000000
15080.000000
10847.000000
9985.000000
10563.000000
7846.000000
2339.000000
-577.000000
1247.000000
3783.000000
3397.000000
2075.000000
3258.000000
5791.000000
5924.000000
3348.000000
956.000000
-547.000000
-3273.000000
-7004.000000
-7909.000000
-4324.000000
-18.000000
1073.000000
407.000000
1536.000000
3464.000000
1926.000000
-3282.000000
-7086.000000
-6416.000000
-4569.000000
-5860.000000
-9172.000000
-10255.000000
-8366.000000
-6600.000000
-6292.000000
-5143.000000
-1793.000000
1321.000000
1629.000000
364.000000
240.000000
880.000000
-346.000000
-3486.000000
-5221.000000
-3764.000000
-1864.000000
-3017.000000
-6323.000000
-7508.000000
-4666.000000
-638.000000
995.000000
460.000000
813.000000
3346.000000
5922.000000
6144.000000
4579.000000
3744.000000
4745.000000
6391.000000
7443.000000
8205.000000
9370.000000
10581.000000
11195.000000
11561.000000
12197.000000
12192.000000
10109.000000
6576.000000
4334.000000
5025.000000
7301.000000
9020.000000
10040.000000
11498.000000
13467.000000
15083.000000
16364.000000
17935.000000
19278.000000
19386.000000
19017.000000
19521.000000
18899.000000
12516.000000
-69.000000
-12045.000000
-16789.000000
-16329.000000
-17680.000000
-21554.000000
-20671.000000
-11051.000000
808.000000
6384.000000
6642.000000
9099.000000
15422.000000
18963.000000
15285.000000
8417.000000
3642.000000
-221.000000
-6393.000000
-12243.000000
-12451.000000
-8412.000000
-7381.000000
-11435.000000
-14038.000000
-10534.000000
-6235.000000
-8731.000000
-15923.000000
-18365.000000
-12615.000000
-5652.000000
-4484.000000
-6900.000000
-6045.000000
-441.000000
4973.000000
6064.000000
3476.000000
-369.000000
-4395.000000
-8109.000000
-10734.000000
-12634.000000
-15482.000000
-19288.000000
-20954.000000
-17857.000000
-11826.000000
-7273.000000
-5653.000000
-3988.000000
589.000000
6607.000000
9739.000000
7650.000000
2323.000000
-2056.000000
-2800.000000
-565.000000
1852.000000
2475.000000
2079.000000
2931.000000
5551.000000
7523.000000
6234.000000
2273.000000
-991.000000
-1237.000000
440.000000
1408.000000
845.000000
363.000000
1686.000000
4682.000000
7805.000000
9657.000000
9630.000000
7602.000000
3932.000000
-127.000000
-2870.000000
-3618.000000
-3399.000000
-3469.000000
-3425.000000
-1920.000000
573.000000
1203.000000
-1799.000000
-6069.000000
-7417.000000
-5075.000000
-2533.000000
-2507.000000
-3295.000000
-1911.000000
958.000000
1941.000000
264.000000
-1189.000000
-748.000000
-752.000000
-3558.000000
-7250.000000
-8251.000000
-6820.000000
-6474.000000
-8128.000000
-8409.000000
-4932.000000
-138.000000
2370.000000
3020.000000
4892.000000
8409.000000
10702.000000
10137.000000
8342.000000
6953.000000
5192.000000
2353.000000
348.000000
1331.000000
4125.000000
5726.000000
5777.000000
6750.000000
9498.000000
11481.000000
10669.000000
8751.000000
8375.000000
8904.000000
7720.000000
5092.000000
4607.000000
8059.000000
12643.000000
14925.000000
15474.000000
16850.000000
18089.000000
14666.000000
4847.000000
-6697.000000
-13723.000000
-15250.000000
-15107.000000
-15463.000000
-13966.000000
-8165.000000
-21.000000
6158.000000
8814.000000
9754.000000
10332.000000
9812.000000
7888.000000
6153.000000
5519.000000
4262.000000
891.000000
-2373.000000
-1893.000000
1753.000000
3406.000000
-268.000000
-6303.000000
-9304.000000
-8301.000000
-7391.000000
-9923.000000
-14381.000000
-16601.000000
-14461.000000
-9452.000000
-4644.000000
-2042.000000
-1351.000000
-575.000000
1747.000000
4335.000000
3866.000000
-1218.000000
-8076.000000
-11861.000000
-10887.000000
-8370.000000
-8526.000000
-11740.000000
-14431.000000
-13427.000000
-9550.000000
-6356.000000
-5779.000000
-5907.000000
-3607.000000
1212.000000
5075.000000
4940.000000
1687.000000
-1201.000000
-1636.000000
-409.000000
803.000000
1260.000000
906.000000
-21.000000
-469.000000
733.000000
2716.000000
2671.000000
-336.000000
-3101.000000
-2179.000000
919.000000
1417.000000
-1765.000000
-4136.000000
-2143.000000
1514.000000
1784.000000
-1588.000000
-4234.000000
-3581.000000
-1454.000000
-32.000000
1196.000000
3023.000000
4093.000000
3155.000000
1518.000000
689.000000
-667.000000
-4250.000000
-7704.000000
-6601.000000
-1098.000000
3229.000000
2791.000000
892.000000
2588.000000
7219.000000
9686.000000
7915.000000
5009.000000
3737.000000
2750.000000
-68.000000
-3529.000000
-4990.000000
-4368.000000
-3518.000000
-2685.000000
-521.000000
2581.000000
4142.000000
3337.000000
2523.000000
3697.000000
5531.000000
5723.000000
4613.000000
4180.000000
4515.000000
3971.000000
2589.000000
2586.000000
4815.000000
7199.000000
7913.000000
7921.000000
8604.000000
8818.000000
6828.000000
3899.000000
2947.000000
3985.000000
4204.000000
3036.000000
3753.000000
8250.000000
13263.000000
14587.000000
12884.000000
11637.000000
10515.000000
5266.000000
-5106.000000
-15230.000000
-19606.000000
-18852.000000
-16934.000000
-14654.000000
-9772.000000
-2495.000000
3359.000000
5313.000000
4927.000000
4333.000000
3135.000000
709.000000
-1033.000000
-17.000000
2371.000000
3086.000000
2123.000000
2297.000000
4241.000000
4788.000000
1453.000000
-3985.000000
-8105.000000
-10072.000000
-11113.000000
-11189.000000
-8871.000000
-4266.000000
294.000000
2913.000000
3748.000000
3516.000000
2220.000000
360.000000
-145.000000
2098.000000
5740.000000
7901.000000
7351.000000
5196.000000
2427.000000
-1692.000000
-8046.000000
-15349.000000
-20497.000000
-21232.000000
-17991.000000
-13133.000000
-8747.000000
-5247.000000
-1796.000000
2142.000000
5701.000000
7055.000000
5150.000000
1092.000000
-2413.000000
-3404.000000
-2505.000000
-2043.000000
-3147.000000
-4359.000000
-3748.000000
-1842.000000
-1192.000000
-2944.000000
-5307.000000
-6121.000000
-5597.000000
-5186.000000
-4892.000000
-3701.000000
-2110.000000
-1809.000000
-2590.000000
-2124.000000
154.000000
1394.000000
-434.000000
-2798.000000
-1954.000000
1255.000000
2441.000000
276.000000
-1723.000000
-997.000000
103.000000
-1536.000000
-4603.000000
-5499.000000
-3826.000000
-2095.000000
-878.000000
1803.000000
5941.000000
8295.000000
7134.000000
5079.000000
5077.000000
6178.000000
5937.000000
4938.000000
5527.000000
7179.000000
6882.000000
4174.000000
2274.000000
3231.000000
5061.000000
5402.000000
5329.000000
7016.000000
9426.000000
9299.000000
5794.000000
1480.000000
-1167.000000
-1804.000000
-521.000000
3235.000000
8832.000000
13455.000000
14697.000000
13162.000000
11039.000000
8978.000000
5942.000000
1769.000000
-1832.000000
-3061.000000
-1666.000000
1379.000000
4792.000000
7274.000000
7993.000000
7380.000000
6671.000000
6027.000000
3853.000000
-1126.000000
-7545.000000
-12185.000000
-13134.000000
-11346.000000
-8968.000000
-6958.000000
-4894.000000
-2518.000000
-557.000000
55.000000
-847.000000
-2619.000000
-4233.000000
-4467.000000
-2335.000000
1830.000000
5859.000000
7272.000000
5647.000000
2764.000000
-75.000000
-3870.000000
-9953.000000
-16740.000000
-20142.000000
-17621.000000
-10705.000000
-3014.000000
3009.000000
6628.000000
7576.000000
6037.000000
3359.000000
1135.000000
-413.000000
-1698.000000
-1648.000000
1635.000000
7392.000000
11358.000000
9989.000000
4439.000000
-1224.000000
-4850.000000
-7415.000000
-9969.000000
-11693.000000
-11481.000000
-9608.000000
-6914.000000
-3645.000000
-115.000000
2551.000000
3572.000000
3633.000000
3729.000000
3485.000000
1874.000000
-708.000000
-2470.000000
-2408.000000
-1385.000000
-913.000000
-1769.000000
-3966.000000
-7010.000000
-9823.000000
-11341.000000
-11619.000000
-11477.000000
-10674.000000
-7681.000000
-2205.000000
3104.000000
4980.000000
3214.000000
639.000000
-512.000000
-855.000000
-2153.000000
-4637.000000
-6834.000000
-7340.000000
-5961.000000
-3551.000000
-1423.000000
-658.000000
-1300.000000
-2256.000000
-2419.000000
-1879.000000
-1591.000000
-1897.000000
-1817.000000
-56.000000
3420.000000
7009.000000
8777.000000
8247.000000
6772.000000
5907.000000
5599.000000
4521.000000
2203.000000
19.000000
-370.000000
1101.000000
3198.000000
4987.000000
6369.000000
7445.000000
8275.000000
9023.000000
9491.000000
8867.000000
7011.000000
5670.000000
6838.000000
9874.000000
11991.000000
11988.000000
11534.000000
11798.000000
11099.000000
7864.000000
4062.000000
2884.000000
3921.000000
3817.000000
1571.000000
-90.000000
731.000000
2475.000000
3507.000000
4974.000000
7861.000000
9917.000000
8749.000000
5946.000000
4227.000000
1869.000000
-5116.000000
-15072.000000
-20285.000000
-16679.000000
-9616.000000
-6639.000000
-7861.000000
-7904.000000
-5051.000000
-3073.000000
-4301.000000
-6162.000000
-5843.000000
-3971.000000
-1520.000000
2837.000000
9052.000000
12600.000000
9478.000000
2626.000000
-1283.000000
-1093.000000
-2490.000000
-8999.000000
-16056.000000
-16922.000000
-11533.000000
-5923.000000
-4259.000000
-4969.000000
-4618.000000
-2469.000000
-200.000000
752.000000
240.000000
-850.000000
-797.000000
1975.000000
6813.000000
10394.000000
9694.000000
5311.000000
828.000000
-1233.000000
-1964.000000
-4218.000000
-8758.000000
-12921.000000
-13218.000000
-9065.000000
-3650.000000
-800.000000
-1106.000000
-1757.000000
-412.000000
1656.000000
1364.000000
-1598.000000
-3616.000000
-1281.000000
4433.000000
9307.000000
10512.000000
8659.000000
5472.000000
1327.000000
-4005.000000
-9564.000000
-13566.000000
-15021.000000
-13869.000000
-10293.000000
-5460.000000
-2381.000000
-3633.000000
-7656.000000
-9539.000000
-6870.000000
-2948.000000
-2172.000000
-3838.000000
-3384.000000
714.000000
4634.000000
4629.000000
1857.000000
13.000000
300.000000
1072.000000
1050.000000
367.000000
-930.000000
-2826.000000
-3919.000000
-2511.000000
530.000000
2362.000000
2293.000000
2925.000000
5920.000000
8921.000000
8779.000000
6172.000000
4461.000000
4892.000000
5593.000000
5128.000000
4407.000000
4613.000000
5550.000000
6792.000000
8370.000000
9369.000000
7986.000000
4525.000000
2279.000000
3454.000000
5869.000000
6257.000000
5450.000000
6954.000000
10796.000000
12666.000000
10131.000000
6233.000000
4931.000000
5906.000000
6517.000000
6476.000000
7156.000000
7887.000000
6899.000000
5347.000000
6165.000000
8692.000000
8754.000000
5323.000000
2550.000000
2605.000000
916.000000
-7075.000000
-17485.000000
-21828.000000
-18026.000000
-12127.000000
-9097.000000
-7595.000000
-5248.000000
-3505.000000
-4063.000000
-4840.000000
-3580.000000
-2166.000000
-2905.000000
-3175.000000
909.000000
6861.000000
7778.000000
2246.000000
-3299.000000
-3878.000000
-2562.000000
-4680.000000
-9543.000000
-12154.000000
-10658.000000
-7606.000000
-5032.000000
-2603.000000
-609.000000
-731.000000
-2866.000000
-4398.000000
-3966.000000
-3200.000000
-3044.000000
-993.000000
5281.000000
13079.000000
16528.000000
13160.000000
6312.000000
643.000000
-2598.000000
-4996.000000
-7489.000000
-9188.000000
-9079.000000
-7445.000000
-5478.000000
-4259.000000
-4155.000000
-4477.000000
-3689.000000
-790.000000
3148.000000
5559.000000
5136.000000
3482.000000
3236.000000
4883.000000
6276.000000
5298.000000
2123.000000
-1353.000000
-3518.000000
-4182.000000
-4317.000000
-4965.000000
-6044.000000
-6382.000000
-5692.000000
-6102.000000
-9972.000000
-15838.000000
-18617.000000
-15248.000000
-8510.000000
-3490.000000
-1759.000000
-1279.000000
-782.000000
-1004.000000
-1839.000000
-1671.000000
-260.000000
697.000000
950.000000
2494.000000
5308.000000
5477.000000
524.000000
-5806.000000
-7728.000000
-4960.000000
-2187.000000
-1581.000000
-218.000000
4285.000000
9518.000000
11782.000000
11002.000000
9689.000000
9031.000000
8540.000000
8353.000000
9185.000000
10470.000000
10818.000000
10252.000000
10039.000000
10231.000000
9339.000000
6890.000000
4567.000000
3984.000000
4778.000000
5853.000000
7202.000000
9127.000000
10670.000000
10505.000000
8983.000000
7657.000000
6845.000000
5502.000000
3793.000000
3667.000000
5662.000000
7100.000000
5571.000000
2846.000000
2529.000000
4540.000000
5309.000000
3604.000000
2116.000000
1616.000000
-2113.000000
-11771.000000
-22147.000000
-25272.000000
-20536.000000
-14403.000000
-10643.000000
-7024.000000
-2703.000000
-2083.000000
-7469.000000
-13343.000000
-13187.000000
-8319.000000
-4256.000000
-1378.000000
3959.000000
10413.000000
11458.000000
5283.000000
-1881.000000
-4778.000000
-5586.000000
-8009.000000
-10310.000000
-9025.000000
-5641.000000
-4154.000000
-4428.000000
-3405.000000
-1449.000000
-1936.000000
-4791.000000
-5711.000000
-2699.000000
1270.000000
3557.000000
5552.000000
8848.000000
11365.000000
10322.000000
6611.000000
3172.000000
869.000000
-988.000000
-1426.000000
1279.000000
5685.000000
7463.000000
4510.000000
-573.000000
-4194.000000
-5919.000000
-7283.000000
-8081.000000
-6211.000000
-1180.000000
4288.000000
6970.000000
6334.000000
4102.000000
1674.000000
-533.000000
-1746.000000
-918.000000
1261.000000
2204.000000
534.000000
-1993.000000
-3157.000000
-3633.000000
-5671.000000
-9261.000000
-12098.000000
-13151.000000
-13594.000000
-13844.000000
-12459.000000
-9190.000000
-6511.000000
-6355.000000
-7384.000000
-7402.000000
-6563.000000
-5830.000000
-4032.000000
470.000000
6113.000000
9237.000000
8671.000000
6404.000000
3799.000000
280.000000
-3647.000000
-5319.000000
-3449.000000
-303.000000
1475.000000
2208.000000
3490.000000
4932.000000
5030.000000
4242.000000
4717.000000
7195.000000
10214.000000
12439.000000
13970.000000
15066.000000
15194.000000
14040.000000
12319.000000
10869.000000
9763.000000
8904.000000
8668.000000
9114.000000
9169.000000
7768.000000
5722.000000
5242.000000
7076.000000
9176.000000
9287.000000
8084.000000
8091.000000
9692.000000
10404.000000
8788.000000
6777.000000
6473.000000
6788.000000
5761.000000
4426.000000
5022.000000
6525.000000
5969.000000
3675.000000
2306.000000
298.000000
-7776.000000
-21618.000000
-31700.000000
-30136.000000
-20924.000000
-13843.000000
-11591.000000
-9729.000000
-7095.000000
-7934.000000
-12998.000000
-16361.000000
-13777.000000
-7928.000000
-2345.000000
3669.000000
9933.000000
11216.000000
4286.000000
-4986.000000
-8265.000000
-5984.000000
-5286.000000
-8342.000000
-9981.000000
-7141.000000
-3636.000000
-3483.000000
-5377.000000
-6617.000000
-7617.000000
-9093.000000
-8845.000000
-5233.000000
-810.000000
1423.000000
2912.000000
6489.000000
10261.000000
9350.000000
3414.000000
-1999.000000
-2489.000000
320.000000
2246.000000
1968.000000
1006.000000
328.000000
-633.000000
-2266.000000
-3888.000000
-4603.000000
-3983.000000
-1913.000000
1373.000000
4824.000000
6747.000000
6126.000000
3809.000000
1912.000000
1622.000000
1941.000000
1255.000000
-115.000000
-130.000000
1927.000000
3908.000000
3216.000000
-112.000000
-3744.000000
-5803.000000
-6240.000000
-6082.000000
-6489.000000
-8129.000000
-10318.000000
-11150.000000
-9716.000000
-7819.000000
-8024.000000
-10138.000000
-11241.000000
-9406.000000
-5856.000000
-2870.000000
-1100.000000
206.000000
1474.000000
2392.000000
2541.000000
1540.000000
-862.000000
-3954.000000
-5803.000000
-4826.000000
-1669.000000
1192.000000
1979.000000
1477.000000
2063.000000
4857.000000
8164.000000
9432.000000
8690.000000
8850.000000
11904.000000
16067.000000
18162.000000
17833.000000
17360.000000
17795.000000
17752.000000
16296.000000
14549.000000
13556.000000
12691.000000
11366.000000
10375.000000
10237.000000
10071.000000
9517.000000
9885.000000
11739.000000
13187.000000
12582.000000
11192.000000
10949.000000
11207.000000
10301.000000
8804.000000
8261.000000
7975.000000
6350.000000
4375.000000
4142.000000
4704.000000
3474.000000
1191.000000
550.000000
-255.000000
-6635.000000
-18280.000000
-26527.000000
-24904.000000
-17703.000000
-13458.000000
-13782.000000
-14236.000000
-13413.000000
-14392.000000
-17771.000000
-19534.000000
-16942.000000
-11637.000000
-5782.000000
179.000000
4318.000000
2702.000000
-4837.000000
-12056.000000
-13014.000000
-9147.000000
-6410.000000
-7278.000000
-8983.000000
-8640.000000
-6775.000000
-5726.000000
-6941.000000
-9983.000000
-12526.000000
-11682.000000
-6990.000000
-1663.000000
865.000000
1135.000000
2326.000000
5152.000000
6613.000000
4371.000000
155.000000
-2279.000000
-1115.000000
2477.000000
5917.000000
6889.000000
4583.000000
537.000000
-2378.000000
-2655.000000
-1420.000000
-436.000000
350.000000
2192.000000
4996.000000
6738.000000
5727.000000
2698.000000
128.000000
-242.000000
1203.000000
2831.000000
3570.000000
3580.000000
3434.000000
3193.000000
2445.000000
851.000000
-1517.000000
-4019.000000
-5486.000000
-5080.000000
-3537.000000
-2902.000000
-4287.000000
-6475.000000
-7593.000000
-7618.000000
-7966.000000
-8921.000000
-9001.000000
-7188.000000
-4426.000000
-2263.000000
-1087.000000
-441.000000
-224.000000
-623.000000
-1373.000000
-1938.000000
-2275.000000
-2761.000000
-3467.000000
-3902.000000
-3527.000000
-2420.000000
-1457.000000
-1535.000000
-2230.000000
-1703.000000
1210.000000
5222.000000
8072.000000
9507.000000
11143.000000
13380.000000
14565.000000
13959.000000
13336.000000
14226.000000
15456.000000
15335.000000
14565.000000
14690.000000
14918.000000
13240.000000
10062.000000
7921.000000
7749.000000
8121.000000
8346.000000
9411.000000
11266.000000
11992.000000
10833.000000
9558.000000
9415.000000
9114.000000
7478.000000
5903.000000
6027.000000
6821.000000
6341.000000
4892.000000
3985.000000
3464.000000
2287.000000
1057.000000
753.000000
-296.000000
-4646.000000
-10843.000000
-13881.000000
-11602.000000
-7585.000000
-6157.000000
-7304.000000
-8543.000000
-9421.000000
-11355.000000
-14244.000000
-15871.000000
-14458.000000
-10089.000000
-4143.000000
1021.000000
2470.000000
-1088.000000
-7238.000000
-11619.000000
-12109.000000
-10263.000000
-8613.000000
-7884.000000
-7218.000000
-6058.000000
-5104.000000
-5747.000000
-8545.000000
-11961.000000
-13031.000000
-10239.000000
-5507.000000
-2314.000000
-1849.000000
-2145.000000
-1198.000000
287.000000
70.000000
-2438.000000
-5139.000000
-5416.000000
-2823.000000
528.000000
2096.000000
1220.000000
-731.000000
-2200.000000
-2873.000000
-3228.000000
-3324.000000
-2580.000000
-499.000000
2716.000000
5931.000000
7406.000000
6076.000000
3018.000000
844.000000
919.000000
1875.000000
1829.000000
1290.000000
2311.000000
5029.000000
6882.000000
5793.000000
2754.000000
367.000000
-142.000000
476.000000
1079.000000
1120.000000
508.000000
-419.000000
-888.000000
-617.000000
-609.000000
-1957.000000
-3833.000000
-3991.000000
-1789.000000
521.000000
515.000000
-1267.000000
-2194.000000
-1129.000000
283.000000
1.000000
-2009.000000
-4237.000000
-5498.000000
-5648.000000
-5090.000000
-4349.000000
-3917.000000
-3852.000000
-3631.000000
-2771.000000
-1541.000000
-669.000000
-364.000000
33.000000
1259.000000
3183.000000
4857.000000
5583.000000
5732.000000
6264.000000
7492.000000
8690.000000
9039.000000
8544.000000
7780.000000
7094.000000
6477.000000
6015.000000
6030.000000
6740.000000
7972.000000
9189.000000
9783.000000
9603.000000
9158.000000
9001.000000
8992.000000
8693.000000
8340.000000
8642.000000
9522.000000
9989.000000
9529.000000
8669.000000
7868.000000
6943.000000
6118.000000
6378.000000
7874.000000
9029.000000
8414.000000
6608.000000
5057.000000
3901.000000
2380.000000
753.000000
153.000000
666.000000
1028.000000
310.000000
-1332.000000
-3559.000000
-6161.000000
-8211.000000
-8337.000000
-6521.000000
-4570.000000
-4103.000000
-4851.000000
-5695.000000
-6575.000000
-8297.000000
-10803.000000
-12787.000000
-13217.000000
-12482.000000
-11738.000000
-11676.000000
-12228.000000
-12937.000000
-13190.000000
-12530.000000
-11276.000000
-10531.000000
-10954.000000
-11726.000000
-11465.000000
-10109.000000
-9032.000000
-9085.000000
-9340.000000
-8336.000000
-6035.000000
-3921.000000
-3339.000000
-4117.000000
-4801.000000
-4102.000000
-2245.000000
-845.000000
-1145.000000
-2452.000000
-2860.000000
-1526.000000
396.000000
1297.000000
945.000000
440.000000
835.000000
2136.000000
3403.000000
3651.000000
2967.000000
2723.000000
4110.000000
6381.000000
7341.000000
5951.000000
3771.000000
3206.000000
4757.000000
6665.000000
7097.000000
6001.000000
4719.000000
4226.000000
4148.000000
3443.000000
1797.000000
98.000000
-530.000000
-11.000000
554.000000
49.000000
-1446.000000
-2657.000000
-2373.000000
-772.000000
659.000000
671.000000
-459.000000
-1456.000000
-1640.000000
-1553.000000
-1976.000000
-2878.000000
-3534.000000
-3469.000000
-3083.000000
-3321.000000
-4553.000000
-5805.000000
-5557.000000
-3591.000000
-1435.000000
-509.000000
-470.000000
-103.000000
797.000000
1485.000000
1788.000000
2368.000000
3552.000000
4914.000000
5982.000000
6432.000000
5806.000000
4186.000000
2966.000000
3693.000000
5952.000000
7713.000000
8012.000000
8005.000000
8842.000000
9805.000000
9493.000000
8025.000000
6985.000000
7554.000000
9424.000000
11361.000000
12218.000000
11640.000000
10380.000000
9847.000000
10804.000000
12428.000000
13151.000000
12529.000000
11772.000000
12037.000000
12631.000000
11708.000000
8799.000000
5776.000000
4819.000000
5926.000000
7056.000000
6386.000000
3810.000000
530.000000
-2093.000000
-3360.000000
-3572.000000
-3644.000000
-4032.000000
-4254.000000
-3895.000000
-3780.000000
-5324.000000
-8767.000000
-12640.000000
-15073.000000
-15322.000000
-14161.000000
-13235.000000
-13772.000000
-15464.000000
-16779.000000
-16764.000000
-16118.000000
-15998.000000
-16304.000000
-15972.000000
-14652.000000
-13196.000000
-12440.000000
-12258.000000
-11930.000000
-10979.000000
-9530.000000
-8193.000000
-7591.000000
-7746.000000
-7911.000000
-7188.000000
-5331.000000
-3015.000000
-1381.000000
-1117.000000
-1712.000000
-1860.000000
-993.000000
-4.000000
157.000000
81.000000
1083.000000
3039.000000
4303.000000
3895.000000
2647.000000
1984.000000
2551.000000
4258.000000
6528.000000
8188.000000
8230.000000
7153.000000
6594.000000
7150.000000
7552.000000
6573.000000
4852.000000
4037.000000
4717.000000
5918.000000
6304.000000
5366.000000
3679.000000
2326.000000
1894.000000
1881.000000
1352.000000
156.000000
-919.000000
-1199.000000
-884.000000
-708.000000
-1198.000000
-2281.000000
-3281.000000
-3432.000000
-2755.000000
-2247.000000
-2755.000000
-3900.000000
-4657.000000
-4810.000000
-5096.000000
-5943.000000
-6742.000000
-6646.000000
-5612.000000
-4401.000000
-3783.000000
-3880.000000
-4110.000000
-3742.000000
-2619.000000
-1302.000000
-390.000000
153.000000
774.000000
1578.000000
2147.000000
2074.000000
1526.000000
1205.000000
1851.000000
3685.000000
6130.000000
8069.000000
8597.000000
7788.000000
6729.000000
6619.000000
7698.000000
9165.000000
10216.000000
10873.000000
11561.000000
12182.000000
12209.000000
11599.000000
10996.000000
10922.000000
11340.000000
12105.000000
13174.000000
14104.000000
14086.000000
12972.000000
11705.000000
11187.000000
11133.000000
10549.000000
9023.000000
7026.000000
5275.000000
4259.000000
4099.000000
4305.000000
3901.000000
2335.000000
165.000000
-1583.000000
-2568.000000
-3218.000000
-3879.000000
-4457.000000
-4913.000000
-5591.000000
-6873.000000
-8818.000000
-11182.000000
-13484.000000
-15017.000000
-15231.000000
-14325.000000
-13276.000000
-13002.000000
-13612.000000
-14553.000000
-15309.000000
-15752.000000
-15911.000000
-15688.000000
-14869.000000
-13355.000000
-11365.000000
-9432.000000
-8088.000000
-7467.000000
-7247.000000
-7051.000000
-6775.000000
-6436.000000
-5885.000000
-4886.000000
-3419.000000
-1797.000000
-512.000000
-18.000000
-397.000000
-1078.000000
-1141.000000
-221.000000
1064.000000
1857.000000
2042.000000
2159.000000
2547.000000
3012.000000
3253.000000
3263.000000
3297.000000
3713.000000
4679.000000
5810.000000
6313.000000
5840.000000
4986.000000
4587.000000
4687.000000
4590.000000
3786.000000
2486.000000
1370.000000
1070.000000
1711.000000
2677.000000
3054.000000
2531.000000
1618.000000
846.000000
160.000000
-634.000000
-1329.000000
-1601.000000
-1544.000000
-1552.000000
-1947.000000
-2865.000000
-4126.000000
-5094.000000
-5153.000000
-4502.000000
-4016.000000
-4147.000000
-4520.000000
-4731.000000
-4915.000000
-5280.000000
-5639.000000
-5653.000000
-5140.000000
-4041.000000
-2604.000000
-1537.000000
-1381.000000
-1717.000000
-1608.000000
-821.000000
45.000000
611.000000
1157.000000
2016.000000
3140.000000
4286.000000
5068.000000
4993.000000
4100.000000
3392.000000
3943.000000
5703.000000
7743.000000
9397.000000
10505.000000
10909.000000
10553.000000
9895.000000
9550.000000
9649.000000
10025.000000
10649.000000
11333.000000
11476.000000
10753.000000
9666.000000
8843.000000
8294.000000
7879.000000
7898.000000
8558.000000
9370.000000
9698.000000
9499.000000
9060.000000
8520.000000
8001.000000
7596.000000
6879.000000
5197.000000
2893.000000
1423.000000
1728.000000
3077.000000
3936.000000
3368.000000
1344.000000
-1494.000000
-4044.000000
-5427.000000
-5812.000000
-5973.000000
-6056.000000
-5649.000000
-5070.000000
-5511.000000
-7547.000000
-10316.000000
-12414.000000
-12999.000000
-12060.000000
-10439.000000
-9538.000000
-10129.000000
-11431.000000
-12110.000000
-11971.000000
-11849.000000
-12084.000000
-12100.000000
-11409.000000
-10121.000000
-8552.000000
-7104.000000
-6318.000000
-6318.000000
-6470.000000
-6246.000000
-5989.000000
-6065.000000
-5840.000000
-4426.000000
-2052.000000
126.000000
1269.000000
1245.000000
339.000000
-703.000000
-891.000000
33.000000
1249.000000
1997.000000
2422.000000
2812.000000
2814.000000
2127.000000
1256.000000
873.000000
1004.000000
1362.000000
1842.000000
2234.000000
2178.000000
1820.000000
1802.000000
2204.000000
2294.000000
1694.000000
955.000000
659.000000
751.000000
1091.000000
1783.000000
2609.000000
2924.000000
2441.000000
1467.000000
275.000000
-982.000000
-1734.000000
-1357.000000
-247.000000
338.000000
-304.000000
-1776.000000
-3385.000000
-4668.000000
-5172.000000
-4654.000000
-3587.000000
-2775.000000
-2437.000000
-2345.000000
-2577.000000
-3340.000000
-4212.000000
-4434.000000
-3880.000000
-3040.000000
-2244.000000
-1588.000000
-1340.000000
-1650.000000
-2064.000000
-1998.000000
-1486.000000
-890.000000
-210.000000
709.000000
1641.000000
2294.000000
2800.000000
3331.000000
3616.000000
3455.000000
3316.000000
3855.000000
5140.000000
6787.000000
8419.000000
9634.000000
9984.000000
9528.000000
8987.000000
8928.000000
9173.000000
9310.000000
9299.000000
9213.000000
8898.000000
8297.000000
7687.000000
7276.000000
6963.000000
6710.000000
6691.000000
6856.000000
6830.000000
6500.000000
6247.000000
6406.000000
6883.000000
7425.000000
7795.000000
7574.000000
6368.000000
4439.000000
2725.000000
2020.000000
2358.000000
3168.000000
3657.000000
3088.000000
1258.000000
-1158.000000
-3087.000000
-3987.000000
-4035.000000
-3545.000000
-2703.000000
-1880.000000
-1728.000000
-2722.000000
-4764.000000
-7193.000000
-9029.000000
-9428.000000
-8371.000000
-6872.000000
-6141.000000
-6514.000000
-7413.000000
-8231.000000
-8894.000000
-9571.000000
-10212.000000
-10477.000000
-10000.000000
-8763.000000
-7336.000000
-6569.000000
-6790.000000
-7434.000000
-7677.000000
-7340.000000
-6853.000000
-6447.000000
-5746.000000
-4268.000000
-2134.000000
-194.000000
552.000000
-214.000000
-1723.000000
-2676.000000
-2418.000000
-1503.000000
-934.000000
-1005.000000
-1151.000000
-889.000000
-516.000000
-745.000000
-1809.000000
-3065.000000
-3475.000000
-2551.000000
-928.000000
136.000000
12.000000
-640.000000
-684.000000
119.000000
884.000000
732.000000
-138.000000
-662.000000
2.000000
1665.000000
3233.000000
3643.000000
2822.000000
1691.000000
1081.000000
815.000000
155.000000
-992.000000
-1783.000000
-1455.000000
-256.000000
741.000000
590.000000
-760.000000
-2382.000000
-3091.000000
-2483.000000
-1251.000000
-318.000000
171.000000
631.000000
1070.000000
901.000000
-245.000000
-1924.000000
-3212.000000
-3384.000000
-2392.000000
-982.000000
-224.000000
-570.000000
-1452.000000
-2055.000000
-2214.000000
-2211.000000
-1992.000000
-1175.000000
270.000000
1846.000000
3001.000000
3481.000000
3402.000000
3290.000000
3798.000000
4993.000000
6199.000000
6838.000000
7130.000000
7575.000000
8146.000000
8444.000000
8355.000000
8082.000000
7799.000000
7635.000000
7730.000000
7962.000000
7965.000000
7680.000000
7478.000000
7489.000000
7301.000000
6683.000000
6105.000000
6144.000000
6792.000000
7655.000000
8388.000000
8683.000000
8322.000000
7549.000000
6952.000000
6750.000000
6647.000000
6473.000000
6365.000000
6184.000000
5437.000000
4043.000000
2619.000000
1768.000000
1537.000000
1660.000000
1786.000000
1432.000000
355.000000
-958.000000
-1729.000000
-1827.000000
-1747.000000
-1753.000000
-1723.000000
-1780.000000
-2378.000000
-3665.000000
-5307.000000
-6883.000000
-8008.000000
-8289.000000
-7782.000000
-7284.000000
-7566.000000
-8461.000000
-9243.000000
-9644.000000
-9917.000000
-10154.000000
-10178.000000
-9883.000000
-9216.000000
-8082.000000
-6733.000000
-5843.000000
-5734.000000
-5896.000000
-5709.000000
-5203.000000
-4675.000000
-4048.000000
-3147.000000
-2186.000000
-1548.000000
-1427.000000
-1944.000000
-3094.000000
-4331.000000
-4776.000000
-4204.000000
-3294.000000
-2676.000000
-2313.000000
-2032.000000
-1998.000000
-2354.000000
-2914.000000
-3438.000000
-3722.000000
-3425.000000
-2404.000000
-1260.000000
-860.000000
-1249.000000
-1669.000000
-1646.000000
-1413.000000
-1265.000000
-1163.000000
-985.000000
-607.000000
183.000000
1281.000000
2000.000000
1818.000000
1173.000000
909.000000
1154.000000
1392.000000
1370.000000
1274.000000
1282.000000
1492.000000
2002.000000
2554.000000
2477.000000
1509.000000
313.000000
-334.000000
-383.000000
-128.000000
424.000000
1263.000000
1951.000000
2050.000000
1575.000000
697.000000
-481.000000
-1529.000000
-1730.000000
-940.000000
139.000000
849.000000
1136.000000
1051.000000
452.000000
-470.000000
-1059.000000
-931.000000
-297.000000
570.000000
1539.000000
2255.000000
2297.000000
1886.000000
1708.000000
1970.000000
2290.000000
2526.000000
2944.000000
3577.000000
4122.000000
4481.000000
4755.000000
4776.000000
4364.000000
3893.000000
3911.000000
4337.000000
4689.000000
4903.000000
5225.000000
5554.000000
5588.000000
5391.000000
5216.000000
5037.000000
4845.000000
5040.000000
5870.000000
6877.000000
7458.000000
7643.000000
7762.000000
7806.000000
7684.000000
7619.000000
7786.000000
7951.000000
7934.000000
7920.000000
7931.000000
7571.000000
6732.000000
5962.000000
5700.000000
5678.000000
5444.000000
4925.000000
4159.000000
3102.000000
1968.000000
1175.000000
711.000000
145.000000
-612.000000
-1219.000000
-1727.000000
-2702.000000
-4354.000000
-6149.000000
-7472.000000
-8103.000000
-8035.000000
-7507.000000
-7191.000000
-7666.000000
-8691.000000
-9570.000000
-10119.000000
-10619.000000
-10997.000000
-10857.000000
-10227.000000
-9606.000000
-9330.000000
-9428.000000
-9898.000000
-10538.000000
-10774.000000
-10262.000000
-9394.000000
-8683.000000
-8002.000000
-7042.000000
-6082.000000
-5670.000000
-5829.000000
-6164.000000
-6421.000000
-6462.000000
-6094.000000
-5428.000000
-4952.000000
-4880.000000
-4832.000000
-4593.000000
-4539.000000
-4907.000000
-5194.000000
-4787.000000
-3720.000000
-2424.000000
-1245.000000
-496.000000
-406.000000
-672.000000
-601.000000
49.000000
886.000000
1689.000000
2692.000000
3902.000000
4839.000000
5216.000000
5280.000000
5293.000000
5287.000000
5402.000000
5842.000000
6393.000000
6587.000000
6394.000000
6150.000000
5883.000000
5363.000000
4778.000000
4597.000000
4792.000000
4870.000000
4623.000000
4248.000000
3820.000000
3278.000000
2822.000000
2672.000000
2598.000000
2237.000000
1686.000000
1198.000000
590.000000
-412.000000
-1500.000000
-2090.000000
-2118.000000
-1991.000000
-1979.000000
-2167.000000
-2679.000000
-3434.000000
-3974.000000
-4009.000000
-3827.000000
-3765.000000
-3691.000000
-3408.000000
-3134.000000
-3089.000000
-3056.000000
-2753.000000
-2273.000000
-1810.000000
-1358.000000
-974.000000
-865.000000
-926.000000
-692.000000
-29.000000
644.000000
1039.000000
1398.000000
1942.000000
2523.000000
3035.000000
3648.000000
4381.000000
4972.000000
5363.000000
5828.000000
6460.000000
7050.000000
7581.000000
8291.000000
9126.000000
9705.000000
9907.000000
10048.000000
10345.000000
10728.000000
11196.000000
11853.000000
12541.000000
12905.000000
12880.000000
12708.000000
12491.000000
12166.000000
11792.000000
11451.000000
10947.000000
10065.000000
9009.000000
8157.000000
7488.000000
6695.000000
5683.000000
4580.000000
3399.000000
2117.000000
898.000000
-128.000000
-1132.000000
-2303.000000
-3536.000000
-4754.000000
-6236.000000
-8192.000000
-10233.000000
-11691.000000
-12342.000000
-12497.000000
-12572.000000
-12886.000000
-13637.000000
-14708.000000
-15641.000000
-16088.000000
-16131.000000
-15984.000000
-15628.000000
-15001.000000
-14328.000000
-13952.000000
-13956.000000
-14141.000000
-14253.000000
-14076.000000
-13472.000000
-12513.000000
-11441.000000
-10422.000000
-9486.000000
-8710.000000
-8247.000000
-8069.000000
-7889.000000
-7441.000000
-6672.000000
-5627.000000
-4354.000000
-3015.000000
-1865.000000
-1057.000000
-561.000000
-283.000000
-71.000000
362.000000
1291.000000
2622.000000
3908.000000
4776.000000
5230.000000
5482.000000
5686.000000
5955.000000
6427.000000
7180.000000
8098.000000
8965.000000
9632.000000
10060.000000
10257.000000
10291.000000
10323.000000
10493.000000
10776.000000
10991.000000
10964.000000
10591.000000
9798.000000
8594.000000
7222.000000
6120.000000
5549.000000
5336.000000
5020.000000
4294.000000
3232.000000
2151.000000
1309.000000
708.000000
135.000000
-589.000000
-1411.000000
-2149.000000
-2763.000000
-3427.000000
-4277.000000
-5203.000000
-5929.000000
-6281.000000
-6334.000000
-6391.000000
-6758.000000
-7427.000000
-8025.000000
-8218.000000
-8083.000000
-7916.000000
-7796.000000
-7550.000000
-7109.000000
-6575.000000
-5974.000000
-5231.000000
-4390.000000
-3588.000000
-2819.000000
-1978.000000
-1091.000000
-250.000000
627.000000
1639.000000
2580.000000
3136.000000
3368.000000
3691.000000
4334.000000
5139.000000
5896.000000
6555.000000
7129.000000
7659.000000
8256.000000
8978.000000
9706.000000
10349.000000
11021.000000
11798.000000
12464.000000
12764.000000
12751.000000
12679.000000
12721.000000
12973.000000
13452.000000
13913.000000
13933.000000
13405.000000
12672.000000
12040.000000
11482.000000
10984.000000
10679.000000
10432.000000
9758.000000
8448.000000
6883.000000
5463.000000
4185.000000
2979.000000
1966.000000
1095.000000
15.000000
-1424.000000
-2952.000000
-4383.000000
-5840.000000
-7310.000000
-8492.000000
-9343.000000
-10267.000000
-11528.000000
-12908.000000
-14116.000000
-15096.000000
-15814.000000
-16202.000000
-16417.000000
-16714.000000
-17020.000000
-17071.000000
-16910.000000
-16779.000000
-16628.000000
-16222.000000
-15639.000000
-15136.000000
-14629.000000
-13868.000000
-12936.000000
-12055.000000
-11117.000000
-9964.000000
-8867.000000
-8102.000000
-7378.000000
-6292.000000
-5049.000000
-4086.000000
-3299.000000
-2343.000000
-1342.000000
-609.000000
28.000000
929.000000
1977.000000
2860.000000
3665.000000
4576.000000
5352.000000
5713.000000
5923.000000
6372.000000
6964.000000
7443.000000
7923.000000
8551.000000
9062.000000
9182.000000
9066.000000
8946.000000
8764.000000
8517.000000
8462.000000
8622.000000
8629.000000
8343.000000
8046.000000
7812.000000
7326.000000
6592.000000
6072.000000
5867.000000
5496.000000
4706.000000
3813.000000
3033.000000
2258.000000
1606.000000
1385.000000
1318.000000
680.000000
-632.000000
-1952.000000
-2922.000000
-3818.000000
-4701.000000
-5136.000000
-5040.000000
-4962.000000
-5343.000000
-6158.000000
-7333.000000
-8745.000000
-9813.000000
-9884.000000
-9134.000000
-8389.000000
-8070.000000
-7959.000000
-7890.000000
-7938.000000
-7996.000000
-7812.000000
-7387.000000
-6800.000000
-5895.000000
-4671.000000
-3636.000000
-3180.000000
-2940.000000
-2403.000000
-1667.000000
-1030.000000
-281.000000
913.000000
2365.000000
3726.000000
4998.000000
6154.000000
6829.000000
6981.000000
7273.000000
8173.000000
9254.000000
9981.000000
10548.000000
11312.000000
12004.000000
12187.000000
11986.000000
11790.000000
11693.000000
11732.000000
12099.000000
12657.000000
12805.000000
12276.000000
11556.000000
11149.000000
10962.000000
10734.000000
10516.000000
10386.000000
10207.000000
9916.000000
9558.000000
8947.000000
7842.000000
6521.000000
5568.000000
5055.000000
4507.000000
3669.000000
2629.000000
1300.000000
-474.000000
-2337.000000
-3669.000000
-4404.000000
-4969.000000
-5543.000000
-6065.000000
-6794.000000
-8058.000000
-9547.000000
-10627.000000
-11256.000000
-11872.000000
-12527.000000
-12904.000000
-13053.000000
-13395.000000
-14013.000000
-14599.000000
-14990.000000
-15202.000000
-15098.000000
-14573.000000
-13920.000000
-13473.000000
-13076.000000
-12369.000000
-11404.000000
-10527.000000
-9873.000000
-9319.000000
-8695.000000
-7754.000000
-6256.000000
-4406.000000
-2830.000000
-1858.000000
-1188.000000
-458.000000
340.000000
1212.000000
2356.000000
3718.000000
4871.000000
5597.000000
6110.000000
6518.000000
6648.000000
6597.000000
6845.000000
7544.000000
8252.000000
8627.000000
8819.000000
8958.000000
8830.000000
8339.000000
7789.000000
7425.000000
7136.000000
6817.000000
6594.000000
6497.000000
6324.000000
5979.000000
5587.000000
5152.000000
4477.000000
3546.000000
2646.000000
2038.000000
1752.000000
1665.000000
1529.000000
1028.000000
89.000000
-966.000000
-1840.000000
-2638.000000
-3562.000000
-4448.000000
-4953.000000
-5029.000000
-4899.000000
-4795.000000
-4993.000000
-5796.000000
-7095.000000
-8227.000000
-8625.000000
-8428.000000
-8110.000000
-7838.000000
-7570.000000
-7495.000000
-7906.000000
-8712.000000
-9479.000000
-9830.000000
-9574.000000
-8641.000000
-7217.000000
-5835.000000
-4991.000000
-4663.000000
-4424.000000
-3915.000000
-3062.000000
-1930.000000
-612.000000
762.000000
2060.000000
3190.000000
4106.000000
4820.000000
5417.000000
5968.000000
6462.000000
6926.000000
7515.000000
8335.000000
9214.000000
9836.000000
10065.000000
10008.000000
9825.000000
9686.000000
9793.000000
10227.000000
10764.000000
11071.000000
11065.000000
10875.000000
10537.000000
9968.000000
9268.000000
8754.000000
8590.000000
8573.000000
8363.000000
7813.000000
6993.000000
6043.000000
5134.000000
4467.000000
4165.000000
4129.000000
4117.000000
3956.000000
3627.000000
3156.000000
2521.000000
1761.000000
1051.000000
568.000000
289.000000
46.000000
-275.000000
-734.000000
-1489.000000
-2707.000000
-4241.000000
-5568.000000
-6225.000000
-6244.000000
-6093.000000
-6258.000000
-6943.000000
-8021.000000
-9136.000000
-9907.000000
-10185.000000
-10112.000000
-9913.000000
-9681.000000
-9432.000000
-9283.000000
-9416.000000
-9801.000000
-10042.000000
-9653.000000
-8560.000000
-7254.000000
-6354.000000
-6005.000000
-5830.000000
-5391.000000
-4599.000000
-3653.000000
-2775.000000
-2054.000000
-1372.000000
-479.000000
722.000000
1922.000000
2668.000000
2917.000000
3092.000000
3492.000000
3939.000000
4178.000000
4335.000000
4715.000000
5313.000000
5770.000000
5745.000000
5160.000000
4232.000000
3391.000000
3026.000000
3132.000000
3303.000000
3182.000000
2830.000000
2507.000000
2230.000000
1749.000000
914.000000
-47.000000
-664.000000
-659.000000
-254.000000
11.000000
-176.000000
-619.000000
-977.000000
-1234.000000
-1621.000000
-2186.000000
-2678.000000
-2783.000000
-2379.000000
-1661.000000
-1170.000000
-1446.000000
-2437.000000
-3437.000000
-3864.000000
-3922.000000
-4172.000000
-4683.000000
-4994.000000
-4813.000000
-4370.000000
-4102.000000
-4279.000000
-4888.000000
-5609.000000
-5969.000000
-5776.000000
-5336.000000
-5035.000000
-4824.000000
-4404.000000
-3793.000000
-3414.000000
-3588.000000
-4119.000000
-4418.000000
-3975.000000
-2786.000000
-1385.000000
-363.000000
171.000000
538.000000
970.000000
1385.000000
1689.000000
2025.000000
2600.000000
3479.000000
4572.000000
5611.000000
6211.000000
6235.000000
6082.000000
6260.000000
6729.000000
7017.000000
6988.000000
7026.000000
7371.000000
7727.000000
7663.000000
7088.000000
6212.000000
5349.000000
4837.000000
4826.000000
5042.000000
5022.000000
4679.000000
4338.000000
4180.000000
3982.000000
3517.000000
2937.000000
2591.000000
2627.000000
2859.000000
2917.000000
2560.000000
1939.000000
1486.000000
1440.000000
1581.000000
1573.000000
1406.000000
1332.000000
1502.000000
1849.000000
2175.000000
2238.000000
1919.000000
1454.000000
1254.000000
1383.000000
1483.000000
1364.000000
1325.000000
1626.000000
1961.000000
1802.000000
1065.000000
159.000000
-466.000000
-584.000000
-255.000000
124.000000
17.000000
-728.000000
-1676.000000
-2324.000000
-2640.000000
-2876.000000
-3062.000000
-2983.000000
-2602.000000
-2226.000000
-2233.000000
-2723.000000
-3384.000000
-3696.000000
-3359.000000
-2595.000000
-1947.000000
-1746.000000
-1879.000000
-2039.000000
-2065.000000
-2004.000000
-2000.000000
-2103.000000
-2153.000000
-1899.000000
-1377.000000
-1016.000000
-1174.000000
-1662.000000
-1984.000000
-1970.000000
-1891.000000
-1996.000000
-2213.000000
-2354.000000
-2355.000000
-2305.000000
-2398.000000
-2850.000000
-3650.000000
-4395.000000
-4629.000000
-4357.000000
-4047.000000
-4046.000000
-4206.000000
-4198.000000
-3982.000000
-3848.000000
-4027.000000
-4395.000000
-4559.000000
-4207.000000
-3400.000000
-2543.000000
-2060.000000
-2042.000000
-2204.000000
-2180.000000
-1853.000000
-1409.000000
-1057.000000
-729.000000
-166.000000
676.000000
1428.000000
1658.000000
1354.000000
954.000000
877.000000
1150.000000
1482.000000
1597.000000
1444.000000
1203.000000
1112.000000
1247.000000
1415.000000
1344.000000
1001.000000
652.000000
537.000000
587.000000
551.000000
360.000000
217.000000
281.000000
421.000000
353.000000
-17.000000
-498.000000
-815.000000
-811.000000
-509.000000
-89.000000
204.000000
250.000000
171.000000
141.000000
120.000000
-60.000000
-359.000000
-455.000000
-127.000000
460.000000
939.000000
1123.000000
1103.000000
1059.000000
1102.000000
1232.000000
1345.000000
1345.000000
1281.000000
1325.000000
1554.000000
1801.000000
1816.000000
1545.000000
1204.000000
1071.000000
1215.000000
1449.000000
1549.000000
1520.000000
1561.000000
1800.000000
2125.000000
2344.000000
2410.000000
2420.000000
2500.000000
2732.000000
3107.000000
3457.000000
3587.000000
3536.000000
3608.000000
3999.000000
4539.000000
4927.000000
5112.000000
5259.000000
5472.000000
5714.000000
5965.000000
6234.000000
6502.000000
6748.000000
7017.000000
7309.000000
7473.000000
7352.000000
7020.000000
6700.000000
6496.000000
6279.000000
5878.000000
5306.000000
4751.000000
4397.000000
4216.000000
3946.000000
3303.000000
2252.000000
1042.000000
5.000000
-658.000000
-970.000000
-1127.000000
-1388.000000
-1889.000000
-2610.000000
-3507.000000
-4591.000000
-5746.000000
-6615.000000
-6865.000000
-6583.000000
-6253.000000
-6309.000000
-6812.000000
-7520.000000
-8127.000000
-8436.000000
-8458.000000
-8391.000000
-8387.000000
-8360.000000
-8123.000000
-7709.000000
-7415.000000
-7463.000000
-7735.000000
-7913.000000
-7818.000000
-7531.000000
-7225.000000
-6944.000000
-6598.000000
-6139.000000
-5708.000000
-5537.000000
-5708.000000
-6015.000000
-6090.000000
-5691.000000
-4921.000000
-4159.000000
-3712.000000
-3509.000000
-3205.000000
-2626.000000
-2004.000000
-1664.000000
-1590.000000
-1410.000000
-831.000000
62.000000
913.000000
1447.000000
1679.000000
1881.000000
2289.000000
2840.000000
3238.000000
3314.000000
3277.000000
3486.000000
4011.000000
4515.000000
4611.000000
4293.000000
3951.000000
3951.000000
4210.000000
4270.000000
3828.000000
3094.000000
2593.000000
2612.000000
2934.000000
3070.000000
2681.000000
1835.000000
925.000000
323.000000
62.000000
-89.000000
-236.000000
-220.000000
46.000000
252.000000
-43.000000
-877.000000
-1776.000000
-2192.000000
-1960.000000
-1369.000000
-905.000000
-865.000000
-1140.000000
-1377.000000
-1404.000000
-1403.000000
-1582.000000
-1806.000000
-1716.000000
-1162.000000
-407.000000
113.000000
175.000000
-44.000000
-156.000000
41.000000
372.000000
556.000000
611.000000
839.000000
1397.000000
2060.000000
2455.000000
2425.000000
2147.000000
1985.000000
2213.000000
2768.000000
3295.000000
3558.000000
3732.000000
4133.000000
4724.000000
5109.000000
5030.000000
4664.000000
4403.000000
4504.000000
4957.000000
5549.000000
5995.000000
6157.000000
6123.000000
6023.000000
5831.000000
5496.000000
5183.000000
5190.000000
5590.000000
6110.000000
6380.000000
6247.000000
5849.000000
5481.000000
5335.000000
5337.000000
5263.000000
5049.000000
4872.000000
4894.000000
5019.000000
5001.000000
4690.000000
4112.000000
3389.000000
2662.000000
2004.000000
1397.000000
833.000000
410.000000
194.000000
-23.000000
-618.000000
-1735.000000
-3081.000000
-4184.000000
-4760.000000
-4847.000000
-4717.000000
-4722.000000
-5082.000000
-5778.000000
-6653.000000
-7580.000000
-8457.000000
-9096.000000
-9315.000000
-9156.000000
-8885.000000
-8784.000000
-8956.000000
-9309.000000
-9634.000000
-9741.000000
-9605.000000
-9334.000000
-8986.000000
-8513.000000
-7928.000000
-7407.000000
-7131.000000
-7096.000000
-7149.000000
-7123.000000
-6900.000000
-6437.000000
-5810.000000
-5143.000000
-4481.000000
-3840.000000
-3360.000000
-3248.000000
-3494.000000
-3801.000000
-3820.000000
-3397.000000
-2605.000000
-1685.000000
-948.000000
-579.000000
-502.000000
-485.000000
-376.000000
-124.000000
330.000000
1022.000000
1837.000000
2568.000000
3075.000000
3314.000000
3290.000000
3110.000000
2996.000000
3112.000000
3421.000000
3803.000000
4215.000000
4633.000000
4950.000000
5061.000000
4961.000000
4670.000000
4201.000000
3684.000000
3385.000000
3456.000000
3748.000000
3971.000000
3919.000000
3513.000000
2798.000000
2014.000000
1489.000000
1365.000000
1506.000000
1710.000000
1842.000000
1769.000000
1366.000000
692.000000
10.000000
-454.000000
-659.000000
-673.000000
-599.000000
-589.000000
-743.000000
-963.000000
-1071.000000
-1063.000000
-1085.000000
-1181.000000
-1236.000000
-1170.000000
-1028.000000
-880.000000
-778.000000
-789.000000
-903.000000
-974.000000
-874.000000
-664.000000
-463.000000
-227.000000
161.000000
643.000000
1016.000000
1160.000000
1129.000000
1083.000000
1229.000000
1711.000000
2421.000000
3019.000000
3276.000000
3314.000000
3406.000000
3659.000000
3996.000000
4332.000000
4635.000000
4901.000000
5177.000000
5505.000000
5786.000000
5835.000000
5644.000000
5449.000000
5442.000000
5575.000000
5684.000000
5691.000000
5605.000000
5461.000000
5322.000000
5228.000000
5103.000000
4847.000000
4523.000000
4313.000000
4265.000000
4240.000000
4129.000000
3962.000000
3802.000000
3654.000000
3489.000000
3243.000000
2802.000000
2137.000000
1415.000000
849.000000
450.000000
56.000000
-428.000000
-985.000000
-1595.000000
-2269.000000
-2991.000000
-3724.000000
-4448.000000
-5092.000000
-5528.000000
-5758.000000
-6015.000000
-6530.000000
-7288.000000
-8086.000000
-8762.000000
-9279.000000
-9673.000000
-10015.000000
-10346.000000
-10576.000000
-10559.000000
-10332.000000
-10148.000000
-10203.000000
-10403.000000
-10509.000000
-10379.000000
-10023.000000
-9539.000000
-9047.000000
-8602.000000
-8121.000000
-7504.000000
-6845.000000
-6354.000000
-6058.000000
-5731.000000
-5140.000000
-4283.000000
-3332.000000
-2481.000000
-1859.000000
-1459.000000
-1139.000000
-774.000000
-403.000000
-110.000000
199.000000
728.000000
1514.000000
2367.000000
3070.000000
3547.000000
3850.000000
4100.000000
4424.000000
4835.000000
5223.000000
5519.000000
5819.000000
6214.000000
6590.000000
6733.000000
6602.000000
6368.000000
6229.000000
6263.000000
6427.000000
6598.000000
6645.000000
6557.000000
6417.000000
6220.000000
5813.000000
5128.000000
4367.000000
3842.000000
3666.000000
3671.000000
3582.000000
3191.000000
2484.000000
1655.000000
961.000000
500.000000
177.000000
-93.000000
-279.000000
-386.000000
-582.000000
-1052.000000
-1790.000000
-2579.000000
-3146.000000
-3322.000000
-3137.000000
-2827.000000
-2664.000000
-2732.000000
-2926.000000
-3136.000000
-3337.000000
-3487.000000
-3463.000000
-3180.000000
-2714.000000
-2247.000000
-1928.000000
-1803.000000
-1803.000000
-1776.000000
-1617.000000
-1344.000000
-1035.000000
-669.000000
-150.000000
518.000000
1157.000000
1578.000000
1758.000000
1834.000000
1983.000000
2302.000000
2761.000000
3254.000000
3715.000000
4180.000000
4673.000000
5079.000000
5229.000000
5102.000000
4907.000000
4897.000000
5158.000000
5565.000000
5902.000000
6022.000000
5925.000000
5715.000000
5481.000000
5220.000000
4913.000000
4623.000000
4468.000000
4453.000000
4444.000000
4286.000000
3944.000000
3510.000000
3102.000000
2760.000000
2441.000000
2095.000000
1741.000000
1479.000000
1352.000000
1257.000000
1020.000000
577.000000
37.000000
-447.000000
-824.000000
-1155.000000
-1497.000000
-1836.000000
-2111.000000
-2322.000000
-2585.000000
-3056.000000
-3770.000000
-4548.000000
-5126.000000
-5396.000000
-5488.000000
-5630.000000
-5943.000000
-6390.000000
-6862.000000
-7289.000000
-7674.000000
-8024.000000
-8292.000000
-8379.000000
-8256.000000
-8056.000000
-7982.000000
-8125.000000
-8366.000000
-8496.000000
-8389.000000
-8065.000000
-7623.000000
-7144.000000
-6653.000000
-6147.000000
-5651.000000
-5228.000000
-4895.000000
-4566.000000
-4116.000000
-3512.000000
-2837.000000
-2199.000000
-1635.000000
-1118.000000
-622.000000
-160.000000
239.000000
575.000000
913.000000
1363.000000
1955.000000
2593.000000
3121.000000
3468.000000
3679.000000
3840.000000
3991.000000
4122.000000
4224.000000
4333.000000
4522.000000
4822.000000
5154.000000
5360.000000
5346.000000
5173.000000
4998.000000
4928.000000
4962.000000
5034.000000
5071.000000
5036.000000
4920.000000
4718.000000
4416.000000
4014.000000
3581.000000
3227.000000
3011.000000
2892.000000
2774.000000
2574.000000
2262.000000
1857.000000
1419.000000
1009.000000
661.000000
378.000000
161.000000
-17.000000
-223.000000
-524.000000
-918.000000
-1324.000000
-1656.000000
-1875.000000
-1988.000000
-2027.000000
-2027.000000
-2004.000000
-1965.000000
-1939.000000
-1966.000000
-2041.000000
-2084.000000
-2004.000000
-1789.000000
-1511.000000
-1269.000000
-1126.000000
-1094.000000
-1114.000000
-1103.000000
-1012.000000
-850.000000
-634.000000
-362.000000
-40.000000
284.000000
543.000000
703.000000
773.000000
807.000000
886.000000
1059.000000
1300.000000
1529.000000
1692.000000
1790.000000
1840.000000
1848.000000
1839.000000
1840.000000
1869.000000
1920.000000
2001.000000
2119.000000
2248.000000
2349.000000
2408.000000
2431.000000
2421.000000
2382.000000
2354.000000
2370.000000
2428.000000
2507.000000
2593.000000
2661.000000
2669.000000
2593.000000
2459.000000
2297.000000
2117.000000
1925.000000
1760.000000
1647.000000
1563.000000
1464.000000
1321.000000
1125.000000
871.000000
577.000000
279.000000
-17.000000
-335.000000
-681.000000
-1020.000000
-1328.000000
-1622.000000
-1929.000000
-2271.000000
-2677.000000
-3156.000000
-3646.000000
-4041.000000
-4279.000000
-4387.000000
-4427.000000
-4461.000000
-4554.000000
-4747.000000
-5013.000000
-5276.000000
-5472.000000
-5562.000000
-5523.000000
-5355.000000
-5118.000000
-4897.000000
-4736.000000
-4628.000000
-4546.000000
-4435.000000
-4226.000000
-3882.000000
-3453.000000
-3027.000000
-2650.000000
-2314.000000
-2014.000000
-1752.000000
-1506.000000
-1246.000000
-954.000000
-624.000000
-241.000000
184.000000
585.000000
911.000000
1164.000000
1377.000000
1566.000000
1742.000000
1931.000000
2149.000000
2390.000000
2648.000000
2931.000000
3228.000000
3492.000000
3697.000000
3866.000000
4021.000000
4150.000000
4238.000000
4302.000000
4362.000000
4409.000000
4424.000000
4396.000000
4319.000000
4198.000000
4068.000000
3962.000000
3871.000000
3756.000000
3611.000000
3472.000000
3366.000000
3260.000000
3089.000000
2808.000000
2396.000000
1889.000000
1370.000000
937.000000
619.000000
387.000000
189.000000
-18.000000
-279.000000
-641.000000
-1094.000000
-1568.000000
-1960.000000
-2189.000000
-2241.000000
-2193.000000
-2181.000000
-2311.000000
-2584.000000
-2920.000000
-3230.000000
-3447.000000
-3526.000000
-3452.000000
-3264.000000
-3054.000000
-2922.000000
-2931.000000
-3084.000000
-3312.000000
-3507.000000
-3586.000000
-3529.000000
-3374.000000
-3169.000000
-2967.000000
-2820.000000
-2771.000000
-2825.000000
-2934.000000
-3004.000000
-2947.000000
-2727.000000
-2395.000000
-2054.000000
-1783.000000
-1597.000000
-1463.000000
-1355.000000
-1262.000000
-1153.000000
-962.000000
-621.000000
-126.000000
446.000000
972.000000
1353.000000
1576.000000
1705.000000
1833.000000
2031.000000
2321.000000
2696.000000
3132.000000
3574.000000
3949.000000
4177.000000
4238.000000
4181.000000
4109.000000
4132.000000
4283.000000
4513.000000
4719.000000
4826.000000
4815.000000
4698.000000
4499.000000
4253.000000
4023.000000
3873.000000
3824.000000
3837.000000
3832.000000
3736.000000
3526.000000
3236.000000
2926.000000
2634.000000
2373.000000
2156.000000
1994.000000
1880.000000
1775.000000
1620.000000
1381.000000
1061.000000
712.000000
395.000000
144.000000
-70.000000
-298.000000
-569.000000
-863.000000
-1155.000000
-1452.000000
-1770.000000
-2115.000000
-2456.000000
-2752.000000
-2983.000000
-3175.000000
-3375.000000
-3613.000000
-3876.000000
-4124.000000
-4336.000000
-4524.000000
-4700.000000
-4859.000000
-4987.000000
-5066.000000
-5088.000000
-5050.000000
-4969.000000
-4861.000000
-4735.000000
-4588.000000
-4425.000000
-4250.000000
-4058.000000
-3833.000000
-3560.000000
-3245.000000
-2907.000000
-2571.000000
-2250.000000
-1943.000000
-1636.000000
-1320.000000
-989.000000
-638.000000
-254.000000
152.000000
537.000000
848.000000
1073.000000
1248.000000
1422.000000
1620.000000
1844.000000
2075.000000
2289.000000
2470.000000
2612.000000
2717.000000
2787.000000
2825.000000
2852.000000
2893.000000
2955.000000
3017.000000
3045.000000
3018.000000
2935.000000
2830.000000
2745.000000
2702.000000
2684.000000
2657.000000
2604.000000
2530.000000
2431.000000
2301.000000
2142.000000
1976.000000
1820.000000
1669.000000
1499.000000
1293.000000
1049.000000
789.000000
539.000000
315.000000
110.000000
-95.000000
-313.000000
-536.000000
-759.000000
-979.000000
-1199.000000
-1411.000000
-1599.000000
-1754.000000
-1875.000000
-1986.000000
-2112.000000
-2252.000000
-2363.000000
-2388.000000
-2314.000000
-2180.000000
-2047.000000
-1944.000000
-1850.000000
-1722.000000
-1536.000000
-1299.000000
-1033.000000
-740.000000
-403.000000
-27.000000
345.000000
665.000000
924.000000
1162.000000
1435.000000
1761.000000
2113.000000
2432.000000
2676.000000
2847.000000
2989.000000
3131.000000
3265.000000
3364.000000
3431.000000
3493.000000
3567.000000
3630.000000
3634.000000
3553.000000
3402.000000
3218.000000
3024.000000
2802.000000
2516.000000
2168.000000
1806.000000
1484.000000
1206.000000
924.000000
592.000000
215.000000
-163.000000
-510.000000
-833.000000
-1158.000000
-1500.000000
-1834.000000
-2135.000000
-2403.000000
-2682.000000
-3015.000000
-3395.000000
-3756.000000
-4030.000000
-4202.000000
-4319.000000
-4441.000000
-4581.000000
-4702.000000
-4778.000000
-4823.000000
-4882.000000
-4966.000000
-5030.000000
-5008.000000
-4878.000000
-4690.000000
-4505.000000
-4338.000000
-4156.000000
-3928.000000
-3660.000000
-3385.000000
-3118.000000
-2839.000000
-2512.000000
-2132.000000
-1737.000000
-1381.000000
-1079.000000
-792.000000
-458.000000
-47.000000
425.000000
923.000000
1432.000000
1955.000000
2481.000000
2974.000000
3389.000000
3721.000000
4017.000000
4333.000000
4678.000000
4998.000000
5243.000000
5420.000000
5577.000000
5746.000000
5911.000000
6037.000000
6110.000000
6140.000000
6151.000000
6140.000000
6072.000000
5914.000000
5671.000000
5386.000000
5080.000000
4728.000000
4286.000000
3750.000000
3170.000000
2617.000000
2124.000000
1671.000000
1193.000000
648.000000
39.000000
-603.000000
-1269.000000
-1960.000000
-2655.000000
-3289.000000
-3805.000000
-4216.000000
-4596.000000
-5023.000000
-5521.000000
-6037.000000
-6487.000000
-6821.000000
-7053.000000
-7222.000000
-7334.000000
-7375.000000
-7362.000000
-7354.000000
-7393.000000
-7447.000000
-7431.000000
-7271.000000
-6958.000000
-6550.000000
-6123.000000
-5715.000000
-5310.000000
-4886.000000
-4456.000000
-4057.000000
-3690.000000
-3302.000000
-2830.000000
-2266.000000
-1665.000000
-1093.000000
-571.000000
-67.000000
469.000000
1036.000000
1582.000000
2076.000000
2546.000000
3046.000000
3582.000000
4094.000000
4520.000000
4847.000000
5121.000000
5394.000000
5686.000000
5966.000000
6199.000000
6392.000000
6593.000000
6818.000000
7023.000000
7145.000000
7170.000000
7136.000000
7089.000000
7040.000000
6971.000000
6846.000000
6657.000000
6443.000000
6243.000000
6052.000000
5808.000000
5476.000000
5088.000000
4702.000000
4335.000000
3954.000000
3527.000000
3061.000000
2601.000000
2183.000000
1803.000000
1418.000000
992.000000
547.000000
131.000000
-243.000000
-603.000000
-984.000000
-1378.000000
-1753.000000
-2089.000000
-2393.000000
-2702.000000
-3041.000000
-3397.000000
-3716.000000
-3949.000000
-4106.000000
-4229.000000
-4335.000000
-4398.000000
-4403.000000
-4368.000000
-4337.000000
-4339.000000
-4354.000000
-4338.000000
-4251.000000
-4110.000000
-3962.000000
-3841.000000
-3724.000000
-3567.000000
-3364.000000
-3147.000000
-2940.000000
-2733.000000
-2498.000000
-2219.000000
-1916.000000
-1635.000000
-1399.000000
-1191.000000
-965.000000
-710.000000
-467.000000
-274.000000
-128.000000
6.000000
153.000000
306.000000
448.000000
565.000000
661.000000
756.000000
853.000000
927.000000
939.000000
891.000000
837.000000
830.000000
871.000000
911.000000
907.000000
851.000000
764.000000
672.000000
574.000000
453.000000
318.000000
213.000000
180.000000
193.000000
177.000000
79.000000
-87.000000
-266.000000
-409.000000
-504.000000
-560.000000
-598.000000
-629.000000
-664.000000
-714.000000
-804.000000
-947.000000
-1121.000000
-1265.000000
-1330.000000
-1311.000000
-1262.000000
-1239.000000
-1262.000000
-1301.000000
-1324.000000
-1328.000000
-1321.000000
-1289.000000
-1199.000000
-1042.000000
-855.000000
-687.000000
-571.000000
-492.000000
-417.000000
-307.000000
-159.000000
6.000000
170.000000
349.000000
564.000000
810.000000
1047.000000
1249.000000
1431.000000
1627.000000
1854.000000
2102.000000
2345.000000
2559.000000
