-226.000000
-308.000000
-238.000000
-201.000000
-135.000000
62.000000
41.000000
-19.000000
-10.000000
88.000000
-87.000000
-165.000000
-144.000000
-64.000000
111.000000
-66.000000
-101.000000
-130.000000
-232.000000
-96.000000
212.000000
205.000000
130.000000
245.000000
26.000000
18.000000
146.000000
-131.000000
-153.000000
227.000000
70.000000
35.000000
194.000000
119.000000
109.000000
99.000000
113.000000
67.000000
246.000000
109.000000
340.000000
241.000000
205.000000
274.000000
-28.000000
318.000000
241.000000
513.000000
537.000000
396.000000
617.000000
630.000000
456.000000
327.000000
355.000000
400.000000
525.000000
454.000000
329.000000
354.000000
353.000000
335.000000
627.000000
812.000000
857.000000
536.000000
677.000000
694.000000
700.000000
947.000000
948.000000
1137.000000
813.000000
803.000000
690.000000
441.000000
472.000000
555.000000
603.000000
704.000000
718.000000
664.000000
810.000000
729.000000
692.000000
577.000000
608.000000
833.000000
681.000000
446.000000
367.000000
275.000000
435.000000
492.000000
415.000000
251.000000
199.000000
620.000000
543.000000
200.000000
114.000000
162.000000
322.000000
138.000000
145.000000
325.000000
23.000000
41.000000
166.000000
-144.000000
-145.000000
-17.000000
-92.000000
-68.000000
-41.000000
-137.000000
-255.000000
-138.000000
-51.000000
-182.000000
-364.000000
-280.000000
-340.000000
-397.000000
-290.000000
-435.000000
-382.000000
-444.000000
-254.000000
-110.000000
-251.000000
-389.000000
-617.000000
-693.000000
-552.000000
-333.000000
-423.000000
-444.000000
-628.000000
-606.000000
-501.000000
-500.000000
-222.000000
-397.000000
-517.000000
-780.000000
-881.000000
-645.000000
-542.000000
-460.000000
-638.000000
-527.000000
-751.000000
-926.000000
-1025.000000
-1013.000000
-731.000000
-759.000000
-485.000000
-559.000000
-756.000000
-765.000000
-567.000000
-515.000000
-742.000000
-781.000000
-834.000000
-908.000000
-754.000000
-539.000000
-754.000000
-797.000000
-642.000000
-518.000000
-574.000000
-625.000000
-797.000000
-786.000000
-763.000000
-866.000000
-824.000000
-814.000000
-575.000000
-712.000000
-614.000000
-543.000000
-592.000000
-733.000000
-804.000000
-650.000000
-620.000000
-492.000000
-421.000000
-340.000000
-500.000000
-617.000000
-455.000000
-444.000000
-719.000000
-461.000000
-252.000000
-264.000000
-250.000000
-186.000000
-291.000000
-403.000000
-363.000000
-402.000000
-11.000000
174.000000
133.000000
86.000000
70.000000
-40.000000
-34.000000
-86.000000
94.000000
205.000000
203.000000
369.000000
521.000000
504.000000
238.000000
365.000000
179.000000
257.000000
260.000000
175.000000
157.000000
216.000000
378.000000
273.000000
519.000000
361.000000
503.000000
697.000000
672.000000
939.000000
987.000000
822.000000
770.000000
776.000000
861.000000
933.000000
779.000000
845.000000
678.000000
593.000000
723.000000
716.000000
637.000000
586.000000
592.000000
681.000000
747.000000
743.000000
762.000000
625.000000
605.000000
796.000000
759.000000
737.000000
868.000000
618.000000
562.000000
384.000000
399.000000
514.000000
521.000000
767.000000
555.000000
562.000000
638.000000
551.000000
568.000000
348.000000
41.000000
195.000000
405.000000
229.000000
276.000000
133.000000
-107.000000
13.000000
52.000000
199.000000
-130.000000
-230.000000
-137.000000
-451.000000
-379.000000
-288.000000
-31.000000
90.000000
75.000000
198.000000
260.000000
14.000000
-124.000000
-68.000000
-353.000000
-235.000000
-13.000000
-284.000000
-283.000000
-199.000000
-192.000000
-42.000000
-179.000000
-225.000000
24.000000
204.000000
167.000000
203.000000
223.000000
72.000000
-104.000000
-161.000000
-64.000000
-35.000000
-85.000000
-233.000000
-265.000000
-470.000000
-532.000000
-286.000000
-383.000000
-535.000000
-486.000000
-403.000000
-299.000000
-180.000000
-233.000000
-487.000000
-611.000000
-518.000000
-377.000000
-228.000000
-293.000000
-214.000000
-354.000000
-512.000000
-269.000000
-444.000000
-608.000000
-498.000000
-248.000000
-96.000000
-329.000000
-216.000000
-187.000000
-506.000000
-364.000000
-303.000000
-138.000000
-142.000000
-267.000000
-119.000000
-186.000000
-57.000000
-69.000000
-137.000000
-225.000000
-273.000000
-324.000000
-481.000000
-427.000000
-400.000000
-216.000000
-89.000000
193.000000
281.000000
95.000000
-47.000000
-63.000000
168.000000
80.000000
95.000000
311.000000
499.000000
359.000000
401.000000
501.000000
243.000000
414.000000
572.000000
521.000000
578.000000
592.000000
570.000000
532.000000
574.000000
432.000000
336.000000
492.000000
529.000000
647.000000
436.000000
257.000000
406.000000
578.000000
291.000000
187.000000
237.000000
218.000000
427.000000
452.000000
456.000000
248.000000
412.000000
262.000000
304.000000
189.000000
162.000000
189.000000
32.000000
171.000000
120.000000
495.000000
256.000000
106.000000
17.000000
295.000000
373.000000
96.000000
112.000000
91.000000
-66.000000
-177.000000
-146.000000
-318.000000
-180.000000
-267.000000
-32.000000
-253.000000
-90.000000
-261.000000
-508.000000
-204.000000
-349.000000
-58.000000
-196.000000
-245.000000
-544.000000
-645.000000
-556.000000
-516.000000
-371.000000
-381.000000
-430.000000
-366.000000
-263.000000
-321.000000
-480.000000
-910.000000
-863.000000
-735.000000
-423.000000
-243.000000
-334.000000
-540.000000
-755.000000
-650.000000
-674.000000
-542.000000
-558.000000
-593.000000
-574.000000
-501.000000
-413.000000
-545.000000
-450.000000
-613.000000
-713.000000
-562.000000
-650.000000
-593.000000
-520.000000
-534.000000
-433.000000
-288.000000
-457.000000
-446.000000
-535.000000
-672.000000
-510.000000
-615.000000
-602.000000
-436.000000
-305.000000
-263.000000
-380.000000
-513.000000
-473.000000
-459.000000
-357.000000
-462.000000
-673.000000
-612.000000
-534.000000
-543.000000
-450.000000
-548.000000
-607.000000
-258.000000
-313.000000
-298.000000
-315.000000
-248.000000
-155.000000
-215.000000
-273.000000
-339.000000
-213.000000
-185.000000
35.000000
36.000000
114.000000
192.000000
60.000000
-100.000000
-361.000000
-177.000000
-58.000000
-98.000000
-45.000000
-11.000000
-124.000000
-64.000000
285.000000
139.000000
67.000000
215.000000
165.000000
142.000000
46.000000
113.000000
34.000000
55.000000
232.000000
42.000000
150.000000
88.000000
117.000000
338.000000
174.000000
340.000000
420.000000
427.000000
358.000000
541.000000
682.000000
604.000000
633.000000
278.000000
346.000000
485.000000
626.000000
715.000000
663.000000
696.000000
566.000000
411.000000
273.000000
418.000000
488.000000
445.000000
451.000000
406.000000
445.000000
397.000000
120.000000
46.000000
51.000000
261.000000
442.000000
284.000000
355.000000
200.000000
10.000000
291.000000
385.000000
300.000000
508.000000
430.000000
359.000000
330.000000
146.000000
442.000000
478.000000
398.000000
430.000000
246.000000
248.000000
191.000000
349.000000
484.000000
241.000000
132.000000
103.000000
-36.000000
-175.000000
-234.000000
-91.000000
222.000000
64.000000
67.000000
251.000000
341.000000
350.000000
260.000000
135.000000
-255.000000
-62.000000
232.000000
382.000000
450.000000
347.000000
263.000000
184.000000
91.000000
-122.000000
-190.000000
-15.000000
123.000000
-25.000000
-83.000000
-223.000000
-185.000000
-96.000000
-175.000000
-238.000000
-271.000000
-110.000000
58.000000
13.000000
-53.000000
125.000000
81.000000
157.000000
64.000000
-38.000000
-121.000000
-265.000000
-344.000000
-415.000000
-58.000000
-53.000000
-7.000000
136.000000
108.000000
26.000000
-50.000000
-83.000000
-65.000000
143.000000
4.000000
-126.000000
-45.000000
-161.000000
-97.000000
-128.000000
11.000000
190.000000
-111.000000
49.000000
93.000000
-203.000000
-256.000000
-166.000000
-7.000000
46.000000
-111.000000
-129.000000
34.000000
157.000000
262.000000
271.000000
210.000000
265.000000
317.000000
98.000000
113.000000
292.000000
393.000000
349.000000
175.000000
268.000000
185.000000
173.000000
275.000000
96.000000
70.000000
87.000000
231.000000
449.000000
521.000000
350.000000
442.000000
266.000000
12.000000
116.000000
342.000000
646.000000
407.000000
583.000000
597.000000
502.000000
411.000000
239.000000
179.000000
170.000000
356.000000
258.000000
398.000000
449.000000
260.000000
139.000000
22.000000
-21.000000
163.000000
32.000000
1.000000
21.000000
-37.000000
-46.000000
-52.000000
159.000000
-7.000000
-61.000000
-58.000000
-77.000000
7.000000
-7.000000
-10.000000
28.000000
-129.000000
-172.000000
-266.000000
-223.000000
-112.000000
-299.000000
-246.000000
-110.000000
9.000000
-214.000000
-175.000000
-145.000000
-155.000000
-224.000000
-440.000000
-319.000000
-227.000000
-83.000000
-159.000000
-48.000000
-222.000000
-393.000000
-191.000000
-311.000000
-360.000000
-256.000000
-172.000000
-215.000000
-69.000000
-93.000000
-184.000000
-96.000000
-157.000000
-375.000000
-556.000000
-375.000000
-304.000000
-288.000000
-308.000000
-374.000000
-279.000000
-367.000000
-408.000000
-282.000000
-100.000000
-142.000000
-306.000000
-334.000000
-463.000000
-721.000000
-610.000000
-256.000000
-196.000000
-155.000000
-318.000000
-419.000000
-400.000000
-317.000000
-225.000000
-264.000000
-197.000000
-212.000000
136.000000
106.000000
-80.000000
-146.000000
-352.000000
-197.000000
-294.000000
-181.000000
-150.000000
-121.000000
147.000000
84.000000
64.000000
-165.000000
-207.000000
-199.000000
-145.000000
-48.000000
-95.000000
-83.000000
-285.000000
-124.000000
-198.000000
-256.000000
-80.000000
-39.000000
-136.000000
-462.000000
-221.000000
-148.000000
-194.000000
-62.000000
-11.000000
66.000000
5.000000
207.000000
272.000000
25.000000
111.000000
252.000000
177.000000
-188.000000
-283.000000
-110.000000
-60.000000
-183.000000
-186.000000
79.000000
-36.000000
243.000000
270.000000
253.000000
386.000000
223.000000
278.000000
121.000000
303.000000
310.000000
128.000000
231.000000
228.000000
182.000000
177.000000
174.000000
297.000000
210.000000
88.000000
406.000000
320.000000
239.000000
418.000000
344.000000
421.000000
616.000000
658.000000
618.000000
760.000000
712.000000
493.000000
368.000000
414.000000
520.000000
446.000000
376.000000
285.000000
383.000000
454.000000
597.000000
597.000000
624.000000
534.000000
420.000000
495.000000
456.000000
706.000000
686.000000
585.000000
533.000000
527.000000
420.000000
287.000000
289.000000
504.000000
464.000000
416.000000
454.000000
140.000000
191.000000
277.000000
402.000000
387.000000
225.000000
212.000000
355.000000
258.000000
3.000000
-137.000000
27.000000
69.000000
134.000000
212.000000
-263.000000
-127.000000
9.000000
-43.000000
64.000000
44.000000
79.000000
-31.000000
-77.000000
-89.000000
-353.000000
-432.000000
-358.000000
-502.000000
-438.000000
-30.000000
-180.000000
-465.000000
-330.000000
-338.000000
-388.000000
-380.000000
-218.000000
-68.000000
-184.000000
-87.000000
201.000000
-121.000000
-132.000000
-140.000000
-227.000000
-98.000000
-82.000000
116.000000
61.000000
75.000000
-27.000000
-89.000000
-86.000000
-247.000000
-501.000000
-539.000000
-579.000000
-544.000000
-399.000000
-390.000000
-482.000000
-685.000000
-666.000000
-597.000000
-379.000000
-218.000000
-139.000000
-91.000000
-43.000000
-221.000000
-129.000000
62.000000
2.000000
-78.000000
-383.000000
-262.000000
-145.000000
-93.000000
-10.000000
-17.000000
-76.000000
-226.000000
-175.000000
-448.000000
-361.000000
-453.000000
-657.000000
-131.000000
16.000000
55.000000
76.000000
79.000000
-175.000000
-334.000000
-455.000000
-375.000000
-121.000000
30.000000
104.000000
-170.000000
-38.000000
-220.000000
-379.000000
-540.000000
-484.000000
-424.000000
-527.000000
-290.000000
-212.000000
64.000000
-53.000000
-171.000000
-161.000000
-111.000000
-181.000000
-152.000000
-218.000000
-93.000000
287.000000
125.000000
210.000000
175.000000
83.000000
47.000000
177.000000
185.000000
197.000000
265.000000
241.000000
121.000000
75.000000
247.000000
464.000000
458.000000
269.000000
501.000000
179.000000
142.000000
187.000000
71.000000
166.000000
154.000000
-3.000000
-26.000000
377.000000
444.000000
614.000000
461.000000
367.000000
615.000000
499.000000
319.000000
228.000000
99.000000
15.000000
54.000000
125.000000
122.000000
72.000000
202.000000
183.000000
80.000000
14.000000
57.000000
149.000000
151.000000
318.000000
416.000000
429.000000
307.000000
289.000000
237.000000
60.000000
151.000000
-13.000000
74.000000
110.000000
-50.000000
-65.000000
-218.000000
-79.000000
-156.000000
-145.000000
41.000000
-153.000000
-536.000000
-318.000000
-178.000000
-359.000000
-102.000000
-152.000000
-105.000000
-91.000000
-102.000000
-149.000000
-353.000000
-424.000000
-338.000000
-146.000000
-212.000000
-340.000000
-317.000000
-153.000000
-243.000000
-505.000000
-394.000000
-139.000000
-123.000000
76.000000
173.000000
92.000000
-204.000000
-262.000000
-204.000000
53.000000
390.000000
85.000000
108.000000
-38.000000
125.000000
107.000000
118.000000
212.000000
-150.000000
-111.000000
-332.000000
-183.000000
51.000000
-105.000000
-240.000000
-180.000000
-88.000000
-196.000000
-262.000000
-189.000000
-53.000000
60.000000
-68.000000
-41.000000
-11.000000
17.000000
103.000000
14.000000
170.000000
0.000000
95.000000
261.000000
234.000000
277.000000
27.000000
-227.000000
-203.000000
92.000000
207.000000
135.000000
101.000000
243.000000
335.000000
364.000000
179.000000
72.000000
113.000000
70.000000
108.000000
105.000000
99.000000
-60.000000
-80.000000
-36.000000
172.000000
61.000000
-146.000000
-179.000000
-249.000000
-109.000000
-210.000000
-121.000000
-54.000000
-107.000000
84.000000
120.000000
-264.000000
-218.000000
-428.000000
-624.000000
-309.000000
-352.000000
-291.000000
-360.000000
-235.000000
-285.000000
-292.000000
0.000000
-113.000000
-228.000000
-159.000000
-113.000000
-272.000000
-420.000000
-383.000000
-312.000000
-236.000000
-46.000000
138.000000
55.000000
12.000000
-113.000000
-36.000000
-35.000000
-116.000000
-28.000000
-178.000000
91.000000
-139.000000
-167.000000
-253.000000
-258.000000
72.000000
-99.000000
101.000000
28.000000
357.000000
356.000000
115.000000
365.000000
307.000000
334.000000
286.000000
139.000000
194.000000
195.000000
186.000000
257.000000
264.000000
231.000000
86.000000
137.000000
-23.000000
-172.000000
82.000000
27.000000
-77.000000
-14.000000
-168.000000
-237.000000
-45.000000
221.000000
338.000000
373.000000
426.000000
253.000000
142.000000
28.000000
129.000000
244.000000
252.000000
409.000000
259.000000
252.000000
132.000000
7.000000
12.000000
-177.000000
-196.000000
-327.000000
-247.000000
-106.000000
-35.000000
167.000000
75.000000
116.000000
237.000000
178.000000
-61.000000
-224.000000
88.000000
178.000000
64.000000
-93.000000
65.000000
227.000000
49.000000
25.000000
-71.000000
146.000000
39.000000
63.000000
328.000000
383.000000
414.000000
164.000000
97.000000
-164.000000
-34.000000
133.000000
-54.000000
-123.000000
-193.000000
74.000000
56.000000
-9.000000
62.000000
72.000000
-51.000000
-164.000000
128.000000
236.000000
116.000000
-36.000000
-225.000000
-355.000000
-295.000000
-52.000000
76.000000
-131.000000
-231.000000
-377.000000
-259.000000
-204.000000
-321.000000
-213.000000
-481.000000
-447.000000
-524.000000
-379.000000
-171.000000
-218.000000
-273.000000
-324.000000
-391.000000
-568.000000
-454.000000
-341.000000
-183.000000
-94.000000
-70.000000
-375.000000
-216.000000
-104.000000
-62.000000
109.000000
-65.000000
-91.000000
-26.000000
50.000000
80.000000
274.000000
189.000000
239.000000
114.000000
-16.000000
12.000000
38.000000
48.000000
219.000000
422.000000
280.000000
295.000000
311.000000
553.000000
318.000000
220.000000
409.000000
244.000000
229.000000
293.000000
355.000000
356.000000
280.000000
461.000000
794.000000
655.000000
514.000000
237.000000
243.000000
348.000000
318.000000
441.000000
84.000000
127.000000
178.000000
240.000000
297.000000
261.000000
471.000000
303.000000
84.000000
-17.000000
183.000000
319.000000
307.000000
314.000000
602.000000
608.000000
561.000000
543.000000
174.000000
294.000000
129.000000
352.000000
465.000000
436.000000
386.000000
75.000000
224.000000
71.000000
182.000000
70.000000
50.000000
177.000000
187.000000
198.000000
-252.000000
-474.000000
-448.000000
-552.000000
-723.000000
-425.000000
-511.000000
-696.000000
-323.000000
-312.000000
-547.000000
-603.000000
-674.000000
-633.000000
-371.000000
-404.000000
-610.000000
-743.000000
-764.000000
-906.000000
-946.000000
-774.000000
-885.000000
-889.000000
-723.000000
-667.000000
-556.000000
-790.000000
-992.000000
-716.000000
-707.000000
-831.000000
-789.000000
-812.000000
-757.000000
-955.000000
-1029.000000
-768.000000
-870.000000
-627.000000
-626.000000
-758.000000
-666.000000
-752.000000
-532.000000
-574.000000
-571.000000
-645.000000
-832.000000
-819.000000
-780.000000
-502.000000
-411.000000
-422.000000
-459.000000
-501.000000
-403.000000
-456.000000
-464.000000
-500.000000
-520.000000
-554.000000
-476.000000
-416.000000
-419.000000
-186.000000
-215.000000
-193.000000
-234.000000
-64.000000
118.000000
316.000000
449.000000
390.000000
729.000000
737.000000
857.000000
759.000000
523.000000
705.000000
1067.000000
1295.000000
1297.000000
1338.000000
1465.000000
1379.000000
1310.000000
1389.000000
1362.000000
1642.000000
1594.000000
1811.000000
1948.000000
1865.000000
1982.000000
2287.000000
2430.000000
2439.000000
2622.000000
2534.000000
2755.000000
2546.000000
2659.000000
2655.000000
2576.000000
2579.000000
2532.000000
2434.000000
2057.000000
2303.000000
2197.000000
2192.000000
1802.000000
1471.000000
1364.000000
1058.000000
818.000000
352.000000
16.000000
-102.000000
-444.000000
-949.000000
-1229.000000
-1616.000000
-1916.000000
-2366.000000
-2462.000000
-2871.000000
-3137.000000
-3276.000000
-3534.000000
-3379.000000
-3635.000000
-3653.000000
-3848.000000
-4112.000000
-4538.000000
-4962.000000
-4965.000000
-4961.000000
-5035.000000
-5097.000000
-5145.000000
-5187.000000
-5176.000000
-5569.000000
-5247.000000
-4804.000000
-4280.000000
-3877.000000
-4050.000000
-3780.000000
-3838.000000
-3453.000000
-3204.000000
-2942.000000
-2415.000000
-2405.000000
-1949.000000
-1480.000000
-1228.000000
-970.000000
-618.000000
-242.000000
-63.000000
323.000000
874.000000
1117.000000
1303.000000
1764.000000
2212.000000
2579.000000
2902.000000
3208.000000
3625.000000
3887.000000
4149.000000
4472.000000
4595.000000
4884.000000
5286.000000
5442.000000
5614.000000
5933.000000
6264.000000
6387.000000
6340.000000
6276.000000
6578.000000
6871.000000
6722.000000
6773.000000
6790.000000
6838.000000
6871.000000
6904.000000
6849.000000
6761.000000
7122.000000
7168.000000
7121.000000
7140.000000
7215.000000
7258.000000
7133.000000
7232.000000
7105.000000
6919.000000
6816.000000
6738.000000
6218.000000
5196.000000
3774.000000
2426.000000
1745.000000
893.000000
-372.000000
-1605.000000
-2025.000000
-2476.000000
-3226.000000
-3790.000000
-4172.000000
-4651.000000
-4892.000000
-4572.000000
-4852.000000
-5049.000000
-4993.000000
-4811.000000
-5208.000000
-6017.000000
-6396.000000
-7032.000000
-7614.000000
-8193.000000
-8756.000000
-9336.000000
-9695.000000
-9563.000000
-9537.000000
-9484.000000
-9135.000000
-8599.000000
-7995.000000
-7473.000000
-6770.000000
-6274.000000
-5891.000000
-5295.000000
-4789.000000
-4272.000000
-3823.000000
-3473.000000
-3467.000000
-3639.000000
-3292.000000
-2698.000000
-2317.000000
-1865.000000
-1235.000000
-440.000000
-20.000000
300.000000
628.000000
855.000000
1519.000000
1875.000000
2058.000000
2261.000000
2124.000000
1654.000000
1145.000000
676.000000
199.000000
-409.000000
-893.000000
-1319.000000
-1619.000000
-1461.000000
-1465.000000
-1133.000000
-1281.000000
-1338.000000
-931.000000
-767.000000
-390.000000
-697.000000
-1033.000000
-1013.000000
-1398.000000
-1854.000000
-2103.000000
-2315.000000
-2481.000000
-2631.000000
-2435.000000
-2355.000000
-2227.000000
-1763.000000
-1243.000000
-825.000000
-544.000000
127.000000
486.000000
652.000000
997.000000
1739.000000
2226.000000
2532.000000
3012.000000
3242.000000
3670.000000
3767.000000
4259.000000
4626.000000
4843.000000
5450.000000
5950.000000
6555.000000
6840.000000
7566.000000
8019.000000
8146.000000
8598.000000
8891.000000
9262.000000
9481.000000
9694.000000
9836.000000
9982.000000
10260.000000
10449.000000
10826.000000
10795.000000
10657.000000
11160.000000
11564.000000
11817.000000
11757.000000
11635.000000
11338.000000
10360.000000
9513.000000
8361.000000
7100.000000
5841.000000
4051.000000
2640.000000
1485.000000
-176.000000
-1611.000000
-2328.000000
-3092.000000
-3616.000000
-4225.000000
-4130.000000
-4133.000000
-4745.000000
-4711.000000
-4890.000000
-5132.000000
-5747.000000
-5971.000000
-6891.000000
-8007.000000
-8613.000000
-9696.000000
-10747.000000
-11606.000000
-11791.000000
-12342.000000
-12692.000000
-12719.000000
-12683.000000
-12445.000000
-11998.000000
-11013.000000
-10156.000000
-9726.000000
-9180.000000
-8012.000000
-7261.000000
-7031.000000
-6563.000000
-6677.000000
-6376.000000
-5736.000000
-5666.000000
-5437.000000
-5054.000000
-4285.000000
-3683.000000
-2965.000000
-2028.000000
-1014.000000
-197.000000
590.000000
1447.000000
2120.000000
2837.000000
3021.000000
2969.000000
2773.000000
2477.000000
2184.000000
1829.000000
1343.000000
810.000000
296.000000
-2.000000
99.000000
206.000000
301.000000
330.000000
385.000000
658.000000
592.000000
374.000000
295.000000
163.000000
-168.000000
-561.000000
-849.000000
-1613.000000
-2537.000000
-3114.000000
-3481.000000
-4014.000000
-4695.000000
-4966.000000
-4746.000000
-4981.000000
-4966.000000
-4516.000000
-4275.000000
-3704.000000
-3382.000000
-3210.000000
-3015.000000
-2662.000000
-2507.000000
-2329.000000
-2278.000000
-2316.000000
-1888.000000
-1852.000000
-1498.000000
-934.000000
-257.000000
351.000000
875.000000
1693.000000
2415.000000
3101.000000
3810.000000
4512.000000
5156.000000
6061.000000
6629.000000
6737.000000
6920.000000
7366.000000
7776.000000
7987.000000
8239.000000
8717.000000
9073.000000
9503.000000
10067.000000
10551.000000
11075.000000
11428.000000
12141.000000
12551.000000
12957.000000
13379.000000
13750.000000
14312.000000
14728.000000
15039.000000
15005.000000
15077.000000
15187.000000
14901.000000
14181.000000
13294.000000
12025.000000
10703.000000
9203.000000
7790.000000
6306.000000
4550.000000
3064.000000
1682.000000
589.000000
-514.000000
-1657.000000
-2280.000000
-2622.000000
-2919.000000
-2796.000000
-2764.000000
-2635.000000
-2965.000000
-3341.000000
-3644.000000
-4393.000000
-5321.000000
-6636.000000
-7583.000000
-8626.000000
-9658.000000
-10646.000000
-11675.000000
-12546.000000
-13291.000000
-13807.000000
-13850.000000
-13738.000000
-13637.000000
-13396.000000
-12978.000000
-12515.000000
-12054.000000
-11385.000000
-10898.000000
-10397.000000
-10140.000000
-9811.000000
-9836.000000
-9442.000000
-9295.000000
-9358.000000
-8619.000000
-7917.000000
-6778.000000
-6005.000000
-4810.000000
-3885.000000
-3013.000000
-1880.000000
-856.000000
93.000000
904.000000
1620.000000
1778.000000
2012.000000
1778.000000
1698.000000
1105.000000
764.000000
495.000000
-174.000000
-522.000000
-899.000000
-1008.000000
-1439.000000
-1404.000000
-1001.000000
-547.000000
-365.000000
-294.000000
-277.000000
-637.000000
-1036.000000
-1428.000000
-1917.000000
-2614.000000
-2963.000000
-3459.000000
-4119.000000
-4437.000000
-4738.000000
-4965.000000
-5078.000000
-4885.000000
-4358.000000
-3830.000000
-3101.000000
-2299.000000
-1953.000000
-1637.000000
-966.000000
-322.000000
292.000000
878.000000
1352.000000
1473.000000
1424.000000
1668.000000
2033.000000
2399.000000
2871.000000
3364.000000
4018.000000
4547.000000
5031.000000
5277.000000
5471.000000
6125.000000
6423.000000
6954.000000
7506.000000
8232.000000
8979.000000
9509.000000
10212.000000
10579.000000
11027.000000
11452.000000
11758.000000
12329.000000
12896.000000
13083.000000
13560.000000
13863.000000
14203.000000
14692.000000
15029.000000
15347.000000
15372.000000
15316.000000
15384.000000
15440.000000
15396.000000
15189.000000
14585.000000
13840.000000
12260.000000
10251.000000
8595.000000
7946.000000
6493.000000
3684.000000
1855.000000
695.000000
-494.000000
-2062.000000
-3236.000000
-4404.000000
-5409.000000
-5373.000000
-4969.000000
-5187.000000
-5787.000000
-5732.000000
-5766.000000
-6451.000000
-7043.000000
-7473.000000
-8383.000000
-9840.000000
-10881.000000
-11610.000000
-13094.000000
-14024.000000
-15009.000000
-16729.000000
-17516.000000
-17336.000000
-16750.000000
-16333.000000
-16236.000000
-15704.000000
-14737.000000
-13733.000000
-12642.000000
-11845.000000
-11039.000000
-10123.000000
-9508.000000
-9614.000000
-9327.000000
-8518.000000
-8282.000000
-8341.000000
-7875.000000
-6627.000000
-5643.000000
-4507.000000
-3468.000000
-2319.000000
-1059.000000
308.000000
2036.000000
3144.000000
3749.000000
4325.000000
4688.000000
4569.000000
4450.000000
4266.000000
3958.000000
3041.000000
2236.000000
1809.000000
1668.000000
1438.000000
1315.000000
1217.000000
904.000000
1289.000000
1321.000000
1500.000000
1356.000000
1172.000000
802.000000
378.000000
127.000000
-759.000000
-1470.000000
-2475.000000
-3281.000000
-3800.000000
-4280.000000
-4795.000000
-5010.000000
-5036.000000
-5016.000000
-4402.000000
-3778.000000
-3472.000000
-2983.000000
-2344.000000
-1596.000000
-1037.000000
-698.000000
-186.000000
126.000000
281.000000
640.000000
1186.000000
1105.000000
1020.000000
1021.000000
951.000000
969.000000
1060.000000
1329.000000
1491.000000
1930.000000
2698.000000
3415.000000
3991.000000
4458.000000
5008.000000
6011.000000
6600.000000
7478.000000
8670.000000
9462.000000
9991.000000
10419.000000
11082.000000
11803.000000
12334.000000
12586.000000
12896.000000
13002.000000
13209.000000
13162.000000
13152.000000
13211.000000
13056.000000
12930.000000
12942.000000
13236.000000
13273.000000
13084.000000
13218.000000
13767.000000
13774.000000
14049.000000
14511.000000
13744.000000
11347.000000
9125.000000
8844.000000
8393.000000
5873.000000
2492.000000
1121.000000
434.000000
-1338.000000
-2889.000000
-3983.000000
-5285.000000
-6118.000000
-5486.000000
-4896.000000
-5113.000000
-5427.000000
-4992.000000
-5039.000000
-5853.000000
-6353.000000
-6829.000000
-7803.000000
-9462.000000
-10601.000000
-11601.000000
-12860.000000
-14128.000000
-15736.000000
-17536.000000
-18094.000000
-17822.000000
-17468.000000
-17209.000000
-16909.000000
-15439.000000
-14289.000000
-13398.000000
-12254.000000
-10816.000000
-9616.000000
-9156.000000
-8989.000000
-8820.000000
-8026.000000
-7536.000000
-7747.000000
-7885.000000
-6991.000000
-5408.000000
-4599.000000
-3769.000000
-2801.000000
-1967.000000
-136.000000
2137.000000
3762.000000
4275.000000
5255.000000
6516.000000
6605.000000
6045.000000
5452.000000
5001.000000
4078.000000
2896.000000
2238.000000
1710.000000
1042.000000
625.000000
-99.000000
-837.000000
-1376.000000
-891.000000
-503.000000
-1301.000000
-1640.000000
-1311.000000
-1170.000000
-1888.000000
-2350.000000
-2901.000000
-3662.000000
-4158.000000
-4452.000000
-5078.000000
-5338.000000
-5359.000000
-5513.000000
-4935.000000
-4910.000000
-3680.000000
-2654.000000
-2217.000000
-1314.000000
-451.000000
448.000000
621.000000
585.000000
-734.000000
-1205.000000
-1456.000000
-1897.000000
-1913.000000
-2387.000000
-2443.000000
-1878.000000
-1403.000000
-1020.000000
-249.000000
49.000000
1693.000000
2716.000000
4257.000000
5711.000000
6570.000000
7829.000000
7859.000000
9201.000000
9735.000000
10611.000000
10916.000000
10770.000000
11337.000000
11278.000000
11618.000000
11801.000000
11911.000000
12048.000000
12373.000000
12186.000000
12781.000000
13134.000000
13249.000000
13319.000000
13756.000000
13924.000000
13625.000000
14532.000000
14433.000000
14302.000000
14393.000000
15079.000000
15445.000000
15606.000000
15299.000000
13678.000000
11641.000000
10071.000000
9853.000000
8450.000000
5677.000000
2500.000000
1194.000000
5.000000
-2137.000000
-3684.000000
-5480.000000
-6643.000000
-7040.000000
-6686.000000
-6553.000000
-6406.000000
-6167.000000
-5807.000000
-5946.000000
-6843.000000
-7436.000000
-8222.000000
-9907.000000
-11600.000000
-12672.000000
-14270.000000
-15199.000000
-16553.000000
-17982.000000
-19167.000000
-19520.000000
-18795.000000
-18631.000000
-17704.000000
-16778.000000
-15287.000000
-13733.000000
-11894.000000
-10436.000000
-9466.000000
-8758.000000
-8438.000000
-7134.000000
-6804.000000
-5998.000000
-6485.000000
-6918.000000
-5801.000000
-5460.000000
-4494.000000
-4284.000000
-3110.000000
-1764.000000
-119.000000
2245.000000
3447.000000
4828.000000
5618.000000
6863.000000
8283.000000
7799.000000
7117.000000
6852.000000
5828.000000
4866.000000
3709.000000
2688.000000
1829.000000
451.000000
-1197.000000
-2614.000000
-3816.000000
-3363.000000
-2900.000000
-4640.000000
-5623.000000
-5433.000000
-4727.000000
-5404.000000
-5531.000000
-6018.000000
-6872.000000
-6394.000000
-6468.000000
-6372.000000
-6230.000000
-6441.000000
-6262.000000
-5098.000000
-4699.000000
-3147.000000
-2187.000000
-1777.000000
-1350.000000
-629.000000
431.000000
89.000000
-451.000000
-2076.000000
-2622.000000
-2685.000000
-2302.000000
-3283.000000
-3644.000000
-2878.000000
-2441.000000
-931.000000
-604.000000
864.000000
2229.000000
3347.000000
4557.000000
6058.000000
7858.000000
9075.000000
10109.000000
10508.000000
11038.000000
11782.000000
12643.000000
12502.000000
12523.000000
12215.000000
11990.000000
12504.000000
12916.000000
12696.000000
12363.000000
12733.000000
13567.000000
14067.000000
13374.000000
13730.000000
13877.000000
14092.000000
14416.000000
14589.000000
15118.000000
15632.000000
15572.000000
15825.000000
16780.000000
17452.000000
17938.000000
17435.000000
17654.000000
16718.000000
15073.000000
13712.000000
12403.000000
9774.000000
6518.000000
4564.000000
1797.000000
-561.000000
-2598.000000
-5000.000000
-7088.000000
-7686.000000
-8259.000000
-8301.000000
-8171.000000
-8038.000000
-6995.000000
-7244.000000
-6844.000000
-6869.000000
-7513.000000
-8837.000000
-10541.000000
-11424.000000
-12971.000000
-14238.000000
-16326.000000
-17651.000000
-19115.000000
-20614.000000
-20541.000000
-20987.000000
-20545.000000
-19911.000000
-18759.000000
-16718.000000
-14909.000000
-12814.000000
-11120.000000
-9699.000000
-8063.000000
-7272.000000
-6118.000000
-5147.000000
-5637.000000
-5444.000000
-5386.000000
-4909.000000
-4552.000000
-4686.000000
-4024.000000
-3741.000000
-2557.000000
-898.000000
373.000000
1450.000000
2354.000000
3594.000000
5249.000000
5570.000000
5451.000000
5570.000000
4892.000000
4318.000000
3314.000000
2602.000000
893.000000
-804.000000
-1869.000000
-2986.000000
-4239.000000
-6517.000000
-7127.000000
-7006.000000
-7652.000000
-8512.000000
-8657.000000
-8261.000000
-8348.000000
-8214.000000
-8537.000000
-8500.000000
-7963.000000
-7573.000000
-7221.000000
-6856.000000
-6157.000000
-5542.000000
-4846.000000
-4320.000000
-3268.000000
-2610.000000
-2561.000000
-2054.000000
-1513.000000
-1403.000000
-960.000000
-698.000000
-1377.000000
-1661.000000
-1779.000000
-1942.000000
-2356.000000
-2157.000000
-1777.000000
-1395.000000
-187.000000
671.000000
1339.000000
2686.000000
4685.000000
6214.000000
6871.000000
8362.000000
9995.000000
11321.000000
12354.000000
13081.000000
14259.000000
14459.000000
14547.000000
15087.000000
14818.000000
14672.000000
15115.000000
14984.000000
15167.000000
14818.000000
14812.000000
15083.000000
14802.000000
15121.000000
15210.000000
15443.000000
15408.000000
15794.000000
16200.000000
16544.000000
16898.000000
17917.000000
18515.000000
19000.000000
19973.000000
20543.000000
21161.000000
20991.000000
19787.000000
16429.000000
14855.000000
14272.000000
11659.000000
6871.000000
1970.000000
-73.000000
-2854.000000
-6398.000000
-8880.000000
-11130.000000
-12936.000000
-13913.000000
-13329.000000
-12406.000000
-12227.000000
-11507.000000
-10306.000000
-8529.000000
-7373.000000
-7382.000000
-7976.000000
-8263.000000
-8870.000000
-10412.000000
-11380.000000
-12754.000000
-15196.000000
-17619.000000
-19376.000000
-19598.000000
-19415.000000
-19444.000000
-19222.000000
-18455.000000
-15633.000000
-13464.000000
-11174.000000
-8783.000000
-6842.000000
-4662.000000
-2954.000000
-1046.000000
-597.000000
-442.000000
-660.000000
-904.000000
-1323.000000
-1825.000000
-2416.000000
-3363.000000
-4111.000000
-4433.000000
-3815.000000
-3275.000000
-2234.000000
-1601.000000
-1214.000000
-249.000000
1253.000000
1815.000000
1545.000000
1474.000000
1004.000000
297.000000
-632.000000
-1646.000000
-3367.000000
-4723.000000
-5761.000000
-7022.000000
-8001.000000
-9174.000000
-10586.000000
-11415.000000
-10676.000000
-10497.000000
-10734.000000
-10591.000000
-10817.000000
-10283.000000
-9923.000000
-9635.000000
-9722.000000
-9910.000000
-9511.000000
-9233.000000
-8649.000000
-7698.000000
-7275.000000
-7135.000000
-6587.000000
-5648.000000
-4869.000000
-4709.000000
-3718.000000
-3003.000000
-3267.000000
-2476.000000
-896.000000
-932.000000
-677.000000
68.000000
812.000000
1877.000000
2440.000000
3614.000000
4189.000000
5594.000000
6797.000000
7918.000000
9407.000000
10412.000000
11702.000000
12194.000000
12864.000000
13625.000000
14217.000000
14500.000000
14832.000000
15328.000000
15594.000000
15811.000000
16606.000000
17018.000000
17301.000000
18139.000000
18554.000000
19193.000000
19427.000000
20549.000000
21448.000000
21139.000000
21193.000000
21512.000000
22347.000000
22195.000000
21980.000000
21501.000000
21721.000000
23079.000000
23235.000000
23479.000000
24207.000000
25746.000000
26377.000000
25775.000000
22707.000000
16767.000000
12232.000000
11463.000000
9424.000000
842.000000
-7854.000000
-10116.000000
-10935.000000
-15309.000000
-19335.000000
-22208.000000
-22502.000000
-20997.000000
-18486.000000
-15114.000000
-13137.000000
-10890.000000
-7467.000000
-3114.000000
-704.000000
-475.000000
-510.000000
-959.000000
-2489.000000
-4887.000000
-7503.000000
-8921.000000
-12480.000000
-18105.000000
-21785.000000
-21873.000000
-20854.000000
-22173.000000
-22888.000000
-20993.000000
-17253.000000
-13660.000000
-10765.000000
-8745.000000
-5985.000000
-3304.000000
-1799.000000
-1470.000000
-1487.000000
-2403.000000
-5123.000000
-7187.000000
-9396.000000
-11054.000000
-12648.000000
-13961.000000
-15027.000000
-15290.000000
-13813.000000
-11877.000000
-8694.000000
-6899.000000
-5112.000000
-1817.000000
1408.000000
3917.000000
4096.000000
4193.000000
4706.000000
4392.000000
2703.000000
1141.000000
-597.000000
-3335.000000
-5083.000000
-6483.000000
-7753.000000
-9020.000000
-10272.000000
-11282.000000
-11510.000000
-11229.000000
-10957.000000
-10901.000000
-11527.000000
-12338.000000
-12452.000000
-11761.000000
-11833.000000
-12630.000000
-13145.000000
-12632.000000
-11109.000000
-9709.000000
-8550.000000
-6989.000000
-5022.000000
-3332.000000
-1312.000000
1267.000000
3313.000000
4739.000000
4727.000000
5385.000000
6518.000000
6902.000000
7085.000000
5935.000000
5358.000000
4931.000000
5099.000000
5008.000000
4957.000000
4899.000000
4684.000000
5927.000000
6497.000000
7393.000000
7601.000000
8068.000000
8649.000000
9701.000000
11405.000000
12033.000000
13392.000000
14366.000000
15291.000000
16683.000000
18654.000000
19742.000000
20637.000000
21643.000000
22851.000000
24820.000000
25846.000000
26968.000000
27325.000000
28080.000000
28527.000000
28157.000000
27180.000000
25662.000000
25272.000000
25239.000000
24621.000000
23472.000000
23713.000000
24421.000000
25724.000000
26839.000000
24712.000000
18581.000000
10541.000000
4392.000000
2856.000000
-342.000000
-12656.000000
-24921.000000
-25628.000000
-22330.000000
-26217.000000
-31448.000000
-32402.000000
-29552.000000
-24169.000000
-17205.000000
-10403.000000
-5803.000000
-943.000000
6368.000000
14662.000000
18572.000000
18542.000000
16698.000000
15805.000000
13796.000000
8900.000000
2600.000000
-2434.000000
-8847.000000
-18885.000000
-24588.000000
-26066.000000
-26405.000000
-30579.000000
-32573.000000
-30373.000000
-25744.000000
-20167.000000
-17311.000000
-14742.000000
-12341.000000
-7727.000000
-4957.000000
-3950.000000
-4276.000000
-6006.000000
-7917.000000
-9359.000000
-9194.000000
-9970.000000
-10184.000000
-10257.000000
-9092.000000
-6560.000000
-2463.000000
2982.000000
6203.000000
8694.000000
11282.000000
15296.000000
18232.000000
17665.000000
13891.000000
9880.000000
7807.000000
3785.000000
-1534.000000
-7591.000000
-13514.000000
-19043.000000
-22516.000000
-24045.000000
-25951.000000
-28311.000000
-29801.000000
-28160.000000
-25453.000000
-23022.000000
-20684.000000
-17850.000000
-15345.000000
-12494.000000
-8457.000000
-5120.000000
-2536.000000
-112.000000
2330.000000
5436.000000
9731.000000
12586.000000
12898.000000
13873.000000
14688.000000
14485.000000
13627.000000
11500.000000
8335.000000
4155.000000
-100.000000
-3746.000000
-7364.000000
-12158.000000
-15795.000000
-18191.000000
-19686.000000
-19672.000000
-18669.000000
-16586.000000
-14199.000000
-10849.000000
-6447.000000
-696.000000
4623.000000
8758.000000
12574.000000
16707.000000
21491.000000
25199.000000
27842.000000
29372.000000
30352.000000
31342.000000
31866.000000
31875.000000
30829.000000
29322.000000
28279.000000
26930.000000
25500.000000
24083.000000
21986.000000
20157.000000
18584.000000
17456.000000
16391.000000
15207.000000
14884.000000
14321.000000
13481.000000
14751.000000
18041.000000
21451.000000
24535.000000
25872.000000
22398.000000
14356.000000
6784.000000
2717.000000
1932.000000
-5247.000000
-21343.000000
-30167.000000
-24657.000000
-19718.000000
-25056.000000
-28401.000000
-23665.000000
-13557.000000
-1506.000000
9474.000000
15461.000000
17983.000000
22361.000000
28616.000000
32460.000000
28945.000000
22216.000000
15190.000000
8939.000000
1210.000000
-7700.000000
-14529.000000
-19372.000000
-25324.000000
-31411.000000
-32167.000000
-30067.000000
-28972.000000
-28629.000000
-24441.000000
-17858.000000
-10733.000000
-4515.000000
-595.000000
3026.000000
6586.000000
10540.000000
12282.000000
11738.000000
9677.000000
7054.000000
5428.000000
4217.000000
2733.000000
575.000000
-663.000000
-924.000000
-1391.000000
-1186.000000
250.000000
875.000000
-202.000000
-1485.000000
-2359.000000
-2869.000000
-4492.000000
-8087.000000
-12717.000000
-15671.000000
-16643.000000
-17570.000000
-18135.000000
-18161.000000
-17149.000000
-14370.000000
-9090.000000
-3907.000000
-250.000000
3573.000000
7657.000000
10717.000000
12599.000000
14169.000000
13905.000000
10921.000000
7346.000000
4988.000000
2239.000000
-1421.000000
-5913.000000
-10063.000000
-11905.000000
-11959.000000
-12147.000000
-12815.000000
-12511.000000
-11307.000000
-9318.000000
-6815.000000
-5065.000000
-4445.000000
-3748.000000
-2258.000000
-414.000000
547.000000
1171.000000
2012.000000
2495.000000
3164.000000
4847.000000
6222.000000
6478.000000
6567.000000
6624.000000
7423.000000
8400.000000
8514.000000
7052.000000
5625.000000
5364.000000
5289.000000
4973.000000
4154.000000
3659.000000
3429.000000
3802.000000
4885.000000
5817.000000
6459.000000
7416.000000
8803.000000
10280.000000
11616.000000
12447.000000
13127.000000
13730.000000
13840.000000
13400.000000
12996.000000
13042.000000
12769.000000
11933.000000
11415.000000
12438.000000
14321.000000
16187.000000
18115.000000
17705.000000
12595.000000
4431.000000
-1334.000000
-2057.000000
-3607.000000
-14476.000000
-26952.000000
-26634.000000
-18882.000000
-18046.000000
-21958.000000
-20427.000000
-13260.000000
-3367.000000
7042.000000
15660.000000
19550.000000
21493.000000
26520.000000
31989.000000
30616.000000
22053.000000
12630.000000
5702.000000
-1132.000000
-10171.000000
-17601.000000
-21562.000000
-25305.000000
-31054.000000
-31848.000000
-26648.000000
-22591.000000
-21192.000000
-17363.000000
-9354.000000
-1671.000000
4430.000000
7983.000000
9554.000000
10526.000000
12338.000000
13449.000000
11462.000000
7387.000000
3241.000000
1128.000000
302.000000
-989.000000
-3149.000000
-3778.000000
-2902.000000
-2605.000000
-2152.000000
-555.000000
31.000000
-2056.000000
-4001.000000
-4713.000000
-5408.000000
-7497.000000
-10644.000000
-13565.000000
-14444.000000
-12736.000000
-10882.000000
-8966.000000
-6057.000000
-2050.000000
2548.000000
7865.000000
11784.000000
13095.000000
13741.000000
14108.000000
12602.000000
8475.000000
4137.000000
-262.000000
-5965.000000
-12089.000000
-15773.000000
-17167.000000
-18266.000000
-18968.000000
-18352.000000
-15022.000000
-9714.000000
-4748.000000
-906.000000
2773.000000
6461.000000
9471.000000
11349.000000
11787.000000
10026.000000
7242.000000
4939.000000
2804.000000
-158.000000
-3477.000000
-5552.000000
-7001.000000
-8048.000000
-7863.000000
-6505.000000
-5050.000000
-3751.000000
-2065.000000
385.000000
3481.000000
6008.000000
7065.000000
7305.000000
8096.000000
8988.000000
8883.000000
8060.000000
7087.000000
6236.000000
5621.000000
5287.000000
4948.000000
4524.000000
4655.000000
5726.000000
6544.000000
7065.000000
8340.000000
9427.000000
9434.000000
9235.000000
9682.000000
9601.000000
9359.000000
9421.000000
8925.000000
9098.000000
10449.000000
12434.000000
14294.000000
13290.000000
7456.000000
-575.000000
-5142.000000
-4642.000000
-6000.000000
-15213.000000
-24014.000000
-21018.000000
-11651.000000
-8419.000000
-10157.000000
-8095.000000
-748.000000
8626.000000
16895.000000
21722.000000
21710.000000
20099.000000
21416.000000
22985.000000
17977.000000
7070.000000
-2436.000000
-8198.000000
-13734.000000
-20991.000000
-25983.000000
-27119.000000
-28830.000000
-31094.000000
-27118.000000
-17982.000000
-12268.000000
-10665.000000
-6414.000000
1529.000000
8420.000000
11845.000000
12224.000000
11264.000000
10526.000000
11292.000000
11811.000000
9231.000000
4187.000000
597.000000
396.000000
578.000000
-1433.000000
-3956.000000
-4707.000000
-4779.000000
-6123.000000
-7232.000000
-7050.000000
-8303.000000
-11498.000000
-12934.000000
-11371.000000
-9360.000000
-8380.000000
-7773.000000
-5826.000000
-1423.000000
4534.000000
8979.000000
11010.000000
12207.000000
14001.000000
15746.000000
14988.000000
10642.000000
4362.000000
-818.000000
-4951.000000
-10404.000000
-17182.000000
-21881.000000
-23284.000000
-23596.000000
-23104.000000
-19971.000000
-14800.000000
-9403.000000
-3895.000000
1927.000000
7615.000000
12689.000000
15930.000000
16384.000000
15459.000000
13822.000000
10955.000000
6659.000000
985.000000
-5125.000000
-9597.000000
-12171.000000
-13999.000000
-15966.000000
-16722.000000
-14318.000000
-10182.000000
-6557.000000
-2919.000000
1620.000000
5457.000000
8716.000000
11269.000000
12585.000000
12632.000000
11647.000000
9983.000000
7662.000000
5424.000000
3001.000000
837.000000
-789.000000
-1460.000000
-817.000000
56.000000
1222.000000
3315.000000
6337.000000
9556.000000
11922.000000
13503.000000
14807.000000
15454.000000
15279.000000
14555.000000
12530.000000
9634.000000
7020.000000
5609.000000
5824.000000
5655.000000
4908.000000
6522.000000
10730.000000
12284.000000
8370.000000
1080.000000
-5947.000000
-8420.000000
-7728.000000
-11076.000000
-20616.000000
-24745.000000
-15365.000000
-4272.000000
-2772.000000
-3667.000000
1931.000000
11764.000000
20655.000000
25398.000000
25114.000000
21384.000000
18867.000000
17767.000000
13040.000000
2603.000000
-9592.000000
-17396.000000
-21165.000000
-25740.000000
-30841.000000
-31242.000000
-28277.000000
-27619.000000
-25573.000000
-16425.000000
-6690.000000
-3647.000000
-2058.000000
4351.000000
11748.000000
14743.000000
14357.000000
12949.000000
11464.000000
11280.000000
11495.000000
9172.000000
4099.000000
-628.000000
-2490.000000
-3080.000000
-5448.000000
-9710.000000
-11965.000000
-11705.000000
-12538.000000
-13756.000000
-12346.000000
-9714.000000
-9467.000000
-8820.000000
-4439.000000
1014.000000
4758.000000
6980.000000
8511.000000
10427.000000
13717.000000
16105.000000
14295.000000
9719.000000
6374.000000
4175.000000
650.000000
-5007.000000
-11639.000000
-16917.000000
-18672.000000
-19027.000000
-20777.000000
-21881.000000
-19450.000000
-14260.000000
-9050.000000
-3890.000000
1397.000000
6745.000000
11171.000000
14172.000000
15650.000000
14983.000000
13335.000000
10025.000000
4970.000000
162.000000
-4187.000000
-9603.000000
-14383.000000
-17339.000000
-18924.000000
-18108.000000
-15755.000000
-13048.000000
-9551.000000
-4252.000000
2114.000000
7499.000000
10432.000000
12696.000000
14476.000000
14388.000000
13068.000000
10519.000000
7110.000000
3989.000000
1632.000000
-851.000000
-2493.000000
-2896.000000
-2766.000000
-1944.000000
-332.000000
2326.000000
4941.000000
6943.000000
8887.000000
10711.000000
11913.000000
12490.000000
12829.000000
12541.000000
11812.000000
10638.000000
9140.000000
8134.000000
7203.000000
6472.000000
6612.000000
7358.000000
8635.000000
11701.000000
15567.000000
16786.000000
13410.000000
5633.000000
-4387.000000
-12666.000000
-15145.000000
-15705.000000
-23201.000000
-31651.000000
-25100.000000
-7311.000000
2588.000000
2275.000000
5674.000000
16418.000000
26129.000000
29527.000000
27895.000000
23548.000000
16476.000000
9585.000000
6587.000000
-181.000000
-16105.000000
-27622.000000
-28614.000000
-26779.000000
-29041.000000
-30539.000000
-24327.000000
-19934.000000
-19070.000000
-12942.000000
-1512.000000
2536.000000
-332.000000
2527.000000
10600.000000
15316.000000
14345.000000
13296.000000
12212.000000
11679.000000
12275.000000
12322.000000
7962.000000
-399.000000
-6142.000000
-7570.000000
-9303.000000
-15030.000000
-19871.000000
-19423.000000
-17144.000000
-16281.000000
-12622.000000
-5510.000000
-963.000000
709.000000
5590.000000
12102.000000
14693.000000
14372.000000
13509.000000
11528.000000
9263.000000
9074.000000
8093.000000
3565.000000
-1359.000000
-3404.000000
-3995.000000
-5390.000000
-8561.000000
-12373.000000
-14037.000000
-13991.000000
-14978.000000
-14984.000000
-12607.000000
-10195.000000
-7422.000000
-2249.000000
4149.000000
8578.000000
10816.000000
11456.000000
11253.000000
9925.000000
6939.000000
2175.000000
-3846.000000
-8930.000000
-12222.000000
-14921.000000
-16545.000000
-16451.000000
-15310.000000
-12365.000000
-7383.000000
-2511.000000
1394.000000
5437.000000
8196.000000
9467.000000
10137.000000
10581.000000
9633.000000
7042.000000
4601.000000
3183.000000
2635.000000
1824.000000
801.000000
-364.000000
-498.000000
411.000000
562.000000
-476.000000
-944.000000
-77.000000
1259.000000
2348.000000
3551.000000
6122.000000
8804.000000
10806.000000
12928.000000
14659.000000
15263.000000
14839.000000
13983.000000
13382.000000
12637.000000
10899.000000
9059.000000
9551.000000
11716.000000
13965.000000
16252.000000
15755.000000
7390.000000
-6965.000000
-17401.000000
-17710.000000
-15763.000000
-18191.000000
-11987.000000
-8516.000000
-22237.000000
-2647.000000
14105.000000
-4408.000000
20330.000000
25602.000000
22814.000000
30250.000000
17809.000000
18280.000000
900.000000
5484.000000
-3059.000000
-16166.000000
-23967.000000
-29229.000000
-23640.000000
-29779.000000
-22689.000000
-21204.000000
-17122.000000
-23150.000000
-16065.000000
-4452.000000
43.000000
-4166.000000
-3610.000000
8469.000000
14741.000000
17818.000000
15055.000000
16680.000000
12538.000000
13870.000000
11322.000000
5876.000000
-5639.000000
-12220.000000
-14561.000000
-18505.000000
-22414.000000
-23191.000000
-17553.000000
-15361.000000
-11215.000000
-4609.000000
6566.000000
9263.000000
9663.000000
11820.000000
16833.000000
16022.000000
11678.000000
8598.000000
5886.000000
4102.000000
2322.000000
2499.000000
-58.000000
-906.000000
-1602.000000
-1800.000000
-5452.000000
-8758.000000
-10797.000000
-12192.000000
-15076.000000
-17327.000000
-14757.000000
-9556.000000
-4624.000000
-968.000000
4328.000000
10064.000000
14436.000000
14006.000000
10895.000000
6163.000000
2273.000000
-2739.000000
-8873.000000
-14373.000000
-16852.000000
-16031.000000
-15117.000000
-13246.000000
-10000.000000
-5375.000000
-2034.000000
263.000000
2147.000000
4007.000000
4469.000000
3576.000000
2652.000000
2539.000000
3381.000000
4628.000000
5308.000000
5347.000000
5935.000000
6697.000000
6585.000000
4955.000000
2623.000000
185.000000
-1620.000000
-3322.000000
-4426.000000
-4267.000000
-2619.000000
-199.000000
3045.000000
7196.000000
10981.000000
13647.000000
14951.000000
16157.000000
16108.000000
13489.000000
10146.000000
7644.000000
5488.000000
5054.000000
5438.000000
5708.000000
8702.000000
14596.000000
20241.000000
21365.000000
15601.000000
3433.000000
-11088.000000
-19631.000000
-19131.000000
-18561.000000
-14525.000000
-7853.000000
-21658.000000
-14747.000000
18959.000000
3386.000000
10078.000000
29893.000000
18421.000000
29345.000000
18114.000000
12529.000000
-1638.000000
-7950.000000
-3707.000000
-14624.000000
-18736.000000
-28932.000000
-18779.000000
-20206.000000
-17504.000000
-16177.000000
-13986.000000
-17842.000000
-21953.000000
-11486.000000
-5986.000000
-4951.000000
-9062.000000
3309.000000
12504.000000
19311.000000
17920.000000
19451.000000
16624.000000
12421.000000
9144.000000
2587.000000
-6558.000000
-17649.000000
-19098.000000
-20500.000000
-19995.000000
-20171.000000
-12010.000000
-5767.000000
-1238.000000
3005.000000
11700.000000
15243.000000
11465.000000
8606.000000
9246.000000
10220.000000
5441.000000
2730.000000
596.000000
2149.000000
2821.000000
4977.000000
3644.000000
1936.000000
908.000000
550.000000
-2255.000000
-8800.000000
-12558.000000
-12890.000000
-11536.000000
-11874.000000
-7962.000000
-1034.000000
5791.000000
9277.000000
12314.000000
14246.000000
13698.000000
9378.000000
2273.000000
-4533.000000
-9093.000000
-11292.000000
-13554.000000
-15103.000000
-14563.000000
-10303.000000
-5964.000000
-3319.000000
-2433.000000
-1430.000000
-372.000000
-324.000000
-1421.000000
-1966.000000
-1744.000000
-1376.000000
-151.000000
2064.000000
4748.000000
6868.000000
8575.000000
8745.000000
8010.000000
6634.000000
4914.000000
2152.000000
-691.000000
-2336.000000
-2616.000000
-2380.000000
-1720.000000
281.000000
2861.000000
5748.000000
7897.000000
9727.000000
10341.000000
9090.000000
7127.000000
6103.000000
5727.000000
4693.000000
3486.000000
4097.000000
6659.000000
8658.000000
10301.000000
12042.000000
14692.000000
18200.000000
20304.000000
20078.000000
15057.000000
601.000000
-18990.000000
-29184.000000
-22938.000000
-15083.000000
-7147.000000
6764.000000
-7136.000000
-11249.000000
27716.000000
11159.000000
4320.000000
27077.000000
6758.000000
17106.000000
6912.000000
-427.000000
-8358.000000
-15541.000000
761.000000
-9435.000000
-9499.000000
-19736.000000
-11196.000000
-15279.000000
-19203.000000
-16584.000000
-18960.000000
-24414.000000
-31961.000000
-16098.000000
-7041.000000
-3254.000000
-5746.000000
9096.000000
18712.000000
22773.000000
18273.000000
15287.000000
8905.000000
122.000000
-2394.000000
-8176.000000
-12845.000000
-20356.000000
-15511.000000
-13080.000000
-8980.000000
-6677.000000
729.000000
3161.000000
1529.000000
2484.000000
7047.000000
7633.000000
807.000000
-437.000000
3389.000000
8590.000000
7015.000000
7045.000000
6229.000000
7184.000000
6356.000000
5633.000000
517.000000
-4438.000000
-5922.000000
-5861.000000
-7525.000000
-11405.000000
-9120.000000
-4862.000000
-955.000000
15.000000
4796.000000
9083.000000
10898.000000
9623.000000
7772.000000
5866.000000
2897.000000
-89.000000
-4219.000000
-7229.000000
-8123.000000
-6368.000000
-5489.000000
-5737.000000
-5834.000000
-4702.000000
-4006.000000
-4592.000000
-5525.000000
-4861.000000
-4148.000000
-3354.000000
-1757.000000
968.000000
2939.000000
3367.000000
4347.000000
5128.000000
5365.000000
4618.000000
4195.000000
2975.000000
1644.000000
1009.000000
1113.000000
1619.000000
2721.000000
3973.000000
4689.000000
5237.000000
5962.000000
6170.000000
5320.000000
5115.000000
4672.000000
4232.000000
4061.000000
4231.000000
4198.000000
4477.000000
4465.000000
4003.000000
4869.000000
6568.000000
7936.000000
8480.000000
9324.000000
10460.000000
13605.000000
16865.000000
17410.000000
14449.000000
4653.000000
-11087.000000
-24349.000000
-24933.000000
-18634.000000
-20494.000000
-26629.000000
-16835.000000
7512.000000
20680.000000
16177.000000
10469.000000
11908.000000
12034.000000
7829.000000
3347.000000
-1419.000000
-8427.000000
-11768.000000
-5385.000000
-677.000000
-5486.000000
-11654.000000
-12169.000000
-12942.000000
-16994.000000
-18513.000000
-16576.000000
-20497.000000
-26720.000000
-19661.000000
-3837.000000
3138.000000
1006.000000
5427.000000
14004.000000
17263.000000
13120.000000
6970.000000
841.000000
-5449.000000
-7608.000000
-8682.000000
-10540.000000
-12786.000000
-10005.000000
-4578.000000
-2589.000000
-1620.000000
397.000000
2289.000000
1063.000000
904.000000
4109.000000
5354.000000
3747.000000
3539.000000
8519.000000
12230.000000
11068.000000
7913.000000
4462.000000
2012.000000
-934.000000
-3235.000000
-5943.000000
-7576.000000
-7786.000000
-3547.000000
-448.000000
-1349.000000
-801.000000
1263.000000
3961.000000
4466.000000
4743.000000
4656.000000
5225.000000
6381.000000
7523.000000
6913.000000
4723.000000
2028.000000
-225.000000
-1666.000000
-2715.000000
-3634.000000
-5086.000000
-7231.000000
-6515.000000
-3741.000000
-3609.000000
-4700.000000
-4997.000000
-2799.000000
-648.000000
464.000000
65.000000
1076.000000
1782.000000
2520.000000
3659.000000
3360.000000
1275.000000
-849.000000
934.000000
3189.000000
4075.000000
2821.000000
2074.000000
2942.000000
5279.000000
7298.000000
7937.000000
6263.000000
5228.000000
6182.000000
7481.000000
8908.000000
7057.000000
4411.000000
3168.000000
3818.000000
4241.000000
3924.000000
2993.000000
1677.000000
2064.000000
4000.000000
6872.000000
7779.000000
8458.000000
10939.000000
13952.000000
15937.000000
16637.000000
13888.000000
2609.000000
-16486.000000
-31709.000000
-27546.000000
-15597.000000
-17153.000000
-24651.000000
-13217.000000
14235.000000
26114.000000
16927.000000
10237.000000
10119.000000
5154.000000
339.000000
1282.000000
1185.000000
-6318.000000
-8531.000000
-1444.000000
2813.000000
-3778.000000
-12551.000000
-16003.000000
-20686.000000
-26105.000000
-25894.000000
-19281.000000
-21578.000000
-24518.000000
-13817.000000
4783.000000
9986.000000
3932.000000
7032.000000
14069.000000
14283.000000
4375.000000
-1716.000000
-5497.000000
-7884.000000
-7161.000000
-4806.000000
-4269.000000
-5907.000000
-3870.000000
-3994.000000
-6541.000000
-7789.000000
-5751.000000
-5672.000000
-7090.000000
-4537.000000
4092.000000
11321.000000
12338.000000
10635.000000
13831.000000
17554.000000
13846.000000
6890.000000
-298.000000
-4931.000000
-8679.000000
-8145.000000
-7592.000000
-7150.000000
-4961.000000
-267.000000
3729.000000
2364.000000
1686.000000
325.000000
106.000000
451.000000
2179.000000
5036.000000
7793.000000
10513.000000
11621.000000
12599.000000
9935.000000
4781.000000
-330.000000
-4289.000000
-6336.000000
-8014.000000
-7968.000000
-6762.000000
-4688.000000
-2710.000000
33.000000
1819.000000
-20.000000
-1833.000000
-2004.000000
-855.000000
-151.000000
819.000000
1644.000000
3105.000000
5009.000000
6765.000000
6322.000000
3214.000000
959.000000
713.000000
1491.000000
-128.000000
-1147.000000
-795.000000
2063.000000
6123.000000
8462.000000
9442.000000
9144.000000
8050.000000
7855.000000
8091.000000
6230.000000
3986.000000
2144.000000
3446.000000
4587.000000
4109.000000
3605.000000
3522.000000
3723.000000
3986.000000
5668.000000
6905.000000
7501.000000
7449.000000
9767.000000
13895.000000
15832.000000
14691.000000
8864.000000
-9232.000000
-29711.000000
-29726.000000
-14368.000000
-12166.000000
-26500.000000
-23343.000000
6933.000000
26780.000000
16589.000000
6146.000000
5611.000000
4127.000000
-1731.000000
-941.000000
4052.000000
-1898.000000
-5554.000000
-740.000000
7948.000000
1575.000000
-10023.000000
-17249.000000
-23146.000000
-27309.000000
-28018.000000
-18276.000000
-19464.000000
-23225.000000
-16298.000000
3092.000000
12138.000000
3450.000000
725.000000
4840.000000
7913.000000
1995.000000
-2670.000000
-3820.000000
-4637.000000
-3013.000000
123.000000
361.000000
-1799.000000
-3161.000000
-4865.000000
-10647.000000
-14707.000000
-12180.000000
-8989.000000
-8107.000000
-5738.000000
3809.000000
12499.000000
15004.000000
12617.000000
11711.000000
12955.000000
10473.000000
4379.000000
-1068.000000
-3100.000000
-3589.000000
-1670.000000
6.000000
-696.000000
-967.000000
906.000000
847.000000
-3933.000000
-7079.000000
-7397.000000
-7176.000000
-5338.000000
92.000000
8253.000000
12485.000000
15433.000000
15380.000000
12803.000000
8628.000000
2991.000000
-765.000000
-5823.000000
-5705.000000
-5172.000000
-3922.000000
-2077.000000
639.000000
2395.000000
64.000000
-999.000000
-4578.000000
-5109.000000
-5500.000000
-3558.000000
-576.000000
2445.000000
5738.000000
6926.000000
8358.000000
7069.000000
5614.000000
2134.000000
202.000000
332.000000
1428.000000
2234.000000
2356.000000
2186.000000
3546.000000
6665.000000
6366.000000
4426.000000
3405.000000
3832.000000
5299.000000
6997.000000
7482.000000
7469.000000
6898.000000
6925.000000
7265.000000
6150.000000
3847.000000
2941.000000
2154.000000
2673.000000
3153.000000
4442.000000
7748.000000
9012.000000
11131.000000
12636.000000
14743.000000
14912.000000
13022.000000
5957.000000
-12021.000000
-30644.000000
-29671.000000
-14877.000000
-11203.000000
-21214.000000
-16573.000000
13502.000000
22617.000000
9106.000000
457.000000
307.000000
-2635.000000
-9941.000000
-1697.000000
6347.000000
5005.000000
2717.000000
7150.000000
11432.000000
1000.000000
-10802.000000
-21519.000000
-24672.000000
-18958.000000
-17666.000000
-24486.000000
-18459.000000
-13770.000000
-14202.000000
9189.000000
3825.000000
-4877.000000
-3791.000000
-3248.000000
2049.000000
-6798.000000
-1767.000000
-1342.000000
2989.000000
5044.000000
6065.000000
3262.000000
-3689.000000
-3731.000000
-10575.000000
-15764.000000
-18073.000000
-10242.000000
-6719.000000
-4143.000000
-274.000000
9369.000000
12032.000000
8602.000000
5680.000000
3149.000000
4836.000000
2217.000000
2090.000000
1331.000000
4736.000000
6360.000000
7360.000000
5100.000000
2527.000000
35.000000
-1631.000000
-5293.000000
-12447.000000
-12353.000000
-7635.000000
-2827.000000
-849.000000
4891.000000
10519.000000
11948.000000
10926.000000
9642.000000
6840.000000
2468.000000
-1324.000000
-977.000000
-1389.000000
546.000000
2934.000000
3447.000000
2590.000000
833.000000
671.000000
-4085.000000
-6477.000000
-8697.000000
-6832.000000
-4623.000000
-2025.000000
1207.000000
4038.000000
6842.000000
6172.000000
6041.000000
3120.000000
1138.000000
-392.000000
535.000000
2801.000000
4584.000000
4984.000000
4299.000000
4621.000000
5410.000000
5754.000000
4473.000000
2442.000000
1205.000000
2779.000000
5037.000000
6604.000000
6929.000000
6506.000000
5013.000000
5828.000000
7016.000000
5485.000000
2858.000000
1163.000000
2166.000000
4198.000000
5757.000000
7061.000000
8511.000000
9131.000000
9594.000000
11148.000000
13171.000000
12299.000000
10725.000000
9290.000000
6562.000000
-5377.000000
-26164.000000
-31774.000000
-14958.000000
-4731.000000
-13688.000000
-16462.000000
2559.000000
17977.000000
6624.000000
-3277.000000
-3229.000000
-4346.000000
-9046.000000
-3051.000000
10612.000000
8666.000000
5434.000000
7967.000000
12420.000000
1358.000000
-13267.000000
-20115.000000
-23978.000000
-25045.000000
-24055.000000
-15713.000000
-13070.000000
-12656.000000
-10278.000000
-2398.000000
-1321.000000
-8901.000000
-10733.000000
-5892.000000
-1848.000000
-2079.000000
1094.000000
4735.000000
4884.000000
3735.000000
6803.000000
4016.000000
-5630.000000
-10091.000000
-8608.000000
-9786.000000
-12190.000000
-8223.000000
-1711.000000
873.000000
200.000000
3550.000000
6021.000000
1979.000000
-1155.000000
-430.000000
2056.000000
2995.000000
2617.000000
5709.000000
7094.000000
7086.000000
6516.000000
4960.000000
2132.000000
-979.000000
-1538.000000
-3532.000000
-6314.000000
-7951.000000
-5102.000000
-591.000000
1674.000000
2366.000000
3105.000000
3035.000000
4597.000000
5444.000000
2813.000000
496.000000
803.000000
4091.000000
3234.000000
2988.000000
4274.000000
5449.000000
3390.000000
64.000000
5.000000
-1441.000000
-4853.000000
-6742.000000
-4340.000000
-2620.000000
-853.000000
-596.000000
351.000000
505.000000
890.000000
1162.000000
112.000000
-486.000000
-118.000000
3841.000000
5206.000000
7023.000000
7410.000000
7279.000000
7049.000000
6440.000000
5971.000000
4063.000000
2875.000000
2094.000000
2503.000000
1954.000000
1894.000000
2242.000000
2793.000000
3282.000000
3765.000000
4378.000000
4026.000000
3958.000000
4599.000000
4921.000000
6437.000000
8088.000000
8670.000000
8716.000000
9322.000000
11543.000000
12186.000000
10625.000000
8186.000000
8442.000000
8496.000000
7462.000000
5854.000000
3591.000000
-3973.000000
-22458.000000
-30693.000000
-15077.000000
-994.000000
-9990.000000
-18864.000000
-892.000000
19856.000000
10245.000000
-5223.000000
-2643.000000
-47.000000
-7379.000000
-5375.000000
9602.000000
12329.000000
2833.000000
4471.000000
13662.000000
3068.000000
-15820.000000
-22372.000000
-18563.000000
-21140.000000
-23150.000000
-13080.000000
-8329.000000
-10924.000000
-11836.000000
-3322.000000
-3572.000000
-14541.000000
-16476.000000
-6767.000000
-536.000000
-1980.000000
933.000000
6939.000000
6980.000000
2793.000000
3809.000000
2557.000000
-4799.000000
-9934.000000
-7244.000000
-5873.000000
-7444.000000
-4224.000000
2921.000000
3670.000000
-1046.000000
703.000000
2651.000000
-1437.000000
-4671.000000
-1244.000000
1005.000000
118.000000
1981.000000
7766.000000
9627.000000
5797.000000
5286.000000
5516.000000
2909.000000
-231.000000
-1423.000000
-460.000000
-920.000000
-1418.000000
-1308.000000
-936.000000
760.000000
1755.000000
1903.000000
-323.000000
-1097.000000
1163.000000
2997.000000
3334.000000
2103.000000
3923.000000
5429.000000
4276.000000
4489.000000
4155.000000
3026.000000
404.000000
-1506.000000
-1659.000000
-2698.000000
-3743.000000
-5227.000000
-5418.000000
-5550.000000
-5077.000000
-4077.000000
-4528.000000
-4398.000000
-2172.000000
1101.000000
3476.000000
5004.000000
6302.000000
7776.000000
7944.000000
8202.000000
6943.000000
5416.000000
3534.000000
1521.000000
1879.000000
2174.000000
2124.000000
70.000000
-2073.000000
-1543.000000
1104.000000
2252.000000
1323.000000
923.000000
2522.000000
4659.000000
6513.000000
8008.000000
8305.000000
8274.000000
9984.000000
12811.000000
11939.000000
8733.000000
6100.000000
5971.000000
6827.000000
6576.000000
5894.000000
5067.000000
5063.000000
6204.000000
7995.000000
6929.000000
-518.000000
-14742.000000
-24449.000000
-14401.000000
2781.000000
1651.000000
-10881.000000
-4442.000000
16830.000000
15430.000000
-7036.000000
-14122.000000
-4674.000000
-4470.000000
-8014.000000
1332.000000
13605.000000
8099.000000
1330.000000
11438.000000
9256.000000
-13042.000000
-26326.000000
-14795.000000
-7120.000000
-17113.000000
-17714.000000
-3874.000000
-20.000000
-10091.000000
-9833.000000
-2251.000000
-10986.000000
-23509.000000
-15181.000000
586.000000
393.000000
-9900.000000
-3396.000000
7775.000000
4919.000000
-1907.000000
-2195.000000
-1625.000000
-7900.000000
-6545.000000
897.000000
1233.000000
-4194.000000
-178.000000
10043.000000
7867.000000
-2592.000000
-3506.000000
1555.000000
-1527.000000
-6718.000000
-3468.000000
2974.000000
2281.000000
1114.000000
4762.000000
6186.000000
2579.000000
1032.000000
4009.000000
3559.000000
-641.000000
-800.000000
956.000000
15.000000
-1063.000000
1155.000000
2783.000000
-175.000000
-1423.000000
1132.000000
2874.000000
892.000000
-527.000000
1161.000000
2868.000000
4796.000000
5206.000000
2379.000000
181.000000
1034.000000
3352.000000
1394.000000
-3822.000000
-5091.000000
-4203.000000
-4420.000000
-6040.000000
-5986.000000
-4946.000000
-4453.000000
-2345.000000
-337.000000
402.000000
10.000000
667.000000
2827.000000
3706.000000
3694.000000
3526.000000
2881.000000
2522.000000
2455.000000
2165.000000
-92.000000
-1976.000000
-1480.000000
-918.000000
-1722.000000
-3292.000000
-3144.000000
-1733.000000
18.000000
1220.000000
2285.000000
2942.000000
4179.000000
6425.000000
7659.000000
7718.000000
6860.000000
7173.000000
6992.000000
5815.000000
4678.000000
3404.000000
2635.000000
2424.000000
2917.000000
2627.000000
2317.000000
2609.000000
3633.000000
5237.000000
5082.000000
4906.000000
6032.000000
7671.000000
9140.000000
9647.000000
9536.000000
7533.000000
2946.000000
-1007.000000
-873.000000
539.000000
289.000000
-253.000000
1576.000000
3527.000000
267.000000
-3948.000000
-3760.000000
-2303.000000
-3997.000000
-6210.000000
-3876.000000
-328.000000
-990.000000
-1711.000000
872.000000
1509.000000
-3377.000000
-7925.000000
-6279.000000
-3984.000000
-5179.000000
-6340.000000
-4452.000000
-3617.000000
-6256.000000
-7202.000000
-6623.000000
-7822.000000
-10283.000000
-9442.000000
-5635.000000
-5703.000000
-8743.000000
-8274.000000
-4473.000000
-3605.000000
-5685.000000
-4991.000000
-1582.000000
-479.000000
-2568.000000
-3646.000000
-1953.000000
-1139.000000
-2290.000000
-1325.000000
997.000000
1686.000000
937.000000
1773.000000
3572.000000
3205.000000
2749.000000
3101.000000
3423.000000
2181.000000
-458.000000
-1983.000000
-1741.000000
690.000000
3078.000000
2432.000000
1753.000000
3088.000000
5014.000000
4498.000000
2555.000000
2495.000000
2503.000000
2281.000000
2252.000000
2766.000000
1502.000000
-662.000000
-968.000000
-714.000000
-1991.000000
-4147.000000
-3244.000000
-2030.000000
-2837.000000
-3167.000000
-1585.000000
-796.000000
-2439.000000
-3223.000000
-1355.000000
-426.000000
-1843.000000
-2276.000000
-930.000000
-121.000000
-1041.000000
-1029.000000
-900.000000
-2352.000000
-4466.000000
-4889.000000
-4274.000000
-5416.000000
-6974.000000
-6843.000000
-5189.000000
-4187.000000
-3663.000000
-2669.000000
-1202.000000
673.000000
2867.000000
5037.000000
6570.000000
6555.000000
6030.000000
6157.000000
6032.000000
5196.000000
4325.000000
4569.000000
4997.000000
4890.000000
4882.000000
6120.000000
7339.000000
6235.000000
4383.000000
4429.000000
5209.000000
4413.000000
4302.000000
6031.000000
7843.000000
8246.000000
8311.000000
9151.000000
9175.000000
8598.000000
8262.000000
8791.000000
9243.000000
9420.000000
9943.000000
8567.000000
3492.000000
-111.000000
2251.000000
4532.000000
2827.000000
778.000000
2197.000000
2924.000000
-999.000000
-4066.000000
-2603.000000
-1505.000000
-4164.000000
-5055.000000
-1794.000000
115.000000
-1978.000000
-2783.000000
-1435.000000
-2723.000000
-7014.000000
-8965.000000
-7483.000000
-8052.000000
-9059.000000
-7062.000000
-4278.000000
-5517.000000
-8166.000000
-7862.000000
-7508.000000
-9542.000000
-11257.000000
-7997.000000
-4277.000000
-5623.000000
-8073.000000
-6653.000000
-4519.000000
-6492.000000
-9911.000000
-9060.000000
-4819.000000
-2992.000000
-3736.000000
-2543.000000
650.000000
1445.000000
757.000000
679.000000
742.000000
267.000000
-1010.000000
-1308.000000
-820.000000
464.000000
2381.000000
4341.000000
5121.000000
4069.000000
3765.000000
3916.000000
3642.000000
2487.000000
2389.000000
3616.000000
3866.000000
3191.000000
2186.000000
1936.000000
1860.000000
1467.000000
-4.000000
-229.000000
97.000000
-869.000000
-1951.000000
-1743.000000
599.000000
961.000000
-1229.000000
-2445.000000
-1728.000000
-1480.000000
-2511.000000
-2860.000000
-2151.000000
-1727.000000
-1672.000000
-1762.000000
-2004.000000
-3263.000000
-4519.000000
-4830.000000
-5812.000000
-6890.000000
-7159.000000
-6877.000000
-7122.000000
-7325.000000
-6022.000000
-3694.000000
-3142.000000
-3458.000000
-3001.000000
-1744.000000
-600.000000
-1182.000000
-1684.000000
-1387.000000
-326.000000
864.000000
1629.000000
1472.000000
764.000000
1335.000000
3470.000000
4881.000000
4438.000000
4598.000000
6242.000000
6905.000000
5723.000000
4927.000000
5495.000000
6225.000000
6130.000000
6148.000000
7021.000000
7647.000000
7140.000000
7145.000000
7671.000000
7785.000000
7351.000000
7426.000000
8219.000000
8023.000000
8415.000000
9776.000000
11346.000000
10940.000000
9324.000000
9914.000000
9230.000000
7269.000000
6079.000000
3970.000000
1545.000000
-633.000000
-157.000000
2269.000000
3361.000000
3801.000000
4198.000000
3235.000000
589.000000
-677.000000
-849.000000
-2982.000000
-5954.000000
-5593.000000
-2373.000000
-1487.000000
-3571.000000
-3595.000000
-1573.000000
-2584.000000
-6107.000000
-6879.000000
-5005.000000
-4699.000000
-5647.000000
-4812.000000
-2502.000000
-4422.000000
-8536.000000
-8979.000000
-7079.000000
-6675.000000
-8376.000000
-7922.000000
-5204.000000
-3730.000000
-3858.000000
-3908.000000
-4028.000000
-5247.000000
-5959.000000
-4333.000000
-2423.000000
-2380.000000
-3149.000000
-2022.000000
816.000000
1889.000000
83.000000
-1049.000000
373.000000
1268.000000
-13.000000
-197.000000
1795.000000
2411.000000
1409.000000
1729.000000
3680.000000
2517.000000
-745.000000
-703.000000
2141.000000
2736.000000
65.000000
-280.000000
2012.000000
2232.000000
-334.000000
-1644.000000
-1026.000000
-1120.000000
-1903.000000
-1643.000000
-269.000000
-920.000000
-2321.000000
-1175.000000
-275.000000
-1850.000000
-3815.000000
-3320.000000
-3224.000000
-4726.000000
-4715.000000
-3907.000000
-4062.000000
-4828.000000
-4114.000000
-3964.000000
-5875.000000
-7497.000000
-6170.000000
-3695.000000
-3615.000000
-4611.000000
-4275.000000
-3507.000000
-3973.000000
-4493.000000
-4402.000000
-3683.000000
-3378.000000
-2572.000000
-1353.000000
-493.000000
238.000000
639.000000
800.000000
280.000000
617.000000
1777.000000
2961.000000
3217.000000
3683.000000
5176.000000
5945.000000
5937.000000
5791.000000
5779.000000
5201.000000
3837.000000
3419.000000
4424.000000
4976.000000
5069.000000
5389.000000
6497.000000
7575.000000
8458.000000
9580.000000
9879.000000
9265.000000
8637.000000
8643.000000
7605.000000
5471.000000
4927.000000
6579.000000
7826.000000
6994.000000
6242.000000
7177.000000
7462.000000
6964.000000
6641.000000
6427.000000
6252.000000
5466.000000
4373.000000
2070.000000
-159.000000
-517.000000
1370.000000
3024.000000
2818.000000
2756.000000
1991.000000
-117.000000
-1121.000000
14.000000
65.000000
-1891.000000
-2189.000000
-249.000000
-426.000000
-2562.000000
-3007.000000
-2066.000000
-3520.000000
-6374.000000
-6258.000000
-4763.000000
-4277.000000
-3861.000000
-2183.000000
-1157.000000
-2386.000000
-4199.000000
-4390.000000
-4754.000000
-6162.000000
-6083.000000
-3907.000000
-2196.000000
-3037.000000
-3740.000000
-3299.000000
-3743.000000
-5803.000000
-6623.000000
-5639.000000
-5215.000000
-4693.000000
-3354.000000
-2608.000000
-3192.000000
-3824.000000
-3742.000000
-2913.000000
-1671.000000
-845.000000
-795.000000
-759.000000
50.000000
623.000000
-534.000000
-1299.000000
-1224.000000
-1797.000000
-2845.000000
-3432.000000
-2673.000000
-2175.000000
-1777.000000
-758.000000
-63.000000
-650.000000
-1627.000000
-1830.000000
-2140.000000
-3047.000000
-3267.000000
-2517.000000
-1685.000000
-1036.000000
-695.000000
-549.000000
-1603.000000
-2322.000000
-1989.000000
-2245.000000
-3272.000000
-3697.000000
-2308.000000
-1848.000000
-3106.000000
-3853.000000
-3879.000000
-4042.000000
-4528.000000
-4093.000000
-2563.000000
-1795.000000
-1889.000000
-1625.000000
-1098.000000
-2043.000000
-3179.000000
-2587.000000
-1678.000000
-1060.000000
-350.000000
1278.000000
2277.000000
2079.000000
1648.000000
1086.000000
-209.000000
-1795.000000
-1550.000000
-420.000000
610.000000
1313.000000
2347.000000
3563.000000
3929.000000
3668.000000
3812.000000
4029.000000
3457.000000
3302.000000
3714.000000
4343.000000
4365.000000
4445.000000
5185.000000
5686.000000
5359.000000
5294.000000
5970.000000
6446.000000
6634.000000
6608.000000
7211.000000
7465.000000
7025.000000
6440.000000
6347.000000
6815.000000
7166.000000
6667.000000
5443.000000
5457.000000
6745.000000
7560.000000
7413.000000
7971.000000
9393.000000
10335.000000
9541.000000
7214.000000
4654.000000
3041.000000
3023.000000
4148.000000
4544.000000
3836.000000
2849.000000
1622.000000
675.000000
139.000000
333.000000
-292.000000
-1118.000000
-162.000000
1290.000000
1513.000000
441.000000
364.000000
968.000000
-196.000000
-1426.000000
-1038.000000
-591.000000
-1321.000000
-1489.000000
-249.000000
-1182.000000
-5112.000000
-8231.000000
-8184.000000
-7904.000000
-9092.000000
-9026.000000
-7234.000000
-6178.000000
-6499.000000
-6640.000000
-6808.000000
-8023.000000
-8609.000000
-7280.000000
-6159.000000
-5857.000000
-5165.000000
-3841.000000
-3976.000000
-5817.000000
-6570.000000
-5995.000000
-5652.000000
-6371.000000
-6262.000000
-5211.000000
-4610.000000
-4201.000000
-3683.000000
-2625.000000
-2048.000000
-2280.000000
-2485.000000
-2347.000000
-1991.000000
-1070.000000
-106.000000
236.000000
513.000000
510.000000
21.000000
-1114.000000
-2096.000000
-2112.000000
-1916.000000
-1882.000000
-1038.000000
-151.000000
-590.000000
-1210.000000
-1053.000000
-712.000000
-1273.000000
-1669.000000
-1138.000000
-741.000000
-838.000000
-960.000000
-93.000000
244.000000
-778.000000
-1031.000000
-225.000000
-273.000000
-1466.000000
-1829.000000
-1266.000000
-1140.000000
-2261.000000
-2979.000000
-2605.000000
-3017.000000
-3162.000000
-2038.000000
-428.000000
69.000000
14.000000
372.000000
0.000000
-1325.000000
-2695.000000
-2655.000000
-2650.000000
-2499.000000
-1186.000000
637.000000
1417.000000
1071.000000
1798.000000
2720.000000
3116.000000
2833.000000
3026.000000
4065.000000
4583.000000
4585.000000
4835.000000
5764.000000
6100.000000
5291.000000
4503.000000
4627.000000
5270.000000
5687.000000
5746.000000
5836.000000
6549.000000
7854.000000
8654.000000
8646.000000
8462.000000
8773.000000
9248.000000
9435.000000
9666.000000
9679.000000
9335.000000
8863.000000
8890.000000
9129.000000
8851.000000
8670.000000
8748.000000
8561.000000
7442.000000
5477.000000
3873.000000
3765.000000
5575.000000
7134.000000
7440.000000
7022.000000
6301.000000
5321.000000
3681.000000
3110.000000
2810.000000
1326.000000
86.000000
434.000000
1027.000000
-371.000000
-2190.000000
-2828.000000
-4094.000000
-5925.000000
-6524.000000
-5557.000000
-5205.000000
-5508.000000
-3477.000000
-2160.000000
-4346.000000
-7779.000000
-8881.000000
-7934.000000
-8449.000000
-9509.000000
-9206.000000
-7915.000000
-7876.000000
-9252.000000
-10205.000000
-11401.000000
-13018.000000
-13001.000000
-10974.000000
-9292.000000
-8965.000000
-8439.000000
-7123.000000
-6370.000000
-6625.000000
-6510.000000
-5814.000000
-5448.000000
-5104.000000
-4462.000000
-3545.000000
-3052.000000
-2952.000000
-2444.000000
-1915.000000
-1949.000000
-2383.000000
-2632.000000
-2534.000000
-1537.000000
-498.000000
-191.000000
-5.000000
197.000000
470.000000
-141.000000
-840.000000
-506.000000
563.000000
1031.000000
798.000000
1161.000000
1294.000000
849.000000
-170.000000
-957.000000
-1507.000000
-1934.000000
-1474.000000
-457.000000
406.000000
538.000000
720.000000
639.000000
-275.000000
-1132.000000
-1221.000000
-1405.000000
-2519.000000
-2839.000000
-2022.000000
-2065.000000
-3385.000000
-4691.000000
-4802.000000
-4612.000000
-4959.000000
-4528.000000
-3070.000000
-1808.000000
-1450.000000
-1087.000000
-456.000000
-613.000000
-1477.000000
-2215.000000
-1587.000000
-348.000000
670.000000
1529.000000
2069.000000
2451.000000
2338.000000
2139.000000
1828.000000
1711.000000
2310.000000
3640.000000
4706.000000
5158.000000
6274.000000
7972.000000
8559.000000
7358.000000
6993.000000
8053.000000
8719.000000
8391.000000
8293.000000
9495.000000
10056.000000
9138.000000
8698.000000
9333.000000
9683.000000
8912.000000
8594.000000
9545.000000
10302.000000
10804.000000
11116.000000
11202.000000
10979.000000
10685.000000
10919.000000
10741.000000
10059.000000
9790.000000
9746.000000
8862.000000
7250.000000
5889.000000
4675.000000
3631.000000
3454.000000
4691.000000
5250.000000
3581.000000
1492.000000
573.000000
552.000000
4.000000
-718.000000
-1105.000000
-863.000000
-253.000000
-677.000000
-2128.000000
-3798.000000
-4903.000000
-6238.000000
-8028.000000
-8708.000000
-8098.000000
-7037.000000
-6864.000000
-6952.000000
-7114.000000
-8629.000000
-10244.000000
-10845.000000
-10513.000000
-10639.000000
-10526.000000
-9147.000000
-7995.000000
-8559.000000
-10088.000000
-10870.000000
-11159.000000
-11083.000000
-10147.000000
-8406.000000
-7208.000000
-6627.000000
-6357.000000
-6000.000000
-6533.000000
-7546.000000
-7206.000000
-6212.000000
-4968.000000
-3987.000000
-3051.000000
-2341.000000
-1585.000000
-655.000000
-205.000000
-1014.000000
-2555.000000
-2631.000000
-1651.000000
-1664.000000
-1997.000000
-1026.000000
590.000000
1102.000000
439.000000
348.000000
543.000000
305.000000
37.000000
809.000000
1649.000000
1472.000000
991.000000
746.000000
434.000000
-647.000000
-1516.000000
-1967.000000
-1750.000000
-1236.000000
-671.000000
-536.000000
-936.000000
-1000.000000
-1019.000000
-1688.000000
-2685.000000
-3050.000000
-2943.000000
-2393.000000
-1902.000000
-1495.000000
-1583.000000
-1731.000000
-1845.000000
-2278.000000
-2617.000000
-2494.000000
-1632.000000
-839.000000
-184.000000
396.000000
1064.000000
745.000000
29.000000
-62.000000
70.000000
331.000000
717.000000
2098.000000
3619.000000
4018.000000
3719.000000
3770.000000
3966.000000
3652.000000
3544.000000
4355.000000
5405.000000
5994.000000
6692.000000
7876.000000
8714.000000
8737.000000
8478.000000
8511.000000
8493.000000
8736.000000
9048.000000
8872.000000
8733.000000
8616.000000
8877.000000
8725.000000
8286.000000
8358.000000
8441.000000
8162.000000
7564.000000
7685.000000
8160.000000
8000.000000
7284.000000
6957.000000
7663.000000
8420.000000
8352.000000
7639.000000
7490.000000
8142.000000
8020.000000
6955.000000
6006.000000
5104.000000
3519.000000
1652.000000
1440.000000
2560.000000
3375.000000
3205.000000
2288.000000
1121.000000
-745.000000
-2036.000000
-2225.000000
-2637.000000
-3725.000000
-3725.000000
-2415.000000
-2537.000000
-4459.000000
-5629.000000
-5470.000000
-6687.000000
-8715.000000
-9050.000000
-7512.000000
-6908.000000
-7279.000000
-6125.000000
-5286.000000
-6928.000000
-9600.000000
-10175.000000
-9844.000000
-10287.000000
-10102.000000
-8453.000000
-7404.000000
-8159.000000
-8706.000000
-8644.000000
-9569.000000
-11135.000000
-10526.000000
-8824.000000
-8678.000000
-9257.000000
-8267.000000
-6620.000000
-6685.000000
-7823.000000
-7805.000000
-6503.000000
-5523.000000
-4663.000000
-3941.000000
-3322.000000
-2775.000000
-2172.000000
-1822.000000
-2690.000000
-3513.000000
-3229.000000
-2532.000000
-2150.000000
-1530.000000
-22.000000
899.000000
621.000000
454.000000
392.000000
-437.000000
-1466.000000
-1033.000000
61.000000
316.000000
506.000000
1093.000000
1207.000000
180.000000
-712.000000
-899.000000
-1482.000000
-2111.000000
-1339.000000
363.000000
985.000000
1036.000000
1394.000000
1553.000000
547.000000
-595.000000
-534.000000
-32.000000
110.000000
112.000000
975.000000
1376.000000
1022.000000
364.000000
-409.000000
-967.000000
-1322.000000
-802.000000
194.000000
967.000000
1550.000000
2235.000000
2619.000000
2481.000000
2113.000000
2061.000000
2140.000000
2266.000000
3040.000000
4025.000000
4187.000000
3869.000000
4038.000000
4374.000000
4568.000000
4522.000000
4911.000000
5809.000000
6342.000000
6508.000000
6586.000000
6600.000000
6208.000000
6224.000000
6988.000000
7419.000000
7556.000000
7866.000000
8244.000000
8330.000000
7834.000000
7133.000000
6469.000000
5933.000000
5737.000000
5722.000000
5949.000000
6498.000000
7091.000000
7405.000000
7381.000000
7269.000000
7434.000000
7207.000000
6389.000000
6230.000000
6851.000000
7080.000000
6640.000000
6613.000000
7172.000000
7172.000000
6126.000000
5368.000000
4638.000000
2637.000000
712.000000
844.000000
2389.000000
2644.000000
1717.000000
810.000000
-27.000000
-1593.000000
-2835.000000
-2417.000000
-2699.000000
-3242.000000
-2385.000000
-1271.000000
-2425.000000
-4790.000000
-5325.000000
-5379.000000
-7090.000000
-9168.000000
-8453.000000
-7171.000000
-8067.000000
-8708.000000
-7347.000000
-6878.000000
-9658.000000
-11704.000000
-10877.000000
-10058.000000
-10513.000000
-10335.000000
-8693.000000
-8185.000000
-9241.000000
-9899.000000
-10642.000000
-12062.000000
-12698.000000
-11042.000000
-9259.000000
-8970.000000
-8310.000000
-6851.000000
-6305.000000
-7309.000000
-7676.000000
-6892.000000
-6166.000000
-5382.000000
-3850.000000
-2102.000000
-1537.000000
-1678.000000
-1244.000000
-929.000000
-1777.000000
-2422.000000
-1915.000000
-1001.000000
-437.000000
286.000000
1451.000000
1806.000000
1553.000000
1502.000000
1343.000000
466.000000
157.000000
1471.000000
2862.000000
2954.000000
2786.000000
3554.000000
3442.000000
1768.000000
559.000000
807.000000
991.000000
598.000000
1311.000000
2983.000000
3411.000000
2752.000000
2640.000000
2790.000000
1814.000000
30.000000
-469.000000
76.000000
569.000000
908.000000
1501.000000
1571.000000
677.000000
-210.000000
-837.000000
-1681.000000
-2350.000000
-1885.000000
-876.000000
-3.000000
391.000000
886.000000
1143.000000
596.000000
416.000000
1029.000000
1513.000000
1807.000000
2389.000000
3332.000000
3703.000000
3078.000000
2726.000000
2633.000000
2686.000000
2836.000000
3489.000000
4247.000000
4729.000000
5352.000000
5854.000000
5922.000000
5374.000000
5268.000000
5503.000000
5554.000000
5862.000000
6622.000000
7241.000000
7427.000000
7392.000000
7390.000000
6769.000000
5772.000000
5731.000000
6202.000000
6731.000000
6741.000000
7147.000000
7849.000000
8004.000000
7631.000000
6848.000000
6654.000000
6347.000000
6500.000000
7232.000000
7659.000000
7666.000000
7375.000000
7413.000000
7235.000000
6558.000000
5584.000000
4216.000000
2053.000000
307.000000
392.000000
1120.000000
1234.000000
959.000000
213.000000
-1127.000000
-2644.000000
-3374.000000
-2931.000000
-3564.000000
-4609.000000
-4080.000000
-2903.000000
-3478.000000
-5904.000000
-6785.000000
-7054.000000
-8340.000000
-9718.000000
-9407.000000
-8236.000000
-8695.000000
-8564.000000
-7539.000000
-7675.000000
-9929.000000
-11872.000000
-11365.000000
-11132.000000
-11551.000000
-10870.000000
-9076.000000
-8263.000000
-9152.000000
-9781.000000
-10281.000000
-11321.000000
-11933.000000
-10890.000000
-8981.000000
-7921.000000
-6875.000000
-5579.000000
-5127.000000
-5646.000000
-5869.000000
-5145.000000
-4647.000000
-4267.000000
-3056.000000
-1521.000000
-591.000000
-209.000000
305.000000
336.000000
-412.000000
-607.000000
-334.000000
-214.000000
-77.000000
1222.000000
2792.000000
3109.000000
2844.000000
2657.000000
2478.000000
1169.000000
693.000000
1950.000000
2827.000000
2854.000000
3043.000000
3864.000000
3707.000000
2604.000000
1953.000000
1631.000000
928.000000
382.000000
835.000000
1577.000000
1653.000000
1721.000000
2186.000000
2007.000000
794.000000
-3.000000
-280.000000
-769.000000
-1153.000000
-809.000000
159.000000
43.000000
-597.000000
-858.000000
-1058.000000
-1719.000000
-2279.000000
-1653.000000
-694.000000
-55.000000
635.000000
1161.000000
966.000000
692.000000
604.000000
388.000000
432.000000
1281.000000
2383.000000
3155.000000
3253.000000
3368.000000
3474.000000
3100.000000
3059.000000
3495.000000
4014.000000
3958.000000
4274.000000
5329.000000
6449.000000
6697.000000
6233.000000
6302.000000
6448.000000
6394.000000
6401.000000
6634.000000
7336.000000
7797.000000
7940.000000
8350.000000
8360.000000
7879.000000
7075.000000
6677.000000
6705.000000
6534.000000
6373.000000
6459.000000
6681.000000
6595.000000
6504.000000
6442.000000
6372.000000
6175.000000
5882.000000
5772.000000
5733.000000
5708.000000
5476.000000
5175.000000
4689.000000
3431.000000
1520.000000
-332.000000
-1080.000000
-514.000000
312.000000
501.000000
-10.000000
-1232.000000
-2862.000000
-4124.000000
-4392.000000
-4506.000000
-5361.000000
-5120.000000
-3723.000000
-3124.000000
-4419.000000
-5826.000000
-6167.000000
-7187.000000
-8936.000000
-9738.000000
-8847.000000
-8435.000000
-8060.000000
-6836.000000
-6290.000000
-7437.000000
-9274.000000
-9563.000000
-9534.000000
-10344.000000
-10310.000000
-8718.000000
-7599.000000
-7662.000000
-7569.000000
-7264.000000
-8092.000000
-9043.000000
-8372.000000
-7092.000000
-6674.000000
-6377.000000
-4947.000000
-3714.000000
-3677.000000
-3976.000000
-3264.000000
-2599.000000
-2436.000000
-1857.000000
-1199.000000
-906.000000
-658.000000
488.000000
1238.000000
639.000000
-100.000000
76.000000
349.000000
100.000000
360.000000
1389.000000
2060.000000
2200.000000
2517.000000
2552.000000
1687.000000
809.000000
1186.000000
1682.000000
1546.000000
1823.000000
2391.000000
2224.000000
1341.000000
818.000000
871.000000
221.000000
-686.000000
-448.000000
300.000000
757.000000
1036.000000
1607.000000
1408.000000
377.000000
-275.000000
-546.000000
-870.000000
-1490.000000
-1202.000000
-463.000000
-379.000000
-379.000000
-160.000000
-110.000000
-837.000000
-1379.000000
-1273.000000
-977.000000
-580.000000
-135.000000
476.000000
669.000000
787.000000
978.000000
1092.000000
963.000000
1124.000000
2164.000000
2874.000000
3290.000000
3437.000000
3884.000000
4396.000000
4224.000000
4141.000000
4332.000000
4466.000000
4442.000000
4502.000000
4901.000000
5519.000000
6164.000000
6419.000000
6064.000000
5798.000000
5680.000000
5856.000000
5851.000000
6021.000000
6498.000000
7059.000000
7202.000000
6632.000000
6513.000000
6348.000000
6074.000000
5696.000000
5633.000000
5981.000000
6243.000000
5982.000000
5522.000000
5259.000000
5074.000000
5081.000000
4854.000000
4795.000000
4612.000000
4639.000000
5008.000000
5020.000000
4228.000000
2983.000000
1593.000000
543.000000
157.000000
-196.000000
-27.000000
48.000000
-411.000000
-1242.000000
-2045.000000
-2406.000000
-2631.000000
-3258.000000
-3916.000000
-3839.000000
-3348.000000
-3622.000000
-4707.000000
0.012136
0.012136
0.012136
0.012136
0.012136
0.012136
0.012136
0.012136
0.012136
0.012136
0.012136
0.012136
0.012136
0.012136
0.012136
0.012136
0.012136
0.012136
0.012136
0.012136
0.012136
0.012136
0.012136
0.012136
0.012136
0.012136
0.012136
0.012136
0.012136
0.012136
0.012136
0.012136
0.012136
0.012136
0.012136
0.012136
0.012136
0.012136
0.012136
0.012136
0.012136
0.012136
0.012136
0.012136
0.012136
0.012136
0.012136
0.012136
0.012136
0.012136
0.012136
0.012136
0.012136
0.012136
0.012136
0.012136
0.012136
0.012136
0.012136
0.012136
0.012136
0.012136
0.012136
0.012136
0.012136
0.012136
0.012136
0.012136
0.012136
0.012136
0.012136
0.012136
0.012136
0.012136
0.012136
0.012136
0.012136
0.012136
0.012136
0.012136
0.012136
0.012136
0.012136
0.012136
0.012136
0.012136
0.012136
0.012136
0.012136
0.012136
0.012136
0.012136
0.012136
0.012136
0.012136
0.012136
0.012136
0.012136
0.012136
0.012136
0.012136
0.012136
0.012136
0.012136
0.012136
0.012136
0.012136
0.012136
0.012136
0.012136
0.012136
0.012136
0.012136
0.012136
0.012136
0.012136
0.012136
0.012136
0.012136
0.012136
0.012136
0.012136
0.012136
0.012136
0.012136
0.012136
0.012136
0.012136
0.012136
0.012136
0.012136
0.012136
0.012136
0.012136
0.012136
0.012136
0.012136
0.012136
0.012136
0.012136
0.012136
0.012136
0.012136
0.012136
0.012136
0.012136
0.012136
0.012136
0.012136
0.012136
0.012136
0.012136
0.012136
0.012136
0.012136
0.012136
0.012136
0.012136
0.012136
0.012136
0.012136
0.012136
0.012136
0.012136
0.012136
0.012136
0.012136
0.012136
0.012136
0.012136
0.012136
0.012136
0.012136
0.012136
0.012136
0.012136
0.012136
0.012136
0.012136
0.012136
0.012136
0.012136
0.012136
0.012136
0.012136
0.012136
0.012136
0.012136
0.012136
0.012136
0.012136
0.012136
0.012136
0.012136
0.012136
0.012136
0.012136
0.012136
0.012136
0.012136
0.012136
0.012136
0.012136
0.012136
0.012136
0.012136
0.012136
0.012136
0.012136
0.012136
0.012136
0.012136
0.012136
0.012136
0.012136
0.012136
0.012136
0.012136
0.012136
0.012136
0.012136
0.012136
0.012136
0.012136
0.012136
0.012136
0.012136
0.012136
0.012136
0.012136
0.012136
0.012136
0.012136
0.012136
0.012136
0.012136
0.012136
0.012136
0.012136
