-17.000000
-14.000000
-22.000000
-33.000000
-36.000000
-37.000000
-34.000000
-25.000000
-9.000000
-4.000000
-17.000000
-32.000000
-34.000000
-27.000000
-23.000000
-16.000000
6.000000
36.000000
51.000000
50.000000
44.000000
36.000000
28.000000
17.000000
9.000000
6.000000
8.000000
17.000000
25.000000
24.000000
18.000000
16.000000
24.000000
28.000000
23.000000
19.000000
26.000000
33.000000
28.000000
12.000000
2.000000
12.000000
40.000000
61.000000
56.000000
29.000000
8.000000
7.000000
8.000000
-6.000000
-13.000000
5.000000
34.000000
36.000000
11.000000
-4.000000
7.000000
16.000000
6.000000
-9.000000
-7.000000
10.000000
23.000000
21.000000
14.000000
11.000000
11.000000
4.000000
-14.000000
-31.000000
-32.000000
-24.000000
-18.000000
-14.000000
3.000000
30.000000
41.000000
28.000000
9.000000
-2.000000
-10.000000
-17.000000
-12.000000
8.000000
26.000000
32.000000
30.000000
25.000000
9.000000
-9.000000
-15.000000
-2.000000
13.000000
12.000000
4.000000
6.000000
21.000000
34.000000
37.000000
36.000000
39.000000
46.000000
40.000000
15.000000
-11.000000
-7.000000
28.000000
55.000000
47.000000
26.000000
24.000000
40.000000
46.000000
39.000000
41.000000
59.000000
72.000000
63.000000
40.000000
25.000000
28.000000
40.000000
40.000000
20.000000
-2.000000
-2.000000
21.000000
40.000000
41.000000
45.000000
58.000000
65.000000
47.000000
19.000000
14.000000
37.000000
68.000000
82.000000
71.000000
45.000000
21.000000
6.000000
0.000000
-4.000000
-5.000000
0.000000
6.000000
7.000000
7.000000
12.000000
17.000000
14.000000
15.000000
28.000000
38.000000
23.000000
-3.000000
-15.000000
1.000000
22.000000
29.000000
22.000000
8.000000
-5.000000
-13.000000
-11.000000
-6.000000
-4.000000
3.000000
16.000000
27.000000
19.000000
-5.000000
-31.000000
-48.000000
-52.000000
-43.000000
-26.000000
-11.000000
3.000000
20.000000
40.000000
48.000000
37.000000
14.000000
-6.000000
-17.000000
-18.000000
-16.000000
-23.000000
-38.000000
-39.000000
-12.000000
21.000000
25.000000
0.000000
-13.000000
5.000000
26.000000
14.000000
-27.000000
-65.000000
-77.000000
-60.000000
-33.000000
-7.000000
13.000000
31.000000
45.000000
43.000000
19.000000
-10.000000
-28.000000
-32.000000
-27.000000
-16.000000
-1.000000
8.000000
3.000000
-6.000000
-8.000000
-6.000000
-9.000000
-12.000000
-8.000000
-3.000000
-3.000000
1.000000
8.000000
13.000000
12.000000
16.000000
29.000000
40.000000
41.000000
36.000000
32.000000
24.000000
7.000000
-14.000000
-31.000000
-39.000000
-27.000000
5.000000
37.000000
51.000000
50.000000
52.000000
54.000000
38.000000
9.000000
-10.000000
-7.000000
4.000000
16.000000
33.000000
49.000000
46.000000
24.000000
12.000000
29.000000
56.000000
54.000000
22.000000
-8.000000
-9.000000
11.000000
24.000000
19.000000
9.000000
9.000000
12.000000
9.000000
-1.000000
-4.000000
6.000000
23.000000
30.000000
20.000000
-5.000000
-24.000000
-19.000000
5.000000
22.000000
24.000000
23.000000
29.000000
31.000000
18.000000
-2.000000
-14.000000
-16.000000
-4.000000
15.000000
18.000000
-16.000000
-64.000000
-79.000000
-54.000000
-40.000000
-57.000000
-74.000000
-57.000000
-24.000000
-11.000000
-23.000000
-41.000000
-54.000000
-66.000000
-79.000000
-95.000000
-111.000000
-120.000000
-116.000000
-110.000000
-117.000000
-127.000000
-118.000000
-102.000000
-106.000000
-127.000000
-131.000000
-114.000000
-108.000000
-121.000000
-123.000000
-107.000000
-96.000000
-109.000000
-127.000000
-135.000000
-141.000000
-152.000000
-157.000000
-153.000000
-151.000000
-148.000000
-131.000000
-103.000000
-92.000000
-99.000000
-95.000000
-73.000000
-68.000000
-92.000000
-123.000000
-126.000000
-100.000000
-65.000000
-28.000000
3.000000
14.000000
-3.000000
-25.000000
-24.000000
0.000000
27.000000
40.000000
45.000000
58.000000
79.000000
101.000000
116.000000
126.000000
129.000000
128.000000
134.000000
154.000000
183.000000
194.000000
186.000000
183.000000
206.000000
237.000000
256.000000
265.000000
279.000000
288.000000
282.000000
272.000000
280.000000
314.000000
360.000000
408.000000
444.000000
449.000000
428.000000
412.000000
421.000000
430.000000
415.000000
388.000000
377.000000
371.000000
350.000000
328.000000
339.000000
372.000000
388.000000
372.000000
349.000000
344.000000
346.000000
325.000000
276.000000
226.000000
205.000000
213.000000
221.000000
205.000000
175.000000
155.000000
141.000000
104.000000
42.000000
-6.000000
-13.000000
-1.000000
-9.000000
-50.000000
-112.000000
-178.000000
-236.000000
-281.000000
-321.000000
-366.000000
-406.000000
-425.000000
-432.000000
-451.000000
-489.000000
-525.000000
-559.000000
-612.000000
-686.000000
-741.000000
-754.000000
-755.000000
-783.000000
-836.000000
-884.000000
-910.000000
-919.000000
-917.000000
-916.000000
-937.000000
-972.000000
-988.000000
-969.000000
-951.000000
-973.000000
-1010.000000
-1012.000000
-974.000000
-939.000000
-926.000000
-904.000000
-859.000000
-820.000000
-808.000000
-806.000000
-791.000000
-764.000000
-731.000000
-673.000000
-589.000000
-511.000000
-453.000000
-392.000000
-311.000000
-235.000000
-191.000000
-147.000000
-58.000000
64.000000
175.000000
266.000000
352.000000
431.000000
482.000000
530.000000
614.000000
716.000000
793.000000
852.000000
938.000000
1050.000000
1141.000000
1203.000000
1276.000000
1374.000000
1458.000000
1513.000000
1571.000000
1643.000000
1699.000000
1737.000000
1796.000000
1885.000000
1955.000000
1987.000000
2010.000000
2043.000000
2053.000000
2031.000000
2017.000000
2040.000000
2067.000000
2068.000000
2061.000000
2057.000000
2030.000000
1966.000000
1893.000000
1843.000000
1796.000000
1741.000000
1691.000000
1650.000000
1583.000000
1468.000000
1333.000000
1215.000000
1109.000000
989.000000
859.000000
723.000000
571.000000
405.000000
252.000000
120.000000
-27.000000
-222.000000
-439.000000
-641.000000
-819.000000
-982.000000
-1129.000000
-1269.000000
-1427.000000
-1620.000000
-1830.000000
-2038.000000
-2246.000000
-2456.000000
-2651.000000
-2817.000000
-2968.000000
-3119.000000
-3275.000000
-3439.000000
-3627.000000
-3835.000000
-4025.000000
-4159.000000
-4242.000000
-4307.000000
-4387.000000
-4482.000000
-4581.000000
-4680.000000
-4772.000000
-4838.000000
-4861.000000
-4836.000000
-4778.000000
-4720.000000
-4688.000000
-4693.000000
-4711.000000
-4691.000000
-4587.000000
-4408.000000
-4202.000000
-3994.000000
-3772.000000
-3540.000000
-3327.000000
-3134.000000
-2911.000000
-2610.000000
-2234.000000
-1817.000000
-1387.000000
-982.000000
-629.000000
-314.000000
6.000000
339.000000
672.000000
1039.000000
1495.000000
2021.000000
2512.000000
2895.000000
3181.000000
3426.000000
3689.000000
4024.000000
4444.000000
4886.000000
5274.000000
5618.000000
5956.000000
6273.000000
6532.000000
6746.000000
6946.000000
7134.000000
7346.000000
7651.000000
8027.000000
8333.000000
8484.000000
8557.000000
8633.000000
8695.000000
8743.000000
8852.000000
9006.000000
9097.000000
9115.000000
9160.000000
9188.000000
9026.000000
8698.000000
8464.000000
8428.000000
8411.000000
8285.000000
8099.000000
7837.000000
7389.000000
6838.000000
6424.000000
6149.000000
5775.000000
5253.000000
4769.000000
4344.000000
3803.000000
3133.000000
2489.000000
1845.000000
1059.000000
238.000000
-390.000000
-923.000000
-1664.000000
-2631.000000
-3597.000000
-4531.000000
-5557.000000
-6604.000000
-7532.000000
-8456.000000
-9510.000000
-10507.000000
-11265.000000
-12033.000000
-13118.000000
-14328.000000
-15273.000000
-15961.000000
-16626.000000
-17241.000000
-17696.000000
-18159.000000
-18777.000000
-19305.000000
-19479.000000
-19488.000000
-19620.000000
-19737.000000
-19554.000000
-19163.000000
-18793.000000
-18367.000000
-17715.000000
-16971.000000
-16330.000000
-15666.000000
-14762.000000
-13673.000000
-12553.000000
-11370.000000
-10059.000000
-8759.000000
-7602.000000
-6508.000000
-5354.000000
-4124.000000
-2817.000000
-1411.000000
-13.000000
1221.000000
2306.000000
3345.000000
4304.000000
5156.000000
6073.000000
7197.000000
8375.000000
9428.000000
10421.000000
11379.000000
12058.000000
12395.000000
12788.000000
13549.000000
14451.000000
15195.000000
15878.000000
16608.000000
17166.000000
17449.000000
17741.000000
18168.000000
18437.000000
18494.000000
18783.000000
19454.000000
19970.000000
19915.000000
19574.000000
19324.000000
19135.000000
18961.000000
18943.000000
18938.000000
18555.000000
17901.000000
17498.000000
17331.000000
16831.000000
15937.000000
15266.000000
15058.000000
14881.000000
14502.000000
14098.000000
13544.000000
12485.000000
11177.000000
10278.000000
9754.000000
9032.000000
8168.000000
7761.000000
7705.000000
7167.000000
5779.000000
3799.000000
1266.000000
-1774.000000
-4306.000000
-5024.000000
-4126.000000
-3308.000000
-3887.000000
-5939.000000
-9098.000000
-12861.000000
-16154.000000
-17872.000000
-18067.000000
-17624.000000
-16946.000000
-16128.000000
-16156.000000
-18345.000000
-22394.000000
-26266.000000
-28245.000000
-28129.000000
-26545.000000
-24368.000000
-22818.000000
-22751.000000
-23626.000000
-24262.000000
-24542.000000
-25153.000000
-25793.000000
-25169.000000
-22924.000000
-20112.000000
-17587.000000
-15351.000000
-13632.000000
-13015.000000
-13166.000000
-12926.000000
-12006.000000
-11136.000000
-10302.000000
-8524.000000
-5785.000000
-3476.000000
-2434.000000
-2179.000000
-2461.000000
-3719.000000
-5420.000000
-5922.000000
-4741.000000
-3191.000000
-2131.000000
-939.000000
568.000000
1236.000000
546.000000
-397.000000
-686.000000
-621.000000
-180.000000
1531.000000
4399.000000
6787.000000
7774.000000
8161.000000
8603.000000
8631.000000
8216.000000
8370.000000
9460.000000
10690.000000
11806.000000
13441.000000
15317.000000
16027.000000
15171.000000
13955.000000
13239.000000
12636.000000
11931.000000
11742.000000
12413.000000
13501.000000
14506.000000
15023.000000
14455.000000
12800.000000
11262.000000
10917.000000
11226.000000
11063.000000
10541.000000
10699.000000
11832.000000
13092.000000
13395.000000
12287.000000
10471.000000
9463.000000
9915.000000
10642.000000
10425.000000
10039.000000
10883.000000
12519.000000
13549.000000
13996.000000
14641.000000
15065.000000
14712.000000
14600.000000
15546.000000
16265.000000
15786.000000
15732.000000
17394.000000
18900.000000
18382.000000
17127.000000
16190.000000
13295.000000
7348.000000
2535.000000
2955.000000
6253.000000
7497.000000
6089.000000
3783.000000
-339.000000
-7114.000000
-12980.000000
-14432.000000
-13584.000000
-13745.000000
-13377.000000
-10591.000000
-9423.000000
-14550.000000
-23161.000000
-28842.000000
-30276.000000
-29859.000000
-27649.000000
-23590.000000
-21712.000000
-24905.000000
-29017.000000
-29036.000000
-27353.000000
-28877.000000
-31843.000000
-30971.000000
-26402.000000
-22308.000000
-19625.000000
-16800.000000
-14735.000000
-14730.000000
-14635.000000
-12708.000000
-11667.000000
-13493.000000
-14342.000000
-10398.000000
-4646.000000
-2124.000000
-2492.000000
-2777.000000
-3366.000000
-5714.000000
-7935.000000
-7793.000000
-6598.000000
-5878.000000
-4179.000000
-954.000000
810.000000
-425.000000
-1646.000000
-637.000000
359.000000
-446.000000
-836.000000
911.000000
2891.000000
3851.000000
5552.000000
8246.000000
8972.000000
6935.000000
5498.000000
6522.000000
7774.000000
7828.000000
8364.000000
9842.000000
10105.000000
8913.000000
8819.000000
10242.000000
10644.000000
9561.000000
9402.000000
10530.000000
10560.000000
9126.000000
8462.000000
8966.000000
8869.000000
8367.000000
9345.000000
11187.000000
11398.000000
10074.000000
9446.000000
9609.000000
8858.000000
7461.000000
7191.000000
8059.000000
8904.000000
9863.000000
11151.000000
11315.000000
9670.000000
8241.000000
8580.000000
9337.000000
9497.000000
10764.000000
14107.000000
17286.000000
18433.000000
18725.000000
19352.000000
19514.000000
19284.000000
20493.000000
23122.000000
24825.000000
25174.000000
25979.000000
26906.000000
25845.000000
23760.000000
23367.000000
22999.000000
18511.000000
11663.000000
9278.000000
13003.000000
16838.000000
15969.000000
11407.000000
5322.000000
-1379.000000
-6366.000000
-7621.000000
-7872.000000
-10613.000000
-12904.000000
-10012.000000
-5731.000000
-8748.000000
-19151.000000
-28030.000000
-30550.000000
-30134.000000
-29579.000000
-27707.000000
-25498.000000
-26285.000000
-28800.000000
-28588.000000
-26562.000000
-27568.000000
-30767.000000
-30606.000000
-27025.000000
-25094.000000
-24673.000000
-20535.000000
-13118.000000
-9065.000000
-10161.000000
-11358.000000
-10661.000000
-11370.000000
-13522.000000
-12665.000000
-8535.000000
-5916.000000
-5698.000000
-3967.000000
-1033.000000
-2168.000000
-7866.000000
-12130.000000
-12136.000000
-11294.000000
-11257.000000
-9294.000000
-5324.000000
-3487.000000
-4735.000000
-5311.000000
-4237.000000
-4905.000000
-7648.000000
-8071.000000
-4704.000000
-1365.000000
-145.000000
1306.000000
3723.000000
4059.000000
1468.000000
-523.000000
86.000000
1142.000000
1238.000000
2008.000000
3861.000000
4487.000000
3205.000000
2272.000000
2569.000000
2325.000000
1135.000000
944.000000
2145.000000
2829.000000
2629.000000
3200.000000
4264.000000
3420.000000
657.000000
-871.000000
478.000000
2809.000000
3952.000000
3649.000000
2247.000000
275.000000
-621.000000
727.000000
2754.000000
3280.000000
3082.000000
4284.000000
6308.000000
7037.000000
6997.000000
8507.000000
11448.000000
13702.000000
15164.000000
17440.000000
20293.000000
22125.000000
23323.000000
25398.000000
27647.000000
28401.000000
28483.000000
29584.000000
30582.000000
29686.000000
28737.000000
30633.000000
32767.000000
32767.000000
30448.000000
26685.000000
23254.000000
19150.000000
16500.000000
18555.000000
23045.000000
23731.000000
18935.000000
12834.000000
8245.000000
4118.000000
321.000000
-1386.000000
-1751.000000
-3450.000000
-5689.000000
-5552.000000
-4868.000000
-8784.000000
-16755.000000
-22227.000000
-22646.000000
-22503.000000
-24666.000000
-26193.000000
-25213.000000
-24687.000000
-26214.000000
-26922.000000
-25781.000000
-26412.000000
-30163.000000
-32712.000000
-31148.000000
-28393.000000
-27073.000000
-25149.000000
-21406.000000
-19092.000000
-19920.000000
-20293.000000
-17799.000000
-15830.000000
-17236.000000
-18831.000000
-17009.000000
-13748.000000
-12173.000000
-10963.000000
-8288.000000
-6788.000000
-9315.000000
-13402.000000
-15031.000000
-14614.000000
-14591.000000
-14355.000000
-12274.000000
-9814.000000
-9141.000000
-9197.000000
-8207.000000
-7411.000000
-8279.000000
-8733.000000
-6323.000000
-2720.000000
-924.000000
-166.000000
2225.000000
5667.000000
7190.000000
6181.000000
4638.000000
3686.000000
3102.000000
3305.000000
4678.000000
5759.000000
4966.000000
3402.000000
3241.000000
4054.000000
3499.000000
1259.000000
-310.000000
449.000000
2665.000000
4617.000000
5404.000000
4894.000000
3670.000000
3268.000000
4766.000000
6833.000000
6835.000000
4564.000000
3172.000000
5183.000000
8883.000000
10393.000000
8623.000000
6207.000000
5722.000000
7090.000000
9103.000000
11350.000000
13611.000000
15177.000000
16043.000000
17237.000000
18874.000000
19680.000000
19739.000000
21409.000000
25618.000000
29614.000000
30810.000000
30574.000000
31291.000000
32050.000000
30963.000000
29657.000000
31046.000000
32767.000000
32767.000000
32767.000000
32420.000000
31493.000000
27418.000000
20727.000000
16704.000000
17991.000000
20880.000000
21041.000000
18702.000000
15860.000000
12356.000000
7597.000000
2937.000000
-538.000000
-3867.000000
-7280.000000
-8346.000000
-6189.000000
-4939.000000
-9111.000000
-17103.000000
-23169.000000
-24949.000000
-25249.000000
-26599.000000
-28042.000000
-28145.000000
-27750.000000
-28052.000000
-28524.000000
-28534.000000
-29016.000000
-30579.000000
-31652.000000
-30580.000000
-28341.000000
-26997.000000
-26386.000000
-24581.000000
-20984.000000
-16945.000000
-13846.000000
-12507.000000
-13700.000000
-16836.000000
-18872.000000
-17200.000000
-13239.000000
-10527.000000
-9811.000000
-9135.000000
-8293.000000
-9371.000000
-12571.000000
-15206.000000
-15631.000000
-14890.000000
-13828.000000
-11969.000000
-9861.000000
-8998.000000
-8720.000000
-6799.000000
-3771.000000
-2844.000000
-4681.000000
-6270.000000
-5835.000000
-4743.000000
-3538.000000
-619.000000
3666.000000
6030.000000
5102.000000
3300.000000
2396.000000
1318.000000
-172.000000
14.000000
2361.000000
4432.000000
4998.000000
5428.000000
5645.000000
3282.000000
-1444.000000
-4522.000000
-3750.000000
-1415.000000
188.000000
1571.000000
2860.000000
2348.000000
214.000000
-637.000000
669.000000
1451.000000
463.000000
149.000000
1996.000000
3754.000000
3571.000000
3187.000000
4668.000000
6991.000000
8054.000000
7755.000000
7471.000000
8332.000000
10886.000000
14858.000000
18964.000000
22247.000000
24899.000000
26721.000000
26748.000000
26064.000000
28059.000000
32767.000000
32767.000000
32767.000000
32767.000000
32767.000000
32767.000000
32255.000000
31592.000000
32767.000000
32767.000000
31133.000000
25217.000000
19227.000000
10347.000000
-1349.000000
-7606.000000
-3229.000000
3615.000000
2051.000000
-5911.000000
-10728.000000
-11389.000000
-14609.000000
-21128.000000
-24369.000000
-21309.000000
-14670.000000
-6196.000000
2565.000000
5383.000000
-2149.000000
-13197.000000
-17206.000000
-14858.000000
-14866.000000
-18105.000000
-17040.000000
-10265.000000
-5456.000000
-7052.000000
-11694.000000
-16556.000000
-21898.000000
-25081.000000
-22465.000000
-17683.000000
-17649.000000
-20250.000000
-16992.000000
-8200.000000
-3809.000000
-7540.000000
-11990.000000
-11888.000000
-10854.000000
-11782.000000
-11364.000000
-8087.000000
-5865.000000
-6002.000000
-4934.000000
-3214.000000
-6821.000000
-15561.000000
-20166.000000
-15873.000000
-9700.000000
-8835.000000
-10429.000000
-8860.000000
-5305.000000
-3667.000000
-3360.000000
-2162.000000
-901.000000
-266.000000
1799.000000
5154.000000
5402.000000
1077.000000
-2632.000000
-1655.000000
865.000000
586.000000
-1383.000000
-2402.000000
-3606.000000
-6371.000000
-8209.000000
-6997.000000
-5061.000000
-4564.000000
-3351.000000
12.000000
1649.000000
-1812.000000
-6734.000000
-7351.000000
-4014.000000
-1280.000000
-583.000000
-158.000000
118.000000
-716.000000
-1048.000000
1167.000000
3830.000000
3250.000000
482.000000
244.000000
3784.000000
7513.000000
9046.000000
10116.000000
12365.000000
14184.000000
13616.000000
11705.000000
11013.000000
12600.000000
15840.000000
19647.000000
22625.000000
23468.000000
22564.000000
21959.000000
22542.000000
22648.000000
21075.000000
20077.000000
22912.000000
28932.000000
32767.000000
32767.000000
30546.000000
26163.000000
22516.000000
20939.000000
22280.000000
25177.000000
27005.000000
27400.000000
27360.000000
23961.000000
11542.000000
-8259.000000
-23027.000000
-22177.000000
-9878.000000
494.000000
1856.000000
-2991.000000
-10103.000000
-18223.000000
-24604.000000
-25371.000000
-21035.000000
-15092.000000
-7394.000000
3557.000000
12217.000000
9616.000000
-2742.000000
-12257.000000
-12008.000000
-8988.000000
-10925.000000
-14012.000000
-10840.000000
-3378.000000
71.000000
-3608.000000
-11017.000000
-18884.000000
-25403.000000
-27683.000000
-24179.000000
-18134.000000
-13687.000000
-10401.000000
-6067.000000
-2748.000000
-4774.000000
-11592.000000
-17240.000000
-17127.000000
-12275.000000
-6813.000000
-3691.000000
-2967.000000
-2981.000000
-3088.000000
-5034.000000
-10372.000000
-16995.000000
-20601.000000
-19585.000000
-15964.000000
-11771.000000
-7687.000000
-5041.000000
-5388.000000
-7648.000000
-9009.000000
-8849.000000
-8390.000000
-7021.000000
-3266.000000
872.000000
1452.000000
-1333.000000
-3551.000000
-4250.000000
-6445.000000
-10697.000000
-13330.000000
-12408.000000
-10334.000000
-9078.000000
-7793.000000
-6430.000000
-6540.000000
-7209.000000
-5482.000000
-2099.000000
-1244.000000
-3279.000000
-3760.000000
-1420.000000
-578.000000
-3123.000000
-4682.000000
-2227.000000
620.000000
-75.000000
-2362.000000
-2763.000000
-1835.000000
-1096.000000
954.000000
5241.000000
8665.000000
8771.000000
8243.000000
10498.000000
14230.000000
16430.000000
17451.000000
18892.000000
19620.000000
18194.000000
16591.000000
17477.000000
20009.000000
21664.000000
21843.000000
20879.000000
18539.000000
16152.000000
16556.000000
19123.000000
19265.000000
16122.000000
15510.000000
20862.000000
26670.000000
26530.000000
22632.000000
20886.000000
21366.000000
20801.000000
20161.000000
21846.000000
23254.000000
21549.000000
20633.000000
23501.000000
21782.000000
5551.000000
-17897.000000
-28979.000000
-21138.000000
-8223.000000
-3591.000000
-5094.000000
-5968.000000
-7455.000000
-12196.000000
-15780.000000
-14225.000000
-11393.000000
-10229.000000
-5295.000000
6082.000000
13694.000000
7560.000000
-5273.000000
-10128.000000
-6431.000000
-6279.000000
-13511.000000
-18527.000000
-14864.000000
-8046.000000
-5035.000000
-5901.000000
-9338.000000
-16309.000000
-24020.000000
-25352.000000
-19053.000000
-12654.000000
-10806.000000
-8642.000000
-1954.000000
3763.000000
1407.000000
-6315.000000
-10767.000000
-8808.000000
-4031.000000
157.000000
2593.000000
1900.000000
-2277.000000
-7007.000000
-9663.000000
-12035.000000
-16511.000000
-20243.000000
-18303.000000
-11527.000000
-6124.000000
-5579.000000
-7428.000000
-8277.000000
-7835.000000
-6958.000000
-5170.000000
-1886.000000
1958.000000
4803.000000
5839.000000
4977.000000
2532.000000
-647.000000
-3478.000000
-5347.000000
-6242.000000
-6452.000000
-6222.000000
-5284.000000
-3089.000000
-464.000000
-100.000000
-3287.000000
-6893.000000
-6562.000000
-2739.000000
119.000000
474.000000
1313.000000
3811.000000
4626.000000
2045.000000
-251.000000
772.000000
2304.000000
949.000000
-1081.000000
-201.000000
1881.000000
1729.000000
1241.000000
4382.000000
9092.000000
9764.000000
6812.000000
6368.000000
10337.000000
13903.000000
13933.000000
13000.000000
13320.000000
13244.000000
12238.000000
13272.000000
17017.000000
18927.000000
15759.000000
10766.000000
8877.000000
10326.000000
12301.000000
13636.000000
14743.000000
15681.000000
16927.000000
19435.000000
21886.000000
21069.000000
17049.000000
14386.000000
15834.000000
18420.000000
18459.000000
16897.000000
16744.000000
18381.000000
19924.000000
18885.000000
11558.000000
-4210.000000
-22451.000000
-30731.000000
-23477.000000
-9475.000000
-1226.000000
-1231.000000
-4356.000000
-8674.000000
-15743.000000
-22922.000000
-24121.000000
-17947.000000
-8400.000000
1681.000000
10920.000000
14458.000000
7297.000000
-6532.000000
-16183.000000
-17306.000000
-15840.000000
-16584.000000
-16043.000000
-10547.000000
-4215.000000
-3305.000000
-7732.000000
-13341.000000
-18278.000000
-22102.000000
-22430.000000
-17904.000000
-11722.000000
-7503.000000
-4256.000000
12.000000
2668.000000
-89.000000
-6157.000000
-9519.000000
-8381.000000
-6167.000000
-5091.000000
-3931.000000
-2357.000000
-2459.000000
-5008.000000
-8123.000000
-10522.000000
-12516.000000
-13174.000000
-10447.000000
-5244.000000
-1645.000000
-1467.000000
-1971.000000
-638.000000
1150.000000
1489.000000
1806.000000
4158.000000
6838.000000
6170.000000
1841.000000
-2619.000000
-4503.000000
-4537.000000
-4613.000000
-5187.000000
-5725.000000
-6146.000000
-6714.000000
-7258.000000
-7504.000000
-7690.000000
-8068.000000
-7953.000000
-6310.000000
-3594.000000
-2060.000000
-3225.000000
-5490.000000
-5693.000000
-3109.000000
-378.000000
267.000000
117.000000
1759.000000
4717.000000
5433.000000
1915.000000
-3138.000000
-4777.000000
-961.000000
5344.000000
9303.000000
9182.000000
7771.000000
8639.000000
11946.000000
14983.000000
16090.000000
16125.000000
16281.000000
16694.000000
17562.000000
19350.000000
21231.000000
21649.000000
21064.000000
21435.000000
22238.000000
20537.000000
16523.000000
14888.000000
17954.000000
21452.000000
20772.000000
17818.000000
17153.000000
18687.000000
19388.000000
19368.000000
20353.000000
20404.000000
16659.000000
11677.000000
10275.000000
11452.000000
10859.000000
9733.000000
12152.000000
13718.000000
4236.000000
-15389.000000
-29872.000000
-28538.000000
-18204.000000
-10924.000000
-8384.000000
-6688.000000
-7799.000000
-15078.000000
-23135.000000
-23587.000000
-17487.000000
-11493.000000
-5096.000000
6280.000000
17344.000000
15620.000000
-64.000000
-15880.000000
-21320.000000
-20448.000000
-20485.000000
-20010.000000
-15458.000000
-10581.000000
-11017.000000
-15294.000000
-18809.000000
-21835.000000
-26103.000000
-27807.000000
-22199.000000
-12498.000000
-6394.000000
-5203.000000
-3804.000000
-563.000000
150.000000
-3831.000000
-8333.000000
-8933.000000
-6412.000000
-4048.000000
-3185.000000
-3416.000000
-4422.000000
-5918.000000
-7537.000000
-9417.000000
-11345.000000
-11492.000000
-8086.000000
-2241.000000
2832.000000
5145.000000
4848.000000
2902.000000
933.000000
1133.000000
3742.000000
5799.000000
4905.000000
2618.000000
1206.000000
-773.000000
-5592.000000
-10969.000000
-12498.000000
-10422.000000
-8826.000000
-8825.000000
-8035.000000
-6412.000000
-6499.000000
-7467.000000
-5423.000000
-791.000000
1332.000000
-6.000000
445.000000
4374.000000
5573.000000
130.000000
-5807.000000
-4752.000000
1056.000000
4215.000000
3393.000000
2418.000000
1527.000000
-2109.000000
-6595.000000
-6239.000000
-472.000000
5247.000000
8114.000000
10895.000000
15057.000000
17628.000000
17057.000000
16400.000000
17971.000000
19772.000000
19972.000000
20252.000000
21783.000000
22341.000000
20714.000000
19711.000000
21065.000000
21403.000000
17775.000000
13703.000000
14420.000000
18536.000000
20137.000000
17837.000000
15867.000000
16260.000000
16028.000000
13595.000000
12643.000000
16389.000000
21794.000000
23268.000000
19951.000000
15718.000000
13173.000000
11543.000000
10603.000000
12588.000000
17755.000000
20545.000000
14106.000000
-971.000000
-15526.000000
-21191.000000
-18713.000000
-14868.000000
-13342.000000
-12667.000000
-12237.000000
-14889.000000
-21548.000000
-27648.000000
-28162.000000
-23147.000000
-15150.000000
-4581.000000
7551.000000
14913.000000
10422.000000
-4215.000000
-18988.000000
-26628.000000
-28330.000000
-27496.000000
-23776.000000
-16745.000000
-10629.000000
-10357.000000
-15329.000000
-21222.000000
-25804.000000
-28763.000000
-27800.000000
-20365.000000
-9203.000000
-1113.000000
958.000000
505.000000
852.000000
198.000000
-3962.000000
-8991.000000
-9757.000000
-5682.000000
-1357.000000
-372.000000
-1972.000000
-4276.000000
-7419.000000
-11678.000000
-14924.000000
-14567.000000
-10948.000000
-6424.000000
-1888.000000
3098.000000
6992.000000
6567.000000
1915.000000
-1720.000000
316.000000
6218.000000
10160.000000
9442.000000
6331.000000
3469.000000
797.000000
-2461.000000
-5688.000000
-7970.000000
-9236.000000
-9240.000000
-7413.000000
-4803.000000
-4058.000000
-5955.000000
-7805.000000
-7018.000000
-4527.000000
-2581.000000
-835.000000
2513.000000
6422.000000
7053.000000
2803.000000
-2914.000000
-5156.000000
-2618.000000
1553.000000
3329.000000
1491.000000
-1866.000000
-3843.000000
-3441.000000
-1723.000000
219.000000
2535.000000
5819.000000
10112.000000
15007.000000
19540.000000
21721.000000
20056.000000
16424.000000
15298.000000
18300.000000
21483.000000
20584.000000
17243.000000
16554.000000
19247.000000
20380.000000
16553.000000
10816.000000
8589.000000
11159.000000
15212.000000
17251.000000
16620.000000
14949.000000
13974.000000
13871.000000
13639.000000
13317.000000
14631.000000
17917.000000
20038.000000
18224.000000
14839.000000
14399.000000
16541.000000
16859.000000
14740.000000
14102.000000
14800.000000
10535.000000
-627.000000
-10458.000000
-11486.000000
-8093.000000
-9137.000000
-14125.000000
-16002.000000
-14876.000000
-18090.000000
-26474.000000
-31204.000000
-27032.000000
-19050.000000
-12244.000000
-3629.000000
8777.000000
16967.000000
11653.000000
-4270.000000
-18841.000000
-25010.000000
-24628.000000
-20953.000000
-15089.000000
-9628.000000
-8653.000000
-12485.000000
-17343.000000
-21157.000000
-25079.000000
-28290.000000
-26492.000000
-18095.000000
-8043.000000
-2475.000000
-1928.000000
-2466.000000
-1784.000000
-1394.000000
-3199.000000
-6100.000000
-6881.000000
-3959.000000
430.000000
2285.000000
-47.000000
-4646.000000
-8780.000000
-11308.000000
-12043.000000
-10912.000000
-8834.000000
-7256.000000
-5511.000000
-1357.000000
4065.000000
5364.000000
430.000000
-4508.000000
-2311.000000
4756.000000
7950.000000
4304.000000
-237.000000
-389.000000
1880.000000
2075.000000
-809.000000
-5325.000000
-9959.000000
-12046.000000
-8831.000000
-2566.000000
-230.000000
-4725.000000
-10257.000000
-10194.000000
-5692.000000
-2061.000000
-144.000000
3000.000000
7054.000000
8241.000000
5742.000000
2980.000000
2180.000000
2135.000000
1849.000000
2148.000000
2719.000000
1454.000000
-1858.000000
-4424.000000
-4382.000000
-3015.000000
-1723.000000
507.000000
4899.000000
10199.000000
13826.000000
14393.000000
12395.000000
9869.000000
9711.000000
13310.000000
18240.000000
20348.000000
18767.000000
16711.000000
16524.000000
16534.000000
14348.000000
11104.000000
10161.000000
12576.000000
15792.000000
16695.000000
14808.000000
12339.000000
11545.000000
12452.000000
13635.000000
14814.000000
16859.000000
18850.000000
18050.000000
14677.000000
13364.000000
16413.000000
18873.000000
15568.000000
10300.000000
10761.000000
15226.000000
13176.000000
1094.000000
-11055.000000
-13495.000000
-9175.000000
-6786.000000
-7994.000000
-9357.000000
-11812.000000
-18865.000000
-27530.000000
-30156.000000
-25159.000000
-17961.000000
-10877.000000
-578.000000
11888.000000
16717.000000
6601.000000
-12200.000000
-25446.000000
-25574.000000
-17125.000000
-9455.000000
-7689.000000
-10256.000000
-12538.000000
-12312.000000
-12101.000000
-15615.000000
-21987.000000
-25503.000000
-21845.000000
-12949.000000
-4748.000000
-1475.000000
-2847.000000
-5436.000000
-6071.000000
-4757.000000
-4161.000000
-5270.000000
-4920.000000
-183.000000
5785.000000
6134.000000
-1077.000000
-10229.000000
-14893.000000
-13948.000000
-10133.000000
-6213.000000
-4088.000000
-4305.000000
-4704.000000
-2666.000000
57.000000
-1219.000000
-6080.000000
-7312.000000
-712.000000
7758.000000
9360.000000
3895.000000
-1428.000000
-2218.000000
-657.000000
-238.000000
-1769.000000
-4346.000000
-6177.000000
-4777.000000
-205.000000
2578.000000
-1092.000000
-8359.000000
-11332.000000
-6991.000000
-171.000000
3801.000000
4687.000000
4428.000000
3488.000000
2404.000000
3075.000000
5712.000000
7477.000000
6573.000000
4949.000000
4609.000000
4037.000000
1158.000000
-2449.000000
-3437.000000
-1272.000000
1905.000000
4709.000000
7100.000000
8551.000000
8395.000000
7600.000000
7919.000000
9549.000000
11508.000000
13766.000000
16948.000000
20219.000000
21546.000000
20249.000000
17734.000000
15596.000000
14281.000000
13685.000000
13813.000000
14498.000000
15106.000000
14737.000000
12751.000000
9722.000000
7722.000000
8422.000000
10809.000000
12513.000000
13393.000000
15223.000000
17373.000000
16537.000000
12530.000000
10246.000000
12646.000000
15731.000000
15021.000000
13139.000000
14436.000000
14820.000000
5718.000000
-11433.000000
-23402.000000
-21153.000000
-10666.000000
-3701.000000
-4111.000000
-8614.000000
-15439.000000
-24530.000000
-31945.000000
-31784.000000
-23742.000000
-13098.000000
-3317.000000
5723.000000
11720.000000
8732.000000
-4589.000000
-19700.000000
-25449.000000
-19466.000000
-9559.000000
-4546.000000
-6081.000000
-9685.000000
-11686.000000
-13307.000000
-17570.000000
-23587.000000
-26120.000000
-21596.000000
-12833.000000
-6187.000000
-4985.000000
-7307.000000
-9309.000000
-8853.000000
-6287.000000
-3424.000000
-1747.000000
-644.000000
1765.000000
4946.000000
4757.000000
-1640.000000
-10658.000000
-15079.000000
-12063.000000
-5902.000000
-2571.000000
-3811.000000
-7024.000000
-8768.000000
-7548.000000
-4698.000000
-2986.000000
-3168.000000
-2383.000000
2036.000000
7771.000000
9461.000000
5689.000000
985.000000
-116.000000
1695.000000
2557.000000
398.000000
-3633.000000
-6778.000000
-6601.000000
-3265.000000
-691.000000
-2948.000000
-8433.000000
-10588.000000
-6060.000000
918.000000
4501.000000
4371.000000
3917.000000
4334.000000
4632.000000
5445.000000
8181.000000
11234.000000
11273.000000
8097.000000
4520.000000
1782.000000
-1025.000000
-3157.000000
-2206.000000
1369.000000
3800.000000
3368.000000
2538.000000
3416.000000
4773.000000
5393.000000
6822.000000
10326.000000
14077.000000
15967.000000
16720.000000
17630.000000
17577.000000
15223.000000
12321.000000
11732.000000
13314.000000
14523.000000
14241.000000
13470.000000
12824.000000
11641.000000
9506.000000
7129.000000
5907.000000
7272.000000
11336.000000
15515.000000
16312.000000
13562.000000
10859.000000
10617.000000
11358.000000
11473.000000
12363.000000
15152.000000
17546.000000
17338.000000
15782.000000
13220.000000
5088.000000
-11110.000000
-26802.000000
-28560.000000
-14742.000000
618.000000
3211.000000
-7331.000000
-20925.000000
-29196.000000
-30107.000000
-24850.000000
-15876.000000
-6890.000000
-782.000000
2369.000000
3299.000000
1020.000000
-5212.000000
-12534.000000
-15971.000000
-13470.000000
-7895.000000
-4139.000000
-5051.000000
-9508.000000
-13724.000000
-15235.000000
-15665.000000
-17869.000000
-20486.000000
-18666.000000
-11558.000000
-5345.000000
-5767.000000
-10362.000000
-11952.000000
-8123.000000
-3126.000000
-1088.000000
-1428.000000
-1351.000000
314.000000
2532.000000
3093.000000
77.000000
-5502.000000
-8923.000000
-6471.000000
-890.000000
1050.000000
-3055.000000
-8391.000000
-9463.000000
-6426.000000
-3310.000000
-2487.000000
-3029.000000
-2787.000000
-312.000000
4069.000000
7795.000000
8050.000000
5351.000000
3550.000000
4869.000000
6615.000000
4718.000000
-696.000000
-5321.000000
-5812.000000
-3270.000000
-1592.000000
-3265.000000
-6764.000000
-7970.000000
-4682.000000
451.000000
2766.000000
1283.000000
-329.000000
1177.000000
4860.000000
7911.000000
9380.000000
9839.000000
9166.000000
6818.000000
3386.000000
249.000000
-1543.000000
-1174.000000
1682.000000
5210.000000
5871.000000
2317.000000
-2341.000000
-3817.000000
-1039.000000
4030.000000
9166.000000
12658.000000
13220.000000
11524.000000
10498.000000
11789.000000
13339.000000
12752.000000
11368.000000
12010.000000
14089.000000
14424.000000
12298.000000
10286.000000
10129.000000
10814.000000
10870.000000
10017.000000
8567.000000
7515.000000
8722.000000
12360.000000
14966.000000
13227.000000
9131.000000
7789.000000
10423.000000
13381.000000
14108.000000
13980.000000
14663.000000
15773.000000
16662.000000
16117.000000
9956.000000
-4970.000000
-22240.000000
-27935.000000
-16302.000000
896.000000
6171.000000
-5054.000000
-22008.000000
-31960.000000
-30766.000000
-22046.000000
-12008.000000
-5689.000000
-4012.000000
-3649.000000
-2145.000000
-2092.000000
-6893.000000
-13695.000000
-15374.000000
-9743.000000
-2504.000000
-205.000000
-3818.000000
-9934.000000
-14723.000000
-15848.000000
-13858.000000
-12599.000000
-15038.000000
-18195.000000
-16186.000000
-9260.000000
-5059.000000
-8415.000000
-14204.000000
-14020.000000
-6971.000000
227.000000
2116.000000
-419.000000
-3236.000000
-3737.000000
-2330.000000
-1124.000000
-1563.000000
-2675.000000
-2384.000000
-976.000000
-1479.000000
-5417.000000
-9987.000000
-11129.000000
-7952.000000
-2799.000000
1373.000000
2302.000000
-580.000000
-4378.000000
-4010.000000
2144.000000
9457.000000
12330.000000
10551.000000
7734.000000
5402.000000
2338.000000
-1236.000000
-2992.000000
-2246.000000
-1124.000000
-1387.000000
-2610.000000
-3882.000000
-4887.000000
-4994.000000
-3555.000000
-1402.000000
39.000000
1120.000000
3129.000000
5213.000000
5005.000000
2654.000000
1219.000000
2180.000000
3432.000000
2979.000000
1843.000000
1603.000000
1524.000000
352.000000
-932.000000
-512.000000
1307.000000
2719.000000
3178.000000
3554.000000
4191.000000
4720.000000
5528.000000
7571.000000
10607.000000
13020.000000
13725.000000
13187.000000
12302.000000
11302.000000
10241.000000
9779.000000
10713.000000
12809.000000
14636.000000
14716.000000
12718.000000
9506.000000
6497.000000
5319.000000
7360.000000
12318.000000
17204.000000
18501.000000
15994.000000
13019.000000
12067.000000
12096.000000
11599.000000
11984.000000
15128.000000
19228.000000
20429.000000
17474.000000
11298.000000
1565.000000
-11214.000000
-20576.000000
-18038.000000
-4880.000000
5647.000000
2228.000000
-12063.000000
-24915.000000
-28561.000000
-24056.000000
-15779.000000
-8018.000000
-5026.000000
-7986.000000
-12028.000000
-11564.000000
-8249.000000
-8264.000000
-11995.000000
-13008.000000
-8614.000000
-4867.000000
-7759.000000
-14609.000000
-18213.000000
-15911.000000
-10835.000000
-7193.000000
-7738.000000
-13090.000000
-19806.000000
-21557.000000
-16029.000000
-8807.000000
-6736.000000
-9230.000000
-10255.000000
-7466.000000
-4632.000000
-5042.000000
-7014.000000
-7121.000000
-4661.000000
-1438.000000
590.000000
321.000000
-2079.000000
-4769.000000
-5580.000000
-4369.000000
-2929.000000
-2435.000000
-2314.000000
-1763.000000
-940.000000
-313.000000
48.000000
377.000000
1363.000000
4055.000000
8343.000000
11846.000000
11907.000000
8687.000000
4935.000000
2888.000000
2833.000000
4309.000000
6626.000000
7986.000000
6226.000000
1417.000000
-3470.000000
-5198.000000
-2945.000000
1500.000000
5091.000000
5354.000000
2421.000000
-707.000000
-1203.000000
445.000000
1711.000000
1739.000000
1569.000000
1246.000000
-344.000000
-2449.000000
-2509.000000
-316.000000
946.000000
-499.000000
-2026.000000
-696.000000
2175.000000
3301.000000
2379.000000
1674.000000
2059.000000
2772.000000
4238.000000
7643.000000
11674.000000
13046.000000
11023.000000
8667.000000
8595.000000
10022.000000
11226.000000
12413.000000
14202.000000
15206.000000
13656.000000
10538.000000
8800.000000
9676.000000
11698.000000
13236.000000
14055.000000
14062.000000
12675.000000
10589.000000
10474.000000
13957.000000
18704.000000
20510.000000
18154.000000
14403.000000
12156.000000
11735.000000
12286.000000
13066.000000
11868.000000
5326.000000
-5854.000000
-14069.000000
-11995.000000
-2614.000000
2396.000000
-4209.000000
-17178.000000
-25479.000000
-23826.000000
-15544.000000
-7498.000000
-5305.000000
-10648.000000
-19247.000000
-23021.000000
-18155.000000
-10113.000000
-7256.000000
-10659.000000
-14284.000000
-14424.000000
-13909.000000
-16053.000000
-19047.000000
-18752.000000
-14248.000000
-8641.000000
-6252.000000
-9791.000000
-17694.000000
-23432.000000
-20682.000000
-10966.000000
-3239.000000
-3873.000000
-9672.000000
-12981.000000
-10880.000000
-6437.000000
-3241.000000
-2359.000000
-3440.000000
-5325.000000
-5921.000000
-4217.000000
-2131.000000
-2085.000000
-3345.000000
-3241.000000
-1468.000000
-422.000000
-1309.000000
-2600.000000
-2677.000000
-1613.000000
179.000000
2840.000000
5857.000000
7799.000000
8093.000000
7613.000000
7016.000000
6072.000000
5121.000000
5367.000000
6835.000000
7651.000000
6495.000000
4542.000000
3730.000000
4061.000000
3902.000000
2445.000000
680.000000
25.000000
755.000000
1921.000000
2445.000000
2131.000000
1603.000000
1276.000000
880.000000
172.000000
-571.000000
-1339.000000
-2746.000000
-4550.000000
-4840.000000
-2412.000000
631.000000
840.000000
-2024.000000
-4541.000000
-4135.000000
-1787.000000
498.000000
2520.000000
4630.000000
5692.000000
4546.000000
2521.000000
2366.000000
5054.000000
9117.000000
12649.000000
14432.000000
13702.000000
10752.000000
7863.000000
7807.000000
10763.000000
13875.000000
14517.000000
13164.000000
12413.000000
13725.000000
15851.000000
16330.000000
14190.000000
11046.000000
9639.000000
11337.000000
15090.000000
18602.000000
20146.000000
19407.000000
17237.000000
14871.000000
13071.000000
11965.000000
11681.000000
12265.000000
12256.000000
8685.000000
765.000000
-6956.000000
-8199.000000
-2809.000000
1647.000000
-1957.000000
-12236.000000
-21123.000000
-22244.000000
-15863.000000
-7477.000000
-3820.000000
-8520.000000
-18457.000000
-25095.000000
-22420.000000
-13554.000000
-7211.000000
-8003.000000
-12915.000000
-16882.000000
-18302.000000
-18223.000000
-17262.000000
-15260.000000
-12422.000000
-9554.000000
-8090.000000
-9814.000000
-14649.000000
-18770.000000
-17563.000000
-11290.000000
-5425.000000
-4403.000000
-7244.000000
-10172.000000
-10925.000000
-9166.000000
-5479.000000
-2028.000000
-1855.000000
-5143.000000
-7947.000000
-6896.000000
-3458.000000
-1277.000000
-1129.000000
-1255.000000
-1140.000000
-1662.000000
-2271.000000
-1304.000000
949.000000
2342.000000
2163.000000
1936.000000
2816.000000
4538.000000
6931.000000
9863.000000
11436.000000
9153.000000
3948.000000
502.000000
2042.000000
6591.000000
9714.000000
9367.000000
6692.000000
3694.000000
1838.000000
1793.000000
2819.000000
2994.000000
1498.000000
86.000000
905.000000
3307.000000
4275.000000
2065.000000
-1765.000000
-4223.000000
-3992.000000
-2361.000000
-1490.000000
-2103.000000
-2992.000000
-2880.000000
-2331.000000
-2969.000000
-4797.000000
-5503.000000
-3176.000000
1049.000000
4073.000000
4141.000000
2261.000000
654.000000
651.000000
2133.000000
4175.000000
5944.000000
7272.000000
8506.000000
9697.000000
10176.000000
9362.000000
7913.000000
7545.000000
9302.000000
12126.000000
13671.000000
12927.000000
11738.000000
12797.000000
15987.000000
17863.000000
15740.000000
11381.000000
9153.000000
10896.000000
14256.000000
16068.000000
15673.000000
14420.000000
13483.000000
13017.000000
12465.000000
11104.000000
9182.000000
8461.000000
10004.000000
11309.000000
8128.000000
367.000000
-6209.000000
-6342.000000
-1828.000000
522.000000
-3394.000000
-11224.000000
-17239.000000
-17340.000000
-12058.000000
-6743.000000
-7852.000000
-16332.000000
-25048.000000
-25453.000000
-17083.000000
-8210.000000
-6832.000000
-13138.000000
-21056.000000
-24663.000000
-22151.000000
-15862.000000
-10160.000000
-8235.000000
-9825.000000
-12363.000000
-14173.000000
-15254.000000
-15258.000000
-13041.000000
-8925.000000
-5555.000000
-5337.000000
-8078.000000
-11542.000000
-13039.000000
-10585.000000
-4659.000000
653.000000
749.000000
-4080.000000
-8312.000000
-7513.000000
-3089.000000
523.000000
1228.000000
108.000000
-1152.000000
-1438.000000
-191.000000
1698.000000
2073.000000
420.000000
-666.000000
1156.000000
4433.000000
5987.000000
5413.000000
5013.000000
5983.000000
7222.000000
7599.000000
7097.000000
5946.000000
4789.000000
5311.000000
8251.000000
11040.000000
10120.000000
5849.000000
2502.000000
2887.000000
5393.000000
6956.000000
6495.000000
4516.000000
1771.000000
-412.000000
-550.000000
836.000000
1230.000000
-529.000000
-2650.000000
-3344.000000
-3338.000000
-3918.000000
-4406.000000
-3609.000000
-2225.000000
-1695.000000
-1848.000000
-1701.000000
-1439.000000
-1478.000000
-708.000000
1869.000000
4530.000000
4558.000000
2319.000000
1026.000000
2357.000000
4767.000000
6437.000000
7428.000000
8160.000000
8116.000000
7243.000000
6836.000000
7755.000000
9169.000000
10148.000000
11095.000000
12432.000000
13209.000000
12478.000000
11140.000000
10979.000000
12371.000000
14091.000000
14890.000000
14319.000000
12537.000000
10455.000000
9627.000000
10804.000000
12700.000000
13148.000000
11457.000000
8963.000000
7388.000000
7347.000000
8177.000000
8341.000000
6228.000000
1639.000000
-3238.000000
-5301.000000
-3694.000000
-1187.000000
-1781.000000
-6803.000000
-13408.000000
-16989.000000
-15347.000000
-10892.000000
-8748.000000
-12119.000000
-19032.000000
-23772.000000
-22121.000000
-15623.000000
-10497.000000
-11772.000000
-18310.000000
-23852.000000
-23166.000000
-16890.000000
-10394.000000
-8533.000000
-11726.000000
-16298.000000
-17847.000000
-14819.000000
-9721.000000
-6686.000000
-7312.000000
-9313.000000
-9770.000000
-8625.000000
-7712.000000
-7308.000000
-5826.000000
-2867.000000
-386.000000
-148.000000
-1603.000000
-2959.000000
-2980.000000
-1218.000000
1892.000000
4407.000000
4096.000000
1463.000000
-27.000000
1825.000000
4936.000000
5773.000000
3959.000000
2104.000000
2004.000000
3142.000000
4483.000000
5554.000000
5869.000000
5239.000000
4761.000000
5686.000000
7234.000000
7401.000000
6145.000000
5689.000000
7069.000000
8471.000000
8065.000000
6682.000000
6285.000000
7127.000000
7841.000000
7405.000000
5728.000000
3220.000000
955.000000
429.000000
1771.000000
2843.000000
1507.000000
-1582.000000
-3748.000000
-3649.000000
-2600.000000
-2481.000000
-3462.000000
-4166.000000
-3421.000000
-1514.000000
7.000000
-268.000000
-2080.000000
-3413.000000
-2339.000000
921.000000
3955.000000
4285.000000
1715.000000
-1253.000000
-1544.000000
1538.000000
5507.000000
7255.000000
6191.000000
4290.000000
3456.000000
3953.000000
5355.000000
7503.000000
9932.000000
11577.000000
11901.000000
11502.000000
11037.000000
10570.000000
10560.000000
12018.000000
14519.000000
15545.000000
13481.000000
10244.000000
8979.000000
10004.000000
11120.000000
11236.000000
11115.000000
10808.000000
9177.000000
6458.000000
4724.000000
4986.000000
5959.000000
6317.000000
5798.000000
3558.000000
-1486.000000
-7280.000000
-8969.000000
-5124.000000
-1067.000000
-2953.000000
-10233.000000
-16773.000000
-18056.000000
-14698.000000
-10344.000000
-8970.000000
-12850.000000
-19848.000000
-23655.000000
-20156.000000
-13186.000000
-10570.000000
-14599.000000
-19801.000000
-20433.000000
-16748.000000
-12936.000000
-11955.000000
-13805.000000
-16446.000000
-16959.000000
-13797.000000
-9192.000000
-7514.000000
-9965.000000
-12680.000000
-11540.000000
-7237.000000
-3802.000000
-3330.000000
-4168.000000
-3837.000000
-1829.000000
612.000000
2118.000000
2122.000000
1114.000000
471.000000
1401.000000
3567.000000
5185.000000
4998.000000
3789.000000
3302.000000
4019.000000
4910.000000
5293.000000
5687.000000
6364.000000
6362.000000
5038.000000
3694.000000
4242.000000
6605.000000
8707.000000
8882.000000
7268.000000
5101.000000
3796.000000
4458.000000
6854.000000
8833.000000
8234.000000
5654.000000
3988.000000
4758.000000
6244.000000
5979.000000
3873.000000
1841.000000
1179.000000
1457.000000
1559.000000
739.000000
-1099.000000
-3178.000000
-4048.000000
-3006.000000
-1393.000000
-1429.000000
-3474.000000
-5407.000000
-5266.000000
-3580.000000
-2292.000000
-2201.000000
-2581.000000
-2712.000000
-2499.000000
-1854.000000
-746.000000
163.000000
199.000000
46.000000
1096.000000
3266.000000
4787.000000
4551.000000
3482.000000
3103.000000
3866.000000
5430.000000
7433.000000
9267.000000
10052.000000
9639.000000
9078.000000
9455.000000
10666.000000
11765.000000
12165.000000
12101.000000
12089.000000
12226.000000
12103.000000
11494.000000
10852.000000
10670.000000
10620.000000
10074.000000
9226.000000
8612.000000
7837.000000
6298.000000
4895.000000
5031.000000
5967.000000
5445.000000
3057.000000
529.000000
-1431.000000
-3607.000000
-5375.000000
-5023.000000
-3774.000000
-5459.000000
-10628.000000
-14845.000000
-14788.000000
-12385.000000
-10974.000000
-11294.000000
-13282.000000
-17420.000000
-21605.000000
-21191.000000
-15658.000000
-11186.000000
-12815.000000
-17713.000000
-20013.000000
-18705.000000
-16588.000000
-14918.000000
-13584.000000
-13711.000000
-15516.000000
-15998.000000
-13084.000000
-9762.000000
-9841.000000
-11805.000000
-11316.000000
-8034.000000
-5427.000000
-5011.000000
-4949.000000
-3768.000000
-1830.000000
423.000000
2645.000000
3536.000000
2386.000000
1166.000000
2514.000000
5995.000000
8532.000000
8294.000000
6463.000000
5372.000000
6234.000000
8407.000000
9992.000000
9534.000000
7625.000000
6204.000000
6251.000000
7123.000000
8014.000000
8619.000000
8476.000000
7305.000000
6051.000000
5957.000000
6704.000000
7091.000000
7142.000000
7565.000000
7668.000000
6244.000000
4301.000000
4204.000000
5951.000000
6854.000000
5338.000000
2668.000000
516.000000
-810.000000
-1257.000000
-559.000000
298.000000
-518.000000
-2885.000000
-4331.000000
-3519.000000
-2233.000000
-2651.000000
-4335.000000
-5283.000000
-4693.000000
-3277.000000
-1914.000000
-1339.000000
-2226.000000
-4162.000000
-5150.000000
-3613.000000
-565.000000
1431.000000
1251.000000
21.000000
-757.000000
-577.000000
457.000000
2038.000000
3450.000000
4061.000000
4236.000000
4821.000000
5778.000000
6461.000000
7051.000000
8273.000000
9743.000000
10261.000000
9804.000000
9561.000000
9966.000000
10478.000000
11151.000000
12265.000000
12639.000000
10979.000000
8745.000000
8670.000000
10361.000000
10805.000000
9372.000000
8412.000000
8540.000000
7719.000000
5812.000000
5321.000000
6374.000000
5918.000000
3323.000000
1584.000000
1335.000000
-624.000000
-4666.000000
-6427.000000
-4490.000000
-3711.000000
-7199.000000
-11064.000000
-11285.000000
-9983.000000
-10382.000000
-11304.000000
-11404.000000
-13054.000000
-16769.000000
-17542.000000
-12685.000000
-8048.000000
-10022.000000
-15932.000000
-18735.000000
-17116.000000
-14572.000000
-12420.000000
-10371.000000
-10565.000000
-14249.000000
-17158.000000
-14678.000000
-9359.000000
-7279.000000
-9046.000000
-10291.000000
-9198.000000
-7643.000000
-6239.000000
-3853.000000
-1291.000000
-501.000000
-685.000000
509.000000
2639.000000
3315.000000
2640.000000
2998.000000
4951.000000
6724.000000
7329.000000
7256.000000
6642.000000
5467.000000
4925.000000
6064.000000
7676.000000
7766.000000
6420.000000
5261.000000
4914.000000
4965.000000
5435.000000
6325.000000
6594.000000
5538.000000
4373.000000
4576.000000
5479.000000
5420.000000
4506.000000
4209.000000
4776.000000
5074.000000
4677.000000
4144.000000
3370.000000
1702.000000
-205.000000
-699.000000
286.000000
843.000000
-71.000000
-1280.000000
-1680.000000
-1994.000000
-2995.000000
-3745.000000
-3249.000000
-2408.000000
-2530.000000
-3108.000000
-2967.000000
-2517.000000
-2805.000000
-3289.000000
-2758.000000
-1703.000000
-1485.000000
-1850.000000
-1546.000000
-860.000000
-1094.000000
-1956.000000
-1866.000000
-607.000000
567.000000
1134.000000
1533.000000
1715.000000
1521.000000
1874.000000
3525.000000
5362.000000
5975.000000
5935.000000
6525.000000
7487.000000
8034.000000
8613.000000
9566.000000
9800.000000
8948.000000
8753.000000
10067.000000
10930.000000
10013.000000
9159.000000
9828.000000
10162.000000
8640.000000
7303.000000
7917.000000
8395.000000
6715.000000
4893.000000
5088.000000
5399.000000
3703.000000
1935.000000
2060.000000
1635.000000
-1666.000000
-4860.000000
-4353.000000
-2379.000000
-3226.000000
-6150.000000
-7659.000000
-7860.000000
-8901.000000
-9883.000000
-9053.000000
-8523.000000
-11001.000000
-14049.000000
-13400.000000
-10153.000000
-9041.000000
-11046.000000
-13077.000000
-13659.000000
-13825.000000
-13466.000000
-11721.000000
-10199.000000
-11210.000000
-13374.000000
-13166.000000
-10338.000000
-8005.000000
-7782.000000
-8300.000000
-8184.000000
-7353.000000
-5641.000000
-2986.000000
-735.000000
-341.000000
-961.000000
-408.000000
1767.000000
3942.000000
4808.000000
4511.000000
3819.000000
3515.000000
4254.000000
5862.000000
7077.000000
6901.000000
5862.000000
5238.000000
5434.000000
5802.000000
5712.000000
5219.000000
4843.000000
5023.000000
5695.000000
6220.000000
5873.000000
4554.000000
3037.000000
2432.000000
3167.000000
4370.000000
4564.000000
3244.000000
1394.000000
167.000000
-331.000000
-530.000000
-542.000000
-507.000000
-945.000000
-1889.000000
-2549.000000
-2633.000000
-2946.000000
-3810.000000
-4159.000000
-3317.000000
-2340.000000
-2368.000000
-2977.000000
-3376.000000
-3772.000000
-4251.000000
-3889.000000
-2408.000000
-1203.000000
-1313.000000
-1883.000000
-1866.000000
-1604.000000
-1479.000000
-841.000000
376.000000
852.000000
66.000000
-553.000000
123.000000
1325.000000
2136.000000
2873.000000
3699.000000
3940.000000
3752.000000
4394.000000
5908.000000
6716.000000
6370.000000
6454.000000
7871.000000
9475.000000
10184.000000
10297.000000
10041.000000
9109.000000
8220.000000
8807.000000
10510.000000
11195.000000
10036.000000
8473.000000
7684.000000
7231.000000
6644.000000
6231.000000
5875.000000
4877.000000
3386.000000
2357.000000
1942.000000
1402.000000
616.000000
188.000000
116.000000
-339.000000
-1519.000000
-3080.000000
-4569.000000
-5512.000000
-5543.000000
-5092.000000
-5241.000000
-6386.000000
-7799.000000
-8834.000000
-9482.000000
-9678.000000
-9370.000000
-9281.000000
-10105.000000
-11051.000000
-10839.000000
-9885.000000
-9676.000000
-10301.000000
-10640.000000
-10546.000000
-10620.000000
-10400.000000
-9111.000000
-7684.000000
-7554.000000
-8011.000000
-7258.000000
-5486.000000
-4330.000000
-3956.000000
-3278.000000
-2326.000000
-1789.000000
-1033.000000
819.000000
2640.000000
2793.000000
2028.000000
2326.000000
3750.000000
4880.000000
5361.000000
5650.000000
5395.000000
4395.000000
3998.000000
5205.000000
6629.000000
6509.000000
5411.000000
4883.000000
4886.000000
4636.000000
4429.000000
4641.000000
4458.000000
3469.000000
2921.000000
3570.000000
4036.000000
3012.000000
1394.000000
522.000000
92.000000
-570.000000
-965.000000
-753.000000
-917.000000
-2028.000000
-2995.000000
-2908.000000
-2547.000000
-2803.000000
-3166.000000
-2990.000000
-2763.000000
-2996.000000
-3166.000000
-2774.000000
-2282.000000
-2216.000000
-2359.000000
-2414.000000
-2461.000000
-2406.000000
-1928.000000
-1231.000000
-946.000000
-1177.000000
-1392.000000
-1210.000000
-681.000000
-4.000000
472.000000
401.000000
88.000000
384.000000
1446.000000
2378.000000
2578.000000
2572.000000
3011.000000
3762.000000
4464.000000
5093.000000
5560.000000
5694.000000
5876.000000
6729.000000
7903.000000
8260.000000
7547.000000
6893.000000
7320.000000
8572.000000
9615.000000
9639.000000
8585.000000
7258.000000
6770.000000
7321.000000
7871.000000
7374.000000
5895.000000
4251.000000
3211.000000
3189.000000
3828.000000
3861.000000
2459.000000
627.000000
-22.000000
338.000000
206.000000
-730.000000
-1419.000000
-1548.000000
-1735.000000
-1908.000000
-1697.000000
-2064.000000
-4047.000000
-6301.000000
-6575.000000
-5279.000000
-4756.000000
-5472.000000
-5952.000000
-6081.000000
-7118.000000
-8670.000000
-8980.000000
-8181.000000
-8036.000000
-8610.000000
-8430.000000
-7675.000000
-7876.000000
-8672.000000
-8256.000000
-6861.000000
-6453.000000
-7125.000000
-7079.000000
-6006.000000
-5271.000000
-4980.000000
-4014.000000
-2718.000000
-2481.000000
-2941.000000
-2518.000000
-1368.000000
-922.000000
-1011.000000
-272.000000
1086.000000
1668.000000
1502.000000
1713.000000
2223.000000
2210.000000
2140.000000
2943.000000
3945.000000
3921.000000
3352.000000
3493.000000
4067.000000
3976.000000
3407.000000
3225.000000
3203.000000
2692.000000
2111.000000
2053.000000
1878.000000
862.000000
-274.000000
-527.000000
-338.000000
-755.000000
-1746.000000
-2582.000000
-3044.000000
-3208.000000
-2902.000000
-2282.000000
-2075.000000
-2502.000000
-2811.000000
-2446.000000
-1846.000000
-1587.000000
-1605.000000
-1590.000000
-1410.000000
-925.000000
-173.000000
249.000000
-244.000000
-1307.000000
-1995.000000
-1886.000000
-1269.000000
-596.000000
-327.000000
-824.000000
-1759.000000
-2150.000000
-1565.000000
-698.000000
-279.000000
-150.000000
110.000000
477.000000
854.000000
1368.000000
1889.000000
2077.000000
2144.000000
2695.000000
3643.000000
4253.000000
4357.000000
4486.000000
4824.000000
5061.000000
5259.000000
5725.000000
6164.000000
6096.000000
5890.000000
6216.000000
6770.000000
6744.000000
6220.000000
5876.000000
5721.000000
5400.000000
5214.000000
5526.000000
5674.000000
4844.000000
3546.000000
2897.000000
2927.000000
2851.000000
2511.000000
2266.000000
2019.000000
1560.000000
1306.000000
1553.000000
1623.000000
888.000000
42.000000
164.000000
1037.000000
1514.000000
1105.000000
265.000000
-489.000000
-902.000000
-851.000000
-605.000000
-850.000000
-1845.000000
-2908.000000
-3225.000000
-2786.000000
-2229.000000
-2130.000000
-2681.000000
-3631.000000
-4366.000000
-4429.000000
-4015.000000
-3666.000000
-3592.000000
-3669.000000
-3860.000000
-4170.000000
-4428.000000
-4520.000000
-4577.000000
-4652.000000
-4593.000000
-4501.000000
-4708.000000
-5083.000000
-4995.000000
-4332.000000
-3785.000000
-3800.000000
-3982.000000
-3850.000000
-3429.000000
-2826.000000
-2024.000000
-1284.000000
-939.000000
-677.000000
88.000000
1067.000000
1341.000000
789.000000
241.000000
160.000000
231.000000
244.000000
318.000000
248.000000
-296.000000
-975.000000
-1256.000000
-1453.000000
-2164.000000
-2937.000000
-2786.000000
-1859.000000
-1275.000000
-1437.000000
-1725.000000
-1768.000000
-1764.000000
-1632.000000
-1069.000000
-367.000000
-103.000000
-119.000000
152.000000
554.000000
450.000000
-65.000000
-249.000000
90.000000
440.000000
484.000000
334.000000
-11.000000
-611.000000
-1110.000000
-1067.000000
-688.000000
-599.000000
-972.000000
-1375.000000
-1408.000000
-1105.000000
-777.000000
-771.000000
-1186.000000
-1657.000000
-1629.000000
-1019.000000
-319.000000
19.000000
15.000000
-54.000000
64.000000
548.000000
1352.000000
2073.000000
2330.000000
2270.000000
2363.000000
2785.000000
3309.000000
3724.000000
3986.000000
4071.000000
4016.000000
4045.000000
4344.000000
4780.000000
5058.000000
5080.000000
4974.000000
4868.000000
4781.000000
4679.000000
4528.000000
4373.000000
4323.000000
4365.000000
4301.000000
4009.000000
3620.000000
3282.000000
2990.000000
2791.000000
2810.000000
2901.000000
2710.000000
2281.000000
2111.000000
2322.000000
2402.000000
2113.000000
1942.000000
2222.000000
2509.000000
2395.000000
2238.000000
2490.000000
2936.000000
3208.000000
3419.000000
3672.000000
3591.000000
2973.000000
2257.000000
1794.000000
1291.000000
583.000000
200.000000
445.000000
615.000000
-94.000000
-1432.000000
-2583.000000
-3264.000000
-3666.000000
-3813.000000
-3715.000000
-3761.000000
-4278.000000
-4971.000000
-5363.000000
-5489.000000
-5681.000000
-5953.000000
-6087.000000
-6074.000000
-6037.000000
-5892.000000
-5470.000000
-4890.000000
-4466.000000
-4345.000000
-4420.000000
-4516.000000
-4495.000000
-4242.000000
-3764.000000
-3266.000000
-3039.000000
-3175.000000
-3449.000000
-3535.000000
-3361.000000
-3149.000000
-3066.000000
-3003.000000
-2824.000000
-2607.000000
-2456.000000
-2281.000000
-1993.000000
-1700.000000
-1455.000000
-1088.000000
-582.000000
-272.000000
-342.000000
-407.000000
-51.000000
557.000000
960.000000
1058.000000
1032.000000
950.000000
842.000000
854.000000
955.000000
842.000000
500.000000
414.000000
827.000000
1258.000000
1213.000000
906.000000
811.000000
918.000000
951.000000
931.000000
1045.000000
1239.000000
1337.000000
1303.000000
1114.000000
689.000000
184.000000
-58.000000
-46.000000
-212.000000
-749.000000
-1324.000000
-1630.000000
-1756.000000
-1873.000000
-1964.000000
-2048.000000
-2207.000000
-2301.000000
-2094.000000
-1699.000000
-1472.000000
-1414.000000
-1213.000000
-834.000000
-553.000000
-408.000000
-173.000000
149.000000
325.000000
367.000000
456.000000
500.000000
325.000000
217.000000
631.000000
1430.000000
2031.000000
2259.000000
2442.000000
2720.000000
2906.000000
3055.000000
3437.000000
3964.000000
4256.000000
4332.000000
4601.000000
5101.000000
5403.000000
5335.000000
5215.000000
5275.000000
5392.000000
5503.000000
5727.000000
6003.000000
6091.000000
6032.000000
6128.000000
6392.000000
6500.000000
6368.000000
6272.000000
6308.000000
6199.000000
5822.000000
5484.000000
5444.000000
5515.000000
5367.000000
4949.000000
4434.000000
3916.000000
3338.000000
2593.000000
1646.000000
633.000000
-138.000000
-470.000000
-545.000000
-779.000000
-1396.000000
-2245.000000
-3010.000000
-3521.000000
-3843.000000
-4162.000000
-4574.000000
-4991.000000
-5290.000000
-5532.000000
-5924.000000
-6556.000000
-7334.000000
-8130.000000
-8836.000000
-9298.000000
-9434.000000
-9418.000000
-9525.000000
-9755.000000
-9848.000000
-9674.000000
-9359.000000
-8999.000000
-8547.000000
-8034.000000
-7561.000000
-7036.000000
-6245.000000
-5276.000000
-4534.000000
-4171.000000
-3842.000000
-3202.000000
-2367.000000
-1662.000000
-1192.000000
-876.000000
-639.000000
-379.000000
32.000000
506.000000
740.000000
665.000000
667.000000
1070.000000
1660.000000
2024.000000
2136.000000
2273.000000
2494.000000
2636.000000
2722.000000
2951.000000
3295.000000
3479.000000
3449.000000
3451.000000
3552.000000
3475.000000
3084.000000
2669.000000
2511.000000
2461.000000
2216.000000
1766.000000
1300.000000
909.000000
652.000000
642.000000
774.000000
625.000000
2.000000
-657.000000
-825.000000
-613.000000
-519.000000
-653.000000
-740.000000
-745.000000
-932.000000
-1321.000000
-1631.000000
-1786.000000
-1974.000000
-2181.000000
-2181.000000
-2032.000000
-2045.000000
-2221.000000
-2234.000000
-2052.000000
-1993.000000
-2083.000000
-1916.000000
-1348.000000
-755.000000
-413.000000
-137.000000
232.000000
543.000000
756.000000
1147.000000
1815.000000
2472.000000
2990.000000
3615.000000
4370.000000
4817.000000
4752.000000
4665.000000
5049.000000
5722.000000
6222.000000
6463.000000
6608.000000
6626.000000
6465.000000
6335.000000
6431.000000
6587.000000
6551.000000
6391.000000
6297.000000
6252.000000
6157.000000
6070.000000
6008.000000
5796.000000
5375.000000
5013.000000
4931.000000
4955.000000
4827.000000
4600.000000
4468.000000
4404.000000
4247.000000
3993.000000
3729.000000
3465.000000
3189.000000
2948.000000
2680.000000
2199.000000
1466.000000
701.000000
32.000000
-686.000000
-1537.000000
-2312.000000
-2824.000000
-3226.000000
-3764.000000
-4431.000000
-5066.000000
-5629.000000
-6132.000000
-6496.000000
-6679.000000
-6802.000000
-6980.000000
-7137.000000
-7185.000000
-7210.000000
-7332.000000
-7512.000000
-7652.000000
-7752.000000
-7838.000000
-7858.000000
-7768.000000
-7614.000000
-7423.000000
-7159.000000
-6870.000000
-6695.000000
-6624.000000
-6450.000000
-6056.000000
-5552.000000
-5016.000000
-4332.000000
-3460.000000
-2640.000000
-2117.000000
-1811.000000
-1492.000000
-1113.000000
-775.000000
-472.000000
-135.000000
168.000000
301.000000
295.000000
284.000000
285.000000
220.000000
103.000000
15.000000
-54.000000
-151.000000
-154.000000
91.000000
459.000000
601.000000
400.000000
153.000000
194.000000
504.000000
821.000000
968.000000
960.000000
866.000000
718.000000
525.000000
292.000000
50.000000
-126.000000
-166.000000
-111.000000
-109.000000
-275.000000
-590.000000
-947.000000
-1232.000000
-1343.000000
-1235.000000
-996.000000
-780.000000
-653.000000
-551.000000
-446.000000
-423.000000
-534.000000
-658.000000
-621.000000
-383.000000
-37.000000
330.000000
676.000000
953.000000
1136.000000
1306.000000
1576.000000
1928.000000
2219.000000
2413.000000
2680.000000
3171.000000
3776.000000
4230.000000
4426.000000
4501.000000
4625.000000
4818.000000
5020.000000
5199.000000
5335.000000
5417.000000
5500.000000
5660.000000
5824.000000
5788.000000
5505.000000
5229.000000
5202.000000
5326.000000
5322.000000
5133.000000
4922.000000
4748.000000
4519.000000
4228.000000
4000.000000
3840.000000
3578.000000
3137.000000
2648.000000
2245.000000
1903.000000
1551.000000
1177.000000
778.000000
369.000000
51.000000
-92.000000
-142.000000
-233.000000
-315.000000
-254.000000
-117.000000
-114.000000
-241.000000
-282.000000
-157.000000
-1.000000
117.000000
265.000000
391.000000
329.000000
122.000000
-15.000000
-75.000000
-285.000000
-654.000000
-893.000000
-904.000000
-950.000000
-1210.000000
-1497.000000
-1650.000000
-1821.000000
-2154.000000
-2484.000000
-2610.000000
-2596.000000
-2557.000000
-2452.000000
-2291.000000
-2288.000000
-2550.000000
-2831.000000
-2885.000000
-2824.000000
-2895.000000
-3097.000000
-3268.000000
-3366.000000
-3448.000000
-3508.000000
-3548.000000
-3648.000000
-3826.000000
-3949.000000
-3931.000000
-3843.000000
-3733.000000
-3550.000000
-3338.000000
-3266.000000
-3330.000000
-3301.000000
-3100.000000
-2939.000000
-2941.000000
-2931.000000
-2777.000000
-2647.000000
-2711.000000
-2855.000000
-2932.000000
-3033.000000
-3237.000000
-3394.000000
-3367.000000
-3302.000000
-3369.000000
-3474.000000
-3451.000000
-3345.000000
-3259.000000
-3113.000000
-2813.000000
-2448.000000
-2108.000000
-1698.000000
-1167.000000
-711.000000
-481.000000
-301.000000
86.000000
644.000000
1146.000000
1474.000000
1625.000000
1641.000000
1703.000000
2060.000000
2654.000000
3064.000000
3038.000000
2842.000000
2829.000000
2963.000000
3043.000000
3092.000000
3201.000000
3247.000000
3116.000000
2964.000000
2912.000000
2763.000000
2364.000000
1995.000000
1970.000000
2087.000000
1935.000000
1531.000000
1224.000000
1098.000000
964.000000
803.000000
744.000000
710.000000
506.000000
240.000000
213.000000
420.000000
566.000000
529.000000
450.000000
390.000000
305.000000
273.000000
401.000000
532.000000
430.000000
204.000000
174.000000
357.000000
474.000000
420.000000
362.000000
393.000000
454.000000
567.000000
799.000000
1027.000000
1084.000000
1103.000000
1327.000000
1678.000000
1846.000000
1809.000000
1838.000000
2048.000000
2285.000000
2479.000000
2705.000000
2930.000000
3030.000000
3078.000000
3286.000000
3637.000000
3923.000000
4117.000000
4388.000000
4770.000000
5093.000000
5288.000000
5443.000000
5589.000000
5682.000000
5757.000000
5875.000000
5939.000000
5823.000000
5579.000000
5314.000000
4963.000000
4446.000000
3894.000000
3464.000000
3061.000000
2505.000000
1822.000000
1126.000000
379.000000
-445.000000
-1151.000000
-1594.000000
-1974.000000
-2560.000000
-3299.000000
-3978.000000
-4595.000000
-5225.000000
-5750.000000
-6055.000000
-6333.000000
-6823.000000
-7429.000000
-7893.000000
-8202.000000
-8491.000000
-8733.000000
-8861.000000
-8990.000000
-9207.000000
-9305.000000
-9092.000000
-8738.000000
-8519.000000
-8381.000000
-8102.000000
-7682.000000
-7252.000000
-6785.000000
-6204.000000
-5627.000000
-5166.000000
-4683.000000
-4041.000000
-3395.000000
-2924.000000
-2493.000000
-1909.000000
-1289.000000
-834.000000
-458.000000
27.000000
558.000000
979.000000
1365.000000
1852.000000
2337.000000
2665.000000
2942.000000
3340.000000
3776.000000
4083.000000
4333.000000
4657.000000
4951.000000
5076.000000
5150.000000
5344.000000
5534.000000
5487.000000
5249.000000
5036.000000
4892.000000
4715.000000
4514.000000
4314.000000
3997.000000
3483.000000
2965.000000
2648.000000
2410.000000
1991.000000
1400.000000
845.000000
376.000000
-119.000000
-657.000000
-1155.000000
-1619.000000
-2117.000000
-2622.000000
-3089.000000
-3603.000000
-4219.000000
-4766.000000
-5027.000000
-5065.000000
-5131.000000
-5335.000000
-5570.000000
-5717.000000
-5731.000000
-5584.000000
-5288.000000
-4956.000000
-4668.000000
-4352.000000
-3910.000000
-3403.000000
-2939.000000
-2471.000000
-1882.000000
-1203.000000
-587.000000
-79.000000
426.000000
1019.000000
1688.000000
2392.000000
3091.000000
3706.000000
4187.000000
4610.000000
5123.000000
5745.000000
6323.000000
6729.000000
7011.000000
7299.000000
7637.000000
7956.000000
8181.000000
8293.000000
8282.000000
8148.000000
7954.000000
7807.000000
7747.000000
7677.000000
7489.000000
7188.000000
6857.000000
6526.000000
6166.000000
5787.000000
5431.000000
5105.000000
4785.000000
4475.000000
4172.000000
3803.000000
3310.000000
2761.000000
2285.000000
1896.000000
1493.000000
992.000000
399.000000
-231.000000
-832.000000
-1353.000000
-1846.000000
-2444.000000
-3157.000000
-3788.000000
-4174.000000
-4426.000000
-4768.000000
-5239.000000
-5727.000000
-6173.000000
-6538.000000
-6706.000000
-6637.000000
-6538.000000
-6642.000000
-6899.000000
-7091.000000
-7177.000000
-7238.000000
-7200.000000
-6925.000000
-6544.000000
-6346.000000
-6344.000000
-6259.000000
-5939.000000
-5494.000000
-5033.000000
-4552.000000
-4090.000000
-3727.000000
-3390.000000
-2911.000000
-2304.000000
-1746.000000
-1286.000000
-811.000000
-303.000000
120.000000
425.000000
689.000000
939.000000
1145.000000
1364.000000
1646.000000
1863.000000
1878.000000
1792.000000
1794.000000
1824.000000
1705.000000
1489.000000
1379.000000
1368.000000
1293.000000
1164.000000
1111.000000
1045.000000
771.000000
372.000000
149.000000
148.000000
110.000000
-101.000000
-371.000000
-637.000000
-971.000000
-1305.000000
-1436.000000
-1373.000000
-1377.000000
-1578.000000
-1817.000000
-1932.000000
-1954.000000
-1952.000000
-1916.000000
-1856.000000
-1816.000000
-1766.000000
-1650.000000
-1537.000000
-1533.000000
-1574.000000
-1498.000000
-1297.000000
-1094.000000
-941.000000
-818.000000
-756.000000
-744.000000
-620.000000
-274.000000
109.000000
285.000000
321.000000
481.000000
816.000000
1152.000000
1423.000000
1710.000000
2008.000000
2241.000000
2492.000000
2923.000000
3462.000000
3847.000000
3995.000000
4099.000000
4339.000000
4695.000000
5080.000000
5443.000000
5718.000000
5845.000000
5876.000000
5938.000000
6080.000000
6259.000000
6428.000000
6545.000000
6551.000000
6434.000000
6261.000000
6072.000000
5839.000000
5574.000000
5356.000000
5148.000000
4770.000000
4170.000000
3549.000000
3083.000000
2687.000000
2205.000000
1660.000000
1147.000000
643.000000
117.000000
-328.000000
-626.000000
-909.000000
-1318.000000
-1762.000000
-2065.000000
-2246.000000
-2458.000000
-2728.000000
-2960.000000
-3109.000000
-3221.000000
-3326.000000
-3427.000000
-3540.000000
-3660.000000
-3737.000000
-3772.000000
-3831.000000
-3922.000000
-3954.000000
-3867.000000
-3707.000000
-3541.000000
-3408.000000
-3382.000000
-3496.000000
-3592.000000
-3439.000000
-3061.000000
-2733.000000
-2612.000000
-2569.000000
-2466.000000
-2358.000000
-2309.000000
-2242.000000
-2101.000000
-1965.000000
-1868.000000
-1695.000000
-1411.000000
-1193.000000
-1165.000000
-1177.000000
-1012.000000
-701.000000
-428.000000
-270.000000
-155.000000
-13.000000
167.000000
381.000000
571.000000
640.000000
574.000000
493.000000
499.000000
546.000000
519.000000
368.000000
129.000000
-124.000000
-300.000000
-377.000000
-476.000000
-754.000000
-1167.000000
-1515.000000
-1692.000000
-1797.000000
-1926.000000
-2049.000000
-2144.000000
-2291.000000
-2522.000000
-2734.000000
-2837.000000
-2883.000000
-2933.000000
-2928.000000
-2834.000000
-2758.000000
-2814.000000
-2927.000000
-2926.000000
-2775.000000
-2571.000000
-2377.000000
-2170.000000
-1948.000000
-1757.000000
-1590.000000
-1371.000000
-1055.000000
-692.000000
-352.000000
-50.000000
240.000000
523.000000
794.000000
1062.000000
1348.000000
1657.000000
1972.000000
2260.000000
2512.000000
2740.000000
2956.000000
3160.000000
3344.000000
3518.000000
3704.000000
3899.000000
4076.000000
4206.000000
4304.000000
4403.000000
4501.000000
4575.000000
4628.000000
4690.000000
4749.000000
4734.000000
4617.000000
4469.000000
4369.000000
4294.000000
4186.000000
4051.000000
3928.000000
3776.000000
3513.000000
3178.000000
2909.000000
2765.000000
2669.000000
2547.000000
2392.000000
2183.000000
1873.000000
1516.000000
1261.000000
1144.000000
1023.000000
775.000000
460.000000
195.000000
-22.000000
-262.000000
-538.000000
-818.000000
-1090.000000
-1328.000000
-1473.000000
-1546.000000
-1657.000000
-1860.000000
-2069.000000
-2201.000000
-2280.000000
-2364.000000
-2435.000000
-2467.000000
-2475.000000
-2465.000000
-2408.000000
-2339.000000
-2345.000000
-2416.000000
-2421.000000
-2315.000000
-2203.000000
-2149.000000
-2074.000000
-1922.000000
-1784.000000
-1727.000000
-1674.000000
-1542.000000
-1375.000000
-1228.000000
-1049.000000
-823.000000
-650.000000
-582.000000
-507.000000
-328.000000
-138.000000
-57.000000
-45.000000
-10.000000
16.000000
-39.000000
-131.000000
-185.000000
-220.000000
-282.000000
-339.000000
-367.000000
-438.000000
-592.000000
-728.000000
-748.000000
-702.000000
-692.000000
-709.000000
-710.000000
-726.000000
-786.000000
-833.000000
-833.000000
-845.000000
-904.000000
-932.000000
-893.000000
-898.000000
-1039.000000
-1241.000000
-1376.000000
-1430.000000
-1446.000000
-1419.000000
-1381.000000
-1446.000000
-1649.000000
-1839.000000
-1868.000000
-1782.000000
-1708.000000
-1669.000000
-1622.000000
-1584.000000
-1580.000000
-1556.000000
-1476.000000
-1397.000000
-1363.000000
-1295.000000
-1123.000000
-927.000000
-818.000000
-768.000000
-664.000000
-472.000000
-229.000000
36.000000
293.000000
479.000000
599.000000
768.000000
1057.000000
1384.000000
1636.000000
1815.000000
1979.000000
2122.000000
2212.000000
2273.000000
2338.000000
2388.000000
2412.000000
2449.000000
2502.000000
2489.000000
2372.000000
2242.000000
2192.000000
2186.000000
2162.000000
2137.000000
2146.000000
2152.000000
2114.000000
2068.000000
2058.000000
2056.000000
2044.000000
2067.000000
2147.000000
2205.000000
2173.000000
2110.000000
2101.000000
2128.000000
2124.000000
2089.000000
2063.000000
2042.000000
2005.000000
1973.000000
1960.000000
1922.000000
1825.000000
1718.000000
1651.000000
1589.000000
1475.000000
1327.000000
1188.000000
1045.000000
873.000000
688.000000
508.000000
306.000000
68.000000
-151.000000
-314.000000
-469.000000
-668.000000
-880.000000
-1051.000000
-1189.000000
-1320.000000
-1423.000000
-1473.000000
-1525.000000
-1622.000000
-1719.000000
-1746.000000
-1727.000000
-1733.000000
-1764.000000
-1775.000000
-1771.000000
-1792.000000
-1828.000000
-1840.000000
-1840.000000
-1860.000000
-1866.000000
-1814.000000
-1737.000000
-1722.000000
-1765.000000
-1781.000000
-1717.000000
-1604.000000
-1470.000000
-1327.000000
-1208.000000
-1136.000000
-1072.000000
-948.000000
-771.000000
-605.000000
-467.000000
-318.000000
-156.000000
-24.000000
73.000000
174.000000
290.000000
397.000000
509.000000
667.000000
838.000000
941.000000
964.000000
981.000000
1039.000000
1116.000000
1196.000000
1281.000000
1339.000000
1307.000000
1209.000000
1138.000000
1124.000000
1090.000000
984.000000
846.000000
713.000000
566.000000
384.000000
197.000000
20.000000
-167.000000
-358.000000
-507.000000
-629.000000
-802.000000
-1049.000000
-1283.000000
-1428.000000
-1512.000000
-1599.000000
-1712.000000
-1843.000000
-1998.000000
-2158.000000
-2275.000000
-2351.000000
-2434.000000
-2530.000000
-2584.000000
-2579.000000
-2586.000000
-2660.000000
-2750.000000
-2779.000000
-2728.000000
-2613.000000
-2456.000000
-2292.000000
-2172.000000
-2081.000000
-1938.000000
-1704.000000
-1442.000000
-1215.000000
-996.000000
-738.000000
-458.000000
-193.000000
60.000000
315.000000
556.000000
779.000000
1024.000000
1298.000000
1546.000000
1725.000000
1882.000000
2081.000000
2311.000000
2523.000000
2697.000000
2837.000000
2935.000000
3003.000000
3092.000000
3226.000000
3344.000000
3387.000000
3369.000000
3344.000000
3311.000000
3246.000000
3160.000000
3081.000000
2997.000000
2889.000000
2768.000000
2641.000000
2478.000000
2264.000000
2048.000000
1892.000000
1771.000000
1615.000000
1410.000000
1197.000000
1002.000000
816.000000
634.000000
447.000000
239.000000
4.000000
-223.000000
-412.000000
-596.000000
-822.000000
-1070.000000
-1278.000000
-1430.000000
-1569.000000
-1725.000000
-1889.000000
-2046.000000
-2176.000000
-2250.000000
-2251.000000
-2221.000000
-2214.000000
-2226.000000
-2204.000000
-2132.000000
-2034.000000
-1922.000000
-1779.000000
-1607.000000
-1440.000000
-1285.000000
-1123.000000
-947.000000
-772.000000
-592.000000
-382.000000
-147.000000
78.000000
278.000000
468.000000
661.000000
848.000000
1034.000000
1242.000000
1459.000000
1643.000000
1776.000000
1881.000000
1985.000000
2090.000000
2196.000000
2296.000000
2364.000000
2372.000000
2333.000000
2291.000000
2258.000000
2206.000000
2122.000000
2031.000000
1943.000000
1834.000000
1687.000000
1516.000000
1337.000000
1157.000000
992.000000
853.000000
709.000000
512.000000
261.000000
11.000000
-208.000000
-422.000000
-655.000000
-888.000000
-1103.000000
-1318.000000
-1555.000000
-1805.000000
-2054.000000
-2296.000000
-2520.000000
-2695.000000
-2822.000000
-2938.000000
-3070.000000
-3197.000000
-3283.000000
-3332.000000
-3359.000000
-3371.000000
-3364.000000
-3343.000000
-3308.000000
-3246.000000
-3149.000000
-3036.000000
-2921.000000
-2805.000000
-2682.000000
-2555.000000
-2414.000000
-2247.000000
-2053.000000
-1854.000000
-1656.000000
-1451.000000
-1238.000000
-1039.000000
-849.000000
-640.000000
-390.000000
-126.000000
117.000000
329.000000
519.000000
697.000000
873.000000
1050.000000
1221.000000
1368.000000
1490.000000
1609.000000
1732.000000
1838.000000
1899.000000
1923.000000
1942.000000
1986.000000
2056.000000
2111.000000
2107.000000
2041.000000
1964.000000
1927.000000
1932.000000
1930.000000
1879.000000
1774.000000
1642.000000
1511.000000
1395.000000
1276.000000
1124.000000
945.000000
782.000000
661.000000
550.000000
398.000000
201.000000
5.000000
-142.000000
-230.000000
-289.000000
-356.000000
-457.000000
-571.000000
-648.000000
-662.000000
-635.000000
-613.000000
-612.000000
-612.000000
-587.000000
-529.000000
-452.000000
-369.000000
-289.000000
-201.000000
-91.000000
41.000000
184.000000
329.000000
478.000000
635.000000
806.000000
990.000000
1173.000000
1333.000000
1468.000000
1610.000000
1780.000000
1963.000000
2117.000000
2228.000000
2312.000000
2382.000000
2438.000000
2478.000000
2503.000000
2503.000000
2473.000000
2428.000000
2381.000000
2317.000000
2206.000000
2051.000000
1892.000000
1759.000000
1644.000000
1518.000000
1349.000000
1129.000000
883.000000
650.000000
453.000000
265.000000
54.000000
-179.000000
-405.000000
-622.000000
-847.000000
-1086.000000
-1325.000000
-1553.000000
-1760.000000
-1936.000000
-2079.000000
-2218.000000
-2375.000000
-2528.000000
-2640.000000
-2708.000000
-2767.000000
-2831.000000
-2882.000000
-2904.000000
-2905.000000
-2892.000000
-2864.000000
-2822.000000
-2780.000000
-2739.000000
-2688.000000
-2616.000000
-2528.000000
-2428.000000
-2316.000000
-2202.000000
-2095.000000
-1994.000000
-1886.000000
-1764.000000
-1626.000000
-1473.000000
-1305.000000
-1129.000000
-966.000000
-832.000000
-723.000000
-619.000000
-500.000000
-360.000000
-213.000000
-81.000000
17.000000
83.000000
128.000000
166.000000
203.000000
243.000000
279.000000
303.000000
311.000000
308.000000
295.000000
267.000000
224.000000
183.000000
165.000000
173.000000
182.000000
164.000000
117.000000
56.000000
1.000000
-35.000000
-52.000000
-68.000000
-103.000000
-152.000000
-191.000000
-206.000000
-211.000000
-224.000000
-240.000000
-232.000000
-196.000000
-149.000000
-107.000000
-67.000000
-13.000000
59.000000
148.000000
241.000000
324.000000
395.000000
473.000000
574.000000
691.000000
802.000000
904.000000
1002.000000
1100.000000
1190.000000
1282.000000
1388.000000
1498.000000
1596.000000
1690.000000
1800.000000
1919.000000
2013.000000
2083.000000
2160.000000
2265.000000
2378.000000
2470.000000
2534.000000
2573.000000
2588.000000
2600.000000
2634.000000
2672.000000
2671.000000
2619.000000
2548.000000
2483.000000
2412.000000
2317.000000
2203.000000
2091.000000
1985.000000
1882.000000
1776.000000
1645.000000
1474.000000
1286.000000
1124.000000
997.000000
871.000000
717.000000
540.000000
354.000000
161.000000
-36.000000
-219.000000
-389.000000
-557.000000
-724.000000
-882.000000
-1026.000000
-1170.000000
-1317.000000
-1452.000000
-1563.000000
-1652.000000
-1724.000000
-1784.000000
-1844.000000
-1903.000000
-1938.000000
-1936.000000
-1918.000000
-1920.000000
-1936.000000
-1938.000000
-1914.000000
-1871.000000
-1812.000000
-1740.000000
-1671.000000
-1617.000000
-1561.000000
-1485.000000
-1398.000000
-1322.000000
-1246.000000
-1146.000000
-1023.000000
-899.000000
-786.000000
-685.000000
-601.000000
-531.000000
-453.000000
-350.000000
-243.000000
-165.000000
-119.000000
-88.000000
-70.000000
-64.000000
-65.000000
-62.000000
-69.000000
-99.000000
-146.000000
-195.000000
-255.000000
-340.000000
-432.000000
-506.000000
-562.000000
-619.000000
-694.000000
-787.000000
-892.000000
-997.000000
-1091.000000
-1172.000000
-1256.000000
-1347.000000
-1439.000000
-1526.000000
-1605.000000
-1672.000000
-1724.000000
-1765.000000
-1802.000000
-1825.000000
-1819.000000
-1790.000000
-1758.000000
-1721.000000
-1656.000000
-1558.000000
-1442.000000
-1318.000000
-1182.000000
-1041.000000
-892.000000
-723.000000
-523.000000
-312.000000
-110.000000
85.000000
289.000000
498.000000
701.000000
907.000000
1123.000000
1335.000000
1525.000000
1711.000000
1915.000000
2119.000000
2295.000000
2454.000000
2621.000000
2793.000000
2943.000000
3066.000000
3173.000000
3261.000000
3319.000000
3364.000000
3413.000000
3450.000000
3443.000000
3395.000000
3333.000000
3262.000000
3172.000000
3068.000000
2961.000000
2844.000000
2700.000000
2538.000000
2370.000000
2197.000000
2016.000000
1837.000000
1670.000000
1495.000000
1302.000000
1108.000000
925.000000
737.000000
522.000000
300.000000
99.000000
-81.000000
-261.000000
-447.000000
-631.000000
-812.000000
-981.000000
-1130.000000
-1259.000000
-1387.000000
-1506.000000
-1594.000000
-1650.000000
-1700.000000
-1760.000000
-1805.000000
-1822.000000
-1826.000000
-1827.000000
-1816.000000
-1789.000000
-1763.000000
-1735.000000
-1681.000000
-1608.000000
-1547.000000
-1511.000000
-1465.000000
-1386.000000
-1295.000000
-1206.000000
-1113.000000
-1016.000000
-927.000000
-845.000000
-746.000000
-628.000000
-523.000000
-444.000000
-367.000000
-277.000000
-188.000000
-118.000000
-59.000000
-10.000000
23.000000
48.000000
78.000000
102.000000
88.000000
42.000000
2.000000
-19.000000
-50.000000
-111.000000
-180.000000
-235.000000
-282.000000
-340.000000
-411.000000
-488.000000
-575.000000
-667.000000
-752.000000
-839.000000
-936.000000
-1036.000000
-1124.000000
-1205.000000
-1294.000000
-1387.000000
-1471.000000
-1550.000000
-1631.000000
-1702.000000
-1746.000000
-1768.000000
-1783.000000
-1791.000000
-1783.000000
-1761.000000
-1736.000000
-1697.000000
-1629.000000
-1543.000000
-1452.000000
-1353.000000
-1233.000000
-1103.000000
-979.000000
-851.000000
-702.000000
-541.000000
-380.000000
-217.000000
-45.000000
127.000000
293.000000
471.000000
669.000000
869.000000
1047.000000
1219.000000
1401.000000
1581.000000
1738.000000
1885.000000
2037.000000
2185.000000
2305.000000
2404.000000
2499.000000
2590.000000
2658.000000
2699.000000
2725.000000
2735.000000
2726.000000
2704.000000
2677.000000
2635.000000
2569.000000
2490.000000
2411.000000
2330.000000
2234.000000
2121.000000
1999.000000
1870.000000
1734.000000
1602.000000
1474.000000
1341.000000
1195.000000
1040.000000
887.000000
733.000000
572.000000
412.000000
259.000000
120.000000
-8.000000
-123.000000
-229.000000
-333.000000
-431.000000
-513.000000
-575.000000
-628.000000
-677.000000
-722.000000
-762.000000
-790.000000
-801.000000
-787.000000
-760.000000
-736.000000
-712.000000
-674.000000
-628.000000
-591.000000
-565.000000
-535.000000
-491.000000
-440.000000
-388.000000
-331.000000
-268.000000
-213.000000
-167.000000
-117.000000
-58.000000
-2.000000
34.000000
59.000000
80.000000
101.000000
116.000000
125.000000
124.000000
109.000000
83.000000
52.000000
12.000000
-47.000000
-119.000000
-187.000000
-248.000000
-317.000000
-406.000000
-498.000000
-577.000000
-650.000000
-734.000000
-835.000000
-942.000000
-1039.000000
-1130.000000
-1222.000000
-1317.000000
-1411.000000
-1497.000000
-1571.000000
-1632.000000
-1690.000000
-1751.000000
-1814.000000
-1871.000000
-1914.000000
-1941.000000
-1960.000000
-1974.000000
-1983.000000
-1976.000000
-1948.000000
-1906.000000
-1855.000000
-1796.000000
-1727.000000
-1643.000000
-1542.000000
-1430.000000
-1313.000000
-1193.000000
-1071.000000
-939.000000
-795.000000
-643.000000
-490.000000
-339.000000
-192.000000
-45.000000
106.000000
271.000000
445.000000
616.000000
774.000000
920.000000
1060.000000
1194.000000
1323.000000
1446.000000
1560.000000
1657.000000
1735.000000
1800.000000
1865.000000
1924.000000
1968.000000
1988.000000
1990.000000
1983.000000
1963.000000
1925.000000
1876.000000
1818.000000
1751.000000
1668.000000
1572.000000
1472.000000
1368.000000
1259.000000
1144.000000
1021.000000
892.000000
759.000000
629.000000
505.000000
385.000000
266.000000
149.000000
43.000000
-53.000000
-142.000000
-232.000000
-315.000000
-381.000000
-427.000000
-461.000000
-489.000000
-517.000000
-534.000000
-527.000000
-492.000000
-444.000000
-398.000000
-356.000000
-300.000000
-219.000000
-125.000000
-36.000000
50.000000
148.000000
263.000000
379.000000
482.000000
578.000000
686.000000
808.000000
930.000000
1037.000000
1131.000000
1216.000000
1294.000000
1364.000000
1427.000000
1484.000000
1539.000000
1587.000000
1618.000000
1625.000000
1608.000000
1577.000000
1543.000000
1500.000000
1444.000000
1371.000000
1284.000000
1182.000000
1065.000000
935.000000
797.000000
653.000000
502.000000
337.000000
165.000000
-11.000000
-190.000000
-379.000000
-578.000000
-783.000000
-984.000000
-1175.000000
-1357.000000
-1535.000000
-1719.000000
-1908.000000
-2094.000000
-2265.000000
-2412.000000
-2542.000000
-2667.000000
-2792.000000
-2900.000000
-2979.000000
-3036.000000
-3084.000000
-3132.000000
-3169.000000
-3182.000000
-3168.000000
-3132.000000
-3081.000000
-3022.000000
-2948.000000
-2850.000000
-2722.000000
-2578.000000
-2433.000000
-2283.000000
-2115.000000
-1930.000000
-1738.000000
-1547.000000
-1353.000000
-1150.000000
-937.000000
-721.000000
-499.000000
-278.000000
-55.000000
167.000000
385.000000
589.000000
777.000000
958.000000
1147.000000
1340.000000
1520.000000
1672.000000
1799.000000
1906.000000
2003.000000
2092.000000
2173.000000
2239.000000
2279.000000
2296.000000
2304.000000
2310.000000
2304.000000
2276.000000
2218.000000
2136.000000
2041.000000
1940.000000
1835.000000
1719.000000
1591.000000
1457.000000
1316.000000
1168.000000
1011.000000
851.000000
690.000000
525.000000
360.000000
200.000000
49.000000
-99.000000
-248.000000
-391.000000
-520.000000
-633.000000
-738.000000
-841.000000
-938.000000
-1022.000000
-1082.000000
-1118.000000
-1140.000000
-1155.000000
-1153.000000
-1124.000000
-1075.000000
-1026.000000
-979.000000
-918.000000
-829.000000
-718.000000
-598.000000
-469.000000
-331.000000
-185.000000
-32.000000
125.000000
284.000000
436.000000
585.000000
741.000000
909.000000
1084.000000
1251.000000
1406.000000
1546.000000
1673.000000
1796.000000
1917.000000
2027.000000
2112.000000
2173.000000
2223.000000
2273.000000
2313.000000
2333.000000
2333.000000
2317.000000
2290.000000
2247.000000
2181.000000
2092.000000
1984.000000
1866.000000
1745.000000
1614.000000
1463.000000
1290.000000
1102.000000
906.000000
704.000000
499.000000
294.000000
86.000000
-131.000000
-353.000000
-573.000000
-787.000000
-998.000000
-1205.000000
-1406.000000
-1603.000000
-1795.000000
-1980.000000
-2154.000000
-2317.000000
-2467.000000
-2599.000000
-2712.000000
-2812.000000
-2901.000000
-2973.000000
-3024.000000
-3059.000000
-3085.000000
-3095.000000
-3078.000000
-3039.000000
-2988.000000
-2930.000000
-2858.000000
-2769.000000
-2661.000000
-2536.000000
-2395.000000
-2244.000000
-2086.000000
-1923.000000
-1749.000000
-1564.000000
-1370.000000
-1170.000000
-971.000000
-782.000000
-603.000000
-421.000000
-227.000000
-31.000000
154.000000
323.000000
486.000000
650.000000
811.000000
961.000000
1099.000000
1220.000000
1330.000000
1430.000000
1521.000000
1596.000000
1649.000000
1686.000000
1714.000000
1735.000000
1753.000000
1764.000000
1759.000000
1731.000000
1682.000000
1624.000000
1562.000000
1497.000000
1421.000000
1337.000000
1245.000000
1146.000000
1037.000000
926.000000
820.000000
716.000000
606.000000
486.000000
355.000000
232.000000
126.000000
38.000000
-49.000000
-142.000000
-236.000000
-318.000000
-383.000000
-441.000000
-498.000000
-551.000000
-595.000000
-628.000000
-654.000000
-675.000000
-684.000000
-679.000000
-662.000000
-635.000000
-597.000000
-545.000000
-482.000000
-417.000000
-363.000000
-310.000000
-244.000000
-152.000000
-39.000000
73.000000
172.000000
262.000000
358.000000
465.000000
583.000000
698.000000
805.000000
904.000000
994.000000
1081.000000
1162.000000
1236.000000
1307.000000
1379.000000
1449.000000
1515.000000
1570.000000
1610.000000
1638.000000
1657.000000
1668.000000
1670.000000
1661.000000
1648.000000
1632.000000
1615.000000
1585.000000
1533.000000
1461.000000
1378.000000
1295.000000
1214.000000
1127.000000
1026.000000
916.000000
804.000000
694.000000
575.000000
442.000000
303.000000
170.000000
46.000000
-79.000000
-212.000000
-350.000000
-487.000000
-619.000000
-744.000000
-862.000000
-968.000000
-1068.000000
-1169.000000
-1279.000000
-1394.000000
-1500.000000
-1592.000000
-1671.000000
-1744.000000
-1815.000000
-1878.000000
-1927.000000
-1967.000000
-2002.000000
-2034.000000
-2059.000000
-2070.000000
-2071.000000
-2066.000000
-2060.000000
-2049.000000
-2027.000000
-1993.000000
-1950.000000
-1906.000000
-1862.000000
-1814.000000
-1756.000000
-1682.000000
-1599.000000
-1517.000000
-1446.000000
-1377.000000
-1297.000000
-1201.000000
-1099.000000
-1005.000000
