-5821.000000
-3044.000000
-1306.000000
-1218.000000
-1956.000000
-3125.000000
-4904.000000
-6748.000000
-7411.000000
-6211.000000
-3445.000000
74.000000
3073.000000
4084.000000
2728.000000
304.000000
-1632.000000
-2547.000000
-2194.000000
-15.000000
3417.000000
5579.000000
4442.000000
1109.000000
-1476.000000
-1848.000000
-671.000000
1204.000000
3590.000000
6102.000000
7925.000000
8511.000000
7764.000000
5999.000000
4459.000000
4918.000000
7683.000000
10775.000000
12192.000000
12025.000000
11271.000000
9915.000000
7838.000000
6421.000000
7143.000000
9197.000000
10417.000000
10140.000000
9427.000000
8995.000000
8713.000000
8697.000000
9156.000000
9555.000000
9536.000000
9981.000000
11383.000000
12225.000000
11256.000000
10167.000000
10604.000000
9214.000000
399.000000
-14539.000000
-25362.000000
-23373.000000
-11634.000000
-1473.000000
-207.000000
-5465.000000
-10671.000000
-12212.000000
-10389.000000
-6587.000000
-1825.000000
3101.000000
7636.000000
11079.000000
11537.000000
6852.000000
-2000.000000
-9920.000000
-12548.000000
-11422.000000
-11510.000000
-13774.000000
-13808.000000
-9265.000000
-4794.000000
-6103.000000
-11476.000000
-13650.000000
-9474.000000
-3222.000000
265.000000
1330.000000
2552.000000
3881.000000
3752.000000
2499.000000
1348.000000
-317.000000
-3435.000000
-6255.000000
-6302.000000
-4794.000000
-5412.000000
-8431.000000
-9764.000000
-7129.000000
-3711.000000
-3469.000000
-5400.000000
-5510.000000
-2805.000000
55.000000
1496.000000
2967.000000
5501.000000
7339.000000
6586.000000
4191.000000
2452.000000
1925.000000
1538.000000
698.000000
-567.000000
-2593.000000
-5194.000000
-6455.000000
-4712.000000
-1537.000000
-358.000000
-1915.000000
-3517.000000
-3284.000000
-2543.000000
-2871.000000
-3263.000000
-2130.000000
-343.000000
-190.000000
-2276.000000
-5078.000000
-6771.000000
-6314.000000
-3867.000000
-1236.000000
-627.000000
-1778.000000
-1932.000000
30.000000
1460.000000
-93.000000
-2826.000000
-3288.000000
-1440.000000
88.000000
592.000000
1563.000000
2776.000000
1982.000000
-847.000000
-2355.000000
-245.000000
3598.000000
5847.000000
5609.000000
4284.000000
3282.000000
3268.000000
4367.000000
5845.000000
6433.000000
5843.000000
5131.000000
4987.000000
4763.000000
3960.000000
3597.000000
4939.000000
7417.000000
9001.000000
8731.000000
8020.000000
8906.000000
11264.000000
12698.000000
11717.000000
10017.000000
10177.000000
11658.000000
11360.000000
8405.000000
5780.000000
5984.000000
7470.000000
7319.000000
5526.000000
4381.000000
4990.000000
6576.000000
8175.000000
9170.000000
9183.000000
8773.000000
8516.000000
6170.000000
-2069.000000
-14747.000000
-22926.000000
-19400.000000
-8262.000000
-634.000000
-1930.000000
-7921.000000
-12334.000000
-12852.000000
-9637.000000
-3584.000000
2503.000000
5568.000000
6464.000000
8376.000000
10287.000000
7132.000000
-1823.000000
-9996.000000
-11879.000000
-9867.000000
-9202.000000
-10188.000000
-9813.000000
-8042.000000
-7605.000000
-9022.000000
-10100.000000
-9696.000000
-8416.000000
-6164.000000
-2292.000000
1938.000000
3996.000000
3452.000000
2328.000000
1880.000000
1218.000000
-418.000000
-2046.000000
-2613.000000
-2933.000000
-4733.000000
-8123.000000
-10996.000000
-11233.000000
-9167.000000
-7218.000000
-6972.000000
-7419.000000
-6659.000000
-4461.000000
-2066.000000
-191.000000
1356.000000
2570.000000
3174.000000
3406.000000
3557.000000
3181.000000
2015.000000
910.000000
401.000000
-599.000000
-2825.000000
-4577.000000
-4038.000000
-2527.000000
-2622.000000
-3993.000000
-4327.000000
-3667.000000
-4109.000000
-5529.000000
-5572.000000
-4060.000000
-3366.000000
-3894.000000
-3353.000000
-1348.000000
-408.000000
-1116.000000
-592.000000
2261.000000
4308.000000
3437.000000
2228.000000
3316.000000
4664.000000
3072.000000
-459.000000
-2614.000000
-2873.000000
-3024.000000
-3141.000000
-1775.000000
587.000000
1593.000000
583.000000
-338.000000
956.000000
4375.000000
8126.000000
10368.000000
10514.000000
9543.000000
8744.000000
8116.000000
6845.000000
5108.000000
3906.000000
3286.000000
2518.000000
1877.000000
2186.000000
2828.000000
2673.000000
2701.000000
4780.000000
8001.000000
9621.000000
9781.000000
11372.000000
14632.000000
16034.000000
13864.000000
10853.000000
9576.000000
9094.000000
8012.000000
7121.000000
6828.000000
5570.000000
3052.000000
1766.000000
3029.000000
4765.000000
5279.000000
5882.000000
7794.000000
9761.000000
10452.000000
9467.000000
4845.000000
-5250.000000
-16300.000000
-19058.000000
-11232.000000
-2081.000000
-935.000000
-6253.000000
-10776.000000
-12015.000000
-11537.000000
-8763.000000
-2809.000000
2830.000000
4464.000000
4321.000000
5897.000000
6359.000000
1148.000000
-6466.000000
-9037.000000
-6749.000000
-6714.000000
-10709.000000
-12747.000000
-10182.000000
-8283.000000
-10814.000000
-13893.000000
-13149.000000
-10366.000000
-8601.000000
-6404.000000
-1781.000000
2620.000000
3258.000000
1378.000000
445.000000
577.000000
-194.000000
-1390.000000
-1177.000000
-580.000000
-2572.000000
-7356.000000
-11750.000000
-13190.000000
-11965.000000
-9684.000000
-7590.000000
-6328.000000
-5696.000000
-4612.000000
-2453.000000
-156.000000
1007.000000
1325.000000
2297.000000
4582.000000
7058.000000
7889.000000
6261.000000
3281.000000
1039.000000
309.000000
-379.000000
-2386.000000
-4368.000000
-3881.000000
-1477.000000
-825.000000
-3829.000000
-7636.000000
-8039.000000
-4573.000000
-641.000000
692.000000
-486.000000
-1971.000000
-2023.000000
-713.000000
570.000000
783.000000
498.000000
1210.000000
3153.000000
4409.000000
2910.000000
-854.000000
-3922.000000
-3969.000000
-1853.000000
-477.000000
-1329.000000
-3004.000000
-3405.000000
-2295.000000
-745.000000
916.000000
2990.000000
4776.000000
5223.000000
5256.000000
7111.000000
10595.000000
12343.000000
10244.000000
6575.000000
4893.000000
5432.000000
5727.000000
4590.000000
3071.000000
2109.000000
1554.000000
1432.000000
2266.000000
3951.000000
5744.000000
7490.000000
9633.000000
11981.000000
13552.000000
13789.000000
13232.000000
12881.000000
13200.000000
13433.000000
11965.000000
8263.000000
4399.000000
3148.000000
4348.000000
5074.000000
3917.000000
2748.000000
3315.000000
4695.000000
5565.000000
6324.000000
7240.000000
7269.000000
6570.000000
6704.000000
6011.000000
-606.000000
-12961.000000
-21204.000000
-16826.000000
-5287.000000
-159.000000
-5674.000000
-12926.000000
-13747.000000
-10182.000000
-7738.000000
-6696.000000
-4375.000000
-598.000000
3348.000000
6901.000000
7972.000000
3165.000000
-5940.000000
-11497.000000
-9089.000000
-4403.000000
-4924.000000
-9031.000000
-9882.000000
-7150.000000
-7157.000000
-12081.000000
-16376.000000
-15052.000000
-9561.000000
-3830.000000
464.000000
2711.000000
2073.000000
-137.000000
-389.000000
2251.000000
4167.000000
2385.000000
-1031.000000
-2375.000000
-1819.000000
-2589.000000
-5927.000000
-9648.000000
-11241.000000
-10390.000000
-8527.000000
-7260.000000
-7181.000000
-7299.000000
-5958.000000
-2933.000000
-87.000000
782.000000
296.000000
860.000000
3786.000000
7506.000000
8849.000000
6229.000000
1573.000000
-1534.000000
-1886.000000
-1729.000000
-3087.000000
-4706.000000
-4513.000000
-3657.000000
-5065.000000
-8392.000000
-9786.000000
-7328.000000
-3639.000000
-1833.000000
-1660.000000
-1323.000000
-594.000000
35.000000
1278.000000
3658.000000
5544.000000
4934.000000
2379.000000
158.000000
-650.000000
-492.000000
193.000000
816.000000
-113.000000
-3213.000000
-6207.000000
-5977.000000
-2489.000000
1374.000000
3692.000000
5069.000000
6397.000000
7444.000000
8139.000000
9228.000000
10823.000000
11838.000000
11450.000000
9890.000000
7651.000000
5322.000000
4080.000000
4531.000000
5115.000000
3876.000000
1800.000000
1741.000000
3762.000000
4842.000000
4142.000000
4855.000000
8765.000000
12620.000000
13001.000000
11586.000000
11758.000000
12712.000000
11591.000000
9447.000000
9584.000000
10891.000000
8818.000000
3344.000000
3.000000
1436.000000
3672.000000
3332.000000
2948.000000
5387.000000
7988.000000
7094.000000
4498.000000
4120.000000
5344.000000
5099.000000
3755.000000
2748.000000
-1114.000000
-11230.000000
-21925.000000
-22364.000000
-11529.000000
-1387.000000
-1677.000000
-8461.000000
-12228.000000
-10870.000000
-8428.000000
-6053.000000
-1765.000000
3292.000000
5553.000000
5013.000000
4375.000000
2948.000000
-2244.000000
-9194.000000
-11432.000000
-7397.000000
-3304.000000
-4191.000000
-7463.000000
-8623.000000
-8445.000000
-9981.000000
-12128.000000
-11295.000000
-7409.000000
-3527.000000
-732.000000
2029.000000
3821.000000
2244.000000
-1584.000000
-3030.000000
-350.000000
2642.000000
2158.000000
-568.000000
-2260.000000
-2927.000000
-5020.000000
-8686.000000
-11100.000000
-10413.000000
-7890.000000
-5791.000000
-4989.000000
-5164.000000
-5767.000000
-6097.000000
-5468.000000
-3908.000000
-1957.000000
401.000000
3486.000000
6244.000000
6298.000000
2784.000000
-1801.000000
-3974.000000
-3091.000000
-1541.000000
-1465.000000
-2718.000000
-4196.000000
-5554.000000
-6800.000000
-7388.000000
-6862.000000
-5784.000000
-4994.000000
-4338.000000
-3139.000000
-1630.000000
-794.000000
-753.000000
-408.000000
1028.000000
2952.000000
4195.000000
4228.000000
3230.000000
1692.000000
323.000000
-288.000000
-378.000000
-702.000000
-1162.000000
-606.000000
1320.000000
3084.000000
3253.000000
2873.000000
4257.000000
7500.000000
9969.000000
9847.000000
8649.000000
8994.000000
10904.000000
11869.000000
10306.000000
7439.000000
5446.000000
4939.000000
5022.000000
5005.000000
5019.000000
5221.000000
5364.000000
5325.000000
5353.000000
5534.000000
5690.000000
6105.000000
7651.000000
10448.000000
12989.000000
13517.000000
12083.000000
10224.000000
8778.000000
7331.000000
5891.000000
5459.000000
6123.000000
6117.000000
4186.000000
1747.000000
1059.000000
2059.000000
2900.000000
3015.000000
3422.000000
4218.000000
4303.000000
3813.000000
3918.000000
3281.000000
-1899.000000
-11825.000000
-19780.000000
-18637.000000
-9835.000000
-2323.000000
-2559.000000
-8543.000000
-13996.000000
-15132.000000
-12090.000000
-6720.000000
-1346.000000
1927.000000
2774.000000
2711.000000
2464.000000
739.000000
-2898.000000
-5766.000000
-5163.000000
-2578.000000
-1981.000000
-4329.000000
-6671.000000
-6979.000000
-6862.000000
-8247.000000
-9887.000000
-9214.000000
-6147.000000
-2972.000000
-1206.000000
-463.000000
-45.000000
138.000000
295.000000
888.000000
1666.000000
1710.000000
892.000000
231.000000
199.000000
-398.000000
-2856.000000
-6368.000000
-8448.000000
-7745.000000
-5673.000000
-4800.000000
-5989.000000
-7636.000000
-7646.000000
-5739.000000
-3572.000000
-2759.000000
-3083.000000
-2793.000000
-665.000000
2313.000000
3624.000000
1873.000000
-1423.000000
-3315.000000
-2781.000000
-1852.000000
-2863.000000
-5379.000000
-6939.000000
-6437.000000
-5380.000000
-5516.000000
-6541.000000
-6964.000000
-6263.000000
-5110.000000
-3955.000000
-2588.000000
-1051.000000
-74.000000
-217.000000
-1060.000000
-1479.000000
-618.000000
1337.000000
3164.000000
3597.000000
2578.000000
1268.000000
643.000000
593.000000
808.000000
1759.000000
3859.000000
6178.000000
7214.000000
6924.000000
6828.000000
7881.000000
9299.000000
9924.000000
9751.000000
9545.000000
9671.000000
9954.000000
10180.000000
10165.000000
9726.000000
8978.000000
8274.000000
7639.000000
6862.000000
6348.000000
6934.000000
8300.000000
8593.000000
6688.000000
4136.000000
3596.000000
5606.000000
8095.000000
9083.000000
8752.000000
8485.000000
8772.000000
8705.000000
7309.000000
4964.000000
3342.000000
3724.000000
5376.000000
6098.000000
4622.000000
1943.000000
-73.000000
-623.000000
-25.000000
1197.000000
2416.000000
2921.000000
2762.000000
2564.000000
1405.000000
-3314.000000
-11574.000000
-17775.000000
-15863.000000
-7531.000000
-1563.000000
-3715.000000
-10474.000000
-14602.000000
-13577.000000
-9934.000000
-6157.000000
-2957.000000
-997.000000
-561.000000
-290.000000
654.000000
208.000000
-3285.000000
-6549.000000
-4826.000000
283.000000
1687.000000
-3150.000000
-8348.000000
-8390.000000
-5807.000000
-5943.000000
-8107.000000
-7517.000000
-3788.000000
-1475.000000
-2559.000000
-3848.000000
-2669.000000
-413.000000
1049.000000
2304.000000
3690.000000
3407.000000
871.000000
-1098.000000
-401.000000
551.000000
-1521.000000
-5273.000000
-6533.000000
-4562.000000
-2832.000000
-3728.000000
-5886.000000
-7223.000000
-7512.000000
-6931.000000
-4811.000000
-1424.000000
1030.000000
994.000000
-289.000000
-689.000000
-38.000000
469.000000
580.000000
797.000000
545.000000
-1398.000000
-4596.000000
-6815.000000
-6686.000000
-5373.000000
-4960.000000
-6049.000000
-7514.000000
-7994.000000
-7062.000000
-5281.000000
-3597.000000
-2587.000000
-2081.000000
-1663.000000
-1428.000000
-1776.000000
-2402.000000
-2177.000000
-544.000000
1388.000000
1798.000000
194.000000
-1982.000000
-2861.000000
-1910.000000
-53.000000
1605.000000
2757.000000
3707.000000
4707.000000
5765.000000
6905.000000
8188.000000
9443.000000
10294.000000
10613.000000
10676.000000
10731.000000
10688.000000
10484.000000
10445.000000
10858.000000
11285.000000
10842.000000
9298.000000
7646.000000
7294.000000
8666.000000
10620.000000
11309.000000
9886.000000
7431.000000
5938.000000
6230.000000
7307.000000
7940.000000
8204.000000
8711.000000
9018.000000
8130.000000
6425.000000
5608.000000
6271.000000
6856.000000
5888.000000
4146.000000
3454.000000
4072.000000
4497.000000
3498.000000
1263.000000
-1032.000000
-1888.000000
-501.000000
1470.000000
72.000000
-6650.000000
-14629.000000
-16923.000000
-11859.000000
-5621.000000
-5049.000000
-9991.000000
-14864.000000
-15824.000000
-13447.000000
-9598.000000
-5408.000000
-2495.000000
-2659.000000
-5124.000000
-6662.000000
-5790.000000
-4481.000000
-4368.000000
-3944.000000
-1787.000000
-114.000000
-1901.000000
-5822.000000
-7629.000000
-6111.000000
-4211.000000
-3941.000000
-3759.000000
-2220.000000
-1044.000000
-2308.000000
-4715.000000
-5151.000000
-2746.000000
705.000000
3416.000000
4715.000000
4278.000000
2450.000000
1003.000000
1530.000000
3029.000000
2937.000000
732.000000
-1331.000000
-1459.000000
-598.000000
-734.000000
-2311.000000
-4251.000000
-5498.000000
-5670.000000
-4947.000000
-3989.000000
-3440.000000
-3145.000000
-2478.000000
-1479.000000
-681.000000
147.000000
1554.000000
2488.000000
856.000000
-3046.000000
-5716.000000
-4707.000000
-2067.000000
-1558.000000
-3817.000000
-6581.000000
-8539.000000
-10111.000000
-10898.000000
-9575.000000
-6692.000000
-4815.000000
-4917.000000
-5136.000000
-4072.000000
-2913.000000
-2849.000000
-2786.000000
-1515.000000
-106.000000
109.000000
126.000000
1204.000000
1742.000000
-556.000000
-4075.000000
-4374.000000
-242.000000
4380.000000
5531.000000
3740.000000
2224.000000
2902.000000
5727.000000
9903.000000
13726.000000
14761.000000
12400.000000
9471.000000
9248.000000
11430.000000
12961.000000
12400.000000
11236.000000
10877.000000
10628.000000
9535.000000
8348.000000
8339.000000
9337.000000
10239.000000
10689.000000
10976.000000
10792.000000
9558.000000
7883.000000
7303.000000
8141.000000
8814.000000
8062.000000
6911.000000
7237.000000
8819.000000
9366.000000
7704.000000
5462.000000
4724.000000
5266.000000
5450.000000
4880.000000
4343.000000
3682.000000
2000.000000
-38.000000
-775.000000
-1144.000000
-4611.000000
-11592.000000
-16777.000000
-15278.000000
-9682.000000
-7085.000000
-9915.000000
-13869.000000
-14949.000000
-13925.000000
-12530.000000
-9896.000000
-5652.000000
-2827.000000
-3885.000000
-6461.000000
-6910.000000
-5931.000000
-6362.000000
-7233.000000
-5350.000000
-2142.000000
-2913.000000
-8166.000000
-11452.000000
-8531.000000
-3607.000000
-2687.000000
-4914.000000
-5407.000000
-3663.000000
-3340.000000
-5017.000000
-5046.000000
-1987.000000
969.000000
1370.000000
876.000000
1375.000000
1699.000000
792.000000
705.000000
3133.000000
5522.000000
4348.000000
712.000000
-1111.000000
43.000000
1127.000000
85.000000
-1445.000000
-1549.000000
-1071.000000
-1568.000000
-2542.000000
-2671.000000
-2222.000000
-2302.000000
-2709.000000
-2281.000000
-864.000000
604.000000
1544.000000
1844.000000
954.000000
-1554.000000
-4454.000000
-5500.000000
-4046.000000
-1967.000000
-1495.000000
-3066.000000
-5709.000000
-8409.000000
-10301.000000
-10461.000000
-8750.000000
-6520.000000
-5418.000000
-5576.000000
-5793.000000
-5328.000000
-4532.000000
-3694.000000
-2467.000000
-937.000000
-222.000000
-1072.000000
-2499.000000
-2770.000000
-1445.000000
396.000000
1668.000000
2081.000000
1699.000000
973.000000
1244.000000
3762.000000
7679.000000
10340.000000
10502.000000
10046.000000
11238.000000
13344.000000
13775.000000
12068.000000
10641.000000
11319.000000
13003.000000
13529.000000
12389.000000
10708.000000
9643.000000
9698.000000
10640.000000
11274.000000
10419.000000
8915.000000
9260.000000
11993.000000
14000.000000
12372.000000
8744.000000
7285.000000
8987.000000
10806.000000
10467.000000
9135.000000
8485.000000
8006.000000
6819.000000
5890.000000
6371.000000
7415.000000
7456.000000
6269.000000
4182.000000
1114.000000
-1688.000000
-1373.000000
1890.000000
2187.000000
-5515.000000
-16721.000000
-20753.000000
-14038.000000
-5276.000000
-4807.000000
-12663.000000
-20366.000000
-21440.000000
-16317.000000
-9181.000000
-4385.000000
-4802.000000
-9474.000000
-13063.000000
-11293.000000
-6694.000000
-5168.000000
-7295.000000
-7891.000000
-4975.000000
-3541.000000
-7474.000000
-12510.000000
-11904.000000
-6233.000000
-2405.000000
-4106.000000
-8011.000000
-9500.000000
-7982.000000
-5663.000000
-4319.000000
-4505.000000
-5437.000000
-4850.000000
-1358.000000
2450.000000
2108.000000
-2390.000000
-5341.000000
-2423.000000
3437.000000
5849.000000
2912.000000
-1386.000000
-2773.000000
-1036.000000
1073.000000
1146.000000
-886.000000
-2765.000000
-2097.000000
596.000000
1888.000000
-137.000000
-2754.000000
-2047.000000
1429.000000
3283.000000
1471.000000
-1119.000000
-1013.000000
1482.000000
3473.000000
3043.000000
343.000000
-3080.000000
-4830.000000
-3306.000000
-227.000000
205.000000
-3580.000000
-7878.000000
-8229.000000
-5226.000000
-3269.000000
-4396.000000
-6222.000000
-6013.000000
-4079.000000
-2383.000000
-1894.000000
-2336.000000
-2985.000000
-2841.000000
-1343.000000
298.000000
-110.000000
-2680.000000
-4549.000000
-3252.000000
79.000000
2262.000000
2046.000000
1086.000000
1405.000000
3318.000000
5883.000000
8128.000000
9552.000000
10245.000000
10829.000000
11756.000000
12611.000000
12712.000000
12335.000000
12486.000000
13260.000000
13312.000000
11638.000000
9314.000000
8503.000000
9765.000000
11284.000000
11188.000000
9913.000000
9398.000000
10317.000000
11340.000000
11293.000000
10729.000000
10593.000000
10620.000000
10311.000000
10445.000000
11832.000000
13192.000000
12473.000000
10125.000000
8787.000000
9411.000000
10114.000000
9540.000000
8665.000000
8129.000000
6706.000000
4346.000000
3599.000000
4953.000000
3722.000000
-3807.000000
-12903.000000
-14701.000000
-8135.000000
-2205.000000
-4701.000000
-13253.000000
-19862.000000
-20195.000000
-15557.000000
-9446.000000
-5891.000000
-8096.000000
-14433.000000
-17902.000000
-13889.000000
-6836.000000
-4682.000000
-8141.000000
-10858.000000
-9717.000000
-8750.000000
-11263.000000
-13921.000000
-12172.000000
-7480.000000
-5123.000000
-7187.000000
-11184.000000
-13869.000000
-13422.000000
-9500.000000
-4242.000000
-1896.000000
-4316.000000
-7813.000000
-7484.000000
-3698.000000
-993.000000
-1228.000000
-1751.000000
-623.000000
350.000000
-752.000000
-2474.000000
-2179.000000
303.000000
2928.000000
3831.000000
2260.000000
-1092.000000
-3506.000000
-1928.000000
3059.000000
6743.000000
5661.000000
1940.000000
153.000000
1305.000000
2704.000000
2834.000000
3121.000000
4539.000000
5400.000000
3852.000000
705.000000
-1554.000000
-1508.000000
272.000000
2009.000000
1660.000000
-1731.000000
-6501.000000
-9045.000000
-7351.000000
-3537.000000
-1807.000000
-3909.000000
-7461.000000
-8819.000000
-6879.000000
-3789.000000
-2399.000000
-3489.000000
-5401.000000
-5975.000000
-4571.000000
-2385.000000
-1262.000000
-2283.000000
-4878.000000
-6875.000000
-6035.000000
-2429.000000
1003.000000
1345.000000
-818.000000
-1847.000000
729.000000
5432.000000
8812.000000
9284.000000
8285.000000
8225.000000
10147.000000
13039.000000
14709.000000
13607.000000
10534.000000
8369.000000
9321.000000
12439.000000
14467.000000
13300.000000
10083.000000
7765.000000
8120.000000
10462.000000
12861.000000
14002.000000
13755.000000
12622.000000
11331.000000
10981.000000
12504.000000
15207.000000
16515.000000
14516.000000
10722.000000
8949.000000
10976.000000
14388.000000
15306.000000
12379.000000
7604.000000
4252.000000
4385.000000
6974.000000
7690.000000
2514.000000
-6798.000000
-12702.000000
-10005.000000
-3012.000000
-1395.000000
-8907.000000
-19157.000000
-23155.000000
-18419.000000
-9883.000000
-4613.000000
-6790.000000
-14874.000000
-21696.000000
-19971.000000
-10394.000000
-2241.000000
-3185.000000
-10466.000000
-15294.000000
-14073.000000
-10808.000000
-9388.000000
-8891.000000
-7666.000000
-7156.000000
-8934.000000
-11278.000000
-11614.000000
-9982.000000
-7588.000000
-4435.000000
-1249.000000
-1212.000000
-5745.000000
-10196.000000
-8366.000000
-1087.000000
4156.000000
2829.000000
-1653.000000
-3964.000000
-3616.000000
-2919.000000
-1780.000000
1258.000000
4570.000000
4426.000000
432.000000
-3391.000000
-3547.000000
-486.000000
3312.000000
5964.000000
6058.000000
2865.000000
-1490.000000
-2394.000000
2077.000000
7652.000000
8286.000000
3539.000000
-1054.000000
-1043.000000
2136.000000
4168.000000
3213.000000
638.000000
-1837.000000
-3507.000000
-3963.000000
-3109.000000
-2055.000000
-2417.000000
-4303.000000
-6035.000000
-6198.000000
-5056.000000
-3682.000000
-2703.000000
-2398.000000
-3064.000000
-4463.000000
-5477.000000
-5077.000000
-3456.000000
-1774.000000
-1090.000000
-1837.000000
-3744.000000
-5639.000000
-5836.000000
-3625.000000
-317.000000
1785.000000
1588.000000
172.000000
-194.000000
2158.000000
6758.000000
10782.000000
11184.000000
8121.000000
5647.000000
7570.000000
12817.000000
16381.000000
15107.000000
11036.000000
8469.000000
9143.000000
11348.000000
12657.000000
12129.000000
10368.000000
8776.000000
8724.000000
10378.000000
12172.000000
12216.000000
10437.000000
8785.000000
9108.000000
11223.000000
13217.000000
13361.000000
11615.000000
9537.000000
8887.000000
10122.000000
11948.000000
12275.000000
9941.000000
6129.000000
3985.000000
5572.000000
8468.000000
6957.000000
-1281.000000
-10506.000000
-12140.000000
-5373.000000
614.000000
-2916.000000
-13865.000000
-22007.000000
-20514.000000
-12106.000000
-4945.000000
-5316.000000
-13313.000000
-22360.000000
-23530.000000
-14209.000000
-2702.000000
-299.000000
-8125.000000
-16054.000000
-15883.000000
-10503.000000
-7212.000000
-7137.000000
-6461.000000
-4667.000000
-5048.000000
-7993.000000
-9666.000000
-7915.000000
-4784.000000
-2455.000000
-1070.000000
-1339.000000
-4579.000000
-8514.000000
-7780.000000
-1419.000000
4109.000000
2881.000000
-2720.000000
-5893.000000
-4425.000000
-1548.000000
258.000000
1474.000000
2148.000000
951.000000
-1554.000000
-2403.000000
-370.000000
2063.000000
2194.000000
431.000000
-1018.000000
-996.000000
190.000000
1709.000000
2579.000000
2239.000000
1445.000000
1525.000000
2404.000000
2671.000000
1885.000000
1289.000000
1737.000000
2365.000000
1924.000000
158.000000
-2390.000000
-4566.000000
-4657.000000
-2291.000000
-342.000000
-2237.000000
-6762.000000
-8572.000000
-5301.000000
-1029.000000
-540.000000
-3114.000000
-4976.000000
-5150.000000
-5082.000000
-4453.000000
-1944.000000
665.000000
-202.000000
-4312.000000
-7330.000000
-6751.000000
-4374.000000
-2194.000000
47.000000
1926.000000
1261.000000
-1599.000000
-2214.000000
2044.000000
7494.000000
9077.000000
7380.000000
6897.000000
9020.000000
11024.000000
11290.000000
11386.000000
12610.000000
13944.000000
14300.000000
14049.000000
13558.000000
12604.000000
11890.000000
12800.000000
14833.000000
15514.000000
13780.000000
11481.000000
10606.000000
11049.000000
11974.000000
13249.000000
14254.000000
13406.000000
10578.000000
8350.000000
9031.000000
11594.000000
13126.000000
12208.000000
9634.000000
7135.000000
6566.000000
8501.000000
10075.000000
6569.000000
-2132.000000
-8837.000000
-6777.000000
862.000000
3452.000000
-4368.000000
-16248.000000
-21753.000000
-17459.000000
-8984.000000
-4664.000000
-8827.000000
-18638.000000
-25544.000000
-22298.000000
-11182.000000
-3263.000000
-6590.000000
-16721.000000
-22206.000000
-18160.000000
-10482.000000
-6987.000000
-8828.000000
-11992.000000
-13329.000000
-12453.000000
-10088.000000
-7482.000000
-6371.000000
-7157.000000
-7765.000000
-6188.000000
-3500.000000
-2346.000000
-3002.000000
-3146.000000
-1652.000000
-262.000000
-657.000000
-1788.000000
-1597.000000
-173.000000
558.000000
-225.000000
-1189.000000
-907.000000
396.000000
1616.000000
2192.000000
2066.000000
1120.000000
-249.000000
-607.000000
1074.000000
3461.000000
3821.000000
1497.000000
-839.000000
-354.000000
2386.000000
4202.000000
3206.000000
709.000000
-607.000000
524.000000
2950.000000
4081.000000
2040.000000
-2180.000000
-4909.000000
-3387.000000
704.000000
2551.000000
-479.000000
-5890.000000
-8960.000000
-7725.000000
-4349.000000
-2352.000000
-3303.000000
-5929.000000
-7765.000000
-7637.000000
-6557.000000
-6022.000000
-5906.000000
-5036.000000
-3610.000000
-3414.000000
-5069.000000
-6584.000000
-5726.000000
-2840.000000
-149.000000
942.000000
741.000000
253.000000
484.000000
2162.000000
4904.000000
7114.000000
7840.000000
8173.000000
9516.000000
11156.000000
11378.000000
10626.000000
11348.000000
14277.000000
16894.000000
16665.000000
14286.000000
12465.000000
12578.000000
13850.000000
15076.000000
15720.000000
15538.000000
14460.000000
13080.000000
12480.000000
13123.000000
14254.000000
14651.000000
13841.000000
12444.000000
11412.000000
11111.000000
11203.000000
11204.000000
10808.000000
9810.000000
8359.000000
7213.000000
6766.000000
5707.000000
2262.000000
-2463.000000
-4389.000000
-1771.000000
1041.000000
-1742.000000
-9441.000000
-15058.000000
-13832.000000
-8581.000000
-5516.000000
-7587.000000
-13195.000000
-18499.000000
-19351.000000
-14150.000000
-7219.000000
-6286.000000
-13341.000000
-20679.000000
-19927.000000
-12802.000000
-8246.000000
-10395.000000
-14799.000000
-16246.000000
-14651.000000
-12022.000000
-8998.000000
-6696.000000
-7426.000000
-10567.000000
-11472.000000
-7623.000000
-2645.000000
-950.000000
-1561.000000
-1122.000000
-153.000000
-1366.000000
-3524.000000
-2439.000000
2012.000000
4843.000000
2945.000000
-995.000000
-2920.000000
-2230.000000
-533.000000
1229.000000
2198.000000
845.000000
-2569.000000
-4640.000000
-2655.000000
1321.000000
2794.000000
724.000000
-1390.000000
-412.000000
2671.000000
4612.000000
3932.000000
2015.000000
1093.000000
2166.000000
4481.000000
6135.000000
5309.000000
1928.000000
-1607.000000
-2181.000000
684.000000
3675.000000
2973.000000
-1329.000000
-5240.000000
-5553.000000
-3227.000000
-1496.000000
-1998.000000
-4008.000000
-6263.000000
-7815.000000
-7774.000000
-6162.000000
-4796.000000
-5465.000000
-7253.000000
-7540.000000
-5770.000000
-4210.000000
-4460.000000
-5222.000000
-4493.000000
-2220.000000
323.000000
2265.000000
3132.000000
2629.000000
1785.000000
2837.000000
6332.000000
9550.000000
9615.000000
7325.000000
6071.000000
7584.000000
10480.000000
12525.000000
12650.000000
11121.000000
9394.000000
9508.000000
11924.000000
14299.000000
14137.000000
12264.000000
11726.000000
13442.000000
15269.000000
15497.000000
14808.000000
14209.000000
13528.000000
12978.000000
13832.000000
15985.000000
16880.000000
14706.000000
11162.000000
9322.000000
9977.000000
11688.000000
12839.000000
11856.000000
7221.000000
92.000000
-4471.000000
-2534.000000
2603.000000
2982.000000
-4317.000000
-13097.000000
-15331.000000
-10292.000000
-4548.000000
-4453.000000
-10505.000000
-17791.000000
-20170.000000
-15196.000000
-7076.000000
-3925.000000
-9662.000000
-18866.000000
-22089.000000
-16573.000000
-9227.000000
-8132.000000
-13576.000000
-19201.000000
-19991.000000
-16542.000000
-12419.000000
-10234.000000
-10589.000000
-12473.000000
-13630.000000
-12080.000000
-8368.000000
-5242.000000
-4340.000000
-4386.000000
-3523.000000
-1992.000000
-1072.000000
-606.000000
442.000000
1620.000000
1440.000000
227.000000
268.000000
2390.000000
4221.000000
3189.000000
30.000000
-2081.000000
-1302.000000
1155.000000
2722.000000
1933.000000
-561.000000
-2598.000000
-2207.000000
562.000000
3408.000000
3935.000000
2084.000000
126.000000
206.000000
2230.000000
4230.000000
4550.000000
3456.000000
2497.000000
2438.000000
2451.000000
1629.000000
570.000000
475.000000
1089.000000
856.000000
-808.000000
-2710.000000
-3679.000000
-3882.000000
-3892.000000
-3779.000000
-3858.000000
-4967.000000
-6919.000000
-7928.000000
-6921.000000
-5351.000000
-5225.000000
-6227.000000
-6524.000000
-5705.000000
-4897.000000
-4377.000000
-3219.000000
-1418.000000
-276.000000
-126.000000
470.000000
2453.000000
4744.000000
5954.000000
6260.000000
6667.000000
7459.000000
8398.000000
9497.000000
10594.000000
10960.000000
10376.000000
9913.000000
10660.000000
12130.000000
12875.000000
12401.000000
11677.000000
11849.000000
12982.000000
14058.000000
14074.000000
13329.000000
13356.000000
14946.000000
16552.000000
15927.000000
13406.000000
11986.000000
13566.000000
16503.000000
17735.000000
16180.000000
13268.000000
11250.000000
11534.000000
13270.000000
13082.000000
8280.000000
1315.000000
-1600.000000
1646.000000
5099.000000
1805.000000
-6893.000000
-12833.000000
-11196.000000
-5596.000000
-2987.000000
-6598.000000
-14094.000000
-19725.000000
-18245.000000
-10199.000000
-3724.000000
-7059.000000
-18004.000000
-24943.000000
-20594.000000
-10922.000000
-7203.000000
-12532.000000
-20154.000000
-22832.000000
-19409.000000
-13387.000000
-9433.000000
-10923.000000
-16804.000000
-20726.000000
-17135.000000
-8739.000000
-4118.000000
-7007.000000
-11920.000000
-12008.000000
-7369.000000
-2887.000000
-1249.000000
-1688.000000
-3244.000000
-5152.000000
-5154.000000
-1589.000000
2938.000000
3688.000000
187.000000
-2794.000000
-1631.000000
1829.000000
3802.000000
3525.000000
2534.000000
1492.000000
544.000000
1077.000000
3887.000000
6430.000000
5337.000000
1604.000000
-12.000000
2516.000000
5737.000000
5835.000000
3587.000000
2170.000000
2412.000000
2960.000000
3389.000000
4095.000000
4086.000000
2117.000000
-303.000000
-227.000000
2144.000000
3254.000000
1346.000000
-1157.000000
-1679.000000
-1079.000000
-1376.000000
-2370.000000
-2867.000000
-3345.000000
-4763.000000
-6081.000000
-5693.000000
-4420.000000
-4386.000000
-5433.000000
-5392.000000
-3748.000000
-2402.000000
-2437.000000
-2576.000000
-1512.000000
297.000000
1859.000000
2936.000000
3451.000000
3261.000000
3148.000000
4376.000000
6605.000000
7878.000000
7442.000000
6959.000000
8056.000000
10151.000000
11618.000000
11809.000000
11160.000000
10592.000000
11327.000000
13746.000000
15964.000000
15532.000000
13227.000000
12770.000000
15563.000000
18270.000000
17503.000000
14577.000000
13212.000000
14413.000000
16264.000000
17217.000000
16904.000000
15094.000000
12608.000000
11876.000000
13495.000000
13723.000000
9168.000000
2886.000000
1195.000000
4497.000000
6177.000000
1891.000000
-4625.000000
-7235.000000
-5204.000000
-2621.000000
-2952.000000
-6737.000000
-12208.000000
-15614.000000
-13517.000000
-7728.000000
-5513.000000
-11269.000000
-19788.000000
-22010.000000
-16580.000000
-11278.000000
-12755.000000
-19001.000000
-23282.000000
-22196.000000
-17868.000000
-14533.000000
-14920.000000
-18410.000000
-21204.000000
-19565.000000
-14251.000000
-10374.000000
-11401.000000
-14664.000000
-14708.000000
-10203.000000
-5292.000000
-4153.000000
-6289.000000
-7971.000000
-6885.000000
-4140.000000
-2186.000000
-1968.000000
-2403.000000
-2069.000000
-808.000000
403.000000
816.000000
767.000000
1165.000000
2310.000000
3423.000000
3477.000000
2590.000000
2284.000000
3844.000000
6402.000000
7479.000000
5945.000000
3717.000000
3604.000000
5799.000000
7642.000000
6943.000000
4543.000000
3093.000000
3955.000000
5894.000000
6637.000000
5335.000000
3411.000000
2926.000000
4170.000000
5238.000000
4332.000000
2006.000000
441.000000
722.000000
1640.000000
1271.000000
-863.000000
-3343.000000
-4249.000000
-3116.000000
-1729.000000
-2474.000000
-5359.000000
-7413.000000
-6108.000000
-2776.000000
-1150.000000
-2665.000000
-4875.000000
-4815.000000
-2352.000000
364.000000
1464.000000
633.000000
-980.000000
-1384.000000
695.000000
4080.000000
5945.000000
5108.000000
3552.000000
3829.000000
5989.000000
8148.000000
9154.000000
9408.000000
9643.000000
10169.000000
11101.000000
12334.000000
13431.000000
14140.000000
14705.000000
15238.000000
15422.000000
15347.000000
15750.000000
16731.000000
17205.000000
16542.000000
15715.000000
15775.000000
16203.000000
15953.000000
15017.000000
13636.000000
11253.000000
7981.000000
5794.000000
5959.000000
6297.000000
3757.000000
-863.000000
-3715.000000
-3360.000000
-2380.000000
-3196.000000
-5367.000000
-7798.000000
-10356.000000
-12037.000000
-10870.000000
-7729.000000
-7176.000000
-11580.000000
-16866.000000
-17466.000000
-13831.000000
-11438.000000
-13289.000000
-17026.000000
-19221.000000
-18963.000000
-16901.000000
-14134.000000
-12880.000000
-15065.000000
-18837.000000
-19363.000000
-14981.000000
-10147.000000
-9904.000000
-13248.000000
-14751.000000
-11736.000000
-7011.000000
-4613.000000
-5336.000000
-7062.000000
-7575.000000
-6097.000000
-3365.000000
-1204.000000
-1223.000000
-2986.000000
-4043.000000
-2621.000000
113.000000
1366.000000
169.000000
-1472.000000
-1223.000000
719.000000
2258.000000
2381.000000
2226.000000
3008.000000
4153.000000
4437.000000
4089.000000
4409.000000
5579.000000
6253.000000
5588.000000
4499.000000
4339.000000
5211.000000
6137.000000
6239.000000
5209.000000
3415.000000
2107.000000
2653.000000
4603.000000
5303.000000
2794.000000
-1220.000000
-2823.000000
-635.000000
2263.000000
1958.000000
-1643.000000
-4888.000000
-4744.000000
-1992.000000
69.000000
-735.000000
-3499.000000
-5399.000000
-4345.000000
-867.000000
2186.000000
2170.000000
-523.000000
-2469.000000
-779.000000
3439.000000
6175.000000
5134.000000
2209.000000
923.000000
2502.000000
5303.000000
7140.000000
7010.000000
5222.000000
3243.000000
3151.000000
5813.000000
9461.000000
11170.000000
9968.000000
7709.000000
6933.000000
8687.000000
12117.000000
15016.000000
15076.000000
12151.000000
9385.000000
10395.000000
14838.000000
18325.000000
17435.000000
13484.000000
10584.000000
11188.000000
14214.000000
16294.000000
14321.000000
8344.000000
2643.000000
1998.000000
5749.000000
7621.000000
3233.000000
-4173.000000
-7814.000000
-5678.000000
-2059.000000
-1773.000000
-5601.000000
-10941.000000
-14224.000000
-13000.000000
-8447.000000
-5769.000000
-9082.000000
-15715.000000
-18696.000000
-15558.000000
-11306.000000
-11386.000000
-15034.000000
-17748.000000
-17453.000000
-15487.000000
-13562.000000
-12637.000000
-13396.000000
-15109.000000
-15182.000000
-12389.000000
-9432.000000
-9571.000000
-11672.000000
-11687.000000
-8570.000000
-5473.000000
-4924.000000
-5911.000000
-6383.000000
-5875.000000
-4666.000000
-2833.000000
-1268.000000
-1420.000000
-2853.000000
-3069.000000
-1042.000000
1077.000000
1130.000000
-95.000000
-673.000000
-429.000000
-139.000000
494.000000
1872.000000
2802.000000
2103.000000
1003.000000
1578.000000
3395.000000
4113.000000
3147.000000
2324.000000
2835.000000
3857.000000
4555.000000
5146.000000
5399.000000
4355.000000
2563.000000
2416.000000
4705.000000
6628.000000
5243.000000
1698.000000
-193.000000
1030.000000
2995.000000
2984.000000
903.000000
-1598.000000
-3155.000000
-3155.000000
-1725.000000
-323.000000
-1066.000000
-4007.000000
-6074.000000
-4427.000000
-472.000000
1460.000000
-371.000000
-2845.000000
-2148.000000
1452.000000
4500.000000
4873.000000
3583.000000
2645.000000
3090.000000
5012.000000
7636.000000
9016.000000
7578.000000
4762.000000
4225.000000
7202.000000
10388.000000
10209.000000
7727.000000
6987.000000
9287.000000
11838.000000
12151.000000
11109.000000
10818.000000
11655.000000
12791.000000
13891.000000
14722.000000
14472.000000
13174.000000
12658.000000
14197.000000
16007.000000
15339.000000
12590.000000
10902.000000
11423.000000
11573.000000
9078.000000
5424.000000
3466.000000
3227.000000
2304.000000
-334.000000
-3185.000000
-4719.000000
-5157.000000
-5560.000000
-6716.000000
-9126.000000
-12432.000000
-14593.000000
-13555.000000
-10584.000000
-10012.000000
-14030.000000
-19230.000000
-20393.000000
-16975.000000
-13634.000000
-14335.000000
-17999.000000
-20504.000000
-19377.000000
-15700.000000
-12578.000000
-12486.000000
-15107.000000
-17129.000000
-15245.000000
-10180.000000
-6572.000000
-7666.000000
-11104.000000
-11603.000000
-7342.000000
-1941.000000
25.000000
-2080.000000
-5009.000000
-5310.000000
-2278.000000
1798.000000
3631.000000
1858.000000
-1361.000000
-2256.000000
488.000000
4160.000000
5118.000000
2826.000000
20.000000
-621.000000
1050.000000
3248.000000
4241.000000
3563.000000
2122.000000
1469.000000
2460.000000
4307.000000
5272.000000
4508.000000
2934.000000
2198.000000
3017.000000
4623.000000
5594.000000
5126.000000
3732.000000
2775.000000
3124.000000
4227.000000
4619.000000
3404.000000
1144.000000
-620.000000
-727.000000
470.000000
1198.000000
-128.000000
-3090.000000
-5436.000000
-5508.000000
-4129.000000
-3509.000000
-4572.000000
-6119.000000
-6493.000000
-5295.000000
-3396.000000
-1968.000000
-1662.000000
-2077.000000
-1913.000000
-273.000000
2039.000000
3225.000000
2746.000000
2098.000000
2916.000000
4951.000000
6594.000000
6890.000000
6324.000000
5913.000000
6255.000000
7399.000000
8984.000000
10354.000000
10946.000000
10841.000000
10759.000000
11410.000000
12857.000000
14441.000000
15320.000000
15189.000000
14619.000000
14590.000000
15582.000000
17094.000000
18042.000000
17644.000000
16157.000000
14846.000000
14860.000000
15687.000000
15179.000000
11912.000000
7358.000000
4607.000000
4637.000000
4995.000000
2827.000000
-1627.000000
-5510.000000
-6745.000000
-6049.000000
-5910.000000
-8277.000000
-12837.000000
-16813.000000
-17136.000000
-14004.000000
-11691.000000
-14196.000000
-20151.000000
-23901.000000
-22137.000000
-17737.000000
-16021.000000
-18606.000000
-22324.000000
-23272.000000
-20529.000000
-16425.000000
-14398.000000
-16108.000000
-19482.000000
-20137.000000
-16133.000000
-10840.000000
-9343.000000
-12132.000000
-14378.000000
-11970.000000
-6321.000000
-2151.000000
-1977.000000
-4170.000000
-5413.000000
-3702.000000
384.000000
4026.000000
4325.000000
1412.000000
-1041.000000
252.000000
4128.000000
6369.000000
4932.000000
2054.000000
932.000000
2132.000000
4026.000000
5189.000000
5199.000000
4192.000000
2993.000000
2974.000000
4534.000000
6186.000000
6312.000000
5315.000000
4857.000000
5359.000000
5750.000000
5516.000000
5377.000000
5645.000000
5485.000000
4508.000000
3724.000000
3937.000000
4254.000000
3371.000000
1598.000000
360.000000
155.000000
230.000000
-23.000000
-581.000000
-1542.000000
-3041.000000
-4341.000000
-4310.000000
-3195.000000
-2667.000000
-3519.000000
-4451.000000
-3952.000000
-2418.000000
-1342.000000
-1139.000000
-961.000000
-255.000000
677.000000
1528.000000
2308.000000
2879.000000
3138.000000
3630.000000
4952.000000
6487.000000
6878.000000
6058.000000
5640.000000
6806.000000
8776.000000
10042.000000
10235.000000
10071.000000
10241.000000
11143.000000
12931.000000
14923.000000
15746.000000
15075.000000
14572.000000
15871.000000
18197.000000
19382.000000
18851.000000
18046.000000
18038.000000
18384.000000
18425.000000
18028.000000
16722.000000
13940.000000
10727.000000
9263.000000
9610.000000
8854.000000
5043.000000
326.000000
-1865.000000
-1505.000000
-1565.000000
-3748.000000
-7069.000000
-10178.000000
-12506.000000
-13237.000000
-11971.000000
-10828.000000
-12968.000000
-17881.000000
-20970.000000
-19529.000000
-16655.000000
-16894.000000
-20084.000000
-22411.000000
-22091.000000
-20814.000000
-20211.000000
-20099.000000
-20273.000000
-20997.000000
-21232.000000
-19295.000000
-16117.000000
-14982.000000
-16637.000000
-17401.000000
-14240.000000
-9392.000000
-7271.000000
-8353.000000
-9144.000000
-7445.000000
-4679.000000
-2956.000000
-2535.000000
-2700.000000
-2935.000000
-2470.000000
-613.000000
1599.000000
1878.000000
-87.000000
-1531.000000
-134.000000
2713.000000
3811.000000
2445.000000
994.000000
1563.000000
3635.000000
5231.000000
5215.000000
4090.000000
3261.000000
3769.000000
5290.000000
6351.000000
5958.000000
4824.000000
4428.000000
5122.000000
5880.000000
5795.000000
5076.000000
4478.000000
4393.000000
4563.000000
4305.000000
3138.000000
1655.000000
1278.000000
2367.000000
3077.000000
1401.000000
-1807.000000
-3434.000000
-2066.000000
173.000000
484.000000
-1251.000000
-2951.000000
-3100.000000
-1805.000000
17.000000
1243.000000
956.000000
-417.000000
-873.000000
902.000000
3445.000000
4211.000000
3109.000000
2615.000000
4176.000000
6311.000000
7036.000000
6594.000000
6666.000000
7878.000000
9414.000000
10456.000000
10979.000000
11393.000000
12175.000000
13585.000000
15107.000000
15704.000000
15288.000000
15328.000000
17087.000000
19631.000000
20723.000000
19602.000000
17980.000000
18046.000000
20044.000000
21879.000000
20919.000000
16607.000000
11669.000000
9908.000000
11907.000000
13680.000000
10967.000000
4444.000000
-916.000000
-1613.000000
801.000000
2037.000000
-595.000000
-6352.000000
-11891.000000
-13487.000000
-10359.000000
-6605.000000
-7842.000000
-14595.000000
-20888.000000
-21172.000000
-17001.000000
-14589.000000
-17071.000000
-21855.000000
-24875.000000
-24569.000000
-21797.000000
-18757.000000
-18345.000000
-21694.000000
-25559.000000
-24916.000000
-19455.000000
-14803.000000
-15489.000000
-19153.000000
-20077.000000
-16510.000000
-11675.000000
-8907.000000
-8761.000000
-10189.000000
-11534.000000
-10583.000000
-6586.000000
-2433.000000
-2059.000000
-5089.000000
-6786.000000
-4259.000000
-138.000000
1407.000000
-18.000000
-1582.000000
-1307.000000
499.000000
2688.000000
4120.000000
3910.000000
2611.000000
2425.000000
4534.000000
6909.000000
6715.000000
4363.000000
3099.000000
4615.000000
7089.000000
7885.000000
6544.000000
4601.000000
3822.000000
4974.000000
7112.000000
7851.000000
5715.000000
2437.000000
1414.000000
3456.000000
5642.000000
5075.000000
2252.000000
-189.000000
-677.000000
356.000000
1551.000000
1535.000000
-199.000000
-2287.000000
-2428.000000
-326.000000
1467.000000
847.000000
-945.000000
-1263.000000
236.000000
1675.000000
1942.000000
1649.000000
1529.000000
1794.000000
2815.000000
4620.000000
5912.000000
5483.000000
4455.000000
5092.000000
7399.000000
9109.000000
9253.000000
9380.000000
10642.000000
12099.000000
12874.000000
13698.000000
15024.000000
15827.000000
15751.000000
16353.000000
18422.000000
20092.000000
19719.000000
18785.000000
19483.000000
21047.000000
21168.000000
19752.000000
18313.000000
16755.000000
14072.000000
11481.000000
11128.000000
11782.000000
9707.000000
4530.000000
454.000000
314.000000
1796.000000
1282.000000
-1630.000000
-5342.000000
-8881.000000
-11044.000000
-10006.000000
-6783.000000
-6365.000000
-11700.000000
-18510.000000
-20103.000000
-16183.000000
-12833.000000
-14291.000000
-18725.000000
-22180.000000
-22824.000000
-20749.000000
-17325.000000
-15706.000000
-18420.000000
-23117.000000
-24066.000000
-19601.000000
-14845.000000
-14888.000000
-18241.000000
-19757.000000
-17560.000000
-14005.000000
-11602.000000
-11096.000000
-12314.000000
-13965.000000
-13535.000000
-10202.000000
-6995.000000
-7245.000000
-9688.000000
-10160.000000
-7608.000000
-5046.000000
-4568.000000
-4882.000000
-4389.000000
-3504.000000
-2798.000000
-1680.000000
-176.000000
520.000000
475.000000
1486.000000
3736.000000
4740.000000
3398.000000
2402.000000
4233.000000
7081.000000
7638.000000
6122.000000
5423.000000
6502.000000
7809.000000
8443.000000
8778.000000
8391.000000
6570.000000
4770.000000
5355.000000
7559.000000
7842.000000
5062.000000
2264.000000
2107.000000
3323.000000
3402.000000
2293.000000
1389.000000
847.000000
209.000000
179.000000
1425.000000
2657.000000
2169.000000
630.000000
215.000000
1379.000000
2507.000000
2588.000000
2303.000000
2377.000000
2642.000000
3028.000000
3934.000000
5149.000000
5665.000000
5144.000000
4598.000000
5159.000000
6824.000000
8705.000000
9899.000000
10063.000000
9779.000000
10253.000000
12005.000000
14048.000000
15105.000000
15316.000000
15783.000000
16831.000000
17894.000000
18802.000000
19794.000000
20445.000000
20059.000000
19045.000000
18299.000000
17376.000000
15173.000000
12437.000000
11250.000000
11489.000000
10321.000000
6463.000000
2547.000000
1466.000000
2360.000000
2239.000000
-19.000000
-3367.000000
-6686.000000
-8857.000000
-8326.000000
-5463.000000
-4184.000000
-7857.000000
-14042.000000
-16746.000000
-14115.000000
-10552.000000
-10574.000000
-13763.000000
-16961.000000
-18310.000000
-17496.000000
-14844.000000
-12313.000000
-12900.000000
-16636.000000
-19248.000000
-17369.000000
-13317.000000
-11857.000000
-13711.000000
-15432.000000
-14784.000000
-12870.000000
-11218.000000
-10058.000000
-9783.000000
-11029.000000
-12607.000000
-12121.000000
-9610.000000
-8034.000000
-9019.000000
-10549.000000
-10282.000000
-8831.000000
-7981.000000
-7704.000000
-7059.000000
-6434.000000
-6598.000000
-6685.000000
-5383.000000
-3336.000000
-2220.000000
-2027.000000
-1415.000000
-265.000000
316.000000
353.000000
1117.000000
2716.000000
3732.000000
3692.000000
3866.000000
4975.000000
5995.000000
6098.000000
6037.000000
6524.000000
6799.000000
6108.000000
5239.000000
5206.000000
5486.000000
5019.000000
4067.000000
3545.000000
3231.000000
2277.000000
1065.000000
816.000000
1503.000000
1794.000000
1224.000000
882.000000
1485.000000
2219.000000
2196.000000
1881.000000
2176.000000
2966.000000
3525.000000
3775.000000
4177.000000
4765.000000
5235.000000
5776.000000
6828.000000
8004.000000
8258.000000
7486.000000
7125.000000
8444.000000
10754.000000
12180.000000
12008.000000
11420.000000
11749.000000
12918.000000
14068.000000
14951.000000
15846.000000
16636.000000
16976.000000
17197.000000
17945.000000
18947.000000
19243.000000
18743.000000
18246.000000
17636.000000
15670.000000
12415.000000
10184.000000
10468.000000
11200.000000
9175.000000
4557.000000
786.000000
117.000000
1264.000000
1601.000000
-242.000000
-4150.000000
-8664.000000
-10870.000000
-8688.000000
-4477.000000
-3914.000000
-9321.000000
-16053.000000
-17832.000000
-14261.000000
-10555.000000
-10828.000000
-14382.000000
-18059.000000
-19423.000000
-17624.000000
-13900.000000
-11671.000000
-13582.000000
-17680.000000
-18964.000000
-15716.000000
-11817.000000
-11393.000000
-13543.000000
-14434.000000
-12712.000000
-10317.000000
-9072.000000
-9029.000000
-9656.000000
-10413.000000
-10339.000000
-9031.000000
-7936.000000
-8777.000000
-10710.000000
-11085.000000
-9245.000000
-7591.000000
-8145.000000
-9861.000000
-10408.000000
-9213.000000
-7573.000000
-6656.000000
-6552.000000
-6674.000000
-6217.000000
-4694.000000
-2737.000000
-1786.000000
-2336.000000
-3014.000000
-2181.000000
-2.000000
1833.000000
2159.000000
1456.000000
1106.000000
2057.000000
3995.000000
5487.000000
5259.000000
3688.000000
2580.000000
3086.000000
4359.000000
4771.000000
3893.000000
2601.000000
1757.000000
1552.000000
1781.000000
1964.000000
1514.000000
528.000000
91.000000
991.000000
2428.000000
2957.000000
2453.000000
2142.000000
2753.000000
3770.000000
4574.000000
5241.000000
5932.000000
6456.000000
6871.000000
7667.000000
8911.000000
9946.000000
10384.000000
10708.000000
11442.000000
12380.000000
13119.000000
13757.000000
14532.000000
15294.000000
15835.000000
16318.000000
16894.000000
17360.000000
17628.000000
18064.000000
18893.000000
19707.000000
20006.000000
19881.000000
19701.000000
19551.000000
19291.000000
18703.000000
17308.000000
14774.000000
11916.000000
10367.000000
10464.000000
10288.000000
7876.000000
3861.000000
778.000000
95.000000
845.000000
931.000000
-1119.000000
-5157.000000
-9051.000000
-9893.000000
-7136.000000
-4267.000000
-5593.000000
-11095.000000
-16123.000000
-16691.000000
-13645.000000
-10993.000000
-11517.000000
-14865.000000
-18554.000000
-19817.000000
-17610.000000
-13994.000000
-12663.000000
-14922.000000
-17937.000000
-18143.000000
-15500.000000
-12951.000000
-12394.000000
-12933.000000
-12892.000000
-11851.000000
-10397.000000
-9237.000000
-8933.000000
-9490.000000
-9941.000000
-9314.000000
-8145.000000
-7990.000000
-9152.000000
-10084.000000
-9541.000000
-8294.000000
-7979.000000
-8975.000000
-10134.000000
-10184.000000
-8856.000000
-7053.000000
-6185.000000
-6824.000000
-7790.000000
-7208.000000
-4843.000000
-2636.000000
-2424.000000
-3736.000000
-4496.000000
-3391.000000
-1023.000000
877.000000
927.000000
-669.000000
-1940.000000
-883.000000
2064.000000
4010.000000
2855.000000
-95.000000
-1664.000000
-488.000000
1845.000000
2966.000000
1959.000000
-350.000000
-2247.000000
-2309.000000
-675.000000
747.000000
225.000000
-1614.000000
-2451.000000
-1211.000000
703.000000
1442.000000
940.000000
553.000000
1207.000000
2641.000000
4055.000000
4884.000000
5155.000000
5486.000000
6555.000000
8276.000000
9762.000000
10371.000000
10511.000000
11148.000000
12674.000000
14514.000000
15770.000000
16177.000000
16435.000000
17445.000000
19117.000000
20328.000000
20415.000000
20228.000000
20972.000000
22426.000000
23261.000000
22967.000000
22395.000000
22377.000000
22810.000000
23155.000000
22750.000000
20702.000000
16944.000000
13547.000000
13073.000000
14892.000000
15030.000000
10994.000000
5193.000000
1947.000000
2400.000000
4056.000000
4160.000000
1679.000000
-2889.000000
-7394.000000
-8626.000000
-5695.000000
-2444.000000
-3745.000000
-9340.000000
-14059.000000
-14488.000000
-12513.000000
-11559.000000
-12329.000000
-13792.000000
-15607.000000
-17416.000000
-17860.000000
-16576.000000
-15520.000000
-16174.000000
-17069.000000
-16373.000000
-15274.000000
-15910.000000
-17226.000000
-16225.000000
-12903.000000
-10578.000000
-11083.000000
-12631.000000
-13041.000000
-12300.000000
-11131.000000
-9629.000000
-8522.000000
-9265.000000
-11465.000000
-12364.000000
-10572.000000
-8352.000000
-8388.000000
-10009.000000
-10674.000000
-9780.000000
-8663.000000
-7923.000000
-7068.000000
-6249.000000
-6053.000000
-5868.000000
-4577.000000
-2754.000000
-2149.000000
-2855.000000
-3015.000000
-1657.000000
-6.000000
606.000000
419.000000
194.000000
14.000000
-30.000000
592.000000
1668.000000
1868.000000
592.000000
-858.000000
-1031.000000
-328.000000
-152.000000
-813.000000
-1521.000000
-1888.000000
-2232.000000
-2667.000000
-2949.000000
-3093.000000
-3253.000000
-3138.000000
-2424.000000
-1600.000000
-1501.000000
-2027.000000
-2154.000000
-1320.000000
-69.000000
851.000000
1376.000000
1857.000000
2475.000000
3227.000000
4151.000000
5306.000000
6657.000000
8055.000000
9252.000000
10029.000000
10540.000000
11378.000000
13000.000000
15163.000000
17159.000000
18463.000000
19017.000000
19182.000000
19650.000000
21030.000000
23056.000000
24576.000000
24808.000000
24286.000000
24080.000000
24474.000000
24988.000000
25194.000000
24698.000000
22857.000000
19644.000000
16592.000000
15486.000000
16008.000000
15868.000000
13589.000000
10053.000000
7021.000000
5273.000000
4657.000000
4655.000000
4187.000000
2073.000000
-1302.000000
-3797.000000
-4080.000000
-3481.000000
-4147.000000
-6212.000000
-8207.000000
-9533.000000
-10814.000000
-12151.000000
-12822.000000
-12842.000000
-13188.000000
-14143.000000
-14856.000000
-14944.000000
-15157.000000
-15854.000000
-16207.000000
-15681.000000
-15065.000000
-15095.000000
-15138.000000
-14379.000000
-13382.000000
-13206.000000
-13593.000000
-13407.000000
-12509.000000
-11867.000000
-11959.000000
-12280.000000
-12429.000000
-12565.000000
-12630.000000
-12218.000000
-11528.000000
-11429.000000
-12132.000000
-12640.000000
-12037.000000
-10687.000000
-9568.000000
-9001.000000
-8573.000000
-7927.000000
-7002.000000
-5806.000000
-4524.000000
-3634.000000
-3409.000000
-3386.000000
-2823.000000
-1659.000000
-602.000000
-239.000000
-407.000000
-521.000000
-251.000000
242.000000
541.000000
374.000000
-138.000000
-568.000000
-616.000000
-444.000000
-513.000000
-1071.000000
-1898.000000
-2517.000000
-2637.000000
-2415.000000
-2308.000000
-2615.000000
-3130.000000
-3333.000000
-2947.000000
-2229.000000
-1651.000000
-1444.000000
-1502.000000
-1568.000000
-1392.000000
-861.000000
-123.000000
496.000000
859.000000
1195.000000
1791.000000
2640.000000
3537.000000
4414.000000
5363.000000
6387.000000
7389.000000
8394.000000
9572.000000
11006.000000
12565.000000
14051.000000
15314.000000
16281.000000
17039.000000
17896.000000
19149.000000
20693.000000
22047.000000
22866.000000
23279.000000
23631.000000
24034.000000
24303.000000
24228.000000
23731.000000
22801.000000
21440.000000
19735.000000
17924.000000
16333.000000
15196.000000
14432.000000
13567.000000
12033.000000
9717.000000
7232.000000
5474.000000
4788.000000
4543.000000
3672.000000
1677.000000
-872.000000
-2913.000000
-3950.000000
-4503.000000
-5501.000000
-7333.000000
-9516.000000
-11171.000000
-11831.000000
-11861.000000
-12160.000000
-13279.000000
-14794.000000
-15666.000000
-15374.000000
-14533.000000
-14227.000000
-14855.000000
-15802.000000
-16141.000000
-15465.000000
-14168.000000
-13133.000000
-13032.000000
-13683.000000
-14118.000000
-13566.000000
-12349.000000
-11521.000000
-11642.000000
-12223.000000
-12446.000000
-12060.000000
-11450.000000
-11097.000000
-11179.000000
-11482.000000
-11501.000000
-10813.000000
-9592.000000
-8519.000000
-8030.000000
-7778.000000
-7145.000000
-6042.000000
-4902.000000
-4015.000000
-3290.000000
-2621.000000
-2077.000000
-1653.000000
-1209.000000
-755.000000
-506.000000
-506.000000
-517.000000
-406.000000
-331.000000
-397.000000
-444.000000
-416.000000
-571.000000
-1074.000000
-1612.000000
-1768.000000
-1576.000000
-1420.000000
-1524.000000
-1842.000000
-2247.000000
-2561.000000
-2506.000000
-2026.000000
-1526.000000
-1460.000000
-1741.000000
-1821.000000
-1374.000000
-621.000000
-41.000000
48.000000
-309.000000
-683.000000
-517.000000
352.000000
1436.000000
2082.000000
2158.000000
2145.000000
2610.000000
3737.000000
5257.000000
6671.000000
7649.000000
8381.000000
9414.000000
10994.000000
12750.000000
14151.000000
15096.000000
15871.000000
16755.000000
17881.000000
19252.000000
20646.000000
21680.000000
22259.000000
22734.000000
23367.000000
23900.000000
23941.000000
23535.000000
22956.000000
22147.000000
20856.000000
19213.000000
17729.000000
16687.000000
15909.000000
15048.000000
13785.000000
11839.000000
9298.000000
6910.000000
5522.000000
5022.000000
4342.000000
2674.000000
341.000000
-1823.000000
-3505.000000
-4972.000000
-6471.000000
-8008.000000
-9531.000000
-10913.000000
-11903.000000
-12485.000000
-13123.000000
-14193.000000
-15299.000000
-15705.000000
-15404.000000
-15192.000000
-15562.000000
-16117.000000
-16269.000000
-15984.000000
-15530.000000
-15026.000000
-14619.000000
-14592.000000
-14873.000000
-14834.000000
-14095.000000
-13183.000000
-12855.000000
-13075.000000
-13197.000000
-12899.000000
-12351.000000
-11694.000000
-10999.000000
-10562.000000
-10587.000000
-10606.000000
-9906.000000
-8558.000000
-7389.000000
-6851.000000
-6544.000000
-5971.000000
-5191.000000
-4480.000000
-3871.000000
-3313.000000
-2858.000000
-2447.000000
-1877.000000
-1228.000000
-922.000000
-1127.000000
-1402.000000
-1266.000000
-828.000000
-561.000000
-650.000000
-908.000000
-1161.000000
-1406.000000
-1651.000000
-1838.000000
-1956.000000
-2062.000000
-2183.000000
-2301.000000
-2437.000000
-2603.000000
-2706.000000
-2604.000000
-2303.000000
-2028.000000
-2013.000000
-2223.000000
-2351.000000
-2116.000000
-1548.000000
-944.000000
-581.000000
-507.000000
-572.000000
-574.000000
-356.000000
104.000000
677.000000
1226.000000
1786.000000
2519.000000
3452.000000
4397.000000
5207.000000
6022.000000
7122.000000
8594.000000
10215.000000
11708.000000
12962.000000
14052.000000
15122.000000
16292.000000
17585.000000
18911.000000
20163.000000
21336.000000
22481.000000
23514.000000
24201.000000
24448.000000
24495.000000
24643.000000
24818.000000
24580.000000
23619.000000
22100.000000
20489.000000
19181.000000
18284.000000
17561.000000
16526.000000
14784.000000
12449.000000
10115.000000
8288.000000
6928.000000
5614.000000
4014.000000
2081.000000
-18.000000
-2015.000000
-3718.000000
-5245.000000
-6986.000000
-9111.000000
-11236.000000
-12793.000000
-13681.000000
-14354.000000
-15274.000000
-16441.000000
-17488.000000
-18070.000000
-18169.000000
-18096.000000
-18216.000000
-18567.000000
-18783.000000
-18511.000000
-17868.000000
-17326.000000
-17146.000000
-17089.000000
-16745.000000
-16038.000000
-15276.000000
-14761.000000
-14470.000000
-14100.000000
-13411.000000
-12459.000000
-11534.000000
-10857.000000
-10377.000000
-9852.000000
-9123.000000
-8248.000000
-7379.000000
-6551.000000
-5680.000000
-4740.000000
-3882.000000
-3290.000000
-2941.000000
-2583.000000
-1982.000000
-1178.000000
-445.000000
-13.000000
134.000000
213.000000
409.000000
713.000000
967.000000
991.000000
744.000000
393.000000
204.000000
322.000000
626.000000
835.000000
777.000000
483.000000
74.000000
-325.000000
-603.000000
-714.000000
-771.000000
-957.000000
-1280.000000
-1592.000000
-1854.000000
-2202.000000
-2674.000000
-3074.000000
-3246.000000
-3286.000000
-3314.000000
-3285.000000
-3163.000000
-3078.000000
-3080.000000
-2987.000000
-2679.000000
-2314.000000
-2017.000000
-1582.000000
-796.000000
211.000000
1210.000000
2252.000000
3457.000000
4683.000000
5769.000000
6909.000000
8378.000000
10032.000000
11516.000000
12814.000000
14162.000000
15571.000000
16861.000000
18098.000000
19512.000000
21057.000000
22454.000000
23630.000000
24703.000000
25590.000000
26074.000000
26277.000000
26570.000000
26959.000000
26961.000000
26216.000000
24875.000000
23303.000000
21720.000000
20276.000000
19091.000000
18030.000000
16672.000000
14745.000000
12443.000000
10161.000000
8095.000000
6256.000000
4657.000000
3238.000000
1702.000000
-283.000000
-2695.000000
-5161.000000
-7377.000000
-9349.000000
-11174.000000
-12859.000000
-14455.000000
-16119.000000
-17827.000000
-19226.000000
-20032.000000
-20448.000000
-20926.000000
-21605.000000
-22279.000000
-22754.000000
-22935.000000
-22704.000000
-22091.000000
-21481.000000
-21207.000000
-21037.000000
-20470.000000
-19501.000000
-18597.000000
-17942.000000
-17232.000000
-16262.000000
-15181.000000
-14135.000000
-13130.000000
-12293.000000
-11774.000000
-11313.000000
-10452.000000
-9221.000000
-8102.000000
-7258.000000
-6359.000000
-5267.000000
-4273.000000
-3527.000000
-2762.000000
-1782.000000
-721.000000
309.000000
1339.000000
2209.000000
2629.000000
2732.000000
3041.000000
3709.000000
4299.000000
4453.000000
4324.000000
4177.000000
4061.000000
4012.000000
4140.000000
4325.000000
4237.000000
3806.000000
3304.000000
2865.000000
2309.000000
1538.000000
782.000000
233.000000
-218.000000
-792.000000
-1586.000000
-2597.000000
-3736.000000
-4760.000000
-5415.000000
-5744.000000
-6071.000000
-6621.000000
-7272.000000
-7716.000000
-7739.000000
-7373.000000
-6836.000000
-6331.000000
-5853.000000
-5236.000000
-4356.000000
-3221.000000
-1899.000000
-477.000000
946.000000
2363.000000
3893.000000
5581.000000
7264.000000
8813.000000
10340.000000
11987.000000
13656.000000
15189.000000
16633.000000
18082.000000
19435.000000
20574.000000
21597.000000
22606.000000
23483.000000
24155.000000
24817.000000
25572.000000
26128.000000
26166.000000
25805.000000
25393.000000
25067.000000
24797.000000
24545.000000
24073.000000
22935.000000
21026.000000
18893.000000
17157.000000
15916.000000
14891.000000
13822.000000
12428.000000
10428.000000
7934.000000
5524.000000
3612.000000
2035.000000
463.000000
-1192.000000
-2976.000000
-5053.000000
-7377.000000
-9611.000000
-11612.000000
-13586.000000
-15598.000000
-17360.000000
-18738.000000
-20015.000000
-21416.000000
-22799.000000
-24008.000000
-25091.000000
-26005.000000
-26539.000000
-26737.000000
-26942.000000
-27246.000000
-27310.000000
-26897.000000
-26188.000000
-25403.000000
-24513.000000
-23482.000000
-22415.000000
-21320.000000
-20037.000000
-18542.000000
-17034.000000
-15611.000000
-14172.000000
-12678.000000
-11260.000000
-9980.000000
-8713.000000
-7313.000000
-5761.000000
-4131.000000
-2568.000000
-1218.000000
-63.000000
1096.000000
2397.000000
3780.000000
5108.000000
6287.000000
7225.000000
7906.000000
8502.000000
9155.000000
9684.000000
9768.000000
9436.000000
9020.000000
8680.000000
8328.000000
7936.000000
7511.000000
6826.000000
5625.000000
4121.000000
2823.000000
1891.000000
1103.000000
367.000000
-225.000000
-813.000000
-1685.000000
-2752.000000
-3628.000000
-4217.000000
-4760.000000
-5316.000000
-5709.000000
-5969.000000
-6331.000000
-6784.000000
-7068.000000
-7121.000000
-7114.000000
-7044.000000
-6708.000000
-6073.000000
-5302.000000
-4441.000000
-3420.000000
-2298.000000
-1208.000000
-114.000000
1136.000000
2570.000000
4124.000000
5784.000000
7498.000000
9096.000000
10494.000000
11793.000000
13054.000000
14210.000000
15286.000000
16419.000000
17585.000000
18569.000000
19314.000000
19976.000000
20567.000000
20948.000000
21210.000000
21630.000000
22210.000000
22662.000000
22929.000000
23240.000000
23589.000000
23659.000000
23364.000000
22985.000000
22668.000000
22265.000000
21719.000000
21129.000000
20298.000000
18789.000000
16625.000000
14441.000000
12769.000000
11518.000000
10296.000000
8814.000000
6858.000000
4297.000000
1404.000000
-1216.000000
-3235.000000
-4923.000000
-6741.000000
-8864.000000
-11210.000000
-13696.000000
-16240.000000
-18668.000000
-20800.000000
-22593.000000
-24134.000000
-25525.000000
-26794.000000
-27920.000000
-28885.000000
-29669.000000
-30175.000000
-30283.000000
-30035.000000
-29643.000000
-29199.000000
-28541.000000
-27566.000000
-26467.000000
-25418.000000
-24271.000000
-22820.000000
-21172.000000
-19528.000000
-17806.000000
-15875.000000
-13914.000000
-12164.000000
-10520.000000
-8805.000000
-7202.000000
-5935.000000
-4756.000000
-3280.000000
-1654.000000
-373.000000
449.000000
1119.000000
1790.000000
2399.000000
3058.000000
3931.000000
4830.000000
5427.000000
5809.000000
6305.000000
6839.000000
7010.000000
6797.000000
6668.000000
6925.000000
7387.000000
7732.000000
7765.000000
7375.000000
6650.000000
6038.000000
5994.000000
6390.000000
6612.000000
6287.000000
5628.000000
5027.000000
4631.000000
4336.000000
3965.000000
3377.000000
2580.000000
1809.000000
1290.000000
960.000000
538.000000
-100.000000
-779.000000
-1270.000000
-1534.000000
-1706.000000
-1889.000000
-2047.000000
-2060.000000
-1864.000000
-1553.000000
-1293.000000
-1152.000000
-1000.000000
-609.000000
158.000000
1170.000000
2115.000000
2786.000000
3313.000000
3994.000000
4939.000000
5991.000000
6992.000000
7918.000000
8812.000000
9703.000000
10659.000000
11715.000000
12734.000000
13545.000000
14210.000000
14929.000000
15685.000000
16274.000000
16661.000000
17032.000000
17424.000000
17635.000000
17588.000000
17466.000000
17407.000000
17349.000000
17266.000000
17236.000000
17181.000000
16862.000000
16281.000000
15751.000000
15433.000000
15105.000000
14558.000000
13859.000000
13034.000000
11810.000000
9976.000000
7772.000000
5690.000000
4014.000000
2715.000000
1545.000000
48.000000
-2240.000000
-5265.000000
-8262.000000
-10408.000000
-11637.000000
-12623.000000
-14031.000000
-15974.000000
-18127.000000
-20097.000000
-21644.000000
-22777.000000
-23723.000000
-24681.000000
-25548.000000
-26037.000000
-26098.000000
-26064.000000
-26237.000000
-26454.000000
-26252.000000
-25398.000000
-24112.000000
-22762.000000
-21540.000000
-20419.000000
-19269.000000
-17917.000000
-16268.000000
-14461.000000
-12777.000000
-11294.000000
-9809.000000
-8183.000000
-6619.000000
-5397.000000
-4490.000000
-3645.000000
-2761.000000
-1968.000000
-1369.000000
-949.000000
-693.000000
-601.000000
-565.000000
-429.000000
-222.000000
-120.000000
-145.000000
-95.000000
144.000000
418.000000
574.000000
741.000000
1162.000000
1865.000000
2676.000000
3468.000000
4233.000000
4945.000000
5562.000000
6179.000000
6940.000000
7780.000000
8453.000000
8867.000000
9217.000000
9654.000000
10059.000000
10260.000000
10296.000000
10268.000000
10095.000000
9657.000000
9069.000000
8565.000000
8176.000000
7767.000000
7320.000000
6913.000000
6426.000000
5631.000000
4574.000000
3623.000000
3016.000000
2651.000000
2371.000000
2168.000000
1979.000000
1593.000000
966.000000
421.000000
280.000000
481.000000
761.000000
1041.000000
1394.000000
1785.000000
2147.000000
2621.000000
3423.000000
4478.000000
5482.000000
6313.000000
7131.000000
8026.000000
8858.000000
9540.000000
10200.000000
10894.000000
11420.000000
11611.000000
11635.000000
11744.000000
11899.000000
11890.000000
11703.000000
11455.000000
11098.000000
10480.000000
9695.000000
8979.000000
8310.000000
7471.000000
6525.000000
5830.000000
5470.000000
5074.000000
4340.000000
3416.000000
2582.000000
1910.000000
1438.000000
1298.000000
1419.000000
1423.000000
1090.000000
627.000000
193.000000
-498.000000
-1737.000000
-3237.000000
-4396.000000
-4987.000000
-5284.000000
-5653.000000
-6376.000000
-7656.000000
-9379.000000
-10957.000000
-11816.000000
-12035.000000
-12176.000000
-12577.000000
-13124.000000
-13697.000000
-14385.000000
-15212.000000
-15961.000000
-16432.000000
-16642.000000
-16694.000000
-16678.000000
-16769.000000
-17145.000000
-17662.000000
-17834.000000
-17338.000000
-16406.000000
-15563.000000
-15056.000000
-14725.000000
-14330.000000
-13748.000000
-12920.000000
-11822.000000
-10566.000000
-9351.000000
-8240.000000
-7140.000000
-6048.000000
-5119.000000
-4371.000000
-3560.000000
-2498.000000
-1353.000000
-406.000000
326.000000
1001.000000
1615.000000
2037.000000
2305.000000
2607.000000
3006.000000
3452.000000
3997.000000
4708.000000
5403.000000
5812.000000
6040.000000
6500.000000
7365.000000
8349.000000
9147.000000
9752.000000
10268.000000
10708.000000
11129.000000
11671.000000
12301.000000
12753.000000
12881.000000
12855.000000
12838.000000
12719.000000
12337.000000
11794.000000
11307.000000
10909.000000
10459.000000
9889.000000
9204.000000
8373.000000
7366.000000
6305.000000
5384.000000
4654.000000
3995.000000
3302.000000
2599.000000
1943.000000
1315.000000
692.000000
155.000000
-191.000000
-397.000000
-654.000000
-1054.000000
-1480.000000
-1782.000000
-1940.000000
-1984.000000
-1871.000000
-1609.000000
-1370.000000
-1302.000000
-1303.000000
-1171.000000
-891.000000
-563.000000
-127.000000
556.000000
1361.000000
1974.000000
2300.000000
2540.000000
2810.000000
3008.000000
3111.000000
3257.000000
3446.000000
3465.000000
3251.000000
3037.000000
2952.000000
2773.000000
2289.000000
1640.000000
1090.000000
648.000000
206.000000
-164.000000
-354.000000
-486.000000
-743.000000
-1017.000000
-1046.000000
-857.000000
-716.000000
-661.000000
-435.000000
73.000000
613.000000
937.000000
1092.000000
1235.000000
1417.000000
1693.000000
2178.000000
2711.000000
2733.000000
1879.000000
574.000000
-325.000000
-417.000000
-42.000000
216.000000
-64.000000
-1102.000000
-2788.000000
-4492.000000
-5462.000000
-5628.000000
-5652.000000
-6104.000000
-6930.000000
-7876.000000
-8942.000000
-10115.000000
-11071.000000
-11545.000000
-11730.000000
-11964.000000
-12281.000000
-12599.000000
-13056.000000
-13683.000000
-14015.000000
-13547.000000
-12479.000000
-11515.000000
-11011.000000
-10738.000000
-10409.000000
-9912.000000
-9054.000000
-7614.000000
-5817.000000
-4251.000000
-3157.000000
-2201.000000
-1096.000000
-23.000000
817.000000
1608.000000
2594.000000
3670.000000
4648.000000
5584.000000
6491.000000
7028.000000
6931.000000
6562.000000
6569.000000
7124.000000
7855.000000
8437.000000
8796.000000
8840.000000
8507.000000
8104.000000
8136.000000
8664.000000
9229.000000
9519.000000
9685.000000
9871.000000
9902.000000
9668.000000
9444.000000
9505.000000
9725.000000
9834.000000
9799.000000
9646.000000
9205.000000
8409.000000
7607.000000
7160.000000
6897.000000
6365.000000
5488.000000
4582.000000
3812.000000
3054.000000
2264.000000
1542.000000
817.000000
-138.000000
-1279.000000
-2279.000000
-3013.000000
-3702.000000
-4471.000000
-5151.000000
-5681.000000
-6307.000000
-7177.000000
-8013.000000
-8494.000000
-8669.000000
-8781.000000
-8897.000000
-8981.000000
-9098.000000
-9251.000000
-9200.000000
-8785.000000
-8242.000000
-7918.000000
-7759.000000
-7431.000000
-6837.000000
-6184.000000
-5586.000000
-4960.000000
-4282.000000
-3645.000000
-3041.000000
-2387.000000
-1785.000000
-1453.000000
-1337.000000
-1114.000000
-653.000000
-197.000000
21.000000
62.000000
68.000000
51.000000
35.000000
160.000000
450.000000
709.000000
818.000000
950.000000
1286.000000
1735.000000
2123.000000
2468.000000
2853.000000
3214.000000
3516.000000
3948.000000
4675.000000
5508.000000
6111.000000
6427.000000
6675.000000
6983.000000
7324.000000
7719.000000
8192.000000
8589.000000
8732.000000
8728.000000
8783.000000
8762.000000
8286.000000
7339.000000
6427.000000
6026.000000
6133.000000
6399.000000
6427.000000
5855.000000
4560.000000
2977.000000
1889.000000
1631.000000
1755.000000
1619.000000
1057.000000
242.000000
-738.000000
-1829.000000
-2778.000000
-3358.000000
-3685.000000
-4010.000000
-4338.000000
-4581.000000
-4883.000000
-5379.000000
-5770.000000
-5604.000000
-4955.000000
-4386.000000
-4213.000000
-4243.000000
-4223.000000
-4132.000000
-3903.000000
-3357.000000
-2577.000000
-1955.000000
-1659.000000
-1433.000000
-1126.000000
-986.000000
-1160.000000
-1295.000000
-1015.000000
-486.000000
-125.000000
-25.000000
-34.000000
-182.000000
-534.000000
-825.000000
-729.000000
-381.000000
-182.000000
-170.000000
-50.000000
188.000000
243.000000
95.000000
110.000000
447.000000
814.000000
991.000000
1130.000000
1333.000000
1397.000000
1235.000000
1159.000000
1405.000000
1755.000000
1959.000000
2168.000000
2592.000000
3012.000000
3097.000000
2959.000000
2942.000000
3041.000000
2993.000000
2811.000000
2736.000000
2730.000000
2476.000000
1908.000000
1247.000000
526.000000
-442.000000
-1552.000000
-2356.000000
-2701.000000
-3004.000000
-3653.000000
-4566.000000
-5510.000000
-6468.000000
-7408.000000
-8067.000000
-8328.000000
-8528.000000
-9025.000000
-9714.000000
-10286.000000
-10737.000000
-11208.000000
-11566.000000
-11560.000000
-11308.000000
-11161.000000
-11186.000000
-11137.000000
-10937.000000
-10722.000000
-10441.000000
-9840.000000
-8922.000000
-8036.000000
-7385.000000
-6815.000000
-6196.000000
-5631.000000
-5119.000000
-4396.000000
-3364.000000
-2353.000000
-1689.000000
-1262.000000
-789.000000
-248.000000
230.000000
691.000000
1234.000000
1764.000000
2182.000000
2693.000000
3528.000000
4492.000000
5170.000000
5526.000000
5962.000000
6759.000000
7826.000000
8992.000000
10174.000000
11222.000000
11952.000000
12474.000000
13144.000000
14067.000000
14946.000000
15554.000000
16070.000000
16735.000000
17449.000000
17972.000000
18295.000000
18552.000000
18747.000000
18857.000000
19012.000000
19308.000000
19532.000000
19408.000000
18981.000000
18477.000000
17870.000000
16897.000000
15546.000000
14157.000000
12997.000000
11983.000000
10876.000000
9504.000000
7722.000000
5479.000000
3066.000000
1037.000000
-332.000000
-1346.000000
-2501.000000
-3960.000000
-5577.000000
-7214.000000
-8785.000000
-10119.000000
-11070.000000
-11739.000000
-12357.000000
-12999.000000
-13595.000000
-14155.000000
-14765.000000
-15342.000000
-15640.000000
-15573.000000
-15334.000000
-15120.000000
-14926.000000
-14673.000000
-14389.000000
-14100.000000
-13711.000000
-13121.000000
-12371.000000
-11570.000000
-10753.000000
-9932.000000
-9217.000000
-8733.000000
-8434.000000
-8128.000000
-7702.000000
-7193.000000
-6667.000000
-6131.000000
-5619.000000
-5238.000000
-5048.000000
-4946.000000
-4746.000000
-4324.000000
-3675.000000
-2869.000000
-2028.000000
-1294.000000
-751.000000
-330.000000
132.000000
733.000000
1416.000000
2067.000000
2631.000000
3102.000000
3441.000000
3581.000000
3548.000000
3479.000000
3515.000000
3675.000000
3865.000000
3980.000000
3944.000000
3738.000000
3436.000000
3185.000000
3071.000000
3001.000000
2810.000000
2478.000000
2130.000000
1837.000000
1502.000000
1012.000000
372.000000
-340.000000
-1090.000000
-1872.000000
-2655.000000
-3430.000000
-4241.000000
-5071.000000
-5769.000000
-6202.000000
-6458.000000
-6736.000000
-7075.000000
-7312.000000
-7315.000000
-7125.000000
-6825.000000
-6441.000000
-5998.000000
-5553.000000
-5103.000000
-4557.000000
-3910.000000
-3307.000000
-2859.000000
-2470.000000
-1969.000000
-1342.000000
-685.000000
-19.000000
716.000000
1518.000000
2309.000000
3087.000000
3921.000000
4793.000000
5584.000000
6252.000000
6899.000000
7617.000000
8369.000000
9094.000000
9790.000000
10421.000000
10861.000000
11033.000000
11066.000000
11161.000000
11366.000000
11567.000000
11662.000000
11638.000000
11499.000000
11257.000000
10982.000000
10782.000000
10657.000000
10514.000000
10310.000000
10126.000000
10021.000000
9933.000000
9754.000000
9480.000000
9178.000000
8879.000000
8561.000000
8217.000000
7863.000000
7485.000000
7052.000000
6583.000000
6133.000000
5701.000000
5232.000000
4713.000000
4234.000000
3884.000000
3631.000000
3340.000000
2911.000000
2350.000000
1736.000000
1154.000000
649.000000
187.000000
-375.000000
-1192.000000
-2276.000000
-3417.000000
-4347.000000
-4965.000000
-5394.000000
-5850.000000
-6494.000000
-7366.000000
-8377.000000
-9311.000000
-9953.000000
-10265.000000
-10422.000000
-10645.000000
-11017.000000
-11503.000000
-12048.000000
-12584.000000
-12989.000000
-13160.000000
-13136.000000
-13056.000000
-13019.000000
-13026.000000
-13060.000000
-13102.000000
-13054.000000
-12763.000000
-12189.000000
-11485.000000
-10827.000000
-10249.000000
-9695.000000
-9135.000000
-8545.000000
-7840.000000
-6967.000000
-6017.000000
-5153.000000
-4429.000000
-3797.000000
-3261.000000
-2884.000000
-2644.000000
-2417.000000
-2129.000000
-1836.000000
-1587.000000
-1350.000000
-1103.000000
-907.000000
-785.000000
-619.000000
-284.000000
196.000000
706.000000
1218.000000
1769.000000
2342.000000
2889.000000
3432.000000
4047.000000
4702.000000
5277.000000
5720.000000
6113.000000
6519.000000
6885.000000
7156.000000
7364.000000
7555.000000
7710.000000
7797.000000
7851.000000
7893.000000
7846.000000
7629.000000
7297.000000
6999.000000
6806.000000
6658.000000
6481.000000
6245.000000
5931.000000
5522.000000
5069.000000
4679.000000
4393.000000
4138.000000
3820.000000
3437.000000
3042.000000
2670.000000
2334.000000
2059.000000
1853.000000
1650.000000
1355.000000
959.000000
560.000000
269.000000
115.000000
39.000000
-48.000000
-227.000000
-534.000000
-917.000000
-1258.000000
-1461.000000
-1543.000000
-1600.000000
-1690.000000
-1788.000000
-1852.000000
-1901.000000
-1979.000000
-2076.000000
-2115.000000
-2031.000000
-1826.000000
-1572.000000
-1374.000000
-1322.000000
-1420.000000
-1548.000000
-1539.000000
-1350.000000
-1109.000000
-973.000000
-984.000000
-1087.000000
-1228.000000
-1400.000000
-1581.000000
-1726.000000
-1820.000000
-1876.000000
-1913.000000
-1954.000000
-2050.000000
-2237.000000
-2446.000000
-2545.000000
-2484.000000
-2344.000000
-2226.000000
-2132.000000
-2008.000000
-1846.000000
-1688.000000
-1559.000000
-1441.000000
-1309.000000
-1139.000000
-902.000000
-599.000000
-300.000000
-73.000000
114.000000
356.000000
683.000000
1036.000000
1355.000000
1673.000000
2058.000000
2510.000000
2949.000000
3298.000000
3543.000000
3750.000000
4020.000000
4420.000000
4904.000000
5329.000000
5573.000000
5656.000000
5714.000000
5842.000000
6008.000000
6108.000000
6085.000000
5976.000000
5843.000000
5684.000000
5441.000000
5063.000000
4575.000000
4073.000000
3655.000000
3333.000000
3006.000000
2535.000000
1874.000000
1119.000000
429.000000
-122.000000
-590.000000
-1065.000000
-1581.000000
-2123.000000
-2679.000000
-3252.000000
-3816.000000
-4298.000000
-4632.000000
-4798.000000
-4831.000000
-4808.000000
-4812.000000
-4868.000000
-4887.000000
-4755.000000
-4482.000000
-4209.000000
-4050.000000
-3966.000000
-3843.000000
-3644.000000
-3446.000000
-3344.000000
-3380.000000
-3532.000000
-3719.000000
-3830.000000
-3827.000000
-3807.000000
-3894.000000
-4087.000000
-4258.000000
-4326.000000
-4337.000000
-4338.000000
-4273.000000
-4044.000000
-3649.000000
-3170.000000
-2689.000000
-2245.000000
-1833.000000
-1372.000000
-738.000000
106.000000
1009.000000
1774.000000
2372.000000
2934.000000
3541.000000
4127.000000
4594.000000
4939.000000
5214.000000
5465.000000
5724.000000
6005.000000
6237.000000
6299.000000
6171.000000
5983.000000
5868.000000
5788.000000
5626.000000
5361.000000
5064.000000
4768.000000
4424.000000
4004.000000
3541.000000
3064.000000
2575.000000
2098.000000
1660.000000
1212.000000
655.000000
-10.000000
-645.000000
-1150.000000
-1591.000000
-2085.000000
-2652.000000
-3228.000000
-3778.000000
-4318.000000
-4856.000000
-5381.000000
-5902.000000
-6404.000000
-6814.000000
-7072.000000
-7242.000000
-7459.000000
-7761.000000
-8040.000000
-8177.000000
-8163.000000
-8045.000000
-7860.000000
-7633.000000
-7402.000000
-7173.000000
-6913.000000
-6610.000000
-6301.000000
-6009.000000
-5676.000000
-5253.000000
-4793.000000
-4407.000000
-4128.000000
-3889.000000
-3612.000000
-3266.000000
-2850.000000
-2368.000000
-1859.000000
-1362.000000
-868.000000
-320.000000
308.000000
982.000000
1677.000000
2417.000000
3233.000000
4097.000000
4946.000000
5737.000000
6460.000000
7120.000000
7743.000000
8372.000000
9018.000000
9630.000000
10133.000000
10492.000000
10717.000000
10828.000000
10845.000000
10802.000000
10741.000000
10667.000000
10542.000000
10327.000000
10010.000000
9601.000000
9121.000000
8613.000000
8118.000000
7636.000000
7129.000000
6563.000000
5945.000000
5304.000000
4661.000000
4018.000000
3366.000000
2699.000000
2011.000000
1326.000000
682.000000
98.000000
-441.000000
-958.000000
-1452.000000
-1900.000000
-2289.000000
-2622.000000
-2920.000000
-3196.000000
-3450.000000
-3665.000000
-3823.000000
-3932.000000
-4027.000000
-4130.000000
-4230.000000
-4297.000000
-4314.000000
-4299.000000
-4265.000000
-4224.000000
-4177.000000
-4115.000000
-4019.000000
-3886.000000
-3732.000000
-3587.000000
-3454.000000
-3308.000000
-3125.000000
-2907.000000
-2667.000000
-2419.000000
-2174.000000
-1936.000000
-1701.000000
-1454.000000
-1184.000000
-896.000000
-604.000000
-323.000000
-76.000000
126.000000
294.000000
450.000000
598.000000
714.000000
774.000000
782.000000
757.000000
716.000000
657.000000
571.000000
441.000000
250.000000
0.000000
-282.000000
-570.000000
-862.000000
-1177.000000
-1525.000000
-1897.000000
-2289.000000
-2702.000000
-3135.000000
-3574.000000
-3996.000000
-4387.000000
-4737.000000
-5056.000000
-5369.000000
-5698.000000
-6032.000000
-6334.000000
-6577.000000
-6765.000000
-6918.000000
-7042.000000
-7130.000000
-7170.000000
-7159.000000
-7102.000000
-7013.000000
-6892.000000
-6724.000000
-6483.000000
-6167.000000
-5806.000000
-5422.000000
-5006.000000
-4536.000000
-4006.000000
-3443.000000
-2866.000000
-2278.000000
-1664.000000
-1013.000000
-324.000000
394.000000
1115.000000
1820.000000
2520.000000
3241.000000
3989.000000
4732.000000
5437.000000
6101.000000
6752.000000
7418.000000
8092.000000
8742.000000
9325.000000
9832.000000
10291.000000
10739.000000
11182.000000
11582.000000
11906.000000
12150.000000
12334.000000
12475.000000
12568.000000
12600.000000
12558.000000
12434.000000
12238.000000
11987.000000
11684.000000
11312.000000
10858.000000
10332.000000
9758.000000
9145.000000
8482.000000
7758.000000
6980.000000
6176.000000
5378.000000
4604.000000
3829.000000
3021.000000
2164.000000
1290.000000
442.000000
-363.000000
-1142.000000
-1913.000000
-2675.000000
-3415.000000
-4124.000000
-4808.000000
-5484.000000
-6165.000000
-6826.000000
-7404.000000
-7852.000000
-8194.000000
-8511.000000
-8850.000000
-9180.000000
-9436.000000
-9583.000000
-9623.000000
-9584.000000
-9500.000000
-9394.000000
-9257.000000
-9060.000000
-8798.000000
-8517.000000
-8252.000000
-7981.000000
-7654.000000
-7261.000000
-6852.000000
-6474.000000
-6131.000000
-5800.000000
-5452.000000
-5070.000000
-4661.000000
-4259.000000
-3894.000000
-3540.000000
-3149.000000
-2716.000000
-2295.000000
-1927.000000
-1584.000000
-1218.000000
-822.000000
-426.000000
-57.000000
268.000000
527.000000
718.000000
881.000000
1046.000000
1191.000000
1273.000000
1296.000000
1311.000000
1330.000000
1309.000000
1220.000000
1094.000000
985.000000
914.000000
867.000000
829.000000
779.000000
695.000000
593.000000
527.000000
529.000000
568.000000
590.000000
595.000000
624.000000
692.000000
767.000000
830.000000
895.000000
984.000000
1095.000000
1220.000000
1349.000000
1457.000000
1520.000000
1550.000000
1599.000000
1693.000000
1798.000000
1866.000000
1899.000000
1933.000000
1984.000000
2040.000000
2094.000000
2145.000000
2190.000000
2231.000000
2295.000000
2408.000000
2558.000000
2694.000000
2797.000000
2900.000000
3038.000000
3203.000000
3365.000000
3520.000000
3684.000000
3855.000000
4012.000000
4131.000000
4199.000000
4216.000000
4190.000000
4151.000000
4121.000000
4083.000000
3995.000000
3827.000000
3591.000000
3330.000000
3074.000000
2825.000000
2569.000000
2286.000000
1976.000000
1655.000000
1341.000000
1028.000000
693.000000
331.000000
-32.000000
-355.000000
-631.000000
-892.000000
-1173.000000
-1481.000000
-1791.000000
-2076.000000
-2326.000000
-2541.000000
-2728.000000
-2891.000000
-3033.000000
-3155.000000
-3258.000000
-3349.000000
-3425.000000
-3476.000000
-3482.000000
-3438.000000
-3364.000000
-3286.000000
-3210.000000
-3116.000000
-2988.000000
-2832.000000
-2670.000000
-2513.000000
-2362.000000
-2212.000000
-2056.000000
-1889.000000
-1722.000000
-1569.000000
-1442.000000
-1325.000000
-1199.000000
-1058.000000
-923.000000
-812.000000
-719.000000
-627.000000
-530.000000
-441.000000
-375.000000
-337.000000
-317.000000
-305.000000
-298.000000
-299.000000
-318.000000
-361.000000
-419.000000
-480.000000
-533.000000
-580.000000
-631.000000
-691.000000
-759.000000
-821.000000
-873.000000
-919.000000
-980.000000
-1066.000000
-1160.000000
-1230.000000
-1263.000000
-1280.000000
-1315.000000
-1377.000000
-1439.000000
-1473.000000
-1475.000000
-1458.000000
-1433.000000
-1407.000000
-1376.000000
-1339.000000
-1297.000000
-1253.000000
-1208.000000
-1158.000000
-1092.000000
-996.000000
-879.000000
-758.000000
-648.000000
-538.000000
-411.000000
-259.000000
-90.000000
78.000000
236.000000
394.000000
564.000000
749.000000
936.000000
1108.000000
1260.000000
1413.000000
1587.000000
1788.000000
1998.000000
2193.000000
2362.000000
2513.000000
2666.000000
2830.000000
2999.000000
3157.000000
3298.000000
3429.000000
3550.000000
3652.000000
3726.000000
3777.000000
3819.000000
3860.000000
3900.000000
3932.000000
3946.000000
3938.000000
3908.000000
3859.000000
3797.000000
3722.000000
3626.000000
3506.000000
3369.000000
3227.000000
3077.000000
2907.000000
2705.000000
2478.000000
2250.000000
2034.000000
1818.000000
1582.000000
1320.000000
1055.000000
805.000000
569.000000
320.000000
49.000000
-232.000000
-496.000000
-735.000000
-959.000000
-1190.000000
-1436.000000
-1677.000000
-1893.000000
-2072.000000
-2226.000000
-2376.000000
-2533.000000
-2690.000000
-2825.000000
-2932.000000
-3015.000000
-3095.000000
-3181.000000
-3270.000000
-3339.000000
-3377.000000
-3392.000000
-3402.000000
-3420.000000
-3441.000000
-3449.000000
-3443.000000
-3423.000000
-3398.000000
-3372.000000
-3340.000000
-3297.000000
-3245.000000
-3197.000000
-3162.000000
-3135.000000
-3099.000000
-3045.000000
-2981.000000
-2918.000000
-2864.000000
-2806.000000
-2734.000000
-2649.000000
-2563.000000
-2485.000000
-2414.000000
-2337.000000
-2247.000000
-2142.000000
-2032.000000
-1922.000000
-1811.000000
-1693.000000
-1557.000000
-1403.000000
-1246.000000
-1095.000000
-949.000000
-788.000000
-597.000000
-377.000000
-151.000000
62.000000
272.000000
499.000000
750.000000
1009.000000
1255.000000
1489.000000
1736.000000
2009.000000
2295.000000
2563.000000
2801.000000
3025.000000
3257.000000
3503.000000
3751.000000
3987.000000
4205.000000
4399.000000
4569.000000
4717.000000
4850.000000
4969.000000
5072.000000
5150.000000
5206.000000
5245.000000
5261.000000
5249.000000
5211.000000
5156.000000
5094.000000
5020.000000
4915.000000
4776.000000
4605.000000
4417.000000
4221.000000
4020.000000
3810.000000
3585.000000
3334.000000
3056.000000
2760.000000
2469.000000
2186.000000
1903.000000
1600.000000
1273.000000
946.000000
632.000000
330.000000
21.000000
-309.000000
-655.000000
-991.000000
-1303.000000
-1595.000000
-1886.000000
-2192.000000
-2498.000000
-2782.000000
-3033.000000
-3263.000000
-3492.000000
-3726.000000
-3945.000000
-4127.000000
-4270.000000
-4393.000000
-4517.000000
-4638.000000
-4732.000000
-4784.000000
-4803.000000
-4808.000000
-4802.000000
-4763.000000
-4684.000000
-4580.000000
-4473.000000
-4360.000000
-4228.000000
-4069.000000
-3890.000000
-3693.000000
-3483.000000
-3267.000000
-3054.000000
-2840.000000
-2619.000000
-2391.000000
-2171.000000
-1962.000000
-1751.000000
-1531.000000
-1310.000000
-1110.000000
-941.000000
-788.000000
-633.000000
-473.000000
-320.000000
-188.000000
-83.000000
6.000000
93.000000
176.000000
247.000000
308.000000
361.000000
407.000000
442.000000
470.000000
503.000000
545.000000
586.000000
610.000000
621.000000
631.000000
650.000000
677.000000
704.000000
720.000000
724.000000
726.000000
746.000000
780.000000
808.000000
814.000000
810.000000
816.000000
841.000000
869.000000
888.000000
899.000000
911.000000
927.000000
942.000000
945.000000
935.000000
927.000000
940.000000
975.000000
1013.000000
1042.000000
1071.000000
1106.000000
1141.000000
1170.000000
1203.000000
1248.000000
1303.000000
1355.000000
1409.000000
1472.000000
1539.000000
1596.000000
1646.000000
1709.000000
1790.000000
1871.000000
1935.000000
1992.000000
2054.000000
2117.000000
2166.000000
2202.000000
2233.000000
2267.000000
2301.000000
2320.000000
2319.000000
2304.000000
2285.000000
2270.000000
2250.000000
2208.000000
2144.000000
2072.000000
2001.000000
1923.000000
1823.000000
1702.000000
1574.000000
1443.000000
1310.000000
1165.000000
1011.000000
849.000000
679.000000
507.000000
335.000000
158.000000
-26.000000
-212.000000
-396.000000
-581.000000
-772.000000
-962.000000
-1142.000000
-1309.000000
-1465.000000
-1615.000000
-1756.000000
-1890.000000
-2015.000000
-2133.000000
-2240.000000
-2341.000000
-2434.000000
-2510.000000
-2559.000000
-2585.000000
-2599.000000
-2610.000000
-2615.000000
-2608.000000
-2582.000000
-2542.000000
-2489.000000
-2433.000000
-2379.000000
-2313.000000
-2228.000000
-2134.000000
-2049.000000
-1975.000000
-1891.000000
-1790.000000
-1684.000000
-1590.000000
-1506.000000
-1419.000000
-1328.000000
-1237.000000
-1153.000000
-1075.000000
-1007.000000
-945.000000
-879.000000
-809.000000
-746.000000
-698.000000
-651.000000
-585.000000
-503.000000
-430.000000
-376.000000
-331.000000
-275.000000
-202.000000
-123.000000
-51.000000
15.000000
84.000000
165.000000
258.000000
352.000000
440.000000
518.000000
591.000000
669.000000
759.000000
860.000000
958.000000
1042.000000
1115.000000
1189.000000
1272.000000
1356.000000
1426.000000
1480.000000
1528.000000
1579.000000
1631.000000
1674.000000
1714.000000
1761.000000
1819.000000
1880.000000
1936.000000
1978.000000
2013.000000
2046.000000
2080.000000
2116.000000
2155.000000
2199.000000
2244.000000
2286.000000
2326.000000
2371.000000
2415.000000
2449.000000
2465.000000
2471.000000
2480.000000
2491.000000
2489.000000
2468.000000
2428.000000
2372.000000
2293.000000
2191.000000
2076.000000
1955.000000
1826.000000
1679.000000
1510.000000
1322.000000
1115.000000
887.000000
637.000000
377.000000
117.000000
-141.000000
-403.000000
-676.000000
-959.000000
-1244.000000
-1526.000000
-1796.000000
-2050.000000
-2287.000000
-2513.000000
-2730.000000
-2933.000000
-3114.000000
-3277.000000
-3427.000000
-3559.000000
-3663.000000
-3743.000000
-3808.000000
-3863.000000
-3897.000000
-3898.000000
-3875.000000
-3838.000000
-3790.000000
-3727.000000
-3649.000000
-3561.000000
-3465.000000
-3357.000000
-3235.000000
-3104.000000
-2968.000000
-2828.000000
-2683.000000
-2528.000000
-2367.000000
-2201.000000
-2033.000000
-1859.000000
-1670.000000
-1467.000000
-1272.000000
-1090.000000
-905.000000
-698.000000
-476.000000
-263.000000
-67.000000
133.000000
350.000000
574.000000
790.000000
998.000000
1207.000000
1415.000000
1610.000000
1789.000000
1959.000000
2123.000000
2276.000000
2411.000000
2526.000000
2617.000000
2687.000000
2739.000000
2774.000000
2789.000000
2777.000000
2739.000000
2680.000000
2602.000000
2507.000000
2393.000000
2258.000000
2102.000000
1933.000000
1755.000000
1567.000000
1368.000000
1165.000000
971.000000
782.000000
588.000000
395.000000
223.000000
82.000000
-43.000000
-169.000000
-288.000000
-379.000000
-435.000000
-474.000000
-499.000000
-502.000000
-470.000000
-406.000000
-322.000000
-227.000000
-129.000000
-25.000000
100.000000
251.000000
418.000000
585.000000
748.000000
917.000000
1082.000000
1230.000000
1362.000000
1491.000000
1626.000000
1757.000000
1869.000000
1961.000000
2034.000000
2084.000000
2116.000000
2140.000000
2151.000000
2136.000000
2092.000000
2038.000000
1990.000000
1936.000000
1858.000000
1754.000000
1635.000000
1510.000000
1376.000000
1240.000000
1099.000000
947.000000
775.000000
596.000000
422.000000
246.000000
54.000000
-155.000000
-364.000000
-565.000000
-767.000000
-984.000000
-1215.000000
-1453.000000
-1693.000000
-1932.000000
-2174.000000
-2422.000000
-2677.000000
-2929.000000
-3174.000000
-3414.000000
-3648.000000
-3872.000000
-4086.000000
-4295.000000
-4500.000000
-4686.000000
-4839.000000
-4966.000000
-5081.000000
-5183.000000
-5257.000000
-5295.000000
-5306.000000
-5288.000000
-5232.000000
-5137.000000
-5016.000000
-4876.000000
-4705.000000
-4494.000000
-4249.000000
-3981.000000
-3696.000000
-3392.000000
-3068.000000
-2723.000000
-2359.000000
-1982.000000
-1598.000000
-1210.000000
-808.000000
-397.000000
8.000000
400.000000
785.000000
1169.000000
1537.000000
1879.000000
2203.000000
2523.000000
2832.000000
3115.000000
3374.000000
3624.000000
3863.000000
4075.000000
4258.000000
4423.000000
4582.000000
4725.000000
4841.000000
4922.000000
4974.000000
5010.000000
5042.000000
5072.000000
5092.000000
5084.000000
5053.000000
5012.000000
4965.000000
4899.000000
4804.000000
4692.000000
4579.000000
4468.000000
4338.000000
4176.000000
3988.000000
3795.000000
3607.000000
