-1743.000000
-1248.000000
533.000000
1293.000000
534.000000
-260.000000
-331.000000
-328.000000
-608.000000
-770.000000
-691.000000
-496.000000
76.000000
949.000000
1029.000000
-224.000000
-1406.000000
-1010.000000
150.000000
259.000000
-530.000000
-557.000000
345.000000
592.000000
-367.000000
-1125.000000
-621.000000
350.000000
580.000000
102.000000
-332.000000
-467.000000
-533.000000
-588.000000
-431.000000
42.000000
643.000000
979.000000
730.000000
-22.000000
-764.000000
-978.000000
-557.000000
191.000000
805.000000
965.000000
727.000000
386.000000
68.000000
-326.000000
-683.000000
-646.000000
-205.000000
175.000000
261.000000
294.000000
305.000000
-27.000000
-500.000000
-359.000000
381.000000
644.000000
-24.000000
-596.000000
-201.000000
500.000000
585.000000
407.000000
728.000000
1240.000000
1138.000000
440.000000
-301.000000
-857.000000
-998.000000
-238.000000
1108.000000
1646.000000
755.000000
-303.000000
-290.000000
129.000000
-251.000000
-973.000000
-728.000000
347.000000
895.000000
463.000000
-96.000000
-183.000000
-50.000000
82.000000
342.000000
601.000000
509.000000
188.000000
119.000000
323.000000
332.000000
29.000000
-133.000000
137.000000
503.000000
507.000000
208.000000
36.000000
101.000000
-43.000000
-705.000000
-1330.000000
-978.000000
362.000000
1503.000000
1452.000000
549.000000
-227.000000
-601.000000
-960.000000
-1323.000000
-1146.000000
-168.000000
1101.000000
1832.000000
1585.000000
619.000000
-345.000000
-819.000000
-1027.000000
-1385.000000
-1581.000000
-832.000000
772.000000
1905.000000
1525.000000
219.000000
-584.000000
-453.000000
-302.000000
-871.000000
-1530.000000
-1114.000000
310.000000
1280.000000
877.000000
56.000000
212.000000
937.000000
543.000000
-1223.000000
-2546.000000
-2034.000000
-477.000000
606.000000
917.000000
1023.000000
1064.000000
750.000000
-39.000000
-1233.000000
-2420.000000
-2578.000000
-1046.000000
1083.000000
1912.000000
1293.000000
786.000000
918.000000
514.000000
-801.000000
-1674.000000
-1387.000000
-916.000000
-740.000000
83.000000
1580.000000
2011.000000
728.000000
-491.000000
-454.000000
-502.000000
-1703.000000
-2503.000000
-1289.000000
759.000000
1568.000000
1211.000000
935.000000
742.000000
-11.000000
-888.000000
-1148.000000
-1072.000000
-983.000000
-249.000000
1256.000000
2154.000000
1512.000000
406.000000
44.000000
-134.000000
-947.000000
-1589.000000
-975.000000
252.000000
803.000000
732.000000
813.000000
889.000000
334.000000
-543.000000
-911.000000
-659.000000
-278.000000
-9.000000
165.000000
301.000000
641.000000
1270.000000
1496.000000
604.000000
-722.000000
-1062.000000
-381.000000
41.000000
-71.000000
369.000000
1482.000000
1748.000000
513.000000
-719.000000
-614.000000
44.000000
-12.000000
-398.000000
-41.000000
773.000000
892.000000
226.000000
-212.000000
55.000000
451.000000
400.000000
25.000000
-289.000000
-383.000000
-243.000000
122.000000
557.000000
763.000000
623.000000
352.000000
195.000000
58.000000
-310.000000
-759.000000
-759.000000
-142.000000
547.000000
767.000000
667.000000
584.000000
304.000000
-488.000000
-1318.000000
-1326.000000
-456.000000
499.000000
932.000000
795.000000
173.000000
-685.000000
-1057.000000
-469.000000
367.000000
349.000000
-318.000000
-380.000000
374.000000
607.000000
-429.000000
-1456.000000
-889.000000
726.000000
1257.000000
-107.000000
-1661.000000
-1433.000000
101.000000
678.000000
-531.000000
-1666.000000
-894.000000
810.000000
1059.000000
-414.000000
-1480.000000
-879.000000
168.000000
213.000000
-332.000000
-337.000000
177.000000
476.000000
392.000000
121.000000
-393.000000
-948.000000
-834.000000
26.000000
604.000000
280.000000
-194.000000
-148.000000
-223.000000
-997.000000
-1532.000000
-821.000000
280.000000
265.000000
-575.000000
-718.000000
-6.000000
285.000000
-147.000000
-150.000000
631.000000
943.000000
150.000000
-481.000000
146.000000
1017.000000
651.000000
-342.000000
-186.000000
1095.000000
1557.000000
358.000000
-927.000000
-768.000000
92.000000
53.000000
-762.000000
-864.000000
140.000000
953.000000
561.000000
-423.000000
-808.000000
-344.000000
277.000000
458.000000
266.000000
205.000000
615.000000
1184.000000
1201.000000
530.000000
50.000000
548.000000
1442.000000
1397.000000
242.000000
-618.000000
-98.000000
1020.000000
1152.000000
108.000000
-695.000000
-333.000000
293.000000
-108.000000
-1106.000000
-1107.000000
105.000000
876.000000
243.000000
-494.000000
87.000000
1110.000000
818.000000
-488.000000
-936.000000
-84.000000
708.000000
792.000000
958.000000
1393.000000
1106.000000
-28.000000
-686.000000
-311.000000
-1.000000
-341.000000
-331.000000
544.000000
1060.000000
335.000000
-576.000000
-577.000000
-398.000000
-989.000000
-1557.000000
-959.000000
124.000000
262.000000
-355.000000
-410.000000
247.000000
533.000000
57.000000
-439.000000
-467.000000
-370.000000
-427.000000
-415.000000
-168.000000
178.000000
545.000000
869.000000
769.000000
-99.000000
-1267.000000
-1651.000000
-808.000000
386.000000
681.000000
-48.000000
-699.000000
-482.000000
-10.000000
-266.000000
-958.000000
-958.000000
-238.000000
-18.000000
-698.000000
-1078.000000
-331.000000
603.000000
562.000000
-121.000000
-518.000000
-565.000000
-539.000000
-174.000000
505.000000
633.000000
-9.000000
-220.000000
565.000000
930.000000
-176.000000
-1284.000000
-657.000000
681.000000
620.000000
-453.000000
-469.000000
645.000000
930.000000
-182.000000
-1127.000000
-944.000000
-349.000000
109.000000
667.000000
983.000000
354.000000
-560.000000
-378.000000
541.000000
560.000000
-241.000000
-129.000000
997.000000
1176.000000
-75.000000
-668.000000
456.000000
1405.000000
595.000000
-580.000000
-266.000000
786.000000
857.000000
219.000000
204.000000
613.000000
310.000000
-469.000000
-534.000000
129.000000
547.000000
572.000000
751.000000
848.000000
233.000000
-575.000000
-453.000000
394.000000
696.000000
219.000000
-4.000000
410.000000
622.000000
215.000000
-76.000000
227.000000
483.000000
98.000000
-467.000000
-489.000000
-31.000000
417.000000
724.000000
958.000000
913.000000
369.000000
-408.000000
-841.000000
-667.000000
-171.000000
169.000000
174.000000
90.000000
177.000000
286.000000
81.000000
-353.000000
-569.000000
-486.000000
-484.000000
-617.000000
-438.000000
99.000000
317.000000
-108.000000
-526.000000
-335.000000
41.000000
-49.000000
-386.000000
-374.000000
-111.000000
-72.000000
-163.000000
17.000000
310.000000
224.000000
-212.000000
-560.000000
-697.000000
-779.000000
-732.000000
-425.000000
-92.000000
-17.000000
-103.000000
-224.000000
-530.000000
-924.000000
-846.000000
-205.000000
170.000000
-269.000000
-814.000000
-590.000000
66.000000
303.000000
185.000000
276.000000
371.000000
-106.000000
-769.000000
-667.000000
144.000000
644.000000
412.000000
20.000000
-166.000000
-415.000000
-771.000000
-805.000000
-428.000000
-59.000000
123.000000
288.000000
321.000000
8.000000
-235.000000
87.000000
377.000000
-313.000000
-1329.000000
-924.000000
861.000000
1728.000000
520.000000
-807.000000
-195.000000
1201.000000
951.000000
-576.000000
-811.000000
701.000000
1514.000000
268.000000
-1194.000000
-852.000000
554.000000
1160.000000
788.000000
415.000000
207.000000
-195.000000
-440.000000
-106.000000
278.000000
242.000000
399.000000
1080.000000
1180.000000
53.000000
-818.000000
-101.000000
819.000000
64.000000
-1183.000000
-425.000000
1660.000000
2007.000000
237.000000
-771.000000
195.000000
912.000000
-30.000000
-819.000000
56.000000
1053.000000
502.000000
-422.000000
-25.000000
893.000000
723.000000
-85.000000
-221.000000
28.000000
-225.000000
-423.000000
264.000000
969.000000
500.000000
-470.000000
-641.000000
-376.000000
-678.000000
-993.000000
-234.000000
960.000000
1193.000000
637.000000
301.000000
-86.000000
-1162.000000
-1832.000000
-685.000000
1144.000000
1253.000000
-234.000000
-894.000000
21.000000
655.000000
-78.000000
-867.000000
-534.000000
135.000000
103.000000
-297.000000
-449.000000
-557.000000
-759.000000
-543.000000
108.000000
311.000000
-268.000000
-781.000000
-628.000000
-328.000000
-348.000000
-303.000000
49.000000
192.000000
-139.000000
-386.000000
-201.000000
-37.000000
-164.000000
-154.000000
120.000000
54.000000
-536.000000
-848.000000
-358.000000
291.000000
324.000000
-45.000000
-165.000000
44.000000
188.000000
15.000000
-419.000000
-791.000000
-637.000000
39.000000
466.000000
103.000000
-390.000000
-87.000000
634.000000
666.000000
1.000000
-364.000000
-175.000000
-117.000000
-315.000000
-123.000000
492.000000
761.000000
438.000000
56.000000
-152.000000
-340.000000
-265.000000
271.000000
589.000000
159.000000
-122.000000
591.000000
1159.000000
187.000000
-1114.000000
-538.000000
1206.000000
1338.000000
-355.000000
-1176.000000
-125.000000
724.000000
261.000000
178.000000
1351.000000
1807.000000
196.000000
-1624.000000
-1565.000000
-361.000000
341.000000
647.000000
1227.000000
1467.000000
733.000000
-281.000000
-935.000000
-1525.000000
-1713.000000
-380.000000
1816.000000
2399.000000
924.000000
-90.000000
402.000000
95.000000
-2012.000000
-2877.000000
-420.000000
2306.000000
1783.000000
-210.000000
55.000000
1685.000000
1020.000000
-1595.000000
-2254.000000
-190.000000
1182.000000
255.000000
-537.000000
457.000000
1339.000000
402.000000
-917.000000
-818.000000
-58.000000
-114.000000
-589.000000
-355.000000
368.000000
657.000000
354.000000
-228.000000
-923.000000
-1241.000000
-597.000000
403.000000
393.000000
-531.000000
-723.000000
224.000000
617.000000
-383.000000
-1101.000000
-167.000000
992.000000
490.000000
-769.000000
-642.000000
535.000000
475.000000
-1116.000000
-1869.000000
-507.000000
1135.000000
1007.000000
-149.000000
-285.000000
656.000000
824.000000
-489.000000
-1710.000000
-1332.000000
-32.000000
504.000000
41.000000
-166.000000
443.000000
816.000000
41.000000
-1062.000000
-1065.000000
-47.000000
592.000000
277.000000
-30.000000
426.000000
899.000000
380.000000
-687.000000
-997.000000
-302.000000
359.000000
333.000000
177.000000
509.000000
924.000000
723.000000
68.000000
-309.000000
-251.000000
-243.000000
-458.000000
-490.000000
-98.000000
404.000000
678.000000
745.000000
625.000000
169.000000
-458.000000
-687.000000
-309.000000
144.000000
202.000000
150.000000
410.000000
714.000000
543.000000
37.000000
-237.000000
-191.000000
-173.000000
-228.000000
-82.000000
225.000000
382.000000
410.000000
556.000000
669.000000
373.000000
-197.000000
-539.000000
-590.000000
-666.000000
-671.000000
-201.000000
570.000000
970.000000
847.000000
658.000000
478.000000
-123.000000
-1022.000000
-1355.000000
-744.000000
170.000000
771.000000
1166.000000
1445.000000
1187.000000
240.000000
-747.000000
-1121.000000
-929.000000
-437.000000
343.000000
1197.000000
1503.000000
973.000000
83.000000
-624.000000
-1043.000000
-1108.000000
-651.000000
72.000000
479.000000
503.000000
512.000000
332.000000
-482.000000
-1316.000000
-945.000000
363.000000
854.000000
13.000000
-574.000000
11.000000
409.000000
-455.000000
-1191.000000
-277.000000
1100.000000
846.000000
-581.000000
-1039.000000
-215.000000
283.000000
-67.000000
-139.000000
424.000000
572.000000
-72.000000
-594.000000
-579.000000
-609.000000
-683.000000
-73.000000
868.000000
763.000000
-403.000000
-917.000000
-78.000000
643.000000
109.000000
-671.000000
-452.000000
149.000000
-67.000000
-794.000000
-881.000000
-211.000000
439.000000
711.000000
699.000000
279.000000
-525.000000
-1043.000000
-812.000000
-370.000000
-324.000000
-236.000000
527.000000
1385.000000
1178.000000
-69.000000
-1098.000000
-1101.000000
-493.000000
-9.000000
176.000000
278.000000
477.000000
779.000000
941.000000
568.000000
-334.000000
-1050.000000
-892.000000
-99.000000
471.000000
505.000000
463.000000
668.000000
737.000000
247.000000
-489.000000
-758.000000
-373.000000
135.000000
276.000000
183.000000
219.000000
316.000000
123.000000
-274.000000
-328.000000
118.000000
433.000000
99.000000
-448.000000
-373.000000
354.000000
916.000000
774.000000
255.000000
-79.000000
-155.000000
-238.000000
-353.000000
-181.000000
468.000000
1250.000000
1453.000000
743.000000
-310.000000
-778.000000
-482.000000
-106.000000
-54.000000
163.000000
927.000000
1508.000000
923.000000
-531.000000
-1478.000000
-1191.000000
-298.000000
326.000000
558.000000
644.000000
516.000000
4.000000
-657.000000
-991.000000
-766.000000
-145.000000
490.000000
728.000000
417.000000
-125.000000
-442.000000
-489.000000
-528.000000
-507.000000
-69.000000
637.000000
810.000000
91.000000
-744.000000
-738.000000
-70.000000
294.000000
16.000000
-303.000000
-225.000000
-56.000000
-138.000000
-270.000000
-201.000000
-97.000000
-86.000000
71.000000
369.000000
224.000000
-597.000000
-1243.000000
-835.000000
168.000000
614.000000
347.000000
170.000000
282.000000
27.000000
-715.000000
-1132.000000
-785.000000
-213.000000
133.000000
411.000000
554.000000
109.000000
-653.000000
-773.000000
-218.000000
-60.000000
-487.000000
-326.000000
655.000000
860.000000
-414.000000
-1377.000000
-534.000000
737.000000
567.000000
-207.000000
209.000000
1090.000000
485.000000
-998.000000
-1037.000000
297.000000
708.000000
-116.000000
-14.000000
1443.000000
1829.000000
79.000000
-1489.000000
-952.000000
344.000000
508.000000
120.000000
462.000000
951.000000
504.000000
-303.000000
-462.000000
-364.000000
-585.000000
-434.000000
518.000000
1042.000000
250.000000
-591.000000
-183.000000
469.000000
-16.000000
-737.000000
-142.000000
1010.000000
912.000000
-137.000000
-408.000000
190.000000
311.000000
-153.000000
-92.000000
487.000000
534.000000
83.000000
97.000000
428.000000
148.000000
-395.000000
-45.000000
865.000000
911.000000
73.000000
-353.000000
-185.000000
-367.000000
-753.000000
-268.000000
750.000000
813.000000
-29.000000
-234.000000
362.000000
289.000000
-686.000000
-1014.000000
-220.000000
294.000000
-78.000000
-193.000000
384.000000
488.000000
-237.000000
-496.000000
105.000000
201.000000
-628.000000
-848.000000
143.000000
677.000000
-177.000000
-815.000000
-2.000000
840.000000
219.000000
-781.000000
-594.000000
78.000000
-119.000000
-562.000000
-8.000000
876.000000
707.000000
-103.000000
-258.000000
12.000000
-337.000000
-917.000000
-567.000000
400.000000
643.000000
35.000000
-376.000000
-232.000000
-79.000000
-117.000000
-129.000000
-224.000000
-467.000000
-395.000000
74.000000
121.000000
-530.000000
-821.000000
-168.000000
302.000000
-284.000000
-827.000000
-197.000000
588.000000
154.000000
-672.000000
-341.000000
586.000000
497.000000
-345.000000
-429.000000
185.000000
192.000000
-360.000000
-284.000000
336.000000
374.000000
-47.000000
111.000000
541.000000
128.000000
-611.000000
-242.000000
686.000000
316.000000
-1013.000000
-988.000000
641.000000
1424.000000
314.000000
-696.000000
-193.000000
396.000000
-272.000000
-945.000000
-177.000000
1022.000000
993.000000
159.000000
-153.000000
-104.000000
-527.000000
-911.000000
-285.000000
776.000000
949.000000
320.000000
-2.000000
142.000000
40.000000
-272.000000
-96.000000
435.000000
502.000000
85.000000
-42.000000
228.000000
220.000000
-132.000000
-93.000000
469.000000
704.000000
203.000000
-261.000000
-8.000000
436.000000
275.000000
-196.000000
-81.000000
565.000000
703.000000
-86.000000
-835.000000
-560.000000
302.000000
599.000000
191.000000
-30.000000
251.000000
294.000000
-254.000000
-595.000000
-131.000000
423.000000
206.000000
-339.000000
-286.000000
157.000000
120.000000
-302.000000
-252.000000
304.000000
507.000000
94.000000
-280.000000
-240.000000
-99.000000
-10.000000
213.000000
400.000000
192.000000
-130.000000
-25.000000
212.000000
-60.000000
-468.000000
-139.000000
590.000000
571.000000
-82.000000
-104.000000
571.000000
530.000000
-575.000000
-1207.000000
-473.000000
433.000000
344.000000
-80.000000
94.000000
352.000000
-62.000000
-584.000000
-429.000000
-48.000000
-119.000000
-218.000000
163.000000
374.000000
-182.000000
-700.000000
-313.000000
278.000000
63.000000
-402.000000
-103.000000
449.000000
159.000000
-499.000000
-283.000000
486.000000
457.000000
-300.000000
-445.000000
181.000000
348.000000
-253.000000
-522.000000
-16.000000
346.000000
73.000000
-137.000000
106.000000
210.000000
-87.000000
-196.000000
24.000000
-80.000000
-528.000000
-442.000000
257.000000
474.000000
-114.000000
-359.000000
265.000000
579.000000
-211.000000
-946.000000
-444.000000
436.000000
304.000000
-363.000000
-198.000000
552.000000
486.000000
-431.000000
-803.000000
-186.000000
318.000000
95.000000
-84.000000
321.000000
618.000000
205.000000
-318.000000
-217.000000
150.000000
62.000000
-319.000000
-317.000000
118.000000
435.000000
359.000000
100.000000
-120.000000
-232.000000
-175.000000
-7.000000
26.000000
-125.000000
-144.000000
112.000000
246.000000
-49.000000
-387.000000
-254.000000
134.000000
181.000000
-114.000000
-245.000000
-93.000000
-11.000000
-51.000000
120.000000
443.000000
410.000000
-52.000000
-378.000000
-269.000000
-99.000000
-112.000000
24.000000
445.000000
605.000000
161.000000
-305.000000
-136.000000
316.000000
250.000000
-296.000000
-546.000000
-193.000000
241.000000
276.000000
47.000000
-86.000000
-36.000000
37.000000
-48.000000
-309.000000
-492.000000
-291.000000
167.000000
369.000000
156.000000
-35.000000
52.000000
39.000000
-313.000000
-488.000000
-65.000000
421.000000
300.000000
-66.000000
70.000000
458.000000
281.000000
-319.000000
-413.000000
89.000000
287.000000
-87.000000
-223.000000
237.000000
510.000000
99.000000
-289.000000
7.000000
422.000000
154.000000
-451.000000
-476.000000
120.000000
558.000000
439.000000
94.000000
-108.000000
-138.000000
-104.000000
-75.000000
-72.000000
14.000000
261.000000
434.000000
214.000000
-174.000000
-151.000000
240.000000
273.000000
-245.000000
-520.000000
-51.000000
464.000000
240.000000
-284.000000
-201.000000
332.000000
384.000000
-184.000000
-514.000000
-152.000000
318.000000
270.000000
-83.000000
-196.000000
-32.000000
57.000000
-30.000000
-57.000000
81.000000
154.000000
-34.000000
-291.000000
-262.000000
55.000000
259.000000
123.000000
-96.000000
-101.000000
-32.000000
-142.000000
-278.000000
-135.000000
169.000000
255.000000
118.000000
54.000000
69.000000
-83.000000
-324.000000
-298.000000
4.000000
202.000000
133.000000
-3.000000
-92.000000
-174.000000
-143.000000
92.000000
245.000000
34.000000
-240.000000
-127.000000
151.000000
74.000000
-202.000000
-120.000000
202.000000
168.000000
-165.000000
-185.000000
80.000000
25.000000
-281.000000
-139.000000
389.000000
426.000000
-133.000000
-344.000000
103.000000
328.000000
-109.000000
-405.000000
-51.000000
214.000000
-171.000000
-470.000000
2.000000
548.000000
280.000000
-334.000000
-348.000000
54.000000
65.000000
-255.000000
-233.000000
109.000000
193.000000
2.000000
-14.000000
115.000000
6.000000
-213.000000
-98.000000
232.000000
286.000000
69.000000
-16.000000
43.000000
-31.000000
-109.000000
100.000000
327.000000
90.000000
-370.000000
-366.000000
102.000000
338.000000
96.000000
-116.000000
27.000000
203.000000
107.000000
-87.000000
-143.000000
-127.000000
-118.000000
-44.000000
68.000000
71.000000
26.000000
109.000000
189.000000
-13.000000
-338.000000
-323.000000
25.000000
187.000000
-16.000000
-134.000000
105.000000
289.000000
14.000000
-430.000000
-484.000000
-104.000000
287.000000
400.000000
272.000000
61.000000
-67.000000
-6.000000
133.000000
101.000000
-103.000000
-167.000000
39.000000
208.000000
95.000000
-77.000000
-8.000000
168.000000
146.000000
-13.000000
-16.000000
122.000000
119.000000
-58.000000
-142.000000
-36.000000
52.000000
-19.000000
-110.000000
-96.000000
-68.000000
-121.000000
-161.000000
-74.000000
60.000000
79.000000
-28.000000
-105.000000
-63.000000
2.000000
-42.000000
-152.000000
-142.000000
36.000000
159.000000
41.000000
-165.000000
-158.000000
52.000000
159.000000
52.000000
-40.000000
51.000000
158.000000
83.000000
-76.000000
-111.000000
-28.000000
7.000000
-45.000000
-72.000000
15.000000
157.000000
189.000000
2.000000
-268.000000
-300.000000
-5.000000
260.000000
148.000000
-138.000000
-144.000000
99.000000
118.000000
-185.000000
-322.000000
-22.000000
303.000000
202.000000
-115.000000
-145.000000
133.000000
284.000000
95.000000
-174.000000
-202.000000
-3.000000
167.000000
151.000000
47.000000
34.000000
104.000000
80.000000
-65.000000
-119.000000
22.000000
150.000000
76.000000
-48.000000
-22.000000
35.000000
-70.000000
-198.000000
-105.000000
82.000000
56.000000
-135.000000
-172.000000
-1.000000
128.000000
92.000000
4.000000
-68.000000
-130.000000
-118.000000
-13.000000
32.000000
-40.000000
-12.000000
204.000000
277.000000
-19.000000
-321.000000
-207.000000
99.000000
125.000000
-53.000000
-13.000000
213.000000
226.000000
-9.000000
-147.000000
-83.000000
-14.000000
7.000000
73.000000
102.000000
-5.000000
-44.000000
156.000000
302.000000
89.000000
-203.000000
-148.000000
87.000000
82.000000
-48.000000
80.000000
305.000000
189.000000
-137.000000
-173.000000
28.000000
-13.000000
-249.000000
-156.000000
261.000000
388.000000
21.000000
-307.000000
-240.000000
-64.000000
-72.000000
-99.000000
31.000000
143.000000
70.000000
-53.000000
-89.000000
-85.000000
-61.000000
61.000000
187.000000
124.000000
-63.000000
-98.000000
34.000000
79.000000
-3.000000
17.000000
167.000000
176.000000
-32.000000
-171.000000
-63.000000
103.000000
116.000000
51.000000
38.000000
22.000000
-50.000000
-70.000000
29.000000
102.000000
26.000000
-84.000000
-57.000000
53.000000
74.000000
-2.000000
-25.000000
44.000000
77.000000
17.000000
-17.000000
57.000000
99.000000
-39.000000
-221.000000
-185.000000
43.000000
148.000000
10.000000
-111.000000
-17.000000
96.000000
-23.000000
-229.000000
-209.000000
7.000000
109.000000
16.000000
-44.000000
37.000000
85.000000
-9.000000
-107.000000
-73.000000
13.000000
32.000000
21.000000
59.000000
104.000000
82.000000
30.000000
18.000000
24.000000
-17.000000
-78.000000
-66.000000
20.000000
65.000000
11.000000
-54.000000
-24.000000
48.000000
38.000000
-41.000000
-55.000000
14.000000
30.000000
-50.000000
-84.000000
-1.000000
60.000000
-10.000000
-82.000000
-23.000000
57.000000
15.000000
-46.000000
32.000000
139.000000
72.000000
-85.000000
-77.000000
85.000000
146.000000
32.000000
-58.000000
3.000000
91.000000
75.000000
-3.000000
-42.000000
-18.000000
32.000000
63.000000
40.000000
-5.000000
13.000000
75.000000
56.000000
-58.000000
-97.000000
14.000000
103.000000
31.000000
-59.000000
9.000000
120.000000
64.000000
-97.000000
-122.000000
27.000000
145.000000
83.000000
-82.000000
-177.000000
-99.000000
97.000000
213.000000
106.000000
-97.000000
-133.000000
13.000000
89.000000
-6.000000
-71.000000
28.000000
107.000000
3.000000
-124.000000
-64.000000
84.000000
88.000000
-47.000000
-125.000000
-76.000000
-2.000000
13.000000
-8.000000
-22.000000
-3.000000
42.000000
45.000000
-46.000000
-148.000000
-132.000000
-20.000000
42.000000
19.000000
-6.000000
-22.000000
-78.000000
-110.000000
-21.000000
81.000000
5.000000
-164.000000
-148.000000
61.000000
141.000000
-40.000000
-206.000000
-115.000000
76.000000
91.000000
-42.000000
-98.000000
-19.000000
62.000000
65.000000
39.000000
41.000000
63.000000
69.000000
38.000000
-12.000000
-38.000000
-15.000000
32.000000
63.000000
67.000000
62.000000
54.000000
47.000000
36.000000
3.000000
-45.000000
-44.000000
45.000000
135.000000
111.000000
16.000000
-12.000000
40.000000
59.000000
15.000000
-9.000000
10.000000
7.000000
-1.000000
69.000000
153.000000
102.000000
-47.000000
-81.000000
38.000000
97.000000
-13.000000
-113.000000
-54.000000
50.000000
42.000000
-17.000000
-1.000000
53.000000
37.000000
-13.000000
-12.000000
22.000000
32.000000
44.000000
84.000000
79.000000
-11.000000
-84.000000
-51.000000
-5.000000
-65.000000
-149.000000
-95.000000
57.000000
102.000000
-2.000000
-84.000000
-35.000000
39.000000
16.000000
-55.000000
-70.000000
-32.000000
-7.000000
2.000000
5.000000
-26.000000
-99.000000
-134.000000
-80.000000
-18.000000
-45.000000
-107.000000
-88.000000
-1.000000
26.000000
-38.000000
-87.000000
-54.000000
-19.000000
-56.000000
-106.000000
-82.000000
-16.000000
-13.000000
-74.000000
-93.000000
-29.000000
15.000000
-45.000000
-140.000000
-147.000000
-79.000000
-36.000000
-42.000000
-28.000000
6.000000
-12.000000
-75.000000
-89.000000
-46.000000
-44.000000
-102.000000
-108.000000
-18.000000
62.000000
51.000000
16.000000
19.000000
9.000000
-52.000000
-101.000000
-93.000000
-56.000000
-13.000000
54.000000
94.000000
33.000000
-59.000000
-40.000000
50.000000
33.000000
-90.000000
-119.000000
-8.000000
50.000000
-26.000000
-75.000000
-2.000000
61.000000
18.000000
-31.000000
-13.000000
-10.000000
-63.000000
-67.000000
6.000000
36.000000
-12.000000
-4.000000
96.000000
138.000000
30.000000
-100.000000
-118.000000
-67.000000
-32.000000
-11.000000
16.000000
21.000000
3.000000
-8.000000
-15.000000
-38.000000
-49.000000
-17.000000
12.000000
-12.000000
-49.000000
-38.000000
1.000000
18.000000
12.000000
-14.000000
-55.000000
-52.000000
42.000000
124.000000
58.000000
-74.000000
-58.000000
96.000000
146.000000
28.000000
-50.000000
30.000000
126.000000
103.000000
28.000000
-2.000000
9.000000
55.000000
135.000000
150.000000
22.000000
-93.000000
9.000000
229.000000
280.000000
131.000000
25.000000
71.000000
124.000000
82.000000
20.000000
7.000000
27.000000
81.000000
154.000000
154.000000
48.000000
-23.000000
37.000000
107.000000
63.000000
-5.000000
30.000000
106.000000
114.000000
92.000000
93.000000
61.000000
-12.000000
-3.000000
93.000000
108.000000
-5.000000
-61.000000
29.000000
102.000000
47.000000
-11.000000
24.000000
59.000000
17.000000
-30.000000
-33.000000
-35.000000
-19.000000
62.000000
114.000000
22.000000
-105.000000
-69.000000
65.000000
84.000000
10.000000
30.000000
128.000000
124.000000
20.000000
-29.000000
-13.000000
-26.000000
-35.000000
32.000000
73.000000
-11.000000
-88.000000
-17.000000
66.000000
-12.000000
-136.000000
-99.000000
34.000000
62.000000
-15.000000
-68.000000
-66.000000
-45.000000
-1.000000
43.000000
13.000000
-44.000000
3.000000
109.000000
79.000000
-76.000000
-130.000000
-28.000000
35.000000
-26.000000
-80.000000
-55.000000
-37.000000
-40.000000
-6.000000
5.000000
-91.000000
-170.000000
-81.000000
41.000000
-1.000000
-96.000000
-27.000000
104.000000
51.000000
-117.000000
-145.000000
-35.000000
9.000000
-32.000000
-29.000000
11.000000
-4.000000
-32.000000
-5.000000
-8.000000
-82.000000
-98.000000
-9.000000
20.000000
-74.000000
-105.000000
12.000000
81.000000
0.000000
-63.000000
-13.000000
4.000000
-55.000000
-17.000000
123.000000
137.000000
5.000000
-8.000000
139.000000
150.000000
-63.000000
-174.000000
-1.000000
187.000000
137.000000
-9.000000
-13.000000
90.000000
119.000000
34.000000
-71.000000
-91.000000
13.000000
146.000000
140.000000
-9.000000
-98.000000
-20.000000
65.000000
26.000000
-23.000000
28.000000
76.000000
37.000000
9.000000
40.000000
12.000000
-91.000000
-101.000000
5.000000
27.000000
-74.000000
-89.000000
41.000000
109.000000
31.000000
-35.000000
-29.000000
-66.000000
-121.000000
-41.000000
93.000000
51.000000
-94.000000
-72.000000
72.000000
48.000000
-130.000000
-152.000000
20.000000
104.000000
3.000000
-83.000000
-59.000000
-18.000000
10.000000
58.000000
41.000000
-75.000000
-100.000000
66.000000
170.000000
9.000000
-175.000000
-92.000000
97.000000
75.000000
-76.000000
-78.000000
45.000000
74.000000
0.000000
-33.000000
-25.000000
-47.000000
-49.000000
5.000000
22.000000
-41.000000
-75.000000
-31.000000
-4.000000
-30.000000
-33.000000
-25.000000
-83.000000
-144.000000
-97.000000
-32.000000
-78.000000
-142.000000
-83.000000
-7.000000
-53.000000
-108.000000
-44.000000
-8.000000
-116.000000
-168.000000
-19.000000
103.000000
16.000000
-63.000000
38.000000
85.000000
-83.000000
-183.000000
-3.000000
173.000000
86.000000
-33.000000
41.000000
87.000000
-84.000000
-197.000000
-38.000000
120.000000
36.000000
-61.000000
41.000000
113.000000
-18.000000
-104.000000
39.000000
147.000000
20.000000
-98.000000
15.000000
163.000000
128.000000
29.000000
15.000000
10.000000
-39.000000
-38.000000
7.000000
-20.000000
-54.000000
45.000000
139.000000
2.000000
-206.000000
-147.000000
96.000000
152.000000
-1.000000
-62.000000
16.000000
12.000000
-82.000000
-78.000000
8.000000
-3.000000
-65.000000
-25.000000
36.000000
-38.000000
-148.000000
-101.000000
25.000000
40.000000
-27.000000
-42.000000
-19.000000
2.000000
66.000000
137.000000
72.000000
-75.000000
-69.000000
84.000000
117.000000
3.000000
2.000000
148.000000
153.000000
-24.000000
-70.000000
100.000000
183.000000
53.000000
-21.000000
90.000000
145.000000
2.000000
-120.000000
-49.000000
75.000000
85.000000
31.000000
3.000000
6.000000
36.000000
77.000000
51.000000
-44.000000
-52.000000
69.000000
118.000000
-10.000000
-89.000000
40.000000
161.000000
55.000000
-112.000000
-85.000000
45.000000
45.000000
-67.000000
-103.000000
-28.000000
53.000000
86.000000
66.000000
-9.000000
-75.000000
-37.000000
64.000000
91.000000
27.000000
-6.000000
31.000000
64.000000
48.000000
0.000000
-63.000000
-87.000000
-2.000000
124.000000
105.000000
-69.000000
-151.000000
-10.000000
147.000000
106.000000
-38.000000
-77.000000
2.000000
77.000000
85.000000
35.000000
-38.000000
-54.000000
32.000000
103.000000
32.000000
-92.000000
-77.000000
55.000000
106.000000
16.000000
-91.000000
-123.000000
-76.000000
33.000000
136.000000
105.000000
-49.000000
-115.000000
18.000000
154.000000
95.000000
-57.000000
-85.000000
11.000000
77.000000
73.000000
64.000000
67.000000
55.000000
37.000000
32.000000
16.000000
-19.000000
-39.000000
-8.000000
54.000000
86.000000
9.000000
-160.000000
-243.000000
-90.000000
165.000000
233.000000
73.000000
-74.000000
-76.000000
-55.000000
-79.000000
-55.000000
21.000000
14.000000
-62.000000
-44.000000
52.000000
36.000000
-84.000000
-87.000000
46.000000
85.000000
-45.000000
-153.000000
-110.000000
1.000000
99.000000
164.000000
124.000000
-53.000000
-203.000000
-148.000000
37.000000
156.000000
155.000000
67.000000
-87.000000
-195.000000
-104.000000
85.000000
87.000000
-95.000000
-136.000000
38.000000
103.000000
-79.000000
-217.000000
-115.000000
15.000000
-10.000000
-54.000000
-14.000000
-12.000000
-74.000000
-47.000000
56.000000
52.000000
-25.000000
35.000000
173.000000
124.000000
-78.000000
-146.000000
-27.000000
82.000000
142.000000
217.000000
182.000000
-48.000000
-198.000000
-22.000000
211.000000
129.000000
-125.000000
-178.000000
-48.000000
-2.000000
-72.000000
-127.000000
-140.000000
-77.000000
112.000000
206.000000
-57.000000
-366.000000
-164.000000
343.000000
370.000000
-134.000000
-368.000000
-65.000000
162.000000
68.000000
115.000000
337.000000
153.000000
-371.000000
-428.000000
50.000000
238.000000
-8.000000
57.000000
442.000000
263.000000
-468.000000
-641.000000
-36.000000
295.000000
17.000000
-11.000000
359.000000
179.000000
-560.000000
-609.000000
225.000000
580.000000
-9.000000
-308.000000
196.000000
361.000000
-268.000000
-454.000000
325.000000
706.000000
-106.000000
-812.000000
-303.000000
451.000000
268.000000
-242.000000
-69.000000
347.000000
137.000000
-366.000000
-398.000000
-121.000000
-7.000000
147.000000
533.000000
576.000000
-101.000000
-769.000000
-592.000000
132.000000
498.000000
271.000000
-58.000000
-103.000000
62.000000
148.000000
-24.000000
-295.000000
-291.000000
63.000000
357.000000
277.000000
14.000000
-146.000000
-212.000000
-199.000000
-39.000000
43.000000
-242.000000
-484.000000
-8.000000
788.000000
731.000000
-203.000000
-694.000000
-199.000000
275.000000
80.000000
-57.000000
324.000000
465.000000
-19.000000
-277.000000
60.000000
51.000000
-599.000000
-634.000000
465.000000
1167.000000
372.000000
-609.000000
-320.000000
384.000000
49.000000
-685.000000
-344.000000
644.000000
735.000000
-27.000000
-282.000000
179.000000
269.000000
-285.000000
-559.000000
-124.000000
386.000000
484.000000
348.000000
132.000000
-203.000000
-419.000000
-266.000000
-39.000000
-56.000000
13.000000
473.000000
742.000000
187.000000
-622.000000
-661.000000
-65.000000
199.000000
-11.000000
-10.000000
251.000000
115.000000
-382.000000
-421.000000
73.000000
238.000000
-120.000000
-175.000000
259.000000
239.000000
-471.000000
-682.000000
182.000000
835.000000
198.000000
-719.000000
-500.000000
336.000000
392.000000
-178.000000
-217.000000
250.000000
247.000000
-205.000000
-260.000000
34.000000
-21.000000
-214.000000
126.000000
555.000000
185.000000
-493.000000
-367.000000
200.000000
65.000000
-412.000000
-38.000000
707.000000
335.000000
-739.000000
-654.000000
575.000000
920.000000
-158.000000
-832.000000
-106.000000
683.000000
388.000000
-217.000000
-173.000000
174.000000
279.000000
298.000000
247.000000
-217.000000
-720.000000
-406.000000
460.000000
657.000000
-11.000000
-454.000000
-154.000000
213.000000
135.000000
-118.000000
-306.000000
-435.000000
-277.000000
240.000000
519.000000
178.000000
-166.000000
-24.000000
31.000000
-380.000000
-457.000000
253.000000
687.000000
102.000000
-415.000000
75.000000
479.000000
-329.000000
-1226.000000
-665.000000
605.000000
874.000000
279.000000
50.000000
106.000000
-363.000000
-890.000000
-505.000000
282.000000
347.000000
37.000000
407.000000
1048.000000
651.000000
-651.000000
-1296.000000
-554.000000
631.000000
1045.000000
511.000000
-209.000000
-326.000000
109.000000
226.000000
-385.000000
-833.000000
-246.000000
629.000000
468.000000
-407.000000
-517.000000
326.000000
815.000000
321.000000
-418.000000
-763.000000
-702.000000
-97.000000
995.000000
1512.000000
603.000000
-697.000000
-798.000000
-104.000000
-199.000000
-886.000000
-433.000000
1210.000000
1901.000000
548.000000
-1242.000000
-1593.000000
-737.000000
2.000000
240.000000
459.000000
708.000000
512.000000
-157.000000
-645.000000
-531.000000
-200.000000
-172.000000
-199.000000
249.000000
812.000000
545.000000
-429.000000
-809.000000
-141.000000
358.000000
-200.000000
-893.000000
-557.000000
391.000000
824.000000
516.000000
-97.000000
-689.000000
-831.000000
-236.000000
360.000000
49.000000
-409.000000
292.000000
1218.000000
376.000000
-1342.000000
-1053.000000
954.000000
1255.000000
-694.000000
-1361.000000
548.000000
1686.000000
117.000000
-1290.000000
-310.000000
740.000000
-248.000000
-1181.000000
-66.000000
1088.000000
292.000000
-609.000000
234.000000
943.000000
-308.000000
-1530.000000
-604.000000
812.000000
560.000000
-199.000000
216.000000
672.000000
-131.000000
-799.000000
-94.000000
470.000000
-320.000000
-843.000000
194.000000
1075.000000
191.000000
-1026.000000
-760.000000
200.000000
360.000000
18.000000
2.000000
93.000000
99.000000
431.000000
743.000000
136.000000
-848.000000
-740.000000
227.000000
463.000000
-129.000000
-192.000000
425.000000
596.000000
159.000000
-148.000000
-393.000000
-873.000000
-797.000000
288.000000
1071.000000
557.000000
-69.000000
256.000000
393.000000
-592.000000
-1250.000000
-353.000000
748.000000
660.000000
283.000000
515.000000
386.000000
-486.000000
-616.000000
267.000000
254.000000
-856.000000
-578.000000
1419.000000
1828.000000
-621.000000
-2452.000000
-1131.000000
880.000000
734.000000
-257.000000
121.000000
929.000000
459.000000
-471.000000
-481.000000
-139.000000
-232.000000
-114.000000
464.000000
525.000000
43.000000
239.000000
918.000000
512.000000
-747.000000
-933.000000
-9.000000
155.000000
-511.000000
-211.000000
906.000000
700.000000
-841.000000
-1226.000000
187.000000
1105.000000
320.000000
-492.000000
49.000000
846.000000
488.000000
-495.000000
-681.000000
157.000000
826.000000
270.000000
-887.000000
-863.000000
667.000000
1554.000000
271.000000
-1347.000000
-913.000000
452.000000
179.000000
-1011.000000
-505.000000
1120.000000
980.000000
-756.000000
-1145.000000
187.000000
731.000000
-58.000000
-188.000000
684.000000
838.000000
44.000000
-385.000000
-442.000000
-702.000000
-191.000000
1358.000000
1419.000000
-1082.000000
-2486.000000
-58.000000
2541.000000
958.000000
-2238.000000
-2001.000000
506.000000
636.000000
-1198.000000
-1015.000000
874.000000
827.000000
-882.000000
-748.000000
1140.000000
1451.000000
-93.000000
-656.000000
203.000000
297.000000
-596.000000
-636.000000
317.000000
792.000000
612.000000
429.000000
-183.000000
-1344.000000
-1461.000000
180.000000
1587.000000
1076.000000
-188.000000
-564.000000
-344.000000
-227.000000
33.000000
392.000000
417.000000
660.000000
1432.000000
1068.000000
-1207.000000
-2394.000000
-78.000000
2554.000000
1387.000000
-1386.000000
-1020.000000
1288.000000
930.000000
-1355.000000
-1180.000000
808.000000
327.000000
-1897.000000
-1426.000000
1074.000000
959.000000
-1334.000000
-1089.000000
1467.000000
1545.000000
-962.000000
-1268.000000
1223.000000
2006.000000
-29.000000
-1083.000000
128.000000
709.000000
-224.000000
-369.000000
546.000000
365.000000
-780.000000
-698.000000
455.000000
738.000000
221.000000
48.000000
-366.000000
-1363.000000
-1117.000000
722.000000
1130.000000
-908.000000
-1706.000000
603.000000
2179.000000
428.000000
-1059.000000
672.000000
2231.000000
413.000000
-1593.000000
-308.000000
1508.000000
333.000000
-1543.000000
-861.000000
381.000000
-629.000000
-1715.000000
-50.000000
2171.000000
1709.000000
-146.000000
-618.000000
-222.000000
-431.000000
-400.000000
532.000000
789.000000
-201.000000
-527.000000
378.000000
558.000000
-299.000000
-9.000000
1557.000000
1744.000000
41.000000
-898.000000
-53.000000
598.000000
12.000000
-767.000000
-1332.000000
-1935.000000
-1605.000000
49.000000
871.000000
-325.000000
-984.000000
525.000000
1269.000000
-739.000000
-1990.000000
281.000000
2352.000000
560.000000
-1748.000000
-460.000000
1553.000000
167.000000
-1890.000000
-444.000000
1861.000000
732.000000
-1347.000000
-102.000000
1943.000000
298.000000
-2591.000000
-1754.000000
1080.000000
956.000000
-1240.000000
-1171.000000
813.000000
1211.000000
41.000000
-460.000000
-618.000000
-1213.000000
-369.000000
2368.000000
3249.000000
473.000000
-1808.000000
-396.000000
1416.000000
144.000000
-1672.000000
-724.000000
1034.000000
696.000000
-381.000000
-323.000000
-556.000000
-1732.000000
-1184.000000
1643.000000
2731.000000
226.000000
-1972.000000
-941.000000
609.000000
-68.000000
-1122.000000
-479.000000
371.000000
117.000000
220.000000
1225.000000
1281.000000
194.000000
118.000000
961.000000
240.000000
-1701.000000
-1763.000000
90.000000
685.000000
-426.000000
-588.000000
368.000000
15.000000
-1345.000000
-1095.000000
380.000000
599.000000
223.000000
1334.000000
1991.000000
-785.000000
-4148.000000
-2904.000000
1447.000000
2805.000000
592.000000
-271.000000
1144.000000
715.000000
-2016.000000
-2433.000000
625.000000
2539.000000
958.000000
-770.000000
-267.000000
103.000000
-1316.000000
-1895.000000
338.000000
2615.000000
1591.000000
-1445.000000
-2522.000000
-417.000000
2224.000000
2482.000000
406.000000
-1464.000000
-1293.000000
-12.000000
457.000000
176.000000
639.000000
1671.000000
1401.000000
-468.000000
-1862.000000
-1348.000000
239.000000
1480.000000
1564.000000
38.000000
-2265.000000
-2681.000000
58.000000
2933.000000
2319.000000
-440.000000
-1184.000000
340.000000
726.000000
-616.000000
-701.000000
943.000000
996.000000
-1523.000000
-3056.000000
-1403.000000
862.000000
1102.000000
518.000000
847.000000
919.000000
-599.000000
-2003.000000
-1132.000000
938.000000
1447.000000
-120.000000
-1779.000000
-1796.000000
-227.000000
1567.000000
1986.000000
603.000000
-1002.000000
-839.000000
782.000000
1519.000000
337.000000
-1038.000000
-824.000000
266.000000
438.000000
-406.000000
-898.000000
-560.000000
-225.000000
-214.000000
210.000000
1090.000000
1156.000000
-33.000000
-860.000000
-122.000000
668.000000
-345.000000
-1809.000000
-945.000000
1599.000000
2215.000000
14.000000
-1700.000000
-782.000000
731.000000
735.000000
470.000000
1331.000000
1722.000000
104.000000
-1798.000000
-1946.000000
-1310.000000
-1177.000000
-259.000000
2014.000000
2700.000000
62.000000
-2193.000000
-334.000000
2725.000000
1951.000000
-1213.000000
-1381.000000
1313.000000
1576.000000
-1569.000000
-3069.000000
-607.000000
1823.000000
1064.000000
-590.000000
-478.000000
169.000000
-171.000000
-219.000000
747.000000
735.000000
-976.000000
-1773.000000
-371.000000
509.000000
-928.000000
-1963.000000
-105.000000
2301.000000
2019.000000
236.000000
-121.000000
396.000000
-413.000000
-1530.000000
-384.000000
1914.000000
1687.000000
-1214.000000
-2775.000000
-921.000000
1543.000000
1528.000000
145.000000
315.000000
1842.000000
1796.000000
-575.000000
-2284.000000
-1097.000000
839.000000
313.000000
-1615.000000
-1213.000000
1561.000000
2633.000000
595.000000
-819.000000
813.000000
2342.000000
591.000000
-2016.000000
-1679.000000
383.000000
509.000000
-1144.000000
-1721.000000
-870.000000
-293.000000
-22.000000
661.000000
692.000000
-493.000000
-737.000000
953.000000
1510.000000
-948.000000
-2766.000000
-573.000000
2464.000000
1819.000000
-744.000000
-851.000000
743.000000
636.000000
-238.000000
997.000000
2612.000000
1097.000000
-1852.000000
-1935.000000
226.000000
642.000000
-887.000000
-1351.000000
-484.000000
-385.000000
-911.000000
-514.000000
181.000000
97.000000
518.000000
2163.000000
2548.000000
171.000000
-2195.000000
-2039.000000
-972.000000
-749.000000
-48.000000
1584.000000
1716.000000
-27.000000
-511.000000
805.000000
690.000000
-829.000000
194.000000
3019.000000
1830.000000
-3271.000000
-4662.000000
-228.000000
2449.000000
-600.000000
-3016.000000
-117.000000
3088.000000
2039.000000
456.000000
1567.000000
1484.000000
-1933.000000
-3345.000000
225.000000
3135.000000
1183.000000
-1267.000000
-395.000000
227.000000
-1989.000000
-2808.000000
101.000000
1871.000000
-194.000000
-1268.000000
1272.000000
2306.000000
-1008.000000
-3306.000000
-1079.000000
845.000000
-1033.000000
-2187.000000
642.000000
2601.000000
-181.000000
-3100.000000
-1353.000000
1946.000000
2221.000000
1011.000000
1242.000000
1362.000000
-420.000000
-1762.000000
-709.000000
537.000000
1.000000
-835.000000
-773.000000
-809.000000
-665.000000
1191.000000
3073.000000
1558.000000
-1910.000000
-2349.000000
329.000000
1167.000000
-943.000000
-1589.000000
703.000000
1829.000000
-101.000000
-1356.000000
409.000000
1962.000000
385.000000
-1979.000000
-1665.000000
639.000000
1854.000000
889.000000
-901.000000
-1880.000000
-1493.000000
-486.000000
-37.000000
-60.000000
693.000000
2061.000000
1992.000000
-41.000000
-1532.000000
-771.000000
332.000000
-286.000000
-1063.000000
354.000000
2509.000000
2074.000000
-605.000000
-1749.000000
-48.000000
1307.000000
-128.000000
-1893.000000
-509.000000
2499.000000
2453.000000
-968.000000
-2864.000000
-1048.000000
414.000000
-1287.000000
-2183.000000
1190.000000
4274.000000
1617.000000
-2914.000000
-2097.000000
1860.000000
1162.000000
-3100.000000
-2461.000000
3281.000000
4978.000000
258.000000
-2508.000000
374.000000
1783.000000
-1993.000000
-3857.000000
591.000000
4252.000000
1145.000000
-2978.000000
-1341.000000
2150.000000
1141.000000
-1649.000000
-677.000000
1788.000000
786.000000
-1419.000000
98.000000
3101.000000
1963.000000
-2185.000000
-3410.000000
-811.000000
1139.000000
618.000000
140.000000
839.000000
824.000000
-519.000000
-1194.000000
-290.000000
391.000000
-468.000000
-1315.000000
-134.000000
2051.000000
2115.000000
-580.000000
-2693.000000
-1580.000000
531.000000
94.000000
-1630.000000
-486.000000
3085.000000
3955.000000
532.000000
-2553.000000
-1819.000000
302.000000
546.000000
-221.000000
-12.000000
519.000000
121.000000
-626.000000
-1022.000000
-1325.000000
-1010.000000
759.000000
2461.000000
1732.000000
-510.000000
-1347.000000
-676.000000
-430.000000
-226.000000
1268.000000
2145.000000
-24.000000
-2822.000000
-2258.000000
347.000000
917.000000
-28.000000
698.000000
1848.000000
56.000000
-2635.000000
-1451.000000
2253.000000
2777.000000
-209.000000
-1625.000000
-82.000000
652.000000
-692.000000
-1064.000000
584.000000
1497.000000
419.000000
-557.000000
-10.000000
1007.000000
1245.000000
352.000000
-1402.000000
-2384.000000
-766.000000
1849.000000
1521.000000
-1609.000000
-2728.000000
-301.000000
1227.000000
-466.000000
-1380.000000
1052.000000
2773.000000
586.000000
-1675.000000
-54.000000
2318.000000
1112.000000
-1281.000000
-202.000000
2883.000000
2949.000000
-338.000000
-2652.000000
-1750.000000
357.000000
1099.000000
92.000000
-1246.000000
-1277.000000
-13.000000
537.000000
-677.000000
-1625.000000
-433.000000
1047.000000
350.000000
-1027.000000
-445.000000
702.000000
-310.000000
-1797.000000
-430.000000
2099.000000
1552.000000
-1092.000000
-1081.000000
1633.000000
2294.000000
-166.000000
-1352.000000
763.000000
2479.000000
807.000000
-1797.000000
-1668.000000
727.000000
2085.000000
798.000000
-1613.000000
-2618.000000
-1409.000000
300.000000
408.000000
-780.000000
-1126.000000
144.000000
1643.000000
2130.000000
1511.000000
-112.000000
-1984.000000
-2058.000000
235.000000
1777.000000
-70.000000
-2616.000000
-1697.000000
1245.000000
1554.000000
-466.000000
-347.000000
2098.000000
2325.000000
-468.000000
-1758.000000
126.000000
1285.000000
-264.000000
-1212.000000
331.000000
1114.000000
-1026.000000
-2824.000000
-1096.000000
1973.000000
2604.000000
914.000000
-522.000000
-708.000000
-298.000000
135.000000
88.000000
-736.000000
-1391.000000
-716.000000
528.000000
697.000000
-22.000000
-441.000000
-882.000000
-1900.000000
-1857.000000
526.000000
2650.000000
1403.000000
-1219.000000
-816.000000
2063.000000
2751.000000
334.000000
-1138.000000
187.000000
1382.000000
498.000000
-527.000000
-341.000000
-463.000000
-1394.000000
-1370.000000
-679.000000
-1962.000000
-4255.000000
-2638.000000
3239.000000
6391.000000
2585.000000
-2521.000000
-1873.000000
2234.000000
2705.000000
-735.000000
-2085.000000
489.000000
2415.000000
922.000000
-1271.000000
-1546.000000
-930.000000
-600.000000
228.000000
1363.000000
952.000000
-788.000000
-1105.000000
558.000000
1243.000000
-608.000000
-2589.000000
-2348.000000
-784.000000
361.000000
951.000000
997.000000
-96.000000
-1400.000000
-677.000000
1770.000000
2664.000000
817.000000
-636.000000
804.000000
2832.000000
1889.000000
-1341.000000
-2897.000000
-913.000000
2418.000000
3930.000000
2793.000000
541.000000
-1142.000000
-1981.000000
-2360.000000
-1927.000000
-353.000000
904.000000
-70.000000
-2275.000000
-2592.000000
-769.000000
-50.000000
-1402.000000
-1321.000000
1889.000000
4132.000000
1823.000000
-1828.000000
-1739.000000
1124.000000
2229.000000
1129.000000
738.000000
995.000000
-467.000000
-2597.000000
-2140.000000
-20.000000
-205.000000
-2233.000000
-1276.000000
3338.000000
5931.000000
2955.000000
-1763.000000
-3168.000000
-1927.000000
-1709.000000
-2827.000000
-2531.000000
-15.000000
2315.000000
2310.000000
459.000000
-1367.000000
-1920.000000
-969.000000
1087.000000
3079.000000
3218.000000
788.000000
-2223.000000
-2777.000000
-881.000000
-4.000000
-1713.000000
-2355.000000
1443.000000
5998.000000
4616.000000
-1948.000000
-5345.000000
-1609.000000
3063.000000
2081.000000
-1844.000000
-2240.000000
487.000000
851.000000
-1837.000000
-2789.000000
-353.000000
1720.000000
1425.000000
1444.000000
3112.000000
3385.000000
681.000000
-1460.000000
-193.000000
1513.000000
-164.000000
-3344.000000
-3576.000000
-1044.000000
267.000000
-805.000000
-1595.000000
-668.000000
447.000000
666.000000
725.000000
781.000000
-26.000000
-1125.000000
-639.000000
1443.000000
2835.000000
2255.000000
779.000000
-433.000000
-1415.000000
-2020.000000
-1552.000000
-230.000000
827.000000
1280.000000
1449.000000
809.000000
-1262.000000
-3455.000000
-3543.000000
-1362.000000
1202.000000
2934.000000
3836.000000
3496.000000
1416.000000
-1262.000000
-2768.000000
-3173.000000
-3488.000000
-2875.000000
213.000000
4193.000000
4990.000000
1453.000000
-2564.000000
-2881.000000
133.000000
2752.000000
2665.000000
1069.000000
319.000000
578.000000
-311.000000
-3449.000000
-6396.000000
-5678.000000
-1430.000000
2512.000000
3446.000000
2514.000000
1898.000000
1787.000000
1343.000000
538.000000
-432.000000
-1716.000000
-2594.000000
-1723.000000
217.000000
445.000000
-1738.000000
-3078.000000
-867.000000
2698.000000
3340.000000
607.000000
-1786.000000
-1142.000000
1165.000000
2176.000000
1124.000000
-278.000000
-527.000000
-165.000000
-649.000000
-2101.000000
-3108.000000
-2606.000000
-905.000000
1178.000000
2888.000000
3147.000000
1329.000000
-1123.000000
-1794.000000
-627.000000
35.000000
-558.000000
-340.000000
1496.000000
2366.000000
385.000000
-2218.000000
-2533.000000
-1315.000000
-847.000000
-706.000000
857.000000
2842.000000
2585.000000
196.000000
-1401.000000
-782.000000
513.000000
1011.000000
1285.000000
2277.000000
3404.000000
3199.000000
1131.000000
-1673.000000
-3313.000000
-2844.000000
-1094.000000
522.000000
1558.000000
2218.000000
2198.000000
1257.000000
270.000000
76.000000
-68.000000
-960.000000
-1261.000000
546.000000
2696.000000
1992.000000
-913.000000
-1822.000000
620.000000
2614.000000
1063.000000
-1620.000000
-1298.000000
1656.000000
3109.000000
1156.000000
-1660.000000
-2237.000000
-744.000000
369.000000
-160.000000
-1237.000000
-1397.000000
-691.000000
-77.000000
113.000000
104.000000
-232.000000
-891.000000
-855.000000
558.000000
1892.000000
1319.000000
31.000000
950.000000
3655.000000
4037.000000
512.000000
-2974.000000
-2765.000000
-1087.000000
-2150.000000
-5096.000000
-5453.000000
-2534.000000
-471.000000
-1522.000000
-2896.000000
-1859.000000
-57.000000
-225.000000
-1584.000000
-1647.000000
-643.000000
-701.000000
-1697.000000
-1462.000000
38.000000
274.000000
-1401.000000
-2281.000000
-809.000000
581.000000
-422.000000
-1770.000000
-370.000000
2256.000000
1839.000000
-1698.000000
-3748.000000
-2179.000000
-475.000000
-1688.000000
-3326.000000
-1682.000000
1778.000000
2620.000000
387.000000
-1201.000000
-486.000000
194.000000
-636.000000
-1115.000000
-7.000000
695.000000
-602.000000
-2028.000000
-1608.000000
-896.000000
-1950.000000
-2924.000000
-717.000000
3375.000000
4998.000000
3419.000000
2446.000000
4041.000000
5310.000000
3730.000000
1615.000000
2495.000000
5614.000000
7284.000000
6316.000000
4897.000000
4616.000000
4632.000000
4070.000000
3738.000000
4480.000000
5639.000000
6229.000000
6357.000000
6425.000000
6020.000000
4771.000000
3533.000000
3354.000000
3782.000000
3634.000000
3083.000000
3285.000000
3949.000000
3225.000000
664.000000
-1581.000000
-1671.000000
-548.000000
33.000000
344.000000
1506.000000
2691.000000
1926.000000
-755.000000
-3266.000000
-4321.000000
-4230.000000
-3239.000000
-1485.000000
-338.000000
-1158.000000
-2752.000000
-2944.000000
-2669.000000
-4965.000000
-9344.000000
-11250.000000
-8822.000000
-6215.000000
-7514.000000
-10880.000000
-12208.000000
-11618.000000
-12103.000000
-13752.000000
-13945.000000
-12384.000000
-11508.000000
-12117.000000
-12702.000000
-13234.000000
-15410.000000
-18359.000000
-18355.000000
-14491.000000
-10805.000000
-10469.000000
-11224.000000
-9622.000000
-6970.000000
-7093.000000
-9765.000000
-10689.000000
-7973.000000
-4664.000000
-3712.000000
-3734.000000
-1859.000000
1568.000000
3858.000000
4315.000000
4730.000000
5786.000000
5998.000000
5087.000000
5566.000000
8920.000000
12389.000000
12550.000000
10686.000000
10899.000000
13381.000000
14061.000000
11843.000000
11318.000000
15404.000000
19784.000000
19161.000000
15691.000000
15544.000000
19052.000000
20804.000000
19090.000000
18392.000000
21222.000000
24105.000000
24300.000000
24357.000000
26203.000000
26365.000000
22234.000000
18368.000000
20468.000000
26294.000000
28931.000000
26801.000000
23977.000000
22129.000000
19231.000000
15904.000000
15913.000000
19299.000000
21580.000000
21322.000000
21882.000000
23019.000000
17767.000000
2554.000000
-14882.000000
-23761.000000
-23205.000000
-20926.000000
-21127.000000
-20478.000000
-16381.000000
-12842.000000
-15128.000000
-22328.000000
-28792.000000
-31139.000000
-30467.000000
-28279.000000
-23934.000000
-17452.000000
-11942.000000
-10429.000000
-11789.000000
-12818.000000
-13190.000000
-14380.000000
-14225.000000
-8169.000000
2513.000000
9591.000000
8509.000000
4597.000000
3741.000000
2373.000000
-5769.000000
-16821.000000
-20192.000000
-13794.000000
-6672.000000
-5576.000000
-7725.000000
-9256.000000
-12276.000000
-19017.000000
-25878.000000
-28499.000000
-27746.000000
-26008.000000
-22301.000000
-16115.000000
-11853.000000
-13570.000000
-17925.000000
-17895.000000
-11917.000000
-4587.000000
584.000000
4479.000000
8673.000000
12419.000000
14209.000000
14028.000000
13322.000000
13835.000000
16448.000000
20511.000000
24595.000000
27786.000000
29274.000000
27378.000000
21242.000000
13410.000000
8273.000000
7698.000000
10360.000000
14777.000000
19813.000000
22585.000000
20068.000000
13766.000000
9194.000000
9632.000000
13249.000000
16869.000000
19307.000000
20544.000000
21047.000000
22349.000000
25047.000000
26409.000000
23639.000000
19043.000000
17825.000000
21238.000000
26225.000000
30617.000000
32767.000000
32767.000000
28559.000000
23702.000000
20860.000000
13478.000000
-3829.000000
-21164.000000
-22825.000000
-10990.000000
-4433.000000
-10550.000000
-15862.000000
-11236.000000
-8409.000000
-18800.000000
-31839.000000
-31444.000000
-22174.000000
-19708.000000
-23405.000000
-19206.000000
-6183.000000
819.000000
-4226.000000
-10615.000000
-10826.000000
-10190.000000
-11039.000000
-4657.000000
11581.000000
23812.000000
20358.000000
9625.000000
6651.000000
10330.000000
8128.000000
-1738.000000
-7723.000000
-3993.000000
1386.000000
242.000000
-4611.000000
-7354.000000
-9836.000000
-17003.000000
-26710.000000
-31923.000000
-31211.000000
-29811.000000
-30135.000000
-28186.000000
-21771.000000
-15961.000000
-15691.000000
-17504.000000
-14786.000000
-8225.000000
-4046.000000
-3251.000000
-466.000000
5887.000000
10280.000000
9410.000000
7486.000000
8538.000000
10209.000000
9750.000000
9847.000000
12826.000000
14644.000000
10956.000000
4641.000000
1026.000000
-174.000000
-1782.000000
-2402.000000
272.000000
3312.000000
3238.000000
3156.000000
7270.000000
11822.000000
10335.000000
4919.000000
2844.000000
4337.000000
4190.000000
3541.000000
8260.000000
15928.000000
17111.000000
11355.000000
9431.000000
16063.000000
22428.000000
20959.000000
16198.000000
14420.000000
13279.000000
9985.000000
10052.000000
17711.000000
24922.000000
21171.000000
9939.000000
4726.000000
10569.000000
19003.000000
21409.000000
19325.000000
19419.000000
23203.000000
24462.000000
15930.000000
-1635.000000
-17830.000000
-22772.000000
-18066.000000
-12998.000000
-10909.000000
-7328.000000
-2254.000000
-3592.000000
-13683.000000
-22774.000000
-23122.000000
-20287.000000
-21553.000000
-21998.000000
-13545.000000
-1036.000000
3651.000000
-737.000000
-5839.000000
-9044.000000
-14046.000000
-17469.000000
-9943.000000
7087.000000
19062.000000
17338.000000
9193.000000
3913.000000
70.000000
-6275.000000
-10516.000000
-6333.000000
2391.000000
6016.000000
2506.000000
-2008.000000
-4475.000000
-8724.000000
-17106.000000
-24917.000000
-26254.000000
-21603.000000
-16138.000000
-12593.000000
-9695.000000
-7279.000000
-8296.000000
-13267.000000
-16498.000000
-12507.000000
-4055.000000
1850.000000
4469.000000
8468.000000
12800.000000
9971.000000
-631.000000
-8421.000000
-6146.000000
248.000000
3246.000000
5941.000000
12944.000000
17604.000000
10948.000000
-2050.000000
-8457.000000
-6359.000000
-4529.000000
-5219.000000
-1549.000000
7569.000000
13729.000000
12611.000000
9102.000000
6344.000000
1856.000000
-2430.000000
1011.000000
11547.000000
17425.000000
12804.000000
6758.000000
8310.000000
12821.000000
11684.000000
6512.000000
4334.000000
5716.000000
7014.000000
8676.000000
12054.000000
12697.000000
6382.000000
-1336.000000
-855.000000
7586.000000
14096.000000
12975.000000
8912.000000
8304.000000
10825.000000
12415.000000
12435.000000
14002.000000
18370.000000
22303.000000
22518.000000
20541.000000
19328.000000
15822.000000
3537.000000
-14694.000000
-24528.000000
-17777.000000
-5569.000000
-3930.000000
-11731.000000
-15639.000000
-13223.000000
-15280.000000
-25018.000000
-31758.000000
-29441.000000
-25662.000000
-25783.000000
-22874.000000
-12092.000000
-1663.000000
467.000000
-1002.000000
109.000000
-242.000000
-5360.000000
-6704.000000
2723.000000
13840.000000
14911.000000
10566.000000
11672.000000
14263.000000
6747.000000
-7105.000000
-11905.000000
-5674.000000
-2084.000000
-6716.000000
-9579.000000
-5114.000000
-2295.000000
-8186.000000
-16188.000000
-18691.000000
-18907.000000
-21471.000000
-22073.000000
-15920.000000
-7962.000000
-5100.000000
-4882.000000
-1281.000000
3576.000000
3054.000000
-1795.000000
-2809.000000
3282.000000
10866.000000
13809.000000
11947.000000
8265.000000
4460.000000
1297.000000
233.000000
2169.000000
5584.000000
7589.000000
6955.000000
5233.000000
4386.000000
4083.000000
2524.000000
-525.000000
-3370.000000
-4812.000000
-4508.000000
-1367.000000
4748.000000
9608.000000
7983.000000
1800.000000
-695.000000
3683.000000
8695.000000
9108.000000
8419.000000
10893.000000
12905.000000
9585.000000
4247.000000
3052.000000
5048.000000
5757.000000
5902.000000
7804.000000
7914.000000
2756.000000
-2189.000000
-290.000000
3884.000000
2045.000000
-1900.000000
2701.000000
14178.000000
19831.000000
15865.000000
11140.000000
10357.000000
8947.000000
6555.000000
9689.000000
17507.000000
20712.000000
18397.000000
19173.000000
20932.000000
9063.000000
-16623.000000
-32768.000000
-26890.000000
-13459.000000
-13370.000000
-19963.000000
-15287.000000
-3677.000000
-5096.000000
-21418.000000
-32768.000000
-31655.000000
-25576.000000
-24106.000000
-21802.000000
-13057.000000
-3155.000000
1559.000000
2509.000000
2001.000000
-1715.000000
-6883.000000
-5693.000000
4342.000000
14633.000000
17168.000000
14780.000000
13751.000000
12824.000000
6886.000000
-2675.000000
-8648.000000
-7594.000000
-3341.000000
-1119.000000
-2102.000000
-4374.000000
-6750.000000
-10077.000000
-14950.000000
-19381.000000
-20263.000000
-17212.000000
-12974.000000
-9571.000000
-6427.000000
-2918.000000
355.000000
3709.000000
7907.000000
10521.000000
7832.000000
2277.000000
1793.000000
8396.000000
13895.000000
11674.000000
6105.000000
4216.000000
4649.000000
2642.000000
106.000000
1549.000000
4273.000000
2410.000000
-2123.000000
-2408.000000
1622.000000
3466.000000
949.000000
-2107.000000
-4123.000000
-6731.000000
-8204.000000
-4955.000000
600.000000
2457.000000
1123.000000
2376.000000
6174.000000
6533.000000
3060.000000
2386.000000
6261.000000
8275.000000
5373.000000
2995.000000
4882.000000
6752.000000
4814.000000
2594.000000
3982.000000
6276.000000
5498.000000
3065.000000
2135.000000
1987.000000
455.000000
-1889.000000
-3388.000000
-3537.000000
-1402.000000
3985.000000
9986.000000
12011.000000
10420.000000
10539.000000
14127.000000
16751.000000
15749.000000
14834.000000
17838.000000
22845.000000
24823.000000
19733.000000
5658.000000
-14052.000000
-28591.000000
-28509.000000
-18258.000000
-12003.000000
-15174.000000
-18873.000000
-14960.000000
-7072.000000
-2888.000000
-4700.000000
-11842.000000
-22927.000000
-31050.000000
-26953.000000
-12688.000000
-2023.000000
-1432.000000
-2081.000000
2494.000000
4630.000000
-764.000000
-1924.000000
11543.000000
27305.000000
26220.000000
12526.000000
7479.000000
15764.000000
19698.000000
9045.000000
-3705.000000
-4752.000000
1092.000000
1648.000000
-4082.000000
-9086.000000
-11235.000000
-13047.000000
-14530.000000
-14837.000000
-16576.000000
-21107.000000
-23211.000000
-17465.000000
-7386.000000
-1712.000000
-2890.000000
-4925.000000
-2452.000000
2945.000000
6455.000000
6587.000000
5858.000000
6282.000000
6549.000000
4725.000000
2372.000000
3138.000000
7034.000000
9588.000000
8351.000000
6495.000000
7130.000000
7839.000000
4942.000000
-113.000000
-3452.000000
-5052.000000
-7070.000000
-8439.000000
-6838.000000
-4068.000000
-3655.000000
-4740.000000
-4080.000000
-2247.000000
-1821.000000
-1600.000000
654.000000
2026.000000
-1153.000000
-4583.000000
-801.000000
8058.000000
12025.000000
8299.000000
4580.000000
5731.000000
7304.000000
5564.000000
4099.000000
5591.000000
5763.000000
1361.000000
-3142.000000
-2971.000000
-844.000000
-1199.000000
-2085.000000
744.000000
5975.000000
9241.000000
10074.000000
10510.000000
9846.000000
6768.000000
4690.000000
8632.000000
16924.000000
21608.000000
18840.000000
14981.000000
18591.000000
27345.000000
27737.000000
11436.000000
-11280.000000
-21689.000000
-16014.000000
-9041.000000
-11349.000000
-15197.000000
-11542.000000
-8361.000000
-16705.000000
-28105.000000
-25872.000000
-14234.000000
-13575.000000
-26288.000000
-31260.000000
-18053.000000
-3090.000000
-1432.000000
-4484.000000
-291.000000
4304.000000
335.000000
-1876.000000
9812.000000
23799.000000
21140.000000
8401.000000
8202.000000
21509.000000
26328.000000
14746.000000
4616.000000
7958.000000
12085.000000
3633.000000
-8882.000000
-11310.000000
-7259.000000
-9008.000000
-15831.000000
-17923.000000
-15382.000000
-17324.000000
-24727.000000
-28471.000000
-24647.000000
-19541.000000
-17284.000000
-13291.000000
-4202.000000
4338.000000
5754.000000
2519.000000
1615.000000
3737.000000
3949.000000
1608.000000
2375.000000
8923.000000
15870.000000
17480.000000
15529.000000
14630.000000
13625.000000
8294.000000
762.000000
-1556.000000
2965.000000
7358.000000
6472.000000
3342.000000
1927.000000
175.000000
-4787.000000
-10093.000000
-11463.000000
-9891.000000
-8603.000000
-7223.000000
-4394.000000
-2269.000000
-2451.000000
-1350.000000
3836.000000
8342.000000
6661.000000
2812.000000
4830.000000
11166.000000
12549.000000
7095.000000
3186.000000
5553.000000
8539.000000
6903.000000
4255.000000
5280.000000
7147.000000
5277.000000
2038.000000
2495.000000
5201.000000
4498.000000
259.000000
-1470.000000
2301.000000
7371.000000
9009.000000
8329.000000
9187.000000
11610.000000
12301.000000
11092.000000
12145.000000
16260.000000
16162.000000
5332.000000
-10095.000000
-16204.000000
-9614.000000
-2333.000000
-4051.000000
-8755.000000
-6995.000000
-2839.000000
-6304.000000
-14604.000000
-16086.000000
-11070.000000
-12424.000000
-23072.000000
-29177.000000
-21827.000000
-10644.000000
-7103.000000
-7667.000000
-4583.000000
-1477.000000
-4467.000000
-7197.000000
-290.000000
10576.000000
12220.000000
5823.000000
4694.000000
11514.000000
14843.000000
9990.000000
6464.000000
9699.000000
11151.000000
4660.000000
-1224.000000
2044.000000
7171.000000
2545.000000
-8383.000000
-12820.000000
-9180.000000
-8173.000000
-14464.000000
-20138.000000
-18535.000000
-13565.000000
-11034.000000
-9573.000000
-6038.000000
-3212.000000
-5084.000000
-8542.000000
-7115.000000
-1352.000000
1539.000000
-1058.000000
-2797.000000
2114.000000
10218.000000
14068.000000
12656.000000
11210.000000
12345.000000
13462.000000
13001.000000
12998.000000
13570.000000
10875.000000
4121.000000
-691.000000
1043.000000
4848.000000
3495.000000
-2146.000000
-5149.000000
-3529.000000
-2153.000000
-4022.000000
-6454.000000
-6953.000000
-6827.000000
-7244.000000
-6826.000000
-5058.000000
-3686.000000
-3114.000000
-1674.000000
127.000000
-765.000000
-4308.000000
-5887.000000
-2722.000000
2269.000000
5150.000000
5585.000000
4742.000000
2793.000000
925.000000
1786.000000
5235.000000
7420.000000
6687.000000
6426.000000
9125.000000
11824.000000
11050.000000
8399.000000
7213.000000
7291.000000
7205.000000
8446.000000
12237.000000
15249.000000
14067.000000
11703.000000
13328.000000
16709.000000
13897.000000
3175.000000
-7176.000000
-9537.000000
-6006.000000
-3411.000000
-3812.000000
-4757.000000
-5872.000000
-9095.000000
-12911.000000
-12626.000000
-8459.000000
-7932.000000
-15771.000000
-25211.000000
-25475.000000
-16355.000000
-8451.000000
-8438.000000
-11474.000000
-10901.000000
-8036.000000
-7038.000000
-6414.000000
-2974.000000
457.000000
-272.000000
-1484.000000
3377.000000
11415.000000
13167.000000
7998.000000
5741.000000
10599.000000
14324.000000
10347.000000
4630.000000
5188.000000
9064.000000
8579.000000
4371.000000
2611.000000
3264.000000
989.000000
-4201.000000
-6591.000000
-4893.000000
-4084.000000
-6139.000000
-6804.000000
-3787.000000
-1184.000000
-2514.000000
-5070.000000
-5062.000000
-3883.000000
-5051.000000
-8101.000000
-9663.000000
-8553.000000
-6120.000000
-2839.000000
1854.000000
6761.000000
9031.000000
7545.000000
4300.000000
2003.000000
1526.000000
1940.000000
2031.000000
1540.000000
1475.000000
3074.000000
5976.000000
7921.000000
6948.000000
3517.000000
-223.000000
-2675.000000
-3495.000000
-2816.000000
-1181.000000
131.000000
200.000000
-303.000000
-405.000000
-1030.000000
-3824.000000
-7658.000000
-8912.000000
-6366.000000
-3432.000000
-3661.000000
-6040.000000
-6990.000000
-5516.000000
-3730.000000
-3281.000000
-3940.000000
-5067.000000
-5844.000000
-4561.000000
-473.000000
3850.000000
4932.000000
3134.000000
2114.000000
3580.000000
5823.000000
7562.000000
9412.000000
10751.000000
9394.000000
6089.000000
5223.000000
8513.000000
11746.000000
10877.000000
7945.000000
7338.000000
9237.000000
10835.000000
11320.000000
11112.000000
8533.000000
2508.000000
-3082.000000
-3467.000000
-487.000000
-148.000000
-3047.000000
-3882.000000
-1165.000000
-181.000000
-3785.000000
-7292.000000
-6676.000000
-5597.000000
-8698.000000
-13016.000000
-12747.000000
-8961.000000
-7341.000000
-8515.000000
-8247.000000
-6288.000000
-7098.000000
-10986.000000
-12193.000000
-8243.000000
-4326.000000
-4800.000000
-6377.000000
-4280.000000
-70.000000
2049.000000
2623.000000
4649.000000
6884.000000
6004.000000
3819.000000
5458.000000
10518.000000
12694.000000
9493.000000
6166.000000
7530.000000
11190.000000
12267.000000
10462.000000
8449.000000
6665.000000
4143.000000
2198.000000
2757.000000
4200.000000
3023.000000
-844.000000
-4071.000000
-5059.000000
-5593.000000
-7205.000000
-9213.000000
-10857.000000
-12315.000000
-12828.000000
-10761.000000
-6659.000000
-3577.000000
-3064.000000
-3225.000000
-2217.000000
-1101.000000
-1346.000000
-1728.000000
-194.000000
2696.000000
4676.000000
5093.000000
5064.000000
5039.000000
4476.000000
3417.000000
2380.000000
1082.000000
-752.000000
-1797.000000
-667.000000
1153.000000
470.000000
-3112.000000
-6317.000000
-6655.000000
-5524.000000
-5548.000000
-6778.000000
-7301.000000
-6319.000000
-4779.000000
-3631.000000
-3120.000000
-3454.000000
-4729.000000
-6086.000000
-6008.000000
-3738.000000
15.000000
3668.000000
5801.000000
6041.000000
5324.000000
4939.000000
5031.000000
4660.000000
3482.000000
2409.000000
2128.000000
2079.000000
1674.000000
1396.000000
1724.000000
2055.000000
1870.000000
1895.000000
2737.000000
3574.000000
3901.000000
5277.000000
8909.000000
12392.000000
11969.000000
8050.000000
5316.000000
6569.000000
9424.000000
10463.000000
9802.000000
9431.000000
9429.000000
8620.000000
7436.000000
7066.000000
6521.000000
3544.000000
-1524.000000
-5523.000000
-6688.000000
-6722.000000
-7712.000000
-9104.000000
-9351.000000
-8976.000000
-9857.000000
-12009.000000
-13218.000000
-12304.000000
-10974.000000
-11258.000000
-12189.000000
-10892.000000
-6771.000000
-2588.000000
-607.000000
388.000000
2602.000000
5393.000000
6561.000000
6449.000000
7448.000000
9459.000000
9631.000000
7675.000000
7307.000000
10100.000000
11781.000000
8356.000000
2731.000000
521.000000
1604.000000
1382.000000
-922.000000
-1666.000000
-501.000000
-1718.000000
-6022.000000
-7861.000000
-4574.000000
-1952.000000
-5393.000000
-10758.000000
-10629.000000
-5885.000000
-3472.000000
-4851.000000
-4879.000000
-1918.000000
-720.000000
-3518.000000
-5881.000000
-4620.000000
-3089.000000
-4390.000000
-5362.000000
-2724.000000
-117.000000
-2517.000000
-7271.000000
-7886.000000
-4628.000000
-3859.000000
-7287.000000
-9401.000000
-6747.000000
-2875.000000
-1521.000000
-974.000000
1154.000000
2733.000000
1206.000000
-927.000000
280.000000
3718.000000
5252.000000
4542.000000
4911.000000
7189.000000
8543.000000
7581.000000
6179.000000
5466.000000
4071.000000
1627.000000
246.000000
666.000000
295.000000
-2603.000000
-5675.000000
-6064.000000
-4915.000000
-5292.000000
-7319.000000
-8507.000000
-7814.000000
-6348.000000
-4656.000000
-2288.000000
170.000000
1510.000000
2415.000000
4870.000000
8750.000000
11699.000000
12879.000000
14107.000000
16450.000000
18469.000000
19094.000000
19493.000000
20325.000000
19735.000000
16365.000000
12260.000000
10156.000000
9567.000000
8233.000000
5984.000000
4193.000000
2546.000000
-380.000000
-3930.000000
-6131.000000
-7379.000000
-9897.000000
-13336.000000
-14574.000000
-12700.000000
-10625.000000
-10384.000000
-10312.000000
-8775.000000
-7314.000000
-7423.000000
-7153.000000
-4197.000000
-138.000000
1957.000000
2508.000000
4249.000000
7158.000000
8472.000000
7440.000000
6208.000000
5742.000000
4588.000000
2464.000000
1438.000000
2141.000000
2021.000000
-643.000000
-3775.000000
-4771.000000
-4443.000000
-5164.000000
-6847.000000
-7561.000000
-6996.000000
-6580.000000
-6664.000000
-6113.000000
-4672.000000
-3580.000000
-3515.000000
-3629.000000
-3081.000000
-2210.000000
-1802.000000
-2089.000000
-2702.000000
-2905.000000
-2004.000000
-322.000000
565.000000
-556.000000
-2941.000000
-4782.000000
-5326.000000
-5180.000000
-5096.000000
-5579.000000
-7053.000000
-9020.000000
-9633.000000
-7783.000000
-5151.000000
-4303.000000
-5053.000000
-4877.000000
-2867.000000
-772.000000
336.000000
1744.000000
4320.000000
6548.000000
7027.000000
6963.000000
8072.000000
9641.000000
9858.000000
8888.000000
8236.000000
7832.000000
6218.000000
3453.000000
1426.000000
979.000000
708.000000
-794.000000
-3147.000000
-5299.000000
-6934.000000
-7987.000000
-8065.000000
-7302.000000
-6856.000000
-7460.000000
-8107.000000
-7209.000000
-4724.000000
-2191.000000
-688.000000
427.000000
2474.000000
5657.000000
8764.000000
10580.000000
11197.000000
11713.000000
12840.000000
14245.000000
15244.000000
15649.000000
15695.000000
15584.000000
15295.000000
14462.000000
12300.000000
8385.000000
3829.000000
820.000000
317.000000
922.000000
758.000000
-338.000000
-1377.000000
-2065.000000
-2752.000000
-3251.000000
-3267.000000
-3554.000000
-4921.000000
-6337.000000
-5925.000000
-3876.000000
-2375.000000
-2393.000000
-2596.000000
-2024.000000
-1592.000000
-1875.000000
-1572.000000
192.000000
1883.000000
1765.000000
647.000000
359.000000
713.000000
283.000000
-721.000000
-865.000000
-320.000000
-696.000000
-2019.000000
-2408.000000
-1243.000000
-336.000000
-1045.000000
-2205.000000
-2100.000000
-847.000000
359.000000
1012.000000
1091.000000
332.000000
-970.000000
-1418.000000
-266.000000
981.000000
180.000000
-2590.000000
-5088.000000
-5757.000000
-5376.000000
-5790.000000
-7839.000000
-10713.000000
-12740.000000
-12752.000000
-11124.000000
-9485.000000
-9032.000000
-9305.000000
-8971.000000
-7565.000000
-5942.000000
-5154.000000
-5327.000000
-5589.000000
-4812.000000
-2573.000000
337.000000
2540.000000
3458.000000
3799.000000
4468.000000
5452.000000
6114.000000
6141.000000
5716.000000
5146.000000
4725.000000
4608.000000
4350.000000
3109.000000
902.000000
-912.000000
-1235.000000
-944.000000
-1990.000000
-4866.000000
-7893.000000
-9146.000000
-8384.000000
-6903.000000
-6124.000000
-6514.000000
-7278.000000
-6927.000000
-4618.000000
-1266.000000
1057.000000
1137.000000
-114.000000
-545.000000
1164.000000
4318.000000
7020.000000
8127.000000
8275.000000
8723.000000
9537.000000
9688.000000
8871.000000
8138.000000
8365.000000
9221.000000
10275.000000
11829.000000
13656.000000
14246.000000
12833.000000
11052.000000
10690.000000
10700.000000
8787.000000
5493.000000
3934.000000
5287.000000
7271.000000
7863.000000
7771.000000
7932.000000
7239.000000
4826.000000
2417.000000
1881.000000
2066.000000
766.000000
-1362.000000
-1851.000000
-761.000000
-824.000000
-3081.000000
-5402.000000
-6077.000000
-6143.000000
-6844.000000
-7189.000000
-5887.000000
-3958.000000
-3313.000000
-3830.000000
-3838.000000
-2941.000000
-2339.000000
-2455.000000
-2082.000000
-369.000000
1739.000000
2793.000000
2650.000000
2195.000000
1854.000000
1330.000000
616.000000
302.000000
633.000000
911.000000
360.000000
-848.000000
-2011.000000
-3064.000000
-4555.000000
-6504.000000
-8057.000000
-8554.000000
-8262.000000
-7800.000000
-7448.000000
-7423.000000
-8134.000000
-9583.000000
-10961.000000
-11415.000000
-10858.000000
-9649.000000
-7953.000000
-6019.000000
-4550.000000
-4083.000000
-4261.000000
-4312.000000
-3972.000000
-3441.000000
-2811.000000
-2168.000000
-1852.000000
-1924.000000
-1719.000000
-755.000000
221.000000
18.000000
-1319.000000
-2587.000000
-3095.000000
-3222.000000
-3238.000000
-2735.000000
-1629.000000
-713.000000
-550.000000
-655.000000
-478.000000
-469.000000
-1319.000000
-2615.000000
-3178.000000
-2467.000000
-965.000000
595.000000
1702.000000
2011.000000
1575.000000
1053.000000
1118.000000
1741.000000
2468.000000
2995.000000
3095.000000
2560.000000
1849.000000
2071.000000
3471.000000
4739.000000
4779.000000
4259.000000
4290.000000
4691.000000
5072.000000
6312.000000
8887.000000
11013.000000
11045.000000
10676.000000
12612.000000
15921.000000
17317.000000
16548.000000
16217.000000
16308.000000
13879.000000
9191.000000
6849.000000
8745.000000
10860.000000
9923.000000
8262.000000
8464.000000
8109.000000
4548.000000
610.000000
-60.000000
134.000000
-3231.000000
-8258.000000
-9182.000000
-5793.000000
-3619.000000
-5097.000000
-7068.000000
-7482.000000
-8162.000000
-9603.000000
-9085.000000
-6087.000000
-4268.000000
-5466.000000
-6385.000000
-4070.000000
-567.000000
920.000000
912.000000
1486.000000
2283.000000
1997.000000
1493.000000
2215.000000
3245.000000
2917.000000
1975.000000
2300.000000
3494.000000
3263.000000
742.000000
-2599.000000
-5021.000000
-5939.000000
-5613.000000
-4759.000000
-4280.000000
-4485.000000
-4830.000000
-4976.000000
-5493.000000
-6947.000000
-8824.000000
-9960.000000
-9728.000000
-8585.000000
-7688.000000
-7870.000000
-8679.000000
-8868.000000
-8183.000000
-7711.000000
-7807.000000
-7086.000000
-4786.000000
-2648.000000
-2582.000000
-3768.000000
-4292.000000
-4391.000000
-5340.000000
-6130.000000
-4513.000000
-1100.000000
808.000000
-231.000000
-2260.000000
-3292.000000
-3423.000000
-3114.000000
-2080.000000
-740.000000
-371.000000
-945.000000
-967.000000
-166.000000
-155.000000
-1655.000000
-3158.000000
-3259.000000
-2468.000000
-1810.000000
-1317.000000
-735.000000
-277.000000
42.000000
592.000000
1269.000000
1635.000000
1937.000000
2745.000000
3795.000000
4561.000000
5502.000000
7065.000000
8133.000000
7527.000000
6460.000000
7141.000000
9397.000000
11122.000000
11691.000000
12239.000000
12927.000000
12884.000000
12778.000000
14312.000000
16946.000000
18213.000000
17583.000000
16775.000000
15878.000000
12891.000000
8066.000000
4913.000000
5197.000000
6432.000000
6268.000000
5947.000000
6878.000000
7096.000000
4408.000000
502.000000
-1686.000000
-2831.000000
-5491.000000
-8752.000000
-8931.000000
-5614.000000
-2950.000000
-3922.000000
-6780.000000
-8687.000000
-9718.000000
-10877.000000
-10825.000000
-7943.000000
-4253.000000
-3500.000000
-5493.000000
-5978.000000
-2953.000000
358.000000
587.000000
-903.000000
-922.000000
452.000000
1156.000000
1601.000000
3639.000000
6034.000000
5533.000000
2484.000000
861.000000
1845.000000
1925.000000
-984.000000
-3973.000000
-4212.000000
-3496.000000
-4485.000000
-5927.000000
-5524.000000
-4696.000000
-6187.000000
-8923.000000
-9714.000000
-8713.000000
-8715.000000
-9820.000000
-9386.000000
-7265.000000
-6620.000000
-8725.000000
-10972.000000
-11234.000000
-10597.000000
-10185.000000
-8714.000000
-5384.000000
-2386.000000
-1895.000000
-2686.000000
-2383.000000
-1407.000000
-1789.000000
-3085.000000
-2669.000000
22.000000
2423.000000
2647.000000
1797.000000
1384.000000
710.000000
-1345.000000
-3602.000000
-3992.000000
-2800.000000
-2133.000000
-2451.000000
-2164.000000
-953.000000
-831.000000
-2831.000000
-4990.000000
-5228.000000
-4238.000000
-3609.000000
-2896.000000
-981.000000
1078.000000
1385.000000
538.000000
841.000000
2563.000000
3840.000000
4131.000000
4838.000000
6342.000000
7421.000000
8139.000000
10139.000000
13141.000000
14369.000000
12999.000000
12063.000000
13852.000000
16358.000000
16823.000000
16184.000000
16811.000000
18119.000000
18077.000000
17323.000000
17507.000000
16760.000000
11759.000000
4280.000000
553.000000
2840.000000
6405.000000
6754.000000
5135.000000
4053.000000
2236.000000
-1646.000000
-4471.000000
-3359.000000
-1736.000000
-4332.000000
-8336.000000
-6847.000000
-352.000000
3084.000000
-99.000000
-4567.000000
-5861.000000
-6454.000000
-8346.000000
-7586.000000
-1914.000000
2970.000000
1733.000000
-1616.000000
-679.000000
2205.000000
436.000000
-4749.000000
-6102.000000
-2473.000000
316.000000
120.000000
649.000000
2409.000000
808.000000
-4673.000000
-8024.000000
-6444.000000
-4741.000000
-6468.000000
-7975.000000
-5629.000000
-2573.000000
-3289.000000
-6698.000000
-9443.000000
-11483.000000
-13639.000000
-13676.000000
-9855.000000
-5290.000000
-4086.000000
-5499.000000
-5937.000000
-4658.000000
-3785.000000
-4472.000000
-6292.000000
-8846.000000
-11239.000000
-11588.000000
-9380.000000
-6756.000000
-5565.000000
-5116.000000
-4443.000000
-4369.000000
-5323.000000
-5497.000000
-3463.000000
-608.000000
1095.000000
2013.000000
3572.000000
5535.000000
6299.000000
4975.000000
2133.000000
-593.000000
-1299.000000
509.000000
2979.000000
3953.000000
3432.000000
2528.000000
1080.000000
-1397.000000
-3573.000000
-3759.000000
-2558.000000
-1527.000000
-549.000000
889.000000
1582.000000
711.000000
-21.000000
560.000000
562.000000
-1068.000000
-1417.000000
1504.000000
4444.000000
4399.000000
4324.000000
7667.000000
11423.000000
11338.000000
9845.000000
11469.000000
14453.000000
14929.000000
15027.000000
18085.000000
20544.000000
18352.000000
16163.000000
18793.000000
19223.000000
9044.000000
-3963.000000
-5041.000000
3859.000000
7491.000000
2921.000000
1897.000000
6614.000000
4655.000000
-6958.000000
-13982.000000
-9402.000000
-5445.000000
-10503.000000
-13421.000000
-4400.000000
5844.000000
3834.000000
-4369.000000
-5664.000000
-2334.000000
-3970.000000
-6992.000000
-1378.000000
8948.000000
11230.000000
5451.000000
3171.000000
6828.000000
7020.000000
654.000000
-3646.000000
-627.000000
4093.000000
4881.000000
3779.000000
3853.000000
3451.000000
587.000000
-3400.000000
-6877.000000
-9552.000000
-10268.000000
-7959.000000
-4926.000000
-4564.000000
-6362.000000
-7521.000000
-8151.000000
-10057.000000
-11972.000000
-11177.000000
-8574.000000
-7161.000000
-6731.000000
-5022.000000
-2791.000000
-2771.000000
-4464.000000
-4597.000000
-2197.000000
662.000000
2317.000000
2410.000000
489.000000
-3164.000000
-6571.000000
-8389.000000
-9473.000000
-10111.000000
-8628.000000
-5110.000000
-3144.000000
-4815.000000
-7277.000000
-7378.000000
-6200.000000
-5688.000000
-4534.000000
-1369.000000
1332.000000
824.000000
-1258.000000
-1783.000000
-1020.000000
-850.000000
-728.000000
651.000000
2038.000000
1691.000000
611.000000
309.000000
-369.000000
-2595.000000
-3940.000000
-1330.000000
3791.000000
6826.000000
5814.000000
2979.000000
1131.000000
946.000000
1574.000000
2081.000000
2141.000000
2105.000000
2385.000000
2863.000000
3341.000000
4007.000000
4832.000000
5481.000000
6388.000000
8371.000000
10729.000000
12196.000000
14027.000000
18246.000000
22432.000000
21987.000000
18690.000000
19175.000000
22233.000000
17711.000000
3679.000000
-6328.000000
-2316.000000
6516.000000
6914.000000
2267.000000
3283.000000
6637.000000
1133.000000
-10266.000000
-14098.000000
-9720.000000
-9122.000000
-13786.000000
-12157.000000
-2628.000000
1380.000000
-5584.000000
-12042.000000
-10351.000000
-8014.000000
-10056.000000
-8031.000000
2796.000000
11435.000000
8457.000000
1594.000000
1705.000000
5275.000000
3667.000000
-584.000000
281.000000
5112.000000
7492.000000
6953.000000
6359.000000
4378.000000
-422.000000
-4170.000000
-4257.000000
-4565.000000
-7181.000000
-6911.000000
-1527.000000
1287.000000
-4273.000000
-11830.000000
-13241.000000
-11083.000000
-11338.000000
-11651.000000
-7213.000000
-1470.000000
-469.000000
-2267.000000
-1764.000000
-741.000000
-3332.000000
-6360.000000
-3793.000000
3002.000000
8042.000000
9976.000000
10702.000000
8791.000000
2299.000000
-5245.000000
-8809.000000
-8757.000000
-7951.000000
-6090.000000
-2760.000000
-1549.000000
-5037.000000
-9890.000000
-12194.000000
-12997.000000
-13759.000000
-12073.000000
-7214.000000
-3919.000000
-5030.000000
-6520.000000
-5326.000000
-5258.000000
-8968.000000
-11230.000000
-7369.000000
-1758.000000
-465.000000
-1744.000000
-1405.000000
-1285.000000
-4157.000000
-5983.000000
-2009.000000
4166.000000
5990.000000
4304.000000
4316.000000
6075.000000
5830.000000
3723.000000
2868.000000
3306.000000
3122.000000
2941.000000
3996.000000
4771.000000
4225.000000
4680.000000
7226.000000
8634.000000
7009.000000
5722.000000
7682.000000
10956.000000
13716.000000
17436.000000
21553.000000
22082.000000
19281.000000
18577.000000
19859.000000
15661.000000
5293.000000
-244.000000
5149.000000
12283.000000
11872.000000
8834.000000
10353.000000
10814.000000
2579.000000
-7347.000000
-7210.000000
-482.000000
274.000000
-4989.000000
-5145.000000
1397.000000
4067.000000
-1260.000000
-6520.000000
-6546.000000
-5819.000000
-6795.000000
-4586.000000
2008.000000
5696.000000
2527.000000
-1271.000000
-69.000000
2129.000000
-233.000000
-4374.000000
-4174.000000
40.000000
3047.000000
2738.000000
1182.000000
-137.000000
-1777.000000
-4187.000000
-6924.000000
-9180.000000
-9687.000000
-7603.000000
-4418.000000
-3081.000000
-4489.000000
-6720.000000
-8253.000000
-9607.000000
-11114.000000
-11357.000000
-9092.000000
-5155.000000
-1517.000000
542.000000
870.000000
-4.000000
-1367.000000
-2688.000000
-3328.000000
-2100.000000
1541.000000
5644.000000
7012.000000
5041.000000
2252.000000
239.000000
-2270.000000
-5982.000000
-8696.000000
-8595.000000
-7259.000000
-6869.000000
-6844.000000
-6049.000000
-5966.000000
-8350.000000
-11499.000000
-12357.000000
-11114.000000
-10323.000000
-10369.000000
-9336.000000
-7056.000000
-5870.000000
-6929.000000
-8564.000000
-9090.000000
-9040.000000
-9521.000000
-9931.000000
-8595.000000
-5083.000000
-1059.000000
1224.000000
1048.000000
-319.000000
-1289.000000
-1519.000000
-1351.000000
-510.000000
1372.000000
3440.000000
4359.000000
4144.000000
3741.000000
3131.000000
1761.000000
706.000000
2025.000000
5479.000000
8113.000000
7956.000000
6413.000000
5993.000000
7272.000000
9101.000000
10564.000000
11659.000000
12812.000000
14371.000000
16066.000000
16823.000000
15861.000000
13961.000000
12906.000000
13699.000000
15950.000000
18467.000000
19702.000000
18457.000000
15380.000000
12986.000000
12917.000000
13947.000000
13981.000000
12957.000000
12208.000000
12020.000000
11679.000000
11058.000000
10256.000000
8592.000000
5935.000000
4055.000000
4441.000000
5536.000000
4552.000000
1434.000000
-1404.000000
-2858.000000
-4135.000000
-6020.000000
-7563.000000
-7870.000000
-7329.000000
-6711.000000
-6481.000000
-7080.000000
-8589.000000
-10137.000000
-10821.000000
-10921.000000
-11162.000000
-11246.000000
-10327.000000
-8453.000000
-6548.000000
-5456.000000
-5762.000000
-7590.000000
-9724.000000
-10128.000000
-8380.000000
-6336.000000
-5489.000000
-5191.000000
-4572.000000
-4328.000000
-5201.000000
-6401.000000
-7141.000000
-7960.000000
-8970.000000
-8701.000000
-6544.000000
-4466.000000
-4366.000000
-5502.000000
-6461.000000
-7648.000000
-9588.000000
-10746.000000
-9622.000000
-7408.000000
-6114.000000
-5664.000000
-5253.000000
-5670.000000
-7495.000000
-8720.000000
-7285.000000
-4555.000000
-3175.000000
-2801.000000
-1271.000000
1062.000000
1717.000000
203.000000
-1602.000000
-2777.000000
-3860.000000
-4323.000000
-2935.000000
-743.000000
-469.000000
-2465.000000
-4181.000000
-4243.000000
-4200.000000
-5378.000000
-6641.000000
-6528.000000
-5535.000000
-4967.000000
-5066.000000
-5382.000000
-5656.000000
-5513.000000
-4446.000000
-2833.000000
-1809.000000
-1529.000000
-761.000000
1189.000000
3291.000000
4267.000000
4277.000000
4348.000000
5051.000000
6541.000000
9007.000000
12037.000000
14152.000000
14197.000000
13068.000000
12973.000000
14830.000000
17341.000000
19003.000000
20025.000000
21385.000000
22784.000000
22810.000000
20999.000000
18482.000000
16429.000000
15078.000000
14628.000000
15623.000000
17622.000000
18771.000000
17808.000000
15544.000000
13363.000000
11384.000000
9372.000000
8225.000000
8816.000000
10119.000000
10282.000000
9013.000000
7200.000000
4865.000000
1457.000000
-2204.000000
-4371.000000
-4690.000000
-4322.000000
-3899.000000
-3210.000000
-2807.000000
-3908.000000
-6493.000000
-9192.000000
-11132.000000
-12218.000000
-11911.000000
-9861.000000
-7674.000000
-7638.000000
-9405.000000
-10417.000000
-10058.000000
-10645.000000
-13263.000000
-15331.000000
-14164.000000
-10877.000000
-8680.000000
-8736.000000
-9736.000000
-10516.000000
-11030.000000
-11195.000000
-10636.000000
-9579.000000
-8742.000000
-8276.000000
-7770.000000
-7270.000000
-7357.000000
-8066.000000
-8470.000000
-7718.000000
-6105.000000
-4735.000000
-4228.000000
-4043.000000
-3289.000000
-2027.000000
-1239.000000
-1464.000000
-2029.000000
-2017.000000
-1433.000000
-899.000000
-597.000000
-179.000000
555.000000
1419.000000
2096.000000
2244.000000
1630.000000
506.000000
-490.000000
-1055.000000
-1454.000000
-1880.000000
-2178.000000
-2353.000000
-2669.000000
-3141.000000
-3751.000000
-5089.000000
-7554.000000
-9902.000000
-10254.000000
-8865.000000
-8082.000000
-8881.000000
-9480.000000
-8450.000000
-7107.000000
-7211.000000
-8137.000000
-8208.000000
-7329.000000
-6328.000000
-5024.000000
-3014.000000
-1208.000000
-448.000000
360.000000
2533.000000
4984.000000
5694.000000
5123.000000
5680.000000
8134.000000
10921.000000
12923.000000
14577.000000
16104.000000
16878.000000
16988.000000
17497.000000
18600.000000
19244.000000
19139.000000
19480.000000
20918.000000
22289.000000
22205.000000
20808.000000
19098.000000
17528.000000
16168.000000
15535.000000
16177.000000
17596.000000
18371.000000
17500.000000
